0 22 56
0 22 57
0.501 82 101
0.501 82 102
1.0019999999999998 26 63
1.0019999999999998 27 28
1.5029999999999997 11 12
1.5029999999999997 11 13
2.0039999999999996 6 7
2.0039999999999996 6 8
2.5049999999999994 185 186
2.5049999999999994 185 187
3.0059999999999993 9 13
3.0059999999999993 9 14
3.5069999999999992 63 64
3.5069999999999992 63 80
4.008 45 61
4.008 45 62
4.509 32 35
4.509 32 36
5.010000000000001 134 140
5.010000000000001 135 136
5.511000000000001 146 149
5.511000000000001 146 150
6.012000000000001 171 179
6.012000000000001 171 180
6.513000000000002 185 194
6.513000000000002 185 195
7.014000000000002 66 74
7.014000000000002 66 75
7.515000000000002 33 35
7.515000000000002 33 36
8.016000000000002 83 97
8.016000000000002 83 98
8.517000000000001 81 85
8.517000000000001 81 86
9.018 187 197
9.018 187 198
9.519 169 180
9.519 169 181
10.02 34 35
10.02 35 36
10.520999999999999 142 152
10.520999999999999 142 153
11.021999999999998 175 181
11.021999999999998 176 177
11.522999999999998 145 150
11.522999999999998 145 151
12.023999999999997 144 153
12.023999999999997 144 154
12.524999999999997 105 126
12.524999999999997 105 127
13.025999999999996 64 71
13.025999999999996 64 72
13.526999999999996 18 79
13.526999999999996 18 80
14.027999999999995 103 104
14.027999999999995 103 119
14.528999999999995 70 72
14.528999999999995 70 73
15.029999999999994 83 101
15.029999999999994 83 102
15.530999999999993 28 62
15.530999999999993 28 63
16.031999999999993 21 25
16.031999999999993 21 26
16.532999999999994 154 163
16.532999999999994 154 164
17.033999999999995 80 122
17.033999999999995 80 123
17.534999999999997 81 154
17.534999999999997 81 167
18.035999999999998 39 58
18.035999999999998 39 59
18.537 88 124
18.537 88 125
19.038 43 59
19.038 43 60
19.539 169 178
19.539 169 179
20.040000000000003 132 139
20.040000000000003 132 140
20.541000000000004 19 79
20.541000000000004 19 80
21.042000000000005 86 98
21.042000000000005 86 99
21.543000000000006 111 121
21.543000000000006 111 122
22.044000000000008 84 103
22.044000000000008 84 104
22.54500000000001 29 62
22.54500000000001 29 63
23.04600000000001 145 152
23.04600000000001 145 153
23.54700000000001 24 55
23.54700000000001 24 56
24.048000000000012 67 77
24.048000000000012 67 78
24.549000000000014 42 62
24.549000000000014 42 63
25.050000000000015 143 153
25.050000000000015 143 154
25.551000000000016 83 105
25.551000000000016 83 106
26.052000000000017 189 194
26.052000000000017 189 195
26.55300000000002 73 79
26.55300000000002 74 75
27.05400000000002 103 124
27.05400000000002 103 125
27.55500000000002 7 10
27.55500000000002 7 11
28.056000000000022 56 58
28.056000000000022 56 59
28.557000000000023 105 124
28.557000000000023 105 125
29.058000000000025 144 149
29.058000000000025 144 150
29.559000000000026 110 118
29.559000000000026 110 119
30.060000000000027 67 71
30.060000000000027 67 72
30.56100000000003 41 63
30.56100000000003 42 43
31.06200000000003 90 97
31.06200000000003 90 98
31.56300000000003 8 18
31.56300000000003 9 10
32.06400000000003 80 167
32.06400000000003 80 168
32.565000000000026 92 96
32.565000000000026 92 97
33.066000000000024 97 98
33.066000000000024 98 99
33.56700000000002 45 53
33.56700000000002 45 54
34.06800000000002 58 61
34.06800000000002 58 62
34.56900000000002 28 29
34.56900000000002 28 34
35.070000000000014 43 44
35.070000000000014 43 52
35.57100000000001 151 152
35.57100000000001 152 153
36.07200000000001 147 151
36.07200000000001 147 152
36.57300000000001 84 122
36.57300000000001 84 123
37.074000000000005 27 56
37.074000000000005 27 57
37.575 16 17
37.575 17 18
38.076 184 189
38.076 184 190
38.577 107 127
38.577 108 109
39.077999999999996 189 190
39.077999999999996 189 191
39.57899999999999 31 36
39.57899999999999 31 37
40.07999999999999 92 94
40.07999999999999 92 95
40.58099999999999 23 37
40.58099999999999 23 38
41.08199999999999 90 91
41.08199999999999 90 96
41.582999999999984 145 146
41.582999999999984 145 147
42.08399999999998 67 69
42.08399999999998 67 70
42.58499999999998 85 98
42.58499999999998 85 99
43.08599999999998 169 170
43.08599999999998 169 171
43.586999999999975 108 122
43.586999999999975 108 123
44.08799999999997 155 159
44.08799999999997 155 160
44.58899999999997 20 37
44.58899999999997 20 38
45.08999999999997 44 61
45.08999999999997 44 62
45.590999999999966 135 139
45.590999999999966 136 137
46.09199999999996 87 102
46.09199999999996 87 120
46.59299999999996 87 125
46.59299999999996 87 126
47.09399999999996 47 62
47.09399999999996 47 63
47.594999999999956 38 39
47.594999999999956 38 63
48.095999999999954 81 121
48.095999999999954 81 122
48.59699999999995 45 57
48.59699999999995 45 58
49.09799999999995 126 127
49.09799999999995 127 128
49.59899999999995 25 57
49.59899999999995 25 58
50.099999999999945 130 136
50.099999999999945 130 137
50.60099999999994 6 15
50.60099999999994 6 16
51.10199999999994 142 148
51.10199999999994 142 149
51.60299999999994 142 154
51.60299999999994 143 144
52.103999999999935 109 110
52.103999999999935 109 117
52.60499999999993 109 118
52.60499999999993 109 119
53.10599999999993 130 140
53.10599999999993 131 132
53.60699999999993 84 101
53.60699999999993 84 102
54.107999999999926 159 160
54.107999999999926 159 161
54.608999999999924 176 180
54.608999999999924 176 181
55.10999999999992 193 196
55.10999999999992 193 197
55.61099999999992 141 142
55.61099999999992 141 147
56.11199999999992 163 164
56.11199999999992 163 165
56.612999999999914 111 119
56.612999999999914 111 120
57.11399999999991 20 41
57.11399999999991 20 42
57.61499999999991 82 123
57.61499999999991 82 124
58.11599999999991 12 16
58.11599999999991 12 17
58.616999999999905 157 163
58.616999999999905 157 164
59.1179999999999 80 105
59.1179999999999 80 106
59.6189999999999 48 51
59.6189999999999 48 52
60.1199999999999 24 36
60.1199999999999 24 37
60.620999999999896 26 37
60.620999999999896 26 38
61.12199999999989 107 123
61.12199999999989 107 124
61.62299999999989 184 197
61.62299999999989 184 198
62.12399999999989 172 181
62.12399999999989 172 182
62.624999999999886 66 70
62.624999999999886 66 71
63.125999999999884 22 39
63.125999999999884 22 40
63.62699999999988 107 125
63.62699999999988 107 126
64.12799999999989 194 197
64.12799999999989 195 196
64.62899999999989 67 73
64.62899999999989 67 74
65.1299999999999 91 96
65.1299999999999 91 97
65.6309999999999 22 23
65.6309999999999 22 24
66.1319999999999 132 137
66.1319999999999 132 138
66.63299999999991 82 90
66.63299999999991 82 96
67.13399999999992 187 195
67.13399999999992 187 196
67.63499999999992 85 86
67.63499999999992 85 87
68.13599999999992 95 97
68.13599999999992 96 97
68.63699999999993 64 65
68.63699999999993 64 70
69.13799999999993 89 126
69.13799999999993 89 127
69.63899999999994 60 61
69.63899999999994 60 62
70.13999999999994 115 116
70.13999999999994 115 117
70.64099999999995 8 10
70.64099999999995 8 11
71.14199999999995 124 125
71.14199999999995 125 126
71.64299999999996 54 63
71.64299999999996 55 56
72.14399999999996 89 99
72.14399999999996 89 100
72.64499999999997 28 35
72.64499999999997 28 36
73.14599999999997 20 61
73.14599999999997 20 62
73.64699999999998 46 61
73.64699999999998 46 62
74.14799999999998 19 55
74.14799999999998 19 56
74.64899999999999 3 16
74.64899999999999 3 17
75.14999999999999 19 63
75.14999999999999 19 64
75.651 36 37
75.651 37 38
76.152 131 137
76.152 131 138
76.653 156 163
76.653 156 164
77.15400000000001 104 124
77.15400000000001 104 125
77.65500000000002 68 71
77.65500000000002 68 72
78.15600000000002 28 37
78.15600000000002 28 38
78.65700000000002 7 12
78.65700000000002 7 13
79.15800000000003 92 100
79.15800000000003 93 94
79.65900000000003 102 120
79.65900000000003 102 121
80.16000000000004 40 59
80.16000000000004 40 60
80.66100000000004 88 99
80.66100000000004 88 100
81.16200000000005 70 78
81.16200000000005 70 79
81.66300000000005 134 136
81.66300000000005 134 137
82.16400000000006 6 13
82.16400000000006 6 14
82.66500000000006 189 196
82.66500000000006 189 197
83.16600000000007 189 198
83.16600000000007 190 191
83.66700000000007 19 43
83.66700000000007 19 52
84.16800000000008 23 39
84.16800000000008 23 40
84.66900000000008 20 23
84.66900000000008 20 24
85.17000000000009 150 151
85.17000000000009 150 152
85.67100000000009 157 167
85.67100000000009 158 159
86.1720000000001 113 120
86.1720000000001 114 115
86.6730000000001 71 78
86.6730000000001 71 79
87.1740000000001 58 63
87.1740000000001 59 60
87.67500000000011 102 122
87.67500000000011 102 123
88.17600000000012 83 103
88.17600000000012 83 104
88.67700000000012 108 120
88.67700000000012 108 121
89.17800000000013 39 40
89.17800000000013 39 57
89.67900000000013 28 60
89.67900000000013 28 61
90.18000000000013 190 194
90.18000000000013 190 195
90.68100000000014 64 75
90.68100000000014 64 76
91.18200000000014 148 152
91.18200000000014 148 153
91.68300000000015 161 167
91.68300000000015 162 163
92.18400000000015 46 52
92.18400000000015 46 53
92.68500000000016 26 59
92.68500000000016 26 60
93.18600000000016 128 141
93.18600000000016 128 154
93.68700000000017 32 37
93.68700000000017 33 34
94.18800000000017 43 61
94.18800000000017 43 62
94.68900000000018 88 126
94.68900000000018 88 127
95.19000000000018 22 37
95.19000000000018 22 38
95.69100000000019 46 56
95.69100000000019 46 58
96.19200000000019 148 150
96.19200000000019 148 151
96.6930000000002 68 69
96.6930000000002 68 70
97.1940000000002 3 6
97.1940000000002 3 7
97.6950000000002 76 77
97.6950000000002 76 78
98.19600000000021 29 36
98.19600000000021 29 37
98.69700000000022 2 3
98.69700000000022 2 10
99.19800000000022 131 133
99.19800000000022 131 134
99.69900000000023 30 33
99.69900000000023 30 34
100.20000000000023 155 161
100.20000000000023 155 162
100.70100000000023 20 80
100.70100000000023 21 22
101.20200000000024 88 101
101.20200000000024 88 102
101.70300000000024 72 73
101.70300000000024 72 74
102.20400000000025 82 105
102.20400000000025 82 106
102.70500000000025 154 182
102.70500000000025 154 198
103.20600000000026 49 50
103.20600000000026 49 51
103.70700000000026 76 79
103.70700000000026 77 78
104.20800000000027 65 70
104.20800000000027 65 71
104.70900000000027 7 8
104.70900000000027 7 9
105.21000000000028 22 60
105.21000000000028 22 61
105.71100000000028 129 130
105.71100000000028 129 131
106.21200000000029 13 17
106.21200000000029 13 18
106.71300000000029 84 97
106.71300000000029 84 98
107.2140000000003 149 152
107.2140000000003 149 153
107.7150000000003 147 153
107.7150000000003 148 149
108.2160000000003 85 88
108.2160000000003 85 97
108.71700000000031 168 169
108.71700000000031 168 175
109.21800000000032 172 173
109.21800000000032 172 174
109.71900000000032 81 125
109.71900000000032 81 126
110.22000000000033 83 123
110.22000000000033 83 124
110.72100000000033 112 121
110.72100000000033 112 124
111.22200000000034 3 4
111.22200000000034 3 5
111.72300000000034 164 166
111.72300000000034 165 166
112.22400000000034 160 163
112.22400000000034 160 164
112.72500000000035 12 14
112.72500000000035 12 15
113.22600000000035 133 138
113.22600000000035 133 139
113.72700000000036 82 99
113.72700000000036 82 100
114.22800000000036 4 18
114.22800000000036 5 6
114.72900000000037 43 55
114.72900000000037 43 56
115.23000000000037 4 10
115.23000000000037 4 11
115.73100000000038 55 59
115.73100000000038 55 60
116.23200000000038 24 40
116.23200000000038 24 54
116.73300000000039 69 73
116.73300000000039 69 74
117.23400000000039 87 88
117.23400000000039 87 97
117.7350000000004 82 86
117.7350000000004 82 87
118.2360000000004 88 97
118.2360000000004 88 98
118.7370000000004 9 17
118.7370000000004 9 18
119.23800000000041 112 115
119.23800000000041 112 116
119.73900000000042 115 118
119.73900000000042 116 117
120.24000000000042 5 9
120.24000000000042 5 10
120.74100000000043 102 124
120.74100000000043 102 125
121.24200000000043 81 106
121.24200000000043 81 107
121.74300000000044 104 105
121.74300000000044 104 119
122.24400000000044 131 135
122.24400000000044 131 136
122.74500000000045 128 182
122.74500000000045 128 198
123.24600000000045 27 60
123.24600000000045 27 61
123.74700000000045 25 59
123.74700000000045 25 60
124.24800000000046 66 76
124.24800000000046 66 77
124.74900000000046 82 84
124.74900000000046 82 85
125.25000000000047 55 61
125.25000000000047 55 62
125.75100000000047 66 72
125.75100000000047 66 73
126.25200000000048 102 126
126.25200000000048 102 127
126.75300000000048 184 185
126.75300000000048 184 186
127.25400000000049 170 180
127.25400000000049 170 181
127.75500000000049 65 68
127.75500000000049 65 69
128.2560000000005 21 62
128.2560000000005 21 63
128.75700000000052 5 13
128.75700000000052 5 14
129.25800000000052 80 126
129.25800000000052 80 127
129.75900000000053 18 19
129.75900000000053 18 60
130.26000000000053 141 152
130.26000000000053 141 153
130.76100000000054 19 39
130.76100000000054 19 40
131.26200000000054 86 120
131.26200000000054 86 121
131.76300000000055 174 179
131.76300000000055 174 180
132.26400000000055 154 165
132.26400000000055 154 166
132.76500000000055 40 57
132.76500000000055 40 58
133.26600000000056 105 120
133.26600000000056 105 121
133.76700000000056 19 20
133.76700000000056 19 23
134.26800000000057 168 180
134.26800000000057 168 181
134.76900000000057 20 55
134.76900000000057 20 56
135.27000000000058 138 139
135.27000000000058 139 140
135.77100000000058 86 100
135.77100000000058 86 101
136.2720000000006 195 197
136.2720000000006 196 197
136.7730000000006 20 53
136.7730000000006 20 54
137.2740000000006 59 61
137.2740000000006 59 62
137.7750000000006 104 120
137.7750000000006 104 121
138.2760000000006 101 127
138.2760000000006 102 103
138.7770000000006 25 55
138.7770000000006 25 56
139.27800000000062 84 120
139.27800000000062 84 121
139.77900000000062 68 79
139.77900000000062 69 70
140.28000000000063 107 119
140.28000000000063 107 120
140.78100000000063 67 79
140.78100000000063 67 80
141.28200000000064 21 42
141.28200000000064 21 53
141.78300000000064 158 164
141.78300000000064 158 165
142.28400000000065 5 7
142.28400000000065 5 8
142.78500000000065 161 163
142.78500000000065 161 164
143.28600000000066 170 172
143.28600000000066 170 173
143.78700000000066 19 28
143.78700000000066 19 29
144.28800000000066 175 179
144.28800000000066 175 180
144.78900000000067 104 126
144.78900000000067 104 127
145.29000000000067 21 27
145.29000000000067 21 28
145.79100000000068 82 127
145.79100000000068 83 84
146.29200000000068 107 121
146.29200000000068 107 122
146.7930000000007 186 198
146.7930000000007 187 188
147.2940000000007 20 35
147.2940000000007 20 36
147.7950000000007 189 192
147.7950000000007 189 193
148.2960000000007 44 57
148.2960000000007 44 58
148.7970000000007 54 61
148.7970000000007 54 62
149.2980000000007 109 122
149.2980000000007 109 123
149.79900000000072 168 176
149.79900000000072 168 177
150.30000000000072 162 166
150.30000000000072 162 167
150.80100000000073 114 118
150.80100000000073 114 119
151.30200000000073 85 124
151.30200000000073 85 125
151.80300000000074 85 122
151.80300000000074 85 123
152.30400000000074 84 124
152.30400000000074 84 125
152.80500000000075 68 75
152.80500000000075 68 76
153.30600000000075 39 62
153.30600000000075 39 63
153.80700000000076 156 167
153.80700000000076 157 158
154.30800000000076 109 126
154.30800000000076 109 127
154.80900000000076 143 145
154.80900000000076 143 146
155.31000000000077 51 52
155.31000000000077 52 53
155.81100000000077 23 41
155.81100000000077 23 54
156.31200000000078 64 79
156.31200000000078 64 80
156.81300000000078 44 63
156.81300000000078 45 46
157.3140000000008 45 59
157.3140000000008 45 60
157.8150000000008 21 40
157.8150000000008 21 41
158.3160000000008 159 166
158.3160000000008 159 167
158.8170000000008 82 107
158.8170000000008 82 118
159.3180000000008 175 177
159.3180000000008 175 178
159.8190000000008 45 63
159.8190000000008 46 47
160.32000000000082 157 165
160.32000000000082 157 166
160.82100000000082 66 78
160.82100000000082 66 79
161.32200000000083 129 138
161.32200000000083 129 139
161.82300000000083 87 127
161.82300000000083 88 89
162.32400000000084 110 120
162.32400000000084 110 121
162.82500000000084 44 59
162.82500000000084 44 60
163.32600000000085 21 36
163.32600000000085 21 37
163.82700000000085 48 53
163.82700000000085 48 54
164.32800000000086 19 24
164.32800000000086 19 25
164.82900000000086 183 189
164.82900000000086 183 190
165.33000000000087 83 127
165.33000000000087 84 85
165.83100000000087 130 134
165.83100000000087 130 135
166.33200000000087 168 182
166.33200000000087 168 198
166.83300000000088 75 78
166.83300000000088 75 79
167.33400000000088 24 38
167.33400000000088 24 39
167.8350000000009 81 141
167.8350000000009 81 153
168.3360000000009 183 191
168.3360000000009 183 192
168.8370000000009 85 126
168.8370000000009 85 127
169.3380000000009 80 97
169.3380000000009 80 98
169.8390000000009 22 27
169.8390000000009 22 28
170.3400000000009 122 124
170.3400000000009 122 125
170.84100000000092 25 61
170.84100000000092 25 62
171.34200000000092 129 134
171.34200000000092 129 135
171.84300000000093 20 25
171.84300000000093 20 26
172.34400000000093 187 193
172.34400000000093 187 194
172.84500000000094 132 133
172.84500000000094 132 134
173.34600000000094 23 59
173.34600000000094 23 60
173.84700000000095 10 15
173.84700000000095 10 16
174.34800000000095 21 60
174.34800000000095 21 61
174.84900000000096 87 100
174.84900000000096 87 101
175.35000000000096 132 135
175.35000000000096 132 136
175.85100000000097 157 161
175.85100000000097 157 162
176.35200000000097 127 139
176.35200000000097 127 140
176.85300000000097 46 54
176.85300000000097 46 55
177.35400000000098 46 63
177.35400000000098 47 48
177.85500000000098 111 112
177.85500000000098 111 116
178.356000000001 20 57
178.356000000001 20 58
178.857000000001 42 58
178.857000000001 42 59
179.358000000001 103 120
179.358000000001 103 121
179.859000000001 27 39
179.859000000001 27 40
180.360000000001 106 124
180.360000000001 106 125
180.861000000001 174 181
180.861000000001 175 176
181.36200000000102 19 61
181.36200000000102 19 62
181.86300000000102 188 189
181.86300000000102 188 190
182.36400000000103 155 163
182.36400000000103 155 164
182.86500000000103 14 15
182.86500000000103 14 16
183.36600000000104 24 61
183.36600000000104 24 62
183.86700000000104 135 137
183.86700000000104 135 138
184.36800000000105 173 176
184.36800000000105 173 177
184.86900000000105 87 121
184.86900000000105 87 122
185.37000000000106 47 55
185.37000000000106 47 61
185.87100000000106 13 15
185.87100000000106 13 16
186.37200000000107 129 132
186.37200000000107 129 133
186.87300000000107 2 13
186.87300000000107 2 14
187.37400000000108 127 182
187.37400000000108 127 198
187.87500000000108 172 177
187.87500000000108 172 178
188.37600000000108 106 107
188.37600000000108 106 119
188.8770000000011 27 35
188.8770000000011 27 36
189.3780000000011 144 145
189.3780000000011 144 146
189.8790000000011 158 162
189.8790000000011 158 163
190.3800000000011 24 26
190.3800000000011 24 35
190.8810000000011 22 35
190.8810000000011 22 36
191.3820000000011 26 61
191.3820000000011 26 62
191.88300000000112 41 61
191.88300000000112 41 62
192.38400000000112 3 14
192.38400000000112 3 15
192.88500000000113 121 124
192.88500000000113 121 125
193.38600000000113 56 62
193.38600000000113 56 63
193.88700000000114 113 114
193.88700000000114 113 115
194.38800000000114 6 9
194.38800000000114 6 10
194.88900000000115 23 26
194.88900000000115 23 27
195.39000000000115 64 73
195.39000000000115 64 74
195.89100000000116 70 76
195.89100000000116 70 77
196.39200000000116 3 12
196.39200000000116 3 13
196.89300000000117 19 57
196.89300000000117 19 58
197.39400000000117 141 148
197.39400000000117 141 149
197.89500000000118 83 121
197.89500000000118 83 122
198.39600000000118 29 34
198.39600000000118 29 35
198.89700000000119 68 73
198.89700000000119 68 74
199.3980000000012 173 180
199.3980000000012 173 181
199.8990000000012 21 38
199.8990000000012 21 39
200.4000000000012 101 102
200.4000000000012 101 122
200.9010000000012 184 187
200.9010000000012 184 188
201.4020000000012 94 96
201.4020000000012 94 97
201.9030000000012 172 175
201.9030000000012 172 176
202.40400000000122 178 181
202.40400000000122 179 180
202.90500000000122 84 88
202.90500000000122 84 89
203.40600000000123 128 137
203.40600000000123 128 138
203.90700000000123 21 54
203.90700000000123 21 55
204.40800000000124 117 118
204.40800000000124 118 119
204.90900000000124 4 6
204.90900000000124 4 7
205.41000000000125 42 56
205.41000000000125 42 57
205.91100000000125 87 123
205.91100000000125 87 124
206.41200000000126 73 75
206.41200000000126 73 76
206.91300000000126 26 57
206.91300000000126 26 58
207.41400000000127 191 195
207.41400000000127 191 196
207.91500000000127 5 17
207.91500000000127 5 18
208.41600000000128 101 123
208.41600000000128 101 124
208.91700000000128 169 182
208.91700000000128 170 171
209.41800000000129 30 35
209.41800000000129 30 36
209.9190000000013 88 122
209.9190000000013 88 123
210.4200000000013 20 59
210.4200000000013 20 60
210.9210000000013 177 178
210.9210000000013 177 179
211.4220000000013 140 141
211.4220000000013 140 198
211.9230000000013 5 15
211.9230000000013 5 16
212.4240000000013 109 120
212.4240000000013 109 121
212.92500000000132 6 11
212.92500000000132 6 12
213.42600000000132 82 121
213.42600000000132 82 122
213.92700000000133 155 165
213.92700000000133 155 166
214.42800000000133 72 79
214.42800000000133 73 74
214.92900000000134 89 97
214.92900000000134 89 98
215.43000000000134 10 13
215.43000000000134 10 14
215.93100000000135 185 188
215.93100000000135 185 189
216.43200000000135 112 117
216.43200000000135 112 118
216.93300000000136 78 79
216.93300000000136 79 80
217.43400000000136 183 187
217.43400000000136 183 188
217.93500000000137 143 149
217.93500000000137 143 150
218.43600000000137 183 193
218.43600000000137 183 194
218.93700000000138 89 90
218.93700000000138 89 96
219.43800000000138 170 182
219.43800000000138 171 172
219.93900000000139 185 198
219.93900000000139 186 187
220.4400000000014 80 101
220.4400000000014 80 102
220.9410000000014 129 136
220.9410000000014 129 137
221.4420000000014 69 75
221.4420000000014 69 76
221.9430000000014 26 55
221.9430000000014 26 56
222.4440000000014 7 16
222.4440000000014 7 17
222.94500000000141 18 61
222.94500000000141 18 62
223.44600000000142 40 63
223.44600000000142 41 42
223.94700000000142 187 191
223.94700000000142 187 192
224.44800000000143 161 165
224.44800000000143 161 166
224.94900000000143 44 53
224.94900000000143 44 54
225.45000000000144 80 153
225.45000000000144 80 154
225.95100000000144 23 35
225.95100000000144 23 36
226.45200000000145 65 78
226.45200000000145 65 79
226.95300000000145 86 124
226.95300000000145 86 125
227.45400000000146 25 35
227.45400000000146 25 36
227.95500000000146 142 150
227.95500000000146 142 151
228.45600000000147 67 75
228.45600000000147 67 76
228.95700000000147 178 179
228.95700000000147 178 180
229.45800000000148 28 39
229.45800000000148 28 59
229.95900000000148 44 55
229.95900000000148 44 56
230.4600000000015 91 92
230.4600000000015 91 95
230.9610000000015 25 37
230.9610000000015 25 38
231.4620000000015 42 52
231.4620000000015 42 53
231.9630000000015 20 63
231.9630000000015 20 64
232.4640000000015 192 196
232.4640000000015 192 197
232.9650000000015 65 74
232.9650000000015 65 75
233.46600000000151 160 167
233.46600000000151 161 162
233.96700000000152 184 191
233.96700000000152 184 192
234.46800000000152 19 37
234.46800000000152 19 38
234.96900000000153 75 76
234.96900000000153 75 77
235.47000000000153 44 51
235.47000000000153 44 52
235.97100000000154 103 122
235.97100000000154 103 123
236.47200000000154 24 63
236.47200000000154 25 26
236.97300000000155 186 188
236.97300000000155 186 189
237.47400000000155 5 11
237.47400000000155 5 12
237.97500000000156 128 139
237.97500000000156 128 140
238.47600000000156 21 58
238.47600000000156 21 59
238.97700000000157 128 129
238.97700000000157 128 134
239.47800000000157 170 174
239.47800000000157 170 175
239.97900000000158 154 167
239.97900000000158 154 168
240.48000000000158 68 77
240.48000000000158 68 78
240.9810000000016 184 195
240.9810000000016 184 196
241.4820000000016 197 198
241.4820000000016 198 199
241.9830000000016 130 138
241.9830000000016 130 139
242.4840000000016 29 30
242.4840000000016 29 33
242.9850000000016 194 195
242.9850000000016 194 196
243.4860000000016 81 102
243.4860000000016 81 103
243.98700000000161 25 63
243.98700000000161 26 27
244.48800000000162 185 196
244.48800000000162 185 197
244.98900000000162 166 167
244.98900000000162 167 168
245.49000000000163 7 18
245.49000000000163 8 9
245.99100000000163 81 91
245.99100000000163 81 95
246.49200000000164 43 63
246.49200000000164 44 45
246.99300000000164 134 138
246.99300000000164 134 139
247.49400000000165 177 180
247.49400000000165 177 181
247.99500000000165 171 173
247.99500000000165 171 174
248.49600000000166 158 166
248.49600000000166 158 167
248.99700000000166 171 175
248.99700000000166 171 176
249.49800000000167 27 62
249.49800000000167 27 63
249.99900000000167 130 132
249.99900000000167 130 133
250.50000000000168 80 90
250.50000000000168 80 91
251.00100000000168 15 16
251.00100000000168 15 17
251.5020000000017 81 198
251.5020000000017 82 83
252.0030000000017 170 176
252.0030000000017 170 177
252.5040000000017 185 192
252.5040000000017 185 193
253.0050000000017 43 53
253.0050000000017 43 54
253.5060000000017 47 53
253.5060000000017 47 54
254.0070000000017 72 77
254.0070000000017 72 78
254.50800000000172 163 166
254.50800000000172 164 165
255.00900000000172 168 178
255.00900000000172 168 179
255.51000000000172 23 63
255.51000000000172 24 25
256.0110000000017 90 101
256.0110000000017 90 125
256.51200000000165 12 18
256.51200000000165 13 14
257.0130000000016 2 11
257.0130000000016 2 12
257.5140000000016 41 57
257.5140000000016 41 58
258.0150000000016 99 100
258.0150000000016 100 101
258.51600000000155 182 195
258.51600000000155 182 196
259.01700000000153 82 125
259.01700000000153 82 126
259.5180000000015 106 126
259.5180000000015 106 127
260.0190000000015 61 62
260.0190000000015 62 63
260.52000000000146 80 120
260.52000000000146 80 121
261.02100000000144 21 34
261.02100000000144 21 35
261.5220000000014 141 154
261.5220000000014 141 182
262.0230000000014 39 60
262.0230000000014 39 61
262.52400000000137 4 12
262.52400000000137 4 13
263.02500000000134 143 151
263.02500000000134 143 152
263.5260000000013 64 77
263.5260000000013 64 78
264.0270000000013 80 140
264.0270000000013 80 141
264.52800000000127 190 198
264.52800000000127 191 192
265.02900000000125 185 190
265.02900000000125 185 191
265.5300000000012 81 87
265.5300000000012 81 88
266.0310000000012 31 34
266.0310000000012 31 35
266.5320000000012 41 55
266.5320000000012 41 56
267.03300000000115 27 37
267.03300000000115 27 38
267.53400000000113 112 119
267.53400000000113 112 120
268.0350000000011 172 179
268.0350000000011 172 180
268.5360000000011 57 62
268.5360000000011 57 63
269.03700000000106 143 147
269.03700000000106 143 148
269.53800000000103 65 76
269.53800000000103 65 77
270.039000000001 144 151
270.039000000001 144 152
270.540000000001 48 49
270.540000000001 48 50
271.04100000000096 108 118
271.04100000000096 108 119
271.54200000000094 7 14
271.54200000000094 7 15
272.0430000000009 83 87
272.0430000000009 83 88
272.5440000000009 66 80
272.5440000000009 67 68
273.04500000000087 4 16
273.04500000000087 4 17
273.54600000000084 69 71
273.54600000000084 69 72
274.0470000000008 57 58
274.0470000000008 57 59
274.5480000000008 21 56
274.5480000000008 21 57
275.0490000000008 119 120
275.0490000000008 120 121
275.55000000000075 66 68
275.55000000000075 66 69
276.0510000000007 170 178
276.0510000000007 170 179
276.5520000000007 32 33
276.5520000000007 32 34
277.0530000000007 47 51
277.0530000000007 47 52
277.55400000000066 2 17
277.55400000000066 2 18
278.05500000000063 128 135
278.05500000000063 128 136
278.5560000000006 24 59
278.5560000000006 24 60
279.0570000000006 93 97
279.0570000000006 93 98
279.55800000000056 40 61
279.55800000000056 40 62
280.05900000000054 187 189
280.05900000000054 187 190
280.5600000000005 173 178
280.5600000000005 173 179
281.0610000000005 83 99
281.0610000000005 83 100
281.56200000000047 70 74
281.56200000000047 70 75
282.06300000000044 86 122
282.06300000000044 86 123
282.5640000000004 141 150
282.5640000000004 141 151
283.0650000000004 111 123
283.0650000000004 111 124
283.5660000000004 81 96
283.5660000000004 81 97
284.06700000000035 149 150
284.06700000000035 149 151
284.5680000000003 180 181
284.5680000000003 181 182
285.0690000000003 22 62
285.0690000000003 22 63
285.5700000000003 127 141
285.5700000000003 127 154
286.07100000000025 146 151
286.07100000000025 146 152
286.57200000000023 160 165
286.57200000000023 160 166
287.0730000000002 69 79
287.0730000000002 70 71
287.5740000000002 85 120
287.5740000000002 85 121
288.07500000000016 74 78
288.07500000000016 74 79
288.57600000000014 121 122
288.57600000000014 121 123
289.0770000000001 83 125
289.0770000000001 83 126
289.5780000000001 94 98
289.5780000000001 95 96
290.07900000000006 81 108
290.07900000000006 81 118
290.58000000000004 133 134
290.58000000000004 133 135
291.081 159 162
291.081 159 163
291.582 8 16
291.582 8 17
292.08299999999997 82 119
292.08299999999997 82 120
292.58399999999995 22 25
292.58399999999995 22 26
293.0849999999999 104 122
293.0849999999999 104 123
293.5859999999999 58 59
293.5859999999999 58 60
294.0869999999999 72 75
294.0869999999999 72 76
294.58799999999985 137 138
294.58799999999985 137 139
295.0889999999998 0 1
295.0889999999998 1 2
295.5899999999998 3 10
295.5899999999998 3 11
296.0909999999998 11 18
296.0909999999998 12 13
296.59199999999976 155 167
296.59199999999976 155 168
297.09299999999973 176 178
297.09299999999973 176 179
297.5939999999997 89 124
297.5939999999997 89 125
298.0949999999997 192 194
298.0949999999997 192 195
298.59599999999966 71 72
298.59599999999966 71 73
299.09699999999964 82 103
299.09699999999964 82 104
299.5979999999996 122 126
299.5979999999996 123 124
300.0989999999996 191 197
300.0989999999996 192 193
300.59999999999957 86 126
300.59999999999957 86 127
301.10099999999954 4 14
301.10099999999954 4 15
301.6019999999995 144 147
301.6019999999995 144 148
302.1029999999995 186 194
302.1029999999995 186 195
302.6039999999995 31 32
302.6039999999995 31 33
303.10499999999945 20 21
303.10499999999945 20 22
303.6059999999994 147 149
303.6059999999994 147 150
304.1069999999994 106 122
304.1069999999994 106 123
304.6079999999994 9 15
304.6079999999994 9 16
305.10899999999936 27 58
305.10899999999936 27 59
305.60999999999933 169 174
305.60999999999933 169 175
306.1109999999993 43 57
306.1109999999993 43 58
306.6119999999993 87 98
306.6119999999993 87 99
307.11299999999926 156 157
307.11299999999926 156 158
307.61399999999924 190 196
307.61399999999924 190 197
308.1149999999992 173 174
308.1149999999992 173 175
308.6159999999992 53 54
308.6159999999992 54 55
309.11699999999917 23 61
309.11699999999917 23 62
309.61799999999914 74 76
309.61799999999914 74 77
310.1189999999991 81 168
310.1189999999991 81 182
310.6199999999991 89 122
310.6199999999991 89 123
311.12099999999907 26 39
311.12099999999907 26 40
311.62199999999905 29 38
311.62199999999905 29 39
312.122999999999 109 124
312.122999999999 109 125
312.623999999999 6 17
312.623999999999 6 18
313.124999999999 25 39
313.124999999999 25 40
313.62599999999895 55 63
313.62599999999895 56 57
314.12699999999893 21 23
314.12699999999893 21 24
314.6279999999989 80 118
314.6279999999989 80 119
315.1289999999989 120 125
315.1289999999989 120 126
315.62999999999886 112 125
315.62999999999886 112 126
316.13099999999883 80 124
316.13099999999883 80 125
316.6319999999988 108 126
316.6319999999988 108 127
317.1329999999988 186 192
317.1329999999988 186 193
317.63399999999876 42 54
317.63399999999876 42 55
318.13499999999874 91 100
318.13499999999874 92 93
318.6359999999987 41 53
318.6359999999987 41 54
319.1369999999987 193 194
319.1369999999987 193 195
319.63799999999867 113 116
319.63799999999867 113 117
320.13899999999865 49 52
320.13899999999865 49 53
320.6399999999986 84 105
320.6399999999986 84 119
321.1409999999986 73 77
321.1409999999986 73 78
321.6419999999986 131 139
321.6419999999986 131 140
322.14299999999855 80 107
322.14299999999855 80 108
322.6439999999985 86 87
322.6439999999985 86 97
323.1449999999985 183 195
323.1449999999985 183 196
323.6459999999985 191 193
323.6459999999985 191 194
324.14699999999846 142 144
324.14699999999846 142 145
324.64799999999843 85 102
324.64799999999843 85 103
325.1489999999984 93 95
325.1489999999984 93 96
325.6499999999984 146 147
325.6499999999984 146 148
326.15099999999836 90 99
326.15099999999836 90 100
326.65199999999834 81 127
326.65199999999834 81 140
327.1529999999983 10 11
327.1529999999983 10 12
327.6539999999983 188 191
327.6539999999983 188 192
328.15499999999827 107 108
328.15499999999827 107 118
328.65599999999824 133 136
328.65599999999824 133 137
329.1569999999982 171 177
329.1569999999982 171 178
329.6579999999982 19 59
329.6579999999982 19 60
330.1589999999982 80 181
330.1589999999982 80 182
330.65999999999815 20 43
330.65999999999815 20 52
331.1609999999981 88 120
331.1609999999981 88 121
331.6619999999981 18 63
331.6619999999981 18 64
332.1629999999981 142 146
332.1629999999981 142 147
332.66399999999805 111 125
332.66399999999805 111 126
333.16499999999803 85 104
333.16499999999803 85 119
333.665999999998 82 88
333.665999999998 82 89
334.166999999998 40 55
334.166999999998 40 56
334.66799999999796 81 83
334.66799999999796 81 84
335.16899999999794 23 24
335.16899999999794 23 25
335.6699999999979 24 57
335.6699999999979 24 58
336.1709999999979 83 119
336.1709999999979 83 120
336.67199999999787 41 59
336.67199999999787 41 60
337.17299999999784 65 72
337.17299999999784 65 73
337.6739999999978 105 122
337.6739999999978 105 123
338.1749999999978 57 60
338.1749999999978 57 61
338.67599999999777 20 29
338.67599999999777 20 34
339.17699999999775 8 14
339.17699999999775 8 15
339.6779999999977 182 197
339.6779999999977 182 198
340.1789999999977 80 81
340.1789999999977 80 87
340.6799999999977 84 126
340.6799999999977 84 127
341.18099999999765 45 55
341.18099999999765 45 56
341.68199999999763 81 104
341.68199999999763 81 105
342.1829999999976 11 14
342.1829999999976 11 15
342.6839999999976 46 59
342.6839999999976 46 60
343.18499999999756 19 53
343.18499999999756 19 54
343.68599999999753 10 17
343.68599999999753 10 18
344.1869999999975 110 122
344.1869999999975 110 123
344.6879999999975 171 181
344.6879999999975 171 182
345.18899999999746 80 88
345.18899999999746 80 89
345.68999999999744 80 95
345.68999999999744 80 96
346.1909999999974 108 124
346.1909999999974 108 125
346.6919999999974 111 127
346.6919999999974 112 113
347.19299999999737 153 154
347.19299999999737 154 155
347.69399999999735 162 164
347.69399999999735 162 165
348.1949999999973 123 125
348.1949999999973 123 126
348.6959999999973 69 77
348.6959999999973 69 78
349.1969999999973 121 126
349.1969999999973 122 123
349.69799999999725 45 51
349.69799999999725 45 52
350.1989999999972 174 177
350.1989999999972 174 178
350.6999999999972 133 140
350.6999999999972 134 135
351.2009999999972 30 37
351.2009999999972 30 38
351.70199999999716 190 192
351.70199999999716 190 193
352.20299999999713 14 17
352.20299999999713 14 18
352.7039999999971 101 125
352.7039999999971 101 126
353.2049999999971 145 148
353.2049999999971 145 149
353.70599999999706 110 111
353.70599999999706 110 117
354.20699999999704 158 160
354.20699999999704 158 161
354.707999999997 136 138
354.707999999997 136 139
355.208999999997 47 49
355.208999999997 47 50
355.70999999999697 23 55
355.70999999999697 23 56
356.21099999999694 156 165
356.21099999999694 156 166
356.7119999999969 90 126
356.7119999999969 90 127
357.2129999999969 81 89
357.2129999999969 81 90
357.7139999999969 65 80
357.7139999999969 66 67
358.21499999999685 30 31
358.21499999999685 30 32
358.7159999999968 81 100
358.7159999999968 81 101
359.2169999999968 182 183
359.2169999999968 182 192
359.7179999999968 182 193
359.7179999999968 182 194
360.21899999999675 2 15
360.21899999999675 2 16
360.71999999999673 155 156
360.71999999999673 155 158
361.2209999999967 9 11
361.2209999999967 9 12
361.7219999999967 93 99
361.7219999999967 94 95
362.22299999999666 92 98
362.22299999999666 92 99
362.72399999999664 174 175
362.72399999999664 174 176
363.2249999999966 23 57
363.2249999999966 23 58
363.7259999999966 86 102
363.7259999999966 86 103
364.22699999999656 157 159
364.22699999999656 157 160
364.72799999999654 183 197
364.72799999999654 183 198
365.2289999999965 188 193
365.2289999999965 188 194
365.7299999999965 19 26
365.7299999999965 19 27
366.23099999999647 146 153
366.23099999999647 147 148
366.73199999999645 91 98
366.73199999999645 91 99
367.2329999999964 184 193
367.2329999999964 184 194
367.7339999999964 4 8
367.7339999999964 4 9
368.2349999999964 83 85
368.2349999999964 83 86
368.73599999999635 42 60
368.73599999999635 42 61
369.2369999999963 19 35
369.2369999999963 19 36
369.7379999999963 159 164
369.7379999999963 159 165
370.2389999999963 188 197
370.2389999999963 188 198
370.73999999999626 141 198
370.73999999999626 142 143
371.24099999999623 84 86
371.24099999999623 84 87
371.7419999999962 186 196
371.7419999999962 186 197
372.2429999999962 20 39
372.2429999999962 20 40
372.74399999999616 111 117
372.74399999999616 111 118
373.24499999999614 65 66
373.24499999999614 65 67
373.7459999999961 113 118
373.7459999999961 113 119
374.2469999999961 71 76
374.2469999999961 71 77
374.74799999999607 156 159
374.74799999999607 156 160
375.24899999999604 20 27
375.24899999999604 20 28
375.749999999996 160 161
375.749999999996 160 162
376.250999999996 80 99
376.250999999996 80 100
376.751999999996 156 161
376.751999999996 156 162
377.25299999999595 82 97
377.25299999999595 82 98
377.7539999999959 84 99
377.7539999999959 84 100
378.2549999999959 186 190
378.2549999999959 186 191
378.7559999999959 3 18
378.7559999999959 4 5
379.25699999999586 89 101
379.25699999999586 89 102
379.75799999999583 19 41
379.75799999999583 19 42
380.2589999999958 188 195
380.2589999999958 188 196
380.7599999999958 169 176
380.7599999999958 169 177
381.26099999999576 169 172
381.26099999999576 169 173
381.76199999999574 40 41
381.76199999999574 40 54
382.2629999999957 114 116
382.2629999999957 114 117
382.7639999999957 129 140
382.7639999999957 130 131
383.26499999999567 22 41
383.26499999999567 22 53
383.76599999999564 81 98
383.76599999999564 81 99
384.2669999999956 80 103
384.2669999999956 80 104
384.7679999999956 11 16
384.7679999999956 11 17
385.2689999999956 83 89
385.2689999999956 83 96
385.76999999999555 46 50
385.76999999999555 46 51
386.2709999999955 80 198
386.2709999999955 81 82
386.7719999999955 110 126
386.7719999999955 110 127
387.2729999999955 81 123
387.2729999999955 81 124
387.77399999999545 85 100
387.77399999999545 85 101
388.27499999999543 106 120
388.27499999999543 106 121
388.7759999999954 8 12
388.7759999999954 8 13
389.2769999999954 103 126
389.2769999999954 103 127
389.77799999999536 50 51
389.77799999999536 50 52
390.27899999999534 19 33
390.27899999999534 19 34
390.7799999999953 3 8
390.7799999999953 3 9
391.2809999999953 105 106
391.2809999999953 105 119
391.78199999999526 183 184
391.78199999999526 183 186
392.28299999999524 26 35
392.28299999999524 26 36
392.7839999999952 22 54
392.7839999999952 22 55
393.2849999999952 81 119
393.2849999999952 81 120
393.78599999999517 71 74
393.78599999999517 71 75
394.28699999999515 110 124
394.28699999999515 110 125
394.7879999999951 22 58
394.7879999999951 22 59
395.2889999999951 56 60
395.2889999999951 56 61
