0 170 176
0 170 177
1.5 49 50
1.5 49 51
3.0 188 189
3.0 188 190
4.5 108 124
4.5 108 125
6.0 66 78
6.0 66 79
7.5 54 63
7.5 55 56
9.0 106 107
9.0 106 119
10.5 104 122
10.5 104 123
12.0 130 136
12.0 130 137
13.5 43 55
13.5 43 56
15.0 21 62
15.0 21 63
16.5 46 61
16.5 46 62
18.0 48 53
18.0 48 54
19.5 136 138
19.5 136 139
21.0 56 58
21.0 56 59
22.5 19 57
22.5 19 58
24.0 47 49
24.0 47 50
25.5 40 55
25.5 40 56
27.0 20 41
27.0 20 42
28.5 133 138
28.5 133 139
30.0 156 159
30.0 156 160
31.5 42 52
31.5 42 53
33.0 115 118
33.0 116 117
34.5 56 62
34.5 56 63
36.0 25 63
36.0 26 27
37.5 8 14
37.5 8 15
39.0 6 17
39.0 6 18
40.5 105 120
40.5 105 121
42.0 94 98
42.0 95 96
43.5 32 33
43.5 32 34
45.0 69 79
45.0 70 71
46.5 84 88
46.5 84 89
48.0 115 116
48.0 115 117
49.5 83 103
49.5 83 104
51.0 188 193
51.0 188 194
52.5 72 79
52.5 73 74
54.0 23 59
54.0 23 60
55.5 194 197
55.5 195 196
57.0 161 165
57.0 161 166
58.5 101 125
58.5 101 126
60.0 74 78
60.0 74 79
61.5 64 73
61.5 64 74
63.0 7 10
63.0 7 11
64.5 189 198
64.5 190 191
66.0 21 42
66.0 21 53
67.5 20 63
67.5 20 64
69.0 15 16
69.0 15 17
70.5 197 198
70.5 198 199
72.0 30 33
72.0 30 34
73.5 21 40
73.5 21 41
75.0 110 120
75.0 110 121
76.5 168 182
76.5 168 198
78.0 144 153
78.0 144 154
79.5 29 34
79.5 29 35
81.0 109 124
81.0 109 125
82.5 55 63
82.5 56 57
84.0 87 102
84.0 87 120
85.5 71 72
85.5 71 73
87.0 142 144
87.0 142 145
88.5 3 16
88.5 3 17
90.0 112 125
90.0 112 126
91.5 138 139
91.5 139 140
93.0 153 154
93.0 154 155
94.5 25 59
94.5 25 60
96.0 28 39
96.0 28 59
97.5 173 178
97.5 173 179
99.0 8 18
99.0 9 10
100.5 81 85
100.5 81 86
102.0 5 9
102.0 5 10
103.5 129 140
103.5 130 131
105.0 128 182
105.0 128 198
106.5 162 164
106.5 162 165
108.0 41 57
108.0 41 58
109.5 131 133
109.5 131 134
111.0 71 74
111.0 71 75
112.5 83 101
112.5 83 102
114.0 80 198
114.0 81 82
115.5 107 119
115.5 107 120
117.0 20 53
117.0 20 54
118.5 85 86
118.5 85 87
120.0 7 12
120.0 7 13
121.5 172 177
121.5 172 178
123.0 129 130
123.0 129 131
124.5 7 18
124.5 8 9
126.0 12 14
126.0 12 15
127.5 85 102
127.5 85 103
129.0 48 49
129.0 48 50
130.5 113 114
130.5 113 115
132.0 156 161
132.0 156 162
133.5 14 15
133.5 14 16
135.0 74 76
135.0 74 77
136.5 24 55
136.5 24 56
138.0 142 152
138.0 142 153
139.5 170 178
139.5 170 179
141.0 128 135
141.0 128 136
142.5 2 11
142.5 2 12
144.0 92 96
144.0 92 97
145.5 83 97
145.5 83 98
147.0 67 73
147.0 67 74
148.5 54 61
148.5 54 62
150.0 44 51
150.0 44 52
151.5 92 94
151.5 92 95
153.0 83 121
153.0 83 122
154.5 193 196
154.5 193 197
156.0 12 18
156.0 13 14
157.5 191 193
157.5 191 194
159.0 146 149
159.0 146 150
160.5 24 63
160.5 25 26
162.0 88 124
162.0 88 125
163.5 58 63
163.5 59 60
165.0 195 197
165.0 196 197
166.5 57 62
166.5 57 63
168.0 149 152
168.0 149 153
169.5 85 120
169.5 85 121
171.0 20 59
171.0 20 60
172.5 169 174
172.5 169 175
174.0 114 118
174.0 114 119
175.5 147 149
175.5 147 150
177.0 172 175
177.0 172 176
178.5 30 31
178.5 30 32
180.0 19 41
180.0 19 42
181.5 22 25
181.5 22 26
183.0 171 179
183.0 171 180
184.5 84 120
184.5 84 121
186.0 144 145
186.0 144 146
187.5 18 79
187.5 18 80
189.0 143 153
189.0 143 154
190.5 170 180
190.5 170 181
192.0 146 151
192.0 146 152
193.5 19 63
193.5 19 64
195.0 143 147
195.0 143 148
196.5 81 141
196.5 81 153
198.0 86 120
198.0 86 121
199.5 10 15
199.5 10 16
201.0 40 59
201.0 40 60
202.5 63 64
202.5 63 80
204.0 127 141
204.0 127 154
205.5 21 60
205.5 21 61
207.0 99 100
207.0 100 101
208.5 46 50
208.5 46 51
210.0 182 195
210.0 182 196
211.5 86 98
211.5 86 99
213.0 172 179
213.0 172 180
214.5 22 27
214.5 22 28
216.0 81 100
216.0 81 101
217.5 87 88
217.5 87 97
219.0 175 179
219.0 175 180
220.5 40 63
220.5 41 42
222.0 18 63
222.0 18 64
223.5 26 37
223.5 26 38
225.0 114 116
225.0 114 117
226.5 91 100
226.5 92 93
228.0 68 75
228.0 68 76
229.5 80 95
229.5 80 96
231.0 86 124
231.0 86 125
232.5 191 197
232.5 192 193
234.0 31 36
234.0 31 37
235.5 147 153
235.5 148 149
237.0 6 13
237.0 6 14
238.5 110 111
238.5 110 117
240.0 102 122
240.0 102 123
241.5 142 154
241.5 143 144
243.0 46 56
243.0 46 58
244.5 192 194
244.5 192 195
246.0 27 56
246.0 27 57
247.5 23 63
247.5 24 25
249.0 29 38
249.0 29 39
250.5 39 62
250.5 39 63
252.0 183 193
252.0 183 194
253.5 143 145
253.5 143 146
255.0 187 189
255.0 187 190
256.5 108 118
256.5 108 119
258.0 19 39
258.0 19 40
259.5 65 76
259.5 65 77
261.0 190 198
261.0 191 192
262.5 84 124
262.5 84 125
264.0 7 8
264.0 7 9
265.5 18 19
265.5 18 60
267.0 158 164
267.0 158 165
268.5 107 121
268.5 107 122
270.0 36 37
270.0 37 38
271.5 3 4
271.5 3 5
273.0 22 39
273.0 22 40
274.5 160 163
274.5 160 164
276.0 19 28
276.0 19 29
277.5 10 17
277.5 10 18
279.0 57 58
279.0 57 59
280.5 184 197
280.5 184 198
282.0 80 88
282.0 80 89
283.5 185 192
283.5 185 193
285.0 108 126
285.0 108 127
286.5 40 61
286.5 40 62
288.0 110 126
288.0 110 127
289.5 81 198
289.5 82 83
291.0 12 16
291.0 12 17
292.5 64 75
292.5 64 76
294.0 19 43
294.0 19 52
295.5 42 56
295.5 42 57
297.0 81 106
297.0 81 107
298.5 186 190
298.5 186 191
300.0 73 75
300.0 73 76
301.5 38 39
301.5 38 63
303.0 168 169
303.0 168 175
304.5 107 123
304.5 107 124
306.0 159 160
306.0 159 161
307.5 156 163
307.5 156 164
309.0 48 51
309.0 48 52
310.5 26 55
310.5 26 56
312.0 80 126
312.0 80 127
313.5 65 78
313.5 65 79
315.0 131 139
315.0 131 140
316.5 122 124
316.5 122 125
318.0 21 56
318.0 21 57
319.5 82 121
319.5 82 122
321.0 45 61
321.0 45 62
322.5 67 75
322.5 67 76
324.0 105 106
324.0 105 119
325.5 21 36
325.5 21 37
327.0 154 167
327.0 154 168
328.5 184 195
328.5 184 196
330.0 183 184
330.0 183 186
331.5 132 137
331.5 132 138
333.0 24 40
333.0 24 54
334.5 108 122
334.5 108 123
336.0 162 166
336.0 162 167
337.5 83 85
337.5 83 86
339.0 143 149
339.0 143 150
340.5 169 180
340.5 169 181
342.0 109 126
342.0 109 127
343.5 70 72
343.5 70 73
345.0 4 10
345.0 4 11
346.5 112 117
346.5 112 118
348.0 150 151
348.0 150 152
349.5 84 97
349.5 84 98
351.0 184 187
351.0 184 188
352.5 186 192
352.5 186 193
354.0 85 98
354.0 85 99
355.5 71 78
355.5 71 79
357.0 157 167
357.0 158 159
358.5 170 174
358.5 170 175
360.0 174 177
360.0 174 178
361.5 75 76
361.5 75 77
363.0 101 102
363.0 101 122
364.5 31 34
364.5 31 35
366.0 129 136
366.0 129 137
367.5 66 72
367.5 66 73
369.0 103 104
369.0 103 119
370.5 137 138
370.5 137 139
372.0 13 15
372.0 13 16
373.5 19 24
373.5 19 25
375.0 123 125
375.0 123 126
376.5 72 73
376.5 72 74
378.0 94 96
378.0 94 97
379.5 3 18
379.5 4 5
381.0 86 126
381.0 86 127
382.5 22 58
382.5 22 59
384.0 190 192
384.0 190 193
385.5 22 56
385.5 22 57
387.0 81 108
387.0 81 118
388.5 41 55
388.5 41 56
390.0 193 194
390.0 193 195
391.5 55 61
391.5 55 62
393.0 67 71
393.0 67 72
394.5 151 152
394.5 152 153
396.0 44 63
396.0 45 46
397.5 56 60
397.5 56 61
399.0 159 164
399.0 159 165
400.5 135 139
400.5 136 137
402.0 26 35
402.0 26 36
403.5 82 103
403.5 82 104
405.0 27 39
405.0 27 40
406.5 182 193
406.5 182 194
408.0 21 27
408.0 21 28
409.5 105 124
409.5 105 125
411.0 44 61
411.0 44 62
412.5 21 54
412.5 21 55
414.0 20 25
414.0 20 26
415.5 107 125
415.5 107 126
417.0 84 105
417.0 84 119
418.5 22 62
418.5 22 63
420.0 27 58
420.0 27 59
421.5 69 75
421.5 69 76
423.0 120 125
423.0 120 126
424.5 175 181
424.5 176 177
426.0 20 37
426.0 20 38
427.5 19 33
427.5 19 34
429.0 30 35
429.0 30 36
430.5 82 101
430.5 82 102
432.0 110 124
432.0 110 125
433.5 11 18
433.5 12 13
435.0 121 122
435.0 121 123
436.5 42 54
436.5 42 55
438.0 171 173
438.0 171 174
439.5 65 74
439.5 65 75
441.0 80 181
441.0 80 182
442.5 128 141
442.5 128 154
444.0 42 58
444.0 42 59
445.5 154 163
445.5 154 164
447.0 145 152
447.0 145 153
448.5 5 15
448.5 5 16
450.0 20 61
450.0 20 62
451.5 111 127
451.5 112 113
453.0 154 165
453.0 154 166
454.5 43 59
454.5 43 60
456.0 168 176
456.0 168 177
457.5 3 6
457.5 3 7
459.0 141 148
459.0 141 149
460.5 23 61
460.5 23 62
462.0 111 112
462.0 111 116
463.5 168 178
463.5 168 179
465.0 82 88
465.0 82 89
466.5 25 37
466.5 25 38
468.0 133 134
468.0 133 135
469.5 25 61
469.5 25 62
471.0 66 74
471.0 66 75
472.5 4 8
472.5 4 9
474.0 49 52
474.0 49 53
475.5 92 98
475.5 92 99
477.0 90 101
477.0 90 125
478.5 20 57
478.5 20 58
480.0 7 14
480.0 7 15
481.5 160 167
481.5 161 162
483.0 156 167
483.0 157 158
484.5 176 178
484.5 176 179
486.0 80 140
486.0 80 141
487.5 81 87
487.5 81 88
489.0 105 122
489.0 105 123
490.5 81 98
490.5 81 99
492.0 84 122
492.0 84 123
493.5 176 180
493.5 176 181
495.0 5 11
495.0 5 12
496.5 168 180
496.5 168 181
498.0 85 124
498.0 85 125
499.5 4 6
499.5 4 7
501.0 71 76
501.0 71 77
502.5 88 122
502.5 88 123
504.0 83 123
504.0 83 124
505.5 122 126
505.5 123 124
507.0 189 194
507.0 189 195
508.5 92 100
508.5 93 94
510.0 93 97
510.0 93 98
511.5 111 121
511.5 111 122
513.0 2 3
513.0 2 10
514.5 189 192
514.5 189 193
516.0 163 166
516.0 164 165
517.5 194 195
517.5 194 196
519.0 173 176
519.0 173 177
520.5 23 26
520.5 23 27
522.0 89 122
522.0 89 123
523.5 169 176
523.5 169 177
525.0 88 99
525.0 88 100
526.5 40 41
526.5 40 54
528.0 21 25
528.0 21 26
529.5 169 182
529.5 170 171
531.0 104 120
531.0 104 121
532.5 5 13
532.5 5 14
534.0 82 127
534.0 83 84
535.5 34 35
535.5 35 36
537.0 171 175
537.0 171 176
538.5 28 29
538.5 28 34
540.0 70 74
540.0 70 75
541.5 189 196
541.5 189 197
543.0 88 97
543.0 88 98
544.5 148 150
544.5 148 151
546.0 161 167
546.0 162 163
547.5 171 181
547.5 171 182
549.0 155 156
549.0 155 158
550.5 44 57
550.5 44 58
552.0 184 191
552.0 184 192
553.5 133 136
553.5 133 137
555.0 55 59
555.0 55 60
556.5 83 87
556.5 83 88
558.0 172 181
558.0 172 182
559.5 173 174
559.5 173 175
561.0 89 124
561.0 89 125
562.5 85 126
562.5 85 127
564.0 22 41
564.0 22 53
565.5 84 126
565.5 84 127
567.0 65 68
567.0 65 69
568.5 67 77
568.5 67 78
570.0 121 126
570.0 122 123
571.5 8 12
571.5 8 13
573.0 42 60
573.0 42 61
574.5 81 127
574.5 81 140
576.0 81 119
576.0 81 120
577.5 174 179
577.5 174 180
579.0 64 71
579.0 64 72
580.5 86 122
580.5 86 123
582.0 21 38
582.0 21 39
583.5 11 16
583.5 11 17
585.0 185 194
585.0 185 195
586.5 184 193
586.5 184 194
588.0 66 80
588.0 67 68
589.5 68 79
589.5 69 70
591.0 6 9
591.0 6 10
592.5 23 37
592.5 23 38
594.0 90 126
594.0 90 127
595.5 81 102
595.5 81 103
597.0 93 99
597.0 94 95
598.5 93 95
598.5 93 96
600.0 106 124
600.0 106 125
601.5 82 123
601.5 82 124
603.0 113 118
603.0 113 119
604.5 113 116
604.5 113 117
606.0 185 198
606.0 186 187
607.5 6 7
607.5 6 8
609.0 130 138
609.0 130 139
610.5 19 26
610.5 19 27
612.0 158 162
612.0 158 163
613.5 127 182
613.5 127 198
615.0 24 36
615.0 24 37
616.5 184 189
616.5 184 190
618.0 156 157
618.0 156 158
619.5 0 1
619.5 1 2
621.0 61 62
621.0 62 63
622.5 187 195
622.5 187 196
624.0 83 89
624.0 83 96
625.5 88 126
625.5 88 127
627.0 50 51
627.0 50 52
628.5 27 60
628.5 27 61
630.0 80 103
630.0 80 104
631.5 47 55
631.5 47 61
633.0 191 195
633.0 191 196
634.5 80 97
634.5 80 98
636.0 105 126
636.0 105 127
637.5 40 57
637.5 40 58
639.0 3 10
639.0 3 11
640.5 88 120
640.5 88 121
642.0 80 118
642.0 80 119
643.5 155 167
643.5 155 168
645.0 64 79
645.0 64 80
646.5 9 13
646.5 9 14
648.0 87 123
648.0 87 124
649.5 101 123
649.5 101 124
651.0 178 179
651.0 178 180
652.5 23 24
652.5 23 25
654.0 82 84
654.0 82 85
655.5 185 186
655.5 185 187
657.0 9 15
657.0 9 16
658.5 26 61
658.5 26 62
660.0 109 122
660.0 109 123
661.5 45 57
661.5 45 58
663.0 81 89
663.0 81 90
664.5 87 125
664.5 87 126
666.0 160 161
666.0 160 162
667.5 8 10
667.5 8 11
669.0 82 105
669.0 82 106
670.5 85 104
670.5 85 119
672.0 88 101
672.0 88 102
673.5 65 80
673.5 66 67
675.0 130 134
675.0 130 135
676.5 23 41
676.5 23 54
678.0 173 180
678.0 173 181
679.5 46 52
679.5 46 53
681.0 190 194
681.0 190 195
682.5 69 77
682.5 69 78
684.0 157 165
684.0 157 166
685.5 25 35
685.5 25 36
687.0 156 165
687.0 156 166
688.5 89 126
688.5 89 127
690.0 28 60
690.0 28 61
691.5 78 79
691.5 79 80
693.0 64 77
693.0 64 78
694.5 91 98
694.5 91 99
696.0 9 17
696.0 9 18
697.5 4 12
697.5 4 13
699.0 155 161
699.0 155 162
700.5 20 39
700.5 20 40
702.0 23 55
702.0 23 56
703.5 141 198
703.5 142 143
705.0 180 181
705.0 181 182
706.5 43 63
706.5 44 45
708.0 80 122
708.0 80 123
709.5 82 86
709.5 82 87
711.0 97 98
711.0 98 99
712.5 23 39
712.5 23 40
714.0 169 172
714.0 169 173
715.5 108 120
715.5 108 121
717.0 81 125
717.0 81 126
718.5 24 59
718.5 24 60
720.0 107 108
720.0 107 118
721.5 32 35
721.5 32 36
723.0 10 13
723.0 10 14
724.5 70 76
724.5 70 77
726.0 159 166
726.0 159 167
727.5 11 14
727.5 11 15
729.0 44 59
729.0 44 60
730.5 28 37
730.5 28 38
732.0 144 149
732.0 144 150
733.5 81 91
733.5 81 95
735.0 44 53
735.0 44 54
736.5 189 190
736.5 189 191
738.0 183 191
738.0 183 192
739.5 43 53
739.5 43 54
741.0 45 59
741.0 45 60
742.5 70 78
742.5 70 79
744.0 182 183
744.0 182 192
745.5 102 120
745.5 102 121
747.0 22 35
747.0 22 36
748.5 169 178
748.5 169 179
750.0 141 142
750.0 141 147
751.5 26 63
751.5 27 28
753.0 85 122
753.0 85 123
754.5 22 37
754.5 22 38
756.0 65 66
756.0 65 67
757.5 19 79
757.5 19 80
759.0 22 23
759.0 22 24
760.5 43 57
760.5 43 58
762.0 95 97
762.0 96 97
763.5 81 83
763.5 81 84
765.0 102 126
765.0 102 127
766.5 175 177
766.5 175 178
768.0 83 127
768.0 84 85
769.5 14 17
769.5 14 18
771.0 141 154
771.0 141 182
772.5 186 188
772.5 186 189
774.0 112 119
774.0 112 120
775.5 186 198
775.5 187 188
777.0 121 124
777.0 121 125
778.5 46 59
778.5 46 60
780.0 143 151
780.0 143 152
781.5 26 39
781.5 26 40
783.0 85 100
783.0 85 101
784.5 60 61
784.5 60 62
786.0 174 175
786.0 174 176
787.5 183 195
787.5 183 196
789.0 45 55
789.0 45 56
790.5 187 197
790.5 187 198
792.0 7 16
792.0 7 17
793.5 23 57
793.5 23 58
795.0 112 115
795.0 112 116
796.5 155 159
796.5 155 160
798.0 128 137
798.0 128 138
799.5 187 191
799.5 187 192
801.0 188 197
801.0 188 198
802.5 185 196
802.5 185 197
804.0 129 132
804.0 129 133
805.5 130 140
805.5 131 132
807.0 185 190
807.0 185 191
808.5 41 59
808.5 41 60
810.0 147 151
810.0 147 152
811.5 129 134
811.5 129 135
813.0 66 68
813.0 66 69
814.5 110 118
814.5 110 119
816.0 169 170
816.0 169 171
817.5 80 107
817.5 80 108
819.0 186 194
819.0 186 195
820.5 131 135
820.5 131 136
822.0 171 177
822.0 171 178
823.5 3 14
823.5 3 15
825.0 24 38
825.0 24 39
826.5 142 150
826.5 142 151
828.0 80 120
828.0 80 121
829.5 84 99
829.5 84 100
831.0 39 58
831.0 39 59
832.5 81 96
832.5 81 97
834.0 46 63
834.0 47 48
835.5 80 90
835.5 80 91
837.0 57 60
837.0 57 61
838.5 83 99
838.5 83 100
840.0 46 54
840.0 46 55
841.5 27 37
841.5 27 38
843.0 163 164
843.0 163 165
844.5 190 196
844.5 190 197
846.0 29 30
846.0 29 33
847.5 102 124
847.5 102 125
849.0 87 127
849.0 88 89
850.5 20 29
850.5 20 34
852.0 161 163
852.0 161 164
853.5 81 168
853.5 81 182
855.0 16 17
855.0 17 18
856.5 177 180
856.5 177 181
858.0 140 141
858.0 140 198
859.5 89 97
859.5 89 98
861.0 27 62
861.0 27 63
862.5 186 196
862.5 186 197
864.0 80 99
864.0 80 100
865.5 109 120
865.5 109 121
867.0 3 12
867.0 3 13
868.5 51 52
868.5 52 53
870.0 146 147
870.0 146 148
871.5 170 182
871.5 171 172
873.0 81 154
873.0 81 167
874.5 47 51
874.5 47 52
876.0 76 79
876.0 77 78
877.5 81 123
877.5 81 124
879.0 19 53
879.0 19 54
880.5 103 120
880.5 103 121
882.0 6 15
882.0 6 16
883.5 26 59
883.5 26 60
885.0 132 139
885.0 132 140
886.5 148 152
886.5 148 153
888.0 28 35
888.0 28 36
889.5 103 122
889.5 103 123
891.0 5 17
891.0 5 18
892.5 90 99
892.5 90 100
894.0 25 55
894.0 25 56
895.5 160 165
895.5 160 166
897.0 45 63
897.0 46 47
898.5 110 122
898.5 110 123
900.0 166 167
900.0 167 168
901.5 111 119
901.5 111 120
903.0 47 53
903.0 47 54
904.5 158 160
904.5 158 161
906.0 68 71
906.0 68 72
907.5 182 197
907.5 182 198
909.0 112 121
909.0 112 124
910.5 21 34
910.5 21 35
912.0 129 138
912.0 129 139
913.5 132 135
913.5 132 136
915.0 31 32
915.0 31 33
916.5 19 59
916.5 19 60
918.0 157 159
918.0 157 160
919.5 84 86
919.5 84 87
921.0 133 140
921.0 134 135
922.5 183 187
922.5 183 188
924.0 141 150
924.0 141 151
925.5 87 121
925.5 87 122
927.0 90 91
927.0 90 96
928.5 19 37
928.5 19 38
930.0 20 23
930.0 20 24
931.5 128 129
931.5 128 134
933.0 21 58
933.0 21 59
934.5 142 146
934.5 142 147
936.0 164 166
936.0 165 166
937.5 4 14
937.5 4 15
939.0 106 120
939.0 106 121
940.5 104 105
940.5 104 119
942.0 85 88
942.0 85 97
943.5 178 181
943.5 179 180
945.0 73 79
945.0 74 75
946.5 172 173
946.5 172 174
948.0 101 127
948.0 102 103
949.5 20 27
949.5 20 28
951.0 24 61
951.0 24 62
952.5 69 71
952.5 69 72
954.0 13 17
954.0 13 18
955.5 18 61
955.5 18 62
957.0 155 165
957.0 155 166
958.5 67 69
958.5 67 70
960.0 30 37
960.0 30 38
961.5 32 37
961.5 33 34
963.0 45 53
963.0 45 54
964.5 67 79
964.5 67 80
966.0 68 73
966.0 68 74
967.5 66 70
967.5 66 71
969.0 87 100
969.0 87 101
970.5 24 26
970.5 24 35
972.0 6 11
972.0 6 12
973.5 188 191
973.5 188 192
975.0 86 102
975.0 86 103
976.5 128 139
976.5 128 140
978.0 130 132
978.0 130 133
979.5 157 163
979.5 157 164
981.0 184 185
981.0 184 186
982.5 111 123
982.5 111 124
984.0 187 193
984.0 187 194
985.5 80 81
985.5 80 87
987.0 89 99
987.0 89 100
988.5 103 124
988.5 103 125
990.0 82 99
990.0 82 100
991.5 20 43
991.5 20 52
993.0 33 35
993.0 33 36
994.5 73 77
994.5 73 78
996.0 91 96
996.0 91 97
997.5 106 126
997.5 106 127
999.0 82 119
999.0 82 120
1000.5 134 136
1000.5 134 137
1002.0 80 167
1002.0 80 168
1003.5 149 150
1003.5 149 151
1005.0 80 153
1005.0 80 154
1006.5 111 117
1006.5 111 118
1008.0 75 78
1008.0 75 79
1009.5 104 126
1009.5 104 127
1011.0 91 92
1011.0 91 95
1012.5 192 196
1012.5 192 197
1014.0 157 161
1014.0 157 162
1015.5 4 16
1015.5 4 17
1017.0 65 72
1017.0 65 73
1018.5 19 61
1018.5 19 62
1020.0 106 122
1020.0 106 123
1021.5 82 97
1021.5 82 98
1023.0 43 44
1023.0 43 52
1024.5 20 80
1024.5 21 22
1026.0 53 54
1026.0 54 55
1027.5 89 90
1027.5 89 96
1029.0 65 70
1029.0 65 71
1030.5 82 125
1030.5 82 126
1032.0 141 152
1032.0 141 153
1033.5 132 133
1033.5 132 134
1035.0 82 107
1035.0 82 118
1036.5 22 54
1036.5 22 55
1038.0 42 62
1038.0 42 63
1039.5 22 60
1039.5 22 61
1041.0 83 125
1041.0 83 126
1042.5 19 55
1042.5 19 56
1044.0 41 63
1044.0 42 43
1045.5 83 105
1045.5 83 106
1047.0 117 118
1047.0 118 119
1048.5 19 20
1048.5 19 23
1050.0 43 61
1050.0 43 62
1051.5 44 55
1051.5 44 56
1053.0 68 69
1053.0 68 70
1054.5 107 127
1054.5 108 109
1056.0 41 61
1056.0 41 62
1057.5 90 97
1057.5 90 98
1059.0 146 153
1059.0 147 148
1060.5 111 125
1060.5 111 126
1062.0 142 148
1062.0 142 149
1063.5 59 61
1063.5 59 62
1065.0 80 105
1065.0 80 106
1066.5 2 15
1066.5 2 16
1068.0 126 127
1068.0 127 128
1069.5 4 18
1069.5 5 6
1071.0 19 35
1071.0 19 36
1072.5 64 65
1072.5 64 70
1074.0 66 76
1074.0 66 77
1075.5 103 126
1075.5 103 127
1077.0 144 151
1077.0 144 152
1078.5 20 35
1078.5 20 36
1080.0 183 197
1080.0 183 198
1081.5 72 77
1081.5 72 78
1083.0 127 139
1083.0 127 140
1084.5 177 178
1084.5 177 179
1086.0 45 51
1086.0 45 52
1087.5 20 55
1087.5 20 56
1089.0 145 150
1089.0 145 151
1090.5 24 57
1090.5 24 58
1092.0 86 87
1092.0 86 97
1093.5 158 166
1093.5 158 167
1095.0 2 17
1095.0 2 18
1096.5 58 59
1096.5 58 60
1098.0 170 172
1098.0 170 173
1099.5 84 103
1099.5 84 104
1101.0 82 90
1101.0 82 96
1102.5 10 11
1102.5 10 12
1104.0 68 77
1104.0 68 78
1105.5 154 182
1105.5 154 198
1107.0 21 23
1107.0 21 24
1108.5 174 181
1108.5 175 176
1110.0 155 163
1110.0 155 164
1111.5 69 73
1111.5 69 74
1113.0 104 124
1113.0 104 125
1114.5 86 100
1114.5 86 101
1116.0 81 121
1116.0 81 122
1117.5 25 57
1117.5 25 58
1119.0 124 125
1119.0 125 126
1120.5 134 138
1120.5 134 139
1122.0 23 35
1122.0 23 36
1123.5 8 16
1123.5 8 17
1125.0 20 21
1125.0 20 22
1126.5 145 148
1126.5 145 149
1128.0 135 137
1128.0 135 138
1129.5 29 62
1129.5 29 63
1131.0 83 119
1131.0 83 120
1132.5 89 101
1132.5 89 102
1134.0 119 120
1134.0 120 121
1135.5 39 60
1135.5 39 61
1137.0 29 36
1137.0 29 37
1138.5 183 189
1138.5 183 190
1140.0 76 77
1140.0 76 78
1141.5 25 39
1141.5 25 40
1143.0 84 101
1143.0 84 102
1144.5 39 40
1144.5 39 57
1146.0 47 62
1146.0 47 63
1147.5 41 53
1147.5 41 54
1149.0 26 57
1149.0 26 58
1150.5 185 188
1150.5 185 189
1152.0 3 8
1152.0 3 9
1153.5 188 195
1153.5 188 196
1155.0 9 11
1155.0 9 12
1156.5 80 101
1156.5 80 102
1158.0 81 104
1158.0 81 105
1159.5 11 12
1159.5 11 13
1161.0 2 13
1161.0 2 14
1162.5 144 147
1162.5 144 148
1164.0 80 124
1164.0 80 125
1165.5 58 61
1165.5 58 62
1167.0 28 62
1167.0 28 63
1168.5 5 7
1168.5 5 8
1170.0 113 120
1170.0 114 115
1171.5 72 75
1171.5 72 76
1173.0 87 98
1173.0 87 99
1174.5 27 35
1174.5 27 36
1176.0 145 146
1176.0 145 147
1177.5 131 137
1177.5 131 138
1179.0 159 162
1179.0 159 163
1180.5 109 110
1180.5 109 117
1182.0 109 118
1182.0 109 119
1183.5 134 140
1183.5 135 136
