0 73 90
0 73 91
1.5 130 131
1.5 131 132
3.0 141 175
3.0 141 176
4.5 152 161
4.5 152 162
6.0 107 138
6.0 107 139
7.5 70 89
7.5 70 90
9.0 68 93
9.0 68 94
10.5 71 91
10.5 71 92
12.0 124 133
12.0 125 126
13.5 40 43
13.5 40 44
15.0 155 170
15.0 155 171
16.5 35 38
16.5 35 39
18.0 160 167
18.0 160 168
19.5 116 117
19.5 116 118
21.0 79 90
21.0 79 91
22.5 71 95
22.5 71 96
24.0 10 11
24.0 11 12
25.5 148 167
25.5 148 168
27.0 32 41
27.0 32 42
28.5 27 54
28.5 27 55
30.0 144 172
30.0 144 173
31.5 70 91
31.5 70 92
33.0 101 139
33.0 101 140
34.5 23 60
34.5 24 25
36.0 148 177
36.0 148 178
37.5 27 48
37.5 27 49
39.0 30 53
39.0 30 54
40.5 158 173
40.5 158 174
42.0 81 91
42.0 81 92
43.5 36 41
43.5 36 42
45.0 74 94
45.0 74 95
46.5 120 131
46.5 120 132
48.0 94 95
48.0 95 96
49.5 197 198
49.5 197 199
51.0 105 136
51.0 105 137
52.5 108 125
52.5 108 126
54.0 75 88
54.0 75 89
55.5 109 138
55.5 109 139
57.0 112 127
57.0 112 128
58.5 72 97
58.5 72 98
60.0 62 98
60.0 62 99
61.5 113 124
61.5 113 125
63.0 111 115
63.0 111 116
64.5 64 82
64.5 64 83
66.0 26 50
66.0 26 51
67.5 31 35
67.5 31 36
69.0 123 124
69.0 123 125
70.5 149 158
70.5 149 159
72.0 39 40
72.0 39 41
73.5 70 75
73.5 70 76
75.0 7 10
75.0 7 11
76.5 67 90
76.5 67 91
78.0 61 91
78.0 61 92
79.5 38 49
79.5 38 50
81.0 24 54
81.0 24 55
82.5 68 77
82.5 68 78
84.0 119 122
84.0 119 123
85.5 24 52
85.5 24 53
87.0 111 125
87.0 111 126
88.5 26 40
88.5 26 41
90.0 195 197
90.0 195 198
91.5 33 56
91.5 33 57
93.0 102 130
93.0 102 131
94.5 32 47
94.5 32 48
96.0 0 9
96.0 0 10
97.5 111 129
97.5 111 130
99.0 6 7
99.0 6 8
100.5 46 49
100.5 46 50
102.0 100 137
102.0 100 138
103.5 108 117
103.5 108 118
105.0 22 23
105.0 22 47
106.5 74 96
106.5 74 97
108.0 84 93
108.0 85 86
109.5 146 168
109.5 146 169
111.0 23 44
111.0 23 45
112.5 68 83
112.5 68 84
114.0 71 93
114.0 71 94
115.5 195 199
115.5 196 197
117.0 68 99
117.0 69 70
118.5 81 89
118.5 81 90
120.0 20 21
120.0 20 54
121.5 121 123
121.5 121 124
123.0 153 178
123.0 154 155
124.5 79 86
124.5 79 87
126.0 31 47
126.0 31 48
127.5 192 196
127.5 192 197
129.0 111 119
129.0 111 120
130.5 31 53
130.5 31 54
132.0 43 44
132.0 43 45
133.5 78 93
133.5 78 94
135.0 104 128
135.0 104 129
136.5 156 173
136.5 156 174
138.0 105 130
138.0 105 131
139.5 106 134
139.5 106 135
141.0 74 86
141.0 74 87
142.5 189 198
142.5 189 199
144.0 69 92
144.0 69 93
145.5 149 156
145.5 149 157
147.0 152 165
147.0 152 166
148.5 117 129
148.5 117 130
150.0 104 122
150.0 104 123
151.5 153 172
151.5 153 173
153.0 77 87
153.0 77 88
154.5 76 77
154.5 76 78
156.0 127 128
156.0 127 129
157.5 118 133
157.5 118 134
159.0 86 87
159.0 86 88
160.5 149 178
160.5 149 179
162.0 81 93
162.0 81 94
163.5 107 130
163.5 107 131
165.0 84 87
165.0 84 88
166.5 116 133
166.5 116 134
168.0 28 53
168.0 28 54
169.5 144 170
169.5 144 171
171.0 42 49
171.0 42 50
172.5 126 131
172.5 126 132
174.0 182 183
174.0 183 184
175.5 145 162
175.5 145 163
177.0 68 85
177.0 68 86
178.5 66 96
178.5 66 97
180.0 31 39
180.0 31 40
181.5 92 93
181.5 93 94
183.0 33 34
183.0 33 35
184.5 2 5
184.5 2 6
186.0 28 43
186.0 28 44
187.5 40 51
187.5 40 52
189.0 102 132
189.0 102 133
190.5 73 82
190.5 73 83
192.0 110 137
192.0 110 138
193.5 144 174
193.5 144 175
195.0 105 128
195.0 105 129
196.5 106 132
196.5 106 133
198.0 167 170
198.0 167 171
199.5 60 95
199.5 60 96
201.0 84 91
201.0 84 92
202.5 123 126
202.5 123 127
204.0 176 177
204.0 177 178
205.5 191 193
205.5 191 194
207.0 83 86
207.0 83 87
208.5 78 85
208.5 78 86
210.0 80 87
210.0 80 88
211.5 101 131
211.5 101 132
213.0 102 140
213.0 103 104
214.5 192 194
214.5 192 195
216.0 124 129
216.0 124 130
217.5 167 168
217.5 167 169
219.0 143 170
219.0 143 171
220.5 191 195
220.5 191 196
222.0 81 83
222.0 81 84
223.5 124 125
223.5 124 126
225.0 30 39
225.0 30 40
226.5 67 82
226.5 67 83
228.0 37 39
228.0 37 40
229.5 115 136
229.5 115 137
231.0 77 91
231.0 77 92
232.5 43 50
232.5 43 51
234.0 149 160
234.0 149 161
235.5 152 171
235.5 152 172
237.0 76 89
237.0 76 90
238.5 104 126
238.5 104 127
240.0 122 131
240.0 122 132
241.5 62 92
241.5 62 93
243.0 20 59
243.0 20 60
244.5 75 82
244.5 75 83
246.0 45 47
246.0 45 48
247.5 108 131
247.5 108 132
249.0 40 41
249.0 40 42
250.5 65 100
250.5 66 67
252.0 62 96
252.0 62 97
253.5 107 136
253.5 107 137
255.0 156 177
255.0 157 158
256.5 73 78
256.5 73 79
258.0 189 192
258.0 189 193
259.5 106 136
259.5 106 137
261.0 68 75
261.0 68 76
262.5 113 116
262.5 113 117
264.0 68 95
264.0 68 96
265.5 26 56
265.5 26 57
267.0 2 11
267.0 2 12
268.5 146 172
268.5 146 173
270.0 192 198
270.0 192 199
271.5 27 46
271.5 27 47
273.0 63 98
273.0 63 99
274.5 0 13
274.5 0 14
276.0 144 164
276.0 144 165
277.5 22 60
277.5 23 24
279.0 107 132
279.0 107 133
280.5 4 13
280.5 5 6
282.0 29 52
282.0 29 53
283.5 29 56
283.5 29 57
285.0 65 92
285.0 65 93
286.5 96 97
286.5 97 98
288.0 69 76
288.0 69 77
289.5 154 168
289.5 154 169
291.0 24 42
291.0 24 43
292.5 64 100
292.5 65 66
294.0 26 60
294.0 27 28
295.5 156 159
295.5 156 160
297.0 103 138
297.0 103 139
298.5 60 99
298.5 60 100
300.0 157 165
300.0 157 166
301.5 147 168
301.5 147 169
303.0 68 89
303.0 68 90
304.5 81 85
304.5 81 86
306.0 147 176
306.0 147 177
307.5 153 162
307.5 153 163
309.0 65 86
309.0 65 87
310.5 106 124
310.5 106 125
312.0 125 127
312.0 125 128
313.5 110 133
313.5 110 134
315.0 36 47
315.0 36 48
316.5 102 138
316.5 102 139
318.0 73 80
318.0 73 81
319.5 165 167
319.5 165 168
321.0 105 140
321.0 106 107
322.5 32 39
322.5 32 40
324.0 120 125
324.0 120 126
325.5 161 173
325.5 161 174
327.0 161 167
327.0 161 168
328.5 194 199
328.5 195 196
330.0 41 45
330.0 41 46
331.5 178 179
331.5 179 180
333.0 109 122
333.0 109 123
334.5 113 118
334.5 113 119
336.0 30 47
336.0 30 48
337.5 147 172
337.5 147 173
339.0 155 158
339.0 155 159
340.5 151 165
340.5 151 166
342.0 107 134
342.0 107 135
343.5 7 8
343.5 7 9
345.0 41 43
345.0 41 44
346.5 151 173
346.5 151 174
348.0 30 43
348.0 30 44
349.5 112 135
349.5 112 136
351.0 149 166
351.0 149 167
352.5 158 161
352.5 158 162
354.0 113 128
354.0 113 129
355.5 22 48
355.5 22 49
357.0 158 171
357.0 158 172
358.5 73 88
358.5 73 89
360.0 86 89
360.0 86 90
361.5 20 57
361.5 20 58
363.0 0 11
363.0 0 12
364.5 32 55
364.5 32 56
366.0 37 47
366.0 37 48
367.5 42 45
367.5 42 46
369.0 154 170
369.0 154 171
370.5 119 128
370.5 119 129
372.0 63 88
372.0 63 89
373.5 79 92
373.5 79 93
375.0 26 48
375.0 26 49
376.5 154 166
376.5 154 167
378.0 77 79
378.0 77 80
379.5 83 84
379.5 83 85
381.0 112 137
381.0 112 138
382.5 77 85
382.5 77 86
384.0 153 168
384.0 153 169
385.5 114 132
385.5 114 133
387.0 150 167
387.0 150 168
388.5 77 81
388.5 77 82
390.0 66 82
390.0 66 83
391.5 106 130
391.5 106 131
393.0 80 91
393.0 80 92
394.5 115 126
394.5 115 127
396.0 22 54
396.0 22 55
397.5 145 172
397.5 145 173
399.0 25 48
399.0 25 49
400.5 132 133
400.5 133 134
402.0 31 43
402.0 31 44
403.5 110 121
403.5 110 122
405.0 151 167
405.0 151 168
406.5 111 137
406.5 111 138
408.0 88 89
408.0 88 90
409.5 103 140
409.5 104 105
411.0 70 99
411.0 71 72
412.5 107 120
412.5 107 121
414.0 39 50
414.0 39 51
415.5 149 176
415.5 149 177
417.0 101 102
417.0 101 130
418.5 146 164
418.5 146 165
420.0 152 153
420.0 152 154
421.5 74 88
421.5 74 89
423.0 80 95
423.0 81 82
424.5 79 84
424.5 79 85
426.0 122 129
426.0 122 130
427.5 148 171
427.5 148 172
429.0 79 82
429.0 79 83
430.5 112 129
430.5 112 130
432.0 41 53
432.0 41 54
433.5 66 84
433.5 66 85
435.0 147 170
435.0 147 171
436.5 69 98
436.5 69 99
438.0 190 193
438.0 190 194
439.5 117 123
439.5 117 124
441.0 147 158
441.0 147 159
442.5 109 136
442.5 109 137
444.0 154 156
444.0 154 157
445.5 101 135
445.5 101 136
447.0 154 160
447.0 154 161
448.5 190 191
448.5 190 192
450.0 186 187
450.0 186 198
451.5 24 60
451.5 25 26
453.0 142 180
453.0 143 144
454.5 42 47
454.5 42 48
456.0 188 195
456.0 188 196
457.5 126 127
457.5 126 128
459.0 77 83
459.0 77 84
460.5 3 10
460.5 3 11
462.0 70 77
462.0 70 78
463.5 142 178
463.5 142 179
465.0 27 42
465.0 27 43
466.5 67 76
466.5 67 77
468.0 122 125
468.0 122 126
469.5 157 163
469.5 157 164
471.0 74 80
471.0 74 81
472.5 44 49
472.5 44 50
474.0 153 176
474.0 153 177
475.5 150 177
475.5 150 178
477.0 36 37
477.0 36 38
478.5 154 162
478.5 154 163
480.0 56 57
480.0 57 58
481.5 165 171
481.5 165 172
483.0 27 36
483.0 27 37
484.5 73 84
484.5 73 85
486.0 1 3
486.0 1 4
487.5 157 159
487.5 157 160
489.0 25 42
489.0 25 43
490.5 37 49
490.5 37 50
492.0 115 132
492.0 115 133
493.5 24 56
493.5 24 57
495.0 83 90
495.0 83 91
496.5 36 49
496.5 36 50
498.0 143 174
498.0 143 175
499.5 159 164
499.5 159 165
501.0 151 177
501.0 151 178
502.5 161 163
502.5 161 164
504.0 152 177
504.0 152 178
505.5 174 175
505.5 175 176
507.0 108 121
507.0 108 122
508.5 24 44
508.5 24 45
510.0 125 129
510.0 125 130
511.5 144 178
511.5 144 179
513.0 110 127
513.0 110 128
514.5 74 84
514.5 74 85
516.0 80 81
516.0 80 82
517.5 103 130
517.5 103 131
519.0 73 86
519.0 73 87
520.5 145 168
520.5 145 169
522.0 26 46
522.0 26 47
523.5 21 59
523.5 21 60
525.0 44 53
525.0 45 46
526.5 149 164
526.5 149 165
528.0 164 165
528.0 164 166
529.5 134 135
529.5 135 136
531.0 148 161
531.0 148 162
532.5 68 97
532.5 68 98
534.0 39 42
534.0 39 43
535.5 106 128
535.5 106 129
537.0 162 163
537.0 162 164
538.5 66 92
538.5 66 93
540.0 40 53
540.0 40 54
541.5 166 171
541.5 166 172
543.0 151 159
543.0 151 160
544.5 144 168
544.5 144 169
546.0 72 89
546.0 72 90
547.5 117 131
547.5 117 132
549.0 146 166
549.0 146 167
550.5 114 136
550.5 114 137
552.0 103 128
552.0 103 129
553.5 158 169
553.5 158 170
555.0 72 83
555.0 72 84
556.5 70 73
556.5 70 74
558.0 85 87
558.0 85 88
559.5 64 94
559.5 64 95
561.0 70 87
561.0 70 88
562.5 144 166
562.5 144 167
564.0 35 48
564.0 35 49
565.5 114 120
565.5 114 121
567.0 155 156
567.0 155 157
568.5 156 157
568.5 156 158
570.0 70 95
570.0 70 96
571.5 69 88
571.5 69 89
573.0 146 176
573.0 146 177
574.5 34 42
574.5 34 43
576.0 146 174
576.0 146 175
577.5 124 131
577.5 124 132
579.0 142 170
579.0 142 171
580.5 111 123
580.5 111 124
582.0 141 171
582.0 141 172
583.5 41 49
583.5 41 50
585.0 109 124
585.0 109 125
586.5 72 81
586.5 72 82
588.0 62 63
588.0 62 87
589.5 116 129
589.5 116 130
591.0 109 120
591.0 109 121
592.5 152 157
592.5 152 158
594.0 163 172
594.0 163 173
595.5 25 52
595.5 25 53
597.0 42 43
597.0 42 44
598.5 72 75
598.5 72 76
600.0 29 44
600.0 29 45
601.5 155 176
601.5 155 177
603.0 114 126
603.0 114 127
604.5 66 88
604.5 66 89
606.0 110 119
606.0 110 120
607.5 30 55
607.5 30 56
609.0 149 168
609.0 149 169
610.5 35 44
610.5 35 45
612.0 34 38
612.0 34 39
613.5 111 135
613.5 111 136
615.0 159 174
615.0 159 175
616.5 75 76
616.5 75 77
618.0 35 40
618.0 35 41
619.5 121 129
619.5 121 130
621.0 106 120
621.0 106 121
622.5 188 199
622.5 189 190
624.0 75 90
624.0 75 91
625.5 116 119
625.5 116 120
627.0 170 171
627.0 171 172
628.5 150 173
628.5 150 174
630.0 21 51
630.0 21 52
631.5 22 56
631.5 22 57
633.0 151 161
633.0 151 162
634.5 146 170
634.5 146 171
636.0 123 132
636.0 123 133
637.5 158 159
637.5 158 160
639.0 143 172
639.0 143 173
640.5 116 123
640.5 116 124
642.0 159 160
642.0 159 161
643.5 160 171
643.5 160 172
645.0 145 160
645.0 145 161
646.5 36 45
646.5 36 46
648.0 155 162
648.0 155 163
649.5 108 123
649.5 108 124
651.0 31 41
651.0 31 42
652.5 27 40
652.5 27 41
654.0 150 171
654.0 150 172
655.5 154 164
655.5 154 165
657.0 148 173
657.0 148 174
658.5 157 173
658.5 157 174
660.0 41 51
660.0 41 52
661.5 69 84
661.5 69 85
663.0 35 54
663.0 35 55
664.5 23 54
664.5 23 55
666.0 62 88
666.0 62 89
667.5 158 163
667.5 158 164
669.0 75 86
669.0 75 87
670.5 39 54
670.5 39 55
672.0 23 50
672.0 23 51
673.5 46 47
673.5 46 48
675.0 39 48
675.0 39 49
676.5 33 44
676.5 33 45
678.0 25 56
678.0 25 57
679.5 160 169
679.5 160 170
681.0 151 155
681.0 151 156
682.5 71 83
682.5 71 84
684.0 74 90
684.0 74 91
685.5 191 197
685.5 191 198
687.0 160 165
687.0 160 166
688.5 66 90
688.5 66 91
690.0 107 124
690.0 107 125
691.5 29 58
691.5 29 59
693.0 149 162
693.0 149 163
694.5 69 86
694.5 69 87
696.0 112 117
696.0 112 118
697.5 102 134
697.5 102 135
699.0 117 133
699.0 117 134
700.5 36 39
700.5 36 40
702.0 157 167
702.0 157 168
703.5 110 111
703.5 110 112
705.0 1 9
705.0 1 10
706.5 194 197
706.5 194 198
708.0 72 87
708.0 72 88
709.5 65 94
709.5 65 95
711.0 110 115
711.0 110 116
712.5 22 50
712.5 22 51
714.0 115 118
714.0 115 119
715.5 85 89
715.5 85 90
717.0 159 172
717.0 159 173
718.5 71 85
718.5 71 86
720.0 155 172
720.0 155 173
721.5 39 44
721.5 39 45
723.0 74 92
723.0 74 93
724.5 112 133
724.5 112 134
726.0 23 58
726.0 23 59
727.5 143 168
727.5 143 169
729.0 150 157
729.0 150 158
730.5 61 93
730.5 61 94
732.0 67 80
732.0 67 81
733.5 105 132
733.5 105 133
735.0 121 127
735.0 121 128
736.5 119 134
736.5 119 135
738.0 155 168
738.0 155 169
739.5 0 3
739.5 0 4
741.0 64 92
741.0 64 93
742.5 110 125
742.5 110 126
744.0 26 54
744.0 26 55
745.5 69 90
745.5 69 91
747.0 8 9
747.0 8 10
748.5 32 37
748.5 32 38
750.0 110 117
750.0 110 118
751.5 69 78
751.5 69 79
753.0 36 55
753.0 36 56
754.5 32 49
754.5 32 50
756.0 28 39
756.0 28 40
757.5 4 9
757.5 4 10
759.0 145 164
759.0 145 165
760.5 34 48
760.5 34 49
762.0 154 158
762.0 154 159
763.5 16 17
763.5 17 18
765.0 33 36
765.0 33 37
766.5 31 57
766.5 31 58
768.0 140 179
768.0 140 180
769.5 72 85
769.5 72 86
771.0 141 177
771.0 141 178
772.5 44 45
772.5 44 46
774.0 147 174
774.0 147 175
775.5 37 43
775.5 37 44
777.0 163 168
777.0 163 169
778.5 71 81
778.5 71 82
780.0 33 48
780.0 33 49
781.5 160 173
781.5 160 174
783.0 45 51
783.0 45 52
784.5 65 90
784.5 65 91
786.0 105 138
786.0 105 139
787.5 78 87
787.5 78 88
789.0 113 138
789.0 114 115
790.5 27 56
790.5 27 57
792.0 25 54
792.0 25 55
793.5 110 131
793.5 110 132
795.0 118 125
795.0 118 126
796.5 165 169
796.5 165 170
798.0 0 15
798.0 1 2
799.5 143 164
799.5 143 165
801.0 113 136
801.0 113 137
802.5 29 54
802.5 29 55
804.0 33 52
804.0 33 53
805.5 118 129
805.5 118 130
807.0 190 199
807.0 191 192
808.5 64 84
808.5 64 85
810.0 104 134
810.0 104 135
811.5 61 97
811.5 61 98
813.0 149 172
813.0 149 173
814.5 120 127
814.5 120 128
816.0 64 96
816.0 64 97
817.5 123 128
817.5 123 129
819.0 63 86
819.0 63 87
820.5 38 39
820.5 38 40
822.0 35 52
822.0 35 53
823.5 23 46
823.5 23 47
825.0 31 51
825.0 31 52
826.5 82 83
826.5 82 84
828.0 27 50
828.0 27 51
829.5 70 97
829.5 70 98
831.0 186 199
831.0 187 188
832.5 157 171
832.5 157 172
834.0 28 47
834.0 28 48
835.5 112 115
835.5 112 116
837.0 148 159
837.0 148 160
838.5 146 160
838.5 146 161
840.0 65 84
840.0 65 85
841.5 76 91
841.5 76 92
843.0 150 169
843.0 150 170
844.5 149 170
844.5 149 171
846.0 63 96
846.0 63 97
847.5 102 103
847.5 102 127
849.0 87 90
849.0 87 91
850.5 76 97
850.5 77 78
852.0 153 154
852.0 153 155
853.5 28 57
853.5 28 58
855.0 141 142
855.0 141 170
856.5 35 46
856.5 35 47
858.0 162 171
858.0 162 172
859.5 38 45
859.5 38 46
861.0 151 169
861.0 151 170
862.5 147 166
862.5 147 167
864.0 74 76
864.0 74 77
865.5 148 149
865.5 148 154
867.0 76 83
867.0 76 84
868.5 163 164
868.5 163 165
870.0 109 118
870.0 109 119
871.5 61 99
871.5 61 100
873.0 115 124
873.0 115 125
874.5 73 92
874.5 73 93
876.0 144 176
876.0 144 177
877.5 66 78
877.5 66 79
879.0 151 175
879.0 151 176
880.5 117 125
880.5 117 126
882.0 152 155
882.0 152 156
883.5 90 91
883.5 91 92
885.0 29 32
885.0 29 33
886.5 109 130
886.5 109 131
888.0 110 129
888.0 110 130
889.5 103 134
889.5 103 135
891.0 30 57
891.0 30 58
892.5 107 128
892.5 107 129
894.0 121 131
894.0 121 132
895.5 6 11
895.5 6 12
897.0 120 133
897.0 120 134
898.5 30 51
898.5 30 52
900.0 119 124
900.0 119 125
901.5 109 128
901.5 109 129
903.0 46 51
903.0 46 52
904.5 73 94
904.5 73 95
906.0 158 175
906.0 158 176
907.5 43 48
907.5 43 49
909.0 28 59
909.0 29 30
910.5 3 8
910.5 3 9
912.0 70 85
912.0 70 86
913.5 146 178
913.5 146 179
915.0 118 131
915.0 118 132
916.5 70 81
916.5 70 82
918.0 29 42
918.0 29 43
919.5 153 160
919.5 153 161
921.0 108 137
921.0 108 138
922.5 25 58
922.5 25 59
924.0 40 55
924.0 41 42
925.5 105 122
925.5 105 123
927.0 35 36
927.0 35 37
928.5 24 48
928.5 24 49
930.0 122 127
930.0 122 128
931.5 26 44
931.5 26 45
933.0 86 91
933.0 86 92
934.5 28 45
934.5 28 46
936.0 30 31
936.0 30 32
937.5 117 127
937.5 117 128
939.0 33 38
939.0 33 39
940.5 142 143
940.5 142 167
942.0 119 120
942.0 119 121
943.5 82 85
943.5 82 86
945.0 193 198
945.0 193 199
946.5 111 117
946.5 111 118
948.0 157 161
948.0 157 162
949.5 29 36
949.5 29 37
951.0 162 173
951.0 162 174
952.5 26 58
952.5 26 59
954.0 109 114
954.0 109 115
955.5 82 91
955.5 82 92
957.0 1 13
957.0 1 14
958.5 187 198
958.5 187 199
960.0 160 163
960.0 160 164
961.5 85 91
961.5 85 92
963.0 107 122
963.0 107 123
964.5 108 135
964.5 108 136
966.0 105 120
966.0 105 121
967.5 151 171
967.5 151 172
969.0 84 89
969.0 84 90
970.5 25 46
970.5 25 47
972.0 72 77
972.0 72 78
973.5 44 47
973.5 44 48
975.0 111 131
975.0 111 132
976.5 78 81
976.5 78 82
978.0 101 133
978.0 101 134
979.5 27 58
979.5 27 59
981.0 8 11
981.0 9 10
982.5 21 55
982.5 21 56
984.0 112 119
984.0 112 120
985.5 1 7
985.5 1 8
987.0 66 80
987.0 66 81
988.5 75 84
988.5 75 85
990.0 36 57
990.0 37 38
991.5 154 172
991.5 154 173
993.0 43 52
993.0 43 53
994.5 128 131
994.5 129 130
996.0 75 78
996.0 75 79
997.5 150 165
997.5 150 166
999.0 102 136
999.0 102 137
1000.5 111 121
1000.5 111 122
1002.0 21 53
1002.0 21 54
1003.5 36 51
1003.5 36 52
1005.0 107 118
1005.0 107 119
1006.5 116 135
1006.5 116 136
1008.0 120 129
1008.0 120 130
1009.5 68 87
1009.5 68 88
1011.0 156 175
1011.0 156 176
1012.5 116 121
1012.5 116 122
1014.0 81 87
1014.0 81 88
1015.5 112 113
1015.5 112 114
1017.0 38 51
1017.0 38 52
1018.5 120 135
1018.5 121 122
1020.0 20 55
1020.0 20 56
1021.5 73 96
1021.5 73 97
1023.0 40 47
1023.0 40 48
1024.5 29 46
1024.5 29 47
1026.0 106 122
1026.0 106 123
1027.5 33 42
1027.5 33 43
1029.0 25 60
1029.0 26 27
1030.5 82 87
1030.5 82 88
1032.0 143 166
1032.0 143 167
1033.5 2 9
1033.5 2 10
1035.0 168 171
1035.0 169 170
1036.5 71 89
1036.5 71 90
1038.0 42 53
1038.0 42 54
1039.5 143 178
1039.5 143 179
1041.0 103 136
1041.0 103 137
1042.5 62 100
1042.5 63 64
1044.0 107 126
1044.0 107 127
1045.5 33 50
1045.5 33 51
1047.0 68 81
1047.0 68 82
1048.5 67 96
1048.5 67 97
1050.0 190 195
1050.0 190 196
1051.5 141 173
1051.5 141 174
1053.0 32 43
1053.0 32 44
1054.5 140 175
1054.5 140 176
1056.0 29 48
1056.0 29 49
1057.5 70 93
1057.5 70 94
1059.0 152 175
1059.0 152 176
1060.5 104 132
1060.5 104 133
1062.0 0 5
1062.0 0 6
1063.5 164 171
1063.5 164 172
1065.0 118 123
1065.0 118 124
1066.5 33 46
1066.5 33 47
1068.0 24 58
1068.0 24 59
1069.5 158 167
1069.5 158 168
1071.0 4 5
1071.0 4 6
1072.5 47 48
1072.5 47 49
1074.0 60 97
1074.0 60 98
1075.5 149 152
1075.5 149 153
1077.0 62 90
1077.0 62 91
1078.5 27 52
1078.5 27 53
1080.0 76 87
1080.0 76 88
1081.5 113 132
1081.5 113 133
1083.0 148 157
1083.0 148 158
1084.5 75 92
1084.5 75 93
1086.0 153 174
1086.0 153 175
1087.5 190 197
1087.5 190 198
1089.0 34 40
1089.0 34 41
1090.5 30 33
1090.5 30 34
1092.0 142 172
1092.0 142 173
1093.5 45 49
1093.5 45 50
1095.0 147 156
1095.0 147 157
1096.5 119 132
1096.5 119 133
1098.0 28 49
1098.0 28 50
1099.5 140 177
1099.5 140 178
1101.0 34 36
1101.0 34 37
1102.5 33 54
1102.5 33 55
1104.0 65 82
1104.0 65 83
1105.5 5 11
1105.5 5 12
1107.0 68 69
1107.0 68 74
1108.5 67 86
1108.5 67 87
1110.0 146 162
1110.0 146 163
1111.5 153 170
1111.5 153 171
1113.0 116 131
1113.0 116 132
1114.5 117 135
1114.5 117 136
1116.0 117 121
1116.0 117 122
1117.5 83 88
1117.5 83 89
1119.0 21 22
1119.0 21 50
1120.5 115 128
1120.5 115 129
1122.0 148 179
1122.0 149 150
1123.5 154 176
1123.5 154 177
1125.0 105 124
1125.0 105 125
1126.5 152 159
1126.5 152 160
1128.0 123 130
1128.0 123 131
1129.5 36 53
1129.5 36 54
1131.0 52 53
1131.0 53 54
1132.5 143 176
1132.5 143 177
1134.0 5 9
1134.0 5 10
1135.5 41 47
1135.5 41 48
1137.0 78 83
1137.0 78 84
1138.5 48 51
1138.5 49 50
1140.0 191 199
1140.0 192 193
1141.5 76 95
1141.5 76 96
1143.0 30 45
1143.0 30 46
1144.5 162 169
1144.5 162 170
1146.0 121 125
1146.0 121 126
1147.5 125 131
1147.5 125 132
1149.0 108 119
1149.0 108 120
1150.5 103 126
1150.5 103 127
1152.0 64 98
1152.0 64 99
1153.5 67 78
1153.5 67 79
1155.0 31 49
1155.0 31 50
1156.5 65 88
1156.5 65 89
1158.0 64 88
1158.0 64 89
1159.5 128 129
1159.5 128 130
1161.0 34 52
1161.0 34 53
1162.5 152 167
1162.5 152 168
1164.0 2 7
1164.0 2 8
1165.5 61 95
1165.5 61 96
1167.0 104 140
1167.0 105 106
1168.5 118 119
1168.5 118 120
1170.0 108 129
1170.0 108 130
1171.5 156 163
1171.5 156 164
1173.0 145 178
1173.0 145 179
1174.5 2 13
1174.5 2 14
1176.0 140 141
1176.0 140 174
1177.5 114 128
1177.5 114 129
1179.0 163 170
1179.0 163 171
1180.5 27 44
1180.5 27 45
1182.0 3 4
1182.0 3 5
1183.5 112 131
1183.5 112 132
1185.0 27 38
1185.0 27 39
1186.5 105 134
1186.5 105 135
1188.0 67 98
1188.0 67 99
1189.5 112 121
1189.5 112 122
1191.0 26 52
1191.0 26 53
1192.5 69 82
1192.5 69 83
1194.0 40 45
1194.0 40 46
1195.5 34 50
1195.5 34 51
1197.0 160 161
1197.0 160 162
1198.5 44 51
1198.5 44 52
1200.0 150 179
1200.0 151 152
1201.5 188 189
1201.5 188 194
1203.0 0 1
1203.0 0 2
1204.5 31 45
1204.5 31 46
1206.0 148 163
1206.0 148 164
1207.5 63 90
1207.5 63 91
1209.0 67 88
1209.0 67 89
1210.5 72 73
1210.5 72 74
1212.0 150 161
1212.0 150 162
1213.5 184 185
1213.5 185 186
1215.0 32 45
1215.0 32 46
1216.5 21 57
1216.5 21 58
1218.0 110 139
1218.0 111 112
1219.5 77 89
1219.5 77 90
1221.0 79 94
1221.0 79 95
1222.5 150 175
1222.5 150 176
1224.0 72 95
1224.0 72 96
1225.5 106 138
1225.5 106 139
1227.0 115 130
1227.0 115 131
1228.5 30 35
1228.5 30 36
1230.0 113 120
1230.0 113 121
1231.5 114 122
1231.5 114 123
1233.0 108 139
1233.0 109 110
1234.5 114 124
1234.5 114 125
1236.0 73 74
1236.0 73 75
1237.5 189 194
1237.5 189 195
1239.0 88 91
1239.0 89 90
1240.5 67 84
1240.5 67 85
1242.0 155 174
1242.0 155 175
1243.5 115 134
1243.5 115 135
1245.0 150 163
1245.0 150 164
1246.5 161 169
1246.5 161 170
1248.0 67 92
1248.0 67 93
1249.5 153 166
1249.5 153 167
1251.0 161 165
1251.0 161 166
1252.5 5 7
1252.5 5 8
1254.0 114 134
1254.0 114 135
1255.5 83 92
1255.5 83 93
1257.0 77 95
1257.0 77 96
1258.5 151 153
1258.5 151 154
1260.0 3 12
1260.0 3 13
1261.5 159 166
1261.5 159 167
1263.0 101 137
1263.0 101 138
1264.5 164 167
1264.5 164 168
1266.0 109 112
1266.0 109 113
1267.5 69 72
1267.5 69 73
1269.0 28 51
1269.0 28 52
1270.5 100 135
1270.5 100 136
1272.0 103 124
1272.0 103 125
1273.5 87 88
1273.5 87 89
1275.0 77 93
1275.0 77 94
1276.5 38 55
1276.5 38 56
1278.0 80 85
1278.0 80 86
1279.5 74 82
1279.5 74 83
1281.0 78 95
1281.0 78 96
1282.5 162 167
1282.5 162 168
1284.0 145 170
1284.0 145 171
1285.5 109 134
1285.5 109 135
1287.0 121 133
1287.0 121 134
1288.5 26 42
1288.5 26 43
1290.0 152 169
1290.0 152 170
1291.5 24 46
1291.5 24 47
1293.0 66 86
1293.0 66 87
1294.5 71 73
1294.5 71 74
1296.0 119 126
1296.0 119 127
1297.5 78 79
1297.5 78 80
1299.0 110 135
1299.0 110 136
1300.5 25 44
1300.5 25 45
1302.0 1 11
1302.0 1 12
1303.5 18 19
1303.5 19 20
1305.0 148 165
1305.0 148 166
1306.5 117 119
1306.5 117 120
1308.0 65 96
1308.0 65 97
1309.5 118 127
1309.5 118 128
1311.0 159 162
1311.0 159 163
1312.5 34 46
1312.5 34 47
1314.0 142 176
1314.0 142 177
1315.5 71 77
1315.5 71 78
1317.0 120 121
1317.0 120 122
1318.5 23 52
1318.5 23 53
1320.0 62 94
1320.0 62 95
1321.5 30 49
1321.5 30 50
1323.0 72 91
1323.0 72 92
1324.5 80 93
1324.5 80 94
1326.0 32 35
1326.0 32 36
1327.5 109 132
1327.5 109 133
1329.0 35 50
1329.0 35 51
1330.5 28 55
1330.5 28 56
1332.0 146 180
1332.0 147 148
1333.5 109 116
1333.5 109 117
1335.0 74 78
1335.0 74 79
1336.5 189 196
1336.5 189 197
1338.0 29 40
1338.0 29 41
1339.5 127 130
1339.5 127 131
1341.0 148 175
1341.0 148 176
1342.5 71 75
1342.5 71 76
1344.0 31 37
1344.0 31 38
1345.5 150 153
1345.5 150 154
1347.0 157 175
1347.0 157 176
1348.5 155 160
1348.5 155 161
1350.0 196 198
1350.0 196 199
1351.5 12 13
1351.5 13 14
1353.0 168 169
1353.0 168 170
1354.5 28 29
1354.5 28 34
1356.0 113 114
1356.0 113 115
1357.5 25 50
1357.5 25 51
1359.0 71 87
1359.0 71 88
1360.5 166 167
1360.5 166 168
1362.0 80 83
1362.0 80 84
1363.5 149 174
1363.5 149 175
1365.0 194 195
1365.0 194 196
1366.5 39 52
1366.5 39 53
1368.0 142 168
1368.0 142 169
1369.5 152 173
1369.5 152 174
1371.0 73 98
1371.0 74 75
1372.5 78 89
1372.5 78 90
1374.0 25 40
1374.0 25 41
1375.5 37 45
1375.5 37 46
1377.0 30 37
1377.0 30 38
1378.5 107 116
1378.5 107 117
1380.0 84 85
1380.0 84 86
1381.5 151 163
1381.5 151 164
1383.0 146 158
1383.0 146 159
1384.5 187 196
1384.5 187 197
1386.0 114 118
1386.0 114 119
1387.5 149 154
1387.5 149 155
1389.0 110 113
1389.0 110 114
1390.5 151 157
1390.5 151 158
1392.0 158 165
1392.0 158 166
1393.5 38 41
1393.5 38 42
1395.0 40 49
1395.0 40 50
1396.5 156 165
1396.5 156 166
1398.0 164 173
1398.0 165 166
1399.5 4 11
1399.5 4 12
1401.0 61 62
1401.0 61 90
1402.5 75 96
1402.5 75 97
1404.0 76 79
1404.0 76 80
1405.5 75 80
1405.5 75 81
1407.0 150 159
1407.0 150 160
1408.5 69 96
1408.5 69 97
1410.0 103 132
1410.0 103 133
1411.5 100 101
1411.5 100 134
1413.0 35 42
1413.0 35 43
1414.5 29 38
1414.5 29 39
1416.0 115 116
1416.0 115 117
1417.5 38 43
1417.5 38 44
1419.0 116 127
1419.0 116 128
1420.5 54 55
1420.5 55 56
1422.0 104 138
1422.0 104 139
1423.5 143 180
1423.5 144 145
1425.0 108 109
1425.0 108 114
1426.5 154 174
1426.5 154 175
1428.0 70 79
1428.0 70 80
1429.5 28 37
1429.5 28 38
1431.0 104 130
1431.0 104 131
1432.5 122 133
1432.5 122 134
1434.0 98 99
1434.0 99 100
1435.5 76 93
1435.5 76 94
1437.0 150 155
1437.0 150 156
1438.5 68 79
1438.5 68 80
1440.0 119 130
1440.0 119 131
1441.5 0 7
1441.5 0 8
1443.0 69 80
1443.0 69 81
1444.5 156 161
1444.5 156 162
1446.0 71 97
1446.0 71 98
1447.5 116 125
1447.5 116 126
1449.0 22 52
1449.0 22 53
1450.5 113 134
1450.5 113 135
1452.0 70 83
1452.0 70 84
1453.5 33 58
1453.5 34 35
1455.0 110 123
1455.0 110 124
1456.5 162 165
1456.5 162 166
1458.0 113 122
1458.0 113 123
1459.5 66 100
1459.5 67 68
1461.0 147 162
1461.0 147 163
1462.5 69 74
1462.5 69 75
1464.0 1 5
1464.0 1 6
1465.5 31 33
1465.5 31 34
1467.0 14 15
1467.0 15 16
1468.5 116 137
1468.5 117 118
1470.0 102 128
1470.0 102 129
1471.5 144 162
1471.5 144 163
1473.0 111 133
1473.0 111 134
1474.5 108 133
1474.5 108 134
1476.0 66 98
1476.0 66 99
1477.5 29 50
1477.5 29 51
1479.0 34 54
1479.0 34 55
1480.5 100 139
1480.5 100 140
1482.0 30 59
1482.0 31 32
1483.5 118 135
1483.5 118 136
1485.0 172 173
1485.0 173 174
1486.5 124 127
1486.5 124 128
1488.0 66 94
1488.0 66 95
1489.5 145 180
1489.5 146 147
1491.0 24 50
1491.0 24 51
1492.5 153 164
1492.5 153 165
1494.0 156 167
1494.0 156 168
1495.5 106 118
1495.5 106 119
1497.0 37 51
1497.0 37 52
1498.5 148 155
1498.5 148 156
1500.0 63 92
1500.0 63 93
1501.5 67 94
1501.5 67 95
1503.0 80 89
1503.0 80 90
1504.5 157 169
1504.5 157 170
1506.0 65 98
1506.0 65 99
1507.5 76 85
1507.5 76 86
1509.0 155 166
1509.0 155 167
1510.5 23 56
1510.5 23 57
1512.0 193 196
1512.0 193 197
1513.5 115 122
1513.5 115 123
1515.0 115 120
1515.0 115 121
1516.5 145 174
1516.5 145 175
1518.0 58 59
1518.0 59 60
1519.5 164 169
1519.5 164 170
1521.0 147 160
1521.0 147 161
1522.5 63 100
1522.5 64 65
1524.0 23 48
1524.0 23 49
1525.5 163 166
1525.5 163 167
1527.0 22 58
1527.0 22 59
1528.5 155 164
1528.5 155 165
1530.0 112 123
1530.0 112 124
1531.5 70 71
1531.5 70 72
1533.0 32 33
1533.0 32 34
1534.5 33 40
1534.5 33 41
1536.0 144 180
1536.0 145 146
1537.5 78 91
1537.5 78 92
1539.0 37 41
1539.0 37 42
1540.5 75 94
1540.5 75 95
1542.0 156 171
1542.0 156 172
1543.5 148 169
1543.5 148 170
1545.0 161 171
1545.0 161 172
1546.5 160 175
1546.5 161 162
1548.0 38 47
1548.0 38 48
1549.5 111 127
1549.5 111 128
1551.0 118 121
1551.0 118 122
1552.5 198 199
1554.0 71 79
1554.0 71 80
1555.5 63 94
1555.5 63 95
1557.0 37 53
1557.0 37 54
1558.5 64 86
1558.5 64 87
1560.0 114 116
1560.0 114 117
1561.5 32 57
1561.5 32 58
1563.0 76 81
1563.0 76 82
1564.5 126 129
1564.5 126 130
1566.0 82 89
1566.0 82 90
1567.5 36 43
1567.5 36 44
1569.0 2 3
1569.0 2 4
1570.5 64 90
1570.5 64 91
1572.0 48 49
1572.0 48 50
1573.5 150 151
1573.5 150 152
1575.0 113 130
1575.0 113 131
1576.5 69 94
1576.5 69 95
1578.0 108 115
1578.0 108 116
1579.5 113 126
1579.5 113 127
1581.0 72 93
1581.0 72 94
1582.5 147 164
1582.5 147 165
1584.0 50 51
1584.0 51 52
1585.5 73 76
1585.5 73 77
1587.0 159 168
1587.0 159 169
1588.5 153 156
1588.5 153 157
1590.0 82 93
1590.0 82 94
1591.5 106 126
1591.5 106 127
1593.0 4 7
1593.0 4 8
1594.5 47 50
1594.5 47 51
1596.0 63 84
1596.0 63 85
1597.5 39 46
1597.5 39 47
1599.0 30 41
1599.0 30 42
1600.5 193 194
1600.5 193 195
1602.0 141 179
1602.0 141 180
1603.5 145 176
1603.5 145 177
1605.0 104 124
1605.0 104 125
1606.5 35 56
1606.5 35 57
1608.0 32 53
1608.0 32 54
1609.5 26 38
1609.5 26 39
1611.0 106 140
1611.0 107 108
1612.5 159 170
1612.5 159 171
1614.0 3 6
1614.0 3 7
1615.5 109 126
1615.5 109 127
1617.0 166 169
1617.0 166 170
1618.5 31 55
1618.5 31 56
1620.0 105 126
1620.0 105 127
1621.5 6 9
1621.5 6 10
1623.0 152 163
1623.0 152 164
1624.5 122 123
1624.5 122 124
1626.0 79 80
1626.0 79 81
1627.5 65 80
1627.5 65 81
1629.0 112 125
1629.0 112 126
1630.5 145 166
1630.5 145 167
1632.0 79 88
1632.0 79 89
1633.5 114 130
1633.5 114 131
1635.0 180 181
1635.0 181 182
1636.5 111 113
1636.5 111 114
1638.0 42 51
1638.0 42 52
1639.5 29 34
1639.5 29 35
1641.0 153 158
1641.0 153 159
1642.5 120 123
1642.5 120 124
1644.0 104 136
1644.0 104 137
1645.5 34 44
1645.5 34 45
1647.0 37 55
1647.0 37 56
1648.5 72 79
1648.5 72 80
1650.0 68 91
1650.0 68 92
1651.5 156 169
1651.5 156 170
1653.0 188 197
1653.0 188 198
1654.5 32 51
1654.5 32 52
1656.0 142 174
1656.0 142 175
1657.5 108 127
1657.5 108 128
1659.0 28 35
1659.0 28 36
1660.5 136 137
1660.5 137 138
1662.0 138 139
1662.0 139 140
1663.5 147 178
1663.5 147 179
1665.0 60 61
1665.0 60 94
1666.5 43 46
1666.5 43 47
1668.0 28 41
1668.0 28 42
1669.5 34 56
1669.5 34 57
1671.0 38 53
1671.0 38 54
