0 171 180
0 171 181
0 171 182
0 171 183
0 171 184
0 171 185
0 171 186
0 171 187
0 171 188
0 171 189
0 171 190
0 171 191
0 171 192
0 171 193
0 171 194
0 171 195
0 171 196
0 171 197
0 171 198
0 172 173
0 172 174
0 172 175
0 172 176
0 172 177
0 172 178
0 172 179
0 172 180
0 172 181
0 172 182
0 172 183
0 172 184
301 54 69
301 54 70
301 54 71
301 54 72
301 54 73
301 54 74
301 54 75
301 54 76
301 54 77
301 55 56
301 55 57
301 55 58
301 55 59
301 55 60
301 55 61
301 55 62
301 55 63
301 55 64
301 55 65
301 55 66
301 55 67
301 55 68
301 55 69
301 55 70
301 55 71
301 55 72
301 55 73
301 55 74
301 55 75
301 55 76
301 55 77
602 172 185
602 172 186
602 172 187
602 172 188
602 172 189
602 172 190
602 172 191
602 172 192
602 172 193
602 172 194
602 172 195
602 172 196
602 172 197
602 172 198
602 173 174
602 173 175
602 173 176
602 173 177
602 173 178
602 173 179
602 173 180
602 173 181
602 173 182
602 173 183
602 173 184
602 173 185
602 173 186
602 173 187
602 173 188
602 173 189
602 173 190
903 52 56
903 52 57
903 52 58
903 52 59
903 52 60
903 52 61
903 52 62
903 52 63
903 52 64
903 52 65
903 52 66
903 52 67
903 52 68
903 52 69
903 52 70
903 52 71
903 52 72
903 52 73
903 52 74
903 52 75
903 52 76
903 52 77
903 52 78
903 53 54
903 53 55
903 53 56
903 53 57
903 53 58
903 53 59
903 53 60
903 53 61
1204 147 148
1204 147 149
1204 147 150
1204 147 151
1204 148 149
1204 148 150
1204 148 151
1204 149 150
1204 150 151
1204 151 152
1204 152 153
1204 153 154
1204 154 155
1204 155 156
1204 156 157
1204 157 158
1204 158 159
1204 159 160
1204 160 161
1204 160 194
1204 160 195
1204 160 196
1204 160 197
1204 160 198
1204 160 199
1204 161 162
1204 161 190
1204 161 191
1204 161 192
1204 161 193
1204 161 194
1505 129 148
1505 129 149
1505 129 150
1505 129 151
1505 129 152
1505 129 153
1505 129 154
1505 129 155
1505 129 156
1505 129 157
1505 129 158
1505 129 159
1505 130 131
1505 130 132
1505 130 133
1505 130 134
1505 130 135
1505 130 136
1505 130 137
1505 130 138
1505 130 139
1505 130 140
1505 130 141
1505 130 142
1505 130 143
1505 130 144
1505 130 145
1505 130 146
1505 130 147
1505 130 148
1505 130 149
1806 61 66
1806 61 67
1806 61 68
1806 61 69
1806 61 70
1806 61 71
1806 61 72
1806 61 73
1806 61 74
1806 62 63
1806 62 64
1806 62 65
1806 62 66
1806 62 67
1806 62 68
1806 62 69
1806 62 70
1806 62 71
1806 62 72
1806 62 73
1806 62 74
1806 63 64
1806 63 65
1806 63 66
1806 63 67
1806 63 68
1806 63 69
1806 63 70
1806 63 71
1806 63 72
1806 63 73
2107 91 102
2107 91 103
2107 91 104
2107 91 105
2107 91 106
2107 91 107
2107 91 108
2107 91 109
2107 91 110
2107 91 111
2107 91 112
2107 91 113
2107 91 114
2107 91 115
2107 91 116
2107 91 117
2107 91 118
2107 92 93
2107 92 94
2107 92 95
2107 92 96
2107 92 97
2107 92 98
2107 92 99
2107 92 100
2107 92 101
2107 92 102
2107 92 103
2107 92 104
2107 92 105
2107 92 106
2408 90 99
2408 90 100
2408 90 101
2408 90 102
2408 90 103
2408 90 104
2408 90 105
2408 90 106
2408 90 107
2408 90 108
2408 90 109
2408 90 110
2408 90 111
2408 90 112
2408 90 113
2408 90 114
2408 90 115
2408 90 116
2408 90 117
2408 90 118
2408 90 119
2408 91 92
2408 91 93
2408 91 94
2408 91 95
2408 91 96
2408 91 97
2408 91 98
2408 91 99
2408 91 100
2408 91 101
2709 138 152
2709 138 153
2709 138 154
2709 138 155
2709 138 156
2709 139 140
2709 139 141
2709 139 142
2709 139 143
2709 139 144
2709 139 145
2709 139 146
2709 139 147
2709 139 148
2709 139 149
2709 139 150
2709 139 151
2709 139 152
2709 139 153
2709 139 154
2709 139 155
2709 140 141
2709 140 142
2709 140 143
2709 140 144
2709 140 145
2709 140 146
2709 140 147
2709 140 148
2709 140 149
2709 140 150
3010 127 142
3010 127 143
3010 127 144
3010 127 145
3010 127 146
3010 127 147
3010 127 148
3010 127 149
3010 127 150
3010 127 151
3010 127 152
3010 127 153
3010 127 154
3010 127 155
3010 127 156
3010 127 157
3010 127 158
3010 127 159
3010 128 129
3010 128 134
3010 128 135
3010 128 136
3010 128 137
3010 128 138
3010 128 139
3010 128 140
3010 128 141
3010 128 142
3010 128 143
3010 128 144
3010 128 145
3311 182 183
3311 182 184
3311 182 185
3311 182 186
3311 182 187
3311 182 188
3311 182 189
3311 182 190
3311 182 191
3311 182 192
3311 182 193
3311 182 194
3311 183 184
3311 183 185
3311 183 186
3311 183 187
3311 183 188
3311 183 189
3311 183 190
3311 183 191
3311 183 192
3311 183 193
3311 184 185
3311 184 186
3311 184 187
3311 184 188
3311 184 189
3311 184 190
3311 184 191
3311 184 192
3311 184 193
3612 122 159
3612 122 160
3612 123 124
3612 123 144
3612 123 145
3612 123 146
3612 123 147
3612 123 148
3612 123 149
3612 123 150
3612 123 151
3612 123 152
3612 123 153
3612 123 154
3612 123 155
3612 123 156
3612 123 157
3612 123 158
3612 123 159
3612 123 160
3612 124 125
3612 124 142
3612 124 143
3612 124 144
3612 124 145
3612 124 146
3612 124 147
3612 124 148
3612 124 149
3612 124 150
3612 124 151
3913 175 176
3913 175 177
3913 175 178
3913 175 179
3913 175 180
3913 175 181
3913 175 182
3913 175 183
3913 175 184
3913 175 185
3913 175 186
3913 175 187
3913 175 188
3913 175 189
3913 175 190
3913 175 191
3913 175 192
3913 175 193
3913 175 194
3913 175 195
3913 175 196
3913 175 197
3913 176 177
3913 176 178
3913 176 179
3913 176 180
3913 176 181
3913 176 182
3913 176 183
3913 176 184
3913 176 185
4214 128 146
4214 128 147
4214 128 148
4214 128 149
4214 128 150
4214 128 151
4214 128 152
4214 128 153
4214 128 154
4214 128 155
4214 128 156
4214 128 157
4214 128 158
4214 128 159
4214 129 130
4214 129 132
4214 129 133
4214 129 134
4214 129 135
4214 129 136
4214 129 137
4214 129 138
4214 129 139
4214 129 140
4214 129 141
4214 129 142
4214 129 143
4214 129 144
4214 129 145
4214 129 146
4214 129 147
4515 124 152
4515 124 153
4515 124 154
4515 124 155
4515 124 156
4515 124 157
4515 124 158
4515 124 159
4515 124 160
4515 125 126
4515 125 140
4515 125 141
4515 125 142
4515 125 143
4515 125 144
4515 125 145
4515 125 146
4515 125 147
4515 125 148
4515 125 149
4515 125 150
4515 125 151
4515 125 152
4515 125 153
4515 125 154
4515 125 155
4515 125 156
4515 125 157
4515 125 158
4515 125 159
4515 125 160
4816 43 70
4816 43 71
4816 43 72
4816 43 73
4816 43 74
4816 43 75
4816 43 76
4816 43 77
4816 43 78
4816 43 79
4816 43 80
4816 44 45
4816 44 62
4816 44 63
4816 44 64
4816 44 65
4816 44 66
4816 44 67
4816 44 68
4816 44 69
4816 44 70
4816 44 71
4816 44 72
4816 44 73
4816 44 74
4816 44 75
4816 44 76
4816 44 77
4816 44 78
4816 44 79
4816 44 80
5117 57 68
5117 57 69
5117 57 70
5117 57 71
5117 57 72
5117 57 73
5117 57 74
5117 57 75
5117 57 76
5117 58 59
5117 58 60
5117 58 61
5117 58 62
5117 58 63
5117 58 64
5117 58 65
5117 58 66
5117 58 67
5117 58 68
5117 58 69
5117 58 70
5117 58 71
5117 58 72
5117 58 73
5117 58 74
5117 58 75
5117 58 76
5117 59 60
5117 59 61
5117 59 62
5117 59 63
5418 130 150
5418 130 151
5418 130 152
5418 130 153
5418 130 154
5418 130 155
5418 130 156
5418 130 157
5418 130 158
5418 130 159
5418 131 132
5418 131 133
5418 131 134
5418 131 135
5418 131 136
5418 131 137
5418 131 138
5418 131 139
5418 131 140
5418 131 141
5418 131 142
5418 131 143
5418 131 144
5418 131 145
5418 131 146
5418 131 147
5418 131 148
5418 131 149
5418 131 150
5418 131 151
5418 131 152
5719 0 1
5719 0 34
5719 0 35
5719 0 36
5719 0 37
5719 0 38
5719 0 39
5719 0 40
5719 1 2
5719 1 30
5719 1 31
5719 1 32
5719 1 33
5719 1 34
5719 1 35
5719 1 36
5719 1 37
5719 1 38
5719 1 39
5719 1 40
5719 2 3
5719 2 27
5719 2 28
5719 2 29
5719 2 30
5719 2 31
5719 2 32
5719 2 33
5719 2 34
5719 2 35
5719 2 36
6020 15 27
6020 15 28
6020 15 29
6020 15 30
6020 15 31
6020 15 32
6020 15 33
6020 15 34
6020 15 35
6020 15 36
6020 15 37
6020 16 17
6020 16 18
6020 16 19
6020 16 20
6020 16 21
6020 16 22
6020 16 23
6020 16 24
6020 16 25
6020 16 26
6020 16 27
6020 16 28
6020 16 29
6020 16 30
6020 16 31
6020 16 32
6020 16 33
6020 16 34
6020 16 35
6020 16 36
6321 96 108
6321 96 109
6321 96 110
6321 96 111
6321 96 112
6321 96 113
6321 96 114
6321 96 115
6321 96 116
6321 96 117
6321 97 98
6321 97 99
6321 97 100
6321 97 101
6321 97 102
6321 97 103
6321 97 104
6321 97 105
6321 97 106
6321 97 107
6321 97 108
6321 97 109
6321 97 110
6321 97 111
6321 97 112
6321 97 113
6321 97 114
6321 97 115
6321 97 116
6321 98 99
6321 98 100
6622 98 101
6622 98 102
6622 98 103
6622 98 104
6622 98 105
6622 98 106
6622 98 107
6622 98 108
6622 98 109
6622 98 110
6622 98 111
6622 98 112
6622 98 113
6622 98 114
6622 98 115
6622 98 116
6622 99 100
6622 99 101
6622 99 102
6622 99 103
6622 99 104
6622 99 105
6622 99 106
6622 99 107
6622 99 108
6622 99 109
6622 99 110
6622 99 111
6622 99 112
6622 99 113
6622 99 114
6923 176 186
6923 176 187
6923 176 188
6923 176 189
6923 176 190
6923 176 191
6923 176 192
6923 176 193
6923 176 194
6923 176 195
6923 176 196
6923 176 197
6923 177 178
6923 177 179
6923 177 180
6923 177 181
6923 177 182
6923 177 183
6923 177 184
6923 177 185
6923 177 186
6923 177 187
6923 177 188
6923 177 189
6923 177 190
6923 177 191
6923 177 192
6923 177 193
6923 177 194
6923 177 195
6923 177 196
7224 85 110
7224 85 111
7224 85 112
7224 85 113
7224 85 114
7224 85 115
7224 85 116
7224 85 117
7224 85 118
7224 85 119
7224 85 120
7224 86 87
7224 86 98
7224 86 99
7224 86 100
7224 86 101
7224 86 102
7224 86 103
7224 86 104
7224 86 105
7224 86 106
7224 86 107
7224 86 108
7224 86 109
7224 86 110
7224 86 111
7224 86 112
7224 86 113
7224 86 114
7224 86 115
7224 86 116
7525 12 36
7525 12 37
7525 12 38
7525 13 14
7525 13 15
7525 13 16
7525 13 17
7525 13 18
7525 13 19
7525 13 20
7525 13 21
7525 13 22
7525 13 23
7525 13 24
7525 13 25
7525 13 26
7525 13 27
7525 13 28
7525 13 29
7525 13 30
7525 13 31
7525 13 32
7525 13 33
7525 13 34
7525 13 35
7525 13 36
7525 13 37
7525 13 38
7525 14 15
7525 14 16
7525 14 17
7826 11 31
7826 11 32
7826 11 33
7826 11 34
7826 11 35
7826 11 36
7826 11 37
7826 11 38
7826 12 13
7826 12 14
7826 12 15
7826 12 16
7826 12 17
7826 12 18
7826 12 19
7826 12 20
7826 12 21
7826 12 22
7826 12 23
7826 12 24
7826 12 25
7826 12 26
7826 12 27
7826 12 28
7826 12 29
7826 12 30
7826 12 31
7826 12 32
7826 12 33
7826 12 34
7826 12 35
8127 4 30
8127 4 31
8127 4 32
8127 4 33
8127 4 34
8127 4 35
8127 4 36
8127 4 37
8127 4 38
8127 4 39
8127 4 40
8127 5 6
8127 5 20
8127 5 21
8127 5 22
8127 5 23
8127 5 24
8127 5 25
8127 5 26
8127 5 27
8127 5 28
8127 5 29
8127 5 30
8127 5 31
8127 5 32
8127 5 33
8127 5 34
8127 5 35
8127 5 36
8127 5 37
8127 5 38
8428 105 108
8428 105 109
8428 105 110
8428 105 111
8428 105 112
8428 106 107
8428 106 108
8428 106 109
8428 106 110
8428 106 111
8428 106 112
8428 107 108
8428 107 109
8428 107 110
8428 107 111
8428 108 109
8428 108 110
8428 108 111
8428 109 110
8428 110 111
8428 111 112
8428 112 113
8428 113 114
8428 114 115
8428 115 116
8428 116 117
8428 117 118
8428 118 119
8428 119 120
8428 120 121
8428 120 154
8729 47 71
8729 47 72
8729 47 73
8729 47 74
8729 47 75
8729 47 76
8729 47 77
8729 47 78
8729 47 79
8729 48 49
8729 48 54
8729 48 55
8729 48 56
8729 48 57
8729 48 58
8729 48 59
8729 48 60
8729 48 61
8729 48 62
8729 48 63
8729 48 64
8729 48 65
8729 48 66
8729 48 67
8729 48 68
8729 48 69
8729 48 70
8729 48 71
8729 48 72
8729 48 73
8729 48 74
9030 82 108
9030 82 109
9030 82 110
9030 82 111
9030 82 112
9030 82 113
9030 82 114
9030 82 115
9030 82 116
9030 82 117
9030 82 118
9030 82 119
9030 82 120
9030 83 84
9030 83 104
9030 83 105
9030 83 106
9030 83 107
9030 83 108
9030 83 109
9030 83 110
9030 83 111
9030 83 112
9030 83 113
9030 83 114
9030 83 115
9030 83 116
9030 83 117
9030 83 118
9030 83 119
9030 83 120
9331 140 151
9331 140 152
9331 140 153
9331 140 154
9331 140 155
9331 141 142
9331 141 143
9331 141 144
9331 141 145
9331 141 146
9331 141 147
9331 141 148
9331 141 149
9331 141 150
9331 141 151
9331 141 152
9331 141 153
9331 141 154
9331 142 143
9331 142 144
9331 142 145
9331 142 146
9331 142 147
9331 142 148
9331 142 149
9331 142 150
9331 142 151
9331 142 152
9331 142 153
9331 142 154
9331 143 144
9632 170 177
9632 170 178
9632 170 179
9632 170 180
9632 170 181
9632 170 182
9632 170 183
9632 170 184
9632 170 185
9632 170 186
9632 170 187
9632 170 188
9632 170 189
9632 170 190
9632 170 191
9632 170 192
9632 170 193
9632 170 194
9632 170 195
9632 170 196
9632 170 197
9632 170 198
9632 170 199
9632 171 172
9632 171 173
9632 171 174
9632 171 175
9632 171 176
9632 171 177
9632 171 178
9632 171 179
9933 16 37
9933 17 18
9933 17 19
9933 17 20
9933 17 21
9933 17 22
9933 17 23
9933 17 24
9933 17 25
9933 17 26
9933 17 27
9933 17 28
9933 17 29
9933 17 30
9933 17 31
9933 17 32
9933 17 33
9933 17 34
9933 17 35
9933 17 36
9933 18 19
9933 18 20
9933 18 21
9933 18 22
9933 18 23
9933 18 24
9933 18 25
9933 18 26
9933 18 27
9933 18 28
9933 18 29
10234 93 113
10234 93 114
10234 93 115
10234 93 116
10234 93 117
10234 93 118
10234 94 95
10234 94 96
10234 94 97
10234 94 98
10234 94 99
10234 94 100
10234 94 101
10234 94 102
10234 94 103
10234 94 104
10234 94 105
10234 94 106
10234 94 107
10234 94 108
10234 94 109
10234 94 110
10234 94 111
10234 94 112
10234 94 113
10234 94 114
10234 94 115
10234 94 116
10234 94 117
10234 95 96
10234 95 97
10535 2 37
10535 2 38
10535 2 39
10535 2 40
10535 3 4
10535 3 24
10535 3 25
10535 3 26
10535 3 27
10535 3 28
10535 3 29
10535 3 30
10535 3 31
10535 3 32
10535 3 33
10535 3 34
10535 3 35
10535 3 36
10535 3 37
10535 3 38
10535 3 39
10535 3 40
10535 4 5
10535 4 22
10535 4 23
10535 4 24
10535 4 25
10535 4 26
10535 4 27
10535 4 28
10535 4 29
10836 92 107
10836 92 108
10836 92 109
10836 92 110
10836 92 111
10836 92 112
10836 92 113
10836 92 114
10836 92 115
10836 92 116
10836 92 117
10836 92 118
10836 93 94
10836 93 95
10836 93 96
10836 93 97
10836 93 98
10836 93 99
10836 93 100
10836 93 101
10836 93 102
10836 93 103
10836 93 104
10836 93 105
10836 93 106
10836 93 107
10836 93 108
10836 93 109
10836 93 110
10836 93 111
10836 93 112
11137 7 20
11137 7 21
11137 7 22
11137 7 23
11137 7 24
11137 7 25
11137 7 26
11137 7 27
11137 7 28
11137 7 29
11137 7 30
11137 7 31
11137 7 32
11137 7 33
11137 7 34
11137 7 35
11137 7 36
11137 7 37
11137 7 38
11137 7 39
11137 8 9
11137 8 14
11137 8 15
11137 8 16
11137 8 17
11137 8 18
11137 8 19
11137 8 20
11137 8 21
11137 8 22
11137 8 23
11438 56 57
11438 56 58
11438 56 59
11438 56 60
11438 56 61
11438 56 62
11438 56 63
11438 56 64
11438 56 65
11438 56 66
11438 56 67
11438 56 68
11438 56 69
11438 56 70
11438 56 71
11438 56 72
11438 56 73
11438 56 74
11438 56 75
11438 56 76
11438 56 77
11438 57 58
11438 57 59
11438 57 60
11438 57 61
11438 57 62
11438 57 63
11438 57 64
11438 57 65
11438 57 66
11438 57 67
11739 49 77
11739 49 78
11739 49 79
11739 50 51
11739 50 52
11739 50 53
11739 50 54
11739 50 55
11739 50 56
11739 50 57
11739 50 58
11739 50 59
11739 50 60
11739 50 61
11739 50 62
11739 50 63
11739 50 64
11739 50 65
11739 50 66
11739 50 67
11739 50 68
11739 50 69
11739 50 70
11739 50 71
11739 50 72
11739 50 73
11739 50 74
11739 50 75
11739 50 76
11739 50 77
11739 50 78
12040 137 139
12040 137 140
12040 137 141
12040 137 142
12040 137 143
12040 137 144
12040 137 145
12040 137 146
12040 137 147
12040 137 148
12040 137 149
12040 137 150
12040 137 151
12040 137 152
12040 137 153
12040 137 154
12040 137 155
12040 137 156
12040 138 139
12040 138 140
12040 138 141
12040 138 142
12040 138 143
12040 138 144
12040 138 145
12040 138 146
12040 138 147
12040 138 148
12040 138 149
12040 138 150
12040 138 151
12341 59 64
12341 59 65
12341 59 66
12341 59 67
12341 59 68
12341 59 69
12341 59 70
12341 59 71
12341 59 72
12341 59 73
12341 59 74
12341 59 75
12341 60 61
12341 60 62
12341 60 63
12341 60 64
12341 60 65
12341 60 66
12341 60 67
12341 60 68
12341 60 69
12341 60 70
12341 60 71
12341 60 72
12341 60 73
12341 60 74
12341 60 75
12341 61 62
12341 61 63
12341 61 64
12341 61 65
12642 95 98
12642 95 99
12642 95 100
12642 95 101
12642 95 102
12642 95 103
12642 95 104
12642 95 105
12642 95 106
12642 95 107
12642 95 108
12642 95 109
12642 95 110
12642 95 111
12642 95 112
12642 95 113
12642 95 114
12642 95 115
12642 95 116
12642 95 117
12642 96 97
12642 96 98
12642 96 99
12642 96 100
12642 96 101
12642 96 102
12642 96 103
12642 96 104
12642 96 105
12642 96 106
12642 96 107
12943 48 75
12943 48 76
12943 48 77
12943 48 78
12943 48 79
12943 49 50
12943 49 52
12943 49 53
12943 49 54
12943 49 55
12943 49 56
12943 49 57
12943 49 58
12943 49 59
12943 49 60
12943 49 61
12943 49 62
12943 49 63
12943 49 64
12943 49 65
12943 49 66
12943 49 67
12943 49 68
12943 49 69
12943 49 70
12943 49 71
12943 49 72
12943 49 73
12943 49 74
12943 49 75
12943 49 76
13244 99 115
13244 100 101
13244 100 102
13244 100 103
13244 100 104
13244 100 105
13244 100 106
13244 100 107
13244 100 108
13244 100 109
13244 100 110
13244 100 111
13244 100 112
13244 100 113
13244 100 114
13244 100 115
13244 101 102
13244 101 103
13244 101 104
13244 101 105
13244 101 106
13244 101 107
13244 101 108
13244 101 109
13244 101 110
13244 101 111
13244 101 112
13244 101 113
13244 101 114
13244 102 103
13244 102 104
13545 165 186
13545 165 187
13545 165 188
13545 165 189
13545 165 190
13545 165 191
13545 165 192
13545 165 193
13545 165 194
13545 165 195
13545 165 196
13545 165 197
13545 165 198
13545 165 199
13545 166 167
13545 166 178
13545 166 179
13545 166 180
13545 166 181
13545 166 182
13545 166 183
13545 166 184
13545 166 185
13545 166 186
13545 166 187
13545 166 188
13545 166 189
13545 166 190
13545 166 191
13545 166 192
13545 166 193
13846 22 34
13846 23 24
13846 23 25
13846 23 26
13846 23 27
13846 23 28
13846 23 29
13846 23 30
13846 23 31
13846 23 32
13846 23 33
13846 24 25
13846 24 26
13846 24 27
13846 24 28
13846 24 29
13846 24 30
13846 24 31
13846 24 32
13846 24 33
13846 25 26
13846 25 27
13846 25 28
13846 25 29
13846 25 30
13846 25 31
13846 25 32
13846 26 27
13846 26 28
13846 26 29
13846 26 30
14147 89 97
14147 89 98
14147 89 99
14147 89 100
14147 89 101
14147 89 102
14147 89 103
14147 89 104
14147 89 105
14147 89 106
14147 89 107
14147 89 108
14147 89 109
14147 89 110
14147 89 111
14147 89 112
14147 89 113
14147 89 114
14147 89 115
14147 89 116
14147 89 117
14147 89 118
14147 89 119
14147 90 91
14147 90 92
14147 90 93
14147 90 94
14147 90 95
14147 90 96
14147 90 97
14147 90 98
14448 71 72
14448 72 73
14448 73 74
14448 74 75
14448 75 76
14448 76 77
14448 77 78
14448 78 79
14448 79 80
14448 80 81
14448 80 114
14448 80 115
14448 80 116
14448 80 117
14448 80 118
14448 80 119
14448 80 120
14448 81 82
14448 81 110
14448 81 111
14448 81 112
14448 81 113
14448 81 114
14448 81 115
14448 81 116
14448 81 117
14448 81 118
14448 81 119
14448 81 120
14448 82 83
14448 82 107
14749 64 65
14749 64 66
14749 64 67
14749 64 68
14749 64 69
14749 64 70
14749 64 71
14749 64 72
14749 64 73
14749 65 66
14749 65 67
14749 65 68
14749 65 69
14749 65 70
14749 65 71
14749 65 72
14749 66 67
14749 66 68
14749 66 69
14749 66 70
14749 66 71
14749 66 72
14749 67 68
14749 67 69
14749 67 70
14749 67 71
14749 68 69
14749 68 70
14749 68 71
14749 69 70
14749 70 71
15050 120 155
15050 120 156
15050 120 157
15050 120 158
15050 120 159
15050 120 160
15050 121 122
15050 121 150
15050 121 151
15050 121 152
15050 121 153
15050 121 154
15050 121 155
15050 121 156
15050 121 157
15050 121 158
15050 121 159
15050 121 160
15050 122 123
15050 122 147
15050 122 148
15050 122 149
15050 122 150
15050 122 151
15050 122 152
15050 122 153
15050 122 154
15050 122 155
15050 122 156
15050 122 157
15050 122 158
15351 45 46
15351 45 60
15351 45 61
15351 45 62
15351 45 63
15351 45 64
15351 45 65
15351 45 66
15351 45 67
15351 45 68
15351 45 69
15351 45 70
15351 45 71
15351 45 72
15351 45 73
15351 45 74
15351 45 75
15351 45 76
15351 45 77
15351 45 78
15351 45 79
15351 45 80
15351 46 47
15351 46 58
15351 46 59
15351 46 60
15351 46 61
15351 46 62
15351 46 63
15351 46 64
15351 46 65
15652 161 195
15652 161 196
15652 161 197
15652 161 198
15652 161 199
15652 162 163
15652 162 187
15652 162 188
15652 162 189
15652 162 190
15652 162 191
15652 162 192
15652 162 193
15652 162 194
15652 162 195
15652 162 196
15652 162 197
15652 162 198
15652 162 199
15652 163 164
15652 163 184
15652 163 185
15652 163 186
15652 163 187
15652 163 188
15652 163 189
15652 163 190
15652 163 191
15652 163 192
15652 163 193
15652 163 194
15953 86 117
15953 86 118
15953 86 119
15953 86 120
15953 87 88
15953 87 96
15953 87 97
15953 87 98
15953 87 99
15953 87 100
15953 87 101
15953 87 102
15953 87 103
15953 87 104
15953 87 105
15953 87 106
15953 87 107
15953 87 108
15953 87 109
15953 87 110
15953 87 111
15953 87 112
15953 87 113
15953 87 114
15953 87 115
15953 87 116
15953 87 117
15953 87 118
15953 87 119
15953 88 89
15953 88 94
16254 14 18
16254 14 19
16254 14 20
16254 14 21
16254 14 22
16254 14 23
16254 14 24
16254 14 25
16254 14 26
16254 14 27
16254 14 28
16254 14 29
16254 14 30
16254 14 31
16254 14 32
16254 14 33
16254 14 34
16254 14 35
16254 14 36
16254 14 37
16254 15 16
16254 15 17
16254 15 18
16254 15 19
16254 15 20
16254 15 21
16254 15 22
16254 15 23
16254 15 24
16254 15 25
16254 15 26
16555 18 30
16555 18 31
16555 18 32
16555 18 33
16555 18 34
16555 18 35
16555 18 36
16555 19 20
16555 19 21
16555 19 22
16555 19 23
16555 19 24
16555 19 25
16555 19 26
16555 19 27
16555 19 28
16555 19 29
16555 19 30
16555 19 31
16555 19 32
16555 19 33
16555 19 34
16555 19 35
16555 20 21
16555 20 22
16555 20 23
16555 20 24
16555 20 25
16555 20 26
16555 20 27
16555 20 28
16856 131 153
16856 131 154
16856 131 155
16856 131 156
16856 131 157
16856 131 158
16856 132 133
16856 132 134
16856 132 135
16856 132 136
16856 132 137
16856 132 138
16856 132 139
16856 132 140
16856 132 141
16856 132 142
16856 132 143
16856 132 144
16856 132 145
16856 132 146
16856 132 147
16856 132 148
16856 132 149
16856 132 150
16856 132 151
16856 132 152
16856 132 153
16856 132 154
16856 132 155
16856 132 156
16856 132 157
17157 9 26
17157 9 27
17157 9 28
17157 9 29
17157 9 30
17157 9 31
17157 9 32
17157 9 33
17157 9 34
17157 9 35
17157 9 36
17157 9 37
17157 9 38
17157 9 39
17157 10 11
17157 10 12
17157 10 13
17157 10 14
17157 10 15
17157 10 16
17157 10 17
17157 10 18
17157 10 19
17157 10 20
17157 10 21
17157 10 22
17157 10 23
17157 10 24
17157 10 25
17157 10 26
17157 10 27
17458 173 191
17458 173 192
17458 173 193
17458 173 194
17458 173 195
17458 173 196
17458 173 197
17458 173 198
17458 174 175
17458 174 176
17458 174 177
17458 174 178
17458 174 179
17458 174 180
17458 174 181
17458 174 182
17458 174 183
17458 174 184
17458 174 185
17458 174 186
17458 174 187
17458 174 188
17458 174 189
17458 174 190
17458 174 191
17458 174 192
17458 174 193
17458 174 194
17458 174 195
17458 174 196
17458 174 197
17759 135 149
17759 135 150
17759 135 151
17759 135 152
17759 135 153
17759 135 154
17759 135 155
17759 135 156
17759 135 157
17759 136 137
17759 136 138
17759 136 139
17759 136 140
17759 136 141
17759 136 142
17759 136 143
17759 136 144
17759 136 145
17759 136 146
17759 136 147
17759 136 148
17759 136 149
17759 136 150
17759 136 151
17759 136 152
17759 136 153
17759 136 154
17759 136 155
17759 136 156
17759 136 157
17759 137 138
18060 88 95
18060 88 96
18060 88 97
18060 88 98
18060 88 99
18060 88 100
18060 88 101
18060 88 102
18060 88 103
18060 88 104
18060 88 105
18060 88 106
18060 88 107
18060 88 108
18060 88 109
18060 88 110
18060 88 111
18060 88 112
18060 88 113
18060 88 114
18060 88 115
18060 88 116
18060 88 117
18060 88 118
18060 88 119
18060 89 90
18060 89 92
18060 89 93
18060 89 94
18060 89 95
18060 89 96
18361 178 179
18361 178 180
18361 178 181
18361 178 182
18361 178 183
18361 178 184
18361 178 185
18361 178 186
18361 178 187
18361 178 188
18361 178 189
18361 178 190
18361 178 191
18361 178 192
18361 178 193
18361 178 194
18361 178 195
18361 178 196
18361 179 180
18361 179 181
18361 179 182
18361 179 183
18361 179 184
18361 179 185
18361 179 186
18361 179 187
18361 179 188
18361 179 189
18361 179 190
18361 179 191
18361 179 192
18662 169 175
18662 169 176
18662 169 177
18662 169 178
18662 169 179
18662 169 180
18662 169 181
18662 169 182
18662 169 183
18662 169 184
18662 169 185
18662 169 186
18662 169 187
18662 169 188
18662 169 189
18662 169 190
18662 169 191
18662 169 192
18662 169 193
18662 169 194
18662 169 195
18662 169 196
18662 169 197
18662 169 198
18662 169 199
18662 170 171
18662 170 172
18662 170 173
18662 170 174
18662 170 175
18662 170 176
18963 84 85
18963 84 102
18963 84 103
18963 84 104
18963 84 105
18963 84 106
18963 84 107
18963 84 108
18963 84 109
18963 84 110
18963 84 111
18963 84 112
18963 84 113
18963 84 114
18963 84 115
18963 84 116
18963 84 117
18963 84 118
18963 84 119
18963 84 120
18963 85 86
18963 85 100
18963 85 101
18963 85 102
18963 85 103
18963 85 104
18963 85 105
18963 85 106
18963 85 107
18963 85 108
18963 85 109
19264 53 62
19264 53 63
19264 53 64
19264 53 65
19264 53 66
19264 53 67
19264 53 68
19264 53 69
19264 53 70
19264 53 71
19264 53 72
19264 53 73
19264 53 74
19264 53 75
19264 53 76
19264 53 77
19264 53 78
19264 54 55
19264 54 56
19264 54 57
19264 54 58
19264 54 59
19264 54 60
19264 54 61
19264 54 62
19264 54 63
19264 54 64
19264 54 65
19264 54 66
19264 54 67
19264 54 68
19565 5 39
19565 5 40
19565 6 7
19565 6 18
19565 6 19
19565 6 20
19565 6 21
19565 6 22
19565 6 23
19565 6 24
19565 6 25
19565 6 26
19565 6 27
19565 6 28
19565 6 29
19565 6 30
19565 6 31
19565 6 32
19565 6 33
19565 6 34
19565 6 35
19565 6 36
19565 6 37
19565 6 38
19565 6 39
19565 6 40
19565 7 8
19565 7 16
19565 7 17
19565 7 18
19565 7 19
19866 10 28
19866 10 29
19866 10 30
19866 10 31
19866 10 32
19866 10 33
19866 10 34
19866 10 35
19866 10 36
19866 10 37
19866 10 38
19866 10 39
19866 11 12
19866 11 13
19866 11 14
19866 11 15
19866 11 16
19866 11 17
19866 11 18
19866 11 19
19866 11 20
19866 11 21
19866 11 22
19866 11 23
19866 11 24
19866 11 25
19866 11 26
19866 11 27
19866 11 28
19866 11 29
19866 11 30
20167 20 29
20167 20 30
20167 20 31
20167 20 32
20167 20 33
20167 20 34
20167 20 35
20167 21 22
20167 21 23
20167 21 24
20167 21 25
20167 21 26
20167 21 27
20167 21 28
20167 21 29
20167 21 30
20167 21 31
20167 21 32
20167 21 33
20167 21 34
20167 22 23
20167 22 24
20167 22 25
20167 22 26
20167 22 27
20167 22 28
20167 22 29
20167 22 30
20167 22 31
20167 22 32
20167 22 33
20468 179 193
20468 179 194
20468 179 195
20468 180 181
20468 180 182
20468 180 183
20468 180 184
20468 180 185
20468 180 186
20468 180 187
20468 180 188
20468 180 189
20468 180 190
20468 180 191
20468 180 192
20468 180 193
20468 180 194
20468 180 195
20468 181 182
20468 181 183
20468 181 184
20468 181 185
20468 181 186
20468 181 187
20468 181 188
20468 181 189
20468 181 190
20468 181 191
20468 181 192
20468 181 193
20468 181 194
20769 166 194
20769 166 195
20769 166 196
20769 166 197
20769 166 198
20769 166 199
20769 167 168
20769 167 176
20769 167 177
20769 167 178
20769 167 179
20769 167 180
20769 167 181
20769 167 182
20769 167 183
20769 167 184
20769 167 185
20769 167 186
20769 167 187
20769 167 188
20769 167 189
20769 167 190
20769 167 191
20769 167 192
20769 167 193
20769 167 194
20769 167 195
20769 167 196
20769 167 197
20769 167 198
20769 167 199
21070 143 145
21070 143 146
21070 143 147
21070 143 148
21070 143 149
21070 143 150
21070 143 151
21070 143 152
21070 143 153
21070 144 145
21070 144 146
21070 144 147
21070 144 148
21070 144 149
21070 144 150
21070 144 151
21070 144 152
21070 144 153
21070 145 146
21070 145 147
21070 145 148
21070 145 149
21070 145 150
21070 145 151
21070 145 152
21070 146 147
21070 146 148
21070 146 149
21070 146 150
21070 146 151
21070 146 152
21371 126 127
21371 126 138
21371 126 139
21371 126 140
21371 126 141
21371 126 142
21371 126 143
21371 126 144
21371 126 145
21371 126 146
21371 126 147
21371 126 148
21371 126 149
21371 126 150
21371 126 151
21371 126 152
21371 126 153
21371 126 154
21371 126 155
21371 126 156
21371 126 157
21371 126 158
21371 126 159
21371 126 160
21371 127 128
21371 127 136
21371 127 137
21371 127 138
21371 127 139
21371 127 140
21371 127 141
21672 134 140
21672 134 141
21672 134 142
21672 134 143
21672 134 144
21672 134 145
21672 134 146
21672 134 147
21672 134 148
21672 134 149
21672 134 150
21672 134 151
21672 134 152
21672 134 153
21672 134 154
21672 134 155
21672 134 156
21672 134 157
21672 135 136
21672 135 137
21672 135 138
21672 135 139
21672 135 140
21672 135 141
21672 135 142
21672 135 143
21672 135 144
21672 135 145
21672 135 146
21672 135 147
21672 135 148
21973 41 72
21973 41 73
21973 41 74
21973 41 75
21973 41 76
21973 41 77
21973 41 78
21973 41 79
21973 41 80
21973 42 43
21973 42 67
21973 42 68
21973 42 69
21973 42 70
21973 42 71
21973 42 72
21973 42 73
21973 42 74
21973 42 75
21973 42 76
21973 42 77
21973 42 78
21973 42 79
21973 42 80
21973 43 44
21973 43 64
21973 43 65
21973 43 66
21973 43 67
21973 43 68
21973 43 69
22274 46 66
22274 46 67
22274 46 68
22274 46 69
22274 46 70
22274 46 71
22274 46 72
22274 46 73
22274 46 74
22274 46 75
22274 46 76
22274 46 77
22274 46 78
22274 46 79
22274 46 80
22274 47 48
22274 47 56
22274 47 57
22274 47 58
22274 47 59
22274 47 60
22274 47 61
22274 47 62
22274 47 63
22274 47 64
22274 47 65
22274 47 66
22274 47 67
22274 47 68
22274 47 69
22274 47 70
22575 163 195
22575 163 196
22575 163 197
22575 163 198
22575 163 199
22575 164 165
22575 164 182
22575 164 183
22575 164 184
22575 164 185
22575 164 186
22575 164 187
22575 164 188
22575 164 189
22575 164 190
22575 164 191
22575 164 192
22575 164 193
22575 164 194
22575 164 195
22575 164 196
22575 164 197
22575 164 198
22575 164 199
22575 165 166
22575 165 180
22575 165 181
22575 165 182
22575 165 183
22575 165 184
22575 165 185
22876 102 105
22876 102 106
22876 102 107
22876 102 108
22876 102 109
22876 102 110
22876 102 111
22876 102 112
22876 102 113
22876 102 114
22876 103 104
22876 103 105
22876 103 106
22876 103 107
22876 103 108
22876 103 109
22876 103 110
22876 103 111
22876 103 112
22876 103 113
22876 104 105
22876 104 106
22876 104 107
22876 104 108
22876 104 109
22876 104 110
22876 104 111
22876 104 112
22876 104 113
22876 105 106
22876 105 107
23177 168 169
23177 168 174
23177 168 175
23177 168 176
23177 168 177
23177 168 178
23177 168 179
23177 168 180
23177 168 181
23177 168 182
23177 168 183
23177 168 184
23177 168 185
23177 168 186
23177 168 187
23177 168 188
23177 168 189
23177 168 190
23177 168 191
23177 168 192
23177 168 193
23177 168 194
23177 168 195
23177 168 196
23177 168 197
23177 168 198
23177 168 199
23177 169 170
23177 169 172
23177 169 173
23177 169 174
23478 26 31
23478 26 32
23478 27 28
23478 27 29
23478 27 30
23478 27 31
23478 28 29
23478 28 30
23478 28 31
23478 29 30
23478 30 31
23478 31 32
23478 32 33
23478 33 34
23478 34 35
23478 35 36
23478 36 37
23478 37 38
23478 38 39
23478 39 40
23478 40 41
23478 40 74
23478 40 75
23478 40 76
23478 40 77
23478 40 78
23478 40 79
23478 40 80
23478 41 42
23478 41 70
23478 41 71
23779 132 158
23779 133 134
23779 133 135
23779 133 136
23779 133 137
23779 133 138
23779 133 139
23779 133 140
23779 133 141
23779 133 142
23779 133 143
23779 133 144
23779 133 145
23779 133 146
23779 133 147
23779 133 148
23779 133 149
23779 133 150
23779 133 151
23779 133 152
23779 133 153
23779 133 154
23779 133 155
23779 133 156
23779 133 157
23779 133 158
23779 134 135
23779 134 136
23779 134 137
23779 134 138
23779 134 139
24080 185 186
24080 185 187
24080 185 188
24080 185 189
24080 185 190
24080 185 191
24080 185 192
24080 186 187
24080 186 188
24080 186 189
24080 186 190
24080 186 191
24080 186 192
24080 187 188
24080 187 189
24080 187 190
24080 187 191
24080 188 189
24080 188 190
24080 188 191
24080 189 190
24080 190 191
24080 191 192
24080 192 193
24080 193 194
24080 194 195
24080 195 196
24080 196 197
24080 197 198
24080 198 199
24381 50 79
24381 51 52
24381 51 53
24381 51 54
24381 51 55
24381 51 56
24381 51 57
24381 51 58
24381 51 59
24381 51 60
24381 51 61
24381 51 62
24381 51 63
24381 51 64
24381 51 65
24381 51 66
24381 51 67
24381 51 68
24381 51 69
24381 51 70
24381 51 71
24381 51 72
24381 51 73
24381 51 74
24381 51 75
24381 51 76
24381 51 77
24381 51 78
24381 52 53
24381 52 54
24381 52 55
24682 8 24
24682 8 25
24682 8 26
24682 8 27
24682 8 28
24682 8 29
24682 8 30
24682 8 31
24682 8 32
24682 8 33
24682 8 34
24682 8 35
24682 8 36
24682 8 37
24682 8 38
24682 8 39
24682 9 10
24682 9 12
24682 9 13
24682 9 14
24682 9 15
24682 9 16
24682 9 17
24682 9 18
24682 9 19
24682 9 20
24682 9 21
24682 9 22
24682 9 23
24682 9 24
24682 9 25
0 171 180
0 171 181
0 171 182
0 171 183
0 171 184
0 171 185
0 171 186
0 171 187
0 171 188
0 171 189
0 171 190
0 171 191
0 171 192
0 171 193
0 171 194
0 171 195
0 171 196
0 171 197
0 171 198
0 172 173
0 172 174
0 172 175
0 172 176
0 172 177
0 172 178
0 172 179
0 172 180
0 172 181
0 172 182
0 172 183
0 172 184
301 54 69
301 54 70
301 54 71
301 54 72
301 54 73
301 54 74
301 54 75
301 54 76
301 54 77
301 55 56
301 55 57
301 55 58
301 55 59
301 55 60
301 55 61
301 55 62
301 55 63
301 55 64
301 55 65
301 55 66
301 55 67
301 55 68
301 55 69
301 55 70
301 55 71
301 55 72
301 55 73
301 55 74
301 55 75
301 55 76
301 55 77
602 172 185
602 172 186
602 172 187
602 172 188
602 172 189
602 172 190
602 172 191
602 172 192
602 172 193
602 172 194
602 172 195
602 172 196
602 172 197
602 172 198
602 173 174
602 173 175
602 173 176
602 173 177
602 173 178
602 173 179
602 173 180
602 173 181
602 173 182
602 173 183
602 173 184
602 173 185
602 173 186
602 173 187
602 173 188
602 173 189
602 173 190
903 52 56
903 52 57
903 52 58
903 52 59
903 52 60
903 52 61
903 52 62
903 52 63
903 52 64
903 52 65
903 52 66
903 52 67
903 52 68
903 52 69
903 52 70
903 52 71
903 52 72
903 52 73
903 52 74
903 52 75
903 52 76
903 52 77
903 52 78
903 53 54
903 53 55
903 53 56
903 53 57
903 53 58
903 53 59
903 53 60
903 53 61
1204 147 148
1204 147 149
1204 147 150
1204 147 151
1204 148 149
1204 148 150
1204 148 151
1204 149 150
1204 150 151
1204 151 152
1204 152 153
1204 153 154
1204 154 155
1204 155 156
1204 156 157
1204 157 158
1204 158 159
1204 159 160
1204 160 161
1204 160 194
1204 160 195
1204 160 196
1204 160 197
1204 160 198
1204 160 199
1204 161 162
1204 161 190
1204 161 191
1204 161 192
1204 161 193
1204 161 194
1505 129 148
1505 129 149
1505 129 150
1505 129 151
1505 129 152
1505 129 153
1505 129 154
1505 129 155
1505 129 156
1505 129 157
1505 129 158
1505 129 159
1505 130 131
1505 130 132
1505 130 133
1505 130 134
1505 130 135
1505 130 136
1505 130 137
1505 130 138
1505 130 139
1505 130 140
1505 130 141
1505 130 142
1505 130 143
1505 130 144
1505 130 145
1505 130 146
1505 130 147
1505 130 148
1505 130 149
1806 61 66
1806 61 67
1806 61 68
1806 61 69
1806 61 70
1806 61 71
1806 61 72
1806 61 73
1806 61 74
1806 62 63
1806 62 64
1806 62 65
1806 62 66
1806 62 67
1806 62 68
1806 62 69
1806 62 70
1806 62 71
1806 62 72
1806 62 73
1806 62 74
1806 63 64
1806 63 65
1806 63 66
1806 63 67
1806 63 68
1806 63 69
1806 63 70
1806 63 71
1806 63 72
1806 63 73
2107 91 102
2107 91 103
2107 91 104
2107 91 105
2107 91 106
2107 91 107
2107 91 108
2107 91 109
2107 91 110
2107 91 111
2107 91 112
2107 91 113
2107 91 114
2107 91 115
2107 91 116
2107 91 117
2107 91 118
2107 92 93
2107 92 94
2107 92 95
2107 92 96
2107 92 97
2107 92 98
2107 92 99
2107 92 100
2107 92 101
2107 92 102
2107 92 103
2107 92 104
2107 92 105
2107 92 106
2408 90 99
2408 90 100
2408 90 101
2408 90 102
2408 90 103
2408 90 104
2408 90 105
2408 90 106
2408 90 107
2408 90 108
2408 90 109
2408 90 110
2408 90 111
2408 90 112
2408 90 113
2408 90 114
2408 90 115
2408 90 116
2408 90 117
2408 90 118
2408 90 119
2408 91 92
2408 91 93
2408 91 94
2408 91 95
2408 91 96
2408 91 97
2408 91 98
2408 91 99
2408 91 100
2408 91 101
2709 138 152
2709 138 153
2709 138 154
2709 138 155
2709 138 156
2709 139 140
2709 139 141
2709 139 142
2709 139 143
2709 139 144
2709 139 145
2709 139 146
2709 139 147
2709 139 148
2709 139 149
2709 139 150
2709 139 151
2709 139 152
2709 139 153
2709 139 154
2709 139 155
2709 140 141
2709 140 142
2709 140 143
2709 140 144
2709 140 145
2709 140 146
2709 140 147
2709 140 148
2709 140 149
2709 140 150
3010 127 142
3010 127 143
3010 127 144
3010 127 145
3010 127 146
3010 127 147
3010 127 148
3010 127 149
3010 127 150
3010 127 151
3010 127 152
3010 127 153
3010 127 154
3010 127 155
3010 127 156
3010 127 157
3010 127 158
3010 127 159
3010 128 129
3010 128 134
3010 128 135
3010 128 136
3010 128 137
3010 128 138
3010 128 139
3010 128 140
3010 128 141
3010 128 142
3010 128 143
3010 128 144
3010 128 145
3311 182 183
3311 182 184
3311 182 185
3311 182 186
3311 182 187
3311 182 188
3311 182 189
3311 182 190
3311 182 191
3311 182 192
3311 182 193
3311 182 194
3311 183 184
3311 183 185
3311 183 186
3311 183 187
3311 183 188
3311 183 189
3311 183 190
3311 183 191
3311 183 192
3311 183 193
3311 184 185
3311 184 186
3311 184 187
3311 184 188
3311 184 189
3311 184 190
3311 184 191
3311 184 192
3311 184 193
3612 122 159
3612 122 160
3612 123 124
3612 123 144
3612 123 145
3612 123 146
3612 123 147
3612 123 148
3612 123 149
3612 123 150
3612 123 151
3612 123 152
3612 123 153
3612 123 154
3612 123 155
3612 123 156
3612 123 157
3612 123 158
3612 123 159
3612 123 160
3612 124 125
3612 124 142
3612 124 143
3612 124 144
3612 124 145
3612 124 146
3612 124 147
3612 124 148
3612 124 149
3612 124 150
3612 124 151
3913 175 176
3913 175 177
3913 175 178
3913 175 179
3913 175 180
3913 175 181
3913 175 182
3913 175 183
3913 175 184
3913 175 185
3913 175 186
3913 175 187
3913 175 188
3913 175 189
3913 175 190
3913 175 191
3913 175 192
3913 175 193
3913 175 194
3913 175 195
3913 175 196
3913 175 197
3913 176 177
3913 176 178
3913 176 179
3913 176 180
3913 176 181
3913 176 182
3913 176 183
3913 176 184
3913 176 185
4214 128 146
4214 128 147
4214 128 148
4214 128 149
4214 128 150
4214 128 151
4214 128 152
4214 128 153
4214 128 154
4214 128 155
4214 128 156
4214 128 157
4214 128 158
4214 128 159
4214 129 130
4214 129 132
4214 129 133
4214 129 134
4214 129 135
4214 129 136
4214 129 137
4214 129 138
4214 129 139
4214 129 140
4214 129 141
4214 129 142
4214 129 143
4214 129 144
4214 129 145
4214 129 146
4214 129 147
4515 124 152
4515 124 153
4515 124 154
4515 124 155
4515 124 156
4515 124 157
4515 124 158
4515 124 159
4515 124 160
4515 125 126
4515 125 140
4515 125 141
4515 125 142
4515 125 143
4515 125 144
4515 125 145
4515 125 146
4515 125 147
4515 125 148
4515 125 149
4515 125 150
4515 125 151
4515 125 152
4515 125 153
4515 125 154
4515 125 155
4515 125 156
4515 125 157
4515 125 158
4515 125 159
4515 125 160
4816 43 70
4816 43 71
4816 43 72
4816 43 73
4816 43 74
4816 43 75
4816 43 76
4816 43 77
4816 43 78
4816 43 79
4816 43 80
4816 44 45
4816 44 62
4816 44 63
4816 44 64
4816 44 65
4816 44 66
4816 44 67
4816 44 68
4816 44 69
4816 44 70
4816 44 71
4816 44 72
4816 44 73
4816 44 74
4816 44 75
4816 44 76
4816 44 77
4816 44 78
4816 44 79
4816 44 80
5117 57 68
5117 57 69
5117 57 70
5117 57 71
5117 57 72
5117 57 73
5117 57 74
5117 57 75
5117 57 76
5117 58 59
5117 58 60
5117 58 61
5117 58 62
5117 58 63
5117 58 64
5117 58 65
5117 58 66
5117 58 67
5117 58 68
5117 58 69
5117 58 70
5117 58 71
5117 58 72
5117 58 73
5117 58 74
5117 58 75
5117 58 76
5117 59 60
5117 59 61
5117 59 62
5117 59 63
5418 130 150
5418 130 151
5418 130 152
5418 130 153
5418 130 154
5418 130 155
5418 130 156
5418 130 157
5418 130 158
5418 130 159
5418 131 132
5418 131 133
5418 131 134
5418 131 135
5418 131 136
5418 131 137
5418 131 138
5418 131 139
5418 131 140
5418 131 141
5418 131 142
5418 131 143
5418 131 144
5418 131 145
5418 131 146
5418 131 147
5418 131 148
5418 131 149
5418 131 150
5418 131 151
5418 131 152
5719 0 1
5719 0 34
5719 0 35
5719 0 36
5719 0 37
5719 0 38
5719 0 39
5719 0 40
5719 1 2
5719 1 30
5719 1 31
5719 1 32
5719 1 33
5719 1 34
5719 1 35
5719 1 36
5719 1 37
5719 1 38
5719 1 39
5719 1 40
5719 2 3
5719 2 27
5719 2 28
5719 2 29
5719 2 30
5719 2 31
5719 2 32
5719 2 33
5719 2 34
5719 2 35
5719 2 36
6020 15 27
6020 15 28
6020 15 29
6020 15 30
6020 15 31
6020 15 32
6020 15 33
6020 15 34
6020 15 35
6020 15 36
6020 15 37
6020 16 17
6020 16 18
6020 16 19
6020 16 20
6020 16 21
6020 16 22
6020 16 23
6020 16 24
6020 16 25
6020 16 26
6020 16 27
6020 16 28
6020 16 29
6020 16 30
6020 16 31
6020 16 32
6020 16 33
6020 16 34
6020 16 35
6020 16 36
6321 96 108
6321 96 109
6321 96 110
6321 96 111
6321 96 112
6321 96 113
6321 96 114
6321 96 115
6321 96 116
6321 96 117
6321 97 98
6321 97 99
6321 97 100
6321 97 101
6321 97 102
6321 97 103
6321 97 104
6321 97 105
6321 97 106
6321 97 107
6321 97 108
6321 97 109
6321 97 110
6321 97 111
6321 97 112
6321 97 113
6321 97 114
6321 97 115
6321 97 116
6321 98 99
6321 98 100
6622 98 101
6622 98 102
6622 98 103
6622 98 104
6622 98 105
6622 98 106
6622 98 107
6622 98 108
6622 98 109
6622 98 110
6622 98 111
6622 98 112
6622 98 113
6622 98 114
6622 98 115
6622 98 116
6622 99 100
6622 99 101
6622 99 102
6622 99 103
6622 99 104
6622 99 105
6622 99 106
6622 99 107
6622 99 108
6622 99 109
6622 99 110
6622 99 111
6622 99 112
6622 99 113
6622 99 114
6923 176 186
6923 176 187
6923 176 188
6923 176 189
6923 176 190
6923 176 191
6923 176 192
6923 176 193
6923 176 194
6923 176 195
6923 176 196
6923 176 197
6923 177 178
6923 177 179
6923 177 180
6923 177 181
6923 177 182
6923 177 183
6923 177 184
6923 177 185
6923 177 186
6923 177 187
6923 177 188
6923 177 189
6923 177 190
6923 177 191
6923 177 192
6923 177 193
6923 177 194
6923 177 195
6923 177 196
7224 85 110
7224 85 111
7224 85 112
7224 85 113
7224 85 114
7224 85 115
7224 85 116
7224 85 117
7224 85 118
7224 85 119
7224 85 120
7224 86 87
7224 86 98
7224 86 99
7224 86 100
7224 86 101
7224 86 102
7224 86 103
7224 86 104
7224 86 105
7224 86 106
7224 86 107
7224 86 108
7224 86 109
7224 86 110
7224 86 111
7224 86 112
7224 86 113
7224 86 114
7224 86 115
7224 86 116
7525 12 36
7525 12 37
7525 12 38
7525 13 14
7525 13 15
7525 13 16
7525 13 17
7525 13 18
7525 13 19
7525 13 20
7525 13 21
7525 13 22
7525 13 23
7525 13 24
7525 13 25
7525 13 26
7525 13 27
7525 13 28
7525 13 29
7525 13 30
7525 13 31
7525 13 32
7525 13 33
7525 13 34
7525 13 35
7525 13 36
7525 13 37
7525 13 38
7525 14 15
7525 14 16
7525 14 17
7826 11 31
7826 11 32
7826 11 33
7826 11 34
7826 11 35
7826 11 36
7826 11 37
7826 11 38
7826 12 13
7826 12 14
7826 12 15
7826 12 16
7826 12 17
7826 12 18
7826 12 19
7826 12 20
7826 12 21
7826 12 22
7826 12 23
7826 12 24
7826 12 25
7826 12 26
7826 12 27
7826 12 28
7826 12 29
7826 12 30
7826 12 31
7826 12 32
7826 12 33
7826 12 34
7826 12 35
8127 4 30
8127 4 31
8127 4 32
8127 4 33
8127 4 34
8127 4 35
8127 4 36
8127 4 37
8127 4 38
8127 4 39
8127 4 40
8127 5 6
8127 5 20
8127 5 21
8127 5 22
8127 5 23
8127 5 24
8127 5 25
8127 5 26
8127 5 27
8127 5 28
8127 5 29
8127 5 30
8127 5 31
8127 5 32
8127 5 33
8127 5 34
8127 5 35
8127 5 36
8127 5 37
8127 5 38
8428 105 108
8428 105 109
8428 105 110
8428 105 111
8428 105 112
8428 106 107
8428 106 108
8428 106 109
8428 106 110
8428 106 111
8428 106 112
8428 107 108
8428 107 109
8428 107 110
8428 107 111
8428 108 109
8428 108 110
8428 108 111
8428 109 110
8428 110 111
8428 111 112
8428 112 113
8428 113 114
8428 114 115
8428 115 116
8428 116 117
8428 117 118
8428 118 119
8428 119 120
8428 120 121
8428 120 154
8729 47 71
8729 47 72
8729 47 73
8729 47 74
8729 47 75
8729 47 76
8729 47 77
8729 47 78
8729 47 79
8729 48 49
8729 48 54
8729 48 55
8729 48 56
8729 48 57
8729 48 58
8729 48 59
8729 48 60
8729 48 61
8729 48 62
8729 48 63
8729 48 64
8729 48 65
8729 48 66
8729 48 67
8729 48 68
8729 48 69
8729 48 70
8729 48 71
8729 48 72
8729 48 73
8729 48 74
9030 82 108
9030 82 109
9030 82 110
9030 82 111
9030 82 112
9030 82 113
9030 82 114
9030 82 115
9030 82 116
9030 82 117
9030 82 118
9030 82 119
9030 82 120
9030 83 84
9030 83 104
9030 83 105
9030 83 106
9030 83 107
9030 83 108
9030 83 109
9030 83 110
9030 83 111
9030 83 112
9030 83 113
9030 83 114
9030 83 115
9030 83 116
9030 83 117
9030 83 118
9030 83 119
9030 83 120
9331 140 151
9331 140 152
9331 140 153
9331 140 154
9331 140 155
9331 141 142
9331 141 143
9331 141 144
9331 141 145
9331 141 146
9331 141 147
9331 141 148
9331 141 149
9331 141 150
9331 141 151
9331 141 152
9331 141 153
9331 141 154
9331 142 143
9331 142 144
9331 142 145
9331 142 146
9331 142 147
9331 142 148
9331 142 149
9331 142 150
9331 142 151
9331 142 152
9331 142 153
9331 142 154
9331 143 144
9632 170 177
9632 170 178
9632 170 179
9632 170 180
9632 170 181
9632 170 182
9632 170 183
9632 170 184
9632 170 185
9632 170 186
9632 170 187
9632 170 188
9632 170 189
9632 170 190
9632 170 191
9632 170 192
9632 170 193
9632 170 194
9632 170 195
9632 170 196
9632 170 197
9632 170 198
9632 170 199
9632 171 172
9632 171 173
9632 171 174
9632 171 175
9632 171 176
9632 171 177
9632 171 178
9632 171 179
9933 16 37
9933 17 18
9933 17 19
9933 17 20
9933 17 21
9933 17 22
9933 17 23
9933 17 24
9933 17 25
9933 17 26
9933 17 27
9933 17 28
9933 17 29
9933 17 30
9933 17 31
9933 17 32
9933 17 33
9933 17 34
9933 17 35
9933 17 36
9933 18 19
9933 18 20
9933 18 21
9933 18 22
9933 18 23
9933 18 24
9933 18 25
9933 18 26
9933 18 27
9933 18 28
9933 18 29
10234 93 113
10234 93 114
10234 93 115
10234 93 116
10234 93 117
10234 93 118
10234 94 95
10234 94 96
10234 94 97
10234 94 98
10234 94 99
10234 94 100
10234 94 101
10234 94 102
10234 94 103
10234 94 104
10234 94 105
10234 94 106
10234 94 107
10234 94 108
10234 94 109
10234 94 110
10234 94 111
10234 94 112
10234 94 113
10234 94 114
10234 94 115
10234 94 116
10234 94 117
10234 95 96
10234 95 97
10535 2 37
10535 2 38
10535 2 39
10535 2 40
10535 3 4
10535 3 24
10535 3 25
10535 3 26
10535 3 27
10535 3 28
10535 3 29
10535 3 30
10535 3 31
10535 3 32
10535 3 33
10535 3 34
10535 3 35
10535 3 36
10535 3 37
10535 3 38
10535 3 39
10535 3 40
10535 4 5
10535 4 22
10535 4 23
10535 4 24
10535 4 25
10535 4 26
10535 4 27
10535 4 28
10535 4 29
10836 92 107
10836 92 108
10836 92 109
10836 92 110
10836 92 111
10836 92 112
10836 92 113
10836 92 114
10836 92 115
10836 92 116
10836 92 117
10836 92 118
10836 93 94
10836 93 95
10836 93 96
10836 93 97
10836 93 98
10836 93 99
10836 93 100
10836 93 101
10836 93 102
10836 93 103
10836 93 104
10836 93 105
10836 93 106
10836 93 107
10836 93 108
10836 93 109
10836 93 110
10836 93 111
10836 93 112
11137 7 20
11137 7 21
11137 7 22
11137 7 23
11137 7 24
11137 7 25
11137 7 26
11137 7 27
11137 7 28
11137 7 29
11137 7 30
11137 7 31
11137 7 32
11137 7 33
11137 7 34
11137 7 35
11137 7 36
11137 7 37
11137 7 38
11137 7 39
11137 8 9
11137 8 14
11137 8 15
11137 8 16
11137 8 17
11137 8 18
11137 8 19
11137 8 20
11137 8 21
11137 8 22
11137 8 23
11438 56 57
11438 56 58
11438 56 59
11438 56 60
11438 56 61
11438 56 62
11438 56 63
11438 56 64
11438 56 65
11438 56 66
11438 56 67
11438 56 68
11438 56 69
11438 56 70
11438 56 71
11438 56 72
11438 56 73
11438 56 74
11438 56 75
11438 56 76
11438 56 77
11438 57 58
11438 57 59
11438 57 60
11438 57 61
11438 57 62
11438 57 63
11438 57 64
11438 57 65
11438 57 66
11438 57 67
11739 49 77
11739 49 78
11739 49 79
11739 50 51
11739 50 52
11739 50 53
11739 50 54
11739 50 55
11739 50 56
11739 50 57
11739 50 58
11739 50 59
11739 50 60
11739 50 61
11739 50 62
11739 50 63
11739 50 64
11739 50 65
11739 50 66
11739 50 67
11739 50 68
11739 50 69
11739 50 70
11739 50 71
11739 50 72
11739 50 73
11739 50 74
11739 50 75
11739 50 76
11739 50 77
11739 50 78
12040 137 139
12040 137 140
12040 137 141
12040 137 142
12040 137 143
12040 137 144
12040 137 145
12040 137 146
12040 137 147
12040 137 148
12040 137 149
12040 137 150
12040 137 151
12040 137 152
12040 137 153
12040 137 154
12040 137 155
12040 137 156
12040 138 139
12040 138 140
12040 138 141
12040 138 142
12040 138 143
12040 138 144
12040 138 145
12040 138 146
12040 138 147
12040 138 148
12040 138 149
12040 138 150
12040 138 151
12341 59 64
12341 59 65
12341 59 66
12341 59 67
12341 59 68
12341 59 69
12341 59 70
12341 59 71
12341 59 72
12341 59 73
12341 59 74
12341 59 75
12341 60 61
12341 60 62
12341 60 63
12341 60 64
12341 60 65
12341 60 66
12341 60 67
12341 60 68
12341 60 69
12341 60 70
12341 60 71
12341 60 72
12341 60 73
12341 60 74
12341 60 75
12341 61 62
12341 61 63
12341 61 64
12341 61 65
12642 95 98
12642 95 99
12642 95 100
12642 95 101
12642 95 102
12642 95 103
12642 95 104
12642 95 105
12642 95 106
12642 95 107
12642 95 108
12642 95 109
12642 95 110
12642 95 111
12642 95 112
12642 95 113
12642 95 114
12642 95 115
12642 95 116
12642 95 117
12642 96 97
12642 96 98
12642 96 99
12642 96 100
12642 96 101
12642 96 102
12642 96 103
12642 96 104
12642 96 105
12642 96 106
12642 96 107
12943 48 75
12943 48 76
12943 48 77
12943 48 78
12943 48 79
12943 49 50
12943 49 52
12943 49 53
12943 49 54
12943 49 55
12943 49 56
12943 49 57
12943 49 58
12943 49 59
12943 49 60
12943 49 61
12943 49 62
12943 49 63
12943 49 64
12943 49 65
12943 49 66
12943 49 67
12943 49 68
12943 49 69
12943 49 70
12943 49 71
12943 49 72
12943 49 73
12943 49 74
12943 49 75
12943 49 76
13244 99 115
13244 100 101
13244 100 102
13244 100 103
13244 100 104
13244 100 105
13244 100 106
13244 100 107
13244 100 108
13244 100 109
13244 100 110
13244 100 111
13244 100 112
13244 100 113
13244 100 114
13244 100 115
13244 101 102
13244 101 103
13244 101 104
13244 101 105
13244 101 106
13244 101 107
13244 101 108
13244 101 109
13244 101 110
13244 101 111
13244 101 112
13244 101 113
13244 101 114
13244 102 103
13244 102 104
13545 165 186
13545 165 187
13545 165 188
13545 165 189
13545 165 190
13545 165 191
13545 165 192
13545 165 193
13545 165 194
13545 165 195
13545 165 196
13545 165 197
13545 165 198
13545 165 199
13545 166 167
13545 166 178
13545 166 179
13545 166 180
13545 166 181
13545 166 182
13545 166 183
13545 166 184
13545 166 185
13545 166 186
13545 166 187
13545 166 188
13545 166 189
13545 166 190
13545 166 191
13545 166 192
13545 166 193
13846 22 34
13846 23 24
13846 23 25
13846 23 26
13846 23 27
13846 23 28
13846 23 29
13846 23 30
13846 23 31
13846 23 32
13846 23 33
13846 24 25
13846 24 26
13846 24 27
13846 24 28
13846 24 29
13846 24 30
13846 24 31
13846 24 32
13846 24 33
13846 25 26
13846 25 27
13846 25 28
13846 25 29
13846 25 30
13846 25 31
13846 25 32
13846 26 27
13846 26 28
13846 26 29
13846 26 30
14147 89 97
14147 89 98
14147 89 99
14147 89 100
14147 89 101
14147 89 102
14147 89 103
14147 89 104
14147 89 105
14147 89 106
14147 89 107
14147 89 108
14147 89 109
14147 89 110
14147 89 111
14147 89 112
14147 89 113
14147 89 114
14147 89 115
14147 89 116
14147 89 117
14147 89 118
14147 89 119
14147 90 91
14147 90 92
14147 90 93
14147 90 94
14147 90 95
14147 90 96
14147 90 97
14147 90 98
14448 71 72
14448 72 73
14448 73 74
14448 74 75
14448 75 76
14448 76 77
14448 77 78
14448 78 79
14448 79 80
14448 80 81
14448 80 114
14448 80 115
14448 80 116
14448 80 117
14448 80 118
14448 80 119
14448 80 120
14448 81 82
14448 81 110
14448 81 111
14448 81 112
14448 81 113
14448 81 114
14448 81 115
14448 81 116
14448 81 117
14448 81 118
14448 81 119
14448 81 120
14448 82 83
14448 82 107
14749 64 65
14749 64 66
14749 64 67
14749 64 68
14749 64 69
14749 64 70
14749 64 71
14749 64 72
14749 64 73
14749 65 66
14749 65 67
14749 65 68
14749 65 69
14749 65 70
14749 65 71
14749 65 72
14749 66 67
14749 66 68
14749 66 69
14749 66 70
14749 66 71
14749 66 72
14749 67 68
14749 67 69
14749 67 70
14749 67 71
14749 68 69
14749 68 70
14749 68 71
14749 69 70
14749 70 71
15050 120 155
15050 120 156
15050 120 157
15050 120 158
15050 120 159
15050 120 160
15050 121 122
15050 121 150
15050 121 151
15050 121 152
15050 121 153
15050 121 154
15050 121 155
15050 121 156
15050 121 157
15050 121 158
15050 121 159
15050 121 160
15050 122 123
15050 122 147
15050 122 148
15050 122 149
15050 122 150
15050 122 151
15050 122 152
15050 122 153
15050 122 154
15050 122 155
15050 122 156
15050 122 157
15050 122 158
15351 45 46
15351 45 60
15351 45 61
15351 45 62
15351 45 63
15351 45 64
15351 45 65
15351 45 66
15351 45 67
15351 45 68
15351 45 69
15351 45 70
15351 45 71
15351 45 72
15351 45 73
15351 45 74
15351 45 75
15351 45 76
15351 45 77
15351 45 78
15351 45 79
15351 45 80
15351 46 47
15351 46 58
15351 46 59
15351 46 60
15351 46 61
15351 46 62
15351 46 63
15351 46 64
15351 46 65
15652 161 195
15652 161 196
15652 161 197
15652 161 198
15652 161 199
15652 162 163
15652 162 187
15652 162 188
15652 162 189
15652 162 190
15652 162 191
15652 162 192
15652 162 193
15652 162 194
15652 162 195
15652 162 196
15652 162 197
15652 162 198
15652 162 199
15652 163 164
15652 163 184
15652 163 185
15652 163 186
15652 163 187
15652 163 188
15652 163 189
15652 163 190
15652 163 191
15652 163 192
15652 163 193
15652 163 194
15953 86 117
15953 86 118
15953 86 119
15953 86 120
15953 87 88
15953 87 96
15953 87 97
15953 87 98
15953 87 99
15953 87 100
15953 87 101
15953 87 102
15953 87 103
15953 87 104
15953 87 105
15953 87 106
15953 87 107
15953 87 108
15953 87 109
15953 87 110
15953 87 111
15953 87 112
15953 87 113
15953 87 114
15953 87 115
15953 87 116
15953 87 117
15953 87 118
15953 87 119
15953 88 89
15953 88 94
16254 14 18
16254 14 19
16254 14 20
16254 14 21
16254 14 22
16254 14 23
16254 14 24
16254 14 25
16254 14 26
16254 14 27
16254 14 28
16254 14 29
16254 14 30
16254 14 31
16254 14 32
16254 14 33
16254 14 34
16254 14 35
16254 14 36
16254 14 37
16254 15 16
16254 15 17
16254 15 18
16254 15 19
16254 15 20
16254 15 21
16254 15 22
16254 15 23
16254 15 24
16254 15 25
16254 15 26
16555 18 30
16555 18 31
16555 18 32
16555 18 33
16555 18 34
16555 18 35
16555 18 36
16555 19 20
16555 19 21
16555 19 22
16555 19 23
16555 19 24
16555 19 25
16555 19 26
16555 19 27
16555 19 28
16555 19 29
16555 19 30
16555 19 31
16555 19 32
16555 19 33
16555 19 34
16555 19 35
16555 20 21
16555 20 22
16555 20 23
16555 20 24
16555 20 25
16555 20 26
16555 20 27
16555 20 28
16856 131 153
16856 131 154
16856 131 155
16856 131 156
16856 131 157
16856 131 158
16856 132 133
16856 132 134
16856 132 135
16856 132 136
16856 132 137
16856 132 138
16856 132 139
16856 132 140
16856 132 141
16856 132 142
16856 132 143
16856 132 144
16856 132 145
16856 132 146
16856 132 147
16856 132 148
16856 132 149
16856 132 150
16856 132 151
16856 132 152
16856 132 153
16856 132 154
16856 132 155
16856 132 156
16856 132 157
17157 9 26
17157 9 27
17157 9 28
17157 9 29
17157 9 30
17157 9 31
17157 9 32
17157 9 33
17157 9 34
17157 9 35
17157 9 36
17157 9 37
17157 9 38
17157 9 39
17157 10 11
17157 10 12
17157 10 13
17157 10 14
17157 10 15
17157 10 16
17157 10 17
17157 10 18
17157 10 19
17157 10 20
17157 10 21
17157 10 22
17157 10 23
17157 10 24
17157 10 25
17157 10 26
17157 10 27
17458 173 191
17458 173 192
17458 173 193
17458 173 194
17458 173 195
17458 173 196
17458 173 197
17458 173 198
17458 174 175
17458 174 176
17458 174 177
17458 174 178
17458 174 179
17458 174 180
17458 174 181
17458 174 182
17458 174 183
17458 174 184
17458 174 185
17458 174 186
17458 174 187
17458 174 188
17458 174 189
17458 174 190
17458 174 191
17458 174 192
17458 174 193
17458 174 194
17458 174 195
17458 174 196
17458 174 197
17759 135 149
17759 135 150
17759 135 151
17759 135 152
17759 135 153
17759 135 154
17759 135 155
17759 135 156
17759 135 157
17759 136 137
17759 136 138
17759 136 139
17759 136 140
17759 136 141
17759 136 142
17759 136 143
17759 136 144
17759 136 145
17759 136 146
17759 136 147
17759 136 148
17759 136 149
17759 136 150
17759 136 151
17759 136 152
17759 136 153
17759 136 154
17759 136 155
17759 136 156
17759 136 157
17759 137 138
18060 88 95
18060 88 96
18060 88 97
18060 88 98
18060 88 99
18060 88 100
18060 88 101
18060 88 102
18060 88 103
18060 88 104
18060 88 105
18060 88 106
18060 88 107
18060 88 108
18060 88 109
18060 88 110
18060 88 111
18060 88 112
18060 88 113
18060 88 114
18060 88 115
18060 88 116
18060 88 117
18060 88 118
18060 88 119
18060 89 90
18060 89 92
18060 89 93
18060 89 94
18060 89 95
18060 89 96
18361 178 179
18361 178 180
18361 178 181
18361 178 182
18361 178 183
18361 178 184
18361 178 185
18361 178 186
18361 178 187
18361 178 188
18361 178 189
18361 178 190
18361 178 191
18361 178 192
18361 178 193
18361 178 194
18361 178 195
18361 178 196
18361 179 180
18361 179 181
18361 179 182
18361 179 183
18361 179 184
18361 179 185
18361 179 186
18361 179 187
18361 179 188
18361 179 189
18361 179 190
18361 179 191
18361 179 192
18662 169 175
18662 169 176
18662 169 177
18662 169 178
18662 169 179
18662 169 180
18662 169 181
18662 169 182
18662 169 183
18662 169 184
18662 169 185
18662 169 186
18662 169 187
18662 169 188
18662 169 189
18662 169 190
18662 169 191
18662 169 192
18662 169 193
18662 169 194
18662 169 195
18662 169 196
18662 169 197
18662 169 198
18662 169 199
18662 170 171
18662 170 172
18662 170 173
18662 170 174
18662 170 175
18662 170 176
18963 84 85
18963 84 102
18963 84 103
18963 84 104
18963 84 105
18963 84 106
18963 84 107
18963 84 108
18963 84 109
18963 84 110
18963 84 111
18963 84 112
18963 84 113
18963 84 114
18963 84 115
18963 84 116
18963 84 117
18963 84 118
18963 84 119
18963 84 120
18963 85 86
18963 85 100
18963 85 101
18963 85 102
18963 85 103
18963 85 104
18963 85 105
18963 85 106
18963 85 107
18963 85 108
18963 85 109
19264 53 62
19264 53 63
19264 53 64
19264 53 65
19264 53 66
19264 53 67
19264 53 68
19264 53 69
19264 53 70
19264 53 71
19264 53 72
19264 53 73
19264 53 74
19264 53 75
19264 53 76
19264 53 77
19264 53 78
19264 54 55
19264 54 56
19264 54 57
19264 54 58
19264 54 59
19264 54 60
19264 54 61
19264 54 62
19264 54 63
19264 54 64
19264 54 65
19264 54 66
19264 54 67
19264 54 68
19565 5 39
19565 5 40
19565 6 7
19565 6 18
19565 6 19
19565 6 20
19565 6 21
19565 6 22
19565 6 23
19565 6 24
19565 6 25
19565 6 26
19565 6 27
19565 6 28
19565 6 29
19565 6 30
19565 6 31
19565 6 32
19565 6 33
19565 6 34
19565 6 35
19565 6 36
19565 6 37
19565 6 38
19565 6 39
19565 6 40
19565 7 8
19565 7 16
19565 7 17
19565 7 18
19565 7 19
19866 10 28
19866 10 29
19866 10 30
19866 10 31
19866 10 32
19866 10 33
19866 10 34
19866 10 35
19866 10 36
19866 10 37
19866 10 38
19866 10 39
19866 11 12
19866 11 13
19866 11 14
19866 11 15
19866 11 16
19866 11 17
19866 11 18
19866 11 19
19866 11 20
19866 11 21
19866 11 22
19866 11 23
19866 11 24
19866 11 25
19866 11 26
19866 11 27
19866 11 28
19866 11 29
19866 11 30
20167 20 29
20167 20 30
20167 20 31
20167 20 32
20167 20 33
20167 20 34
20167 20 35
20167 21 22
20167 21 23
20167 21 24
20167 21 25
20167 21 26
20167 21 27
20167 21 28
20167 21 29
20167 21 30
20167 21 31
20167 21 32
20167 21 33
20167 21 34
20167 22 23
20167 22 24
20167 22 25
20167 22 26
20167 22 27
20167 22 28
20167 22 29
20167 22 30
20167 22 31
20167 22 32
20167 22 33
20468 179 193
20468 179 194
20468 179 195
20468 180 181
20468 180 182
20468 180 183
20468 180 184
20468 180 185
20468 180 186
20468 180 187
20468 180 188
20468 180 189
20468 180 190
20468 180 191
20468 180 192
20468 180 193
20468 180 194
20468 180 195
20468 181 182
20468 181 183
20468 181 184
20468 181 185
20468 181 186
20468 181 187
20468 181 188
20468 181 189
20468 181 190
20468 181 191
20468 181 192
20468 181 193
20468 181 194
20769 166 194
20769 166 195
20769 166 196
20769 166 197
20769 166 198
20769 166 199
20769 167 168
20769 167 176
20769 167 177
20769 167 178
20769 167 179
20769 167 180
20769 167 181
20769 167 182
20769 167 183
20769 167 184
20769 167 185
20769 167 186
20769 167 187
20769 167 188
20769 167 189
20769 167 190
20769 167 191
20769 167 192
20769 167 193
20769 167 194
20769 167 195
20769 167 196
20769 167 197
20769 167 198
20769 167 199
21070 143 145
21070 143 146
21070 143 147
21070 143 148
21070 143 149
21070 143 150
21070 143 151
21070 143 152
21070 143 153
21070 144 145
21070 144 146
21070 144 147
21070 144 148
21070 144 149
21070 144 150
21070 144 151
21070 144 152
21070 144 153
21070 145 146
21070 145 147
21070 145 148
21070 145 149
21070 145 150
21070 145 151
21070 145 152
21070 146 147
21070 146 148
21070 146 149
21070 146 150
21070 146 151
21070 146 152
21371 126 127
21371 126 138
21371 126 139
21371 126 140
21371 126 141
21371 126 142
21371 126 143
21371 126 144
21371 126 145
21371 126 146
21371 126 147
21371 126 148
21371 126 149
21371 126 150
21371 126 151
21371 126 152
21371 126 153
21371 126 154
21371 126 155
21371 126 156
21371 126 157
21371 126 158
21371 126 159
21371 126 160
21371 127 128
21371 127 136
21371 127 137
21371 127 138
21371 127 139
21371 127 140
21371 127 141
21672 134 140
21672 134 141
21672 134 142
21672 134 143
21672 134 144
21672 134 145
21672 134 146
21672 134 147
21672 134 148
21672 134 149
21672 134 150
21672 134 151
21672 134 152
21672 134 153
21672 134 154
21672 134 155
21672 134 156
21672 134 157
21672 135 136
21672 135 137
21672 135 138
21672 135 139
21672 135 140
21672 135 141
21672 135 142
21672 135 143
21672 135 144
21672 135 145
21672 135 146
21672 135 147
21672 135 148
21973 41 72
21973 41 73
21973 41 74
21973 41 75
21973 41 76
21973 41 77
21973 41 78
21973 41 79
21973 41 80
21973 42 43
21973 42 67
21973 42 68
21973 42 69
21973 42 70
21973 42 71
21973 42 72
21973 42 73
21973 42 74
21973 42 75
21973 42 76
21973 42 77
21973 42 78
21973 42 79
21973 42 80
21973 43 44
21973 43 64
21973 43 65
21973 43 66
21973 43 67
21973 43 68
21973 43 69
22274 46 66
22274 46 67
22274 46 68
22274 46 69
22274 46 70
22274 46 71
22274 46 72
22274 46 73
22274 46 74
22274 46 75
22274 46 76
22274 46 77
22274 46 78
22274 46 79
22274 46 80
22274 47 48
22274 47 56
22274 47 57
22274 47 58
22274 47 59
22274 47 60
22274 47 61
22274 47 62
22274 47 63
22274 47 64
22274 47 65
22274 47 66
22274 47 67
22274 47 68
22274 47 69
22274 47 70
22575 163 195
22575 163 196
22575 163 197
22575 163 198
22575 163 199
22575 164 165
22575 164 182
22575 164 183
22575 164 184
22575 164 185
22575 164 186
22575 164 187
22575 164 188
22575 164 189
22575 164 190
22575 164 191
22575 164 192
22575 164 193
22575 164 194
22575 164 195
22575 164 196
22575 164 197
22575 164 198
22575 164 199
22575 165 166
22575 165 180
22575 165 181
22575 165 182
22575 165 183
22575 165 184
22575 165 185
22876 102 105
22876 102 106
22876 102 107
22876 102 108
22876 102 109
22876 102 110
22876 102 111
22876 102 112
22876 102 113
22876 102 114
22876 103 104
22876 103 105
22876 103 106
22876 103 107
22876 103 108
22876 103 109
22876 103 110
22876 103 111
22876 103 112
22876 103 113
22876 104 105
22876 104 106
22876 104 107
22876 104 108
22876 104 109
22876 104 110
22876 104 111
22876 104 112
22876 104 113
22876 105 106
22876 105 107
23177 168 169
23177 168 174
23177 168 175
23177 168 176
23177 168 177
23177 168 178
23177 168 179
23177 168 180
23177 168 181
23177 168 182
23177 168 183
23177 168 184
23177 168 185
23177 168 186
23177 168 187
23177 168 188
23177 168 189
23177 168 190
23177 168 191
23177 168 192
23177 168 193
23177 168 194
23177 168 195
23177 168 196
23177 168 197
23177 168 198
23177 168 199
23177 169 170
23177 169 172
23177 169 173
23177 169 174
23478 26 31
23478 26 32
23478 27 28
23478 27 29
23478 27 30
23478 27 31
23478 28 29
23478 28 30
23478 28 31
23478 29 30
23478 30 31
23478 31 32
23478 32 33
23478 33 34
23478 34 35
23478 35 36
23478 36 37
23478 37 38
23478 38 39
23478 39 40
23478 40 41
23478 40 74
23478 40 75
23478 40 76
23478 40 77
23478 40 78
23478 40 79
23478 40 80
23478 41 42
23478 41 70
23478 41 71
23779 132 158
23779 133 134
23779 133 135
23779 133 136
23779 133 137
23779 133 138
23779 133 139
23779 133 140
23779 133 141
23779 133 142
23779 133 143
23779 133 144
23779 133 145
23779 133 146
23779 133 147
23779 133 148
23779 133 149
23779 133 150
23779 133 151
23779 133 152
23779 133 153
23779 133 154
23779 133 155
23779 133 156
23779 133 157
23779 133 158
23779 134 135
23779 134 136
23779 134 137
23779 134 138
23779 134 139
24080 185 186
24080 185 187
24080 185 188
24080 185 189
24080 185 190
24080 185 191
24080 185 192
24080 186 187
24080 186 188
24080 186 189
24080 186 190
24080 186 191
24080 186 192
24080 187 188
24080 187 189
24080 187 190
24080 187 191
24080 188 189
24080 188 190
24080 188 191
24080 189 190
24080 190 191
24080 191 192
24080 192 193
24080 193 194
24080 194 195
24080 195 196
24080 196 197
24080 197 198
24080 198 199
24381 50 79
24381 51 52
24381 51 53
24381 51 54
24381 51 55
24381 51 56
24381 51 57
24381 51 58
24381 51 59
24381 51 60
24381 51 61
24381 51 62
24381 51 63
24381 51 64
24381 51 65
24381 51 66
24381 51 67
24381 51 68
24381 51 69
24381 51 70
24381 51 71
24381 51 72
24381 51 73
24381 51 74
24381 51 75
24381 51 76
24381 51 77
24381 51 78
24381 52 53
24381 52 54
24381 52 55
24682 8 24
24682 8 25
24682 8 26
24682 8 27
24682 8 28
24682 8 29
24682 8 30
24682 8 31
24682 8 32
24682 8 33
24682 8 34
24682 8 35
24682 8 36
24682 8 37
24682 8 38
24682 8 39
24682 9 10
24682 9 12
24682 9 13
24682 9 14
24682 9 15
24682 9 16
24682 9 17
24682 9 18
24682 9 19
24682 9 20
24682 9 21
24682 9 22
24682 9 23
24682 9 24
24682 9 25
