0 66 77
0 66 78
0 66 79
0 66 80
0 66 81
0 66 82
0 66 83
0 66 84
0 66 85
0 66 86
0 66 87
0 67 68
0 67 71
0 67 72
0 67 73
0 67 74
0 67 75
0 67 76
0 67 77
0 67 78
0 67 79
0 67 80
0 67 81
0 67 82
0 67 83
0 67 84
0 67 85
0 67 86
0 67 87
0 68 69
0 68 70
301 180 183
301 181 182
301 182 183
301 183 184
301 184 185
301 185 186
301 186 187
301 187 188
301 188 189
301 189 190
301 190 191
301 191 192
301 192 193
301 192 198
301 192 199
301 193 194
301 193 196
301 193 197
301 193 198
301 193 199
301 194 195
301 194 196
301 194 197
301 194 198
301 194 199
301 195 196
301 195 197
301 195 198
301 195 199
301 196 197
301 196 198
602 37 162
602 37 163
602 37 187
602 37 188
602 38 39
602 38 55
602 38 56
602 38 57
602 38 58
602 38 59
602 38 60
602 38 61
602 38 62
602 38 87
602 38 88
602 38 112
602 38 113
602 38 137
602 38 138
602 38 162
602 38 163
602 38 187
602 38 188
602 39 40
602 39 53
602 39 54
602 39 55
602 39 56
602 39 57
602 39 58
602 39 59
903 41 61
903 41 62
903 42 43
903 42 46
903 42 47
903 42 48
903 42 49
903 42 50
903 42 51
903 42 52
903 42 53
903 42 54
903 42 55
903 42 56
903 42 57
903 42 58
903 42 59
903 42 60
903 42 61
903 42 62
903 43 44
903 43 45
903 43 46
903 43 47
903 43 48
903 43 49
903 43 50
903 43 51
903 43 52
903 43 53
903 43 54
1204 128 132
1204 128 133
1204 129 130
1204 129 131
1204 129 132
1204 129 133
1204 130 131
1204 130 132
1204 131 132
1204 132 133
1204 133 134
1204 134 135
1204 135 136
1204 136 137
1204 137 138
1204 138 139
1204 138 158
1204 138 159
1204 138 160
1204 138 161
1204 138 162
1204 138 163
1204 138 188
1204 139 140
1204 139 155
1204 139 156
1204 139 157
1204 139 158
1204 139 159
1204 139 160
1204 139 161
1505 68 71
1505 68 72
1505 68 73
1505 68 74
1505 68 75
1505 68 76
1505 68 77
1505 68 78
1505 68 79
1505 68 80
1505 68 81
1505 68 82
1505 68 83
1505 68 84
1505 68 85
1505 68 86
1505 68 87
1505 69 70
1505 69 71
1505 69 72
1505 69 73
1505 69 74
1505 69 75
1505 69 76
1505 69 77
1505 69 78
1505 69 79
1505 69 80
1505 69 81
1505 69 82
1505 69 83
1806 165 181
1806 165 182
1806 165 183
1806 165 184
1806 165 185
1806 165 186
1806 165 187
1806 165 188
1806 166 167
1806 166 175
1806 166 176
1806 166 177
1806 166 178
1806 166 179
1806 166 180
1806 166 181
1806 166 182
1806 166 183
1806 166 184
1806 166 185
1806 166 186
1806 166 187
1806 166 188
1806 167 168
1806 167 173
1806 167 174
1806 167 175
1806 167 176
1806 167 177
1806 167 178
1806 167 179
2107 7 8
2107 8 9
2107 9 10
2107 10 11
2107 11 12
2107 12 13
2107 12 34
2107 12 35
2107 12 36
2107 12 37
2107 12 62
2107 12 87
2107 12 88
2107 12 112
2107 12 113
2107 12 137
2107 12 138
2107 12 162
2107 12 163
2107 12 187
2107 12 188
2107 13 14
2107 13 30
2107 13 31
2107 13 32
2107 13 33
2107 13 34
2107 13 35
2107 13 36
2107 13 37
2107 13 87
2408 139 162
2408 139 163
2408 140 141
2408 140 152
2408 140 153
2408 140 154
2408 140 155
2408 140 156
2408 140 157
2408 140 158
2408 140 159
2408 140 160
2408 140 161
2408 140 162
2408 140 163
2408 141 142
2408 141 150
2408 141 151
2408 141 152
2408 141 153
2408 141 154
2408 141 155
2408 141 156
2408 141 157
2408 141 158
2408 141 159
2408 141 160
2408 141 161
2408 141 162
2408 141 163
2408 142 143
2709 122 126
2709 122 127
2709 122 128
2709 122 129
2709 122 130
2709 122 131
2709 122 132
2709 122 133
2709 122 134
2709 122 135
2709 122 136
2709 123 124
2709 123 125
2709 123 126
2709 123 127
2709 123 128
2709 123 129
2709 123 130
2709 123 131
2709 123 132
2709 123 133
2709 123 134
2709 123 135
2709 124 125
2709 124 126
2709 124 127
2709 124 128
2709 124 129
2709 124 130
2709 124 131
2709 124 132
3010 97 98
3010 97 99
3010 97 100
3010 97 101
3010 97 102
3010 97 103
3010 97 104
3010 97 105
3010 97 106
3010 97 107
3010 97 108
3010 97 109
3010 97 110
3010 97 111
3010 98 99
3010 98 100
3010 98 101
3010 98 102
3010 98 103
3010 98 104
3010 98 105
3010 98 106
3010 98 107
3010 98 108
3010 98 109
3010 98 110
3010 99 100
3010 99 101
3010 99 102
3010 99 103
3010 99 104
3311 118 129
3311 118 130
3311 118 131
3311 118 132
3311 118 133
3311 118 134
3311 118 135
3311 118 136
3311 118 137
3311 119 120
3311 119 121
3311 119 122
3311 119 123
3311 119 124
3311 119 125
3311 119 126
3311 119 127
3311 119 128
3311 119 129
3311 119 130
3311 119 131
3311 119 132
3311 119 133
3311 119 134
3311 119 135
3311 119 136
3311 119 137
3311 120 121
3311 120 122
3311 120 123
3311 120 124
3612 116 135
3612 116 136
3612 116 137
3612 116 138
3612 117 118
3612 117 122
3612 117 123
3612 117 124
3612 117 125
3612 117 126
3612 117 127
3612 117 128
3612 117 129
3612 117 130
3612 117 131
3612 117 132
3612 117 133
3612 117 134
3612 117 135
3612 117 136
3612 117 137
3612 118 119
3612 118 120
3612 118 121
3612 118 122
3612 118 123
3612 118 124
3612 118 125
3612 118 126
3612 118 127
3612 118 128
3913 71 83
3913 71 84
3913 71 85
3913 71 86
3913 72 73
3913 72 74
3913 72 75
3913 72 76
3913 72 77
3913 72 78
3913 72 79
3913 72 80
3913 72 81
3913 72 82
3913 72 83
3913 72 84
3913 72 85
3913 72 86
3913 73 74
3913 73 75
3913 73 76
3913 73 77
3913 73 78
3913 73 79
3913 73 80
3913 73 81
3913 73 82
3913 73 83
3913 73 84
3913 73 85
3913 74 75
4214 17 31
4214 17 32
4214 17 33
4214 17 34
4214 17 35
4214 17 36
4214 17 37
4214 18 19
4214 18 20
4214 18 21
4214 18 22
4214 18 23
4214 18 24
4214 18 25
4214 18 26
4214 18 27
4214 18 28
4214 18 29
4214 18 30
4214 18 31
4214 18 32
4214 18 33
4214 18 34
4214 18 35
4214 18 36
4214 18 37
4214 19 20
4214 19 21
4214 19 22
4214 19 23
4214 19 24
4515 124 133
4515 124 134
4515 124 135
4515 125 126
4515 125 127
4515 125 128
4515 125 129
4515 125 130
4515 125 131
4515 125 132
4515 125 133
4515 125 134
4515 125 135
4515 126 127
4515 126 128
4515 126 129
4515 126 130
4515 126 131
4515 126 132
4515 126 133
4515 126 134
4515 127 128
4515 127 129
4515 127 130
4515 127 131
4515 127 132
4515 127 133
4515 127 134
4515 128 129
4515 128 130
4515 128 131
4816 167 180
4816 167 181
4816 167 182
4816 167 183
4816 167 184
4816 167 185
4816 167 186
4816 167 187
4816 167 188
4816 168 169
4816 168 171
4816 168 172
4816 168 173
4816 168 174
4816 168 175
4816 168 176
4816 168 177
4816 168 178
4816 168 179
4816 168 180
4816 168 181
4816 168 182
4816 168 183
4816 168 184
4816 168 185
4816 168 186
4816 168 187
4816 168 188
4816 169 170
4816 169 171
4816 169 172
5117 147 157
5117 147 158
5117 147 159
5117 147 160
5117 147 161
5117 148 149
5117 148 150
5117 148 151
5117 148 152
5117 148 153
5117 148 154
5117 148 155
5117 148 156
5117 148 157
5117 148 158
5117 148 159
5117 148 160
5117 148 161
5117 149 150
5117 149 151
5117 149 152
5117 149 153
5117 149 154
5117 149 155
5117 149 156
5117 149 157
5117 149 158
5117 149 159
5117 149 160
5117 150 151
5117 150 152
5418 145 156
5418 145 157
5418 145 158
5418 145 159
5418 145 160
5418 145 161
5418 145 162
5418 146 147
5418 146 148
5418 146 149
5418 146 150
5418 146 151
5418 146 152
5418 146 153
5418 146 154
5418 146 155
5418 146 156
5418 146 157
5418 146 158
5418 146 159
5418 146 160
5418 146 161
5418 147 148
5418 147 149
5418 147 150
5418 147 151
5418 147 152
5418 147 153
5418 147 154
5418 147 155
5418 147 156
5719 89 104
5719 89 105
5719 89 106
5719 89 107
5719 89 108
5719 89 109
5719 89 110
5719 89 111
5719 89 112
5719 89 113
5719 90 91
5719 90 101
5719 90 102
5719 90 103
5719 90 104
5719 90 105
5719 90 106
5719 90 107
5719 90 108
5719 90 109
5719 90 110
5719 90 111
5719 90 112
5719 90 113
5719 91 92
5719 91 99
5719 91 100
5719 91 101
5719 91 102
5719 91 103
5719 91 104
6020 99 105
6020 99 106
6020 99 107
6020 99 108
6020 99 109
6020 99 110
6020 100 101
6020 100 102
6020 100 103
6020 100 104
6020 100 105
6020 100 106
6020 100 107
6020 100 108
6020 100 109
6020 101 102
6020 101 103
6020 101 104
6020 101 105
6020 101 106
6020 101 107
6020 101 108
6020 101 109
6020 102 103
6020 102 104
6020 102 105
6020 102 106
6020 102 107
6020 102 108
6020 103 104
6020 103 105
6321 173 174
6321 173 175
6321 173 176
6321 173 177
6321 173 178
6321 173 179
6321 173 180
6321 173 181
6321 173 182
6321 173 183
6321 173 184
6321 173 185
6321 173 186
6321 174 175
6321 174 176
6321 174 177
6321 174 178
6321 174 179
6321 174 180
6321 174 181
6321 174 182
6321 174 183
6321 174 184
6321 174 185
6321 175 176
6321 175 177
6321 175 178
6321 175 179
6321 175 180
6321 175 181
6321 175 182
6622 19 25
6622 19 26
6622 19 27
6622 19 28
6622 19 29
6622 19 30
6622 19 31
6622 19 32
6622 19 33
6622 19 34
6622 19 35
6622 19 36
6622 20 21
6622 20 22
6622 20 23
6622 20 24
6622 20 25
6622 20 26
6622 20 27
6622 20 28
6622 20 29
6622 20 30
6622 20 31
6622 20 32
6622 20 33
6622 20 34
6622 20 35
6622 20 36
6622 21 22
6622 21 23
6622 21 24
6923 13 88
6923 13 112
6923 13 113
6923 13 137
6923 13 138
6923 13 162
6923 13 163
6923 13 187
6923 13 188
6923 14 15
6923 14 27
6923 14 28
6923 14 29
6923 14 30
6923 14 31
6923 14 32
6923 14 33
6923 14 34
6923 14 35
6923 14 36
6923 14 37
6923 15 16
6923 15 25
6923 15 26
6923 15 27
6923 15 28
6923 15 29
6923 15 30
6923 15 31
6923 15 32
6923 15 33
7224 69 84
7224 69 85
7224 69 86
7224 69 87
7224 70 71
7224 70 72
7224 70 73
7224 70 74
7224 70 75
7224 70 76
7224 70 77
7224 70 78
7224 70 79
7224 70 80
7224 70 81
7224 70 82
7224 70 83
7224 70 84
7224 70 85
7224 70 86
7224 71 72
7224 71 73
7224 71 74
7224 71 75
7224 71 76
7224 71 77
7224 71 78
7224 71 79
7224 71 80
7224 71 81
7224 71 82
7525 74 76
7525 74 77
7525 74 78
7525 74 79
7525 74 80
7525 74 81
7525 74 82
7525 74 83
7525 74 84
7525 74 85
7525 75 76
7525 75 77
7525 75 78
7525 75 79
7525 75 80
7525 75 81
7525 75 82
7525 75 83
7525 75 84
7525 76 77
7525 76 78
7525 76 79
7525 76 80
7525 76 81
7525 76 82
7525 76 83
7525 76 84
7525 77 78
7525 77 79
7525 77 80
7525 77 81
7826 26 33
7826 27 28
7826 27 29
7826 27 30
7826 27 31
7826 27 32
7826 27 33
7826 28 29
7826 28 30
7826 28 31
7826 28 32
7826 29 30
7826 29 31
7826 29 32
7826 30 31
7826 31 32
7826 32 33
7826 33 34
7826 34 35
7826 35 36
7826 36 37
7826 37 38
7826 37 60
7826 37 61
7826 37 62
7826 37 87
7826 37 88
7826 37 112
7826 37 113
7826 37 137
7826 37 138
8127 120 125
8127 120 126
8127 120 127
8127 120 128
8127 120 129
8127 120 130
8127 120 131
8127 120 132
8127 120 133
8127 120 134
8127 120 135
8127 120 136
8127 120 137
8127 121 122
8127 121 123
8127 121 124
8127 121 125
8127 121 126
8127 121 127
8127 121 128
8127 121 129
8127 121 130
8127 121 131
8127 121 132
8127 121 133
8127 121 134
8127 121 135
8127 121 136
8127 122 123
8127 122 124
8127 122 125
8428 142 148
8428 142 149
8428 142 150
8428 142 151
8428 142 152
8428 142 153
8428 142 154
8428 142 155
8428 142 156
8428 142 157
8428 142 158
8428 142 159
8428 142 160
8428 142 161
8428 142 162
8428 142 163
8428 143 144
8428 143 146
8428 143 147
8428 143 148
8428 143 149
8428 143 150
8428 143 151
8428 143 152
8428 143 153
8428 143 154
8428 143 155
8428 143 156
8428 143 157
8428 143 158
8428 143 159
8729 63 188
8729 64 65
8729 64 78
8729 64 79
8729 64 80
8729 64 81
8729 64 82
8729 64 83
8729 64 84
8729 64 85
8729 64 86
8729 64 87
8729 64 88
8729 65 66
8729 65 76
8729 65 77
8729 65 78
8729 65 79
8729 65 80
8729 65 81
8729 65 82
8729 65 83
8729 65 84
8729 65 85
8729 65 86
8729 65 87
8729 66 67
8729 66 73
8729 66 74
8729 66 75
8729 66 76
9030 56 57
9030 57 58
9030 58 59
9030 59 60
9030 60 61
9030 61 62
9030 62 63
9030 62 87
9030 62 88
9030 62 112
9030 62 113
9030 62 137
9030 62 138
9030 62 162
9030 62 163
9030 62 187
9030 62 188
9030 63 64
9030 63 81
9030 63 82
9030 63 83
9030 63 84
9030 63 85
9030 63 86
9030 63 87
9030 63 88
9030 63 113
9030 63 138
9030 63 162
9030 63 163
9030 63 187
9331 143 160
9331 143 161
9331 143 162
9331 144 145
9331 144 146
9331 144 147
9331 144 148
9331 144 149
9331 144 150
9331 144 151
9331 144 152
9331 144 153
9331 144 154
9331 144 155
9331 144 156
9331 144 157
9331 144 158
9331 144 159
9331 144 160
9331 144 161
9331 144 162
9331 145 146
9331 145 147
9331 145 148
9331 145 149
9331 145 150
9331 145 151
9331 145 152
9331 145 153
9331 145 154
9331 145 155
9632 196 199
9632 197 198
9632 197 199
9632 198 199
9933 50 53
9933 50 54
9933 50 55
9933 50 56
9933 50 57
9933 50 58
9933 50 59
9933 51 52
9933 51 53
9933 51 54
9933 51 55
9933 51 56
9933 51 57
9933 51 58
9933 51 59
9933 52 53
9933 52 54
9933 52 55
9933 52 56
9933 52 57
9933 52 58
9933 53 54
9933 53 55
9933 53 56
9933 53 57
9933 53 58
9933 54 55
9933 54 56
9933 54 57
9933 55 56
9933 55 57
10234 0 1
10234 0 2
10234 0 3
10234 0 4
10234 0 5
10234 0 6
10234 0 7
10234 0 8
10234 0 9
10234 1 2
10234 1 3
10234 1 4
10234 1 5
10234 1 6
10234 1 7
10234 1 8
10234 2 3
10234 2 4
10234 2 5
10234 2 6
10234 2 7
10234 2 8
10234 3 4
10234 3 5
10234 3 6
10234 3 7
10234 4 5
10234 4 6
10234 4 7
10234 5 6
10234 6 7
10535 95 96
10535 95 97
10535 95 98
10535 95 99
10535 95 100
10535 95 101
10535 95 102
10535 95 103
10535 95 104
10535 95 105
10535 95 106
10535 95 107
10535 95 108
10535 95 109
10535 95 110
10535 95 111
10535 96 97
10535 96 98
10535 96 99
10535 96 100
10535 96 101
10535 96 102
10535 96 103
10535 96 104
10535 96 105
10535 96 106
10535 96 107
10535 96 108
10535 96 109
10535 96 110
10535 96 111
10836 77 82
10836 77 83
10836 78 79
10836 78 80
10836 78 81
10836 78 82
10836 78 83
10836 79 80
10836 79 81
10836 79 82
10836 80 81
10836 80 82
10836 81 82
10836 82 83
10836 83 84
10836 84 85
10836 85 86
10836 86 87
10836 87 88
10836 88 89
10836 88 107
10836 88 108
10836 88 109
10836 88 110
10836 88 111
10836 88 112
10836 88 113
10836 88 138
10836 88 163
10836 88 188
10836 89 90
11137 15 34
11137 15 35
11137 15 36
11137 15 37
11137 16 17
11137 16 23
11137 16 24
11137 16 25
11137 16 26
11137 16 27
11137 16 28
11137 16 29
11137 16 30
11137 16 31
11137 16 32
11137 16 33
11137 16 34
11137 16 35
11137 16 36
11137 16 37
11137 17 18
11137 17 21
11137 17 22
11137 17 23
11137 17 24
11137 17 25
11137 17 26
11137 17 27
11137 17 28
11137 17 29
11137 17 30
11438 91 105
11438 91 106
11438 91 107
11438 91 108
11438 91 109
11438 91 110
11438 91 111
11438 91 112
11438 92 93
11438 92 97
11438 92 98
11438 92 99
11438 92 100
11438 92 101
11438 92 102
11438 92 103
11438 92 104
11438 92 105
11438 92 106
11438 92 107
11438 92 108
11438 92 109
11438 92 110
11438 92 111
11438 92 112
11438 93 94
11438 93 95
11438 93 96
11438 93 97
11438 93 98
11438 93 99
11739 154 158
11739 155 156
11739 155 157
11739 156 157
11739 157 158
11739 158 159
11739 159 160
11739 160 161
11739 161 162
11739 162 163
11739 163 164
11739 163 184
11739 163 185
11739 163 186
11739 163 187
11739 163 188
11739 164 165
11739 164 180
11739 164 181
11739 164 182
11739 164 183
11739 164 184
11739 164 185
11739 164 186
11739 164 187
11739 164 188
11739 165 166
11739 165 177
11739 165 178
11739 165 179
11739 165 180
12040 114 134
12040 114 135
12040 114 136
12040 114 137
12040 114 138
12040 115 116
12040 115 126
12040 115 127
12040 115 128
12040 115 129
12040 115 130
12040 115 131
12040 115 132
12040 115 133
12040 115 134
12040 115 135
12040 115 136
12040 115 137
12040 115 138
12040 116 117
12040 116 124
12040 116 125
12040 116 126
12040 116 127
12040 116 128
12040 116 129
12040 116 130
12040 116 131
12040 116 132
12040 116 133
12040 116 134
12341 45 52
12341 45 53
12341 45 54
12341 45 55
12341 45 56
12341 45 57
12341 45 58
12341 45 59
12341 45 60
12341 45 61
12341 46 47
12341 46 48
12341 46 49
12341 46 50
12341 46 51
12341 46 52
12341 46 53
12341 46 54
12341 46 55
12341 46 56
12341 46 57
12341 46 58
12341 46 59
12341 46 60
12341 46 61
12341 47 48
12341 47 49
12341 47 50
12341 47 51
12341 47 52
12341 47 53
12642 169 173
12642 169 174
12642 169 175
12642 169 176
12642 169 177
12642 169 178
12642 169 179
12642 169 180
12642 169 181
12642 169 182
12642 169 183
12642 169 184
12642 169 185
12642 169 186
12642 169 187
12642 170 171
12642 170 172
12642 170 173
12642 170 174
12642 170 175
12642 170 176
12642 170 177
12642 170 178
12642 170 179
12642 170 180
12642 170 181
12642 170 182
12642 170 183
12642 170 184
12642 170 185
12642 170 186
12943 43 55
12943 43 56
12943 43 57
12943 43 58
12943 43 59
12943 43 60
12943 43 61
12943 43 62
12943 44 45
12943 44 46
12943 44 47
12943 44 48
12943 44 49
12943 44 50
12943 44 51
12943 44 52
12943 44 53
12943 44 54
12943 44 55
12943 44 56
12943 44 57
12943 44 58
12943 44 59
12943 44 60
12943 44 61
12943 45 46
12943 45 47
12943 45 48
12943 45 49
12943 45 50
12943 45 51
13244 39 60
13244 39 61
13244 39 62
13244 40 41
13244 40 50
13244 40 51
13244 40 52
13244 40 53
13244 40 54
13244 40 55
13244 40 56
13244 40 57
13244 40 58
13244 40 59
13244 40 60
13244 40 61
13244 40 62
13244 41 42
13244 41 48
13244 41 49
13244 41 50
13244 41 51
13244 41 52
13244 41 53
13244 41 54
13244 41 55
13244 41 56
13244 41 57
13244 41 58
13244 41 59
13244 41 60
13545 93 100
13545 93 101
13545 93 102
13545 93 103
13545 93 104
13545 93 105
13545 93 106
13545 93 107
13545 93 108
13545 93 109
13545 93 110
13545 93 111
13545 93 112
13545 94 95
13545 94 96
13545 94 97
13545 94 98
13545 94 99
13545 94 100
13545 94 101
13545 94 102
13545 94 103
13545 94 104
13545 94 105
13545 94 106
13545 94 107
13545 94 108
13545 94 109
13545 94 110
13545 94 111
13545 94 112
13846 47 54
13846 47 55
13846 47 56
13846 47 57
13846 47 58
13846 47 59
13846 47 60
13846 48 49
13846 48 50
13846 48 51
13846 48 52
13846 48 53
13846 48 54
13846 48 55
13846 48 56
13846 48 57
13846 48 58
13846 48 59
13846 48 60
13846 49 50
13846 49 51
13846 49 52
13846 49 53
13846 49 54
13846 49 55
13846 49 56
13846 49 57
13846 49 58
13846 49 59
13846 50 51
13846 50 52
14147 23 30
14147 23 31
14147 23 32
14147 23 33
14147 23 34
14147 23 35
14147 24 25
14147 24 26
14147 24 27
14147 24 28
14147 24 29
14147 24 30
14147 24 31
14147 24 32
14147 24 33
14147 24 34
14147 25 26
14147 25 27
14147 25 28
14147 25 29
14147 25 30
14147 25 31
14147 25 32
14147 25 33
14147 25 34
14147 26 27
14147 26 28
14147 26 29
14147 26 30
14147 26 31
14147 26 32
14448 21 25
14448 21 26
14448 21 27
14448 21 28
14448 21 29
14448 21 30
14448 21 31
14448 21 32
14448 21 33
14448 21 34
14448 21 35
14448 21 36
14448 22 23
14448 22 24
14448 22 25
14448 22 26
14448 22 27
14448 22 28
14448 22 29
14448 22 30
14448 22 31
14448 22 32
14448 22 33
14448 22 34
14448 22 35
14448 23 24
14448 23 25
14448 23 26
14448 23 27
14448 23 28
14448 23 29
14749 150 153
14749 150 154
14749 150 155
14749 150 156
14749 150 157
14749 150 158
14749 150 159
14749 150 160
14749 151 152
14749 151 153
14749 151 154
14749 151 155
14749 151 156
14749 151 157
14749 151 158
14749 151 159
14749 152 153
14749 152 154
14749 152 155
14749 152 156
14749 152 157
14749 152 158
14749 152 159
14749 153 154
14749 153 155
14749 153 156
14749 153 157
14749 153 158
14749 154 155
14749 154 156
14749 154 157
15050 103 106
15050 103 107
15050 103 108
15050 104 105
15050 104 106
15050 104 107
15050 105 106
15050 105 107
15050 106 107
15050 107 108
15050 108 109
15050 109 110
15050 110 111
15050 111 112
15050 112 113
15050 113 114
15050 113 132
15050 113 133
15050 113 134
15050 113 135
15050 113 136
15050 113 137
15050 113 138
15050 113 163
15050 113 188
15050 114 115
15050 114 129
15050 114 130
15050 114 131
15050 114 132
15050 114 133
15351 175 183
15351 175 184
15351 175 185
15351 176 177
15351 176 178
15351 176 179
15351 176 180
15351 176 181
15351 176 182
15351 176 183
15351 176 184
15351 176 185
15351 177 178
15351 177 179
15351 177 180
15351 177 181
15351 177 182
15351 177 183
15351 177 184
15351 178 179
15351 178 180
15351 178 181
15351 178 182
15351 178 183
15351 178 184
15351 179 180
15351 179 181
15351 179 182
15351 179 183
15351 180 181
15351 180 182
15652 170 187
15652 171 172
15652 171 173
15652 171 174
15652 171 175
15652 171 176
15652 171 177
15652 171 178
15652 171 179
15652 171 180
15652 171 181
15652 171 182
15652 171 183
15652 171 184
15652 171 185
15652 171 186
15652 171 187
15652 172 173
15652 172 174
15652 172 175
15652 172 176
15652 172 177
15652 172 178
15652 172 179
15652 172 180
15652 172 181
15652 172 182
15652 172 183
15652 172 184
15652 172 185
15652 172 186
0 121 133
0 121 134
1.5 41 48
1.5 41 49
3.0 71 80
3.0 71 81
4.5 43 61
4.5 43 62
6.0 108 109
6.0 109 110
7.5 47 58
7.5 47 59
9.0 141 152
9.0 141 153
10.5 122 133
10.5 122 134
12.0 74 80
12.0 74 81
13.5 73 79
13.5 73 80
15.0 17 37
15.0 18 19
16.5 166 185
16.5 166 186
18.0 169 180
18.0 169 181
19.5 67 77
19.5 67 78
21.0 98 109
21.0 98 110
22.5 14 35
22.5 14 36
24.0 149 158
24.0 149 159
25.5 2 7
25.5 2 8
27.0 140 141
27.0 140 152
28.5 88 138
28.5 88 163
30.0 72 74
30.0 72 75
31.5 63 83
31.5 63 84
33.0 73 81
33.0 73 82
34.5 12 35
34.5 12 36
36.0 47 50
36.0 47 51
37.5 120 123
37.5 120 124
39.0 38 55
39.0 38 56
40.5 99 100
40.5 99 101
42.0 126 134
42.0 127 128
43.5 26 27
43.5 26 28
45.0 13 14
45.0 13 30
46.5 43 47
46.5 43 48
48.0 19 26
48.0 19 27
49.5 38 57
49.5 38 58
51.0 3 6
51.0 3 7
52.5 172 174
52.5 172 175
54.0 191 192
54.0 192 193
55.5 65 81
55.5 65 82
57.0 144 146
57.0 144 147
58.5 30 31
58.5 31 32
60.0 48 56
60.0 48 57
61.5 43 53
61.5 43 54
63.0 129 133
63.0 130 131
64.5 19 22
64.5 19 23
66.0 171 183
66.0 171 184
67.5 15 25
67.5 15 26
69.0 172 182
69.0 172 183
70.5 96 100
70.5 96 101
72.0 18 22
72.0 18 23
73.5 119 130
73.5 119 131
75.0 36 37
75.0 37 38
76.5 141 156
76.5 141 157
78.0 51 56
78.0 51 57
79.5 93 108
79.5 93 109
81.0 167 168
81.0 167 173
82.5 120 133
82.5 120 134
84.0 115 133
84.0 115 134
85.5 89 110
85.5 89 111
87.0 63 187
87.0 63 188
88.5 119 122
88.5 119 123
90.0 142 155
90.0 142 156
91.5 143 160
91.5 143 161
93.0 51 54
93.0 51 55
94.5 15 35
94.5 15 36
96.0 27 29
96.0 27 30
97.5 68 78
97.5 68 79
99.0 140 155
99.0 140 156
100.5 38 162
100.5 38 163
102.0 140 157
102.0 140 158
103.5 117 129
103.5 117 130
105.0 13 33
105.0 13 34
106.5 13 188
106.5 14 15
108.0 46 48
108.0 46 49
109.5 143 150
109.5 143 151
111.0 147 159
111.0 147 160
112.5 97 98
112.5 97 99
114.0 79 82
114.0 80 81
115.5 142 163
115.5 143 144
117.0 47 48
117.0 47 49
118.5 187 188
118.5 188 189
120.0 167 188
120.0 168 169
121.5 0 9
121.5 1 2
123.0 196 197
123.0 196 198
124.5 117 123
124.5 117 124
126.0 172 180
126.0 172 181
127.5 26 31
127.5 26 32
129.0 66 79
129.0 66 80
130.5 175 181
130.5 175 182
132.0 76 84
132.0 77 78
133.5 125 133
133.5 125 134
135.0 145 155
135.0 145 156
136.5 63 81
136.5 63 82
138.0 176 180
138.0 176 181
139.5 89 112
139.5 89 113
141.0 42 52
141.0 42 53
142.5 151 155
142.5 151 156
144.0 3 4
144.0 3 5
145.5 91 92
145.5 91 99
147.0 123 124
147.0 123 125
148.5 77 79
148.5 77 80
150.0 92 101
150.0 92 102
151.5 17 21
151.5 17 22
153.0 163 187
153.0 163 188
154.5 76 78
154.5 76 79
156.0 90 102
156.0 90 103
157.5 63 85
157.5 63 86
159.0 138 161
159.0 138 162
160.5 125 127
160.5 125 128
162.0 172 178
162.0 172 179
163.5 127 129
163.5 127 130
165.0 88 110
165.0 88 111
166.5 126 132
166.5 126 133
168.0 145 153
168.0 145 154
169.5 174 175
169.5 174 176
171.0 117 125
171.0 117 126
172.5 172 176
172.5 172 177
174.0 14 27
174.0 14 28
175.5 176 178
175.5 176 179
177.0 67 79
177.0 67 80
178.5 67 75
178.5 67 76
180.0 113 134
180.0 113 135
181.5 115 129
181.5 115 130
183.0 147 149
183.0 147 150
184.5 113 188
184.5 114 115
186.0 68 86
186.0 68 87
187.5 48 52
187.5 48 53
189.0 48 50
189.0 48 51
190.5 116 133
190.5 116 134
192.0 28 30
192.0 28 31
193.5 50 56
193.5 50 57
195.0 167 174
195.0 167 175
196.5 43 51
196.5 43 52
198.0 94 98
198.0 94 99
199.5 65 66
199.5 65 76
201.0 0 5
201.0 0 6
202.5 166 179
202.5 166 180
204.0 23 25
204.0 23 26
205.5 16 25
205.5 16 26
207.0 102 105
207.0 102 106
208.5 92 105
208.5 92 106
210.0 40 62
210.0 41 42
211.5 119 126
211.5 119 127
213.0 71 86
213.0 72 73
214.5 167 176
214.5 167 177
216.0 76 80
216.0 76 81
217.5 189 190
217.5 190 191
219.0 43 45
219.0 43 46
220.5 149 150
220.5 149 151
222.0 72 84
222.0 72 85
223.5 79 80
223.5 79 81
225.0 1 5
225.0 1 6
226.5 95 101
226.5 95 102
228.0 47 60
228.0 48 49
229.5 93 106
229.5 93 107
231.0 74 78
231.0 74 79
232.5 13 163
232.5 13 187
234.0 19 24
234.0 19 25
235.5 50 54
235.5 50 55
237.0 169 178
237.0 169 179
238.5 14 29
238.5 14 30
240.0 144 148
240.0 144 149
241.5 90 110
241.5 90 111
243.0 67 81
243.0 67 82
244.5 101 106
244.5 101 107
246.0 45 57
246.0 45 58
247.5 44 49
247.5 44 50
249.0 92 107
249.0 92 108
250.5 41 60
250.5 41 61
252.0 69 78
252.0 69 79
253.5 118 126
253.5 118 127
255.0 94 108
255.0 94 109
256.5 28 32
256.5 29 30
258.0 44 45
258.0 44 46
259.5 97 100
259.5 97 101
261.0 86 87
261.0 87 88
262.5 96 106
262.5 96 107
264.0 120 121
264.0 120 122
265.5 46 50
265.5 46 51
267.0 70 75
267.0 70 76
268.5 66 75
268.5 66 76
270.0 124 125
270.0 124 126
271.5 49 57
271.5 49 58
273.0 169 174
273.0 169 175
274.5 106 107
274.5 107 108
276.0 16 37
276.0 17 18
277.5 0 7
277.5 0 8
279.0 52 55
279.0 52 56
280.5 55 56
280.5 55 57
282.0 121 131
282.0 121 132
283.5 44 57
283.5 44 58
285.0 116 127
285.0 116 128
286.5 22 29
286.5 22 30
288.0 63 113
288.0 63 138
289.5 45 49
289.5 45 50
291.0 68 72
291.0 68 73
292.5 95 103
292.5 95 104
294.0 172 186
294.0 173 174
295.5 42 50
295.5 42 51
297.0 2 3
297.0 2 4
298.5 43 55
298.5 43 56
300.0 92 111
300.0 92 112
301.5 92 99
301.5 92 100
303.0 145 157
303.0 145 158
304.5 14 33
304.5 14 34
306.0 96 108
306.0 96 109
307.5 41 50
307.5 41 51
309.0 32 33
309.0 33 34
310.5 89 106
310.5 89 107
312.0 102 103
312.0 102 104
313.5 120 135
313.5 120 136
315.0 161 162
315.0 162 163
316.5 123 128
316.5 123 129
318.0 18 28
318.0 18 29
319.5 71 72
319.5 71 73
321.0 151 153
321.0 151 154
322.5 170 179
322.5 170 180
324.0 103 104
324.0 103 105
325.5 12 87
325.5 12 88
327.0 20 30
327.0 20 31
328.5 143 148
328.5 143 149
330.0 168 183
330.0 168 184
331.5 44 51
331.5 44 52
333.0 56 57
333.0 57 58
334.5 72 82
334.5 72 83
336.0 179 181
336.0 179 182
337.5 38 59
337.5 38 60
339.0 22 27
339.0 22 28
340.5 74 82
340.5 74 83
342.0 96 110
342.0 96 111
343.5 181 182
343.5 182 183
345.0 68 84
345.0 68 85
346.5 75 78
346.5 75 79
348.0 51 52
348.0 51 53
349.5 115 116
349.5 115 126
351.0 20 32
351.0 20 33
352.5 113 138
352.5 113 163
354.0 66 81
354.0 66 82
355.5 22 25
355.5 22 26
357.0 21 27
357.0 21 28
358.5 164 181
358.5 164 182
360.0 67 83
360.0 67 84
361.5 70 83
361.5 70 84
363.0 69 70
363.0 69 71
364.5 50 58
364.5 50 59
366.0 167 178
366.0 167 179
367.5 39 56
367.5 39 57
369.0 116 137
369.0 116 138
370.5 66 77
370.5 66 78
372.0 17 25
372.0 17 26
373.5 167 184
373.5 167 185
375.0 170 177
375.0 170 178
376.5 169 176
376.5 169 177
378.0 42 56
378.0 42 57
379.5 14 37
379.5 15 16
381.0 183 184
381.0 184 185
382.5 142 157
382.5 142 158
384.0 76 82
384.0 76 83
385.5 24 28
385.5 24 29
387.0 154 158
387.0 155 156
388.5 148 156
388.5 148 157
390.0 124 135
390.0 125 126
391.5 145 147
391.5 145 148
393.0 148 152
393.0 148 153
394.5 18 34
394.5 18 35
396.0 13 113
396.0 13 137
397.5 114 131
397.5 114 132
399.0 144 162
399.0 145 146
400.5 121 125
400.5 121 126
402.0 125 131
402.0 125 132
403.5 101 108
403.5 101 109
405.0 166 181
405.0 166 182
406.5 20 28
406.5 20 29
408.0 100 106
408.0 100 107
409.5 173 175
409.5 173 176
411.0 37 113
411.0 37 137
412.5 192 198
412.5 192 199
414.0 146 155
414.0 146 156
415.5 174 181
415.5 174 182
417.0 65 87
417.0 66 67
418.5 40 60
418.5 40 61
420.0 38 137
420.0 38 138
421.5 77 83
421.5 78 79
423.0 118 132
423.0 118 133
424.5 146 159
424.5 146 160
426.0 40 52
426.0 40 53
427.5 91 108
427.5 91 109
429.0 144 160
429.0 144 161
430.5 47 56
430.5 47 57
432.0 40 58
432.0 40 59
433.5 75 84
433.5 76 77
435.0 170 181
435.0 170 182
436.5 197 199
436.5 198 199
438.0 70 85
438.0 70 86
439.5 144 158
439.5 144 159
441.0 138 163
441.0 138 188
442.5 194 198
442.5 194 199
444.0 167 180
444.0 167 181
445.5 117 135
445.5 117 136
447.0 139 140
447.0 139 155
448.5 129 131
448.5 129 132
450.0 16 31
450.0 16 32
451.5 25 27
451.5 25 28
453.0 49 51
453.0 49 52
454.5 29 31
454.5 29 32
456.0 97 108
456.0 97 109
457.5 118 130
457.5 118 131
459.0 48 58
459.0 48 59
460.5 45 53
460.5 45 54
462.0 103 108
462.0 104 105
463.5 13 35
463.5 13 36
465.0 52 53
465.0 52 54
466.5 153 154
466.5 153 155
468.0 166 187
468.0 166 188
469.5 17 27
469.5 17 28
471.0 123 132
471.0 123 133
472.5 72 76
472.5 72 77
474.0 150 156
474.0 150 157
475.5 47 52
475.5 47 53
477.0 17 23
477.0 17 24
478.5 17 35
478.5 17 36
480.0 78 80
480.0 78 81
481.5 23 33
481.5 23 34
483.0 150 152
483.0 150 153
484.5 20 24
484.5 20 25
486.0 142 149
486.0 142 150
487.5 18 32
487.5 18 33
489.0 1 3
489.0 1 4
490.5 177 182
490.5 177 183
492.0 143 146
492.0 143 147
493.5 153 156
493.5 153 157
495.0 173 179
495.0 173 180
496.5 170 187
496.5 171 172
498.0 12 13
498.0 12 34
499.5 73 77
499.5 73 78
501.0 177 180
501.0 177 181
502.5 53 56
502.5 53 57
504.0 99 102
504.0 99 103
505.5 69 76
505.5 69 77
507.0 49 55
507.0 49 56
508.5 41 58
508.5 41 59
510.0 12 162
510.0 12 163
511.5 100 104
511.5 100 105
513.0 40 50
513.0 40 51
514.5 99 108
514.5 99 109
516.0 38 61
516.0 38 62
517.5 64 81
517.5 64 82
519.0 145 151
519.0 145 152
520.5 21 35
520.5 21 36
522.0 92 109
522.0 92 110
523.5 97 104
523.5 97 105
525.0 78 82
525.0 78 83
526.5 44 53
526.5 44 54
528.0 88 112
528.0 88 113
529.5 39 40
529.5 39 53
531.0 39 62
531.0 40 41
532.5 142 153
532.5 142 154
534.0 122 127
534.0 122 128
535.5 71 82
535.5 71 83
537.0 19 36
537.0 20 21
538.5 45 55
538.5 45 56
540.0 118 128
540.0 118 129
541.5 119 136
541.5 119 137
543.0 128 131
543.0 128 132
544.5 23 31
544.5 23 32
546.0 143 162
546.0 144 145
547.5 71 76
547.5 71 77
549.0 144 152
549.0 144 153
550.5 13 88
550.5 13 112
552.0 60 61
552.0 61 62
553.5 168 179
553.5 168 180
555.0 173 177
555.0 173 178
556.5 75 82
556.5 75 83
558.0 74 76
558.0 74 77
559.5 64 85
559.5 64 86
561.0 72 78
561.0 72 79
562.5 37 60
562.5 37 61
564.0 69 86
564.0 69 87
565.5 91 102
565.5 91 103
567.0 178 182
567.0 178 183
568.5 25 33
568.5 25 34
570.0 114 129
570.0 114 130
571.5 62 63
571.5 62 87
573.0 4 7
573.0 5 6
574.5 66 73
574.5 66 74
576.0 22 35
576.0 23 24
577.5 130 132
577.5 131 132
579.0 17 31
579.0 17 32
580.5 125 135
580.5 126 127
582.0 177 178
582.0 177 179
583.5 51 58
583.5 51 59
585.0 91 110
585.0 91 111
586.5 93 104
586.5 93 105
588.0 18 30
588.0 18 31
589.5 148 158
589.5 148 159
591.0 100 108
591.0 100 109
592.5 65 79
592.5 65 80
594.0 195 196
594.0 195 197
595.5 173 185
595.5 173 186
597.0 138 159
597.0 138 160
598.5 25 29
598.5 25 30
600.0 124 129
600.0 124 130
601.5 91 100
601.5 91 101
603.0 171 175
603.0 171 176
604.5 53 58
604.5 54 55
606.0 22 23
606.0 22 24
607.5 43 57
607.5 43 58
609.0 48 60
609.0 49 50
610.5 116 131
610.5 116 132
612.0 128 129
612.0 128 130
613.5 67 87
613.5 68 69
615.0 45 61
615.0 46 47
616.5 48 54
616.5 48 55
618.0 77 81
618.0 77 82
619.5 62 163
619.5 62 187
621.0 23 27
621.0 23 28
622.5 124 131
622.5 124 132
624.0 101 102
624.0 101 103
625.5 146 161
625.5 147 148
627.0 95 97
627.0 95 98
628.5 123 126
628.5 123 127
630.0 90 104
630.0 90 105
631.5 15 33
631.5 15 34
633.0 21 31
633.0 21 32
634.5 52 57
634.5 52 58
636.0 44 61
636.0 45 46
637.5 171 187
637.5 172 173
639.0 117 127
639.0 117 128
640.5 13 31
640.5 13 32
642.0 142 143
642.0 142 148
643.5 165 178
643.5 165 179
645.0 95 105
645.0 95 106
646.5 17 33
646.5 17 34
648.0 146 147
648.0 146 148
649.5 114 133
649.5 114 134
651.0 121 127
651.0 121 128
652.5 143 158
652.5 143 159
654.0 99 110
654.0 100 101
655.5 46 56
655.5 46 57
657.0 100 102
657.0 100 103
658.5 170 173
658.5 170 174
660.0 69 84
660.0 69 85
661.5 115 131
661.5 115 132
663.0 42 46
663.0 42 47
664.5 97 102
664.5 97 103
666.0 155 157
666.0 156 157
667.5 18 26
667.5 18 27
669.0 170 185
669.0 170 186
670.5 118 122
670.5 118 123
672.0 171 179
672.0 171 180
673.5 14 31
673.5 14 32
675.0 193 194
675.0 193 196
676.5 99 106
676.5 99 107
678.0 39 60
678.0 39 61
679.5 18 36
679.5 18 37
681.0 41 52
681.0 41 53
682.5 58 59
682.5 59 60
684.0 174 177
684.0 174 178
685.5 37 163
685.5 37 187
687.0 66 83
687.0 66 84
688.5 165 186
688.5 165 187
690.0 98 107
690.0 98 108
691.5 92 103
691.5 92 104
693.0 19 34
693.0 19 35
694.5 121 135
694.5 121 136
696.0 168 173
696.0 168 174
697.5 16 33
697.5 16 34
699.0 152 154
699.0 152 155
700.5 38 187
700.5 38 188
702.0 110 111
702.0 111 112
703.5 0 3
703.5 0 4
705.0 103 106
705.0 103 107
706.5 12 187
706.5 12 188
708.0 75 80
708.0 75 81
709.5 22 33
709.5 22 34
711.0 49 53
711.0 49 54
712.5 117 133
712.5 117 134
714.0 116 129
714.0 116 130
715.5 65 77
715.5 65 78
717.0 23 29
717.0 23 30
718.5 99 104
718.5 99 105
720.0 148 150
720.0 148 151
721.5 89 108
721.5 89 109
723.0 171 185
723.0 171 186
724.5 37 138
724.5 37 162
726.0 150 158
726.0 150 159
727.5 64 83
727.5 64 84
729.0 96 102
729.0 96 103
730.5 23 35
730.5 24 25
732.0 95 107
732.0 95 108
733.5 141 158
733.5 141 159
735.0 138 139
735.0 138 158
736.5 164 185
736.5 164 186
738.0 15 37
738.0 16 17
739.5 126 130
739.5 126 131
741.0 98 105
741.0 98 106
742.5 141 154
742.5 141 155
744.0 146 157
744.0 146 158
745.5 40 54
745.5 40 55
747.0 140 163
747.0 141 142
748.5 144 156
748.5 144 157
750.0 64 79
750.0 64 80
751.5 165 182
751.5 165 183
753.0 177 184
753.0 178 179
754.5 94 102
754.5 94 103
756.0 149 154
756.0 149 155
757.5 175 177
757.5 175 178
759.0 12 137
759.0 12 138
760.5 68 74
760.5 68 75
762.0 42 60
762.0 42 61
763.5 90 112
763.5 90 113
765.0 124 127
765.0 124 128
766.5 93 98
766.5 93 99
768.0 39 58
768.0 39 59
769.5 126 128
769.5 126 129
771.0 37 62
771.0 37 87
772.5 0 1
772.5 0 2
774.0 95 111
774.0 96 97
775.5 101 104
775.5 101 105
777.0 19 32
777.0 19 33
778.5 44 47
778.5 44 48
780.0 140 153
780.0 140 154
781.5 27 33
781.5 28 29
783.0 74 84
783.0 74 85
784.5 16 29
784.5 16 30
786.0 145 159
786.0 145 160
787.5 175 183
787.5 175 184
789.0 73 85
789.0 74 75
790.5 20 36
790.5 21 22
792.0 122 123
792.0 122 124
793.5 94 96
793.5 94 97
795.0 72 80
795.0 72 81
796.5 20 22
796.5 20 23
798.0 116 125
798.0 116 126
799.5 141 162
799.5 141 163
801.0 22 31
801.0 22 32
802.5 119 134
802.5 119 135
804.0 19 30
804.0 19 31
805.5 94 112
805.5 95 96
807.0 141 160
807.0 141 161
808.5 150 154
808.5 150 155
810.0 63 87
810.0 63 88
811.5 73 83
811.5 73 84
813.0 93 112
813.0 94 95
814.5 166 177
814.5 166 178
816.0 169 184
816.0 169 185
817.5 27 31
817.5 27 32
819.0 15 29
819.0 15 30
820.5 124 133
820.5 124 134
822.0 167 186
822.0 167 187
823.5 169 182
823.5 169 183
825.0 12 112
825.0 12 113
826.5 174 185
826.5 175 176
828.0 118 124
828.0 118 125
829.5 147 161
829.5 148 149
831.0 185 186
831.0 186 187
832.5 46 58
832.5 46 59
834.0 147 153
834.0 147 154
835.5 94 104
835.5 94 105
837.0 121 129
837.0 121 130
838.5 10 11
838.5 11 12
840.0 97 110
840.0 97 111
841.5 194 196
841.5 194 197
843.0 25 31
843.0 25 32
844.5 180 182
844.5 180 183
846.0 91 112
846.0 92 93
847.5 89 104
847.5 89 105
849.0 42 54
849.0 42 55
850.5 120 131
850.5 120 132
852.0 21 29
852.0 21 30
853.5 136 137
853.5 137 138
855.0 95 109
855.0 95 110
856.5 21 25
856.5 21 26
858.0 170 175
858.0 170 176
859.5 6 7
859.5 7 8
861.0 90 106
861.0 90 107
862.5 119 124
862.5 119 125
864.0 123 134
864.0 123 135
865.5 154 156
865.5 154 157
867.0 127 133
867.0 127 134
868.5 26 29
868.5 26 30
870.0 37 188
870.0 38 39
871.5 178 184
871.5 179 180
873.0 46 52
873.0 46 53
874.5 68 70
874.5 68 71
876.0 173 181
876.0 173 182
877.5 21 23
877.5 21 24
879.0 168 175
879.0 168 176
880.5 173 183
880.5 173 184
882.0 63 162
882.0 63 163
883.5 70 79
883.5 70 80
885.0 171 173
885.0 171 174
886.5 193 197
886.5 193 198
888.0 117 118
888.0 117 122
889.5 70 81
889.5 70 82
891.0 166 183
891.0 166 184
892.5 72 86
892.5 73 74
894.0 17 29
894.0 17 30
895.5 142 161
895.5 142 162
897.0 93 102
897.0 93 103
898.5 93 94
898.5 93 95
900.0 102 107
900.0 102 108
901.5 70 77
901.5 70 78
903.0 164 183
903.0 164 184
904.5 118 120
904.5 118 121
906.0 24 26
906.0 24 27
907.5 122 131
907.5 122 132
909.0 84 85
909.0 85 86
910.5 165 188
910.5 166 167
912.0 64 87
912.0 64 88
913.5 12 37
913.5 12 62
915.0 42 48
915.0 42 49
916.5 120 137
916.5 121 122
918.0 148 154
918.0 148 155
919.5 13 37
919.5 13 87
921.0 94 100
921.0 94 101
922.5 114 137
922.5 114 138
924.0 68 80
924.0 68 81
925.5 116 117
925.5 116 124
927.0 65 83
927.0 65 84
928.5 45 59
928.5 45 60
930.0 67 71
930.0 67 72
931.5 151 157
931.5 151 158
933.0 15 27
933.0 15 28
934.5 140 159
934.5 140 160
936.0 142 151
936.0 142 152
937.5 166 175
937.5 166 176
939.0 91 106
939.0 91 107
940.5 145 149
940.5 145 150
942.0 94 106
942.0 94 107
943.5 15 31
943.5 15 32
945.0 53 54
945.0 53 55
946.5 165 180
946.5 165 181
948.0 46 60
948.0 46 61
949.5 37 88
949.5 37 112
951.0 196 199
951.0 197 198
952.5 141 150
952.5 141 151
954.0 62 188
954.0 63 64
955.5 88 108
955.5 88 109
957.0 82 83
957.0 83 84
958.5 128 133
958.5 129 130
960.0 117 137
960.0 118 119
961.5 175 179
961.5 175 180
963.0 168 181
963.0 168 182
964.5 113 132
964.5 113 133
966.0 98 103
966.0 98 104
967.5 44 59
967.5 44 60
969.0 119 120
969.0 119 121
970.5 43 59
970.5 43 60
972.0 118 136
972.0 118 137
973.5 96 104
973.5 96 105
975.0 50 52
975.0 50 53
976.5 4 5
976.5 4 6
978.0 195 198
978.0 195 199
979.5 64 65
979.5 64 78
981.0 66 87
981.0 67 68
982.5 66 85
982.5 66 86
984.0 176 182
984.0 176 183
985.5 175 185
985.5 176 177
987.0 44 55
987.0 44 56
988.5 115 127
988.5 115 128
990.0 122 135
990.0 122 136
991.5 40 56
991.5 40 57
993.0 38 112
993.0 38 113
994.5 20 26
994.5 20 27
996.0 148 160
996.0 148 161
997.5 46 54
997.5 46 55
999.0 75 76
999.0 75 77
1000.5 71 84
1000.5 71 85
1002.0 169 186
1002.0 169 187
1003.5 139 160
1003.5 139 161
1005.0 104 106
1005.0 104 107
1006.5 62 88
1006.5 62 112
1008.0 65 85
1008.0 65 86
1009.5 62 113
1009.5 62 137
1011.0 47 54
1011.0 47 55
1012.5 144 150
1012.5 144 151
1014.0 146 149
1014.0 146 150
1015.5 70 73
1015.5 70 74
1017.0 69 80
1017.0 69 81
1018.5 120 127
1018.5 120 128
1020.0 68 76
1020.0 68 77
1021.5 43 49
1021.5 43 50
1023.0 1 7
1023.0 1 8
1024.5 113 136
1024.5 113 137
1026.0 98 99
1026.0 98 100
1027.5 41 56
1027.5 41 57
1029.0 116 135
1029.0 116 136
1030.5 98 101
1030.5 98 102
1032.0 146 151
1032.0 146 152
1033.5 146 153
1033.5 146 154
1035.0 2 5
1035.0 2 6
1036.5 94 110
1036.5 94 111
1038.0 168 185
1038.0 168 186
1039.5 172 184
1039.5 172 185
1041.0 143 154
1041.0 143 155
1042.5 115 137
1042.5 115 138
1044.0 163 164
1044.0 163 184
1045.5 164 165
1045.5 164 180
1047.0 157 158
1047.0 158 159
1048.5 123 130
1048.5 123 131
1050.0 120 129
1050.0 120 130
1051.5 178 180
1051.5 178 181
1053.0 24 30
1053.0 24 31
1054.5 90 108
1054.5 90 109
1056.0 176 184
1056.0 176 185
1057.5 96 98
1057.5 96 99
1059.0 152 158
1059.0 152 159
1060.5 105 106
1060.5 105 107
1062.0 45 47
1062.0 45 48
1063.5 62 138
1063.5 62 162
1065.0 122 125
1065.0 122 126
1066.5 73 75
1066.5 73 76
1068.0 159 160
1068.0 160 161
1069.5 169 172
1069.5 169 173
1071.0 88 188
1071.0 89 90
1072.5 18 24
1072.5 18 25
1074.0 19 20
1074.0 19 21
1075.5 112 113
1075.5 113 114
1077.0 147 155
1077.0 147 156
1078.5 144 154
1078.5 144 155
1080.0 165 184
1080.0 165 185
1081.5 174 183
1081.5 174 184
1083.0 171 181
1083.0 171 182
1084.5 42 58
1084.5 42 59
1086.0 69 72
1086.0 69 73
1087.5 170 171
1087.5 170 172
1089.0 38 87
1089.0 38 88
1090.5 16 23
1090.5 16 24
1092.0 97 106
1092.0 97 107
1093.5 39 54
1093.5 39 55
1095.0 122 129
1095.0 122 130
1096.5 67 85
1096.5 67 86
1098.0 149 156
1098.0 149 157
1099.5 118 134
1099.5 118 135
1101.0 150 160
1101.0 151 152
1102.5 145 161
1102.5 145 162
1104.0 168 171
1104.0 168 172
1105.5 142 159
1105.5 142 160
1107.0 90 91
1107.0 90 101
1108.5 143 156
1108.5 143 157
1110.0 193 199
1110.0 194 195
1111.5 41 62
1111.5 42 43
1113.0 92 97
1113.0 92 98
1114.5 139 162
1114.5 139 163
1116.0 165 166
1116.0 165 177
1117.5 49 59
1117.5 50 51
1119.0 147 157
1119.0 147 158
1120.5 70 71
1120.5 70 72
1122.0 54 56
1122.0 54 57
1123.5 174 179
1123.5 174 180
1125.0 91 104
1125.0 91 105
1126.5 88 89
1126.5 88 107
1128.0 13 138
1128.0 13 162
1129.5 67 73
1129.5 67 74
1131.0 20 34
1131.0 20 35
1132.5 119 128
1132.5 119 129
1134.0 171 177
1134.0 171 178
1135.5 8 9
1135.5 9 10
1137.0 21 33
1137.0 21 34
1138.5 115 135
1138.5 115 136
1140.0 121 123
1140.0 121 124
1141.5 152 156
1141.5 152 157
1143.0 164 187
1143.0 164 188
1144.5 69 82
1144.5 69 83
1146.0 163 185
1146.0 163 186
1147.5 93 100
1147.5 93 101
1149.0 114 135
1149.0 114 136
1150.5 149 160
1150.5 150 151
1152.0 41 54
1152.0 41 55
1153.5 168 187
1153.5 168 188
1155.0 26 33
1155.0 27 28
1156.5 71 78
1156.5 71 79
1158.0 140 161
1158.0 140 162
1159.5 170 183
1159.5 170 184
1161.0 149 152
1161.0 149 153
1162.5 16 27
1162.5 16 28
1164.0 139 158
1164.0 139 159
1165.5 151 159
1165.5 152 153
1167.0 45 51
1167.0 45 52
1168.5 34 35
1168.5 35 36
1170.0 80 82
1170.0 81 82
1171.5 147 151
1171.5 147 152
1173.0 167 182
1173.0 167 183
1174.5 119 132
1174.5 119 133
1176.0 120 125
1176.0 120 126
1177.5 127 131
1177.5 127 132
1179.0 18 20
1179.0 18 21
1180.5 69 74
1180.5 69 75
1182.0 134 135
1182.0 135 136
1183.5 153 158
1183.5 154 155
1185.0 24 34
1185.0 25 26
1186.5 169 170
1186.5 169 171
1188.0 42 62
1188.0 43 44
1189.5 132 133
1189.5 133 134
1191.0 143 152
1191.0 143 153
1192.5 71 74
1192.5 71 75
1194.0 93 96
1194.0 93 97
1195.5 16 35
1195.5 16 36
1197.0 117 131
1197.0 117 132
1198.5 95 99
1198.5 95 100
1200.0 125 129
1200.0 125 130
1201.5 168 177
1201.5 168 178
1203.0 93 110
1203.0 93 111
1204.5 24 32
1204.5 24 33
1206.0 139 156
1206.0 139 157
1207.5 68 82
1207.5 68 83
1209.0 179 183
1209.0 180 181
1210.5 19 28
1210.5 19 29
