0 69 84
0 69 85
0 69 86
0 69 87
0 70 71
0 70 72
0 70 73
0 70 74
0 70 75
0 70 76
0 70 77
0 70 78
0 70 79
0 70 80
0 70 81
0 70 82
0 70 83
0 70 84
0 70 85
0 70 86
0 71 72
0 71 73
0 71 74
0 71 75
0 71 76
0 71 77
0 71 78
0 71 79
0 71 80
0 71 81
0 71 82
301 15 34
301 15 35
301 15 36
301 15 37
301 16 17
301 16 23
301 16 24
301 16 25
301 16 26
301 16 27
301 16 28
301 16 29
301 16 30
301 16 31
301 16 32
301 16 33
301 16 34
301 16 35
301 16 36
301 16 37
301 17 18
301 17 21
301 17 22
301 17 23
301 17 24
301 17 25
301 17 26
301 17 27
301 17 28
301 17 29
301 17 30
602 165 181
602 165 182
602 165 183
602 165 184
602 165 185
602 165 186
602 165 187
602 165 188
602 166 167
602 166 175
602 166 176
602 166 177
602 166 178
602 166 179
602 166 180
602 166 181
602 166 182
602 166 183
602 166 184
602 166 185
602 166 186
602 166 187
602 166 188
602 167 168
602 167 173
602 167 174
602 167 175
602 167 176
602 167 177
602 167 178
602 167 179
903 63 188
903 64 65
903 64 78
903 64 79
903 64 80
903 64 81
903 64 82
903 64 83
903 64 84
903 64 85
903 64 86
903 64 87
903 64 88
903 65 66
903 65 76
903 65 77
903 65 78
903 65 79
903 65 80
903 65 81
903 65 82
903 65 83
903 65 84
903 65 85
903 65 86
903 65 87
903 66 67
903 66 73
903 66 74
903 66 75
903 66 76
1204 114 134
1204 114 135
1204 114 136
1204 114 137
1204 114 138
1204 115 116
1204 115 126
1204 115 127
1204 115 128
1204 115 129
1204 115 130
1204 115 131
1204 115 132
1204 115 133
1204 115 134
1204 115 135
1204 115 136
1204 115 137
1204 115 138
1204 116 117
1204 116 124
1204 116 125
1204 116 126
1204 116 127
1204 116 128
1204 116 129
1204 116 130
1204 116 131
1204 116 132
1204 116 133
1204 116 134
1505 122 126
1505 122 127
1505 122 128
1505 122 129
1505 122 130
1505 122 131
1505 122 132
1505 122 133
1505 122 134
1505 122 135
1505 122 136
1505 123 124
1505 123 125
1505 123 126
1505 123 127
1505 123 128
1505 123 129
1505 123 130
1505 123 131
1505 123 132
1505 123 133
1505 123 134
1505 123 135
1505 124 125
1505 124 126
1505 124 127
1505 124 128
1505 124 129
1505 124 130
1505 124 131
1505 124 132
1806 142 148
1806 142 149
1806 142 150
1806 142 151
1806 142 152
1806 142 153
1806 142 154
1806 142 155
1806 142 156
1806 142 157
1806 142 158
1806 142 159
1806 142 160
1806 142 161
1806 142 162
1806 142 163
1806 143 144
1806 143 146
1806 143 147
1806 143 148
1806 143 149
1806 143 150
1806 143 151
1806 143 152
1806 143 153
1806 143 154
1806 143 155
1806 143 156
1806 143 157
1806 143 158
1806 143 159
2107 93 100
2107 93 101
2107 93 102
2107 93 103
2107 93 104
2107 93 105
2107 93 106
2107 93 107
2107 93 108
2107 93 109
2107 93 110
2107 93 111
2107 93 112
2107 94 95
2107 94 96
2107 94 97
2107 94 98
2107 94 99
2107 94 100
2107 94 101
2107 94 102
2107 94 103
2107 94 104
2107 94 105
2107 94 106
2107 94 107
2107 94 108
2107 94 109
2107 94 110
2107 94 111
2107 94 112
2408 71 83
2408 71 84
2408 71 85
2408 71 86
2408 72 73
2408 72 74
2408 72 75
2408 72 76
2408 72 77
2408 72 78
2408 72 79
2408 72 80
2408 72 81
2408 72 82
2408 72 83
2408 72 84
2408 72 85
2408 72 86
2408 73 74
2408 73 75
2408 73 76
2408 73 77
2408 73 78
2408 73 79
2408 73 80
2408 73 81
2408 73 82
2408 73 83
2408 73 84
2408 73 85
2408 74 75
2709 139 162
2709 139 163
2709 140 141
2709 140 152
2709 140 153
2709 140 154
2709 140 155
2709 140 156
2709 140 157
2709 140 158
2709 140 159
2709 140 160
2709 140 161
2709 140 162
2709 140 163
2709 141 142
2709 141 150
2709 141 151
2709 141 152
2709 141 153
2709 141 154
2709 141 155
2709 141 156
2709 141 157
2709 141 158
2709 141 159
2709 141 160
2709 141 161
2709 141 162
2709 141 163
2709 142 143
3010 77 82
3010 77 83
3010 78 79
3010 78 80
3010 78 81
3010 78 82
3010 78 83
3010 79 80
3010 79 81
3010 79 82
3010 80 81
3010 80 82
3010 81 82
3010 82 83
3010 83 84
3010 84 85
3010 85 86
3010 86 87
3010 87 88
3010 88 89
3010 88 107
3010 88 108
3010 88 109
3010 88 110
3010 88 111
3010 88 112
3010 88 113
3010 88 138
3010 88 163
3010 88 188
3010 89 90
3311 120 125
3311 120 126
3311 120 127
3311 120 128
3311 120 129
3311 120 130
3311 120 131
3311 120 132
3311 120 133
3311 120 134
3311 120 135
3311 120 136
3311 120 137
3311 121 122
3311 121 123
3311 121 124
3311 121 125
3311 121 126
3311 121 127
3311 121 128
3311 121 129
3311 121 130
3311 121 131
3311 121 132
3311 121 133
3311 121 134
3311 121 135
3311 121 136
3311 122 123
3311 122 124
3311 122 125
3612 23 30
3612 23 31
3612 23 32
3612 23 33
3612 23 34
3612 23 35
3612 24 25
3612 24 26
3612 24 27
3612 24 28
3612 24 29
3612 24 30
3612 24 31
3612 24 32
3612 24 33
3612 24 34
3612 25 26
3612 25 27
3612 25 28
3612 25 29
3612 25 30
3612 25 31
3612 25 32
3612 25 33
3612 25 34
3612 26 27
3612 26 28
3612 26 29
3612 26 30
3612 26 31
3612 26 32
3913 21 25
3913 21 26
3913 21 27
3913 21 28
3913 21 29
3913 21 30
3913 21 31
3913 21 32
3913 21 33
3913 21 34
3913 21 35
3913 21 36
3913 22 23
3913 22 24
3913 22 25
3913 22 26
3913 22 27
3913 22 28
3913 22 29
3913 22 30
3913 22 31
3913 22 32
3913 22 33
3913 22 34
3913 22 35
3913 23 24
3913 23 25
3913 23 26
3913 23 27
3913 23 28
3913 23 29
4214 147 157
4214 147 158
4214 147 159
4214 147 160
4214 147 161
4214 148 149
4214 148 150
4214 148 151
4214 148 152
4214 148 153
4214 148 154
4214 148 155
4214 148 156
4214 148 157
4214 148 158
4214 148 159
4214 148 160
4214 148 161
4214 149 150
4214 149 151
4214 149 152
4214 149 153
4214 149 154
4214 149 155
4214 149 156
4214 149 157
4214 149 158
4214 149 159
4214 149 160
4214 150 151
4214 150 152
4515 13 88
4515 13 112
4515 13 113
4515 13 137
4515 13 138
4515 13 162
4515 13 163
4515 13 187
4515 13 188
4515 14 15
4515 14 27
4515 14 28
4515 14 29
4515 14 30
4515 14 31
4515 14 32
4515 14 33
4515 14 34
4515 14 35
4515 14 36
4515 14 37
4515 15 16
4515 15 25
4515 15 26
4515 15 27
4515 15 28
4515 15 29
4515 15 30
4515 15 31
4515 15 32
4515 15 33
4816 175 183
4816 175 184
4816 175 185
4816 176 177
4816 176 178
4816 176 179
4816 176 180
4816 176 181
4816 176 182
4816 176 183
4816 176 184
4816 176 185
4816 177 178
4816 177 179
4816 177 180
4816 177 181
4816 177 182
4816 177 183
4816 177 184
4816 178 179
4816 178 180
4816 178 181
4816 178 182
4816 178 183
4816 178 184
4816 179 180
4816 179 181
4816 179 182
4816 179 183
4816 180 181
4816 180 182
5117 150 153
5117 150 154
5117 150 155
5117 150 156
5117 150 157
5117 150 158
5117 150 159
5117 150 160
5117 151 152
5117 151 153
5117 151 154
5117 151 155
5117 151 156
5117 151 157
5117 151 158
5117 151 159
5117 152 153
5117 152 154
5117 152 155
5117 152 156
5117 152 157
5117 152 158
5117 152 159
5117 153 154
5117 153 155
5117 153 156
5117 153 157
5117 153 158
5117 154 155
5117 154 156
5117 154 157
5418 39 60
5418 39 61
5418 39 62
5418 40 41
5418 40 50
5418 40 51
5418 40 52
5418 40 53
5418 40 54
5418 40 55
5418 40 56
5418 40 57
5418 40 58
5418 40 59
5418 40 60
5418 40 61
5418 40 62
5418 41 42
5418 41 48
5418 41 49
5418 41 50
5418 41 51
5418 41 52
5418 41 53
5418 41 54
5418 41 55
5418 41 56
5418 41 57
5418 41 58
5418 41 59
5418 41 60
5719 128 132
5719 128 133
5719 129 130
5719 129 131
5719 129 132
5719 129 133
5719 130 131
5719 130 132
5719 131 132
5719 132 133
5719 133 134
5719 134 135
5719 135 136
5719 136 137
5719 137 138
5719 138 139
5719 138 158
5719 138 159
5719 138 160
5719 138 161
5719 138 162
5719 138 163
5719 138 188
5719 139 140
5719 139 155
5719 139 156
5719 139 157
5719 139 158
5719 139 159
5719 139 160
5719 139 161
6020 95 96
6020 95 97
6020 95 98
6020 95 99
6020 95 100
6020 95 101
6020 95 102
6020 95 103
6020 95 104
6020 95 105
6020 95 106
6020 95 107
6020 95 108
6020 95 109
6020 95 110
6020 95 111
6020 96 97
6020 96 98
6020 96 99
6020 96 100
6020 96 101
6020 96 102
6020 96 103
6020 96 104
6020 96 105
6020 96 106
6020 96 107
6020 96 108
6020 96 109
6020 96 110
6020 96 111
6321 66 77
6321 66 78
6321 66 79
6321 66 80
6321 66 81
6321 66 82
6321 66 83
6321 66 84
6321 66 85
6321 66 86
6321 66 87
6321 67 68
6321 67 71
6321 67 72
6321 67 73
6321 67 74
6321 67 75
6321 67 76
6321 67 77
6321 67 78
6321 67 79
6321 67 80
6321 67 81
6321 67 82
6321 67 83
6321 67 84
6321 67 85
6321 67 86
6321 67 87
6321 68 69
6321 68 70
6622 17 31
6622 17 32
6622 17 33
6622 17 34
6622 17 35
6622 17 36
6622 17 37
6622 18 19
6622 18 20
6622 18 21
6622 18 22
6622 18 23
6622 18 24
6622 18 25
6622 18 26
6622 18 27
6622 18 28
6622 18 29
6622 18 30
6622 18 31
6622 18 32
6622 18 33
6622 18 34
6622 18 35
6622 18 36
6622 18 37
6622 19 20
6622 19 21
6622 19 22
6622 19 23
6622 19 24
6923 7 8
6923 8 9
6923 9 10
6923 10 11
6923 11 12
6923 12 13
6923 12 34
6923 12 35
6923 12 36
6923 12 37
6923 12 62
6923 12 87
6923 12 88
6923 12 112
6923 12 113
6923 12 137
6923 12 138
6923 12 162
6923 12 163
6923 12 187
6923 12 188
6923 13 14
6923 13 30
6923 13 31
6923 13 32
6923 13 33
6923 13 34
6923 13 35
6923 13 36
6923 13 37
6923 13 87
7224 43 55
7224 43 56
7224 43 57
7224 43 58
7224 43 59
7224 43 60
7224 43 61
7224 43 62
7224 44 45
7224 44 46
7224 44 47
7224 44 48
7224 44 49
7224 44 50
7224 44 51
7224 44 52
7224 44 53
7224 44 54
7224 44 55
7224 44 56
7224 44 57
7224 44 58
7224 44 59
7224 44 60
7224 44 61
7224 45 46
7224 45 47
7224 45 48
7224 45 49
7224 45 50
7224 45 51
7525 170 187
7525 171 172
7525 171 173
7525 171 174
7525 171 175
7525 171 176
7525 171 177
7525 171 178
7525 171 179
7525 171 180
7525 171 181
7525 171 182
7525 171 183
7525 171 184
7525 171 185
7525 171 186
7525 171 187
7525 172 173
7525 172 174
7525 172 175
7525 172 176
7525 172 177
7525 172 178
7525 172 179
7525 172 180
7525 172 181
7525 172 182
7525 172 183
7525 172 184
7525 172 185
7525 172 186
7826 74 76
7826 74 77
7826 74 78
7826 74 79
7826 74 80
7826 74 81
7826 74 82
7826 74 83
7826 74 84
7826 74 85
7826 75 76
7826 75 77
7826 75 78
7826 75 79
7826 75 80
7826 75 81
7826 75 82
7826 75 83
7826 75 84
7826 76 77
7826 76 78
7826 76 79
7826 76 80
7826 76 81
7826 76 82
7826 76 83
7826 76 84
7826 77 78
7826 77 79
7826 77 80
7826 77 81
8127 103 106
8127 103 107
8127 103 108
8127 104 105
8127 104 106
8127 104 107
8127 105 106
8127 105 107
8127 106 107
8127 107 108
8127 108 109
8127 109 110
8127 110 111
8127 111 112
8127 112 113
8127 113 114
8127 113 132
8127 113 133
8127 113 134
8127 113 135
8127 113 136
8127 113 137
8127 113 138
8127 113 163
8127 113 188
8127 114 115
8127 114 129
8127 114 130
8127 114 131
8127 114 132
8127 114 133
8428 169 173
8428 169 174
8428 169 175
8428 169 176
8428 169 177
8428 169 178
8428 169 179
8428 169 180
8428 169 181
8428 169 182
8428 169 183
8428 169 184
8428 169 185
8428 169 186
8428 169 187
8428 170 171
8428 170 172
8428 170 173
8428 170 174
8428 170 175
8428 170 176
8428 170 177
8428 170 178
8428 170 179
8428 170 180
8428 170 181
8428 170 182
8428 170 183
8428 170 184
8428 170 185
8428 170 186
8729 68 71
8729 68 72
8729 68 73
8729 68 74
8729 68 75
8729 68 76
8729 68 77
8729 68 78
8729 68 79
8729 68 80
8729 68 81
8729 68 82
8729 68 83
8729 68 84
8729 68 85
8729 68 86
8729 68 87
8729 69 70
8729 69 71
8729 69 72
8729 69 73
8729 69 74
8729 69 75
8729 69 76
8729 69 77
8729 69 78
8729 69 79
8729 69 80
8729 69 81
8729 69 82
8729 69 83
9030 116 135
9030 116 136
9030 116 137
9030 116 138
9030 117 118
9030 117 122
9030 117 123
9030 117 124
9030 117 125
9030 117 126
9030 117 127
9030 117 128
9030 117 129
9030 117 130
9030 117 131
9030 117 132
9030 117 133
9030 117 134
9030 117 135
9030 117 136
9030 117 137
9030 118 119
9030 118 120
9030 118 121
9030 118 122
9030 118 123
9030 118 124
9030 118 125
9030 118 126
9030 118 127
9030 118 128
9331 19 25
9331 19 26
9331 19 27
9331 19 28
9331 19 29
9331 19 30
9331 19 31
9331 19 32
9331 19 33
9331 19 34
9331 19 35
9331 19 36
9331 20 21
9331 20 22
9331 20 23
9331 20 24
9331 20 25
9331 20 26
9331 20 27
9331 20 28
9331 20 29
9331 20 30
9331 20 31
9331 20 32
9331 20 33
9331 20 34
9331 20 35
9331 20 36
9331 21 22
9331 21 23
9331 21 24
9632 45 52
9632 45 53
9632 45 54
9632 45 55
9632 45 56
9632 45 57
9632 45 58
9632 45 59
9632 45 60
9632 45 61
9632 46 47
9632 46 48
9632 46 49
9632 46 50
9632 46 51
9632 46 52
9632 46 53
9632 46 54
9632 46 55
9632 46 56
9632 46 57
9632 46 58
9632 46 59
9632 46 60
9632 46 61
9632 47 48
9632 47 49
9632 47 50
9632 47 51
9632 47 52
9632 47 53
9933 47 54
9933 47 55
9933 47 56
9933 47 57
9933 47 58
9933 47 59
9933 47 60
9933 48 49
9933 48 50
9933 48 51
9933 48 52
9933 48 53
9933 48 54
9933 48 55
9933 48 56
9933 48 57
9933 48 58
9933 48 59
9933 48 60
9933 49 50
9933 49 51
9933 49 52
9933 49 53
9933 49 54
9933 49 55
9933 49 56
9933 49 57
9933 49 58
9933 49 59
9933 50 51
9933 50 52
10234 154 158
10234 155 156
10234 155 157
10234 156 157
10234 157 158
10234 158 159
10234 159 160
10234 160 161
10234 161 162
10234 162 163
10234 163 164
10234 163 184
10234 163 185
10234 163 186
10234 163 187
10234 163 188
10234 164 165
10234 164 180
10234 164 181
10234 164 182
10234 164 183
10234 164 184
10234 164 185
10234 164 186
10234 164 187
10234 164 188
10234 165 166
10234 165 177
10234 165 178
10234 165 179
10234 165 180
10535 118 129
10535 118 130
10535 118 131
10535 118 132
10535 118 133
10535 118 134
10535 118 135
10535 118 136
10535 118 137
10535 119 120
10535 119 121
10535 119 122
10535 119 123
10535 119 124
10535 119 125
10535 119 126
10535 119 127
10535 119 128
10535 119 129
10535 119 130
10535 119 131
10535 119 132
10535 119 133
10535 119 134
10535 119 135
10535 119 136
10535 119 137
10535 120 121
10535 120 122
10535 120 123
10535 120 124
10836 89 104
10836 89 105
10836 89 106
10836 89 107
10836 89 108
10836 89 109
10836 89 110
10836 89 111
10836 89 112
10836 89 113
10836 90 91
10836 90 101
10836 90 102
10836 90 103
10836 90 104
10836 90 105
10836 90 106
10836 90 107
10836 90 108
10836 90 109
10836 90 110
10836 90 111
10836 90 112
10836 90 113
10836 91 92
10836 91 99
10836 91 100
10836 91 101
10836 91 102
10836 91 103
10836 91 104
11137 41 61
11137 41 62
11137 42 43
11137 42 46
11137 42 47
11137 42 48
11137 42 49
11137 42 50
11137 42 51
11137 42 52
11137 42 53
11137 42 54
11137 42 55
11137 42 56
11137 42 57
11137 42 58
11137 42 59
11137 42 60
11137 42 61
11137 42 62
11137 43 44
11137 43 45
11137 43 46
11137 43 47
11137 43 48
11137 43 49
11137 43 50
11137 43 51
11137 43 52
11137 43 53
11137 43 54
11438 145 156
11438 145 157
11438 145 158
11438 145 159
11438 145 160
11438 145 161
11438 145 162
11438 146 147
11438 146 148
11438 146 149
11438 146 150
11438 146 151
11438 146 152
11438 146 153
11438 146 154
11438 146 155
11438 146 156
11438 146 157
11438 146 158
11438 146 159
11438 146 160
11438 146 161
11438 147 148
11438 147 149
11438 147 150
11438 147 151
11438 147 152
11438 147 153
11438 147 154
11438 147 155
11438 147 156
11739 56 57
11739 57 58
11739 58 59
11739 59 60
11739 60 61
11739 61 62
11739 62 63
11739 62 87
11739 62 88
11739 62 112
11739 62 113
11739 62 137
11739 62 138
11739 62 162
11739 62 163
11739 62 187
11739 62 188
11739 63 64
11739 63 81
11739 63 82
11739 63 83
11739 63 84
11739 63 85
11739 63 86
11739 63 87
11739 63 88
11739 63 113
11739 63 138
11739 63 162
11739 63 163
11739 63 187
12040 180 183
12040 181 182
12040 182 183
12040 183 184
12040 184 185
12040 185 186
12040 186 187
12040 187 188
12040 188 189
12040 189 190
12040 190 191
12040 191 192
12040 192 193
12040 192 198
12040 192 199
12040 193 194
12040 193 196
12040 193 197
12040 193 198
12040 193 199
12040 194 195
12040 194 196
12040 194 197
12040 194 198
12040 194 199
12040 195 196
12040 195 197
12040 195 198
12040 195 199
12040 196 197
12040 196 198
12341 143 160
12341 143 161
12341 143 162
12341 144 145
12341 144 146
12341 144 147
12341 144 148
12341 144 149
12341 144 150
12341 144 151
12341 144 152
12341 144 153
12341 144 154
12341 144 155
12341 144 156
12341 144 157
12341 144 158
12341 144 159
12341 144 160
12341 144 161
12341 144 162
12341 145 146
12341 145 147
12341 145 148
12341 145 149
12341 145 150
12341 145 151
12341 145 152
12341 145 153
12341 145 154
12341 145 155
12642 173 174
12642 173 175
12642 173 176
12642 173 177
12642 173 178
12642 173 179
12642 173 180
12642 173 181
12642 173 182
12642 173 183
12642 173 184
12642 173 185
12642 173 186
12642 174 175
12642 174 176
12642 174 177
12642 174 178
12642 174 179
12642 174 180
12642 174 181
12642 174 182
12642 174 183
12642 174 184
12642 174 185
12642 175 176
12642 175 177
12642 175 178
12642 175 179
12642 175 180
12642 175 181
12642 175 182
12943 196 199
12943 197 198
12943 197 199
12943 198 199
13244 26 33
13244 27 28
13244 27 29
13244 27 30
13244 27 31
13244 27 32
13244 27 33
13244 28 29
13244 28 30
13244 28 31
13244 28 32
13244 29 30
13244 29 31
13244 29 32
13244 30 31
13244 31 32
13244 32 33
13244 33 34
13244 34 35
13244 35 36
13244 36 37
13244 37 38
13244 37 60
13244 37 61
13244 37 62
13244 37 87
13244 37 88
13244 37 112
13244 37 113
13244 37 137
13244 37 138
13545 167 180
13545 167 181
13545 167 182
13545 167 183
13545 167 184
13545 167 185
13545 167 186
13545 167 187
13545 167 188
13545 168 169
13545 168 171
13545 168 172
13545 168 173
13545 168 174
13545 168 175
13545 168 176
13545 168 177
13545 168 178
13545 168 179
13545 168 180
13545 168 181
13545 168 182
13545 168 183
13545 168 184
13545 168 185
13545 168 186
13545 168 187
13545 168 188
13545 169 170
13545 169 171
13545 169 172
13846 99 105
13846 99 106
13846 99 107
13846 99 108
13846 99 109
13846 99 110
13846 100 101
13846 100 102
13846 100 103
13846 100 104
13846 100 105
13846 100 106
13846 100 107
13846 100 108
13846 100 109
13846 101 102
13846 101 103
13846 101 104
13846 101 105
13846 101 106
13846 101 107
13846 101 108
13846 101 109
13846 102 103
13846 102 104
13846 102 105
13846 102 106
13846 102 107
13846 102 108
13846 103 104
13846 103 105
14147 91 105
14147 91 106
14147 91 107
14147 91 108
14147 91 109
14147 91 110
14147 91 111
14147 91 112
14147 92 93
14147 92 97
14147 92 98
14147 92 99
14147 92 100
14147 92 101
14147 92 102
14147 92 103
14147 92 104
14147 92 105
14147 92 106
14147 92 107
14147 92 108
14147 92 109
14147 92 110
14147 92 111
14147 92 112
14147 93 94
14147 93 95
14147 93 96
14147 93 97
14147 93 98
14147 93 99
14448 97 98
14448 97 99
14448 97 100
14448 97 101
14448 97 102
14448 97 103
14448 97 104
14448 97 105
14448 97 106
14448 97 107
14448 97 108
14448 97 109
14448 97 110
14448 97 111
14448 98 99
14448 98 100
14448 98 101
14448 98 102
14448 98 103
14448 98 104
14448 98 105
14448 98 106
14448 98 107
14448 98 108
14448 98 109
14448 98 110
14448 99 100
14448 99 101
14448 99 102
14448 99 103
14448 99 104
14749 0 1
14749 0 2
14749 0 3
14749 0 4
14749 0 5
14749 0 6
14749 0 7
14749 0 8
14749 0 9
14749 1 2
14749 1 3
14749 1 4
14749 1 5
14749 1 6
14749 1 7
14749 1 8
14749 2 3
14749 2 4
14749 2 5
14749 2 6
14749 2 7
14749 2 8
14749 3 4
14749 3 5
14749 3 6
14749 3 7
14749 4 5
14749 4 6
14749 4 7
14749 5 6
14749 6 7
15050 50 53
15050 50 54
15050 50 55
15050 50 56
15050 50 57
15050 50 58
15050 50 59
15050 51 52
15050 51 53
15050 51 54
15050 51 55
15050 51 56
15050 51 57
15050 51 58
15050 51 59
15050 52 53
15050 52 54
15050 52 55
15050 52 56
15050 52 57
15050 52 58
15050 53 54
15050 53 55
15050 53 56
15050 53 57
15050 53 58
15050 54 55
15050 54 56
15050 54 57
15050 55 56
15050 55 57
15351 124 133
15351 124 134
15351 124 135
15351 125 126
15351 125 127
15351 125 128
15351 125 129
15351 125 130
15351 125 131
15351 125 132
15351 125 133
15351 125 134
15351 125 135
15351 126 127
15351 126 128
15351 126 129
15351 126 130
15351 126 131
15351 126 132
15351 126 133
15351 126 134
15351 127 128
15351 127 129
15351 127 130
15351 127 131
15351 127 132
15351 127 133
15351 127 134
15351 128 129
15351 128 130
15351 128 131
15652 37 162
15652 37 163
15652 37 187
15652 37 188
15652 38 39
15652 38 55
15652 38 56
15652 38 57
15652 38 58
15652 38 59
15652 38 60
15652 38 61
15652 38 62
15652 38 87
15652 38 88
15652 38 112
15652 38 113
15652 38 137
15652 38 138
15652 38 162
15652 38 163
15652 38 187
15652 38 188
15652 39 40
15652 39 53
15652 39 54
15652 39 55
15652 39 56
15652 39 57
15652 39 58
15652 39 59
