0 68 70
0 68 71
1.5 102 107
1.5 102 108
3.0 71 80
3.0 71 81
4.5 70 79
4.5 70 80
6.0 91 102
6.0 91 103
7.5 22 25
7.5 22 26
9.0 20 24
9.0 20 25
10.5 123 134
10.5 123 135
12.0 146 159
12.0 146 160
13.5 116 125
13.5 116 126
15.0 92 99
15.0 92 100
16.5 15 25
16.5 15 26
18.0 96 102
18.0 96 103
19.5 93 112
19.5 94 95
21.0 47 60
21.0 48 49
22.5 105 106
22.5 105 107
24.0 146 149
24.0 146 150
25.5 89 110
25.5 89 111
27.0 1 3
27.0 1 4
28.5 66 79
28.5 66 80
30.0 17 27
30.0 17 28
31.5 66 81
31.5 66 82
33.0 67 85
33.0 67 86
34.5 117 125
34.5 117 126
36.0 145 161
36.0 145 162
37.5 74 80
37.5 74 81
39.0 22 27
39.0 22 28
40.5 168 173
40.5 168 174
42.0 179 183
42.0 180 181
43.5 171 187
43.5 172 173
45.0 45 53
45.0 45 54
46.5 28 32
46.5 29 30
48.0 140 153
48.0 140 154
49.5 141 158
49.5 141 159
51.0 67 79
51.0 67 80
52.5 12 112
52.5 12 113
54.0 48 58
54.0 48 59
55.5 93 104
55.5 93 105
57.0 22 35
57.0 23 24
58.5 20 28
58.5 20 29
60.0 130 132
60.0 131 132
61.5 37 188
61.5 38 39
63.0 18 28
63.0 18 29
64.5 177 182
64.5 177 183
66.0 23 27
66.0 23 28
67.5 71 86
67.5 72 73
69.0 32 33
69.0 33 34
70.5 50 58
70.5 50 59
72.0 49 57
72.0 49 58
73.5 141 162
73.5 141 163
75.0 150 156
75.0 150 157
76.5 48 52
76.5 48 53
78.0 48 54
78.0 48 55
79.5 63 81
79.5 63 82
81.0 115 133
81.0 115 134
82.5 27 29
82.5 27 30
84.0 177 178
84.0 177 179
85.5 119 128
85.5 119 129
87.0 68 72
87.0 68 73
88.5 195 196
88.5 195 197
90.0 91 112
90.0 92 93
91.5 16 31
91.5 16 32
93.0 96 100
93.0 96 101
94.5 70 73
94.5 70 74
96.0 181 182
96.0 182 183
97.5 17 29
97.5 17 30
99.0 39 60
99.0 39 61
100.5 22 23
100.5 22 24
102.0 65 87
102.0 66 67
103.5 93 94
103.5 93 95
105.0 76 78
105.0 76 79
106.5 179 181
106.5 179 182
108.0 113 132
108.0 113 133
109.5 64 85
109.5 64 86
111.0 96 106
111.0 96 107
112.5 69 70
112.5 69 71
114.0 73 75
114.0 73 76
115.5 65 83
115.5 65 84
117.0 69 82
117.0 69 83
118.5 62 188
118.5 63 64
120.0 145 151
120.0 145 152
121.5 94 108
121.5 94 109
123.0 173 185
123.0 173 186
124.5 42 58
124.5 42 59
126.0 71 82
126.0 71 83
127.5 25 33
127.5 25 34
129.0 143 154
129.0 143 155
130.5 89 112
130.5 89 113
132.0 38 59
132.0 38 60
133.5 169 186
133.5 169 187
135.0 18 20
135.0 18 21
136.5 21 31
136.5 21 32
138.0 147 153
138.0 147 154
139.5 45 61
139.5 46 47
141.0 43 47
141.0 43 48
142.5 43 49
142.5 43 50
144.0 69 80
144.0 69 81
145.5 176 182
145.5 176 183
147.0 17 37
147.0 18 19
148.5 90 104
148.5 90 105
150.0 153 158
150.0 154 155
151.5 15 31
151.5 15 32
153.0 121 123
153.0 121 124
154.5 117 129
154.5 117 130
156.0 17 31
156.0 17 32
157.5 78 80
157.5 78 81
159.0 173 181
159.0 173 182
160.5 147 155
160.5 147 156
162.0 119 126
162.0 119 127
163.5 45 47
163.5 45 48
165.0 13 88
165.0 13 112
166.5 14 29
166.5 14 30
168.0 44 51
168.0 44 52
169.5 68 76
169.5 68 77
171.0 143 152
171.0 143 153
172.5 164 181
172.5 164 182
174.0 64 79
174.0 64 80
175.5 128 133
175.5 129 130
177.0 122 135
177.0 122 136
178.5 114 131
178.5 114 132
180.0 42 50
180.0 42 51
181.5 18 32
181.5 18 33
183.0 117 133
183.0 117 134
184.5 91 106
184.5 91 107
186.0 40 58
186.0 40 59
187.5 114 137
187.5 114 138
189.0 18 26
189.0 18 27
190.5 23 35
190.5 24 25
192.0 66 85
192.0 66 86
193.5 91 100
193.5 91 101
195.0 42 46
195.0 42 47
196.5 26 33
196.5 27 28
198.0 120 127
198.0 120 128
199.5 165 186
199.5 165 187
201.0 24 32
201.0 24 33
202.5 171 183
202.5 171 184
204.0 73 79
204.0 73 80
205.5 17 23
205.5 17 24
207.0 185 186
207.0 186 187
208.5 75 80
208.5 75 81
210.0 141 160
210.0 141 161
211.5 98 101
211.5 98 102
213.0 145 159
213.0 145 160
214.5 115 129
214.5 115 130
216.0 69 72
216.0 69 73
217.5 94 106
217.5 94 107
219.0 176 184
219.0 176 185
220.5 191 192
220.5 192 193
222.0 103 106
222.0 103 107
223.5 99 104
223.5 99 105
225.0 119 136
225.0 119 137
226.5 14 33
226.5 14 34
228.0 148 152
228.0 148 153
229.5 115 127
229.5 115 128
231.0 177 180
231.0 177 181
232.5 168 175
232.5 168 176
234.0 66 77
234.0 66 78
235.5 90 102
235.5 90 103
237.0 171 173
237.0 171 174
238.5 127 131
238.5 127 132
240.0 40 50
240.0 40 51
241.5 170 175
241.5 170 176
243.0 169 182
243.0 169 183
244.5 46 50
244.5 46 51
246.0 44 53
246.0 44 54
247.5 146 157
247.5 146 158
249.0 175 183
249.0 175 184
250.5 167 186
250.5 167 187
252.0 94 110
252.0 94 111
253.5 49 59
253.5 50 51
255.0 115 131
255.0 115 132
256.5 163 187
256.5 163 188
258.0 169 184
258.0 169 185
259.5 118 126
259.5 118 127
261.0 104 106
261.0 104 107
262.5 125 133
262.5 125 134
264.0 170 187
264.0 171 172
265.5 13 14
265.5 13 30
267.0 10 11
267.0 11 12
268.5 42 56
268.5 42 57
270.0 139 140
270.0 139 155
271.5 129 133
271.5 130 131
273.0 161 162
273.0 162 163
274.5 144 160
274.5 144 161
276.0 39 40
276.0 39 53
277.5 16 23
277.5 16 24
279.0 38 162
279.0 38 163
280.5 99 102
280.5 99 103
282.0 43 45
282.0 43 46
283.5 126 134
283.5 127 128
285.0 44 57
285.0 44 58
286.5 153 154
286.5 153 155
288.0 73 83
288.0 73 84
289.5 21 25
289.5 21 26
291.0 150 154
291.0 150 155
292.5 65 79
292.5 65 80
294.0 140 157
294.0 140 158
295.5 113 134
295.5 113 135
297.0 145 149
297.0 145 150
298.5 46 58
298.5 46 59
300.0 42 60
300.0 42 61
301.5 13 31
301.5 13 32
303.0 175 185
303.0 176 177
304.5 119 122
304.5 119 123
306.0 23 25
306.0 23 26
307.5 169 178
307.5 169 179
309.0 42 62
309.0 43 44
310.5 166 181
310.5 166 182
312.0 88 108
312.0 88 109
313.5 90 91
313.5 90 101
315.0 24 26
315.0 24 27
316.5 192 198
316.5 192 199
318.0 91 92
318.0 91 99
319.5 144 154
319.5 144 155
321.0 129 131
321.0 129 132
322.5 77 81
322.5 77 82
324.0 69 78
324.0 69 79
325.5 171 181
325.5 171 182
327.0 123 128
327.0 123 129
328.5 95 109
328.5 95 110
330.0 144 162
330.0 145 146
331.5 26 29
331.5 26 30
333.0 27 31
333.0 27 32
334.5 47 48
334.5 47 49
336.0 97 104
336.0 97 105
337.5 140 155
337.5 140 156
339.0 79 82
339.0 80 81
340.5 46 60
340.5 46 61
342.0 92 109
342.0 92 110
343.5 101 104
343.5 101 105
345.0 120 129
345.0 120 130
346.5 38 57
346.5 38 58
348.0 118 122
348.0 118 123
349.5 178 180
349.5 178 181
351.0 134 135
351.0 135 136
352.5 167 184
352.5 167 185
354.0 172 178
354.0 172 179
355.5 140 163
355.5 141 142
357.0 53 54
357.0 53 55
358.5 124 131
358.5 124 132
360.0 98 105
360.0 98 106
361.5 3 4
361.5 3 5
363.0 17 35
363.0 17 36
364.5 132 133
364.5 133 134
366.0 26 31
366.0 26 32
367.5 172 186
367.5 173 174
369.0 88 112
369.0 88 113
370.5 151 155
370.5 151 156
372.0 43 57
372.0 43 58
373.5 149 158
373.5 149 159
375.0 146 161
375.0 147 148
376.5 173 175
376.5 173 176
378.0 175 181
378.0 175 182
379.5 124 125
379.5 124 126
381.0 165 166
381.0 165 177
382.5 38 137
382.5 38 138
384.0 12 13
384.0 12 34
385.5 45 51
385.5 45 52
387.0 16 37
387.0 17 18
388.5 120 125
388.5 120 126
390.0 21 29
390.0 21 30
391.5 143 160
391.5 143 161
393.0 68 86
393.0 68 87
394.5 68 82
394.5 68 83
396.0 38 61
396.0 38 62
397.5 142 143
397.5 142 148
399.0 113 136
399.0 113 137
400.5 175 177
400.5 175 178
402.0 113 138
402.0 113 163
403.5 139 160
403.5 139 161
405.0 122 127
405.0 122 128
406.5 168 183
406.5 168 184
408.0 123 130
408.0 123 131
409.5 77 83
409.5 78 79
411.0 12 162
411.0 12 163
412.5 168 171
412.5 168 172
414.0 157 158
414.0 158 159
415.5 91 104
415.5 91 105
417.0 74 84
417.0 74 85
418.5 19 34
418.5 19 35
420.0 149 160
420.0 150 151
421.5 54 56
421.5 54 57
423.0 95 97
423.0 95 98
424.5 165 188
424.5 166 167
426.0 22 31
426.0 22 32
427.5 66 87
427.5 67 68
429.0 89 108
429.0 89 109
430.5 144 146
430.5 144 147
432.0 119 124
432.0 119 125
433.5 26 27
433.5 26 28
435.0 150 160
435.0 151 152
436.5 18 22
436.5 18 23
438.0 17 33
438.0 17 34
439.5 65 77
439.5 65 78
441.0 21 33
441.0 21 34
442.5 195 198
442.5 195 199
444.0 48 50
444.0 48 51
445.5 62 63
445.5 62 87
447.0 193 199
447.0 194 195
448.5 114 135
448.5 114 136
450.0 43 51
450.0 43 52
451.5 47 52
451.5 47 53
453.0 93 106
453.0 93 107
454.5 94 98
454.5 94 99
456.0 136 137
456.0 137 138
457.5 47 50
457.5 47 51
459.0 80 82
459.0 81 82
460.5 124 127
460.5 124 128
462.0 167 188
462.0 168 169
463.5 120 121
463.5 120 122
465.0 98 103
465.0 98 104
466.5 34 35
466.5 35 36
468.0 21 27
468.0 21 28
469.5 150 152
469.5 150 153
471.0 37 62
471.0 37 87
472.5 70 85
472.5 70 86
474.0 96 108
474.0 96 109
475.5 75 82
475.5 75 83
477.0 118 134
477.0 118 135
478.5 64 83
478.5 64 84
480.0 67 71
480.0 67 72
481.5 82 83
481.5 83 84
483.0 24 28
483.0 24 29
484.5 143 156
484.5 143 157
486.0 40 56
486.0 40 57
487.5 167 168
487.5 167 173
489.0 52 53
489.0 52 54
490.5 94 102
490.5 94 103
492.0 102 105
492.0 102 106
493.5 72 84
493.5 72 85
495.0 138 139
495.0 138 158
496.5 77 79
496.5 77 80
498.0 41 50
498.0 41 51
499.5 174 183
499.5 174 184
501.0 174 177
501.0 174 178
502.5 165 178
502.5 165 179
504.0 86 87
504.0 87 88
505.5 2 3
505.5 2 4
507.0 40 52
507.0 40 53
508.5 148 154
508.5 148 155
510.0 41 52
510.0 41 53
511.5 128 129
511.5 128 130
513.0 143 158
513.0 143 159
514.5 103 104
514.5 103 105
516.0 154 156
516.0 154 157
517.5 177 184
517.5 178 179
519.0 17 21
519.0 17 22
520.5 166 179
520.5 166 180
522.0 97 106
522.0 97 107
523.5 116 117
523.5 116 124
525.0 143 148
525.0 143 149
526.5 142 159
526.5 142 160
528.0 52 55
528.0 52 56
529.5 19 36
529.5 20 21
531.0 141 152
531.0 141 153
532.5 118 124
532.5 118 125
534.0 174 185
534.0 175 176
535.5 167 174
535.5 167 175
537.0 100 108
537.0 100 109
538.5 50 56
538.5 50 57
540.0 171 175
540.0 171 176
541.5 44 59
541.5 44 60
543.0 147 159
543.0 147 160
544.5 164 183
544.5 164 184
546.0 38 87
546.0 38 88
547.5 144 152
547.5 144 153
549.0 174 179
549.0 174 180
550.5 0 3
550.5 0 4
552.0 142 153
552.0 142 154
553.5 49 51
553.5 49 52
555.0 14 35
555.0 14 36
556.5 70 77
556.5 70 78
558.0 99 106
558.0 99 107
559.5 170 183
559.5 170 184
561.0 68 74
561.0 68 75
562.5 147 161
562.5 148 149
564.0 14 31
564.0 14 32
565.5 172 180
565.5 172 181
567.0 71 78
567.0 71 79
568.5 24 34
568.5 25 26
570.0 116 131
570.0 116 132
571.5 39 56
571.5 39 57
573.0 69 86
573.0 69 87
574.5 116 133
574.5 116 134
576.0 16 29
576.0 16 30
577.5 36 37
577.5 37 38
579.0 70 81
579.0 70 82
580.5 65 81
580.5 65 82
582.0 94 104
582.0 94 105
583.5 167 180
583.5 167 181
585.0 125 135
585.0 126 127
586.5 152 158
586.5 152 159
588.0 138 161
588.0 138 162
589.5 173 179
589.5 173 180
591.0 149 150
591.0 149 151
592.5 13 163
592.5 13 187
594.0 20 22
594.0 20 23
595.5 2 5
595.5 2 6
597.0 118 120
597.0 118 121
598.5 52 57
598.5 52 58
600.0 72 74
600.0 72 75
601.5 118 132
601.5 118 133
603.0 75 76
603.0 75 77
604.5 25 31
604.5 25 32
606.0 166 175
606.0 166 176
607.5 16 25
607.5 16 26
609.0 139 162
609.0 139 163
610.5 71 74
610.5 71 75
612.0 71 84
612.0 71 85
613.5 150 158
613.5 150 159
615.0 173 177
615.0 173 178
616.5 29 31
616.5 29 32
618.0 75 84
618.0 76 77
619.5 40 54
619.5 40 55
621.0 76 84
621.0 77 78
622.5 25 29
622.5 25 30
624.0 180 182
624.0 180 183
625.5 108 109
625.5 109 110
627.0 101 102
627.0 101 103
628.5 88 89
628.5 88 107
630.0 62 163
630.0 62 187
631.5 144 158
631.5 144 159
633.0 3 6
633.0 3 7
634.5 6 7
634.5 7 8
636.0 153 156
636.0 153 157
637.5 62 138
637.5 62 162
639.0 39 58
639.0 39 59
640.5 68 84
640.5 68 85
642.0 43 59
642.0 43 60
643.5 173 183
643.5 173 184
645.0 121 135
645.0 121 136
646.5 139 156
646.5 139 157
648.0 166 177
648.0 166 178
649.5 143 162
649.5 144 145
651.0 148 160
651.0 148 161
652.5 174 181
652.5 174 182
654.0 121 131
654.0 121 132
655.5 18 34
655.5 18 35
657.0 146 155
657.0 146 156
658.5 155 157
658.5 156 157
660.0 193 197
660.0 193 198
661.5 75 78
661.5 75 79
663.0 20 36
663.0 21 22
664.5 53 56
664.5 53 57
666.0 169 170
666.0 169 171
667.5 37 138
667.5 37 162
669.0 67 81
669.0 67 82
670.5 123 126
670.5 123 127
672.0 151 157
672.0 151 158
673.5 146 153
673.5 146 154
675.0 72 86
675.0 73 74
676.5 25 27
676.5 25 28
678.0 165 180
678.0 165 181
679.5 164 165
679.5 164 180
681.0 63 87
681.0 63 88
682.5 141 150
682.5 141 151
684.0 90 110
684.0 90 111
685.5 0 5
685.5 0 6
687.0 169 180
687.0 169 181
688.5 13 188
688.5 14 15
690.0 19 22
690.0 19 23
691.5 124 133
691.5 124 134
693.0 56 57
693.0 57 58
694.5 149 154
694.5 149 155
696.0 152 156
696.0 152 157
697.5 45 49
697.5 45 50
699.0 45 57
699.0 45 58
700.5 94 96
700.5 94 97
702.0 120 123
702.0 120 124
703.5 65 85
703.5 65 86
705.0 72 80
705.0 72 81
706.5 98 109
706.5 98 110
708.0 120 135
708.0 120 136
709.5 88 110
709.5 88 111
711.0 142 161
711.0 142 162
712.5 39 54
712.5 39 55
714.0 58 59
714.0 59 60
715.5 73 77
715.5 73 78
717.0 14 37
717.0 15 16
718.5 142 151
718.5 142 152
720.0 172 174
720.0 172 175
721.5 118 130
721.5 118 131
723.0 165 182
723.0 165 183
724.5 76 80
724.5 76 81
726.0 128 131
726.0 128 132
727.5 113 188
727.5 114 115
729.0 114 129
729.0 114 130
730.5 196 199
730.5 197 198
732.0 67 73
732.0 67 74
733.5 145 153
733.5 145 154
735.0 101 108
735.0 101 109
736.5 92 103
736.5 92 104
738.0 69 74
738.0 69 75
739.5 76 82
739.5 76 83
741.0 178 184
741.0 179 180
742.5 99 100
742.5 99 101
744.0 148 150
744.0 148 151
745.5 94 100
745.5 94 101
747.0 140 141
747.0 140 152
748.5 4 7
748.5 5 6
750.0 24 30
750.0 24 31
751.5 124 135
751.5 125 126
753.0 166 187
753.0 166 188
754.5 151 153
754.5 151 154
756.0 88 188
756.0 89 90
757.5 12 187
757.5 12 188
759.0 176 178
759.0 176 179
760.5 18 36
760.5 18 37
762.0 72 82
762.0 72 83
763.5 120 133
763.5 120 134
765.0 189 190
765.0 190 191
766.5 63 113
766.5 63 138
768.0 117 127
768.0 117 128
769.5 98 107
769.5 98 108
771.0 50 52
771.0 50 53
772.5 146 151
772.5 146 152
774.0 106 107
774.0 107 108
775.5 159 160
775.5 160 161
777.0 97 110
777.0 97 111
778.5 151 159
778.5 152 153
780.0 64 81
780.0 64 82
781.5 37 88
781.5 37 112
783.0 96 110
783.0 96 111
784.5 19 30
784.5 19 31
786.0 149 156
786.0 149 157
787.5 144 156
787.5 144 157
789.0 139 158
789.0 139 159
790.5 120 137
790.5 121 122
792.0 93 110
792.0 93 111
793.5 38 55
793.5 38 56
795.0 92 105
795.0 92 106
796.5 118 128
796.5 118 129
798.0 73 81
798.0 73 82
799.5 95 101
799.5 95 102
801.0 144 148
801.0 144 149
802.5 63 85
802.5 63 86
804.0 15 33
804.0 15 34
805.5 116 129
805.5 116 130
807.0 15 29
807.0 15 30
808.5 117 118
808.5 117 122
810.0 121 129
810.0 121 130
811.5 125 129
811.5 125 130
813.0 21 35
813.0 21 36
814.5 43 55
814.5 43 56
816.0 51 56
816.0 51 57
817.5 122 129
817.5 122 130
819.0 99 108
819.0 99 109
820.5 20 30
820.5 20 31
822.0 169 172
822.0 169 173
823.5 92 97
823.5 92 98
825.0 146 147
825.0 146 148
826.5 92 107
826.5 92 108
828.0 13 35
828.0 13 36
829.5 141 156
829.5 141 157
831.0 123 132
831.0 123 133
832.5 148 156
832.5 148 157
834.0 99 110
834.0 100 101
835.5 0 7
835.5 0 8
837.0 152 154
837.0 152 155
838.5 20 32
838.5 20 33
840.0 100 104
840.0 100 105
841.5 68 78
841.5 68 79
843.0 51 58
843.0 51 59
844.5 90 112
844.5 90 113
846.0 121 127
846.0 121 128
847.5 142 163
847.5 143 144
849.0 171 179
849.0 171 180
850.5 147 151
850.5 147 152
852.0 175 179
852.0 175 180
853.5 50 54
853.5 50 55
855.0 93 108
855.0 93 109
856.5 70 75
856.5 70 76
858.0 60 61
858.0 61 62
859.5 119 120
859.5 119 121
861.0 141 154
861.0 141 155
862.5 183 184
862.5 184 185
864.0 20 34
864.0 20 35
865.5 171 177
865.5 171 178
867.0 40 60
867.0 40 61
868.5 119 134
868.5 119 135
870.0 89 106
870.0 89 107
871.5 100 102
871.5 100 103
873.0 94 112
873.0 95 96
874.5 168 185
874.5 168 186
876.0 148 158
876.0 148 159
877.5 97 100
877.5 97 101
879.0 168 181
879.0 168 182
880.5 51 52
880.5 51 53
882.0 163 164
882.0 163 184
883.5 23 29
883.5 23 30
885.0 138 163
885.0 138 188
886.5 16 35
886.5 16 36
888.0 18 30
888.0 18 31
889.5 93 98
889.5 93 99
891.0 165 184
891.0 165 185
892.5 125 131
892.5 125 132
894.0 110 111
894.0 111 112
895.5 122 131
895.5 122 132
897.0 44 55
897.0 44 56
898.5 27 33
898.5 28 29
900.0 170 181
900.0 170 182
901.5 48 60
901.5 49 50
903.0 19 32
903.0 19 33
904.5 98 99
904.5 98 100
906.0 127 129
906.0 127 130
907.5 21 23
907.5 21 24
909.0 97 102
909.0 97 103
910.5 95 107
910.5 95 108
912.0 4 5
912.0 4 6
913.5 53 58
913.5 54 55
915.0 115 135
915.0 115 136
916.5 12 37
916.5 12 62
918.0 12 35
918.0 12 36
919.5 143 146
919.5 143 147
921.0 122 133
921.0 122 134
922.5 13 37
922.5 13 87
924.0 64 87
924.0 64 88
925.5 67 75
925.5 67 76
927.0 72 76
927.0 72 77
928.5 144 150
928.5 144 151
930.0 100 106
930.0 100 107
931.5 126 128
931.5 126 129
933.0 168 179
933.0 168 180
934.5 48 56
934.5 48 57
936.0 8 9
936.0 9 10
937.5 70 71
937.5 70 72
939.0 19 20
939.0 19 21
940.5 19 24
940.5 19 25
942.0 65 66
942.0 65 76
943.5 37 113
943.5 37 137
945.0 103 108
945.0 104 105
946.5 176 180
946.5 176 181
948.0 42 52
948.0 42 53
949.5 95 103
949.5 95 104
951.0 121 133
951.0 121 134
952.5 22 29
952.5 22 30
954.0 64 65
954.0 64 78
955.5 142 155
955.5 142 156
957.0 168 177
957.0 168 178
958.5 174 175
958.5 174 176
960.0 12 87
960.0 12 88
961.5 16 33
961.5 16 34
963.0 47 58
963.0 47 59
964.5 41 48
964.5 41 49
966.0 46 52
966.0 46 53
967.5 166 185
967.5 166 186
969.0 170 185
969.0 170 186
970.5 49 55
970.5 49 56
972.0 115 137
972.0 115 138
973.5 20 26
973.5 20 27
975.0 42 48
975.0 42 49
976.5 63 187
976.5 63 188
978.0 41 60
978.0 41 61
979.5 123 124
979.5 123 125
981.0 13 33
981.0 13 34
982.5 15 27
982.5 15 28
984.0 69 84
984.0 69 85
985.5 149 152
985.5 149 153
987.0 1 7
987.0 1 8
988.5 140 159
988.5 140 160
990.0 90 108
990.0 90 109
991.5 163 185
991.5 163 186
993.0 172 182
993.0 172 183
994.5 95 99
994.5 95 100
996.0 122 125
996.0 122 126
997.5 42 54
997.5 42 55
999.0 169 176
999.0 169 177
1000.5 63 162
1000.5 63 163
1002.0 67 77
1002.0 67 78
1003.5 44 45
1003.5 44 46
1005.0 14 27
1005.0 14 28
1006.5 73 85
1006.5 74 75
1008.0 78 82
1008.0 78 83
1009.5 91 110
1009.5 91 111
1011.0 196 197
1011.0 196 198
1012.5 127 133
1012.5 127 134
1014.0 13 113
1014.0 13 137
1015.5 170 171
1015.5 170 172
1017.0 22 33
1017.0 22 34
1018.5 46 48
1018.5 46 49
1020.0 126 130
1020.0 126 131
1021.5 15 37
1021.5 16 17
1023.0 37 60
1023.0 37 61
1024.5 71 76
1024.5 71 77
1026.0 0 1
1026.0 0 2
1027.5 167 182
1027.5 167 183
1029.0 120 131
1029.0 120 132
1030.5 121 125
1030.5 121 126
1032.0 51 54
1032.0 51 55
1033.5 49 53
1033.5 49 54
1035.0 114 133
1035.0 114 134
1036.5 95 111
1036.5 96 97
1038.0 125 127
1038.0 125 128
1039.5 55 56
1039.5 55 57
1041.0 89 104
1041.0 89 105
1042.5 117 137
1042.5 118 119
1044.0 170 173
1044.0 170 174
1045.5 197 199
1045.5 198 199
1047.0 92 101
1047.0 92 102
1048.5 171 185
1048.5 171 186
1050.0 72 78
1050.0 72 79
1051.5 170 177
1051.5 170 178
1053.0 145 157
1053.0 145 158
1054.5 143 150
1054.5 143 151
1056.0 117 135
1056.0 117 136
1057.5 62 113
1057.5 62 137
1059.0 41 58
1059.0 41 59
1060.5 79 80
1060.5 79 81
1062.0 118 136
1062.0 118 137
1063.5 70 83
1063.5 70 84
1065.0 38 112
1065.0 38 113
1066.5 164 187
1066.5 164 188
1068.0 93 100
1068.0 93 101
1069.5 19 26
1069.5 19 27
1071.0 46 54
1071.0 46 55
1072.5 178 182
1072.5 178 183
1074.0 124 129
1074.0 124 130
1075.5 172 184
1075.5 172 185
1077.0 66 75
1077.0 66 76
1078.5 91 108
1078.5 91 109
1080.0 47 56
1080.0 47 57
1081.5 84 85
1081.5 85 86
1083.0 39 62
1083.0 40 41
1084.5 170 179
1084.5 170 180
1086.0 93 96
1086.0 93 97
1087.5 47 54
1087.5 47 55
1089.0 69 76
1089.0 69 77
1090.5 194 196
1090.5 194 197
1092.0 92 111
1092.0 92 112
1093.5 116 137
1093.5 116 138
1095.0 44 47
1095.0 44 48
1096.5 15 35
1096.5 15 36
1098.0 45 55
1098.0 45 56
1099.5 28 30
1099.5 28 31
1101.0 95 105
1101.0 95 106
1102.5 66 83
1102.5 66 84
1104.0 102 103
1104.0 102 104
1105.5 112 113
1105.5 113 114
1107.0 88 138
1107.0 88 163
1108.5 68 80
1108.5 68 81
1110.0 44 49
1110.0 44 50
1111.5 30 31
1111.5 31 32
1113.0 37 163
1113.0 37 187
1114.5 119 130
1114.5 119 131
1116.0 167 178
1116.0 167 179
1117.5 119 132
1117.5 119 133
1119.0 12 137
1119.0 12 138
1120.5 71 72
1120.5 71 73
1122.0 154 158
1122.0 155 156
1123.5 16 27
1123.5 16 28
1125.0 169 174
1125.0 169 175
1126.5 43 61
1126.5 43 62
1128.0 126 132
1128.0 126 133
1129.5 97 108
1129.5 97 109
1131.0 145 155
1131.0 145 156
1132.5 41 62
1132.5 42 43
1134.0 97 98
1134.0 97 99
1135.5 194 198
1135.5 194 199
1137.0 43 53
1137.0 43 54
1138.5 96 104
1138.5 96 105
1140.0 66 73
1140.0 66 74
1141.5 117 123
1141.5 117 124
1143.0 13 138
1143.0 13 162
1144.5 142 157
1144.5 142 158
1146.0 145 147
1146.0 145 148
1147.5 0 9
1147.5 1 2
1149.0 67 83
1149.0 67 84
1150.5 172 176
1150.5 172 177
1152.0 23 31
1152.0 23 32
1153.5 96 98
1153.5 96 99
1155.0 93 102
1155.0 93 103
1156.5 147 149
1156.5 147 150
1158.0 46 56
1158.0 46 57
1159.5 101 106
1159.5 101 107
1161.0 142 149
1161.0 142 150
1162.5 167 176
1162.5 167 177
1164.0 38 187
1164.0 38 188
1165.5 168 187
1165.5 168 188
1167.0 193 194
1167.0 193 196
1168.5 17 25
1168.5 17 26
1170.0 117 131
1170.0 117 132
1171.5 147 157
1171.5 147 158
1173.0 62 88
1173.0 62 112
1174.5 187 188
1174.5 188 189
1176.0 116 127
1176.0 116 128
1177.5 166 183
1177.5 166 184
1179.0 2 7
1179.0 2 8
1180.5 40 62
1180.5 41 42
1182.0 1 5
1182.0 1 6
1183.5 67 87
1183.5 68 69
1185.0 41 54
1185.0 41 55
1186.5 63 83
1186.5 63 84
1188.0 74 76
1188.0 74 77
1189.5 74 78
1189.5 74 79
1191.0 41 56
1191.0 41 57
1192.5 19 28
1192.5 19 29
1194.0 44 61
1194.0 45 46
1195.5 90 106
1195.5 90 107
1197.0 115 116
1197.0 115 126
1198.5 122 123
1198.5 122 124
1200.0 45 59
1200.0 45 60
1201.5 138 159
1201.5 138 160
1203.0 164 185
1203.0 164 186
1204.5 140 161
1204.5 140 162
1206.0 116 135
1206.0 116 136
1207.5 74 82
1207.5 74 83
1209.0 23 33
1209.0 23 34
1210.5 18 24
1210.5 18 25
