0 11 23
0 23 69
0 53 63
301 24 48
301 42 84
301 52 84
301 53 63
602 0 45
602 29 53
602 37 58
602 37 47
903 17 68
903 17 34
903 34 68
903 35 75
903 35 36
903 36 75
903 75 86
1204 11 84
1204 12 84
1204 16 33
1204 29 53
1204 42 43
1204 44 45
1204 49 84
1204 49 58
1204 49 64
1204 58 84
1204 64 77
1204 79 88
1505 9 28
1505 15 60
1505 16 76
1505 21 60
1505 28 62
1505 35 50
1505 38 90
1505 50 75
1505 85 90
1806 9 60
1806 15 33
1806 35 75
2107 21 56
2107 36 50
2408 6 10
2408 6 12
2408 11 58
2408 11 16
2408 39 65
2408 40 57
2408 44 51
2408 44 45
2408 45 51
2408 51 58
2408 51 65
2408 53 70
2408 57 88
2408 58 65
2408 79 84
2408 84 86
2709 9 73
2709 63 70
3010 0 14
3010 8 26
3010 9 62
3010 12 32
3010 17 51
3010 21 56
3010 25 39
3010 39 51
3010 56 60
3311 28 69
3311 29 63
3612 16 25
3612 52 87
3913 23 30
4214 9 63
4214 28 70
4214 35 75
4515 24 44
4515 29 63
4816 23 53
4816 28 69
4816 35 52
4816 46 50
4816 50 86
4816 53 70
5117 40 88
5117 55 74
5418 24 48
5418 52 75
5418 69 70
5719 17 18
5719 79 87
6020 17 68
6020 42 50
6321 29 53
6321 35 49
6321 37 84
6321 58 84
6622 9 73
6622 9 62
6622 14 51
6622 29 53
6622 49 55
6923 24 48
6923 26 31
6923 35 75
7224 3 44
7224 44 51
7224 77 82
7525 5 37
7525 5 18
7525 14 77
7525 18 37
7525 64 77
7826 0 48
7826 9 69
7826 9 43
7826 15 67
7826 28 69
7826 44 51
7826 52 75
7826 62 73
7826 69 73
8127 24 48
8127 24 45
8127 29 63
8127 29 70
8127 39 45
8127 42 65
8127 45 72
8127 45 48
8428 0 65
8428 14 65
8428 39 45
8729 23 29
8729 29 63
8729 31 71
8729 52 79
9030 15 33
9030 46 76
9030 60 81
9331 29 53
9331 37 58
9331 62 69
9632 7 58
9933 9 30
9933 19 62
9933 21 56
9933 22 64
9933 77 82
10234 29 53
10535 29 53
10535 49 86
10535 59 76
10836 29 63
11137 15 33
11137 25 86
11438 12 64
11438 12 45
11438 12 58
11438 17 18
11438 18 68
11438 34 58
11438 45 58
11438 64 77
11739 1 59
11739 6 88
11739 32 38
12040 22 38
12341 28 73
12341 62 73
12341 67 84
12341 67 76
12642 2 39
12642 5 48
12642 12 48
12642 12 14
12642 12 20
12642 14 20
12642 14 58
12642 14 78
12642 20 58
12642 20 78
12642 24 87
12642 29 39
12642 31 58
12642 58 78
12943 50 84
13244 6 58
13244 6 7
13244 7 58
13244 29 53
13545 24 28
13545 29 53
13545 55 74
13545 76 81
13846 9 62
14147 23 30
14147 45 72
14147 45 65
14147 49 74
14147 49 55
14147 50 86
14147 52 84
14147 65 72
14147 69 73
14448 24 48
14448 29 69
14448 66 69
14749 3 5
14749 11 48
14749 11 24
14749 57 88
15050 5 37
15050 5 13
15050 5 74
15050 9 62
15050 74 81
15351 2 15
15351 2 33
15351 9 73
15351 9 62
15351 15 72
15351 29 63
15351 40 75
15351 50 75
15351 58 86
15351 58 78
15351 58 59
15351 59 78
15351 72 86
15351 72 78
15351 72 75
15351 75 86
15652 50 86
15652 52 84
15652 52 75
15652 59 76
15652 75 84
15953 8 26
15953 42 43
15953 53 63
16254 7 58
16254 9 73
16254 24 35
16254 29 53
16254 35 48
16254 42 55
16254 49 52
16254 55 79
16555 8 26
16555 50 74
16555 53 69
16856 21 61
16856 24 45
16856 30 66
16856 69 73
17157 0 14
17157 7 16
17157 8 60
17157 15 67
17157 28 29
17458 1 84
17458 5 18
17458 15 88
17458 15 40
17458 15 84
17458 18 32
17458 22 32
17458 23 69
17458 28 30
17458 29 53
17458 59 88
17458 59 84
17458 62 75
17458 81 84
17458 84 88
17759 17 68
17759 28 69
17759 29 53
17759 37 82
17759 44 51
18060 14 37
18060 37 58
18060 44 51
18361 3 58
18361 25 86
18361 37 58
18361 53 77
18662 2 15
18662 5 11
18662 14 19
18662 17 18
18662 19 79
18662 42 79
18963 4 86
18963 29 53
19264 9 62
19264 28 69
19264 30 66
19264 52 75
19565 9 62
19565 11 44
19866 5 85
19866 5 80
19866 21 84
19866 28 69
20167 0 14
20167 3 14
20167 8 90
20167 9 69
20167 16 84
20167 17 18
20167 30 53
20167 65 82
20468 27 73
20468 29 53
20468 37 84
20468 49 86
20468 49 50
20769 0 24
20769 4 86
20769 9 69
20769 21 84
20769 24 48
20769 61 62
21070 0 24
21070 0 14
21070 14 24
21070 14 48
21070 22 77
21070 24 48
21070 45 48
21371 8 90
21371 8 58
21371 45 58
21672 11 86
21672 12 86
21672 76 78
21973 1 33
21973 14 37
21973 64 77
22274 5 18
22274 5 11
22274 62 73
22575 2 15
22575 2 3
22575 24 48
22575 35 75
22876 19 62
22876 22 64
22876 77 82
23177 14 72
23177 28 53
23478 5 39
23478 14 58
23478 40 88
23478 49 55
23779 9 62
23779 22 32
23779 76 78
24080 14 22
24080 14 39
24080 21 84
24080 30 90
24080 59 78
24381 3 5
24381 29 73
24381 50 86
24682 9 28
24682 9 63
24682 28 69
24682 37 77
24983 29 53
24983 50 86
24983 51 65
25284 2 28
25284 2 39
25284 11 34
25284 28 38
25284 61 86
25284 77 86
25585 14 24
25585 22 77
25585 24 48
25886 50 86
25886 56 84
26187 9 63
26187 9 73
26187 9 28
26187 9 69
26187 24 48
26187 28 70
26187 37 65
26187 53 70
26187 61 62
26488 24 59
26488 29 53
26488 45 90
26488 53 63
26789 14 58
26789 21 40
26789 47 58
27090 28 69
27391 1 6
27391 1 33
27391 1 40
27391 1 10
27391 6 40
27391 10 40
27391 12 44
27391 18 68
27391 24 48
27391 33 40
27692 0 24
27692 5 24
27692 12 58
27692 39 58
27692 79 88
27993 3 14
27993 7 88
27993 9 63
27993 9 28
28294 9 29
28294 11 48
28294 24 48
28294 27 81
28294 57 88
28294 74 86
28595 24 48
28896 0 48
28896 16 84
28896 24 48
28896 29 53
29197 45 58
29197 45 72
29197 63 70
29197 64 77
29498 14 44
29498 14 22
29799 29 53
29799 36 79
29799 36 55
29799 55 79
30100 9 66
30100 14 48
30100 24 32
30100 59 76
30401 0 48
30401 0 14
30401 9 62
30401 18 68
30702 15 33
30702 50 86
30702 60 81
30702 76 88
31003 29 53
31304 3 58
31304 30 53
31605 0 24
31605 5 34
31605 23 29
31605 29 30
31906 5 75
32207 5 44
32207 11 44
32207 28 69
32207 29 70
32207 44 51
32508 9 62
32508 18 90
32508 23 30
32508 50 57
32508 50 86
32809 7 78
32809 8 26
32809 14 24
32809 14 64
32809 17 68
32809 29 53
33110 21 28
33110 29 53
33110 67 78
33411 3 5
33411 29 63
33411 29 73
33411 50 88
33712 3 85
33712 50 86
34013 14 24
34013 29 63
34013 35 75
34013 59 76
34314 8 26
34314 28 70
34615 19 28
34615 35 75
34615 45 65
34916 3 11
34916 28 76
34916 57 76
35217 4 86
35217 29 53
35217 37 58
35518 0 24
35819 16 61
35819 23 53
35819 28 69
35819 30 53
36120 8 58
36120 14 58
36120 19 27
36120 27 50
36120 27 84
36120 27 35
36120 27 52
36120 27 75
36120 27 65
36120 27 72
36120 35 75
36120 35 38
36120 35 37
36120 35 45
36120 45 58
36120 45 72
36120 58 72
36421 11 23
36722 11 23
36722 21 30
36722 23 69
36722 37 58
36722 74 86
37023 62 73
37324 9 62
37324 20 31
37324 24 31
37324 24 48
37324 31 48
37324 71 83
37625 12 78
37625 58 65
37625 84 89
37926 17 18
37926 45 65
38227 14 47
38227 45 72
38528 37 58
38528 50 86
38829 9 62
38829 17 68
38829 18 68
39130 1 88
39130 9 62
39130 9 73
39130 16 88
39130 28 73
39130 29 73
39130 35 52
39130 37 77
39130 53 73
39130 62 73
39431 2 15
39431 9 73
39431 20 40
39431 44 70
39732 12 27
39732 17 34
40033 7 84
40033 35 86
40033 35 50
40033 37 80
40033 37 50
40033 38 86
40033 50 75
40033 50 80
40334 5 72
40334 5 37
40334 22 26
40334 22 37
40334 22 72
40334 26 37
40334 26 72
40334 29 53
40334 37 72
40334 53 63
40635 9 62
40635 29 30
40635 50 86
40936 24 45
40936 55 79
40936 69 73
41237 29 53
41538 12 44
41538 17 56
41839 4 50
41839 7 57
41839 8 26
41839 9 62
41839 13 50
41839 14 37
41839 32 80
41839 37 90
42140 37 77
42140 42 76
42140 49 55
42140 55 86
42441 25 87
42742 21 69
42742 29 63
43043 0 14
43043 18 45
43043 35 52
43344 23 29
43645 29 53
43645 35 49
43645 52 86
43645 57 60
43645 74 86
43946 64 77
44247 53 70
44548 1 7
44548 1 40
44548 7 40
44548 33 59
44849 22 64
44849 30 66
44849 44 86
44849 58 65
45150 44 51
45150 88 89
45451 45 72
45752 6 40
45752 24 45
45752 49 86
45752 57 60
46053 1 78
46053 3 14
46053 21 84
46053 28 73
46053 29 70
46053 45 65
46354 19 78
46354 21 63
46354 29 53
46655 28 84
46956 7 58
46956 19 76
46956 21 69
46956 28 73
46956 59 76
47257 11 26
47257 35 75
47558 17 80
47558 21 84
47558 24 48
47558 35 75
47558 46 84
47859 1 16
47859 15 16
47859 25 49
47859 55 79
48160 12 16
48160 27 81
48160 39 57
48160 50 86
48461 1 84
48461 5 18
48461 6 84
48461 7 84
48461 20 84
48461 28 30
48461 29 53
48461 32 38
48461 33 84
48461 67 84
48461 81 84
48461 84 88
48762 67 84
49063 1 84
49063 1 59
49063 1 6
49063 9 73
49063 20 84
49063 28 69
49063 29 53
49063 67 84
49063 84 88
49364 18 37
49364 29 53
49364 39 51
49665 24 58
49966 7 88
49966 26 52
50267 9 62
50267 23 30
50267 39 51
50267 42 76
50267 49 55
50568 5 18
50568 7 16
50568 9 29
50568 22 32
50568 52 55
50568 55 74
50869 9 73
50869 28 84
50869 28 76
50869 76 84
51170 8 26
51170 26 32
51170 38 90
51170 38 85
51170 58 90
51170 58 85
51170 85 90
51471 14 24
51471 50 55
51772 7 78
51772 16 25
51772 27 60
52073 24 48
52073 35 75
52073 46 84
52374 5 11
52374 5 72
52675 1 16
52675 7 88
52675 9 62
52675 35 79
52675 35 52
52675 35 36
52675 35 84
52675 36 79
52675 76 88
52976 3 53
52976 22 32
52976 22 45
52976 28 70
52976 44 51
52976 53 70
52976 53 61
53277 11 24
53277 19 59
53277 37 72
53277 59 76
53277 70 73
53578 20 84
53578 35 52
53578 35 84
53578 55 79
53578 56 87
53578 56 84
53879 9 62
53879 14 24
53879 18 47
53879 19 58
53879 21 69
53879 58 72
54180 28 70
54481 37 58
54481 44 51
54782 24 48
54782 29 30
54782 30 63
54782 47 58
55083 22 64
55083 45 85
55083 45 65
55083 65 85
55384 49 55
55384 50 86
55685 7 88
55685 9 62
55685 52 75
55986 11 48
55986 57 76
55986 58 65
56287 7 16
56287 7 84
56287 7 25
56287 16 84
56287 16 25
56287 25 84
56287 50 84
56588 5 34
56588 29 63
56588 53 63
56889 8 26
56889 9 62
56889 29 53
56889 36 55
56889 36 79
56889 55 79
57190 8 26
57190 50 74
57491 24 48
57491 28 70
57491 57 76
57792 9 66
57792 9 62
57792 30 66
57792 50 74
57792 58 72
58093 3 24
58093 14 45
58093 24 29
58093 24 53
58093 24 28
58093 29 53
58093 44 51
58394 23 69
58394 23 30
58394 29 53
58394 30 63
58394 30 53
58695 7 12
58695 33 84
58695 72 85
58695 79 88
58996 5 37
58996 35 75
58996 35 49
58996 46 57
59297 0 14
59598 20 35
59598 39 45
59598 42 79
59899 26 32
60200 11 84
60200 18 47
60200 18 37
60200 58 65
60501 7 25
60501 16 25
60501 50 86
60802 11 44
60802 44 53
60802 53 70
61103 14 65
61103 14 45
61103 22 64
61103 29 53
61103 39 58
61103 39 85
61103 46 89
61103 58 85
61103 58 65
61404 14 32
61705 6 10
61705 16 46
61705 44 51
61705 57 88
62006 11 44
62006 24 63
62006 37 82
62006 86 91
62307 58 59
62307 59 76
62307 59 78
62307 60 81
62307 76 88
62608 7 76
62909 15 33
63210 14 48
63210 29 53
63210 53 70
63210 53 66
63210 59 76
63511 17 68
63511 29 53
63511 57 60
63812 29 63
63812 50 86
64113 5 18
64414 9 62
64414 9 19
64414 12 58
64414 22 64
64414 24 48
64414 29 53
64414 53 63
64715 14 48
64715 23 30
64715 24 48
64715 39 58
64715 45 58
64715 45 72
64715 58 72
65016 28 66
65016 42 51
65016 46 60
65016 53 70
65317 11 48
65317 12 49
65317 49 67
65317 58 65
65317 60 89
65618 8 26
65618 9 62
65618 9 28
65618 28 73
65618 28 62
65618 50 52
65618 50 86
65919 24 32
66220 69 70
66521 0 24
66521 1 15
66521 29 63
66521 55 79
66521 56 84
66822 8 50
66822 9 62
66822 38 45
66822 50 75
67123 4 79
67123 37 58
67123 75 79
67424 11 44
67424 24 48
67725 0 14
67725 16 59
67725 53 69
68026 5 11
68026 11 24
68026 14 48
68026 19 59
68026 19 76
68026 28 73
68026 29 53
68026 39 51
68026 70 73
68327 5 22
68327 23 61
68628 15 33
68929 9 73
68929 35 50
68929 50 86
68929 50 84
69230 3 14
69230 19 24
69230 24 48
69230 53 70
69531 29 63
69531 55 79
69832 7 58
69832 15 33
69832 60 81
70133 16 78
70133 28 73
70133 53 63
70133 61 71
70133 70 73
70133 75 79
70434 22 85
70735 9 73
70735 29 63
71036 7 84
71036 16 84
71036 25 84
71036 64 77
71337 1 16
71337 8 26
71638 29 70
71939 9 62
72240 9 62
72240 9 73
72240 17 18
72240 50 74
72240 53 69
72541 9 62
72842 28 69
72842 29 70
72842 44 51
73143 28 69
73143 46 89
73444 1 12
73444 9 73
73444 9 62
73444 51 71
73745 22 32
73745 24 48
74046 9 23
74046 9 62
74347 9 63
74648 7 88
74648 7 27
74648 7 57
74648 27 88
74648 27 77
74648 27 58
74648 58 77
74949 29 53
74949 44 51
75250 9 30
75250 9 28
75250 9 53
75250 28 30
75250 28 73
75250 29 53
75250 44 51
75551 0 24
75551 9 62
75551 15 67
75551 52 75
75551 62 73
75852 17 18
75852 28 30
75852 64 77
76153 11 48
76153 44 58
76153 49 84
76153 50 74
76153 75 88
76153 79 88
76454 7 12
76454 22 32
76755 3 19
76755 3 14
76755 9 14
76755 19 42
76755 29 63
77056 9 62
77056 15 33
77056 60 81
77056 76 88
77357 22 64
77357 40 88
77357 44 51
77357 67 78
77658 35 79
77658 77 82
77959 7 25
77959 7 16
77959 16 25
77959 30 66
77959 61 69
78260 29 53
78561 9 30
78561 24 48
78561 31 91
78561 32 88
78561 66 69
78862 44 51
78862 58 65
79163 9 28
79163 9 63
79464 5 39
79464 24 48
79464 35 86
79464 35 52
79765 21 56
79765 24 48
80066 1 7
80066 1 27
80066 6 40
80066 7 27
80066 9 62
80066 29 53
80066 55 74
80367 2 88
80367 3 44
80367 7 58
80668 5 21
80668 21 84
80969 24 31
80969 24 48
80969 31 48
80969 71 83
81270 1 65
81270 8 39
81270 8 85
81270 9 62
81270 12 29
81270 14 45
81270 22 51
81270 29 63
81270 38 45
81270 41 86
81270 50 75
81270 53 70
81270 61 90
81270 75 79
81571 17 68
81571 36 50
81872 9 62
81872 35 75
82173 7 12
82173 29 53
82173 45 83
82173 50 74
82474 7 27
82474 27 60
82474 27 57
82474 28 61
82474 29 53
82474 49 74
82474 57 60
82775 32 85
82775 50 86
83076 35 75
83076 76 84
83377 17 18
83377 29 53
83678 19 73
83678 52 75
83979 8 26
83979 23 30
83979 23 53
83979 29 53
83979 30 53
83979 39 58
84280 29 63
84280 50 86
84581 7 12
84581 29 53
84882 24 58
84882 28 84
84882 28 62
85183 18 37
85183 29 53
85183 35 55
85183 39 72
85183 80 85
85484 7 16
85484 29 53
85785 52 79
86086 16 59
86086 29 63
86086 50 59
86086 59 76
86387 0 14
86387 12 88
86387 31 51
86387 51 71
86688 3 5
86688 5 18
86688 11 24
86688 18 22
86688 79 84
86989 7 16
86989 7 58
87290 29 53
87591 37 58
87591 44 52
87892 9 62
87892 9 77
87892 28 73
87892 44 51
88193 9 66
88193 9 62
88193 9 73
88193 11 84
88193 62 73
88494 50 86
88795 7 16
88795 29 53
89096 14 48
89096 14 24
89096 24 48
89397 2 15
89397 2 48
89397 15 48
89397 24 49
89397 35 75
89397 48 49
89698 18 47
89698 18 37
89698 58 65
89999 18 34
89999 21 66
89999 29 69
89999 50 74
89999 55 79
89999 57 60
90300 8 26
90300 31 71
90300 42 59
90300 53 63
90601 23 53
90601 35 52
90601 44 77
90601 56 84
90902 22 85
90902 61 69
90902 76 78
91203 2 10
91203 2 6
91203 5 51
91203 6 10
91203 11 14
91203 14 34
91203 27 46
91203 44 51
91504 29 53
91504 46 89
91805 9 62
91805 77 82
92106 7 88
92106 17 51
92106 29 53
92106 29 63
92106 39 51
92106 53 63
92106 53 69
92106 66 69
92407 0 14
92407 7 16
92407 8 60
92407 8 90
92407 9 62
92407 53 66
92708 15 33
92708 44 52
93009 9 62
93009 28 29
93310 21 76
93611 23 30
93611 24 48
93912 17 18
93912 22 32
93912 79 87
93912 84 87
94213 44 51
94213 55 79
94514 7 84
94514 24 84
94514 27 84
94514 33 84
94514 51 58
94815 8 26
94815 22 91
94815 24 48
94815 42 43
94815 48 49
94815 53 70
94815 79 88
95116 11 44
95116 11 30
95116 24 48
95417 58 65
95417 76 84
95718 53 70
96019 8 39
96019 8 85
96019 9 62
96019 9 19
96019 37 58
96019 38 45
96320 3 5
96320 9 62
96320 9 29
96320 11 24
96320 11 48
96320 18 37
96320 24 48
96621 0 14
96621 14 37
96621 17 18
96621 28 30
96621 37 82
96922 9 73
96922 28 53
96922 50 74
97223 29 63
97524 16 84
97825 22 85
97825 46 89
98126 3 72
98126 8 83
98126 14 44
98126 29 53
98126 44 51
98427 20 40
98427 29 53
98427 50 86
98728 7 46
98728 17 68
99029 24 48
99029 29 30
99029 30 53
99029 30 63
99330 1 76
99330 35 79
99330 77 82
99631 49 55
99631 49 86
99631 50 86
99631 52 55
99932 11 38
99932 29 53
99932 62 73
99932 69 70
99932 84 88
100233 1 78
100233 3 5
100233 29 63
100534 19 86
100835 9 46
100835 55 84
101136 39 51
101437 58 65
101437 76 78
101437 76 81
101437 78 81
101738 9 62
101738 13 88
101738 21 88
101738 29 53
101738 29 69
101738 45 83
101738 50 74
101738 55 79
102039 29 53
102039 37 58
102039 69 70
102340 0 51
102340 4 36
102340 17 18
102340 26 65
102340 29 53
102340 45 72
102641 24 69
102641 28 69
102942 56 84
103243 14 58
103243 21 61
103544 15 27
103544 23 30
103544 29 71
103544 37 58
103845 23 30
103845 29 63
103845 37 77
103845 55 86
104146 22 64
104146 27 57
104146 44 51
104146 77 82
104447 0 24
104447 19 42
104447 19 50
104447 20 35
104447 22 32
104447 55 79
104447 84 87
104748 36 55
105049 28 69
105049 29 53
105350 17 18
105651 1 10
105651 1 16
105651 1 33
105651 2 10
105651 2 6
105651 5 39
105651 6 10
105651 6 40
105651 6 27
105651 10 38
105651 10 40
105651 10 16
105651 12 44
105651 12 77
105651 16 33
105651 17 18
105651 24 48
105651 27 40
105651 38 45
105651 38 85
105651 39 65
105651 45 85
105952 9 53
105952 29 53
105952 37 58
105952 50 86
105952 53 73
105952 53 66
105952 62 73
106253 34 84
106253 35 75
106253 35 50
106253 37 84
106253 49 86
106253 50 74
106253 58 84
106253 75 86
106554 14 37
106554 29 53
106855 39 72
106855 42 72
106855 42 58
106855 58 72
107156 5 18
107156 8 26
107457 11 24
107457 23 30
107457 49 55
107758 29 53
107758 52 86
108059 5 47
108059 9 28
108059 9 63
108059 9 69
108059 9 73
108059 9 62
108059 24 48
108059 28 73
108360 7 58
108360 21 84
108360 24 45
108360 28 62
108360 56 60
108661 42 86
108661 55 86
108962 32 80
108962 45 83
108962 50 74
108962 55 79
108962 58 72
109263 15 33
109263 35 75
109263 49 50
109263 52 55
109564 0 48
109564 9 73
109564 9 62
109564 15 67
109564 52 75
109865 5 72
109865 9 62
109865 49 86
109865 49 55
109865 55 86
110166 2 28
110166 5 22
110166 23 61
110467 49 55
110768 5 14
110768 29 70
110768 44 51
111069 28 84
111069 28 43
111069 39 51
111370 22 64
111370 77 82
111671 5 24
111671 7 16
111671 8 26
111671 14 90
111671 18 37
111972 5 18
111972 12 44
111972 12 77
111972 12 64
111972 24 48
111972 39 65
111972 64 77
112273 15 33
112273 23 61
112574 3 80
112875 45 65
113176 5 24
113176 5 65
113176 9 66
113176 9 13
113176 24 32
113176 57 60
113477 14 72
113477 14 34
113477 14 85
113477 24 48
113477 27 75
113477 27 35
113477 35 75
113778 35 50
113778 42 50
114079 5 18
114079 9 53
114079 12 44
114079 12 77
114079 39 65
114079 39 58
114079 44 65
114079 58 65
114380 12 58
114380 12 56
114380 17 34
114380 50 75
114380 56 58
114681 24 48
114681 29 53
114681 35 75
114982 9 62
114982 9 45
114982 12 57
114982 13 50
114982 14 85
114982 14 24
114982 27 75
114982 45 61
114982 45 83
114982 50 74
115283 29 70
115283 44 72
115283 53 70
115584 11 84
115584 14 71
115584 37 58
115584 50 86
115885 24 48
115885 31 32
116186 14 58
116186 21 61
116487 8 26
116487 9 62
116487 21 84
116788 0 14
116788 53 70
116788 60 79
117089 19 76
117089 22 64
117089 35 79
117089 77 82
117390 9 19
117390 9 62
117390 9 73
117390 19 73
117390 45 65
117390 62 73
117691 0 14
117691 7 78
117691 9 62
117691 21 84
117691 21 56
117691 29 53
117691 52 87
117992 45 72
118293 9 73
118293 9 69
118293 29 53
118293 49 52
118293 55 79
118293 67 76
118594 0 24
118594 5 34
118895 0 45
118895 7 78
118895 7 21
118895 14 24
118895 21 78
118895 29 53
119196 29 53
119497 9 73
119497 29 69
119497 29 53
119497 37 58
119497 50 74
119497 53 69
119798 7 88
119798 8 26
119798 53 63
120099 35 52
120400 62 73
120400 71 83
120701 28 53
120701 44 51
121002 9 62
121002 29 53
121002 57 88
121303 9 28
121303 9 69
121303 9 63
121303 17 68
121303 28 73
121303 28 70
121303 28 30
121303 28 69
121303 30 62
121303 35 75
121303 53 62
121303 53 70
121303 61 62
121604 9 73
121604 17 18
121604 35 75
121604 39 90
121905 7 56
121905 9 73
122206 35 55
122206 50 74
122507 7 46
122507 17 18
122507 42 43
122507 45 58
122808 24 48
123109 7 81
123109 14 45
123109 57 60
123410 7 25
123410 9 66
123410 9 72
123410 22 64
123410 35 52
123711 22 64
123711 61 69
124012 23 69
124313 7 50
124614 3 65
124614 9 73
124614 17 51
124614 51 68
124915 19 75
124915 19 50
124915 27 60
124915 35 75
124915 35 50
124915 50 75
124915 50 52
124915 52 75
125216 9 73
125216 16 88
125216 21 69
125216 22 64
125216 53 70
125517 1 7
125517 9 73
125517 14 51
125517 23 53
125517 23 73
125517 23 29
125517 28 53
125517 28 73
125517 28 29
125517 29 53
125818 17 18
125818 32 38
126119 21 84
126119 23 29
126119 51 65
126420 3 18
126420 7 58
126420 12 15
126420 15 33
126721 31 71
126721 44 51
126721 53 63
127022 0 14
127022 9 62
127022 29 53
127323 27 60
127323 29 63
127323 37 58
127323 50 75
127624 1 16
127624 2 15
127624 31 71
127624 33 40
127925 14 24
127925 21 69
127925 29 53
127925 85 91
128226 4 50
128226 14 24
128226 21 69
128226 29 53
128226 45 58
128527 53 63
128828 0 14
128828 41 79
128828 53 69
128828 77 82
129129 53 62
129129 76 78
129430 28 66
129731 21 27
129731 21 59
129731 34 45
129731 54 71
130032 5 72
130032 50 74
130032 53 69
130032 55 79
130333 4 50
130333 9 62
130333 9 73
130333 15 67
130333 28 69
130333 44 51
130333 52 75
130634 9 66
130634 34 84
130634 35 75
130634 67 84
130935 17 68
131236 9 73
131537 20 84
131537 29 63
131537 37 58
131537 59 76
131838 34 84
131838 50 74
131838 58 72
131838 80 85
132139 24 48
132139 46 84
132139 74 79
132440 4 86
132440 9 63
132440 52 87
132741 5 37
132741 9 62
132741 9 73
132741 24 48
132741 24 77
132741 24 74
133042 8 26
133042 49 74
133343 14 71
133343 44 51
133343 50 86
133644 7 25
133644 21 79
133644 24 48
133644 24 45
133644 28 69
133945 5 11
133945 8 85
133945 9 62
133945 29 53
133945 38 45
133945 40 41
134246 25 86
134246 29 53
134246 50 86
134547 0 14
134547 7 16
134547 8 90
134547 8 60
134547 9 62
134547 9 69
134547 17 68
134848 9 73
134848 9 30
134848 9 29
134848 29 63
134848 29 62
134848 61 63
134848 63 66
135149 37 58
135149 53 61
135149 53 70
135450 24 48
135450 35 52
135450 39 45
135450 57 62
135751 7 88
136052 23 29
136052 28 29
136052 29 53
136052 35 52
136353 9 62
136353 38 58
136353 38 45
136353 59 78
136353 76 78
136654 12 58
136654 58 72
136654 59 78
136955 7 25
136955 22 64
136955 49 84
136955 50 84
136955 50 52
136955 52 84
137256 9 73
137256 9 62
137256 50 74
137557 9 62
137557 12 16
137557 35 75
137557 57 60
137557 57 88
137557 58 90
137858 2 10
137858 6 84
137858 10 16
137858 10 33
137858 11 84
137858 12 44
137858 24 31
137858 33 44
137858 39 51
137858 51 58
137858 51 65
137858 58 65
137858 67 84
138159 28 70
138159 39 72
138159 72 90
138460 15 33
138761 9 69
138761 9 66
138761 9 62
138761 12 57
138761 29 53
138761 50 74
138761 62 69
138761 80 85
139062 9 73
139062 49 73
139062 50 86
139062 57 60
139363 2 12
139363 12 72
139363 58 72
139363 59 78
139363 65 72
139664 3 68
139664 29 63
139965 7 27
139965 27 57
139965 57 60
140266 28 29
140266 29 70
140567 0 14
140567 0 3
140567 3 14
140567 7 78
140868 37 84
141169 9 62
141169 9 19
141169 14 37
141169 19 44
141169 21 61
141169 22 64
141169 29 53
141169 44 45
141169 44 58
141169 44 60
141169 59 76
141470 28 84
141470 35 75
141470 55 75
141771 38 58
141771 59 78
141771 76 78
142072 8 26
142072 29 91
142072 39 58
142072 42 43
142072 42 50
142373 9 62
142373 29 69
142373 29 53
142373 50 74
142373 53 69
142373 55 79
142674 53 70
142975 8 82
142975 9 19
142975 9 62
142975 22 39
142975 22 64
142975 38 44
143276 0 24
143276 22 38
143276 24 45
143276 25 28
143276 25 53
143276 27 57
143276 28 53
143276 53 69
143276 67 76
143577 1 7
143577 17 18
143577 55 79
143577 75 79
143878 6 40
143878 7 16
144179 9 43
144179 9 73
144179 15 67
144179 23 69
144179 30 66
144179 52 75
144179 55 86
144480 1 27
144480 1 7
144480 6 27
144480 6 7
144480 27 33
144480 29 63
144480 37 58
144480 44 65
144781 29 53
145082 42 51
145082 46 60
145383 19 79
145383 21 61
145383 24 45
145383 27 57
145383 28 69
145383 44 51
145383 53 66
145383 61 66
145383 79 87
145684 8 79
145684 21 69
145684 29 63
145985 9 28
145985 9 63
145985 9 69
145985 28 69
145985 28 70
146286 7 25
146286 16 25
146286 30 66
146587 9 73
146587 17 84
146587 24 28
146587 29 53
146888 0 14
147189 28 69
147189 53 70
147490 35 75
147490 55 86
147791 4 48
147791 7 76
147791 8 34
147791 8 90
147791 11 24
147791 12 16
147791 27 81
147791 27 76
147791 35 75
148092 8 26
148092 9 28
148092 9 62
148092 22 64
148092 28 73
148393 5 72
148393 7 58
148393 9 23
148393 29 53
148393 49 52
148694 5 18
148694 7 33
148694 29 90
148694 44 51
148694 45 64
148694 81 88
148995 7 78
148995 29 53
149296 0 14
149296 29 53
149296 37 58
149597 9 63
149597 9 73
149898 49 84
150199 28 53
150199 44 51
150500 8 26
150500 44 51
150801 14 58
150801 21 76
150801 25 79
151102 29 63
151102 62 73
151403 1 33
151403 1 2
151403 1 6
151403 2 6
151403 2 10
151403 6 33
151403 10 84
151403 16 53
151403 16 70
151403 33 44
151403 39 51
151403 51 58
151403 51 65
151403 53 70
151403 56 84
151403 58 65
151403 67 84
151704 1 88
151704 5 51
151704 5 18
151704 7 88
151704 29 53
151704 39 51
151704 49 67
151704 55 86
152005 9 62
152005 19 73
152005 29 73
152005 29 63
152005 56 84
152306 17 18
152306 45 65
152306 49 52
152306 52 86
152607 11 23
152908 21 56
152908 22 64
152908 24 48
152908 35 79
152908 77 82
153209 45 65
153209 52 86
153510 23 30
153510 29 53
153510 29 30
153510 35 52
153510 43 45
153510 44 51
153811 35 75
153811 45 58
154112 7 58
154112 7 25
154112 21 69
154112 25 58
154112 27 76
154112 28 66
154112 75 79
154112 76 78
154413 3 72
154413 22 38
154413 22 32
154714 63 70
155015 11 77
155015 17 34
155015 22 48
155015 27 81
155015 27 48
155015 27 77
155015 27 64
155015 48 64
155015 64 77
155015 85 90
155316 4 87
155316 9 62
155316 22 85
155316 29 53
155316 36 50
155316 84 89
155617 6 7
155617 8 14
155617 9 62
155617 14 37
155617 35 75
155918 2 88
155918 40 88
155918 40 84
155918 84 88
156219 3 72
156219 52 79
156219 62 73
156219 79 86
156520 12 43
156821 24 45
156821 29 53
156821 44 51
157122 7 78
157122 7 59
157122 20 52
157122 20 35
157122 28 40
157122 28 73
157122 35 52
157122 35 84
157122 35 87
157122 40 84
157122 42 79
157122 52 84
157122 56 87
157122 56 84
157423 45 65
157423 56 86
157423 56 84
157423 84 86
157724 22 64
157724 24 48
157724 37 58
158025 11 44
158326 7 16
158326 7 25
158326 16 25
158326 30 66
158627 0 24
158627 35 49
158627 45 58
158627 50 86
158627 55 74
158928 29 63
159229 35 75
159229 39 58
159229 79 88
159530 28 69
159530 29 53
159530 37 82
159530 44 51
159831 2 15
159831 7 16
159831 7 12
159831 12 16
160132 11 58
160132 12 44
160132 12 72
160132 28 53
160132 35 50
160132 43 58
160132 44 58
160132 44 56
160132 53 70
160132 56 58
160132 56 65
160433 29 53
160734 28 62
160734 29 53
160734 45 85
160734 45 65
161035 21 84
161035 30 66
161035 55 86
161336 22 77
161336 22 64
161637 29 53
161938 9 73
161938 11 23
161938 17 18
161938 22 85
162239 9 62
162239 22 85
162239 29 53
162239 32 38
162540 17 18
162540 21 56
162540 21 59
162540 24 48
162540 32 58
162841 7 76
162841 9 63
163142 2 84
163142 3 68
163142 8 90
163142 9 30
163142 9 62
163142 24 48
163142 52 75
163142 62 73
163443 15 33
163443 22 85
163443 28 66
163443 44 51
163443 53 63
163744 28 70
164045 24 45
164045 29 53
164045 37 58
164045 44 51
164045 67 76
164346 21 76
164346 21 69
164346 22 85
164647 9 62
164647 38 58
164647 38 45
164647 45 58
164948 17 68
164948 50 86
165249 29 63
165249 50 84
165249 58 65
165249 59 76
165249 76 81
165550 2 15
165550 17 18
165550 35 75
165851 4 79
165851 9 29
165851 27 81
165851 57 88
166152 5 14
166453 4 52
166453 7 88
166453 9 73
166453 9 62
166453 29 53
166453 52 55
166453 55 79
166754 15 33
167055 5 80
167055 5 18
167055 18 80
167356 35 51
167356 35 84
167356 44 51
167356 45 51
167356 53 70
167356 56 88
167356 57 88
167657 29 70
167657 29 69
167657 29 53
167657 53 63
167657 59 78
167657 85 91
167958 9 62
167958 9 69
167958 9 66
167958 28 69
167958 29 30
167958 30 66
167958 37 58
167958 37 77
167958 64 82
167958 65 82
168259 3 8
168259 14 85
168259 19 79
168259 24 48
168259 45 65
168560 9 62
168560 29 53
168861 1 12
168861 5 45
168861 9 73
168861 9 62
169162 12 44
169463 9 62
169463 29 53
169764 22 32
170065 2 33
170065 24 87
170065 58 62
170366 3 37
170366 8 26
170366 22 37
170366 23 30
170366 25 49
170366 29 63
170366 37 90
170366 53 61
170667 7 25
170667 35 84
170667 45 70
170667 52 84
170968 24 48
171269 29 63
171570 8 26
171570 14 44
171871 9 62
171871 9 17
171871 24 48
171871 76 88
172172 7 84
172172 8 26
172172 21 84
172172 31 71
172473 2 10
172473 2 40
172473 2 6
172473 6 10
172473 21 88
172473 44 51
172774 5 72
172774 5 37
172774 5 22
172774 16 45
172774 18 72
172774 22 37
172774 22 26
172774 26 72
172774 26 37
172774 26 71
172774 28 73
172774 37 72
172774 60 81
172774 60 88
173075 5 18
173075 66 69
173376 0 24
173376 0 48
173376 9 62
173376 15 67
173376 16 59
173376 23 30
173376 24 48
173376 28 30
173376 44 51
173376 52 75
173677 29 53
173677 29 63
173978 5 37
173978 5 34
173978 7 27
173978 7 88
173978 23 30
173978 27 88
173978 30 34
173978 34 37
174279 29 63
174279 56 84
174580 29 53
174580 35 75
174580 42 50
174881 14 24
174881 14 58
174881 24 58
175182 22 64
175182 24 48
175483 21 61
175483 22 64
175483 57 88
175784 9 69
175784 9 63
175784 24 48
175784 28 70
175784 37 65
175784 53 70
175784 61 62
176085 8 26
176085 53 63
176386 21 46
176386 24 48
176386 26 31
176386 75 79
176687 22 64
176687 24 48
176687 44 51
176687 77 82
176988 21 84
176988 24 48
176988 55 79
177289 21 46
177289 21 26
177289 24 48
177289 26 31
177289 49 79
177590 9 62
177590 50 74
177590 58 72
177891 53 69
177891 61 69
178192 6 40
178192 7 76
178493 22 64
178493 42 52
178794 12 76
178794 22 64
178794 35 79
178794 38 45
178794 56 76
179095 0 24
179095 32 91
179095 57 60
179396 28 62
179396 28 29
179396 29 53
179697 3 68
179697 28 69
179697 37 77
179697 52 75
179697 62 73
179998 22 64
179998 35 52
179998 44 51
179998 46 89
180299 7 59
180299 8 90
180299 24 48
180299 79 86
180600 4 74
180600 24 48
180600 26 71
180600 29 53
180600 35 75
180901 11 24
180901 53 73
181202 1 33
181202 1 7
181202 5 72
181202 11 72
181202 14 37
181202 24 45
181202 37 58
181202 58 65
181503 30 57
181503 51 90
181503 52 75
181503 56 59
181503 58 65
181503 59 78
181804 11 57
181804 22 64
181804 56 57
182105 29 53
182105 53 73
182406 12 44
182406 12 58
182406 12 77
182406 24 48
182406 58 65
182707 0 65
182707 0 14
182707 22 64
182707 24 48
182707 44 51
183008 22 80
183008 28 69
183008 53 70
183309 14 72
183309 30 73
183309 30 69
183309 53 69
183610 5 39
183610 8 84
183610 9 31
183610 24 48
183610 29 53
183610 46 84
183911 30 53
183911 58 72
183911 58 85
183911 80 85
184212 5 37
184212 24 31
184212 31 48
184513 3 22
184513 5 18
184513 11 24
184513 22 64
184513 50 86
184513 55 79
184814 3 83
184814 3 43
184814 44 51
185115 14 24
185115 28 84
185115 39 51
185416 4 49
185416 29 53
185416 57 88
185717 11 69
185717 11 23
185717 23 69
185717 53 63
186018 4 86
186018 9 62
186018 24 48
186319 52 79
186620 12 59
186921 21 84
186921 22 85
187222 3 14
187222 14 37
187222 16 84
187222 17 18
187222 50 75
187523 29 53
187824 2 28
187824 5 22
187824 22 85
188125 1 76
188125 37 58
188426 24 28
188426 29 53
188426 55 74
188426 76 81
188727 2 15
188727 3 14
188727 3 44
188727 9 73
188727 9 62
188727 11 44
188727 19 73
188727 29 63
188727 62 73
188727 62 66
189028 17 18
189028 22 58
189028 22 32
189028 32 58
189329 1 6
189329 1 59
189329 1 88
189329 7 81
189329 29 53
189630 27 60
189630 50 75
189931 9 66
189931 14 24
189931 24 58
189931 28 84
190232 35 75
190232 35 52
190232 52 75
190533 1 16
190533 1 59
190533 16 59
190533 49 55
190533 55 79
190834 0 24
190834 42 44
190834 55 79
190834 56 84
190834 56 87
190834 75 79
191135 27 60
191135 29 63
191436 14 85
191436 23 69
191436 23 31
191436 27 75
191436 31 69
191737 2 15
191737 23 30
192038 8 85
192038 8 37
192038 9 62
192038 50 75
192038 59 76
192339 4 79
192339 16 84
192640 14 24
192941 14 58
192941 14 37
192941 22 91
192941 23 30
192941 38 80
192941 38 91
192941 85 91
193242 50 74
193543 29 53
193543 37 58
193543 44 51
193844 12 88
193844 17 18
193844 55 74
194145 22 50
194145 27 58
194446 9 62
194747 7 46
194747 17 34
194747 17 18
194747 17 46
194747 32 85
194747 32 38
194747 35 75
194747 64 77
195048 7 58
195048 29 53
195048 35 48
195048 49 52
195048 55 79
195349 7 27
195349 8 17
195349 8 51
195349 8 39
195349 8 14
195349 14 51
195349 14 90
195349 19 51
195349 39 51
195349 51 90
195650 12 58
195650 43 58
195650 44 45
195650 79 88
195951 6 12
195951 6 26
195951 7 46
195951 9 62
195951 9 26
195951 12 46
195951 14 24
196252 6 40
196252 7 58
196252 15 33
196252 38 45
196252 44 52
196553 9 73
196854 17 18
197155 7 16
197155 7 25
197155 16 25
197155 17 18
197155 30 66
197456 5 14
197456 6 88
197456 14 24
197456 28 30
197757 28 69
198058 5 72
198058 30 66
198058 32 91
198058 34 72
198058 53 63
198359 39 58
198359 49 58
198359 49 79
198359 49 88
198359 79 88
198359 79 84
198660 3 14
198660 4 86
198660 7 12
198660 7 76
198660 9 28
198961 29 53
199262 12 88
199262 22 85
199262 55 74
199563 19 59
199563 19 76
199563 24 45
199563 25 47
199563 27 57
199563 28 69
199864 7 12
199864 38 69
200165 3 51
200165 3 23
200165 23 49
200165 28 69
200165 42 51
200165 52 75
200165 80 90
200466 29 53
200466 29 63
200466 45 65
200466 45 85
200466 58 65
200767 14 24
200767 76 78
201068 50 74
201068 53 69
201369 8 26
201369 9 62
201369 52 84
201670 14 58
201670 59 76
201971 29 63
202272 7 12
202272 23 29
202573 15 33
202573 22 85
202573 22 32
202573 28 66
202573 53 63
202573 58 72
202874 11 24
202874 11 51
202874 17 68
202874 22 64
202874 27 51
202874 27 68
203175 8 26
203175 53 63
203476 5 51
203476 5 35
203476 14 39
203476 17 51
203476 27 35
203476 27 75
203476 35 75
203476 51 68
203777 9 73
203777 9 19
203777 33 88
203777 50 75
204078 11 26
204078 35 75
204379 34 86
204680 12 78
204981 14 39
204981 14 58
205282 0 45
205282 29 91
205282 29 53
205282 53 63
205583 0 48
205583 8 90
205583 16 84
205583 29 53
205884 3 80
205884 28 53
205884 49 55
206185 14 58
206185 53 66
206486 23 49
206486 25 49
206486 28 69
206486 37 77
206486 52 75
206486 53 61
206787 39 58
206787 65 84
206787 79 84
206787 79 88
207088 14 37
207088 35 87
207088 35 52
207389 8 37
207389 37 82
207389 37 58
207389 58 82
207690 0 24
207991 5 85
207991 5 72
207991 55 86
207991 72 80
207991 80 85
208292 21 69
208292 21 61
208292 61 69
208593 23 29
208593 55 74
208894 65 91
209195 12 59
209195 50 86
209195 75 84
209496 14 58
209496 22 38
209797 1 88
209797 1 59
209797 22 32
210098 9 63
210399 9 62
210399 15 33
210399 44 52
210399 62 73
210700 3 44
210700 22 64
210700 44 51
210700 45 58
211001 1 59
211001 1 88
211001 1 84
211001 11 24
211001 12 88
211001 15 88
211001 23 69
211001 24 55
211001 50 86
211001 84 88
211302 9 62
211302 29 53
211302 57 88
211603 7 58
211603 24 35
211603 24 48
211603 29 53
211603 49 52
211603 55 79
211904 0 24
211904 17 68
212205 3 22
212205 11 24
212205 42 79
212205 52 79
212205 55 79
212506 9 30
212506 29 53
212506 30 62
212506 37 77
212506 52 84
212807 8 26
212807 22 71
212807 38 85
212807 38 90
212807 39 65
212807 58 85
212807 72 90
213108 52 79
213409 1 16
213409 35 52
213409 35 84
213710 2 71
213710 14 58
213710 14 39
213710 14 24
213710 37 82
213710 39 58
213710 53 70
214011 9 73
214011 9 62
214312 7 76
214312 8 26
214312 15 33
214312 23 29
214312 29 53
214312 53 63
214613 18 37
214613 23 30
214914 16 76
214914 32 38
215215 9 63
215215 28 70
215215 28 53
215215 53 70
215215 61 62
215516 5 18
215516 16 88
215516 28 73
215516 29 53
215516 39 51
215516 49 86
215516 49 55
215817 28 84
216118 24 48
216118 46 84
216118 79 86
216419 18 90
216419 23 30
216419 35 75
216419 46 84
216419 50 86
216419 50 60
216419 57 88
216419 62 73
216720 9 23
216720 9 73
216720 14 24
216720 24 48
217021 5 85
217021 76 78
217322 9 29
217623 8 26
217623 44 51
217924 7 78
217924 9 69
217924 9 29
217924 29 63
218225 28 69
218225 37 82
218526 29 63
218827 29 53
218827 37 58
218827 50 86
218827 51 65
219128 14 50
219128 22 64
219128 44 86
219429 1 40
219429 1 6
219429 6 60
219429 27 84
219429 44 65
219429 58 65
219730 29 70
220031 8 26
220031 26 80
220031 31 58
220031 39 85
220031 80 91
220332 0 24
220332 4 84
220332 35 52
220332 55 79
220633 0 48
220633 8 16
220633 8 90
220633 16 84
220633 29 53
220633 29 30
220934 8 26
220934 14 44
220934 52 79
221235 7 78
221235 28 69
221235 46 60
221235 49 86
221235 49 55
221235 55 86
221536 28 70
221837 0 24
221837 17 18
221837 79 87
221837 84 87
222138 29 53
222138 50 74
222138 52 86
222439 6 88
222439 18 37
222439 22 85
222439 23 69
222439 28 62
222740 55 79
223041 17 18
223342 31 71
223643 7 58
223643 21 69
223643 36 50
223643 76 78
223944 25 84
223944 64 77
223944 75 79
224245 5 84
224245 22 77
224245 24 48
224546 24 31
224546 31 48
224546 81 88
224847 7 25
224847 24 48
224847 28 69
225148 8 30
225148 8 90
225148 9 73
225148 15 67
225148 52 75
225148 53 73
225449 18 37
225449 53 70
225750 14 18
225750 25 58
225750 29 53
225750 35 75
225750 50 75
225750 56 60
226051 17 18
226051 22 32
226051 35 75
226051 39 90
226051 79 87
226352 3 14
226352 9 62
226352 9 28
226352 9 44
226352 34 44
226352 44 45
226653 0 48
226653 8 90
226653 9 80
226653 9 30
226653 15 67
226653 24 48
226653 30 53
226653 53 73
226653 53 62
226954 14 22
227255 15 33
227556 51 54
227556 63 89
227857 3 18
227857 9 62
227857 18 65
227857 29 53
227857 45 58
228158 14 24
228158 27 56
228158 27 60
228158 28 53
228158 29 53
228158 29 70
228158 45 65
228158 65 72
228459 22 64
228459 28 57
228459 37 58
228760 12 42
229061 4 86
229061 52 86
229362 9 62
229663 15 60
229964 21 69
229964 29 53
229964 75 79
230265 44 51
230265 57 62
230566 17 68
230566 18 34
230566 35 75
230566 36 75
230867 20 35
230867 39 45
230867 42 79
230867 52 84
230867 56 84
231168 34 84
231168 35 75
231168 50 86
231168 55 74
231469 9 62
231469 14 24
231469 25 79
231469 25 88
231469 38 51
231469 39 51
231469 45 58
231469 51 65
231469 51 72
231469 58 72
231469 65 72
231469 66 70
231770 1 78
231770 9 19
231770 9 73
231770 19 42
231770 19 50
231770 58 72
231770 62 73
232071 52 79
232372 7 21
232372 7 78
232372 17 68
232372 21 78
232372 29 53
232372 36 50
232673 17 34
232673 17 68
232673 28 70
232974 28 53
232974 42 43
233275 37 58
233576 29 53
233576 37 58
233576 44 51
233877 45 65
233877 50 86
233877 55 74
234178 53 66
234479 22 64
234479 24 48
234479 77 82
234780 7 27
235081 9 62
235081 16 76
235081 17 68
235081 21 61
235081 24 37
235081 35 75
235081 42 75
235081 45 90
235081 55 79
235081 59 76
235382 35 75
235382 44 51
235683 21 69
235683 58 85
235984 29 53
236285 29 53
236586 17 68
236586 17 34
236586 28 45
236586 44 45
236887 14 47
236887 32 38
237188 4 55
237489 9 73
237489 14 24
237489 59 76
237790 1 2
237790 1 78
237790 2 10
237790 6 10
237790 7 78
237790 21 76
237790 77 82
238091 7 78
238091 20 35
238091 29 73
238091 29 61
238091 35 52
238091 56 87
238091 56 84
238091 63 70
238091 84 87
238392 9 73
238392 29 63
238693 3 5
238693 29 63
238994 5 14
238994 37 58
238994 44 45
239295 28 70
239295 38 39
239596 2 6
239596 2 10
239596 5 39
239596 6 10
239596 7 16
239596 9 62
239596 14 82
239596 21 56
239596 45 58
239897 9 62
239897 17 18
239897 29 61
239897 44 51
239897 50 86
239897 79 87
240198 18 22
240198 22 85
240198 28 66
240198 80 85
240499 11 44
240499 25 75
240800 25 36
240800 53 63
241101 6 40
241101 9 30
241101 9 29
241101 28 29
241101 28 53
241101 29 53
241402 8 26
241402 9 62
241402 9 73
241402 69 73
241703 35 75
241703 35 52
242004 9 63
242004 9 28
242305 17 68
242305 22 85
242305 26 37
242305 28 70
242305 37 72
242305 55 86
242606 17 18
242606 22 32
242606 32 38
242907 15 33
242907 25 55
242907 56 60
243208 5 72
243208 12 44
243208 58 65
243509 23 30
243509 49 74
243509 49 55
243509 55 74
243509 69 73
243810 29 53
243810 52 87
244111 9 62
244111 29 53
244111 37 58
244111 50 74
244412 3 45
244713 1 76
244713 22 64
244713 24 48
244713 27 76
244713 44 51
244713 52 87
244713 77 82
245014 4 41
245014 27 57
245014 28 69
245315 22 72
245315 28 69
245616 29 53
245616 30 62
245616 49 52
245917 5 14
245917 9 62
245917 29 53
245917 37 58
246218 14 24
246519 8 26
246519 21 61
246519 22 64
246820 4 52
246820 14 24
246820 21 69
246820 29 53
247121 11 23
247121 23 69
247121 45 58
247422 12 60
247422 35 75
247723 24 58
247723 32 80
247723 67 76
248024 17 18
248024 29 63
248325 9 63
248325 9 28
248325 61 62
248626 16 84
248626 28 69
248626 32 38
248626 35 50
248626 37 82
248626 37 77
248626 45 65
248927 25 87
249228 21 42
249228 22 38
249228 24 45
249228 25 28
249228 27 57
249228 53 70
249529 9 73
249529 50 86
249830 4 50
249830 9 62
249830 23 30
249830 30 44
249830 35 52
249830 46 49
249830 49 86
249830 53 70
250131 11 44
250432 9 51
250432 9 39
250432 9 62
250432 39 51
250733 24 48
250733 26 31
250733 35 75
250733 37 91
251034 7 84
251034 44 65
251335 29 53
251335 49 52
251636 2 60
251636 7 33
251636 11 56
251636 28 53
251636 44 51
251636 53 70
251636 58 65
251937 40 56
252238 3 85
252238 22 85
252539 52 79
252840 21 69
252840 24 45
253141 7 12
253141 22 91
253141 24 32
253141 33 84
253141 79 88
253141 85 91
253442 0 48
253442 4 50
253442 9 73
253442 9 62
253442 15 67
253442 52 75
253442 53 66
253743 36 50
254044 3 37
254044 5 34
254345 14 58
254345 21 61
254345 21 76
254646 17 18
254646 18 68
254646 24 48
254646 32 58
254947 5 72
254947 28 69
254947 49 55
254947 49 86
254947 55 86
255248 11 23
255248 17 18
255248 23 69
255248 35 74
255248 62 73
255549 7 86
255549 25 35
255850 2 10
255850 3 14
255850 6 10
255850 11 14
255850 44 51
256151 28 30
256452 35 75
256452 62 73
256753 1 88
256753 9 62
256753 27 88
256753 28 69
256753 29 53
257054 3 22
257054 28 66
257054 28 69
257355 12 77
257355 12 84
257355 26 32
257355 57 60
257355 77 84
257656 28 84
257656 39 51
257957 9 28
257957 12 84
257957 55 87
258258 3 24
258258 15 33
258258 23 30
258258 28 29
258258 44 51
258258 53 63
258559 32 38
258860 21 84
259161 22 85
259161 61 69
259161 63 70
259462 58 72
259462 64 77
259763 3 83
259763 29 53
259763 50 74
260064 7 88
260064 22 64
260064 24 48
260064 59 67
260064 61 66
260064 77 82
260365 2 15
260365 3 14
260365 7 50
260365 9 62
260365 9 73
260666 1 59
260666 22 38
260666 29 53
260666 29 30
260666 29 66
260666 30 53
260666 75 79
260967 5 54
260967 7 59
260967 9 62
260967 62 69
261268 21 59
261569 6 40
261569 9 73
261569 9 61
261569 50 86
261870 11 44
261870 25 86
261870 35 75
261870 35 52
261870 52 75
262171 0 14
262171 5 22
262171 5 37
262171 5 72
262171 22 26
262171 22 37
262171 22 34
262171 26 37
262171 26 72
262171 34 37
262171 37 72
262171 40 84
262171 40 78
262171 60 88
262171 81 88
262472 9 62
262472 9 73
262472 50 86
262773 8 26
262773 85 90
263074 0 45
263074 3 5
263074 9 29
263074 9 30
263074 9 70
263074 9 28
263375 67 84
263676 8 16
263676 28 69
263977 4 52
263977 8 26
263977 28 29
263977 29 70
263977 37 77
263977 38 39
264278 0 48
264278 7 12
264278 9 63
264278 9 28
264278 32 71
264278 37 58
264579 8 54
264579 8 32
264579 22 37
264579 22 72
264579 22 26
264579 22 91
264579 26 37
264579 29 53
264579 37 72
264579 37 90
264880 0 48
264880 9 63
264880 52 87
265181 9 62
265181 12 77
265181 12 44
265181 12 58
265181 24 48
265181 27 46
265181 27 65
265181 27 57
265181 39 65
265181 39 58
265181 46 56
265181 46 57
265181 53 70
265181 58 65
