0 11 24
0 23 30
0 49 55
301 0 48
301 7 12
301 9 63
301 9 28
301 32 71
301 37 58
602 7 12
602 22 91
602 24 32
602 33 84
602 79 88
602 85 91
903 9 63
903 28 70
903 35 75
1204 17 68
1204 22 85
1204 26 37
1204 28 70
1204 37 72
1204 55 86
1505 5 72
1505 28 69
1505 49 55
1505 49 86
1505 55 86
1806 9 62
1806 50 74
1806 58 72
2107 8 26
2107 9 62
2107 29 53
2107 36 55
2107 36 79
2107 55 79
2408 5 72
2408 9 62
2408 49 86
2408 49 55
2408 55 86
2709 29 63
2709 56 84
3010 12 78
3311 51 54
3311 63 89
3612 24 48
3612 46 84
3612 74 79
3913 9 62
3913 29 53
3913 57 88
4214 12 42
4515 1 59
4515 22 38
4515 29 53
4515 29 30
4515 29 66
4515 30 53
4515 75 79
4816 9 73
4816 28 53
4816 50 74
5117 35 75
5117 35 52
5418 67 84
5719 14 72
5719 28 53
6020 0 48
6020 8 90
6020 16 84
6020 29 53
6321 0 24
6321 4 86
6321 9 69
6321 21 84
6321 24 48
6321 61 62
6622 7 27
6923 9 62
7224 7 46
7224 17 34
7224 17 18
7224 17 46
7224 32 85
7224 32 38
7224 35 75
7224 64 77
7525 24 48
7525 26 31
7525 35 75
7826 3 19
7826 3 14
7826 9 14
7826 19 42
7826 29 63
8127 29 53
8127 37 58
8127 44 51
8428 18 37
8428 23 30
8729 7 84
8729 44 65
9030 28 84
9030 39 51
9331 22 64
9331 35 52
9331 44 51
9331 46 89
9632 9 62
9632 28 29
9933 18 22
9933 22 85
9933 28 66
9933 80 85
10234 25 36
10234 53 63
10535 14 37
10535 29 53
10836 11 84
10836 12 84
10836 16 33
10836 29 53
10836 42 43
10836 44 45
10836 49 84
10836 49 58
10836 49 64
10836 58 84
10836 64 77
10836 79 88
11137 11 48
11137 44 58
11137 49 84
11137 50 74
11137 75 88
11137 79 88
11438 11 84
11438 14 71
11438 37 58
11438 50 86
11739 15 33
12040 29 53
12341 5 21
12341 21 84
12642 3 83
12642 3 43
12642 44 51
12943 3 37
12943 5 34
13244 0 14
13244 3 14
13244 8 90
13244 9 69
13244 16 84
13244 17 18
13244 30 53
13244 65 82
13545 14 24
13846 24 48
13846 35 52
13846 39 45
13846 57 62
14147 7 16
14147 7 25
14147 16 25
14147 17 18
14147 30 66
14448 22 64
14448 40 88
14448 44 51
14448 67 78
14749 28 69
15050 22 32
15351 28 69
15652 9 73
15953 14 47
15953 32 38
16254 24 48
16254 31 32
16555 7 25
16555 22 64
16555 49 84
16555 50 84
16555 50 52
16555 52 84
16856 34 84
16856 35 75
16856 35 50
16856 37 84
16856 49 86
16856 50 74
16856 58 84
16856 75 86
17157 24 48
17157 29 30
17157 30 63
17157 47 58
17458 21 56
17458 22 64
17458 24 48
17458 35 79
17458 77 82
17759 9 69
17759 9 66
17759 9 62
17759 12 57
17759 29 53
17759 50 74
17759 62 69
17759 80 85
18060 24 45
18060 29 53
18060 44 51
18361 0 14
18361 53 70
18361 60 79
18662 5 14
18662 6 88
18662 14 24
18662 28 30
18963 23 30
18963 24 48
19264 20 84
19264 35 52
19264 35 84
19264 55 79
19264 56 87
19264 56 84
19565 49 55
19565 50 86
19866 7 58
19866 15 33
19866 60 81
20167 9 62
20167 18 90
20167 23 30
20167 50 57
20167 50 86
20468 53 63
20769 7 25
20769 16 25
20769 30 66
21070 35 75
21070 76 84
21371 45 65
21672 29 53
21672 35 49
21672 52 86
21672 57 60
21672 74 86
21973 17 18
22274 35 75
22274 45 58
22575 29 63
22575 50 86
22876 30 57
22876 51 90
22876 52 75
22876 56 59
22876 58 65
22876 59 78
23177 15 33
23478 15 27
23478 23 30
23478 29 71
23478 37 58
23779 50 86
24080 0 24
24080 22 38
24080 24 45
24080 25 28
24080 25 53
24080 27 57
24080 28 53
24080 53 69
24080 67 76
24381 1 76
24381 37 58
24682 29 63
24983 39 51
25284 9 28
25284 12 84
25284 55 87
25585 22 64
25585 24 48
25886 35 75
25886 35 52
25886 52 75
26187 28 66
26488 39 58
26488 49 58
26488 49 79
26488 49 88
26488 79 88
26488 79 84
26789 37 58
26789 44 51
27090 15 33
27391 7 78
27391 7 59
27391 20 52
27391 20 35
27391 28 40
27391 28 73
27391 35 52
27391 35 84
27391 35 87
27391 40 84
27391 42 79
27391 52 84
27391 56 87
27391 56 84
27692 9 28
27692 15 60
27692 16 76
27692 21 60
27692 28 62
27692 35 50
27692 38 90
27692 50 75
27692 85 90
27993 63 70
28294 8 26
28294 23 30
28294 23 53
28294 29 53
28294 30 53
28294 39 58
28595 7 58
28595 19 76
28595 21 69
28595 28 73
28595 59 76
28896 0 24
28896 32 91
28896 57 60
29197 3 22
29197 11 24
29197 42 79
29197 52 79
29197 55 79
29498 5 72
29498 5 37
29498 5 22
29498 16 45
29498 18 72
29498 22 37
29498 22 26
29498 26 72
29498 26 37
29498 26 71
29498 28 73
29498 37 72
29498 60 81
29498 60 88
29799 7 78
29799 8 26
29799 14 24
29799 14 64
29799 17 68
29799 29 53
30100 6 12
30100 6 26
30100 7 46
30100 9 62
30100 9 26
30100 12 46
30100 14 24
30401 23 30
30401 45 72
30401 45 65
30401 49 74
30401 49 55
30401 50 86
30401 52 84
30401 65 72
30401 69 73
30702 12 76
30702 22 64
30702 35 79
30702 38 45
30702 56 76
31003 5 18
31003 8 26
31304 2 60
31304 7 33
31304 11 56
31304 28 53
31304 44 51
31304 53 70
31304 58 65
31605 0 24
31605 35 49
31605 45 58
31605 50 86
31605 55 74
31906 0 24
31906 5 34
31906 23 29
31906 29 30
32207 35 79
32207 77 82
32508 28 70
32809 3 68
32809 28 69
32809 37 77
32809 52 75
32809 62 73
33110 24 45
33110 29 53
33110 37 58
33110 44 51
33110 67 76
33411 17 18
33411 45 65
33411 49 52
33411 52 86
33712 5 44
33712 11 44
33712 28 69
33712 29 70
33712 44 51
34013 18 37
34013 29 53
34013 35 55
34013 39 72
34013 80 85
34314 9 30
34314 29 53
34314 30 62
34314 37 77
34314 52 84
34615 11 24
34615 19 59
34615 37 72
34615 59 76
34615 70 73
34916 0 14
34916 7 16
34916 8 60
34916 8 90
34916 9 62
34916 53 66
35217 14 48
35217 29 53
35217 53 70
35217 53 66
35217 59 76
35518 0 14
35518 12 88
35518 31 51
35518 51 71
35819 2 39
35819 5 48
35819 12 48
35819 12 14
35819 12 20
35819 14 20
35819 14 58
35819 14 78
35819 20 58
35819 20 78
35819 24 87
35819 29 39
35819 31 58
35819 58 78
36120 11 38
36120 29 53
36120 62 73
36120 69 70
36120 84 88
36421 35 51
36421 35 84
36421 44 51
36421 45 51
36421 53 70
36421 56 88
36421 57 88
36722 14 58
36722 21 61
37023 5 18
37023 16 88
37023 28 73
37023 29 53
37023 39 51
37023 49 86
37023 49 55
37324 53 70
37625 53 70
37926 5 47
37926 9 28
37926 9 63
37926 9 69
37926 9 73
37926 9 62
37926 24 48
37926 28 73
38227 11 23
38227 23 69
38227 45 58
38528 0 48
38528 9 63
38528 52 87
38829 21 46
38829 24 48
38829 26 31
38829 75 79
39130 22 64
39130 45 85
39130 45 65
39130 65 85
39431 4 55
39732 36 50
40033 12 78
40033 58 65
40033 84 89
40334 28 69
40334 29 53
40635 6 40
40635 9 30
40635 9 29
40635 28 29
40635 28 53
40635 29 53
40936 34 84
40936 50 74
40936 58 72
40936 80 85
41237 14 58
41237 21 76
41237 25 79
41538 6 40
41538 24 45
41538 49 86
41538 57 60
41839 37 84
42140 24 48
42140 42 84
42140 52 84
42140 53 63
42441 8 30
42441 8 90
42441 9 73
42441 15 67
42441 52 75
42441 53 73
42742 0 51
42742 4 36
42742 17 18
42742 26 65
42742 29 53
42742 45 72
43043 4 50
43043 7 57
43043 8 26
43043 9 62
43043 13 50
43043 14 37
43043 32 80
43043 37 90
43344 62 73
43344 71 83
43645 8 26
43645 49 74
43946 2 10
43946 2 6
43946 5 51
43946 6 10
43946 11 14
43946 14 34
43946 27 46
43946 44 51
44247 3 24
44247 15 33
44247 23 30
44247 28 29
44247 44 51
44247 53 63
44548 1 84
44548 1 59
44548 1 6
44548 9 73
44548 20 84
44548 28 69
44548 29 53
44548 67 84
44548 84 88
44849 0 45
44849 7 78
44849 7 21
44849 14 24
44849 21 78
44849 29 53
45150 9 23
45150 9 73
45150 14 24
45150 24 48
45451 44 51
45451 57 62
45752 9 62
45752 12 16
45752 35 75
45752 57 60
45752 57 88
45752 58 90
46053 9 62
46053 17 68
46053 18 68
46354 0 48
46354 0 14
46354 9 62
46354 18 68
46655 9 62
46655 29 53
46956 24 28
46956 29 53
46956 55 74
46956 76 81
47257 23 29
47257 55 74
47558 1 16
47558 7 88
47558 9 62
47558 35 79
47558 35 52
47558 35 36
47558 35 84
47558 36 79
47558 76 88
47859 5 72
47859 7 58
47859 9 23
47859 29 53
47859 49 52
48160 15 33
48461 21 69
48461 29 53
48461 75 79
48762 2 10
48762 3 14
48762 6 10
48762 11 14
48762 44 51
49063 17 18
49063 22 32
49063 35 75
49063 39 90
49063 79 87
49364 15 60
49665 8 16
49665 28 69
49966 24 48
49966 29 30
49966 30 53
49966 30 63
50267 7 81
50267 14 45
50267 57 60
50568 9 62
50568 9 17
50568 24 48
50568 76 88
50869 14 47
50869 45 72
51170 24 48
51170 28 70
51170 57 76
51471 29 53
51471 50 86
51471 51 65
51772 1 78
51772 9 19
51772 9 73
51772 19 42
51772 19 50
51772 58 72
51772 62 73
52073 11 26
52073 35 75
52374 8 50
52374 9 62
52374 38 45
52374 50 75
52675 29 53
52976 9 62
52976 35 75
53277 11 44
53277 24 63
53277 37 82
53277 86 91
53578 7 16
53578 7 58
53879 2 15
53879 2 48
53879 15 48
53879 24 49
53879 35 75
53879 48 49
54180 29 53
54180 46 89
54481 19 28
54481 35 75
54481 45 65
54782 9 62
54782 29 30
54782 50 86
55083 2 15
55083 7 16
55083 7 12
55083 12 16
55384 11 57
55384 22 64
55384 56 57
55685 17 68
55685 17 34
55685 34 68
55685 35 75
55685 35 36
55685 36 75
55685 75 86
55986 1 27
55986 1 7
55986 6 27
55986 6 7
55986 27 33
55986 29 63
55986 37 58
55986 44 65
56287 8 26
56287 9 28
56287 9 62
56287 22 64
56287 28 73
56588 18 34
56588 21 66
56588 29 69
56588 50 74
56588 55 79
56588 57 60
56889 21 42
56889 22 38
56889 24 45
56889 25 28
56889 27 57
56889 53 70
57190 17 18
57190 22 32
57190 32 38
57491 50 84
57792 1 33
57792 14 37
57792 64 77
58093 9 43
58093 9 73
58093 15 67
58093 23 69
58093 30 66
58093 52 75
58093 55 86
58394 40 88
58394 55 74
58695 3 85
58695 22 85
58996 17 18
59297 29 53
59297 50 74
59297 52 86
59598 17 18
59598 21 56
59598 21 59
59598 24 48
59598 32 58
59899 28 84
60200 0 14
60200 5 22
60200 5 37
60200 5 72
60200 22 26
60200 22 37
60200 22 34
60200 26 37
60200 26 72
60200 34 37
60200 37 72
60200 40 84
60200 40 78
60200 60 88
60200 81 88
60501 7 25
60501 35 84
60501 45 70
60501 52 84
60802 0 24
60802 17 68
61103 11 48
61103 57 76
61103 58 65
61404 37 58
61705 12 88
61705 17 18
61705 55 74
62006 16 59
62006 29 63
62006 50 59
62006 59 76
62307 25 87
62608 1 78
62608 3 5
62608 29 63
62909 19 79
62909 21 61
62909 24 45
62909 27 57
62909 28 69
62909 44 51
62909 53 66
62909 61 66
62909 79 87
63210 14 58
63210 59 76
63511 7 88
63511 22 64
63511 24 48
63511 59 67
63511 61 66
63511 77 82
63812 7 88
63812 7 27
63812 7 57
63812 27 88
63812 27 77
63812 27 58
63812 58 77
64113 28 62
64113 29 53
64113 45 85
64113 45 65
64414 2 15
64414 5 11
64414 14 19
64414 17 18
64414 19 79
64414 42 79
64715 14 85
64715 23 69
64715 23 31
64715 27 75
64715 31 69
65016 9 62
65016 12 77
65016 12 44
65016 12 58
65016 24 48
65016 27 46
65016 27 65
65016 27 57
65016 39 65
65016 39 58
65016 46 56
65016 46 57
65016 53 70
65016 58 65
65317 3 14
65317 4 86
65317 7 12
65317 7 76
65317 9 28
65618 7 59
65618 8 90
65618 24 48
65618 79 86
65919 29 53
66220 5 37
66220 35 75
66220 35 49
66220 46 57
66521 5 24
66521 5 65
66521 9 66
66521 9 13
66521 24 32
66521 57 60
66822 1 88
66822 9 62
66822 27 88
66822 28 69
66822 29 53
67123 29 53
67123 29 63
67424 0 24
67424 1 15
67424 29 63
67424 55 79
67424 56 84
67725 24 48
67725 35 75
67725 46 84
68026 29 70
68026 44 72
68026 53 70
68327 2 12
68327 12 72
68327 58 72
68327 59 78
68327 65 72
68628 28 66
68628 42 51
68628 46 60
68628 53 70
68929 28 69
68929 29 70
68929 44 51
69230 9 63
69230 9 73
69230 9 28
69230 9 69
69230 24 48
69230 28 70
69230 37 65
69230 53 70
69230 61 62
69531 6 10
69531 16 46
69531 44 51
69531 57 88
69832 5 14
70133 14 22
70133 14 39
70133 21 84
70133 30 90
70133 59 78
70434 1 84
70434 5 18
70434 15 88
70434 15 40
70434 15 84
70434 18 32
70434 22 32
70434 23 69
70434 28 30
70434 29 53
70434 59 88
70434 59 84
70434 62 75
70434 81 84
70434 84 88
70735 29 70
71036 9 73
71036 35 50
71036 50 86
71036 50 84
71337 37 58
71337 44 52
71638 1 76
71638 35 79
71638 77 82
71939 21 61
71939 24 45
71939 30 66
71939 69 73
72240 9 73
72240 9 30
72240 9 29
72240 29 63
72240 29 62
72240 61 63
72240 63 66
72541 22 85
72541 61 69
72541 76 78
72842 5 84
72842 22 77
72842 24 48
73143 29 53
73143 49 52
73444 29 53
73745 0 24
73745 0 48
73745 9 62
73745 15 67
73745 16 59
73745 23 30
73745 24 48
73745 28 30
73745 44 51
73745 52 75
74046 14 58
74046 22 38
74347 3 22
74347 5 18
74347 11 24
74347 22 64
74347 50 86
74347 55 79
74648 7 58
74648 21 84
74648 24 45
74648 28 62
74648 56 60
74949 23 30
74949 29 63
74949 37 77
74949 55 86
75250 45 65
75250 52 86
75551 14 50
75551 22 64
75551 44 86
75852 0 14
76153 21 76
76153 21 69
76153 22 85
76454 58 65
76454 76 84
76755 29 63
77056 9 62
77056 15 33
77056 60 81
77056 76 88
77357 11 44
77357 25 75
77658 9 62
77658 16 76
77658 17 68
77658 21 61
77658 24 37
77658 35 75
77658 42 75
77658 45 90
77658 55 79
77658 59 76
77959 0 24
77959 17 18
77959 79 87
77959 84 87
78260 7 58
78260 21 69
78260 36 50
78260 76 78
78561 17 18
78561 32 38
78862 34 84
78862 35 75
78862 50 86
78862 55 74
79163 5 14
79163 37 58
79163 44 45
79464 6 10
79464 6 12
79464 11 58
79464 11 16
79464 39 65
79464 40 57
79464 44 51
79464 44 45
79464 45 51
79464 51 58
79464 51 65
79464 53 70
79464 57 88
79464 58 65
79464 79 84
79464 84 86
79765 36 55
80066 7 84
80066 8 26
80066 21 84
80066 31 71
80367 14 71
80367 44 51
80367 50 86
80668 4 52
80668 14 24
80668 21 69
80668 29 53
80969 1 6
80969 1 59
80969 1 88
80969 7 81
80969 29 53
81270 17 18
81571 4 79
81571 16 84
81872 32 38
82173 14 24
82173 50 55
82474 7 27
82474 8 17
82474 8 51
82474 8 39
82474 8 14
82474 14 51
82474 14 90
82474 19 51
82474 39 51
82474 51 90
82775 24 44
82775 29 63
83076 22 50
83076 27 58
83377 1 10
83377 1 16
83377 1 33
83377 2 10
83377 2 6
83377 5 39
83377 6 10
83377 6 40
83377 6 27
83377 10 38
83377 10 40
83377 10 16
83377 12 44
83377 12 77
83377 16 33
83377 17 18
83377 24 48
83377 27 40
83377 38 45
83377 38 85
83377 39 65
83377 45 85
83678 4 79
83678 9 29
83678 27 81
83678 57 88
83979 28 53
83979 44 51
84280 9 23
84280 9 62
84581 45 72
84882 11 44
85183 35 52
85484 11 58
85484 12 44
85484 12 72
85484 28 53
85484 35 50
85484 43 58
85484 44 58
85484 44 56
85484 53 70
85484 56 58
85484 56 65
85785 3 80
85785 28 53
85785 49 55
86086 9 51
86086 9 39
86086 9 62
86086 39 51
86387 7 50
86688 8 26
86688 53 63
86989 7 12
86989 22 32
87290 1 7
87290 17 18
87290 55 79
87290 75 79
87591 23 30
87591 49 74
87591 49 55
87591 55 74
87591 69 73
87892 8 26
87892 14 44
87892 52 79
88193 4 74
88193 24 48
88193 26 71
88193 29 53
88193 35 75
88494 1 88
88494 1 59
88494 22 32
88795 22 64
88795 28 57
88795 37 58
89096 0 45
89096 3 5
89096 9 29
89096 9 30
89096 9 70
89096 9 28
89397 5 51
89397 5 35
89397 14 39
89397 17 51
89397 27 35
89397 27 75
89397 35 75
89397 51 68
89698 9 62
89698 20 31
89698 24 31
89698 24 48
89698 31 48
89698 71 83
89999 3 11
89999 28 76
89999 57 76
90300 17 68
90300 50 86
90601 3 72
90601 22 38
90601 22 32
90902 21 59
91203 37 58
91203 50 86
91504 9 62
91504 29 53
91805 7 58
91805 29 53
91805 35 48
91805 49 52
91805 55 79
92106 0 24
92106 5 24
92106 12 58
92106 39 58
92106 79 88
92407 9 73
92407 29 63
92708 29 53
93009 15 33
93310 37 77
93310 42 76
93310 49 55
93310 55 86
93611 0 24
93611 0 14
93611 14 24
93611 14 48
93611 22 77
93611 24 48
93611 45 48
93912 21 84
93912 24 48
93912 55 79
94213 8 26
94213 22 91
94213 24 48
94213 42 43
94213 48 49
94213 53 70
94213 79 88
94514 24 48
94514 46 84
94514 79 86
94815 29 70
95116 7 58
95417 9 63
95718 2 28
95718 2 39
95718 11 34
95718 28 38
95718 61 86
95718 77 86
96019 0 14
96019 16 59
96019 53 69
96320 49 84
96621 2 15
96621 9 73
96621 20 40
96621 44 70
96922 21 69
96922 21 61
96922 61 69
97223 3 37
97223 8 26
97223 22 37
97223 23 30
97223 25 49
97223 29 63
97223 37 90
97223 53 61
97524 22 64
97524 27 57
97524 44 51
97524 77 82
97825 12 44
98126 6 7
98126 8 14
98126 9 62
98126 14 37
98126 35 75
98427 22 85
98728 12 77
98728 12 84
98728 26 32
98728 57 60
98728 77 84
99029 28 69
99029 53 70
99330 1 6
99330 1 33
99330 1 40
99330 1 10
99330 6 40
99330 10 40
99330 12 44
99330 18 68
99330 24 48
99330 33 40
99631 2 88
99631 40 88
99631 40 84
99631 84 88
99932 29 53
100233 7 88
100233 9 62
100233 52 75
100534 30 53
100534 58 72
100534 58 85
100534 80 85
100835 45 58
100835 45 72
100835 63 70
100835 64 77
101136 11 23
101437 29 53
101437 44 51
101738 7 84
101738 16 84
101738 25 84
101738 64 77
102039 24 48
102340 5 18
102340 9 53
102340 12 44
102340 12 77
102340 39 65
102340 39 58
102340 44 65
102340 58 65
102641 19 75
102641 19 50
102641 27 60
102641 35 75
102641 35 50
102641 50 75
102641 50 52
102641 52 75
102942 4 50
102942 14 24
102942 21 69
102942 29 53
102942 45 58
103243 25 87
103544 9 28
103544 9 63
103544 28 69
103544 37 77
103845 21 46
103845 21 26
103845 24 48
103845 26 31
103845 49 79
104146 5 85
104146 5 80
104146 21 84
104146 28 69
104447 11 23
104447 21 30
104447 23 69
104447 37 58
104447 74 86
104748 9 62
104748 9 77
104748 28 73
104748 44 51
105049 14 24
105049 21 69
105049 29 53
105049 85 91
105350 52 79
105651 11 44
105651 44 53
105651 53 70
105952 2 71
105952 14 58
105952 14 39
105952 14 24
105952 37 82
105952 39 58
105952 53 70
106253 7 86
106253 25 35
106554 45 72
106855 12 58
106855 12 56
106855 17 34
106855 50 75
106855 56 58
107156 5 72
107156 5 37
107156 22 26
107156 22 37
107156 22 72
107156 26 37
107156 26 72
107156 29 53
107156 37 72
107156 53 63
107457 15 33
107457 23 61
107758 9 30
107758 24 48
107758 31 91
107758 32 88
107758 66 69
108059 8 26
108059 44 51
108360 27 60
108360 50 75
108661 3 44
108661 44 51
108661 77 82
108962 9 62
108962 9 19
108962 14 37
108962 19 44
108962 21 61
108962 22 64
108962 29 53
108962 44 45
108962 44 58
108962 44 60
108962 59 76
109263 7 78
109263 9 69
109263 9 29
109263 29 63
109564 5 18
109564 12 44
109564 12 77
109564 12 64
109564 24 48
109564 39 65
109564 64 77
109865 20 40
109865 29 53
109865 50 86
110166 6 40
110166 9 73
110166 9 61
110166 50 86
110467 7 76
110467 8 26
110467 15 33
110467 23 29
110467 29 53
110467 53 63
110768 9 28
110768 9 63
111069 7 78
111069 20 35
111069 29 73
111069 29 61
111069 35 52
111069 56 87
111069 56 84
111069 63 70
111069 84 87
111370 56 84
111671 9 66
111671 9 62
111671 30 66
111671 50 74
111671 58 72
111972 1 16
111972 35 52
111972 35 84
112273 3 65
112273 9 73
112273 17 51
112273 51 68
112574 3 44
112574 22 64
112574 44 51
112574 45 58
112875 9 63
112875 28 70
112875 28 53
112875 53 70
112875 61 62
113176 7 56
113176 9 73
113477 27 60
113477 29 63
113778 28 70
114079 44 51
114079 55 79
114380 52 79
114681 31 71
114681 44 51
114681 53 63
114982 1 7
114982 1 40
114982 7 40
114982 33 59
115283 15 33
115283 50 86
115283 60 81
115283 76 88
115584 11 77
115584 17 34
115584 22 48
115584 27 81
115584 27 48
115584 27 77
115584 27 64
115584 48 64
115584 64 77
115584 85 90
115885 23 30
116186 24 58
116186 28 84
116186 28 62
116487 28 30
116788 29 53
117089 19 86
117390 9 62
117691 22 85
117691 46 89
117992 24 48
117992 52 75
117992 69 70
118293 11 86
118293 12 86
118293 76 78
118594 0 14
118895 62 73
119196 29 70
119196 29 69
119196 29 53
119196 53 63
119196 59 78
119196 85 91
119497 14 18
119497 25 58
119497 29 53
119497 35 75
119497 50 75
119497 56 60
119798 9 62
120099 2 15
120099 2 3
120099 24 48
120099 35 75
120400 7 46
120400 17 68
120701 7 88
120701 8 26
120701 53 63
121002 23 53
121002 35 52
121002 44 77
121002 56 84
121303 4 52
121303 8 26
121303 28 29
121303 29 70
121303 37 77
121303 38 39
121604 7 16
121604 29 53
121905 11 26
121905 35 75
122206 14 24
122206 27 56
122206 27 60
122206 28 53
122206 29 53
122206 29 70
122206 45 65
122206 65 72
122507 17 18
122507 29 53
122808 35 75
122808 44 51
123109 5 37
123109 9 62
123109 9 73
123109 24 48
123109 24 77
123109 24 74
123410 7 16
123410 29 53
123711 11 69
123711 11 23
123711 23 69
123711 53 63
124012 34 86
124313 6 88
124313 18 37
124313 22 85
124313 23 69
124313 28 62
124614 9 73
124614 17 18
124614 35 75
124614 39 90
124915 24 48
124915 29 53
124915 35 75
125216 15 33
125216 25 55
125216 56 60
125517 7 12
125517 29 53
125818 49 55
126119 7 76
126420 9 60
126420 15 33
126420 35 75
126721 53 70
127022 7 21
127022 7 78
127022 17 68
127022 21 78
127022 29 53
127022 36 50
127323 29 53
127323 52 86
127624 9 19
127624 9 62
127624 9 73
127624 19 73
127624 45 65
127624 62 73
127925 0 48
127925 8 90
127925 9 80
127925 9 30
127925 15 67
127925 24 48
127925 30 53
127925 53 73
127925 53 62
128226 16 84
128527 0 24
128527 9 62
128527 15 67
128527 52 75
128527 62 73
128828 24 59
128828 29 53
128828 45 90
128828 53 63
129129 7 12
129129 29 53
129129 45 83
129129 50 74
129430 19 62
129430 22 64
129430 77 82
129731 0 45
129731 29 53
129731 37 58
129731 37 47
130032 53 69
130032 61 69
130333 12 44
130333 17 56
130634 9 62
130634 77 82
130935 14 24
130935 22 77
130935 24 48
131236 9 73
131236 50 86
131537 1 40
131537 1 6
131537 6 60
131537 27 84
131537 44 65
131537 58 65
131838 14 72
131838 14 34
131838 14 85
131838 24 48
131838 27 75
131838 27 35
131838 35 75
132139 21 76
132440 22 72
132440 28 69
132741 14 39
132741 14 58
133042 3 72
133042 8 83
133042 14 44
133042 29 53
133042 44 51
133343 23 49
133343 25 49
133343 28 69
133343 37 77
133343 52 75
133343 53 61
133644 8 26
133644 42 43
133644 53 63
133945 2 15
133945 17 18
133945 35 75
134246 8 26
134246 9 62
134246 52 84
134547 5 34
134547 29 63
134547 53 63
134848 1 76
134848 22 64
134848 24 48
134848 27 76
134848 44 51
134848 52 87
134848 77 82
135149 12 64
135149 12 45
135149 12 58
135149 17 18
135149 18 68
135149 34 58
135149 45 58
135149 64 77
135450 14 48
135450 14 24
135450 24 48
135751 29 53
136052 38 58
136052 59 78
136052 76 78
136353 19 76
136353 22 64
136353 35 79
136353 77 82
136654 4 86
136654 52 86
136955 11 24
136955 11 51
136955 17 68
136955 22 64
136955 27 51
136955 27 68
137256 2 33
137256 24 87
137256 58 62
137557 3 8
137557 14 85
137557 19 79
137557 24 48
137557 45 65
137858 4 86
137858 29 53
138159 9 28
138159 9 63
138159 9 69
138159 28 69
138159 28 70
138460 14 24
138761 0 65
138761 0 14
138761 22 64
138761 24 48
138761 44 51
139062 9 63
139363 7 78
139363 29 53
139664 9 62
139664 14 24
139664 25 79
139664 25 88
139664 38 51
139664 39 51
139664 45 58
139664 51 65
139664 51 72
139664 58 72
139664 65 72
139664 66 70
139965 4 41
139965 27 57
139965 28 69
140266 2 10
140266 2 40
140266 2 6
140266 6 10
140266 21 88
140266 44 51
140567 29 63
140567 50 86
140868 12 59
141169 17 68
141169 36 50
141470 14 58
141470 53 66
141771 28 69
141771 37 82
142072 0 14
142072 41 79
142072 53 69
142072 77 82
142373 17 68
142373 29 53
142373 57 60
142674 29 53
142674 53 73
142975 24 69
142975 28 69
143276 9 73
143276 28 84
143276 28 76
143276 76 84
143577 0 48
143577 9 73
143577 9 62
143577 15 67
143577 52 75
143878 37 58
143878 53 61
143878 53 70
144179 16 76
144179 32 38
144480 4 86
144480 29 53
144480 37 58
144781 5 18
144781 66 69
145082 8 26
145082 9 62
145082 9 73
145082 69 73
145383 9 63
145383 9 28
145383 61 62
145684 28 69
145684 29 63
145985 0 48
145985 16 84
145985 24 48
145985 29 53
146286 12 59
146286 50 86
146286 75 84
146587 29 53
146587 37 58
146587 62 69
146888 3 68
146888 29 63
147189 0 24
147189 42 44
147189 55 79
147189 56 84
147189 56 87
147189 75 79
147490 3 51
147490 3 23
147490 23 49
147490 28 69
147490 42 51
147490 52 75
147490 80 90
147791 2 15
147791 3 14
147791 3 44
147791 9 73
147791 9 62
147791 11 44
147791 19 73
147791 29 63
147791 62 73
147791 62 66
148092 9 73
148092 63 70
148393 9 66
148393 34 84
148393 35 75
148393 67 84
148694 7 16
148694 7 84
148694 7 25
148694 16 84
148694 16 25
148694 25 84
148694 50 84
148995 0 24
148995 19 42
148995 19 50
148995 20 35
148995 22 32
148995 55 79
148995 84 87
149296 5 72
149296 50 74
149296 53 69
149296 55 79
149597 0 24
149597 4 84
149597 35 52
149597 55 79
149898 21 56
149898 24 48
150199 5 37
150199 5 34
150199 7 27
150199 7 88
150199 23 30
150199 27 88
150199 30 34
150199 34 37
150500 1 12
150500 9 73
150500 9 62
150500 51 71
150801 9 73
150801 16 88
150801 21 69
150801 22 64
150801 53 70
151102 15 33
151102 22 85
151102 28 66
151102 44 51
151102 53 63
151403 44 51
151403 88 89
151704 6 40
151704 7 16
152005 9 62
152005 9 69
152005 9 66
152005 28 69
152005 29 30
152005 30 66
152005 37 58
152005 37 77
152005 64 82
152005 65 82
152306 7 25
152306 24 48
152306 28 69
152607 23 69
152607 23 30
152607 29 53
152607 30 63
152607 30 53
152908 9 46
152908 55 84
153209 9 62
153209 9 45
153209 12 57
153209 13 50
153209 14 85
153209 14 24
153209 27 75
153209 45 61
153209 45 83
153209 50 74
153510 5 85
153510 5 72
153510 55 86
153510 72 80
153510 80 85
153811 9 30
153811 9 28
153811 9 53
153811 28 30
153811 28 73
153811 29 53
153811 44 51
154112 17 18
154112 29 63
154413 5 54
154413 7 59
154413 9 62
154413 62 69
154714 24 58
155015 9 63
155015 9 73
155316 8 26
155316 14 44
155617 22 38
155918 7 12
155918 33 84
155918 72 85
155918 79 88
156219 12 27
156219 17 34
156520 17 18
156520 45 65
156821 0 14
156821 29 53
156821 37 58
157122 9 29
157423 5 72
157423 30 66
157423 32 91
157423 34 72
157423 53 63
157724 42 51
157724 46 60
158025 5 14
158025 9 62
158025 29 53
158025 37 58
158326 26 32
158627 2 15
158627 2 33
158627 9 73
158627 9 62
158627 15 72
158627 29 63
158627 40 75
158627 50 75
158627 58 86
158627 58 78
158627 58 59
158627 59 78
158627 72 86
158627 72 78
158627 72 75
158627 75 86
158928 29 63
159229 11 44
159229 11 30
159229 24 48
159530 0 14
159530 7 78
159530 9 62
159530 21 84
159530 21 56
159530 29 53
159530 52 87
159831 50 74
160132 24 48
160433 5 11
160433 5 72
160734 50 74
160734 53 69
161035 17 18
161035 28 30
161035 64 77
161336 9 62
161336 19 73
161336 29 73
161336 29 63
161336 56 84
161637 4 79
161637 37 58
161637 75 79
161938 1 16
161938 2 15
161938 31 71
161938 33 40
162239 3 83
162239 29 53
162239 50 74
162540 3 80
162841 12 88
162841 22 85
162841 55 74
163142 14 37
163142 37 58
163142 44 51
163443 11 44
163443 25 86
163443 35 75
163443 35 52
163443 52 75
163744 22 64
163744 24 48
163744 37 58
164045 7 84
164045 24 84
164045 27 84
164045 33 84
164045 51 58
164346 0 24
164647 6 58
164647 6 7
164647 7 58
164647 29 53
164948 18 47
164948 18 37
164948 58 65
165249 27 73
165249 29 53
165249 37 84
165249 49 86
165249 49 50
165550 8 26
165550 85 90
165851 1 65
165851 8 39
165851 8 85
165851 9 62
165851 12 29
165851 14 45
165851 22 51
165851 29 63
165851 38 45
165851 41 86
165851 50 75
165851 53 70
165851 61 90
165851 75 79
166152 8 26
166152 50 74
166453 29 63
166754 12 44
166754 12 58
166754 12 77
166754 24 48
166754 58 65
167055 24 48
167356 21 69
167356 58 85
167657 29 53
167657 30 62
167657 49 52
167958 8 26
167958 44 51
168259 21 27
168259 21 59
168259 34 45
168259 54 71
168560 28 29
168560 29 70
168861 9 62
168861 15 33
168861 44 52
168861 62 73
169162 1 7
169162 9 73
169162 14 51
169162 23 53
169162 23 73
169162 23 29
169162 28 53
169162 28 73
169162 28 29
169162 29 53
169463 5 39
169463 24 48
169463 35 86
169463 35 52
169764 21 84
169764 30 66
169764 55 86
170065 3 14
170065 19 24
170065 24 48
170065 53 70
170366 29 53
170667 11 44
170667 24 48
170968 0 48
170968 4 50
170968 9 73
170968 9 62
170968 15 67
170968 52 75
170968 53 66
171269 29 53
171570 69 70
171871 9 62
171871 9 73
171871 50 86
172172 7 27
172172 27 57
172172 57 60
172473 24 45
172473 55 79
172473 69 73
172774 7 78
172774 16 25
172774 27 60
173075 5 18
173376 19 73
173376 52 75
173677 9 62
173677 22 85
173677 29 53
173677 32 38
173978 53 66
174279 3 72
174279 52 79
174279 62 73
174279 79 86
174580 35 75
174580 39 58
174580 79 88
174881 14 58
174881 21 61
174881 21 76
175182 32 80
175182 45 83
175182 50 74
175182 55 79
175182 58 72
175483 35 75
175483 62 73
175784 29 53
175784 36 79
175784 36 55
175784 55 79
176085 5 14
176085 29 70
176085 44 51
176386 0 65
176386 14 65
176386 39 45
176687 8 26
176687 28 70
176988 6 40
176988 7 76
177289 5 37
177289 5 13
177289 5 74
177289 9 62
177289 74 81
177590 20 35
177590 39 45
177590 42 79
177590 52 84
177590 56 84
177891 5 18
177891 7 33
177891 29 90
177891 44 51
177891 45 64
177891 81 88
178192 52 79
178493 24 48
178493 24 45
178493 29 63
178493 29 70
178493 39 45
178493 42 65
178493 45 72
178493 45 48
178794 9 62
178794 17 18
178794 29 61
178794 44 51
178794 50 86
178794 79 87
179095 17 34
179095 17 68
179095 28 70
179396 29 63
179396 62 73
179697 14 72
179697 30 73
179697 30 69
179697 53 69
179998 7 25
179998 7 16
179998 16 25
179998 30 66
179998 61 69
180299 1 2
180299 1 78
180299 2 10
180299 6 10
180299 7 78
180299 21 76
180299 77 82
180600 3 5
180600 29 63
180901 9 62
180901 23 30
180901 39 51
180901 42 76
180901 49 55
181202 16 78
181202 28 73
181202 53 63
181202 61 71
181202 70 73
181202 75 79
181503 5 11
181503 8 85
181503 9 62
181503 29 53
181503 38 45
181503 40 41
181804 2 28
181804 5 22
181804 22 85
182105 29 53
182105 37 58
182105 69 70
182406 24 31
182406 31 48
182406 81 88
182707 0 45
182707 29 91
182707 29 53
182707 53 63
183008 1 16
183008 15 16
183008 25 49
183008 55 79
183309 24 31
183309 24 48
183309 31 48
183309 71 83
183610 0 14
183610 18 45
183610 35 52
183911 28 53
183911 42 43
184212 8 26
184212 21 61
184212 22 64
184513 3 5
184513 5 18
184513 11 24
184513 18 22
184513 79 84
184814 7 88
184814 26 52
185115 29 53
185115 35 49
185115 37 84
185115 58 84
185416 28 84
185416 35 75
185416 55 75
185717 28 84
185717 28 43
185717 39 51
186018 17 18
186018 79 87
186319 29 63
186620 8 26
186620 26 32
186620 38 90
186620 38 85
186620 58 90
186620 58 85
186620 85 90
186921 0 14
186921 7 16
186921 8 90
186921 8 60
186921 9 62
186921 9 69
186921 17 68
187222 7 12
187222 23 29
187523 21 84
187523 23 29
187523 51 65
187824 5 37
187824 24 31
187824 31 48
188125 11 44
188426 67 84
188727 22 77
188727 22 64
189028 3 14
189028 7 88
189028 9 63
189028 9 28
189329 14 58
189329 21 61
189630 7 76
189630 9 63
189931 0 14
189931 0 3
189931 3 14
189931 7 78
190232 14 65
190232 14 45
190232 22 64
190232 29 53
190232 39 58
190232 39 85
190232 46 89
190232 58 85
190232 58 65
190533 29 53
190533 37 58
190533 44 51
190834 0 14
190834 14 37
190834 17 18
190834 28 30
190834 37 82
191135 8 26
191135 9 62
191135 21 84
191436 35 50
191436 42 50
191737 1 84
191737 5 18
191737 6 84
191737 7 84
191737 20 84
191737 28 30
191737 29 53
191737 32 38
191737 33 84
191737 67 84
191737 81 84
191737 84 88
192038 3 45
192339 9 73
192339 29 69
192339 29 53
192339 37 58
192339 50 74
192339 53 69
192640 24 28
192640 29 53
192640 55 74
192640 76 81
192941 14 24
192941 29 63
192941 35 75
192941 59 76
193242 9 73
193242 17 84
193242 24 28
193242 29 53
193543 3 14
193543 14 37
193543 16 84
193543 17 18
193543 50 75
193844 1 59
193844 6 88
193844 32 38
194145 23 30
194145 29 53
194145 29 30
194145 35 52
194145 43 45
194145 44 51
194446 3 58
194446 25 86
194446 37 58
194446 53 77
194747 23 29
194747 29 63
194747 31 71
194747 52 79
195048 52 79
195349 5 85
195349 76 78
195650 9 73
195650 9 62
195951 29 63
196252 17 18
196252 18 68
196252 24 48
196252 32 58
196553 14 24
196553 76 78
196854 3 18
196854 9 62
196854 18 65
196854 29 53
196854 45 58
197155 22 64
197155 30 66
197155 44 86
197155 58 65
197456 28 69
197456 29 53
197456 37 82
197456 44 51
197757 3 24
197757 14 45
197757 24 29
197757 24 53
197757 24 28
197757 29 53
197757 44 51
198058 7 58
198058 9 73
198058 24 35
198058 29 53
198058 35 48
198058 42 55
198058 49 52
198058 55 79
198359 9 62
198359 38 58
198359 38 45
198359 59 78
198359 76 78
198660 14 58
198660 14 37
198660 22 91
198660 23 30
198660 38 80
198660 38 91
198660 85 91
198961 3 18
198961 7 58
198961 12 15
198961 15 33
199262 1 88
199262 9 62
199262 9 73
199262 16 88
199262 28 73
199262 29 73
199262 35 52
199262 37 77
199262 53 73
199262 62 73
199563 11 23
199563 17 18
199563 23 69
199563 35 74
199563 62 73
199864 7 25
199864 21 79
199864 24 48
199864 24 45
199864 28 69
200165 3 22
200165 28 66
200165 28 69
200466 5 18
200466 5 11
200466 62 73
200767 28 69
200767 46 89
201068 19 59
201068 19 76
201068 24 45
201068 25 47
201068 27 57
201068 28 69
201369 17 68
201369 28 69
201369 29 53
201369 37 82
201369 44 51
201670 7 27
201670 27 60
201670 27 57
201670 28 61
201670 29 53
201670 49 74
201670 57 60
201971 4 86
201971 9 62
201971 24 48
202272 25 86
202272 29 53
202272 50 86
202573 5 18
202573 7 16
202573 9 29
202573 22 32
202573 52 55
202573 55 74
202874 9 73
202874 11 23
202874 17 18
202874 22 85
203175 12 58
203175 58 72
203175 59 78
203476 0 14
203476 9 62
203476 29 53
203777 9 62
204078 5 80
204078 5 18
204078 18 80
204379 1 78
204379 3 14
204379 21 84
204379 28 73
204379 29 70
204379 45 65
204680 11 84
204680 18 47
204680 18 37
204680 58 65
204981 17 68
205282 58 65
205282 76 78
205282 76 81
205282 78 81
205583 18 37
205583 53 70
205884 9 66
205884 14 24
205884 24 58
205884 28 84
206185 28 73
206185 62 73
206185 67 84
206185 67 76
206486 9 62
206486 22 32
206486 76 78
206787 21 84
207088 23 29
207389 24 48
207389 29 69
207389 66 69
207690 9 66
207690 14 48
207690 24 32
207690 59 76
207991 22 64
207991 61 69
208292 29 53
208292 37 58
208292 50 86
208292 51 65
208593 9 73
208593 49 73
208593 50 86
208593 57 60
208894 20 35
208894 39 45
208894 42 79
209195 9 62
209195 14 24
209195 18 47
209195 19 58
209195 21 69
209195 58 72
209496 29 53
209797 12 60
209797 35 75
210098 18 90
210098 23 30
210098 35 75
210098 46 84
210098 50 86
210098 50 60
210098 57 88
210098 62 73
210399 29 63
210399 50 84
210399 58 65
210399 59 76
210399 76 81
210700 12 58
210700 43 58
210700 44 45
210700 79 88
211001 44 51
211001 58 65
211302 39 58
211302 65 84
211302 79 84
211302 79 88
211603 8 26
211603 31 71
211603 42 59
211603 53 63
211904 1 33
211904 1 7
211904 5 72
211904 11 72
211904 14 37
211904 24 45
211904 37 58
211904 58 65
212205 28 70
212506 24 48
212506 26 31
212506 35 75
212506 37 91
212807 5 75
213108 9 62
213108 29 69
213108 29 53
213108 50 74
213108 53 69
213108 55 79
213409 28 70
213409 38 39
213710 9 73
213710 9 19
213710 33 88
213710 50 75
214011 8 37
214011 37 82
214011 37 58
214011 58 82
214312 52 79
214613 22 64
214613 24 48
214613 77 82
214914 4 50
214914 9 62
214914 9 73
214914 15 67
214914 28 69
214914 44 51
214914 52 75
215215 9 73
215215 9 69
215215 29 53
215215 49 52
215215 55 79
215215 67 76
215516 28 53
215516 44 51
215817 8 79
215817 21 69
215817 29 63
216118 21 56
216118 36 50
216419 3 5
216419 29 63
216419 29 73
216419 50 88
216720 9 53
216720 29 53
216720 37 58
216720 50 86
216720 53 73
216720 53 66
216720 62 73
217021 28 62
217021 28 29
217021 29 53
217322 15 33
217322 44 52
217623 9 62
217623 9 73
217623 17 18
217623 50 74
217623 53 69
217924 14 48
217924 23 30
217924 24 48
217924 39 58
217924 45 58
217924 45 72
217924 58 72
218225 20 84
218225 29 63
218225 37 58
218225 59 76
218526 1 33
218526 1 2
218526 1 6
218526 2 6
218526 2 10
218526 6 33
218526 10 84
218526 16 53
218526 16 70
218526 33 44
218526 39 51
218526 51 58
218526 51 65
218526 53 70
218526 56 84
218526 58 65
218526 67 84
218827 22 80
218827 28 69
218827 53 70
219128 1 88
219128 5 51
219128 5 18
219128 7 88
219128 29 53
219128 39 51
219128 49 67
219128 55 86
219429 4 86
219429 9 63
219429 52 87
219730 9 66
219730 9 62
219730 9 73
219730 11 84
219730 62 73
220031 24 58
220031 32 80
220031 67 76
220332 9 73
220332 9 62
220332 50 74
220633 8 54
220633 8 32
220633 22 37
220633 22 72
220633 22 26
220633 22 91
220633 26 37
220633 29 53
220633 37 72
220633 37 90
220934 9 62
221235 5 11
221235 11 24
221235 14 48
221235 19 59
221235 19 76
221235 28 73
221235 29 53
221235 39 51
221235 70 73
221536 58 72
221536 64 77
221837 28 84
222138 14 58
222138 21 40
222138 47 58
222439 16 61
222439 23 53
222439 28 69
222439 30 53
222740 58 59
222740 59 76
222740 59 78
222740 60 81
222740 76 88
223041 5 24
223041 7 16
223041 8 26
223041 14 90
223041 18 37
223342 4 87
223342 9 62
223342 22 85
223342 29 53
223342 36 50
223342 84 89
223643 9 73
223944 9 62
223944 29 53
223944 37 58
223944 50 74
224245 27 60
224245 29 63
224245 37 58
224245 50 75
224546 9 29
224546 11 48
224546 24 48
224546 27 81
224546 57 88
224546 74 86
224847 11 24
224847 53 73
225148 49 55
225148 49 86
225148 50 86
225148 52 55
225449 17 68
225449 17 34
225449 28 45
225449 44 45
225750 14 22
226051 1 7
226051 1 27
226051 6 40
226051 7 27
226051 9 62
226051 29 53
226051 55 74
226352 29 63
226352 55 79
226653 35 75
226653 55 86
226954 50 86
226954 52 84
226954 52 75
226954 59 76
226954 75 84
227255 8 82
227255 9 19
227255 9 62
227255 22 39
227255 22 64
227255 38 44
227556 9 62
227556 13 88
227556 21 88
227556 29 53
227556 29 69
227556 45 83
227556 50 74
227556 55 79
227857 29 53
227857 52 87
228158 3 5
228158 11 48
228158 11 24
228158 57 88
228459 17 68
228459 42 50
228760 2 88
228760 3 44
228760 7 58
229061 5 37
229061 5 18
229061 14 77
229061 18 37
229061 64 77
229362 4 50
229362 9 62
229362 23 30
229362 30 44
229362 35 52
229362 46 49
229362 49 86
229362 53 70
229663 14 32
229964 2 28
229964 5 22
229964 23 61
230265 2 10
230265 6 84
230265 10 16
230265 10 33
230265 11 84
230265 12 44
230265 24 31
230265 33 44
230265 39 51
230265 51 58
230265 51 65
230265 58 65
230265 67 84
230566 7 78
230566 28 69
230566 46 60
230566 49 86
230566 49 55
230566 55 86
230867 18 37
230867 29 53
230867 39 51
231168 24 32
231469 8 26
231469 53 63
231770 12 43
232071 16 84
232071 28 69
232071 32 38
232071 35 50
232071 37 82
232071 37 77
232071 45 65
232372 7 88
232673 22 32
232673 24 48
232974 9 73
232974 29 63
233275 7 58
233275 7 25
233275 21 69
233275 25 58
233275 27 76
233275 28 66
233275 75 79
233275 76 78
233576 65 91
233877 0 24
233877 5 34
234178 22 64
234178 24 48
234178 44 51
234178 77 82
234479 7 46
234479 17 18
234479 42 43
234479 45 58
234780 21 69
234780 29 63
235081 1 12
235081 5 45
235081 9 73
235081 9 62
235382 11 23
235683 2 15
235683 23 30
235984 21 28
235984 29 53
235984 67 78
236285 0 48
236285 9 69
236285 9 43
236285 15 67
236285 28 69
236285 44 51
236285 52 75
236285 62 73
236285 69 73
236586 19 78
236586 21 63
236586 29 53
236887 21 84
236887 22 85
237188 8 26
237188 29 91
237188 39 58
237188 42 43
237188 42 50
237489 55 79
237790 2 15
237790 3 14
237790 7 50
237790 9 62
237790 9 73
238091 1 16
238091 1 59
238091 16 59
238091 49 55
238091 55 79
238392 39 72
238392 42 72
238392 42 58
238392 58 72
238693 2 84
238693 3 68
238693 8 90
238693 9 30
238693 9 62
238693 24 48
238693 52 75
238693 62 73
238994 53 62
238994 76 78
239295 5 72
239295 12 44
239295 58 65
239596 0 14
239596 8 26
239596 9 62
239596 12 32
239596 17 51
239596 21 56
239596 25 39
239596 39 51
239596 56 60
239897 40 56
240198 14 24
240198 14 58
240198 24 58
240499 7 16
240499 7 25
240499 16 25
240499 30 66
240800 23 29
240800 28 29
240800 29 53
240800 35 52
241101 4 52
241101 7 88
241101 9 73
241101 9 62
241101 29 53
241101 52 55
241101 55 79
241402 64 77
241703 12 16
241703 27 81
241703 39 57
241703 50 86
242004 8 90
242004 8 58
242004 45 58
242305 22 64
242305 42 52
242606 8 26
242606 26 80
242606 31 58
242606 39 85
242606 80 91
242907 29 53
243208 42 86
243208 55 86
243509 9 73
243509 9 62
243509 14 51
243509 29 53
243509 49 55
243810 14 24
243810 28 84
243810 39 51
244111 3 14
244111 9 62
244111 9 28
244111 9 44
244111 34 44
244111 44 45
244412 31 71
244713 17 68
244713 18 34
244713 35 75
244713 36 75
245014 11 48
245014 12 49
245014 49 67
245014 58 65
245014 60 89
245315 45 65
245315 56 86
245315 56 84
245315 84 86
245616 9 63
245616 9 28
245917 21 61
245917 22 64
245917 57 88
246218 8 39
246218 8 85
246218 9 62
246218 9 19
246218 37 58
246218 38 45
246519 9 28
246519 9 69
246519 9 63
246519 17 68
246519 28 73
246519 28 70
246519 28 30
246519 28 69
246519 30 62
246519 35 75
246519 53 62
246519 53 70
246519 61 62
246820 14 37
246820 35 87
246820 35 52
247121 9 62
247121 38 58
247121 38 45
247121 45 58
247422 29 53
247422 35 75
247422 42 50
247723 29 53
247723 49 86
247723 59 76
248024 3 5
248024 29 73
248024 50 86
248325 32 85
248325 50 86
248626 35 55
248626 50 74
248927 6 40
248927 7 58
248927 15 33
248927 38 45
248927 44 52
249228 21 69
249228 24 45
249529 1 59
249529 1 88
249529 1 84
249529 11 24
249529 12 88
249529 15 88
249529 23 69
249529 24 55
249529 50 86
249529 84 88
249830 15 33
249830 46 76
249830 60 81
250131 9 62
250131 28 69
250131 30 66
250131 52 75
250432 15 33
250432 35 75
250432 49 50
250432 52 55
250733 29 53
251034 14 44
251034 14 22
251335 9 30
251335 19 62
251335 21 56
251335 22 64
251335 77 82
251636 0 48
251636 8 16
251636 8 90
251636 16 84
251636 29 53
251636 29 30
251937 8 26
251937 50 74
251937 53 69
252238 22 85
252238 61 69
252238 63 70
252539 4 48
252539 7 76
252539 8 34
252539 8 90
252539 11 24
252539 12 16
252539 27 81
252539 27 76
252539 35 75
252840 22 64
252840 77 82
253141 4 49
253141 29 53
253141 57 88
253442 3 5
253442 9 62
253442 9 29
253442 11 24
253442 11 48
253442 18 37
253442 24 48
253743 11 23
253743 23 69
253743 53 63
254044 15 33
254044 25 86
254345 7 84
254345 35 86
254345 35 50
254345 37 80
254345 37 50
254345 38 86
254345 50 75
254345 50 80
254646 8 58
254646 14 58
254646 19 27
254646 27 50
254646 27 84
254646 27 35
254646 27 52
254646 27 75
254646 27 65
254646 27 72
254646 35 75
254646 35 38
254646 35 37
254646 35 45
254646 45 58
254646 45 72
254646 58 72
254947 7 12
254947 38 69
255248 7 58
255248 24 35
255248 24 48
255248 29 53
255248 49 52
255248 55 79
255549 9 62
255549 29 53
255549 57 88
255850 15 33
255850 22 85
255850 22 32
255850 28 66
255850 53 63
255850 58 72
256151 17 18
256151 22 32
256151 79 87
256151 84 87
256452 1 16
256452 8 26
256753 7 25
256753 9 66
256753 9 72
256753 22 64
256753 35 52
257054 45 65
257054 50 86
257054 55 74
257355 0 14
257355 7 16
257355 8 60
257355 15 67
257355 28 29
257656 3 85
257656 50 86
257957 29 53
257957 29 63
257957 45 65
257957 45 85
257957 58 65
258258 8 85
258258 8 37
258258 9 62
258258 50 75
258258 59 76
258559 8 26
258559 22 71
258559 38 85
258559 38 90
258559 39 65
258559 58 85
258559 72 90
258860 25 84
258860 64 77
258860 75 79
259161 3 58
259161 30 53
259462 2 6
259462 2 10
259462 5 39
259462 6 10
259462 7 16
259462 9 62
259462 14 82
259462 21 56
259462 45 58
259763 9 62
259763 9 19
259763 12 58
259763 22 64
259763 24 48
259763 29 53
259763 53 63
260064 7 88
260064 17 51
260064 29 53
260064 29 63
260064 39 51
260064 53 63
260064 53 69
260064 66 69
260365 3 53
260365 22 32
260365 22 45
260365 28 70
260365 44 51
260365 53 70
260365 53 61
260666 7 25
260666 16 25
260666 50 86
260967 5 22
260967 23 61
261268 23 69
261569 17 80
261569 21 84
261569 24 48
261569 35 75
261569 46 84
261870 23 53
261870 28 69
261870 35 52
261870 46 50
261870 50 86
261870 53 70
262171 8 26
262171 9 62
262171 9 28
262171 28 73
262171 28 62
262171 50 52
262171 50 86
262472 9 73
262472 14 24
262472 59 76
262773 0 24
263074 9 69
263074 9 63
263074 24 48
263074 28 70
263074 37 65
263074 53 70
263074 61 62
263375 5 39
263375 14 58
263375 40 88
263375 49 55
263676 28 70
263676 39 72
263676 72 90
263977 17 18
263977 22 58
263977 22 32
263977 32 58
264278 5 39
264278 8 84
264278 9 31
264278 24 48
264278 29 53
264278 46 84
264579 9 62
264579 11 44
264880 16 25
264880 52 87
265181 50 86
265181 56 84
