0 2 10
0 2 6
0 5 51
0 6 10
0 11 14
0 14 34
0 27 46
0 44 51
301 27 73
301 29 53
301 37 84
301 49 86
301 49 50
602 0 65
602 14 65
602 39 45
903 12 88
903 22 85
903 55 74
1204 11 48
1204 57 76
1204 58 65
1505 21 27
1505 21 59
1505 34 45
1505 54 71
1806 12 64
1806 12 45
1806 12 58
1806 17 18
1806 18 68
1806 34 58
1806 45 58
1806 64 77
2107 3 14
2107 9 62
2107 9 28
2107 9 44
2107 34 44
2107 44 45
2408 29 53
2709 21 61
2709 24 45
2709 30 66
2709 69 73
3010 58 59
3010 59 76
3010 59 78
3010 60 81
3010 76 88
3311 14 48
3311 29 53
3311 53 70
3311 53 66
3311 59 76
3612 35 75
3612 35 52
3913 49 84
4214 28 69
4515 0 14
4515 7 16
4515 8 90
4515 8 60
4515 9 62
4515 9 69
4515 17 68
4816 35 75
4816 45 58
5117 9 66
5117 14 24
5117 24 58
5117 28 84
5418 1 78
5418 3 5
5418 29 63
5719 11 57
5719 22 64
5719 56 57
6020 19 62
6020 22 64
6020 77 82
6321 9 63
6321 9 73
6321 9 28
6321 9 69
6321 24 48
6321 28 70
6321 37 65
6321 53 70
6321 61 62
6622 50 86
6622 56 84
6923 0 24
6923 4 84
6923 35 52
6923 55 79
7224 65 91
7525 29 53
7525 49 86
7525 59 76
7826 12 43
8127 0 14
8428 12 42
8729 1 10
8729 1 16
8729 1 33
8729 2 10
8729 2 6
8729 5 39
8729 6 10
8729 6 40
8729 6 27
8729 10 38
8729 10 40
8729 10 16
8729 12 44
8729 12 77
8729 16 33
8729 17 18
8729 24 48
8729 27 40
8729 38 45
8729 38 85
8729 39 65
8729 45 85
9030 15 33
9030 46 76
9030 60 81
9331 29 53
9632 0 24
9933 28 62
9933 28 29
9933 29 53
10234 9 28
10234 9 63
10234 28 69
10234 37 77
10535 3 58
10535 25 86
10535 37 58
10535 53 77
10836 9 62
10836 9 73
10836 50 86
11137 8 58
11137 14 58
11137 19 27
11137 27 50
11137 27 84
11137 27 35
11137 27 52
11137 27 75
11137 27 65
11137 27 72
11137 35 75
11137 35 38
11137 35 37
11137 35 45
11137 45 58
11137 45 72
11137 58 72
11438 8 26
11438 21 61
11438 22 64
11739 7 88
11739 17 51
11739 29 53
11739 29 63
11739 39 51
11739 53 63
11739 53 69
11739 66 69
12040 11 48
12040 44 58
12040 49 84
12040 50 74
12040 75 88
12040 79 88
12341 18 37
12341 53 70
12642 9 62
12943 5 37
12943 35 75
12943 35 49
12943 46 57
13244 7 25
13244 21 79
13244 24 48
13244 24 45
13244 28 69
13545 14 24
13545 76 78
13846 1 16
13846 15 16
13846 25 49
13846 55 79
14147 34 84
14147 50 74
14147 58 72
14147 80 85
14448 18 90
14448 23 30
14448 35 75
14448 46 84
14448 50 86
14448 50 60
14448 57 88
14448 62 73
14749 9 62
14749 14 24
14749 25 79
14749 25 88
14749 38 51
14749 39 51
14749 45 58
14749 51 65
14749 51 72
14749 58 72
14749 65 72
14749 66 70
15050 28 62
15050 29 53
15050 45 85
15050 45 65
15351 34 86
15652 29 70
15652 44 72
15652 53 70
15953 17 68
15953 50 86
16254 45 65
16254 50 86
16254 55 74
16555 24 45
16555 29 53
16555 44 51
16856 45 65
16856 52 86
17157 2 10
17157 6 84
17157 10 16
17157 10 33
17157 11 84
17157 12 44
17157 24 31
17157 33 44
17157 39 51
17157 51 58
17157 51 65
17157 58 65
17157 67 84
17458 2 60
17458 7 33
17458 11 56
17458 28 53
17458 44 51
17458 53 70
17458 58 65
17759 9 29
18060 14 58
18060 21 76
18060 25 79
18361 19 28
18361 35 75
18361 45 65
18662 35 55
18662 50 74
18963 24 48
19264 44 51
19264 57 62
19565 7 88
19565 7 27
19565 7 57
19565 27 88
19565 27 77
19565 27 58
19565 58 77
19866 3 22
19866 28 66
19866 28 69
20167 9 73
20468 14 24
20468 28 84
20468 39 51
20769 52 79
21070 29 53
21070 29 63
21371 1 16
21371 35 52
21371 35 84
21672 0 65
21672 0 14
21672 22 64
21672 24 48
21672 44 51
21973 24 31
21973 31 48
21973 81 88
22274 1 76
22274 35 79
22274 77 82
22575 37 58
22575 53 61
22575 53 70
22876 6 40
22876 7 16
23177 9 28
23177 9 63
23177 9 69
23177 28 69
23177 28 70
23478 3 24
23478 14 45
23478 24 29
23478 24 53
23478 24 28
23478 29 53
23478 44 51
23779 7 78
23779 8 26
23779 14 24
23779 14 64
23779 17 68
23779 29 53
24080 16 59
24080 29 63
24080 50 59
24080 59 76
24381 12 58
24381 12 56
24381 17 34
24381 50 75
24381 56 58
24682 5 72
24682 28 69
24682 49 55
24682 49 86
24682 55 86
24983 17 18
24983 22 32
24983 32 38
25284 14 44
25284 14 22
25585 6 40
25585 24 45
25585 49 86
25585 57 60
25886 2 15
25886 3 14
25886 7 50
25886 9 62
25886 9 73
26187 8 26
26187 42 43
26187 53 63
26488 12 44
26488 17 56
26789 29 63
26789 55 79
27090 2 28
27090 2 39
27090 11 34
27090 28 38
27090 61 86
27090 77 86
27391 9 62
27391 29 53
27692 3 8
27692 14 85
27692 19 79
27692 24 48
27692 45 65
27993 0 45
27993 29 91
27993 29 53
27993 53 63
28294 9 73
28294 29 63
28595 9 62
28595 15 33
28595 60 81
28595 76 88
28896 67 84
29197 24 48
29197 46 84
29197 74 79
29498 7 84
29498 8 26
29498 21 84
29498 31 71
29799 15 33
30100 3 85
30100 50 86
30401 58 65
30401 76 84
30702 7 25
30702 16 25
30702 30 66
31003 7 78
31003 29 53
31304 67 84
31605 0 48
31605 9 69
31605 9 43
31605 15 67
31605 28 69
31605 44 51
31605 52 75
31605 62 73
31605 69 73
31906 36 50
32207 9 62
32207 9 45
32207 12 57
32207 13 50
32207 14 85
32207 14 24
32207 27 75
32207 45 61
32207 45 83
32207 50 74
32508 7 88
32508 8 26
32508 53 63
32809 23 69
32809 23 30
32809 29 53
32809 30 63
32809 30 53
33110 0 24
33110 5 34
33411 55 79
33712 22 64
33712 35 52
33712 44 51
33712 46 89
34013 0 48
34013 4 50
34013 9 73
34013 9 62
34013 15 67
34013 52 75
34013 53 66
34314 5 11
34314 5 72
34615 9 66
34615 34 84
34615 35 75
34615 67 84
34916 29 63
34916 50 86
35217 17 68
35217 29 53
35217 57 60
35518 4 48
35518 7 76
35518 8 34
35518 8 90
35518 11 24
35518 12 16
35518 27 81
35518 27 76
35518 35 75
35819 14 24
35819 14 58
35819 24 58
36120 14 22
36421 11 26
36421 35 75
36722 2 15
36722 5 11
36722 14 19
36722 17 18
36722 19 79
36722 42 79
37023 31 71
37324 18 47
37324 18 37
37324 58 65
37625 39 58
37625 65 84
37625 79 84
37625 79 88
37926 9 62
37926 17 68
37926 18 68
38227 5 72
38227 30 66
38227 32 91
38227 34 72
38227 53 63
38528 50 74
38528 53 69
38829 2 12
38829 12 72
38829 58 72
38829 59 78
38829 65 72
39130 24 48
39130 29 30
39130 30 53
39130 30 63
39431 9 73
39431 63 70
39732 34 84
39732 35 75
39732 50 86
39732 55 74
40033 5 18
40334 5 39
40334 8 84
40334 9 31
40334 24 48
40334 29 53
40334 46 84
40635 28 84
40635 28 43
40635 39 51
40936 7 12
40936 29 53
40936 45 83
40936 50 74
41237 27 60
41237 29 63
41538 29 53
41839 23 30
41839 24 48
42140 8 50
42140 9 62
42140 38 45
42140 50 75
42441 7 88
42441 22 64
42441 24 48
42441 59 67
42441 61 66
42441 77 82
42742 2 10
42742 2 40
42742 2 6
42742 6 10
42742 21 88
42742 44 51
43043 21 28
43043 29 53
43043 67 78
43344 5 72
43344 7 58
43344 9 23
43344 29 53
43344 49 52
43645 28 84
43645 35 75
43645 55 75
43946 12 59
43946 50 86
43946 75 84
44247 30 53
44247 58 72
44247 58 85
44247 80 85
44548 5 85
44548 5 72
44548 55 86
44548 72 80
44548 80 85
44849 17 18
44849 45 65
44849 49 52
44849 52 86
45150 11 44
45451 7 50
45752 24 58
45752 32 80
45752 67 76
46053 7 88
46053 9 62
46053 52 75
46354 1 88
46354 5 51
46354 5 18
46354 7 88
46354 29 53
46354 39 51
46354 49 67
46354 55 86
46655 28 66
46655 42 51
46655 46 60
46655 53 70
46956 2 15
46956 2 3
46956 24 48
46956 35 75
47257 7 12
47257 29 53
47558 9 63
47859 22 80
47859 28 69
47859 53 70
48160 0 14
48160 8 26
48160 9 62
48160 12 32
48160 17 51
48160 21 56
48160 25 39
48160 39 51
48160 56 60
48461 1 16
48461 1 59
48461 16 59
48461 49 55
48461 55 79
48762 0 51
48762 4 36
48762 17 18
48762 26 65
48762 29 53
48762 45 72
49063 11 44
49063 25 75
49364 22 64
49364 61 69
49665 29 53
49665 37 58
49665 69 70
49966 24 48
49966 28 70
49966 57 76
50267 7 25
50267 22 64
50267 49 84
50267 50 84
50267 50 52
50267 52 84
50568 8 39
50568 8 85
50568 9 62
50568 9 19
50568 37 58
50568 38 45
50869 22 64
50869 42 52
51170 29 63
51170 50 84
51170 58 65
51170 59 76
51170 76 81
51471 1 59
51471 22 38
51471 29 53
51471 29 30
51471 29 66
51471 30 53
51471 75 79
51772 3 80
52073 53 70
52374 1 88
52374 9 62
52374 27 88
52374 28 69
52374 29 53
52675 3 45
52976 7 58
52976 7 25
52976 21 69
52976 25 58
52976 27 76
52976 28 66
52976 75 79
52976 76 78
53277 9 63
53578 24 48
53578 31 32
53879 5 18
53879 5 11
53879 62 73
54180 21 61
54180 22 64
54180 57 88
54481 28 29
54481 29 70
54782 21 84
54782 30 66
54782 55 86
55083 29 53
55384 9 62
55384 12 77
55384 12 44
55384 12 58
55384 24 48
55384 27 46
55384 27 65
55384 27 57
55384 39 65
55384 39 58
55384 46 56
55384 46 57
55384 53 70
55384 58 65
55685 9 30
55685 29 53
55685 30 62
55685 37 77
55685 52 84
55986 19 78
55986 21 63
55986 29 53
56287 62 73
56588 7 16
56588 29 53
56889 11 38
56889 29 53
56889 62 73
56889 69 70
56889 84 88
57190 45 58
57190 45 72
57190 63 70
57190 64 77
57491 0 14
57491 41 79
57491 53 69
57491 77 82
57792 9 62
57792 28 29
58093 39 51
58394 7 25
58394 16 25
58394 50 86
58695 12 59
58996 7 46
58996 17 18
58996 42 43
58996 45 58
59297 29 70
59598 9 43
59598 9 73
59598 15 67
59598 23 69
59598 30 66
59598 52 75
59598 55 86
59899 9 62
59899 50 74
59899 58 72
60200 0 14
60200 29 53
60200 37 58
60501 7 16
60501 7 25
60501 16 25
60501 17 18
60501 30 66
60802 8 37
60802 37 82
60802 37 58
60802 58 82
61103 2 15
61103 9 73
61103 20 40
61103 44 70
61404 5 22
61404 23 61
61705 22 32
62006 5 18
62006 66 69
62307 0 48
62307 0 14
62307 9 62
62307 18 68
62608 1 7
62608 9 73
62608 14 51
62608 23 53
62608 23 73
62608 23 29
62608 28 53
62608 28 73
62608 28 29
62608 29 53
62909 7 78
62909 20 35
62909 29 73
62909 29 61
62909 35 52
62909 56 87
62909 56 84
62909 63 70
62909 84 87
63210 28 53
63210 44 51
63511 14 72
63511 30 73
63511 30 69
63511 53 69
63812 7 78
63812 16 25
63812 27 60
64113 14 48
64113 23 30
64113 24 48
64113 39 58
64113 45 58
64113 45 72
64113 58 72
64414 9 66
64414 9 62
64414 9 73
64414 11 84
64414 62 73
64715 21 76
64715 21 69
64715 22 85
65016 22 85
65016 61 69
65016 76 78
65317 2 15
65317 3 14
65317 3 44
65317 9 73
65317 9 62
65317 11 44
65317 19 73
65317 29 63
65317 62 73
65317 62 66
65618 45 65
65919 29 53
65919 52 86
66220 0 48
66220 8 90
66220 9 80
66220 9 30
66220 15 67
66220 24 48
66220 30 53
66220 53 73
66220 53 62
66521 3 11
66521 28 76
66521 57 76
66822 17 68
67123 32 38
67424 35 75
67424 62 73
67725 1 78
67725 3 14
67725 21 84
67725 28 73
67725 29 70
67725 45 65
68026 15 33
68026 44 52
68327 7 25
68327 7 16
68327 16 25
68327 30 66
68327 61 69
68628 20 35
68628 39 45
68628 42 79
68628 52 84
68628 56 84
68929 21 46
68929 24 48
68929 26 31
68929 75 79
69230 7 21
69230 7 78
69230 17 68
69230 21 78
69230 29 53
69230 36 50
69531 12 44
69832 29 70
69832 29 69
69832 29 53
69832 53 63
69832 59 78
69832 85 91
70133 14 32
70434 7 84
70434 24 84
70434 27 84
70434 33 84
70434 51 58
70735 4 74
70735 24 48
70735 26 71
70735 29 53
70735 35 75
71036 9 28
71036 12 84
71036 55 87
71337 11 24
71337 11 51
71337 17 68
71337 22 64
71337 27 51
71337 27 68
71638 2 71
71638 14 58
71638 14 39
71638 14 24
71638 37 82
71638 39 58
71638 53 70
71939 53 70
72240 7 76
72541 7 12
72541 38 69
72842 2 84
72842 3 68
72842 8 90
72842 9 30
72842 9 62
72842 24 48
72842 52 75
72842 62 73
73143 17 18
73444 9 62
73444 15 33
73444 44 52
73444 62 73
73745 5 34
73745 29 63
73745 53 63
74046 0 14
74046 12 88
74046 31 51
74046 51 71
74347 29 53
74648 14 39
74648 14 58
74949 9 73
75250 15 33
75551 29 63
75852 12 58
75852 58 72
75852 59 78
76153 3 5
76153 29 63
76153 29 73
76153 50 88
76454 5 18
76454 7 16
76454 9 29
76454 22 32
76454 52 55
76454 55 74
76755 9 62
76755 9 69
76755 9 66
76755 28 69
76755 29 30
76755 30 66
76755 37 58
76755 37 77
76755 64 82
76755 65 82
77056 3 14
77056 4 86
77056 7 12
77056 7 76
77056 9 28
77357 39 72
77357 42 72
77357 42 58
77357 58 72
77658 29 53
77658 35 49
77658 52 86
77658 57 60
77658 74 86
77959 9 19
77959 9 62
77959 9 73
77959 19 73
77959 45 65
77959 62 73
78260 7 27
78260 27 60
78260 27 57
78260 28 61
78260 29 53
78260 49 74
78260 57 60
78561 40 88
78561 55 74
78862 58 72
78862 64 77
79163 28 69
79163 53 70
79464 14 18
79464 25 58
79464 29 53
79464 35 75
79464 50 75
79464 56 60
79765 37 58
79765 44 51
80066 28 70
80367 29 53
80668 0 48
80668 9 73
80668 9 62
80668 15 67
80668 52 75
80969 18 37
80969 29 53
80969 35 55
80969 39 72
80969 80 85
81270 5 39
81270 14 58
81270 40 88
81270 49 55
81571 17 68
81571 36 50
81872 17 18
82173 23 30
82173 29 63
82173 37 77
82173 55 86
82474 4 52
82474 7 88
82474 9 73
82474 9 62
82474 29 53
82474 52 55
82474 55 79
82775 5 11
82775 8 85
82775 9 62
82775 29 53
82775 38 45
82775 40 41
83076 14 24
83377 12 78
83377 58 65
83377 84 89
83678 3 44
83678 22 64
83678 44 51
83678 45 58
83979 9 23
83979 9 62
84280 1 7
84280 1 27
84280 6 40
84280 7 27
84280 9 62
84280 29 53
84280 55 74
84581 9 73
84581 9 62
84581 50 74
84882 0 24
84882 19 42
84882 19 50
84882 20 35
84882 22 32
84882 55 79
84882 84 87
85183 6 58
85183 6 7
85183 7 58
85183 29 53
85484 7 58
85484 29 53
85484 35 48
85484 49 52
85484 55 79
85785 5 14
85785 9 62
85785 29 53
85785 37 58
86086 15 33
86387 17 18
86387 32 38
86688 24 28
86688 29 53
86688 55 74
86688 76 81
86989 9 73
86989 35 50
86989 50 86
86989 50 84
87290 17 18
87290 29 53
87591 1 6
87591 1 59
87591 1 88
87591 7 81
87591 29 53
87892 12 88
87892 17 18
87892 55 74
88193 44 51
88193 58 65
88494 15 33
88494 50 86
88494 60 81
88494 76 88
88795 0 48
88795 16 84
88795 24 48
88795 29 53
89096 23 53
89096 35 52
89096 44 77
89096 56 84
89397 29 53
89397 36 79
89397 36 55
89397 55 79
89698 5 18
89698 9 53
89698 12 44
89698 12 77
89698 39 65
89698 39 58
89698 44 65
89698 58 65
89999 8 16
89999 28 69
90300 9 73
90300 16 88
90300 21 69
90300 22 64
90300 53 70
90601 12 77
90601 12 84
90601 26 32
90601 57 60
90601 77 84
90902 3 14
90902 19 24
90902 24 48
90902 53 70
91203 3 5
91203 29 73
91203 50 86
91504 11 24
91504 23 30
91504 49 55
91805 9 69
91805 9 66
91805 9 62
91805 12 57
91805 29 53
91805 50 74
91805 62 69
91805 80 85
92106 8 82
92106 9 19
92106 9 62
92106 22 39
92106 22 64
92106 38 44
92407 1 16
92407 8 26
92708 29 53
93009 2 88
93009 40 88
93009 40 84
93009 84 88
93310 11 86
93310 12 86
93310 76 78
93611 5 37
93611 5 13
93611 5 74
93611 9 62
93611 74 81
93912 7 88
93912 26 52
94213 52 79
94514 28 69
94514 29 63
94815 17 18
94815 29 63
95116 28 70
95417 28 69
95417 29 53
95718 9 62
95718 38 58
95718 38 45
95718 45 58
96019 7 76
96019 9 63
96320 16 61
96320 23 53
96320 28 69
96320 30 53
96621 11 44
96621 44 53
96621 53 70
96922 28 84
97223 28 66
97524 20 40
97524 29 53
97524 50 86
97825 37 84
98126 5 72
98126 5 37
98126 5 22
98126 16 45
98126 18 72
98126 22 37
98126 22 26
98126 26 72
98126 26 37
98126 26 71
98126 28 73
98126 37 72
98126 60 81
98126 60 88
98427 11 84
98427 18 47
98427 18 37
98427 58 65
98728 9 62
98728 14 24
98728 18 47
98728 19 58
98728 21 69
98728 58 72
99029 0 14
99029 7 16
99029 8 60
99029 15 67
99029 28 29
99330 29 63
99631 2 10
99631 3 14
99631 6 10
99631 11 14
99631 44 51
99932 8 26
99932 9 62
99932 21 84
100233 19 86
100534 11 44
100534 24 48
100835 5 47
100835 9 28
100835 9 63
100835 9 69
100835 9 73
100835 9 62
100835 24 48
100835 28 73
101136 17 18
101136 18 68
101136 24 48
101136 32 58
101437 8 54
101437 8 32
101437 22 37
101437 22 72
101437 22 26
101437 22 91
101437 26 37
101437 29 53
101437 37 72
101437 37 90
101738 0 24
101738 9 62
101738 15 67
101738 52 75
101738 62 73
102039 5 84
102039 22 77
102039 24 48
102340 8 26
102340 9 28
102340 9 62
102340 22 64
102340 28 73
102641 20 84
102641 35 52
102641 35 84
102641 55 79
102641 56 87
102641 56 84
102942 0 14
102942 7 16
102942 8 60
102942 8 90
102942 9 62
102942 53 66
103243 3 14
103243 14 37
103243 16 84
103243 17 18
103243 50 75
103544 27 60
103544 50 75
103845 19 75
103845 19 50
103845 27 60
103845 35 75
103845 35 50
103845 50 75
103845 50 52
103845 52 75
104146 19 73
104146 52 75
104447 64 77
104748 11 23
105049 1 33
105049 1 2
105049 1 6
105049 2 6
105049 2 10
105049 6 33
105049 10 84
105049 16 53
105049 16 70
105049 33 44
105049 39 51
105049 51 58
105049 51 65
105049 53 70
105049 56 84
105049 58 65
105049 67 84
105350 22 50
105350 27 58
105651 4 86
105651 52 86
105952 8 26
105952 31 71
105952 42 59
105952 53 63
106253 9 62
106253 9 77
106253 28 73
106253 44 51
106554 3 65
106554 9 73
106554 17 51
106554 51 68
106855 4 50
106855 7 57
106855 8 26
106855 9 62
106855 13 50
106855 14 37
106855 32 80
106855 37 90
107156 17 18
107156 22 32
107156 79 87
107156 84 87
107457 29 53
107457 35 49
107457 37 84
107457 58 84
107758 0 14
107758 16 59
107758 53 69
108059 7 12
108059 22 32
108360 5 72
108360 12 44
108360 58 65
108661 7 78
108661 9 69
108661 9 29
108661 29 63
108962 8 85
108962 8 37
108962 9 62
108962 50 75
108962 59 76
109263 1 76
109263 37 58
109564 1 27
109564 1 7
109564 6 27
109564 6 7
109564 27 33
109564 29 63
109564 37 58
109564 44 65
109865 7 86
109865 25 35
110166 37 58
110166 44 52
110467 24 69
110467 28 69
110768 50 74
111069 45 72
111370 29 53
111370 49 52
111671 0 45
111671 7 78
111671 7 21
111671 14 24
111671 21 78
111671 29 53
111972 1 84
111972 5 18
111972 15 88
111972 15 40
111972 15 84
111972 18 32
111972 22 32
111972 23 69
111972 28 30
111972 29 53
111972 59 88
111972 59 84
111972 62 75
111972 81 84
111972 84 88
112273 14 58
112273 53 66
112574 53 66
112875 7 25
112875 24 48
112875 28 69
113176 21 56
113176 22 64
113176 24 48
113176 35 79
113176 77 82
113477 9 62
113477 22 85
113477 29 53
113477 32 38
113778 9 73
113778 49 73
113778 50 86
113778 57 60
114079 0 24
114079 4 86
114079 9 69
114079 21 84
114079 24 48
114079 61 62
114380 29 63
114681 22 64
114681 77 82
114982 6 40
114982 9 30
114982 9 29
114982 28 29
114982 28 53
114982 29 53
115283 8 26
115283 50 74
115584 9 63
115584 9 28
115584 61 62
115885 8 26
115885 22 71
115885 38 85
115885 38 90
115885 39 65
115885 58 85
115885 72 90
116186 15 33
116186 25 55
116186 56 60
116487 3 5
116487 11 48
116487 11 24
116487 57 88
116788 24 45
116788 29 53
116788 37 58
116788 44 51
116788 67 76
117089 11 26
117089 35 75
117390 7 58
117390 24 35
117390 24 48
117390 29 53
117390 49 52
117390 55 79
117691 21 59
117992 17 18
117992 22 58
117992 22 32
117992 32 58
118293 35 75
118293 44 51
118594 7 16
118594 7 25
118594 16 25
118594 30 66
118895 21 84
118895 23 29
118895 51 65
119196 21 84
119497 2 15
119497 23 30
119798 24 48
119798 35 52
119798 39 45
119798 57 62
120099 4 50
120099 9 62
120099 9 73
120099 15 67
120099 28 69
120099 44 51
120099 52 75
120400 19 59
120400 19 76
120400 24 45
120400 25 47
120400 27 57
120400 28 69
120701 17 18
120701 21 56
120701 21 59
120701 24 48
120701 32 58
121002 9 62
121002 38 58
121002 38 45
121002 59 78
121002 76 78
121303 15 33
121303 22 85
121303 28 66
121303 44 51
121303 53 63
121604 5 85
121604 5 80
121604 21 84
121604 28 69
121905 9 62
121905 20 31
121905 24 31
121905 24 48
121905 31 48
121905 71 83
122206 22 64
122206 30 66
122206 44 86
122206 58 65
122507 14 58
122507 59 76
122808 29 53
122808 30 62
122808 49 52
123109 5 54
123109 7 59
123109 9 62
123109 62 69
123410 5 72
123410 5 37
123410 22 26
123410 22 37
123410 22 72
123410 26 37
123410 26 72
123410 29 53
123410 37 72
123410 53 63
123711 14 58
123711 21 61
124012 22 77
124012 22 64
124313 8 26
124313 49 74
124614 17 34
124614 17 68
124614 28 70
124915 50 84
125216 9 62
125216 22 32
125216 76 78
125517 8 30
125517 8 90
125517 9 73
125517 15 67
125517 52 75
125517 53 73
125818 1 59
125818 1 88
125818 1 84
125818 11 24
125818 12 88
125818 15 88
125818 23 69
125818 24 55
125818 50 86
125818 84 88
126119 29 53
126420 4 52
126420 14 24
126420 21 69
126420 29 53
126721 1 40
126721 1 6
126721 6 60
126721 27 84
126721 44 65
126721 58 65
127022 7 12
127022 22 91
127022 24 32
127022 33 84
127022 79 88
127022 85 91
127323 23 29
127323 28 29
127323 29 53
127323 35 52
127624 9 23
127624 9 73
127624 14 24
127624 24 48
127925 45 65
127925 56 86
127925 56 84
127925 84 86
128226 0 24
128226 5 24
128226 12 58
128226 39 58
128226 79 88
128527 29 53
128828 17 18
128828 22 32
128828 35 75
128828 39 90
128828 79 87
129129 22 64
129129 27 57
129129 44 51
129129 77 82
129430 3 72
129430 8 83
129430 14 44
129430 29 53
129430 44 51
129731 9 62
129731 29 53
129731 57 88
130032 14 58
130032 21 61
130032 21 76
130333 0 24
130333 5 34
130333 23 29
130333 29 30
130634 7 81
130634 14 45
130634 57 60
130935 29 63
130935 50 86
131236 22 85
131236 61 69
131236 63 70
131537 38 58
131537 59 78
131537 76 78
131838 0 14
131838 18 45
131838 35 52
132139 9 63
132139 28 70
132139 35 75
132440 2 6
132440 2 10
132440 5 39
132440 6 10
132440 7 16
132440 9 62
132440 14 82
132440 21 56
132440 45 58
132741 9 62
132741 29 53
132741 37 58
132741 50 74
133042 1 16
133042 2 15
133042 31 71
133042 33 40
133343 1 76
133343 22 64
133343 24 48
133343 27 76
133343 44 51
133343 52 87
133343 77 82
133644 24 48
133644 24 45
133644 29 63
133644 29 70
133644 39 45
133644 42 65
133644 45 72
133644 45 48
133945 2 15
133945 17 18
133945 35 75
134246 21 42
134246 22 38
134246 24 45
134246 25 28
134246 27 57
134246 53 70
134547 9 63
134547 9 28
134848 7 25
134848 35 84
134848 45 70
134848 52 84
135149 29 70
135450 37 58
135751 29 53
135751 44 51
136052 1 88
136052 9 62
136052 9 73
136052 16 88
136052 28 73
136052 29 73
136052 35 52
136052 37 77
136052 53 73
136052 62 73
136353 7 58
136353 21 69
136353 36 50
136353 76 78
136654 11 69
136654 11 23
136654 23 69
136654 53 63
136955 28 69
136955 37 82
137256 14 24
137557 9 73
137557 11 23
137557 17 18
137557 22 85
137858 56 84
138159 19 79
138159 21 61
138159 24 45
138159 27 57
138159 28 69
138159 44 51
138159 53 66
138159 61 66
138159 79 87
138460 3 22
138460 11 24
138460 42 79
138460 52 79
138460 55 79
138761 14 47
138761 32 38
139062 0 24
139062 17 18
139062 79 87
139062 84 87
139363 21 56
139363 24 48
139664 11 23
139664 23 69
139664 45 58
139965 18 22
139965 22 85
139965 28 66
139965 80 85
140266 11 48
140266 12 49
140266 49 67
140266 58 65
140266 60 89
140567 21 46
140567 21 26
140567 24 48
140567 26 31
140567 49 79
140868 11 44
140868 25 86
140868 35 75
140868 35 52
140868 52 75
141169 17 18
141169 79 87
141470 4 86
141470 9 62
141470 24 48
141771 11 44
142072 29 53
142072 46 89
142373 9 62
142373 9 73
142373 17 18
142373 50 74
142373 53 69
142674 9 62
142975 9 28
142975 15 60
142975 16 76
142975 21 60
142975 28 62
142975 35 50
142975 38 90
142975 50 75
142975 85 90
143276 11 84
143276 14 71
143276 37 58
143276 50 86
143577 9 30
143577 9 28
143577 9 53
143577 28 30
143577 28 73
143577 29 53
143577 44 51
143878 21 69
143878 21 61
143878 61 69
144179 5 75
144480 21 69
144480 29 53
144480 75 79
144781 9 62
144781 17 18
144781 29 61
144781 44 51
144781 50 86
144781 79 87
145082 9 62
145082 29 30
145082 50 86
145383 22 64
145383 45 85
145383 45 65
145383 65 85
145684 2 15
145684 2 33
145684 9 73
145684 9 62
145684 15 72
145684 29 63
145684 40 75
145684 50 75
145684 58 86
145684 58 78
145684 58 59
145684 59 78
145684 72 86
145684 72 78
145684 72 75
145684 75 86
145985 5 72
145985 9 62
145985 49 86
145985 49 55
145985 55 86
146286 29 53
146286 37 58
146286 50 86
146286 51 65
146587 5 80
146587 5 18
146587 18 80
146888 30 57
146888 51 90
146888 52 75
146888 56 59
146888 58 65
146888 59 78
147189 15 33
147189 23 61
147490 24 31
147490 24 48
147490 31 48
147490 71 83
147791 29 63
147791 56 84
148092 28 73
148092 62 73
148092 67 84
148092 67 76
148393 25 84
148393 64 77
148393 75 79
148694 0 14
148694 9 62
148694 29 53
148995 5 39
148995 24 48
148995 35 86
148995 35 52
149296 9 63
149296 9 73
149597 24 58
149597 28 84
149597 28 62
149898 5 14
149898 29 70
149898 44 51
150199 7 16
150199 29 53
150500 0 48
150500 8 90
150500 16 84
150500 29 53
150801 0 14
150801 7 78
150801 9 62
150801 21 84
150801 21 56
150801 29 53
150801 52 87
151102 8 26
151102 28 70
151403 4 79
151403 9 29
151403 27 81
151403 57 88
151704 21 69
151704 29 63
152005 9 73
152005 28 53
152005 50 74
152306 15 33
152306 35 75
152306 49 50
152306 52 55
152607 0 14
152908 7 84
152908 35 86
152908 35 50
152908 37 80
152908 37 50
152908 38 86
152908 50 75
152908 50 80
153209 2 33
153209 24 87
153209 58 62
153510 21 69
153510 58 85
153811 39 58
153811 49 58
153811 49 79
153811 49 88
153811 79 88
153811 79 84
154112 28 70
154112 39 72
154112 72 90
154413 0 14
154413 5 22
154413 5 37
154413 5 72
154413 22 26
154413 22 37
154413 22 34
154413 26 37
154413 26 72
154413 34 37
154413 37 72
154413 40 84
154413 40 78
154413 60 88
154413 81 88
154714 14 71
154714 44 51
154714 50 86
155015 15 33
155316 23 30
155316 49 74
155316 49 55
155316 55 74
155316 69 73
155617 35 52
155918 32 80
155918 45 83
155918 50 74
155918 55 79
155918 58 72
156219 53 69
156219 61 69
156520 9 73
156520 9 62
156520 14 51
156520 29 53
156520 49 55
156821 49 55
156821 50 86
157122 7 27
157122 27 57
157122 57 60
157423 2 88
157423 3 44
157423 7 58
157724 44 51
157724 55 79
158025 5 21
158025 21 84
158326 5 37
158326 5 18
158326 14 77
158326 18 37
158326 64 77
158627 28 30
158928 14 65
158928 14 45
158928 22 64
158928 29 53
158928 39 58
158928 39 85
158928 46 89
158928 58 85
158928 58 65
159229 21 69
159229 24 45
159530 23 30
159530 45 72
159530 45 65
159530 49 74
159530 49 55
159530 50 86
159530 52 84
159530 65 72
159530 69 73
159831 4 41
159831 27 57
159831 28 69
160132 3 80
160132 28 53
160132 49 55
160433 11 23
160734 62 73
160734 71 83
161035 12 76
161035 22 64
161035 35 79
161035 38 45
161035 56 76
161336 22 64
161336 24 48
161336 37 58
161637 0 48
161637 8 16
161637 8 90
161637 16 84
161637 29 53
161637 29 30
161938 14 37
161938 29 53
162239 9 30
162239 19 62
162239 21 56
162239 22 64
162239 77 82
162540 28 69
162841 3 68
162841 29 63
163142 2 15
163142 7 16
163142 7 12
163142 12 16
163443 6 10
163443 16 46
163443 44 51
163443 57 88
163744 3 24
163744 15 33
163744 23 30
163744 28 29
163744 44 51
163744 53 63
164045 9 62
164346 17 18
164647 24 48
164647 35 75
164647 46 84
164948 28 84
164948 39 51
165249 3 53
165249 22 32
165249 22 45
165249 28 70
165249 44 51
165249 53 70
165249 53 61
165550 25 86
165550 29 53
165550 50 86
165851 9 28
165851 9 69
165851 9 63
165851 17 68
165851 28 73
165851 28 70
165851 28 30
165851 28 69
165851 30 62
165851 35 75
165851 53 62
165851 53 70
165851 61 62
166152 28 70
166152 38 39
166453 5 85
166453 76 78
166754 28 84
167055 1 33
167055 1 7
167055 5 72
167055 11 72
167055 14 37
167055 24 45
167055 37 58
167055 58 65
167356 5 18
167356 7 33
167356 29 90
167356 44 51
167356 45 64
167356 81 88
167657 21 84
167657 22 85
167958 29 53
168259 24 32
168560 7 58
168861 4 86
168861 29 53
168861 37 58
169162 0 48
169162 7 12
169162 9 63
169162 9 28
169162 32 71
169162 37 58
169463 50 86
169463 52 84
169463 52 75
169463 59 76
169463 75 84
169764 7 46
169764 17 68
170065 4 52
170065 8 26
170065 28 29
170065 29 70
170065 37 77
170065 38 39
170366 8 26
170366 85 90
170667 3 5
170667 5 18
170667 11 24
170667 18 22
170667 79 84
170968 18 37
170968 29 53
170968 39 51
171269 22 64
171269 24 48
171269 77 82
171570 6 40
171570 9 73
171570 9 61
171570 50 86
171871 9 62
171871 12 16
171871 35 75
171871 57 60
171871 57 88
171871 58 90
172172 14 72
172172 14 34
172172 14 85
172172 24 48
172172 27 75
172172 27 35
172172 35 75
172473 5 14
172774 8 26
172774 26 32
172774 38 90
172774 38 85
172774 58 90
172774 58 85
172774 85 90
173075 9 69
173075 9 63
173075 24 48
173075 28 70
173075 37 65
173075 53 70
173075 61 62
173376 0 24
173376 0 14
173376 14 24
173376 14 48
173376 22 77
173376 24 48
173376 45 48
173677 0 24
173677 1 15
173677 29 63
173677 55 79
173677 56 84
173978 50 86
174279 11 58
174279 12 44
174279 12 72
174279 28 53
174279 35 50
174279 43 58
174279 44 58
174279 44 56
174279 53 70
174279 56 58
174279 56 65
174580 14 24
174580 27 56
174580 27 60
174580 28 53
174580 29 53
174580 29 70
174580 45 65
174580 65 72
174881 0 24
174881 17 68
175182 28 69
175182 46 89
175483 11 23
175483 17 18
175483 23 69
175483 35 74
175483 62 73
175784 36 55
176085 35 75
176085 55 86
176386 22 64
176386 28 57
176386 37 58
176687 8 26
176687 44 51
176988 24 48
176988 29 30
176988 30 63
176988 47 58
177289 29 53
177289 37 58
177289 62 69
177590 53 70
177891 24 45
177891 55 79
177891 69 73
178192 21 84
178192 24 48
178192 55 79
178493 4 79
178493 16 84
178794 8 26
178794 14 44
179095 9 73
179095 9 69
179095 29 53
179095 49 52
179095 55 79
179095 67 76
179396 3 68
179396 28 69
179396 37 77
179396 52 75
179396 62 73
179697 63 70
179998 1 12
179998 5 45
179998 9 73
179998 9 62
180299 25 36
180299 53 63
180600 7 58
180600 15 33
180600 60 81
180901 0 24
180901 32 91
180901 57 60
181202 9 51
181202 9 39
181202 9 62
181202 39 51
181503 1 6
181503 1 33
181503 1 40
181503 1 10
181503 6 40
181503 10 40
181503 12 44
181503 18 68
181503 24 48
181503 33 40
181804 14 24
181804 22 77
181804 24 48
182105 4 50
182105 9 62
182105 23 30
182105 30 44
182105 35 52
182105 46 49
182105 49 86
182105 53 70
182406 35 51
182406 35 84
182406 44 51
182406 45 51
182406 53 70
182406 56 88
182406 57 88
182707 53 62
182707 76 78
183008 9 73
183008 29 69
183008 29 53
183008 37 58
183008 50 74
183008 53 69
183309 5 37
183309 9 62
183309 9 73
183309 24 48
183309 24 77
183309 24 74
183610 52 79
183911 29 53
184212 21 76
184513 5 44
184513 11 44
184513 28 69
184513 29 70
184513 44 51
184814 8 26
184814 23 30
184814 23 53
184814 29 53
184814 30 53
184814 39 58
185115 29 53
185115 35 75
185115 42 50
185416 6 88
185416 18 37
185416 22 85
185416 23 69
185416 28 62
185717 12 60
185717 35 75
186018 8 26
186018 9 62
186018 9 73
186018 69 73
186319 7 27
186620 7 84
186620 16 84
186620 25 84
186620 64 77
186921 8 79
186921 21 69
186921 29 63
187222 24 58
187523 15 33
187824 17 68
187824 17 34
187824 34 68
187824 35 75
187824 35 36
187824 36 75
187824 75 86
188125 35 75
188125 76 84
188426 7 56
188426 9 73
188727 9 66
188727 14 48
188727 24 32
188727 59 76
189028 9 62
189028 77 82
189329 3 44
189329 44 51
189329 77 82
189630 11 44
189630 11 30
189630 24 48
189931 20 35
189931 39 45
189931 42 79
190232 20 84
190232 29 63
190232 37 58
190232 59 76
190533 28 69
190533 29 70
190533 44 51
190834 14 47
190834 45 72
191135 5 18
191135 12 44
191135 12 77
191135 12 64
191135 24 48
191135 39 65
191135 64 77
191436 5 24
191436 5 65
191436 9 66
191436 9 13
191436 24 32
191436 57 60
191737 7 88
192038 9 62
192038 29 69
192038 29 53
192038 50 74
192038 53 69
192038 55 79
192339 1 65
192339 8 39
192339 8 85
192339 9 62
192339 12 29
192339 14 45
192339 22 51
192339 29 63
192339 38 45
192339 41 86
192339 50 75
192339 53 70
192339 61 90
192339 75 79
192640 34 84
192640 35 75
192640 35 50
192640 37 84
192640 49 86
192640 50 74
192640 58 84
192640 75 86
192941 16 25
192941 52 87
193242 9 73
193242 28 84
193242 28 76
193242 76 84
193543 7 84
193543 44 65
193844 24 59
193844 29 53
193844 45 90
193844 53 63
194145 14 24
194145 50 55
194446 12 78
194747 7 27
194747 8 17
194747 8 51
194747 8 39
194747 8 14
194747 14 51
194747 14 90
194747 19 51
194747 39 51
194747 51 90
195048 69 70
195349 9 62
195349 28 69
195349 30 66
195349 52 75
195650 27 60
195650 29 63
195650 37 58
195650 50 75
195951 9 60
195951 15 33
195951 35 75
196252 14 58
196252 21 40
196252 47 58
196553 9 53
196553 29 53
196553 37 58
196553 50 86
196553 53 73
196553 53 66
196553 62 73
196854 2 28
196854 5 22
196854 22 85
197155 15 60
197456 29 53
197456 50 74
197456 52 86
197757 7 58
197757 19 76
197757 21 69
197757 28 73
197757 59 76
198058 8 26
198058 9 62
198058 29 53
198058 36 55
198058 36 79
198058 55 79
198359 0 14
198359 0 3
198359 3 14
198359 7 78
198660 53 63
198961 52 79
199262 12 27
199262 17 34
199563 3 83
199563 29 53
199563 50 74
199864 3 14
199864 7 88
199864 9 63
199864 9 28
200165 29 53
200165 37 58
200165 44 51
200466 23 30
200466 29 53
200466 29 30
200466 35 52
200466 43 45
200466 44 51
200767 7 12
200767 23 29
201068 14 48
201068 14 24
201068 24 48
201369 9 46
201369 55 84
201670 8 26
201670 53 63
201971 45 72
202272 4 79
202272 37 58
202272 75 79
202573 40 56
202874 29 53
202874 50 86
202874 51 65
203175 3 5
203175 9 62
203175 9 29
203175 11 24
203175 11 48
203175 18 37
203175 24 48
203476 24 48
203476 42 84
203476 52 84
203476 53 63
203777 5 24
203777 7 16
203777 8 26
203777 14 90
203777 18 37
204078 5 37
204078 24 31
204078 31 48
204379 28 69
204379 29 53
204379 37 82
204379 44 51
204680 24 48
204680 46 84
204680 79 86
204981 24 48
205282 17 68
205282 28 69
205282 29 53
205282 37 82
205282 44 51
205583 9 73
205583 9 30
205583 9 29
205583 29 63
205583 29 62
205583 61 63
205583 63 66
205884 14 58
205884 21 61
206185 14 50
206185 22 64
206185 44 86
206486 8 26
206486 44 51
206787 7 78
206787 7 59
206787 20 52
206787 20 35
206787 28 40
206787 28 73
206787 35 52
206787 35 84
206787 35 87
206787 40 84
206787 42 79
206787 52 84
206787 56 87
206787 56 84
207088 58 65
207088 76 78
207088 76 81
207088 78 81
207389 9 28
207389 9 63
207690 11 24
207690 53 73
207991 21 56
207991 36 50
208292 0 24
208593 9 62
208593 19 73
208593 29 73
208593 29 63
208593 56 84
208894 42 51
208894 46 60
209195 14 85
209195 23 69
209195 23 31
209195 27 75
209195 31 69
209496 17 18
209496 45 65
209797 0 14
209797 3 14
209797 8 90
209797 9 69
209797 16 84
209797 17 18
209797 30 53
209797 65 82
210098 26 32
210399 1 7
210399 1 40
210399 7 40
210399 33 59
210700 14 58
210700 22 38
211001 9 29
211001 11 48
211001 24 48
211001 27 81
211001 57 88
211001 74 86
211302 1 2
211302 1 78
211302 2 10
211302 6 10
211302 7 78
211302 21 76
211302 77 82
211603 29 53
211603 52 87
211904 3 72
211904 22 38
211904 22 32
212205 1 33
212205 14 37
212205 64 77
212506 5 18
212506 8 26
212807 4 55
213108 4 50
213108 14 24
213108 21 69
213108 29 53
213108 45 58
213409 7 59
213409 8 90
213409 24 48
213409 79 86
213710 5 51
213710 5 35
213710 14 39
213710 17 51
213710 27 35
213710 27 75
213710 35 75
213710 51 68
214011 18 37
214011 23 30
214312 31 71
214312 44 51
214312 53 63
214613 3 37
214613 8 26
214613 22 37
214613 23 30
214613 25 49
214613 29 63
214613 37 90
214613 53 61
214914 6 7
214914 8 14
214914 9 62
214914 14 37
214914 35 75
215215 7 12
215215 33 84
215215 72 85
215215 79 88
215516 4 86
215516 9 63
215516 52 87
215817 8 26
215817 9 62
215817 9 28
215817 28 73
215817 28 62
215817 50 52
215817 50 86
216118 9 62
216118 29 53
216419 3 85
216419 22 85
216720 23 30
217021 23 29
217021 55 74
217322 49 55
217623 4 86
217623 29 53
217924 7 25
217924 9 66
217924 9 72
217924 22 64
217924 35 52
218225 5 37
218225 5 34
218225 7 27
218225 7 88
218225 23 30
218225 27 88
218225 30 34
218225 34 37
218526 14 22
218526 14 39
218526 21 84
218526 30 90
218526 59 78
218827 37 77
218827 42 76
218827 49 55
218827 55 86
219128 29 63
219429 22 64
219429 24 48
219429 44 51
219429 77 82
219730 24 48
219730 26 31
219730 35 75
220031 17 68
220031 42 50
220332 12 44
220332 12 58
220332 12 77
220332 24 48
220332 58 65
220633 7 76
220633 8 26
220633 15 33
220633 23 29
220633 29 53
220633 53 63
220934 9 73
220934 14 24
220934 59 76
221235 9 73
221235 17 84
221235 24 28
221235 29 53
221536 14 24
221536 29 63
221536 35 75
221536 59 76
221837 1 16
221837 7 88
221837 9 62
221837 35 79
221837 35 52
221837 35 36
221837 35 84
221837 36 79
221837 76 88
222138 8 26
222138 26 80
222138 31 58
222138 39 85
222138 80 91
222439 23 29
222439 29 63
222439 31 71
222439 52 79
222740 11 24
222740 19 59
222740 37 72
222740 59 76
222740 70 73
223041 16 84
223041 28 69
223041 32 38
223041 35 50
223041 37 82
223041 37 77
223041 45 65
223342 23 53
223342 28 69
223342 35 52
223342 46 50
223342 50 86
223342 53 70
223643 35 79
223643 77 82
223944 14 72
223944 28 53
224245 0 24
224245 22 38
224245 24 45
224245 25 28
224245 25 53
224245 27 57
224245 28 53
224245 53 69
224245 67 76
224546 9 62
224546 11 44
224847 49 55
224847 49 86
224847 50 86
224847 52 55
225148 15 33
225148 25 86
225449 29 63
225750 22 64
225750 40 88
225750 44 51
225750 67 78
226051 35 75
226051 35 52
226051 52 75
226352 29 63
226653 35 50
226653 42 50
226954 35 75
226954 39 58
226954 79 88
227255 9 62
227255 9 17
227255 24 48
227255 76 88
227556 1 88
227556 1 59
227556 22 32
227857 17 68
227857 22 85
227857 26 37
227857 28 70
227857 37 72
227857 55 86
228158 9 62
228158 35 75
228459 3 18
228459 9 62
228459 18 65
228459 29 53
228459 45 58
228760 3 58
228760 30 53
229061 9 62
229061 13 88
229061 21 88
229061 29 53
229061 29 69
229061 45 83
229061 50 74
229061 55 79
229362 8 26
229362 50 74
229362 53 69
229663 25 87
229964 3 83
229964 3 43
229964 44 51
230265 14 37
230265 35 87
230265 35 52
230566 9 30
230566 24 48
230566 31 91
230566 32 88
230566 66 69
230867 22 85
231168 12 58
231168 43 58
231168 44 45
231168 79 88
231469 9 66
231469 9 62
231469 30 66
231469 50 74
231469 58 72
231770 11 84
231770 12 84
231770 16 33
231770 29 53
231770 42 43
231770 44 45
231770 49 84
231770 49 58
231770 49 64
231770 58 84
231770 64 77
231770 79 88
232071 3 5
232071 29 63
232372 22 38
232673 9 73
232673 29 63
232974 3 19
232974 3 14
232974 9 14
232974 19 42
232974 29 63
233275 42 86
233275 55 86
233576 0 45
233576 29 53
233576 37 58
233576 37 47
233877 16 78
233877 28 73
233877 53 63
233877 61 71
233877 70 73
233877 75 79
234178 15 33
234178 22 85
234178 22 32
234178 28 66
234178 53 63
234178 58 72
234479 3 18
234479 7 58
234479 12 15
234479 15 33
234780 44 51
234780 88 89
235081 2 39
235081 5 48
235081 12 48
235081 12 14
235081 12 20
235081 14 20
235081 14 58
235081 14 78
235081 20 58
235081 20 78
235081 24 87
235081 29 39
235081 31 58
235081 58 78
235382 9 62
235382 18 90
235382 23 30
235382 50 57
235382 50 86
235683 24 48
235683 52 75
235683 69 70
235984 28 53
235984 44 51
236285 3 72
236285 52 79
236285 62 73
236285 79 86
236586 7 46
236586 17 34
236586 17 18
236586 17 46
236586 32 85
236586 32 38
236586 35 75
236586 64 77
236887 24 48
237188 5 14
237188 6 88
237188 14 24
237188 28 30
237489 1 12
237489 9 73
237489 9 62
237489 51 71
237790 0 14
237790 53 70
237790 60 79
238091 9 63
238091 28 70
238091 28 53
238091 53 70
238091 61 62
238392 9 62
238693 22 64
238693 24 48
238994 5 14
238994 37 58
238994 44 45
239295 7 16
239295 7 58
239596 9 62
239897 29 53
239897 37 58
239897 44 51
240198 2 15
240198 2 48
240198 15 48
240198 24 49
240198 35 75
240198 48 49
240499 23 69
240800 1 78
240800 9 19
240800 9 73
240800 19 42
240800 19 50
240800 58 72
240800 62 73
241101 29 53
241101 29 63
241101 45 65
241101 45 85
241101 58 65
241402 9 73
241402 17 18
241402 35 75
241402 39 90
241703 51 54
241703 63 89
242004 23 49
242004 25 49
242004 28 69
242004 37 77
242004 52 75
242004 53 61
242305 22 32
242305 24 48
242606 29 53
242907 24 44
242907 29 63
243208 7 78
243208 28 69
243208 46 60
243208 49 86
243208 49 55
243208 55 86
243509 6 12
243509 6 26
243509 7 46
243509 9 62
243509 9 26
243509 12 46
243509 14 24
243810 1 84
243810 1 59
243810 1 6
243810 9 73
243810 20 84
243810 28 69
243810 29 53
243810 67 84
243810 84 88
244111 3 51
244111 3 23
244111 23 49
244111 28 69
244111 42 51
244111 52 75
244111 80 90
244412 22 85
244412 46 89
244713 8 26
244713 14 44
244713 52 79
245014 0 45
245014 3 5
245014 9 29
245014 9 30
245014 9 70
245014 9 28
245315 9 62
245315 23 30
245315 39 51
245315 42 76
245315 49 55
245616 16 76
245616 32 38
245917 1 59
245917 6 88
245917 32 38
246218 52 79
246519 11 44
246519 24 63
246519 37 82
246519 86 91
246820 5 72
246820 50 74
246820 53 69
246820 55 79
247121 24 28
247121 29 53
247121 55 74
247121 76 81
247422 9 73
247422 9 19
247422 33 88
247422 50 75
247723 14 24
247723 21 69
247723 29 53
247723 85 91
248024 8 26
248024 22 91
248024 24 48
248024 42 43
248024 48 49
248024 53 70
248024 79 88
248325 14 37
248325 37 58
248325 44 51
248626 17 68
248626 17 34
248626 28 45
248626 44 45
248927 32 85
248927 50 86
249228 17 18
249228 28 30
249228 64 77
249529 11 23
249529 21 30
249529 23 69
249529 37 58
249529 74 86
249830 28 53
249830 42 43
250131 14 58
250131 14 37
250131 22 91
250131 23 30
250131 38 80
250131 38 91
250131 85 91
250432 37 58
250432 50 86
250733 17 68
250733 18 34
250733 35 75
250733 36 75
251034 11 23
251034 23 69
251034 53 63
251335 24 48
251335 26 31
251335 35 75
251335 37 91
251636 15 27
251636 23 30
251636 29 71
251636 37 58
251937 9 73
251937 9 62
252238 7 58
252238 9 73
252238 24 35
252238 29 53
252238 35 48
252238 42 55
252238 49 52
252238 55 79
252539 16 84
252840 25 87
253141 1 7
253141 17 18
253141 55 79
253141 75 79
253442 3 37
253442 5 34
253743 8 90
253743 8 58
253743 45 58
254044 9 73
254044 50 86
254345 12 16
254345 27 81
254345 39 57
254345 50 86
254646 0 24
254646 35 49
254646 45 58
254646 50 86
254646 55 74
254947 11 77
254947 17 34
254947 22 48
254947 27 81
254947 27 48
254947 27 77
254947 27 64
254947 48 64
254947 64 77
254947 85 90
255248 0 24
255248 42 44
255248 55 79
255248 56 84
255248 56 87
255248 75 79
255549 2 28
255549 5 22
255549 23 61
255850 29 63
255850 62 73
256151 19 76
256151 22 64
256151 35 79
256151 77 82
256452 7 16
256452 7 84
256452 7 25
256452 16 84
256452 16 25
256452 25 84
256452 50 84
256753 18 34
256753 21 66
256753 29 69
256753 50 74
256753 55 79
256753 57 60
257054 8 26
257054 29 91
257054 39 58
257054 42 43
257054 42 50
257355 6 40
257355 7 58
257355 15 33
257355 38 45
257355 44 52
257656 23 29
257957 4 87
257957 9 62
257957 22 85
257957 29 53
257957 36 50
257957 84 89
258258 9 62
258258 29 53
258258 57 88
258559 6 40
258559 7 76
258860 4 49
258860 29 53
258860 57 88
259161 29 53
259161 53 73
259462 8 26
259462 9 62
259462 52 84
259763 7 58
259763 21 84
259763 24 45
259763 28 62
259763 56 60
260064 22 72
260064 28 69
260365 8 26
260365 53 63
260666 1 84
260666 5 18
260666 6 84
260666 7 84
260666 20 84
260666 28 30
260666 29 53
260666 32 38
260666 33 84
260666 67 84
260666 81 84
260666 84 88
260967 0 24
260967 0 48
260967 9 62
260967 15 67
260967 16 59
260967 23 30
260967 24 48
260967 28 30
260967 44 51
260967 52 75
261268 5 11
261268 11 24
261268 14 48
261268 19 59
261268 19 76
261268 28 73
261268 29 53
261268 39 51
261268 70 73
261569 0 48
261569 9 63
261569 52 87
261870 17 80
261870 21 84
261870 24 48
261870 35 75
261870 46 84
262171 0 14
262171 14 37
262171 17 18
262171 28 30
262171 37 82
262472 9 62
262472 9 19
262472 14 37
262472 19 44
262472 21 61
262472 22 64
262472 29 53
262472 44 45
262472 44 58
262472 44 60
262472 59 76
262773 9 62
262773 9 19
262773 12 58
262773 22 64
262773 24 48
262773 29 53
262773 53 63
263074 9 62
263074 16 76
263074 17 68
263074 21 61
263074 24 37
263074 35 75
263074 42 75
263074 45 90
263074 55 79
263074 59 76
263375 24 48
263375 29 69
263375 66 69
263676 6 10
263676 6 12
263676 11 58
263676 11 16
263676 39 65
263676 40 57
263676 44 51
263676 44 45
263676 45 51
263676 51 58
263676 51 65
263676 53 70
263676 57 88
263676 58 65
263676 79 84
263676 84 86
263977 24 48
263977 29 53
263977 35 75
264278 29 53
264579 28 70
264880 3 22
264880 5 18
264880 11 24
264880 22 64
264880 50 86
264880 55 79
265181 5 18
265181 16 88
265181 28 73
265181 29 53
265181 39 51
265181 49 86
265181 49 55
