0 3 11
0 28 76
0 57 76
301 22 64
301 42 52
602 1 76
602 35 79
602 77 82
903 50 86
1204 21 69
1204 21 61
1204 61 69
1505 0 24
1806 14 22
2107 3 22
2107 28 66
2107 28 69
2408 9 63
2408 9 28
2709 53 70
3010 28 84
3010 35 75
3010 55 75
3311 9 62
3311 9 69
3311 9 66
3311 28 69
3311 29 30
3311 30 66
3311 37 58
3311 37 77
3311 64 82
3311 65 82
3612 45 72
3913 9 62
3913 38 58
3913 38 45
3913 45 58
4214 7 16
4214 29 53
4515 28 69
4515 29 70
4515 44 51
4816 21 61
4816 22 64
4816 57 88
5117 29 53
5117 37 58
5117 44 51
5418 17 68
5418 17 34
5418 28 45
5418 44 45
5719 11 48
5719 12 49
5719 49 67
5719 58 65
5719 60 89
6020 14 37
6020 37 58
6020 44 51
6321 9 28
6321 9 63
6622 0 24
6622 32 91
6622 57 60
6923 29 53
6923 37 58
6923 50 86
6923 51 65
7224 22 64
7224 77 82
7525 4 48
7525 7 76
7525 8 34
7525 8 90
7525 11 24
7525 12 16
7525 27 81
7525 27 76
7525 35 75
7826 4 86
7826 9 62
7826 24 48
8127 8 26
8127 50 74
8428 3 5
8428 9 62
8428 9 29
8428 11 24
8428 11 48
8428 18 37
8428 24 48
8729 7 78
8729 7 59
8729 20 52
8729 20 35
8729 28 40
8729 28 73
8729 35 52
8729 35 84
8729 35 87
8729 40 84
8729 42 79
8729 52 84
8729 56 87
8729 56 84
9030 22 64
9030 28 57
9030 37 58
9331 24 28
9331 29 53
9331 55 74
9331 76 81
9632 5 85
9632 76 78
9933 1 59
9933 6 88
9933 32 38
10234 40 56
10535 21 84
10535 23 29
10535 51 65
10836 24 48
10836 52 75
10836 69 70
11137 5 39
11137 14 58
11137 40 88
11137 49 55
11438 5 44
11438 11 44
11438 28 69
11438 29 70
11438 44 51
11739 21 84
12040 16 61
12040 23 53
12040 28 69
12040 30 53
12341 7 25
12341 16 25
12341 50 86
12642 23 30
12642 29 63
12642 37 77
12642 55 86
12943 20 40
12943 29 53
12943 50 86
13244 30 57
13244 51 90
13244 52 75
13244 56 59
13244 58 65
13244 59 78
13545 8 26
13545 26 32
13545 38 90
13545 38 85
13545 58 90
13545 58 85
13545 85 90
13846 32 80
13846 45 83
13846 50 74
13846 55 79
13846 58 72
14147 9 73
14147 14 24
14147 59 76
14448 0 14
14448 29 53
14448 37 58
14749 0 48
14749 8 90
14749 16 84
14749 29 53
15050 23 29
15050 29 63
15050 31 71
15050 52 79
15351 9 51
15351 9 39
15351 9 62
15351 39 51
15652 8 26
15652 53 63
15953 5 54
15953 7 59
15953 9 62
15953 62 69
16254 5 84
16254 22 77
16254 24 48
16555 21 27
16555 21 59
16555 34 45
16555 54 71
16856 29 53
16856 29 63
16856 45 65
16856 45 85
16856 58 65
17157 29 63
17157 50 86
17458 6 58
17458 6 7
17458 7 58
17458 29 53
17759 7 88
17759 26 52
18060 3 72
18060 8 83
18060 14 44
18060 29 53
18060 44 51
18361 14 24
18361 14 58
18361 24 58
18662 24 48
18963 0 14
18963 9 62
18963 29 53
19264 17 18
19264 22 58
19264 22 32
19264 32 58
19565 9 73
19565 28 53
19565 50 74
19866 2 28
19866 5 22
19866 23 61
20167 29 53
20468 7 46
20468 17 68
20769 52 79
21070 2 15
21070 2 3
21070 24 48
21070 35 75
21371 3 45
21672 24 45
21672 29 53
21672 37 58
21672 44 51
21672 67 76
21973 2 28
21973 5 22
21973 22 85
22274 5 37
22274 24 31
22274 31 48
22575 23 30
22575 29 53
22575 29 30
22575 35 52
22575 43 45
22575 44 51
22876 11 24
22876 23 30
22876 49 55
23177 12 64
23177 12 45
23177 12 58
23177 17 18
23177 18 68
23177 34 58
23177 45 58
23177 64 77
23478 9 73
23478 49 73
23478 50 86
23478 57 60
23779 29 53
23779 35 49
23779 37 84
23779 58 84
24080 9 62
24080 28 69
24080 30 66
24080 52 75
24381 11 23
24381 23 69
24381 45 58
24682 7 16
24682 7 25
24682 16 25
24682 17 18
24682 30 66
24983 14 58
24983 21 40
24983 47 58
25284 5 18
25284 5 11
25284 62 73
25585 17 68
25585 42 50
25886 1 2
25886 1 78
25886 2 10
25886 6 10
25886 7 78
25886 21 76
25886 77 82
26187 12 16
26187 27 81
26187 39 57
26187 50 86
26488 5 11
26488 11 24
26488 14 48
26488 19 59
26488 19 76
26488 28 73
26488 29 53
26488 39 51
26488 70 73
26789 9 73
26789 11 23
26789 17 18
26789 22 85
27090 7 27
27391 14 22
27391 14 39
27391 21 84
27391 30 90
27391 59 78
27692 24 48
27692 29 53
27692 35 75
27993 4 74
27993 24 48
27993 26 71
27993 29 53
27993 35 75
28294 9 30
28294 24 48
28294 31 91
28294 32 88
28294 66 69
28595 9 28
28595 15 60
28595 16 76
28595 21 60
28595 28 62
28595 35 50
28595 38 90
28595 50 75
28595 85 90
28896 2 15
28896 23 30
29197 14 58
29197 14 37
29197 22 91
29197 23 30
29197 38 80
29197 38 91
29197 85 91
29498 5 21
29498 21 84
29799 19 62
29799 22 64
29799 77 82
30100 62 73
30100 71 83
30401 14 39
30401 14 58
30702 29 53
31003 0 24
31003 5 24
31003 12 58
31003 39 58
31003 79 88
31304 7 58
31605 9 73
31605 9 30
31605 9 29
31605 29 63
31605 29 62
31605 61 63
31605 63 66
31906 15 27
31906 23 30
31906 29 71
31906 37 58
32207 1 7
32207 17 18
32207 55 79
32207 75 79
32508 44 51
32508 88 89
32809 0 48
32809 8 16
32809 8 90
32809 16 84
32809 29 53
32809 29 30
33110 17 68
33110 36 50
33411 4 79
33411 9 29
33411 27 81
33411 57 88
33712 28 69
33712 29 53
33712 37 82
33712 44 51
34013 11 44
34013 25 86
34013 35 75
34013 35 52
34013 52 75
34314 21 69
34314 29 63
34615 7 12
34615 22 32
34916 7 27
34916 8 17
34916 8 51
34916 8 39
34916 8 14
34916 14 51
34916 14 90
34916 19 51
34916 39 51
34916 51 90
35217 15 33
35217 25 86
35518 7 88
35518 17 51
35518 29 53
35518 29 63
35518 39 51
35518 53 63
35518 53 69
35518 66 69
35819 4 50
35819 14 24
35819 21 69
35819 29 53
35819 45 58
36120 50 86
36120 52 84
36120 52 75
36120 59 76
36120 75 84
36421 37 58
36421 50 86
36722 37 58
36722 53 61
36722 53 70
37023 3 14
37023 19 24
37023 24 48
37023 53 70
37324 29 53
37625 2 10
37625 3 14
37625 6 10
37625 11 14
37625 44 51
37926 9 62
37926 20 31
37926 24 31
37926 24 48
37926 31 48
37926 71 83
38227 7 12
38227 38 69
38528 9 60
38528 15 33
38528 35 75
38829 9 23
38829 9 73
38829 14 24
38829 24 48
39130 45 65
39130 50 86
39130 55 74
39431 1 65
39431 8 39
39431 8 85
39431 9 62
39431 12 29
39431 14 45
39431 22 51
39431 29 63
39431 38 45
39431 41 86
39431 50 75
39431 53 70
39431 61 90
39431 75 79
39732 1 10
39732 1 16
39732 1 33
39732 2 10
39732 2 6
39732 5 39
39732 6 10
39732 6 40
39732 6 27
39732 10 38
39732 10 40
39732 10 16
39732 12 44
39732 12 77
39732 16 33
39732 17 18
39732 24 48
39732 27 40
39732 38 45
39732 38 85
39732 39 65
39732 45 85
40033 64 77
40334 8 26
40334 9 62
40334 9 28
40334 28 73
40334 28 62
40334 50 52
40334 50 86
40635 7 12
40635 22 91
40635 24 32
40635 33 84
40635 79 88
40635 85 91
40936 29 70
40936 29 69
40936 29 53
40936 53 63
40936 59 78
40936 85 91
41237 3 51
41237 3 23
41237 23 49
41237 28 69
41237 42 51
41237 52 75
41237 80 90
41538 5 14
41538 9 62
41538 29 53
41538 37 58
41839 55 79
42140 0 14
42441 9 30
42441 29 53
42441 30 62
42441 37 77
42441 52 84
42742 18 34
42742 21 66
42742 29 69
42742 50 74
42742 55 79
42742 57 60
43043 14 24
43043 76 78
43344 53 69
43344 61 69
43645 35 75
43645 76 84
43946 9 62
43946 29 69
43946 29 53
43946 50 74
43946 53 69
43946 55 79
44247 5 11
44247 5 72
44548 9 62
44548 35 75
44849 9 73
44849 29 63
45150 3 5
45150 29 73
45150 50 86
45451 22 64
45451 61 69
45752 5 14
45752 29 70
45752 44 51
46053 49 55
46053 50 86
46354 44 51
46354 57 62
46655 39 58
46655 65 84
46655 79 84
46655 79 88
46956 14 24
46956 50 55
47257 50 86
47257 56 84
47558 1 12
47558 5 45
47558 9 73
47558 9 62
47859 9 62
48160 5 18
48461 29 53
48461 44 51
48762 22 38
49063 16 84
49364 37 84
49665 22 64
49665 24 48
49966 7 12
49966 23 29
50267 0 14
50267 7 16
50267 8 60
50267 8 90
50267 9 62
50267 53 66
50568 15 33
50568 22 85
50568 28 66
50568 44 51
50568 53 63
50869 12 44
50869 17 56
51170 9 73
51170 29 69
51170 29 53
51170 37 58
51170 50 74
51170 53 69
51471 62 73
51772 3 37
51772 5 34
52073 15 33
52073 44 52
52374 28 30
52675 9 63
52976 9 62
52976 22 85
52976 29 53
52976 32 38
53277 15 33
53277 46 76
53277 60 81
53578 14 58
53578 59 76
53879 1 59
53879 22 38
53879 29 53
53879 29 30
53879 29 66
53879 30 53
53879 75 79
54180 9 28
54180 12 84
54180 55 87
54481 0 24
54782 28 70
55083 5 72
55083 30 66
55083 32 91
55083 34 72
55083 53 63
55384 22 64
55384 24 48
55384 37 58
55685 7 25
55685 9 66
55685 9 72
55685 22 64
55685 35 52
55986 56 84
56287 14 47
56287 32 38
56588 28 70
56588 39 72
56588 72 90
56889 5 39
56889 8 84
56889 9 31
56889 24 48
56889 29 53
56889 46 84
57190 14 72
57190 30 73
57190 30 69
57190 53 69
57491 5 85
57491 5 72
57491 55 86
57491 72 80
57491 80 85
57792 27 60
57792 29 63
58093 3 68
58093 29 63
58394 8 26
58394 85 90
58695 9 62
58695 14 24
58695 18 47
58695 19 58
58695 21 69
58695 58 72
58996 11 48
58996 44 58
58996 49 84
58996 50 74
58996 75 88
58996 79 88
59297 7 58
59297 19 76
59297 21 69
59297 28 73
59297 59 76
59598 9 62
59598 50 74
59598 58 72
59899 1 88
59899 1 59
59899 22 32
60200 1 6
60200 1 59
60200 1 88
60200 7 81
60200 29 53
60501 7 27
60501 27 57
60501 57 60
60802 28 70
61103 1 84
61103 1 59
61103 1 6
61103 9 73
61103 20 84
61103 28 69
61103 29 53
61103 67 84
61103 84 88
61404 4 86
61404 52 86
61705 58 65
61705 76 84
62006 5 34
62006 29 63
62006 53 63
62307 6 40
62307 9 30
62307 9 29
62307 28 29
62307 28 53
62307 29 53
62608 5 37
62608 5 13
62608 5 74
62608 9 62
62608 74 81
62909 27 60
62909 29 63
62909 37 58
62909 50 75
63210 40 88
63210 55 74
63511 29 63
63511 50 84
63511 58 65
63511 59 76
63511 76 81
63812 7 76
63812 8 26
63812 15 33
63812 23 29
63812 29 53
63812 53 63
64113 17 18
64414 18 47
64414 18 37
64414 58 65
64715 20 84
64715 35 52
64715 35 84
64715 55 79
64715 56 87
64715 56 84
65016 19 86
65317 9 62
65317 18 90
65317 23 30
65317 50 57
65317 50 86
65618 22 50
65618 27 58
65919 9 62
65919 11 44
66220 9 62
66220 9 73
66220 50 86
66521 6 10
66521 16 46
66521 44 51
66521 57 88
66822 24 48
66822 35 75
66822 46 84
67123 0 14
67123 12 88
67123 31 51
67123 51 71
67424 17 68
67424 28 69
67424 29 53
67424 37 82
67424 44 51
67725 17 18
67725 32 38
68026 5 18
68026 16 88
68026 28 73
68026 29 53
68026 39 51
68026 49 86
68026 49 55
68327 29 53
68327 30 62
68327 49 52
68628 9 23
68628 9 62
68929 9 43
68929 9 73
68929 15 67
68929 23 69
68929 30 66
68929 52 75
68929 55 86
69230 24 48
69230 42 84
69230 52 84
69230 53 63
69531 0 24
69531 22 38
69531 24 45
69531 25 28
69531 25 53
69531 27 57
69531 28 53
69531 53 69
69531 67 76
69832 22 85
69832 46 89
70133 0 24
70133 5 34
70434 8 37
70434 37 82
70434 37 58
70434 58 82
70735 7 84
70735 24 84
70735 27 84
70735 33 84
70735 51 58
71036 11 23
71337 9 53
71337 29 53
71337 37 58
71337 50 86
71337 53 73
71337 53 66
71337 62 73
71638 35 75
71638 35 52
71939 18 37
71939 53 70
72240 9 73
72240 28 84
72240 28 76
72240 76 84
72541 6 40
72541 7 58
72541 15 33
72541 38 45
72541 44 52
72842 25 86
72842 29 53
72842 50 86
73143 22 64
73143 24 48
73143 77 82
73444 9 62
73444 9 73
73444 17 18
73444 50 74
73444 53 69
73745 2 15
73745 5 11
73745 14 19
73745 17 18
73745 19 79
73745 42 79
74046 2 10
74046 2 6
74046 5 51
74046 6 10
74046 11 14
74046 14 34
74046 27 46
74046 44 51
74347 52 79
74648 29 53
74648 29 63
74949 21 84
74949 24 48
74949 55 79
75250 45 65
75250 52 86
75551 24 48
75852 2 88
75852 3 44
75852 7 58
76153 29 53
76153 36 79
76153 36 55
76153 55 79
76454 29 53
76454 52 86
76755 1 88
76755 5 51
76755 5 18
76755 7 88
76755 29 53
76755 39 51
76755 49 67
76755 55 86
77056 36 55
77357 37 58
77658 8 26
77658 21 61
77658 22 64
77959 17 34
77959 17 68
77959 28 70
78260 28 62
78260 28 29
78260 29 53
78561 17 18
78561 29 63
78862 63 70
79163 8 26
79163 49 74
79464 3 18
79464 9 62
79464 18 65
79464 29 53
79464 45 58
79765 17 68
79765 17 34
79765 34 68
79765 35 75
79765 35 36
79765 36 75
79765 75 86
80066 9 73
80367 9 73
80668 9 73
80668 9 62
80668 50 74
80969 24 48
81270 58 65
81270 76 78
81270 76 81
81270 78 81
81571 7 58
81571 29 53
81571 35 48
81571 49 52
81571 55 79
81872 0 48
81872 16 84
81872 24 48
81872 29 53
82173 50 74
82474 24 58
82775 2 28
82775 2 39
82775 11 34
82775 28 38
82775 61 86
82775 77 86
83076 2 88
83076 40 88
83076 40 84
83076 84 88
83377 24 58
83377 28 84
83377 28 62
83678 1 33
83678 1 7
83678 5 72
83678 11 72
83678 14 37
83678 24 45
83678 37 58
83678 58 65
83979 28 84
84280 28 70
84581 7 84
84581 35 86
84581 35 50
84581 37 80
84581 37 50
84581 38 86
84581 50 75
84581 50 80
84882 35 75
84882 55 86
85183 0 24
85183 4 86
85183 9 69
85183 21 84
85183 24 48
85183 61 62
85484 3 44
85484 44 51
85484 77 82
85785 22 64
85785 45 85
85785 45 65
85785 65 85
86086 28 29
86086 29 70
86387 3 14
86387 7 88
86387 9 63
86387 9 28
86688 5 39
86688 24 48
86688 35 86
86688 35 52
86989 5 72
86989 7 58
86989 9 23
86989 29 53
86989 49 52
87290 7 25
87290 35 84
87290 45 70
87290 52 84
87591 9 73
87591 17 84
87591 24 28
87591 29 53
87892 35 75
87892 35 52
87892 52 75
88193 9 73
88193 9 62
88494 14 58
88494 21 61
88795 8 26
88795 53 63
89096 14 47
89096 45 72
89397 11 38
89397 29 53
89397 62 73
89397 69 70
89397 84 88
89698 0 24
89698 0 48
89698 9 62
89698 15 67
89698 16 59
89698 23 30
89698 24 48
89698 28 30
89698 44 51
89698 52 75
89999 3 58
89999 25 86
89999 37 58
89999 53 77
90300 5 14
90300 6 88
90300 14 24
90300 28 30
90601 24 48
90601 26 31
90601 35 75
90902 19 59
90902 19 76
90902 24 45
90902 25 47
90902 27 57
90902 28 69
91203 28 53
91203 44 51
91504 7 84
91504 8 26
91504 21 84
91504 31 71
91805 52 79
92106 35 50
92106 42 50
92407 0 48
92407 9 63
92407 52 87
92708 11 58
92708 12 44
92708 12 72
92708 28 53
92708 35 50
92708 43 58
92708 44 58
92708 44 56
92708 53 70
92708 56 58
92708 56 65
93009 21 69
93009 58 85
93310 5 18
93310 12 44
93310 12 77
93310 12 64
93310 24 48
93310 39 65
93310 64 77
93611 16 78
93611 28 73
93611 53 63
93611 61 71
93611 70 73
93611 75 79
93912 17 68
94213 11 44
94514 5 14
94815 6 40
94815 7 16
95116 2 12
95116 12 72
95116 58 72
95116 59 78
95116 65 72
95417 7 16
95417 7 58
95718 5 18
95718 9 53
95718 12 44
95718 12 77
95718 39 65
95718 39 58
95718 44 65
95718 58 65
96019 5 18
96019 7 16
96019 9 29
96019 22 32
96019 52 55
96019 55 74
96320 8 26
96320 26 80
96320 31 58
96320 39 85
96320 80 91
96621 17 18
96621 79 87
96922 2 15
96922 9 73
96922 20 40
96922 44 70
97223 29 53
97524 11 23
97825 2 6
97825 2 10
97825 5 39
97825 6 10
97825 7 16
97825 9 62
97825 14 82
97825 21 56
97825 45 58
98126 21 76
98126 21 69
98126 22 85
98427 4 52
98427 7 88
98427 9 73
98427 9 62
98427 29 53
98427 52 55
98427 55 79
98728 21 76
99029 28 70
99029 38 39
99330 7 88
99330 8 26
99330 53 63
99631 8 26
99631 9 62
99631 9 73
99631 69 73
99932 2 60
99932 7 33
99932 11 56
99932 28 53
99932 44 51
99932 53 70
99932 58 65
100233 53 62
100233 76 78
100534 1 78
100534 3 14
100534 21 84
100534 28 73
100534 29 70
100534 45 65
100835 39 58
100835 49 58
100835 49 79
100835 49 88
100835 79 88
100835 79 84
101136 17 18
101136 45 65
101136 49 52
101136 52 86
101437 11 44
101437 25 75
101738 29 63
102039 15 33
102340 3 5
102340 5 18
102340 11 24
102340 18 22
102340 79 84
102641 8 16
102641 28 69
102942 3 80
102942 28 53
102942 49 55
103243 29 63
103544 11 44
103544 11 30
103544 24 48
103845 11 84
103845 18 47
103845 18 37
103845 58 65
104146 5 72
104146 5 37
104146 22 26
104146 22 37
104146 22 72
104146 26 37
104146 26 72
104146 29 53
104146 37 72
104146 53 63
104447 4 52
104447 14 24
104447 21 69
104447 29 53
104748 28 62
104748 29 53
104748 45 85
104748 45 65
105049 42 51
105049 46 60
105350 4 50
105350 9 62
105350 23 30
105350 30 44
105350 35 52
105350 46 49
105350 49 86
105350 53 70
105651 22 85
105651 61 69
105651 76 78
105952 9 73
105952 9 69
105952 29 53
105952 49 52
105952 55 79
105952 67 76
106253 32 38
106554 2 15
106554 3 14
106554 7 50
106554 9 62
106554 9 73
106855 8 26
106855 22 91
106855 24 48
106855 42 43
106855 48 49
106855 53 70
106855 79 88
107156 0 24
107156 0 14
107156 14 24
107156 14 48
107156 22 77
107156 24 48
107156 45 48
107457 9 66
107457 14 24
107457 24 58
107457 28 84
107758 5 24
107758 5 65
107758 9 66
107758 9 13
107758 24 32
107758 57 60
108059 14 48
108059 29 53
108059 53 70
108059 53 66
108059 59 76
108360 6 12
108360 6 26
108360 7 46
108360 9 62
108360 9 26
108360 12 46
108360 14 24
108661 25 87
108962 14 37
108962 35 87
108962 35 52
109263 14 18
109263 25 58
109263 29 53
109263 35 75
109263 50 75
109263 56 60
109564 9 73
109564 9 19
109564 33 88
109564 50 75
109865 39 72
109865 42 72
109865 42 58
109865 58 72
110166 1 84
110166 5 18
110166 6 84
110166 7 84
110166 20 84
110166 28 30
110166 29 53
110166 32 38
110166 33 84
110166 67 84
110166 81 84
110166 84 88
110467 0 14
110467 16 59
110467 53 69
110768 0 48
110768 9 69
110768 9 43
110768 15 67
110768 28 69
110768 44 51
110768 52 75
110768 62 73
110768 69 73
111069 24 59
111069 29 53
111069 45 90
111069 53 63
111370 29 63
111671 29 53
111972 9 62
111972 16 76
111972 17 68
111972 21 61
111972 24 37
111972 35 75
111972 42 75
111972 45 90
111972 55 79
111972 59 76
112273 9 62
112273 9 45
112273 12 57
112273 13 50
112273 14 85
112273 14 24
112273 27 75
112273 45 61
112273 45 83
112273 50 74
112574 12 59
112875 17 18
113176 1 27
113176 1 7
113176 6 27
113176 6 7
113176 27 33
113176 29 63
113176 37 58
113176 44 65
113477 7 25
113477 21 79
113477 24 48
113477 24 45
113477 28 69
113778 29 53
113778 52 87
114079 0 14
114079 7 16
114079 8 60
114079 15 67
114079 28 29
114380 21 56
114380 36 50
114681 14 72
114681 14 34
114681 14 85
114681 24 48
114681 27 75
114681 27 35
114681 35 75
114982 0 14
114982 8 26
114982 9 62
114982 12 32
114982 17 51
114982 21 56
114982 25 39
114982 39 51
114982 56 60
115283 7 59
115283 8 90
115283 24 48
115283 79 86
115584 8 26
115584 44 51
115885 14 58
115885 53 66
116186 1 12
116186 9 73
116186 9 62
116186 51 71
116487 23 49
116487 25 49
116487 28 69
116487 37 77
116487 52 75
116487 53 61
116788 21 61
116788 24 45
116788 30 66
116788 69 73
117089 28 69
117390 11 23
117390 21 30
117390 23 69
117390 37 58
117390 74 86
117691 12 44
117691 12 58
117691 12 77
117691 24 48
117691 58 65
117992 18 37
117992 29 53
117992 39 51
118293 30 53
118293 58 72
118293 58 85
118293 80 85
118594 9 62
118594 9 19
118594 12 58
118594 22 64
118594 24 48
118594 29 53
118594 53 63
118895 23 69
119196 12 58
119196 58 72
119196 59 78
119497 7 16
119497 7 25
119497 16 25
119497 30 66
119798 0 45
119798 7 78
119798 7 21
119798 14 24
119798 21 78
119798 29 53
120099 11 84
120099 12 84
120099 16 33
120099 29 53
120099 42 43
120099 44 45
120099 49 84
120099 49 58
120099 49 64
120099 58 84
120099 64 77
120099 79 88
120400 8 26
120400 22 71
120400 38 85
120400 38 90
120400 39 65
120400 58 85
120400 72 90
120701 11 23
120701 17 18
120701 23 69
120701 35 74
120701 62 73
121002 21 56
121002 22 64
121002 24 48
121002 35 79
121002 77 82
121303 5 51
121303 5 35
121303 14 39
121303 17 51
121303 27 35
121303 27 75
121303 35 75
121303 51 68
121604 7 76
121905 28 84
121905 39 51
122206 7 25
122206 22 64
122206 49 84
122206 50 84
122206 50 52
122206 52 84
122507 50 84
122808 53 70
123109 29 53
123109 35 49
123109 52 86
123109 57 60
123109 74 86
123410 9 62
123410 14 24
123410 25 79
123410 25 88
123410 38 51
123410 39 51
123410 45 58
123410 51 65
123410 51 72
123410 58 72
123410 65 72
123410 66 70
123711 0 24
123711 9 62
123711 15 67
123711 52 75
123711 62 73
124012 9 46
124012 55 84
124313 9 28
124313 9 63
124313 9 69
124313 28 69
124313 28 70
124614 37 58
124614 44 51
124915 35 55
124915 50 74
125216 7 25
125216 16 25
125216 30 66
125517 34 84
125517 50 74
125517 58 72
125517 80 85
125818 35 52
126119 24 48
126119 46 84
126119 79 86
126420 3 5
126420 29 63
126420 29 73
126420 50 88
126721 17 68
126721 29 53
126721 57 60
127022 14 58
127022 21 76
127022 25 79
127323 24 45
127323 29 53
127323 44 51
127624 5 37
127624 9 62
127624 9 73
127624 24 48
127624 24 77
127624 24 74
127925 1 16
127925 1 59
127925 16 59
127925 49 55
127925 55 79
128226 6 40
128226 9 73
128226 9 61
128226 50 86
128527 7 12
128527 29 53
128527 45 83
128527 50 74
128828 0 51
128828 4 36
128828 17 18
128828 26 65
128828 29 53
128828 45 72
129129 21 84
129129 22 85
129430 21 46
129430 24 48
129430 26 31
129430 75 79
129731 7 88
129731 7 27
129731 7 57
129731 27 88
129731 27 77
129731 27 58
129731 58 77
130032 49 55
130032 49 86
130032 50 86
130032 52 55
130333 3 24
130333 14 45
130333 24 29
130333 24 53
130333 24 28
130333 29 53
130333 44 51
130634 3 58
130634 30 53
130935 4 55
131236 21 42
131236 22 38
131236 24 45
131236 25 28
131236 27 57
131236 53 70
131537 22 64
131537 30 66
131537 44 86
131537 58 65
131838 35 75
131838 44 51
132139 53 63
132440 9 62
132440 15 33
132440 44 52
132440 62 73
132741 18 90
132741 23 30
132741 35 75
132741 46 84
132741 50 86
132741 50 60
132741 57 88
132741 62 73
133042 58 59
133042 59 76
133042 59 78
133042 60 81
133042 76 88
133343 7 25
133343 7 16
133343 16 25
133343 30 66
133343 61 69
133644 1 7
133644 9 73
133644 14 51
133644 23 53
133644 23 73
133644 23 29
133644 28 53
133644 28 73
133644 28 29
133644 29 53
133945 35 75
133945 62 73
134246 29 70
134547 1 76
134547 22 64
134547 24 48
134547 27 76
134547 44 51
134547 52 87
134547 77 82
134848 5 18
134848 66 69
135149 7 25
135149 24 48
135149 28 69
135450 3 85
135450 22 85
135751 17 68
135751 18 34
135751 35 75
135751 36 75
136052 7 86
136052 25 35
136353 8 30
136353 8 90
136353 9 73
136353 15 67
136353 52 75
136353 53 73
136654 7 88
136955 2 15
136955 2 33
136955 9 73
136955 9 62
136955 15 72
136955 29 63
136955 40 75
136955 50 75
136955 58 86
136955 58 78
136955 58 59
136955 59 78
136955 72 86
136955 72 78
136955 72 75
136955 75 86
137256 9 29
137256 11 48
137256 24 48
137256 27 81
137256 57 88
137256 74 86
137557 9 62
137557 38 58
137557 38 45
137557 59 78
137557 76 78
137858 23 53
137858 35 52
137858 44 77
137858 56 84
138159 9 62
138159 77 82
138460 12 88
138460 22 85
138460 55 74
138761 17 18
138761 22 32
138761 35 75
138761 39 90
138761 79 87
139062 1 59
139062 1 88
139062 1 84
139062 11 24
139062 12 88
139062 15 88
139062 23 69
139062 24 55
139062 50 86
139062 84 88
139363 4 86
139363 29 53
139363 37 58
139664 45 65
139965 16 25
139965 52 87
140266 1 78
140266 9 19
140266 9 73
140266 19 42
140266 19 50
140266 58 72
140266 62 73
140567 17 18
140567 22 32
140567 79 87
140567 84 87
140868 9 30
140868 9 28
140868 9 53
140868 28 30
140868 28 73
140868 29 53
140868 44 51
141169 25 36
141169 53 63
141470 49 55
141771 36 50
142072 22 72
142072 28 69
142373 8 26
142373 29 91
142373 39 58
142373 42 43
142373 42 50
142674 9 29
142975 35 75
142975 45 58
143276 24 48
143276 29 30
143276 30 53
143276 30 63
143577 23 30
143577 49 74
143577 49 55
143577 55 74
143577 69 73
143878 17 18
143878 18 68
143878 24 48
143878 32 58
144179 28 84
144480 14 58
144480 21 61
144480 21 76
144781 4 41
144781 27 57
144781 28 69
145082 31 71
145082 44 51
145082 53 63
145383 14 58
145383 21 61
145684 15 33
145684 25 55
145684 56 60
145985 29 53
145985 37 58
145985 69 70
146286 7 46
146286 17 18
146286 42 43
146286 45 58
146587 38 58
146587 59 78
146587 76 78
146888 24 48
146888 29 30
146888 30 63
146888 47 58
147189 29 53
147189 46 89
147490 31 71
147791 29 53
148092 0 65
148092 14 65
148092 39 45
148393 8 26
148393 14 44
148694 17 80
148694 21 84
148694 24 48
148694 35 75
148694 46 84
148995 0 14
148995 0 3
148995 3 14
148995 7 78
149296 4 52
149296 8 26
149296 28 29
149296 29 70
149296 37 77
149296 38 39
149597 9 73
149597 63 70
149898 29 53
150199 8 50
150199 9 62
150199 38 45
150199 50 75
150500 5 24
150500 7 16
150500 8 26
150500 14 90
150500 18 37
150801 7 50
151102 29 63
151403 9 73
151403 29 63
151704 29 53
151704 37 58
151704 44 51
152005 9 73
152005 17 18
152005 35 75
152005 39 90
152306 0 24
152306 1 15
152306 29 63
152306 55 79
152306 56 84
152607 1 6
152607 1 33
152607 1 40
152607 1 10
152607 6 40
152607 10 40
152607 12 44
152607 18 68
152607 24 48
152607 33 40
152908 0 48
152908 9 73
152908 9 62
152908 15 67
152908 52 75
153209 28 66
153510 9 62
153510 23 30
153510 39 51
153510 42 76
153510 49 55
153811 29 53
154112 8 58
154112 14 58
154112 19 27
154112 27 50
154112 27 84
154112 27 35
154112 27 52
154112 27 75
154112 27 65
154112 27 72
154112 35 75
154112 35 38
154112 35 37
154112 35 45
154112 45 58
154112 45 72
154112 58 72
154413 7 16
154413 7 84
154413 7 25
154413 16 84
154413 16 25
154413 25 84
154413 50 84
154714 5 47
154714 9 28
154714 9 63
154714 9 69
154714 9 73
154714 9 62
154714 24 48
154714 28 73
155015 9 69
155015 9 66
155015 9 62
155015 12 57
155015 29 53
155015 50 74
155015 62 69
155015 80 85
155316 3 83
155316 3 43
155316 44 51
155617 28 66
155617 42 51
155617 46 60
155617 53 70
155918 28 69
155918 29 63
156219 4 50
156219 9 62
156219 9 73
156219 15 67
156219 28 69
156219 44 51
156219 52 75
156520 24 32
156821 9 62
157122 2 15
157122 3 14
157122 3 44
157122 9 73
157122 9 62
157122 11 44
157122 19 73
157122 29 63
157122 62 73
157122 62 66
157423 14 58
157423 22 38
157724 0 45
157724 3 5
157724 9 29
157724 9 30
157724 9 70
157724 9 28
158025 14 24
158326 17 18
158627 4 86
158627 29 53
158928 17 18
158928 28 30
158928 64 77
159229 0 14
159229 41 79
159229 53 69
159229 77 82
159530 9 73
159530 50 86
159831 28 84
159831 28 43
159831 39 51
160132 20 84
160132 29 63
160132 37 58
160132 59 76
160433 9 62
160433 29 53
160433 37 58
160433 50 74
160734 0 45
160734 29 53
160734 37 58
160734 37 47
161035 2 71
161035 14 58
161035 14 39
161035 14 24
161035 37 82
161035 39 58
161035 53 70
161336 24 48
161336 28 70
161336 57 76
161637 11 84
161637 14 71
161637 37 58
161637 50 86
161938 12 58
161938 12 56
161938 17 34
161938 50 75
161938 56 58
162239 3 44
162239 22 64
162239 44 51
162239 45 58
162540 17 18
162540 29 53
162841 1 16
162841 2 15
162841 31 71
162841 33 40
163142 0 24
163142 19 42
163142 19 50
163142 20 35
163142 22 32
163142 55 79
163142 84 87
163443 14 44
163443 14 22
163744 7 58
163744 15 33
163744 60 81
164045 19 75
164045 19 50
164045 27 60
164045 35 75
164045 35 50
164045 50 75
164045 50 52
164045 52 75
164346 12 59
164346 50 86
164346 75 84
164647 12 76
164647 22 64
164647 35 79
164647 38 45
164647 56 76
164948 4 79
164948 37 58
164948 75 79
165249 0 14
165249 7 78
165249 9 62
165249 21 84
165249 21 56
165249 29 53
165249 52 87
165550 29 53
165550 35 75
165550 42 50
165851 29 53
165851 50 86
165851 51 65
166152 19 73
166152 52 75
166453 12 78
166453 58 65
166453 84 89
166754 0 14
166754 14 37
166754 17 18
166754 28 30
166754 37 82
167055 9 62
167356 7 78
167356 9 69
167356 9 29
167356 29 63
167657 7 58
167657 24 35
167657 24 48
167657 29 53
167657 49 52
167657 55 79
167958 9 63
167958 9 73
168259 7 88
168259 9 62
168259 52 75
168560 3 22
168560 11 24
168560 42 79
168560 52 79
168560 55 79
168861 3 19
168861 3 14
168861 9 14
168861 19 42
168861 29 63
169162 3 72
169162 52 79
169162 62 73
169162 79 86
169463 11 48
169463 57 76
169463 58 65
169764 0 14
169764 5 22
169764 5 37
169764 5 72
169764 22 26
169764 22 37
169764 22 34
169764 26 37
169764 26 72
169764 34 37
169764 37 72
169764 40 84
169764 40 78
169764 60 88
169764 81 88
170065 37 77
170065 42 76
170065 49 55
170065 55 86
170366 24 48
170366 29 69
170366 66 69
170667 2 10
170667 2 40
170667 2 6
170667 6 10
170667 21 88
170667 44 51
170968 0 14
170968 3 14
170968 8 90
170968 9 69
170968 16 84
170968 17 18
170968 30 53
170968 65 82
171269 7 27
171269 27 60
171269 27 57
171269 28 61
171269 29 53
171269 49 74
171269 57 60
171570 4 50
171570 7 57
171570 8 26
171570 9 62
171570 13 50
171570 14 37
171570 32 80
171570 37 90
171871 2 15
171871 17 18
171871 35 75
172172 24 31
172172 24 48
172172 31 48
172172 71 83
172473 18 37
172473 29 53
172473 35 55
172473 39 72
172473 80 85
172774 0 14
172774 18 45
172774 35 52
173075 14 24
173075 29 63
173075 35 75
173075 59 76
173376 5 72
173376 9 62
173376 49 86
173376 49 55
173376 55 86
173677 15 33
173677 35 75
173677 49 50
173677 52 55
173978 11 86
173978 12 86
173978 76 78
174279 9 66
174279 9 62
174279 30 66
174279 50 74
174279 58 72
174580 3 8
174580 14 85
174580 19 79
174580 24 48
174580 45 65
174881 3 68
174881 28 69
174881 37 77
174881 52 75
174881 62 73
175182 11 77
175182 17 34
175182 22 48
175182 27 81
175182 27 48
175182 27 77
175182 27 64
175182 48 64
175182 64 77
175182 85 90
175483 0 24
175483 42 44
175483 55 79
175483 56 84
175483 56 87
175483 75 79
175784 39 51
176085 14 24
176085 22 77
176085 24 48
176386 0 65
176386 0 14
176386 22 64
176386 24 48
176386 44 51
176687 8 79
176687 21 69
176687 29 63
176988 1 33
176988 14 37
176988 64 77
177289 2 15
177289 2 48
177289 15 48
177289 24 49
177289 35 75
177289 48 49
177590 22 32
177590 24 48
177891 29 53
178192 15 33
178493 24 69
178493 28 69
178794 12 58
178794 43 58
178794 44 45
178794 79 88
179095 7 12
179095 29 53
179396 9 62
179396 12 16
179396 35 75
179396 57 60
179396 57 88
179396 58 90
179697 32 85
179697 50 86
179998 45 58
179998 45 72
179998 63 70
179998 64 77
180299 1 84
180299 5 18
180299 15 88
180299 15 40
180299 15 84
180299 18 32
180299 22 32
180299 23 69
180299 28 30
180299 29 53
180299 59 88
180299 59 84
180299 62 75
180299 81 84
180299 84 88
180600 9 63
180600 28 70
180600 35 75
180901 29 63
180901 56 84
181202 1 16
181202 15 16
181202 25 49
181202 55 79
181503 1 88
181503 9 62
181503 9 73
181503 16 88
181503 28 73
181503 29 73
181503 35 52
181503 37 77
181503 53 73
181503 62 73
181804 4 49
181804 29 53
181804 57 88
182105 3 5
182105 29 63
182406 3 37
182406 8 26
182406 22 37
182406 23 30
182406 25 49
182406 29 63
182406 37 90
182406 53 61
182707 11 24
182707 19 59
182707 37 72
182707 59 76
182707 70 73
183008 24 44
183008 29 63
183309 0 14
183610 3 14
183610 14 37
183610 16 84
183610 17 18
183610 50 75
183911 7 12
183911 33 84
183911 72 85
183911 79 88
184212 5 72
184212 5 37
184212 5 22
184212 16 45
184212 18 72
184212 22 37
184212 22 26
184212 26 72
184212 26 37
184212 26 71
184212 28 73
184212 37 72
184212 60 81
184212 60 88
184513 14 50
184513 22 64
184513 44 86
184814 9 73
184814 16 88
184814 21 69
184814 22 64
184814 53 70
185115 16 59
185115 29 63
185115 50 59
185115 59 76
185416 29 53
185416 53 73
185717 7 46
185717 17 34
185717 17 18
185717 17 46
185717 32 85
185717 32 38
185717 35 75
185717 64 77
186018 5 75
186319 8 26
186319 42 43
186319 53 63
186620 3 65
186620 9 73
186620 17 51
186620 51 68
186921 6 40
186921 7 76
187222 17 18
187222 21 56
187222 21 59
187222 24 48
187222 32 58
187523 3 14
187523 9 62
187523 9 28
187523 9 44
187523 34 44
187523 44 45
187824 7 58
187824 9 73
187824 24 35
187824 29 53
187824 35 48
187824 42 55
187824 49 52
187824 55 79
188125 23 69
188125 23 30
188125 29 53
188125 30 63
188125 30 53
188426 3 14
188426 4 86
188426 7 12
188426 7 76
188426 9 28
188727 9 62
188727 17 18
188727 29 61
188727 44 51
188727 50 86
188727 79 87
189028 50 74
189028 53 69
189329 2 39
189329 5 48
189329 12 48
189329 12 14
189329 12 20
189329 14 20
189329 14 58
189329 14 78
189329 20 58
189329 20 78
189329 24 87
189329 29 39
189329 31 58
189329 58 78
189630 58 72
189630 64 77
189931 9 19
189931 9 62
189931 9 73
189931 19 73
189931 45 65
189931 62 73
190232 1 16
190232 35 52
190232 35 84
190533 5 18
190533 7 33
190533 29 90
190533 44 51
190533 45 64
190533 81 88
190834 9 63
190834 9 28
190834 61 62
191135 5 37
191135 5 34
191135 7 27
191135 7 88
191135 23 30
191135 27 88
191135 30 34
191135 34 37
191436 0 48
191436 7 12
191436 9 63
191436 9 28
191436 32 71
191436 37 58
191737 8 26
191737 9 62
191737 29 53
191737 36 55
191737 36 79
191737 55 79
192038 19 79
192038 21 61
192038 24 45
192038 27 57
192038 28 69
192038 44 51
192038 53 66
192038 61 66
192038 79 87
192339 9 62
192339 29 53
192640 22 64
192640 35 52
192640 44 51
192640 46 89
192941 5 72
192941 28 69
192941 49 55
192941 49 86
192941 55 86
193242 24 48
193242 35 52
193242 39 45
193242 57 62
193543 7 78
193543 8 26
193543 14 24
193543 14 64
193543 17 68
193543 29 53
193844 28 69
193844 37 82
194145 6 40
194145 24 45
194145 49 86
194145 57 60
194446 19 28
194446 35 75
194446 45 65
194747 3 5
194747 11 48
194747 11 24
194747 57 88
195048 22 77
195048 22 64
195349 1 33
195349 1 2
195349 1 6
195349 2 6
195349 2 10
195349 6 33
195349 10 84
195349 16 53
195349 16 70
195349 33 44
195349 39 51
195349 51 58
195349 51 65
195349 53 70
195349 56 84
195349 58 65
195349 67 84
195650 9 63
195650 9 73
195650 9 28
195650 9 69
195650 24 48
195650 28 70
195650 37 65
195650 53 70
195650 61 62
195951 24 31
195951 31 48
195951 81 88
196252 8 26
196252 14 44
196252 52 79
196553 1 76
196553 37 58
196854 29 63
196854 50 86
197155 42 86
197155 55 86
197456 15 60
197757 9 62
197757 29 53
198058 4 87
198058 9 62
198058 22 85
198058 29 53
198058 36 50
198058 84 89
198359 53 70
198660 24 48
198660 26 31
198660 35 75
198660 37 91
198961 24 28
198961 29 53
198961 55 74
198961 76 81
199262 19 78
199262 21 63
199262 29 53
199563 7 78
199563 28 69
199563 46 60
199563 49 86
199563 49 55
199563 55 86
199864 7 84
199864 44 65
200165 8 82
200165 9 19
200165 9 62
200165 22 39
200165 22 64
200165 38 44
200466 15 33
200767 9 62
200767 28 29
201068 21 69
201068 24 45
201369 4 86
201369 9 63
201369 52 87
201670 23 30
201670 24 48
201971 52 79
202272 6 88
202272 18 37
202272 22 85
202272 23 69
202272 28 62
202573 15 33
202874 53 66
203175 1 7
203175 1 27
203175 6 40
203175 7 27
203175 9 62
203175 29 53
203175 55 74
203476 52 79
203777 22 64
203777 27 57
203777 44 51
203777 77 82
204078 23 29
204078 28 29
204078 29 53
204078 35 52
204379 11 57
204379 22 64
204379 56 57
204680 8 85
204680 8 37
204680 9 62
204680 50 75
204680 59 76
204981 9 66
204981 34 84
204981 35 75
204981 67 84
205282 9 62
205282 9 77
205282 28 73
205282 44 51
205583 9 66
205583 9 62
205583 9 73
205583 11 84
205583 62 73
205884 0 48
205884 8 90
205884 9 80
205884 9 30
205884 15 67
205884 24 48
205884 30 53
205884 53 73
205884 53 62
206185 1 40
206185 1 6
206185 6 60
206185 27 84
206185 44 65
206185 58 65
206486 34 86
206787 15 33
206787 23 61
207088 5 72
207088 12 44
207088 58 65
207389 34 84
207389 35 75
207389 50 86
207389 55 74
207690 22 85
207690 61 69
207690 63 70
207991 35 51
207991 35 84
207991 44 51
207991 45 51
207991 53 70
207991 56 88
207991 57 88
208292 24 48
208292 24 45
208292 29 63
208292 29 70
208292 39 45
208292 42 65
208292 45 72
208292 45 48
208593 49 84
208894 69 70
209195 18 37
209195 23 30
209496 5 22
209496 23 61
209797 7 58
209797 7 25
209797 21 69
209797 25 58
209797 27 76
209797 28 66
209797 75 79
209797 76 78
210098 45 65
210098 56 86
210098 56 84
210098 84 86
210399 11 44
210399 24 63
210399 37 82
210399 86 91
210700 27 73
210700 29 53
210700 37 84
210700 49 86
210700 49 50
211001 24 58
211001 32 80
211001 67 76
211302 16 76
211302 32 38
211603 0 24
211603 4 84
211603 35 52
211603 55 79
211904 9 63
212205 9 62
212205 29 53
212205 57 88
212506 15 33
212506 50 86
212506 60 81
212506 76 88
212807 1 88
212807 9 62
212807 27 88
212807 28 69
212807 29 53
213108 5 85
213108 5 80
213108 21 84
213108 28 69
213409 2 10
213409 6 84
213409 10 16
213409 10 33
213409 11 84
213409 12 44
213409 24 31
213409 33 44
213409 39 51
213409 51 58
213409 51 65
213409 58 65
213409 67 84
213710 22 64
213710 24 48
213710 44 51
213710 77 82
214011 1 7
214011 1 40
214011 7 40
214011 33 59
214312 9 62
214312 19 73
214312 29 73
214312 29 63
214312 56 84
214613 9 28
214613 9 63
214613 28 69
214613 37 77
214914 0 14
214914 53 70
214914 60 79
215215 0 14
215215 7 16
215215 8 90
215215 8 60
215215 9 62
215215 9 69
215215 17 68
215516 11 44
215516 44 53
215516 53 70
215817 29 63
216118 21 56
216118 24 48
216419 20 35
216419 39 45
216419 42 79
216720 44 51
216720 55 79
217021 14 48
217021 23 30
217021 24 48
217021 39 58
217021 45 58
217021 45 72
217021 58 72
217322 5 37
217322 35 75
217322 35 49
217322 46 57
217623 5 37
217623 5 18
217623 14 77
217623 18 37
217623 64 77
217924 8 26
217924 23 30
217924 23 53
217924 29 53
217924 30 53
217924 39 58
218225 9 62
218225 29 53
218225 57 88
218526 7 78
218526 29 53
218827 23 30
219128 14 48
219128 14 24
219128 24 48
219429 37 58
219429 44 52
219730 11 44
219730 24 48
220031 11 24
220031 53 73
220332 0 24
220332 17 18
220332 79 87
220332 84 87
220633 3 18
220633 7 58
220633 12 15
220633 15 33
220934 35 75
220934 39 58
220934 79 88
221235 67 84
221536 3 22
221536 5 18
221536 11 24
221536 22 64
221536 50 86
221536 55 79
221837 9 63
221837 28 70
221837 28 53
221837 53 70
221837 61 62
222138 51 54
222138 63 89
222439 29 53
222439 50 74
222439 52 86
222740 0 24
222740 35 49
222740 45 58
222740 50 86
222740 55 74
223041 9 62
223041 9 19
223041 14 37
223041 19 44
223041 21 61
223041 22 64
223041 29 53
223041 44 45
223041 44 58
223041 44 60
223041 59 76
223342 8 54
223342 8 32
223342 22 37
223342 22 72
223342 22 26
223342 22 91
223342 26 37
223342 29 53
223342 37 72
223342 37 90
223643 29 63
223643 55 79
223944 5 18
223944 8 26
224245 15 33
224245 22 85
224245 22 32
224245 28 66
224245 53 63
224245 58 72
224546 45 72
224847 27 60
224847 50 75
225148 7 76
225148 9 63
225449 9 73
225449 9 62
225449 14 51
225449 29 53
225449 49 55
225750 14 37
225750 29 53
226051 12 43
226352 21 46
226352 21 26
226352 24 48
226352 26 31
226352 49 79
226653 14 24
226653 28 84
226653 39 51
226954 6 7
226954 8 14
226954 9 62
226954 14 37
226954 35 75
227255 22 32
227556 9 62
227556 13 88
227556 21 88
227556 29 53
227556 29 69
227556 45 83
227556 50 74
227556 55 79
227857 23 29
228158 8 26
228158 44 51
228459 9 66
228459 14 48
228459 24 32
228459 59 76
228760 34 84
228760 35 75
228760 35 50
228760 37 84
228760 49 86
228760 50 74
228760 58 84
228760 75 86
229061 3 80
229362 12 60
229362 35 75
229663 28 69
229663 53 70
229964 12 44
230265 1 16
230265 7 88
230265 9 62
230265 35 79
230265 35 52
230265 35 36
230265 35 84
230265 36 79
230265 76 88
230566 11 24
230566 11 51
230566 17 68
230566 22 64
230566 27 51
230566 27 68
230867 14 24
231168 35 79
231168 77 82
231469 9 62
231469 17 68
231469 18 68
231770 14 65
231770 14 45
231770 22 64
231770 29 53
231770 39 58
231770 39 85
231770 46 89
231770 58 85
231770 58 65
232071 5 14
232071 37 58
232071 44 45
232372 0 48
232372 4 50
232372 9 73
232372 9 62
232372 15 67
232372 52 75
232372 53 66
232673 29 53
232673 37 58
232673 62 69
232974 22 64
232974 40 88
232974 44 51
232974 67 78
233275 22 80
233275 28 69
233275 53 70
233576 28 73
233576 62 73
233576 67 84
233576 67 76
233877 0 48
233877 0 14
233877 9 62
233877 18 68
234178 29 53
234479 65 91
234780 28 53
234780 44 51
235081 0 24
235081 5 34
235081 23 29
235081 29 30
235382 5 11
235382 8 85
235382 9 62
235382 29 53
235382 38 45
235382 40 41
235683 26 32
235984 17 68
235984 50 86
236285 14 32
236586 9 73
236586 35 50
236586 50 86
236586 50 84
236887 9 62
237188 25 84
237188 64 77
237188 75 79
237489 44 51
237489 58 65
237790 24 45
237790 55 79
237790 69 73
238091 8 26
238091 31 71
238091 42 59
238091 53 63
238392 8 26
238392 28 70
238693 28 69
238693 46 89
238994 21 84
238994 30 66
238994 55 86
239295 12 42
239596 1 16
239596 8 26
239897 9 69
239897 9 63
239897 24 48
239897 28 70
239897 37 65
239897 53 70
239897 61 62
240198 17 68
240198 22 85
240198 26 37
240198 28 70
240198 37 72
240198 55 86
240499 15 33
240800 19 76
240800 22 64
240800 35 79
240800 77 82
241101 2 15
241101 7 16
241101 7 12
241101 12 16
241402 12 78
241703 25 87
242004 8 39
242004 8 85
242004 9 62
242004 9 19
242004 37 58
242004 38 45
242305 14 72
242305 28 53
242606 17 18
242606 45 65
242907 9 62
242907 12 77
242907 12 44
242907 12 58
242907 24 48
242907 27 46
242907 27 65
242907 27 57
242907 39 65
242907 39 58
242907 46 56
242907 46 57
242907 53 70
242907 58 65
243208 9 62
243208 9 17
243208 24 48
243208 76 88
243509 29 53
243810 3 85
243810 50 86
244111 2 84
244111 3 68
244111 8 90
244111 9 30
244111 9 62
244111 24 48
244111 52 75
244111 62 73
244412 1 78
244412 3 5
244412 29 63
244713 5 80
244713 5 18
244713 18 80
245014 67 84
245315 8 26
245315 9 62
245315 21 84
245616 8 26
245616 9 28
245616 9 62
245616 22 64
245616 28 73
245917 8 90
245917 8 58
245917 45 58
246218 7 88
246218 22 64
246218 24 48
246218 59 67
246218 61 66
246218 77 82
246519 3 72
246519 22 38
246519 22 32
246820 8 26
246820 9 62
246820 52 84
247121 3 83
247121 29 53
247121 50 74
247422 18 22
247422 22 85
247422 28 66
247422 80 85
247723 0 45
247723 29 91
247723 29 53
247723 53 63
248024 9 62
248024 22 32
248024 76 78
248325 3 53
248325 22 32
248325 22 45
248325 28 70
248325 44 51
248325 53 70
248325 53 61
248626 11 44
248927 29 63
248927 62 73
249228 7 58
249228 21 84
249228 24 45
249228 28 62
249228 56 60
249529 21 59
249830 2 33
249830 24 87
249830 58 62
250131 9 30
250131 19 62
250131 21 56
250131 22 64
250131 77 82
250432 29 63
250733 12 88
250733 17 18
250733 55 74
251034 7 78
251034 20 35
251034 29 73
251034 29 61
251034 35 52
251034 56 87
251034 56 84
251034 63 70
251034 84 87
251335 8 26
251335 50 74
251335 53 69
251636 9 28
251636 9 69
251636 9 63
251636 17 68
251636 28 73
251636 28 70
251636 28 30
251636 28 69
251636 30 62
251636 35 75
251636 53 62
251636 53 70
251636 61 62
251937 11 26
251937 35 75
252238 14 24
252238 27 56
252238 27 60
252238 28 53
252238 29 53
252238 29 70
252238 45 65
252238 65 72
252539 29 53
252840 17 18
252840 22 32
252840 32 38
253141 12 77
253141 12 84
253141 26 32
253141 57 60
253141 77 84
253442 28 69
253442 29 53
253743 14 24
253743 21 69
253743 29 53
253743 85 91
254044 14 85
254044 23 69
254044 23 31
254044 27 75
254044 31 69
254345 0 24
254345 17 68
254646 7 58
254646 21 69
254646 36 50
254646 76 78
254947 28 69
255248 11 26
255248 35 75
255549 7 78
255549 16 25
255549 27 60
255850 21 28
255850 29 53
255850 67 78
256151 29 53
256452 12 27
256452 17 34
256753 11 69
256753 11 23
256753 23 69
256753 53 63
257054 11 23
257054 23 69
257054 53 63
257355 20 35
257355 39 45
257355 42 79
257355 52 84
257355 56 84
257656 7 16
257656 29 53
257957 29 70
257957 44 72
257957 53 70
258258 24 48
258258 31 32
258559 7 56
258559 9 73
258860 28 53
258860 42 43
259161 7 21
259161 7 78
259161 17 68
259161 21 78
259161 29 53
259161 36 50
259462 22 85
259763 14 71
259763 44 51
259763 50 86
260064 3 24
260064 15 33
260064 23 30
260064 28 29
260064 44 51
260064 53 63
260365 21 69
260365 29 53
260365 75 79
260666 4 79
260666 16 84
260967 29 70
261268 23 30
261268 45 72
261268 45 65
261268 49 74
261268 49 55
261268 50 86
261268 52 84
261268 65 72
261268 69 73
261569 16 84
261569 28 69
261569 32 38
261569 35 50
261569 37 82
261569 37 77
261569 45 65
261870 24 48
261870 46 84
261870 74 79
262171 7 81
262171 14 45
262171 57 60
262472 9 62
262472 15 33
262472 60 81
262472 76 88
262773 9 62
262773 29 30
262773 50 86
263074 23 53
263074 28 69
263074 35 52
263074 46 50
263074 50 86
263074 53 70
263375 9 62
263676 7 84
263676 16 84
263676 25 84
263676 64 77
263977 5 72
263977 50 74
263977 53 69
263977 55 79
264278 6 10
264278 6 12
264278 11 58
264278 11 16
264278 39 65
264278 40 57
264278 44 51
264278 44 45
264278 45 51
264278 51 58
264278 51 65
264278 53 70
264278 57 88
264278 58 65
264278 79 84
264278 84 86
264579 23 29
264579 55 74
264880 29 53
264880 49 86
264880 59 76
265181 29 53
265181 49 52
