0 14 24
0 22 77
0 24 48
301 28 69
301 37 82
602 6 40
602 24 45
602 49 86
602 57 60
903 5 18
903 7 33
903 29 90
903 44 51
903 45 64
903 81 88
1204 9 62
1204 9 45
1204 12 57
1204 13 50
1204 14 85
1204 14 24
1204 27 75
1204 45 61
1204 45 83
1204 50 74
1505 14 24
1505 21 69
1505 29 53
1505 85 91
1806 9 62
1806 11 44
2107 29 63
2408 1 33
2408 1 2
2408 1 6
2408 2 6
2408 2 10
2408 6 33
2408 10 84
2408 16 53
2408 16 70
2408 33 44
2408 39 51
2408 51 58
2408 51 65
2408 53 70
2408 56 84
2408 58 65
2408 67 84
2709 7 25
2709 24 48
2709 28 69
3010 11 48
3010 12 49
3010 49 67
3010 58 65
3010 60 89
3311 9 62
3311 16 76
3311 17 68
3311 21 61
3311 24 37
3311 35 75
3311 42 75
3311 45 90
3311 55 79
3311 59 76
3612 11 84
3612 14 71
3612 37 58
3612 50 86
3913 7 25
3913 35 84
3913 45 70
3913 52 84
4214 11 23
4515 6 7
4515 8 14
4515 9 62
4515 14 37
4515 35 75
4816 3 22
4816 11 24
4816 42 79
4816 52 79
4816 55 79
5117 7 58
5117 24 35
5117 24 48
5117 29 53
5117 49 52
5117 55 79
5418 9 30
5418 9 28
5418 9 53
5418 28 30
5418 28 73
5418 29 53
5418 44 51
5719 9 28
5719 9 63
6020 37 84
6321 17 18
6321 29 53
6622 9 66
6622 9 62
6622 9 73
6622 11 84
6622 62 73
6923 35 75
6923 35 52
6923 52 75
7224 5 14
7224 6 88
7224 14 24
7224 28 30
7525 21 56
7525 36 50
7826 11 23
8127 3 45
8428 9 19
8428 9 62
8428 9 73
8428 19 73
8428 45 65
8428 62 73
8729 17 18
8729 32 38
9030 17 18
9030 28 30
9030 64 77
9331 53 62
9331 76 78
9632 2 15
9632 7 16
9632 7 12
9632 12 16
9933 53 70
10234 3 14
10234 7 88
10234 9 63
10234 9 28
10535 14 47
10535 45 72
10836 20 35
10836 39 45
10836 42 79
10836 52 84
10836 56 84
11137 29 53
11137 37 58
11137 69 70
11438 7 46
11438 17 68
11739 1 84
11739 5 18
11739 6 84
11739 7 84
11739 20 84
11739 28 30
11739 29 53
11739 32 38
11739 33 84
11739 67 84
11739 81 84
11739 84 88
12040 7 46
12040 17 34
12040 17 18
12040 17 46
12040 32 85
12040 32 38
12040 35 75
12040 64 77
12341 14 72
12341 30 73
12341 30 69
12341 53 69
12642 17 68
12642 17 34
12642 34 68
12642 35 75
12642 35 36
12642 36 75
12642 75 86
12943 21 28
12943 29 53
12943 67 78
13244 3 44
13244 44 51
13244 77 82
13545 8 58
13545 14 58
13545 19 27
13545 27 50
13545 27 84
13545 27 35
13545 27 52
13545 27 75
13545 27 65
13545 27 72
13545 35 75
13545 35 38
13545 35 37
13545 35 45
13545 45 58
13545 45 72
13545 58 72
13846 16 59
13846 29 63
13846 50 59
13846 59 76
14147 1 7
14147 1 40
14147 7 40
14147 33 59
14448 1 12
14448 5 45
14448 9 73
14448 9 62
14749 29 53
15050 3 72
15050 8 83
15050 14 44
15050 29 53
15050 44 51
15351 14 58
15351 53 66
15652 7 12
15652 22 91
15652 24 32
15652 33 84
15652 79 88
15652 85 91
15953 29 53
16254 5 37
16254 5 18
16254 14 77
16254 18 37
16254 64 77
16555 21 69
16555 29 63
16856 11 44
16856 44 53
16856 53 70
17157 62 73
17157 71 83
17458 20 40
17458 29 53
17458 50 86
17759 7 58
17759 7 25
17759 21 69
17759 25 58
17759 27 76
17759 28 66
17759 75 79
17759 76 78
18060 29 53
18060 35 75
18060 42 50
18361 21 56
18361 22 64
18361 24 48
18361 35 79
18361 77 82
18662 14 58
18662 21 61
18963 24 48
18963 35 52
18963 39 45
18963 57 62
19264 0 14
19264 14 37
19264 17 18
19264 28 30
19264 37 82
19565 0 24
19565 32 91
19565 57 60
19866 9 62
19866 38 58
19866 38 45
19866 45 58
20167 2 60
20167 7 33
20167 11 56
20167 28 53
20167 44 51
20167 53 70
20167 58 65
20468 28 84
20468 39 51
20769 1 59
20769 22 38
20769 29 53
20769 29 30
20769 29 66
20769 30 53
20769 75 79
21070 35 79
21070 77 82
21371 11 23
21371 21 30
21371 23 69
21371 37 58
21371 74 86
21672 9 73
21672 28 84
21672 28 76
21672 76 84
21973 0 48
21973 9 69
21973 9 43
21973 15 67
21973 28 69
21973 44 51
21973 52 75
21973 62 73
21973 69 73
22274 5 34
22274 29 63
22274 53 63
22575 22 38
22876 8 79
22876 21 69
22876 29 63
23177 4 49
23177 29 53
23177 57 88
23478 12 77
23478 12 84
23478 26 32
23478 57 60
23478 77 84
23779 5 37
23779 5 34
23779 7 27
23779 7 88
23779 23 30
23779 27 88
23779 30 34
23779 34 37
24080 0 24
24381 16 25
24381 52 87
24682 15 33
24682 25 86
24983 24 48
25284 23 30
25284 29 63
25284 37 77
25284 55 86
25585 6 40
25585 9 73
25585 9 61
25585 50 86
25886 7 25
25886 22 64
25886 49 84
25886 50 84
25886 50 52
25886 52 84
26187 24 48
26488 14 24
26488 27 56
26488 27 60
26488 28 53
26488 29 53
26488 29 70
26488 45 65
26488 65 72
26789 9 60
26789 15 33
26789 35 75
27090 0 24
27090 9 62
27090 15 67
27090 52 75
27090 62 73
27391 45 72
27692 0 48
27692 9 73
27692 9 62
27692 15 67
27692 52 75
27993 35 75
27993 55 86
28294 22 85
28595 17 68
28595 42 50
28896 1 7
28896 1 27
28896 6 40
28896 7 27
28896 9 62
28896 29 53
28896 55 74
29197 3 24
29197 14 45
29197 24 29
29197 24 53
29197 24 28
29197 29 53
29197 44 51
29498 6 40
29498 7 16
29799 2 28
29799 5 22
29799 23 61
30100 3 65
30100 9 73
30100 17 51
30100 51 68
30401 14 24
30401 14 58
30401 24 58
30702 4 55
31003 29 70
31304 17 18
31304 29 63
31605 7 86
31605 25 35
31906 9 73
31906 28 53
31906 50 74
32207 7 16
32207 7 25
32207 16 25
32207 17 18
32207 30 66
32508 17 68
32508 29 53
32508 57 60
32809 18 37
32809 53 70
33110 7 12
33110 29 53
33110 45 83
33110 50 74
33411 15 33
33712 21 69
33712 58 85
34013 0 14
34013 7 16
34013 8 60
34013 15 67
34013 28 29
34314 29 53
34615 0 14
34615 7 78
34615 9 62
34615 21 84
34615 21 56
34615 29 53
34615 52 87
34916 28 73
34916 62 73
34916 67 84
34916 67 76
35217 22 64
35217 45 85
35217 45 65
35217 65 85
35518 31 71
35518 44 51
35518 53 63
35819 2 15
35819 23 30
36120 34 84
36120 50 74
36120 58 72
36120 80 85
36421 3 22
36421 28 66
36421 28 69
36722 0 14
36722 8 26
36722 9 62
36722 12 32
36722 17 51
36722 21 56
36722 25 39
36722 39 51
36722 56 60
37023 8 26
37023 44 51
37324 1 88
37324 1 59
37324 22 32
37625 29 63
37625 62 73
37926 21 84
37926 23 29
37926 51 65
38227 24 48
38227 26 31
38227 35 75
38227 37 91
38528 9 69
38528 9 63
38528 24 48
38528 28 70
38528 37 65
38528 53 70
38528 61 62
38829 9 62
38829 77 82
39130 53 69
39130 61 69
39431 11 24
39431 23 30
39431 49 55
39732 15 33
39732 23 61
40033 53 70
40334 3 14
40334 9 62
40334 9 28
40334 9 44
40334 34 44
40334 44 45
40635 7 76
40936 9 62
40936 20 31
40936 24 31
40936 24 48
40936 31 48
40936 71 83
41237 0 14
41237 16 59
41237 53 69
41538 3 14
41538 19 24
41538 24 48
41538 53 70
41839 7 12
41839 33 84
41839 72 85
41839 79 88
42140 23 29
42140 29 63
42140 31 71
42140 52 79
42441 1 6
42441 1 33
42441 1 40
42441 1 10
42441 6 40
42441 10 40
42441 12 44
42441 18 68
42441 24 48
42441 33 40
42742 15 33
42742 35 75
42742 49 50
42742 52 55
43043 0 14
43344 7 16
43344 7 58
43645 0 24
43645 22 38
43645 24 45
43645 25 28
43645 25 53
43645 27 57
43645 28 53
43645 53 69
43645 67 76
43946 21 42
43946 22 38
43946 24 45
43946 25 28
43946 27 57
43946 53 70
44247 7 25
44247 16 25
44247 50 86
44548 11 44
44849 12 58
44849 58 72
44849 59 78
45150 21 46
45150 21 26
45150 24 48
45150 26 31
45150 49 79
45451 22 64
45451 27 57
45451 44 51
45451 77 82
45752 11 48
45752 57 76
45752 58 65
46053 0 24
46354 29 53
46655 28 29
46655 29 70
46956 27 60
46956 29 63
47257 14 24
47257 76 78
47558 23 29
47558 28 29
47558 29 53
47558 35 52
47859 4 86
47859 9 62
47859 24 48
48160 35 55
48160 50 74
48461 22 85
48461 46 89
48762 11 23
48762 23 69
48762 45 58
49063 35 75
49063 39 58
49063 79 88
49364 1 33
49364 1 7
49364 5 72
49364 11 72
49364 14 37
49364 24 45
49364 37 58
49364 58 65
49665 5 18
49665 9 53
49665 12 44
49665 12 77
49665 39 65
49665 39 58
49665 44 65
49665 58 65
49966 22 64
49966 24 48
49966 77 82
50267 8 54
50267 8 32
50267 22 37
50267 22 72
50267 22 26
50267 22 91
50267 26 37
50267 29 53
50267 37 72
50267 37 90
50568 3 80
50869 24 48
50869 46 84
50869 79 86
51170 19 62
51170 22 64
51170 77 82
51471 9 63
51471 28 70
51471 35 75
51772 7 78
51772 7 59
51772 20 52
51772 20 35
51772 28 40
51772 28 73
51772 35 52
51772 35 84
51772 35 87
51772 40 84
51772 42 79
51772 52 84
51772 56 87
51772 56 84
52073 37 58
52073 50 86
52374 22 32
52374 24 48
52675 14 24
52675 29 63
52675 35 75
52675 59 76
52976 0 14
52976 5 22
52976 5 37
52976 5 72
52976 22 26
52976 22 37
52976 22 34
52976 26 37
52976 26 72
52976 34 37
52976 37 72
52976 40 84
52976 40 78
52976 60 88
52976 81 88
53277 9 62
53277 35 75
53578 28 69
53578 29 70
53578 44 51
53879 0 65
53879 0 14
53879 22 64
53879 24 48
53879 44 51
54180 18 34
54180 21 66
54180 29 69
54180 50 74
54180 55 79
54180 57 60
54481 12 42
54782 28 70
55083 23 30
55083 49 74
55083 49 55
55083 55 74
55083 69 73
55384 11 44
55384 25 86
55384 35 75
55384 35 52
55384 52 75
55685 4 79
55685 37 58
55685 75 79
55986 8 26
55986 53 63
56287 29 53
56287 53 73
56588 7 16
56588 29 53
56889 45 65
56889 52 86
57190 8 26
57190 23 30
57190 23 53
57190 29 53
57190 30 53
57190 39 58
57491 8 16
57491 28 69
57792 0 24
57792 1 15
57792 29 63
57792 55 79
57792 56 84
58093 35 51
58093 35 84
58093 44 51
58093 45 51
58093 53 70
58093 56 88
58093 57 88
58394 29 70
58394 29 69
58394 29 53
58394 53 63
58394 59 78
58394 85 91
58695 14 48
58695 23 30
58695 24 48
58695 39 58
58695 45 58
58695 45 72
58695 58 72
58996 25 36
58996 53 63
59297 5 37
59297 5 13
59297 5 74
59297 9 62
59297 74 81
59598 0 48
59598 8 90
59598 16 84
59598 29 53
59899 18 22
59899 22 85
59899 28 66
59899 80 85
60200 21 69
60200 24 45
60501 8 26
60501 49 74
60802 22 77
60802 22 64
61103 9 62
61103 38 58
61103 38 45
61103 59 78
61103 76 78
61404 29 53
61705 14 24
62006 5 85
62006 76 78
62307 7 76
62307 9 63
62608 23 53
62608 28 69
62608 35 52
62608 46 50
62608 50 86
62608 53 70
62909 22 85
62909 61 69
62909 63 70
63210 29 63
63511 6 10
63511 6 12
63511 11 58
63511 11 16
63511 39 65
63511 40 57
63511 44 51
63511 44 45
63511 45 51
63511 51 58
63511 51 65
63511 53 70
63511 57 88
63511 58 65
63511 79 84
63511 84 86
63812 6 58
63812 6 7
63812 7 58
63812 29 53
64113 21 46
64113 24 48
64113 26 31
64113 75 79
64414 3 51
64414 3 23
64414 23 49
64414 28 69
64414 42 51
64414 52 75
64414 80 90
64715 1 78
64715 9 19
64715 9 73
64715 19 42
64715 19 50
64715 58 72
64715 62 73
65016 9 73
65016 9 19
65016 33 88
65016 50 75
65317 58 59
65317 59 76
65317 59 78
65317 60 81
65317 76 88
65618 0 24
65618 42 44
65618 55 79
65618 56 84
65618 56 87
65618 75 79
65919 30 57
65919 51 90
65919 52 75
65919 56 59
65919 58 65
65919 59 78
66220 12 64
66220 12 45
66220 12 58
66220 17 18
66220 18 68
66220 34 58
66220 45 58
66220 64 77
66521 8 26
66521 9 62
66521 52 84
66822 9 62
66822 23 30
66822 39 51
66822 42 76
66822 49 55
67123 23 29
67424 14 58
67424 59 76
67725 3 5
67725 29 73
67725 50 86
68026 18 37
68026 29 53
68026 35 55
68026 39 72
68026 80 85
68327 21 76
68327 21 69
68327 22 85
68628 15 33
68929 40 56
69230 7 16
69230 7 84
69230 7 25
69230 16 84
69230 16 25
69230 25 84
69230 50 84
69531 9 62
69531 22 85
69531 29 53
69531 32 38
69832 7 25
69832 21 79
69832 24 48
69832 24 45
69832 28 69
70133 9 66
70133 9 62
70133 30 66
70133 50 74
70133 58 72
70434 11 84
70434 12 84
70434 16 33
70434 29 53
70434 42 43
70434 44 45
70434 49 84
70434 49 58
70434 49 64
70434 58 84
70434 64 77
70434 79 88
70735 24 48
70735 35 75
70735 46 84
71036 3 72
71036 22 38
71036 22 32
71337 29 53
71337 35 49
71337 52 86
71337 57 60
71337 74 86
71638 29 63
71638 56 84
71939 3 58
71939 25 86
71939 37 58
71939 53 77
72240 35 50
72240 42 50
72541 52 79
72842 4 50
72842 9 62
72842 23 30
72842 30 44
72842 35 52
72842 46 49
72842 49 86
72842 53 70
73143 2 15
73143 3 14
73143 3 44
73143 9 73
73143 9 62
73143 11 44
73143 19 73
73143 29 63
73143 62 73
73143 62 66
73444 27 60
73444 29 63
73444 37 58
73444 50 75
73745 42 86
73745 55 86
74046 4 50
74046 9 62
74046 9 73
74046 15 67
74046 28 69
74046 44 51
74046 52 75
74347 5 14
74347 29 70
74347 44 51
74648 29 53
74648 37 58
74648 62 69
74949 11 24
74949 11 51
74949 17 68
74949 22 64
74949 27 51
74949 27 68
75250 14 58
75250 21 40
75250 47 58
75551 22 85
75551 61 69
75551 76 78
75852 29 53
75852 52 86
76153 50 84
76454 7 88
76454 9 62
76454 52 75
76755 0 51
76755 4 36
76755 17 18
76755 26 65
76755 29 53
76755 45 72
77056 5 21
77056 21 84
77357 17 18
77357 22 58
77357 22 32
77357 32 58
77658 3 24
77658 15 33
77658 23 30
77658 28 29
77658 44 51
77658 53 63
77959 29 53
77959 35 49
77959 37 84
77959 58 84
78260 22 50
78260 27 58
78561 9 62
78862 0 45
78862 29 91
78862 29 53
78862 53 63
79163 9 62
79163 14 24
79163 25 79
79163 25 88
79163 38 51
79163 39 51
79163 45 58
79163 51 65
79163 51 72
79163 58 72
79163 65 72
79163 66 70
79464 45 65
79464 56 86
79464 56 84
79464 84 86
79765 9 63
80066 22 64
80066 42 52
80367 52 79
80668 4 41
80668 27 57
80668 28 69
80969 11 86
80969 12 86
80969 76 78
81270 9 73
81571 7 58
81571 21 84
81571 24 45
81571 28 62
81571 56 60
81872 7 27
81872 8 17
81872 8 51
81872 8 39
81872 8 14
81872 14 51
81872 14 90
81872 19 51
81872 39 51
81872 51 90
82173 9 62
82173 29 53
82173 57 88
82474 44 51
82474 55 79
82775 2 33
82775 24 87
82775 58 62
83076 58 65
83076 76 78
83076 76 81
83076 78 81
83377 5 72
83377 30 66
83377 32 91
83377 34 72
83377 53 63
83678 7 84
83678 8 26
83678 21 84
83678 31 71
83979 15 33
83979 44 52
84280 5 54
84280 7 59
84280 9 62
84280 62 69
84581 14 24
84581 28 84
84581 39 51
84882 9 66
84882 14 48
84882 24 32
84882 59 76
85183 29 53
85183 52 87
85484 58 72
85484 64 77
85785 9 62
85785 50 74
85785 58 72
86086 3 68
86086 29 63
86387 7 56
86387 9 73
86688 11 38
86688 29 53
86688 62 73
86688 69 70
86688 84 88
86989 9 29
87290 9 63
87290 28 70
87290 28 53
87290 53 70
87290 61 62
87591 9 62
87591 28 69
87591 30 66
87591 52 75
87892 17 18
88193 2 39
88193 5 48
88193 12 48
88193 12 14
88193 12 20
88193 14 20
88193 14 58
88193 14 78
88193 20 58
88193 20 78
88193 24 87
88193 29 39
88193 31 58
88193 58 78
88494 29 53
88795 3 5
88795 5 18
88795 11 24
88795 18 22
88795 79 84
89096 3 14
89096 4 86
89096 7 12
89096 7 76
89096 9 28
89397 17 68
89397 22 85
89397 26 37
89397 28 70
89397 37 72
89397 55 86
89698 18 90
89698 23 30
89698 35 75
89698 46 84
89698 50 86
89698 50 60
89698 57 88
89698 62 73
89999 22 64
89999 61 69
90300 37 58
90601 9 46
90601 55 84
90902 22 80
90902 28 69
90902 53 70
91203 24 58
91203 28 84
91203 28 62
91504 15 27
91504 23 30
91504 29 71
91504 37 58
91805 8 26
91805 26 32
91805 38 90
91805 38 85
91805 58 90
91805 58 85
91805 85 90
92106 2 6
92106 2 10
92106 5 39
92106 6 10
92106 7 16
92106 9 62
92106 14 82
92106 21 56
92106 45 58
92407 34 84
92407 35 75
92407 35 50
92407 37 84
92407 49 86
92407 50 74
92407 58 84
92407 75 86
92708 2 15
92708 2 33
92708 9 73
92708 9 62
92708 15 72
92708 29 63
92708 40 75
92708 50 75
92708 58 86
92708 58 78
92708 58 59
92708 59 78
92708 72 86
92708 72 78
92708 72 75
92708 75 86
93009 9 62
93009 14 24
93009 18 47
93009 19 58
93009 21 69
93009 58 72
93310 29 53
93611 0 48
93611 16 84
93611 24 48
93611 29 53
93912 7 78
93912 20 35
93912 29 73
93912 29 61
93912 35 52
93912 56 87
93912 56 84
93912 63 70
93912 84 87
94213 28 70
94514 9 62
94514 29 53
94815 7 27
94815 27 57
94815 57 60
95116 29 63
95116 50 84
95116 58 65
95116 59 76
95116 76 81
95417 1 84
95417 5 18
95417 15 88
95417 15 40
95417 15 84
95417 18 32
95417 22 32
95417 23 69
95417 28 30
95417 29 53
95417 59 88
95417 59 84
95417 62 75
95417 81 84
95417 84 88
95718 3 5
95718 29 63
95718 29 73
95718 50 88
96019 49 55
96019 50 86
96320 7 88
96320 26 52
96621 63 70
96922 9 62
96922 28 29
97223 9 66
97223 34 84
97223 35 75
97223 67 84
97524 50 86
97524 52 84
97524 52 75
97524 59 76
97524 75 84
97825 53 70
98126 56 84
98427 3 44
98427 22 64
98427 44 51
98427 45 58
98728 5 72
98728 5 37
98728 5 22
98728 16 45
98728 18 72
98728 22 37
98728 22 26
98728 26 72
98728 26 37
98728 26 71
98728 28 73
98728 37 72
98728 60 81
98728 60 88
99029 2 71
99029 14 58
99029 14 39
99029 14 24
99029 37 82
99029 39 58
99029 53 70
99330 2 15
99330 3 14
99330 7 50
99330 9 62
99330 9 73
99631 21 27
99631 21 59
99631 34 45
99631 54 71
99932 16 61
99932 23 53
99932 28 69
99932 30 53
100233 1 88
100233 9 62
100233 27 88
100233 28 69
100233 29 53
100534 7 78
100534 8 26
100534 14 24
100534 14 64
100534 17 68
100534 29 53
100835 15 33
100835 50 86
100835 60 81
100835 76 88
101136 2 10
101136 6 84
101136 10 16
101136 10 33
101136 11 84
101136 12 44
101136 24 31
101136 33 44
101136 39 51
101136 51 58
101136 51 65
101136 58 65
101136 67 84
101437 9 73
101437 17 84
101437 24 28
101437 29 53
101738 19 28
101738 35 75
101738 45 65
102039 1 16
102039 8 26
102340 31 71
102641 17 68
102641 36 50
102942 44 51
102942 58 65
103243 12 44
103243 17 56
103544 0 24
103544 0 48
103544 9 62
103544 15 67
103544 16 59
103544 23 30
103544 24 48
103544 28 30
103544 44 51
103544 52 75
103845 3 68
103845 28 69
103845 37 77
103845 52 75
103845 62 73
104146 14 71
104146 44 51
104146 50 86
104447 0 48
104447 9 63
104447 52 87
104748 5 18
105049 3 37
105049 8 26
105049 22 37
105049 23 30
105049 25 49
105049 29 63
105049 37 90
105049 53 61
105350 49 84
105651 4 52
105651 7 88
105651 9 73
105651 9 62
105651 29 53
105651 52 55
105651 55 79
105952 9 73
105952 9 62
105952 50 74
106253 9 62
106253 12 77
106253 12 44
106253 12 58
106253 24 48
106253 27 46
106253 27 65
106253 27 57
106253 39 65
106253 39 58
106253 46 56
106253 46 57
106253 53 70
106253 58 65
106554 1 2
106554 1 78
106554 2 10
106554 6 10
106554 7 78
106554 21 76
106554 77 82
106855 29 53
106855 46 89
107156 9 63
107457 6 12
107457 6 26
107457 7 46
107457 9 62
107457 9 26
107457 12 46
107457 14 24
107758 8 90
107758 8 58
107758 45 58
108059 28 69
108059 29 63
108360 5 18
108360 66 69
108661 24 45
108661 29 53
108661 44 51
108962 8 85
108962 8 37
108962 9 62
108962 50 75
108962 59 76
109263 40 88
109263 55 74
109564 19 78
109564 21 63
109564 29 53
109865 1 84
109865 1 59
109865 1 6
109865 9 73
109865 20 84
109865 28 69
109865 29 53
109865 67 84
109865 84 88
110166 3 85
110166 22 85
110467 8 26
110467 9 28
110467 9 62
110467 22 64
110467 28 73
110768 0 24
110768 5 34
110768 23 29
110768 29 30
111069 9 30
111069 29 53
111069 30 62
111069 37 77
111069 52 84
111370 23 53
111370 35 52
111370 44 77
111370 56 84
111671 11 26
111671 35 75
111972 4 74
111972 24 48
111972 26 71
111972 29 53
111972 35 75
112273 35 75
112273 35 52
112574 24 31
112574 31 48
112574 81 88
112875 0 48
112875 4 50
112875 9 73
112875 9 62
112875 15 67
112875 52 75
112875 53 66
113176 14 72
113176 28 53
113477 9 28
113477 12 84
113477 55 87
113778 0 14
113778 53 70
113778 60 79
114079 0 45
114079 7 78
114079 7 21
114079 14 24
114079 21 78
114079 29 53
114380 9 73
114380 50 86
114681 7 84
114681 35 86
114681 35 50
114681 37 80
114681 37 50
114681 38 86
114681 50 75
114681 50 80
114982 17 18
114982 18 68
114982 24 48
114982 32 58
115283 17 68
115584 7 12
115584 22 32
115885 24 48
115885 24 45
115885 29 63
115885 29 70
115885 39 45
115885 42 65
115885 45 72
115885 45 48
116186 24 45
116186 55 79
116186 69 73
116487 5 11
116487 8 85
116487 9 62
116487 29 53
116487 38 45
116487 40 41
116788 18 47
116788 18 37
116788 58 65
117089 6 88
117089 18 37
117089 22 85
117089 23 69
117089 28 62
117390 29 53
117390 36 79
117390 36 55
117390 55 79
117691 23 30
117691 45 72
117691 45 65
117691 49 74
117691 49 55
117691 50 86
117691 52 84
117691 65 72
117691 69 73
117992 5 72
117992 50 74
117992 53 69
117992 55 79
118293 29 53
118293 50 74
118293 52 86
118594 2 88
118594 40 88
118594 40 84
118594 84 88
118895 44 51
118895 57 62
119196 9 62
119196 29 53
119196 37 58
119196 50 74
119497 8 26
119497 50 74
119497 53 69
119798 21 76
120099 7 50
120400 4 86
120400 29 53
120400 37 58
120701 29 53
121002 28 70
121303 8 26
121303 9 62
121303 29 53
121303 36 55
121303 36 79
121303 55 79
121604 9 30
121604 19 62
121604 21 56
121604 22 64
121604 77 82
121905 4 52
121905 8 26
121905 28 29
121905 29 70
121905 37 77
121905 38 39
122206 2 12
122206 12 72
122206 58 72
122206 59 78
122206 65 72
122507 25 87
122808 3 37
122808 5 34
123109 9 62
123109 18 90
123109 23 30
123109 50 57
123109 50 86
123410 30 53
123410 58 72
123410 58 85
123410 80 85
123711 7 78
123711 16 25
123711 27 60
124012 7 84
124012 16 84
124012 25 84
124012 64 77
124313 8 26
124313 14 44
124313 52 79
124614 9 63
124614 9 73
124915 14 58
124915 21 76
124915 25 79
125216 5 44
125216 11 44
125216 28 69
125216 29 70
125216 44 51
125517 0 14
125517 41 79
125517 53 69
125517 77 82
125818 7 27
125818 27 60
125818 27 57
125818 28 61
125818 29 53
125818 49 74
125818 57 60
126119 5 39
126119 8 84
126119 9 31
126119 24 48
126119 29 53
126119 46 84
126420 55 79
126721 5 24
126721 7 16
126721 8 26
126721 14 90
126721 18 37
127022 24 69
127022 28 69
127323 62 73
127624 8 26
127624 9 62
127624 9 73
127624 69 73
127925 22 64
127925 30 66
127925 44 86
127925 58 65
128226 21 84
128226 30 66
128226 55 86
128527 17 18
128527 22 32
128527 32 38
128828 22 72
128828 28 69
129129 19 59
129129 19 76
129129 24 45
129129 25 47
129129 27 57
129129 28 69
129430 5 14
129731 17 80
129731 21 84
129731 24 48
129731 35 75
129731 46 84
130032 4 50
130032 7 57
130032 8 26
130032 9 62
130032 13 50
130032 14 37
130032 32 80
130032 37 90
130333 69 70
130634 0 14
130935 50 86
130935 56 84
131236 24 48
131236 42 84
131236 52 84
131236 53 63
131537 1 16
131537 2 15
131537 31 71
131537 33 40
131838 9 62
132139 29 70
132139 44 72
132139 53 70
132440 9 62
132440 29 53
132741 7 84
132741 44 65
133042 9 23
133042 9 62
133343 32 38
133644 28 66
133945 1 65
133945 8 39
133945 8 85
133945 9 62
133945 12 29
133945 14 45
133945 22 51
133945 29 63
133945 38 45
133945 41 86
133945 50 75
133945 53 70
133945 61 90
133945 75 79
134246 17 68
134246 18 34
134246 35 75
134246 36 75
134547 5 14
134547 9 62
134547 29 53
134547 37 58
134848 8 26
134848 21 61
134848 22 64
135149 17 18
135450 51 54
135450 63 89
135751 23 30
136052 8 26
136052 26 80
136052 31 58
136052 39 85
136052 80 91
136353 11 44
136353 11 30
136353 24 48
136654 9 62
136654 22 32
136654 76 78
136955 4 79
136955 9 29
136955 27 81
136955 57 88
137256 20 84
137256 29 63
137256 37 58
137256 59 76
137557 21 61
137557 22 64
137557 57 88
137858 5 51
137858 5 35
137858 14 39
137858 17 51
137858 27 35
137858 27 75
137858 35 75
137858 51 68
138159 2 28
138159 2 39
138159 11 34
138159 28 38
138159 61 86
138159 77 86
138460 5 72
138460 5 37
138460 22 26
138460 22 37
138460 22 72
138460 26 37
138460 26 72
138460 29 53
138460 37 72
138460 53 63
138761 14 24
138761 50 55
139062 50 86
139363 6 40
139363 9 30
139363 9 29
139363 28 29
139363 28 53
139363 29 53
139664 52 79
139965 5 11
139965 5 72
140266 29 53
140567 11 44
140868 1 78
140868 3 14
140868 21 84
140868 28 73
140868 29 70
140868 45 65
141169 5 80
141169 5 18
141169 18 80
141470 49 55
141771 7 58
141771 21 69
141771 36 50
141771 76 78
142072 34 84
142072 35 75
142072 50 86
142072 55 74
142373 29 63
142674 14 58
142674 21 61
142975 0 14
142975 9 62
142975 29 53
143276 14 18
143276 25 58
143276 29 53
143276 35 75
143276 50 75
143276 56 60
143577 9 62
143577 29 53
143577 57 88
143878 5 24
143878 5 65
143878 9 66
143878 9 13
143878 24 32
143878 57 60
144179 22 64
144179 24 48
144480 9 73
144480 16 88
144480 21 69
144480 22 64
144480 53 70
144781 16 84
144781 28 69
144781 32 38
144781 35 50
144781 37 82
144781 37 77
144781 45 65
145082 0 48
145082 8 90
145082 9 80
145082 9 30
145082 15 67
145082 24 48
145082 30 53
145082 53 73
145082 53 62
145383 16 76
145383 32 38
145684 1 59
145684 1 88
145684 1 84
145684 11 24
145684 12 88
145684 15 88
145684 23 69
145684 24 55
145684 50 86
145684 84 88
145985 12 78
146286 24 28
146286 29 53
146286 55 74
146286 76 81
146587 12 44
146587 12 58
146587 12 77
146587 24 48
146587 58 65
146888 24 48
146888 46 84
146888 74 79
147189 22 64
147189 35 52
147189 44 51
147189 46 89
147490 5 18
147490 16 88
147490 28 73
147490 29 53
147490 39 51
147490 49 86
147490 49 55
147791 1 88
147791 9 62
147791 9 73
147791 16 88
147791 28 73
147791 29 73
147791 35 52
147791 37 77
147791 53 73
147791 62 73
148092 0 14
148092 7 16
148092 8 90
148092 8 60
148092 9 62
148092 9 69
148092 17 68
148393 24 48
148393 28 70
148393 57 76
148694 28 84
148694 28 43
148694 39 51
148995 2 15
148995 2 48
148995 15 48
148995 24 49
148995 35 75
148995 48 49
149296 29 53
149296 49 52
149597 2 10
149597 2 40
149597 2 6
149597 6 10
149597 21 88
149597 44 51
149898 9 73
149898 29 63
150199 14 37
150199 37 58
150199 44 51
150500 4 48
150500 7 76
150500 8 34
150500 8 90
150500 11 24
150500 12 16
150500 27 81
150500 27 76
150500 35 75
150801 1 12
150801 9 73
150801 9 62
150801 51 71
151102 15 33
151102 22 85
151102 22 32
151102 28 66
151102 53 63
151102 58 72
151403 8 82
151403 9 19
151403 9 62
151403 22 39
151403 22 64
151403 38 44
151704 9 62
151704 15 33
151704 44 52
151704 62 73
152005 26 32
152306 12 88
152306 17 18
152306 55 74
152607 42 51
152607 46 60
152908 1 78
152908 3 5
152908 29 63
153209 23 69
153209 23 30
153209 29 53
153209 30 63
153209 30 53
153510 9 73
153510 9 62
153510 14 51
153510 29 53
153510 49 55
153811 5 39
153811 24 48
153811 35 86
153811 35 52
154112 1 16
154112 7 88
154112 9 62
154112 35 79
154112 35 52
154112 35 36
154112 35 84
154112 36 79
154112 76 88
154413 1 6
154413 1 59
154413 1 88
154413 7 81
154413 29 53
154714 4 86
154714 52 86
155015 1 16
155015 1 59
155015 16 59
155015 49 55
155015 55 79
155316 23 30
155316 29 53
155316 29 30
155316 35 52
155316 43 45
155316 44 51
155617 23 49
155617 25 49
155617 28 69
155617 37 77
155617 52 75
155617 53 61
155918 9 73
155918 29 63
156219 8 26
156219 53 63
156520 8 26
156520 31 71
156520 42 59
156520 53 63
156821 6 40
156821 7 58
156821 15 33
156821 38 45
156821 44 52
157122 2 15
157122 5 11
157122 14 19
157122 17 18
157122 19 79
157122 42 79
157423 9 73
157423 49 73
157423 50 86
157423 57 60
157724 19 76
157724 22 64
157724 35 79
157724 77 82
158025 24 58
158025 32 80
158025 67 76
158326 4 86
158326 29 53
158627 0 48
158627 7 12
158627 9 63
158627 9 28
158627 32 71
158627 37 58
158928 35 75
158928 62 73
159229 0 14
159229 18 45
159229 35 52
159530 29 53
159530 50 86
159530 51 65
159831 15 33
159831 25 55
159831 56 60
160132 1 59
160132 6 88
160132 32 38
160433 0 14
160433 29 53
160433 37 58
160734 39 58
160734 49 58
160734 49 79
160734 49 88
160734 79 88
160734 79 84
161035 24 48
161336 19 86
161637 29 53
161637 44 51
161938 29 63
161938 55 79
162239 28 69
162540 28 70
162540 39 72
162540 72 90
162841 9 62
162841 9 17
162841 24 48
162841 76 88
163142 8 26
163142 28 70
163443 29 63
163443 50 86
163744 25 87
164045 7 59
164045 8 90
164045 24 48
164045 79 86
164346 22 64
164346 28 57
164346 37 58
164647 25 86
164647 29 53
164647 50 86
164948 8 26
164948 29 91
164948 39 58
164948 42 43
164948 42 50
165249 3 22
165249 5 18
165249 11 24
165249 22 64
165249 50 86
165249 55 79
165550 35 75
165550 76 84
165851 17 18
165851 45 65
166152 28 69
166152 29 53
166152 37 82
166152 44 51
166453 0 24
166453 4 84
166453 35 52
166453 55 79
166754 22 64
166754 40 88
166754 44 51
166754 67 78
167055 29 70
167356 22 64
167356 24 48
167356 44 51
167356 77 82
167657 15 60
167958 38 58
167958 59 78
167958 76 78
168259 21 59
168560 28 69
168560 29 53
168861 2 84
168861 3 68
168861 8 90
168861 9 30
168861 9 62
168861 24 48
168861 52 75
168861 62 73
169162 9 66
169162 14 24
169162 24 58
169162 28 84
169463 7 88
169463 7 27
169463 7 57
169463 27 88
169463 27 77
169463 27 58
169463 58 77
169764 12 58
169764 12 56
169764 17 34
169764 50 75
169764 56 58
170065 28 30
170366 9 62
170366 29 30
170366 50 86
170667 3 58
170667 30 53
170968 8 30
170968 8 90
170968 9 73
170968 15 67
170968 52 75
170968 53 73
171269 5 22
171269 23 61
171570 24 45
171570 29 53
171570 37 58
171570 44 51
171570 67 76
171871 5 72
171871 7 58
171871 9 23
171871 29 53
171871 49 52
172172 67 84
172473 29 53
172473 30 62
172473 49 52
172774 14 24
173075 17 18
173075 22 32
173075 35 75
173075 39 90
173075 79 87
173376 5 72
173376 9 62
173376 49 86
173376 49 55
173376 55 86
173677 45 65
173677 50 86
173677 55 74
173978 5 18
173978 8 26
174279 12 44
174580 8 26
174580 9 62
174580 21 84
174881 21 56
174881 24 48
175182 9 51
175182 9 39
175182 9 62
175182 39 51
175483 9 62
175483 17 18
175483 29 61
175483 44 51
175483 50 86
175483 79 87
175784 9 28
175784 9 69
175784 9 63
175784 17 68
175784 28 73
175784 28 70
175784 28 30
175784 28 69
175784 30 62
175784 35 75
175784 53 62
175784 53 70
175784 61 62
176085 9 29
176085 11 48
176085 24 48
176085 27 81
176085 57 88
176085 74 86
176386 14 65
176386 14 45
176386 22 64
176386 29 53
176386 39 58
176386 39 85
176386 46 89
176386 58 85
176386 58 65
176687 9 73
176687 17 18
176687 35 75
176687 39 90
176988 14 37
176988 35 87
176988 35 52
177289 3 14
177289 14 37
177289 16 84
177289 17 18
177289 50 75
177590 8 26
177590 42 43
177590 53 63
177891 9 73
177891 35 50
177891 50 86
177891 50 84
178192 14 22
178493 28 69
178794 28 66
178794 42 51
178794 46 60
178794 53 70
179095 7 58
179095 19 76
179095 21 69
179095 28 73
179095 59 76
179396 9 62
179396 17 68
179396 18 68
179697 17 34
179697 17 68
179697 28 70
179998 24 48
179998 29 69
179998 66 69
180299 1 76
180299 22 64
180299 24 48
180299 27 76
180299 44 51
180299 52 87
180299 77 82
180600 0 24
180600 17 68
180901 7 25
180901 7 16
180901 16 25
180901 30 66
180901 61 69
181202 9 69
181202 9 66
181202 9 62
181202 12 57
181202 29 53
181202 50 74
181202 62 69
181202 80 85
181503 7 88
181503 22 64
181503 24 48
181503 59 67
181503 61 66
181503 77 82
181804 17 18
182105 45 65
182406 5 39
182406 14 58
182406 40 88
182406 49 55
182707 14 47
182707 32 38
183008 18 37
183008 29 53
183008 39 51
183309 29 53
183309 29 63
183610 29 53
183911 27 60
183911 50 75
184212 8 26
184212 85 90
184513 9 62
184513 9 73
184513 17 18
184513 50 74
184513 53 69
184814 5 47
184814 9 28
184814 9 63
184814 9 69
184814 9 73
184814 9 62
184814 24 48
184814 28 73
185115 29 63
185416 4 86
185416 9 63
185416 52 87
185717 64 77
186018 9 30
186018 24 48
186018 31 91
186018 32 88
186018 66 69
186319 5 18
186319 12 44
186319 12 77
186319 12 64
186319 24 48
186319 39 65
186319 64 77
186620 21 84
186921 50 74
187222 7 12
187222 38 69
187523 0 65
187523 14 65
187523 39 45
187824 1 76
187824 37 58
188125 3 19
188125 3 14
188125 9 14
188125 19 42
188125 29 63
188426 20 84
188426 35 52
188426 35 84
188426 55 79
188426 56 87
188426 56 84
188727 9 62
188727 15 33
188727 60 81
188727 76 88
189028 19 75
189028 19 50
189028 27 60
189028 35 75
189028 35 50
189028 50 75
189028 50 52
189028 52 75
189329 7 58
189630 12 16
189630 27 81
189630 39 57
189630 50 86
189931 29 53
190232 3 8
190232 14 85
190232 19 79
190232 24 48
190232 45 65
190533 5 18
190533 7 16
190533 9 29
190533 22 32
190533 52 55
190533 55 74
190834 3 18
190834 9 62
190834 18 65
190834 29 53
190834 45 58
191135 7 16
191135 7 25
191135 16 25
191135 30 66
191436 9 28
191436 15 60
191436 16 76
191436 21 60
191436 28 62
191436 35 50
191436 38 90
191436 50 75
191436 85 90
191737 24 28
191737 29 53
191737 55 74
191737 76 81
192038 24 48
192038 31 32
192339 8 50
192339 9 62
192339 38 45
192339 50 75
192640 37 58
192640 44 52
192941 3 5
192941 11 48
192941 11 24
192941 57 88
193242 12 58
193242 43 58
193242 44 45
193242 79 88
193543 15 33
193543 46 76
193543 60 81
193844 28 53
193844 44 51
194145 12 27
194145 17 34
194446 11 48
194446 44 58
194446 49 84
194446 50 74
194446 75 88
194446 79 88
194747 9 62
194747 9 19
194747 14 37
194747 19 44
194747 21 61
194747 22 64
194747 29 53
194747 44 45
194747 44 58
194747 44 60
194747 59 76
195048 0 14
195048 7 16
195048 8 60
195048 8 90
195048 9 62
195048 53 66
195349 21 69
195349 21 61
195349 61 69
195650 53 66
195951 12 76
195951 22 64
195951 35 79
195951 38 45
195951 56 76
196252 7 58
196252 29 53
196252 35 48
196252 49 52
196252 55 79
196553 17 18
196553 79 87
196854 3 53
196854 22 32
196854 22 45
196854 28 70
196854 44 51
196854 53 70
196854 53 61
197155 1 10
197155 1 16
197155 1 33
197155 2 10
197155 2 6
197155 5 39
197155 6 10
197155 6 40
197155 6 27
197155 10 38
197155 10 40
197155 10 16
197155 12 44
197155 12 77
197155 16 33
197155 17 18
197155 24 48
197155 27 40
197155 38 45
197155 38 85
197155 39 65
197155 45 85
197456 8 26
197456 9 62
197456 9 28
197456 28 73
197456 28 62
197456 50 52
197456 50 86
197757 2 15
197757 17 18
197757 35 75
198058 24 48
198058 29 30
198058 30 53
198058 30 63
198359 44 51
198359 88 89
198660 14 44
198660 14 22
198961 12 78
198961 58 65
198961 84 89
199262 11 23
199262 23 69
199262 53 63
199563 1 16
199563 15 16
199563 25 49
199563 55 79
199864 3 5
199864 29 63
200165 28 53
200165 42 43
200466 24 48
200466 52 75
200466 69 70
200767 5 72
200767 12 44
200767 58 65
201068 7 81
201068 14 45
201068 57 60
201369 0 24
201369 0 14
201369 14 24
201369 14 48
201369 22 77
201369 24 48
201369 45 48
201670 0 45
201670 29 53
201670 37 58
201670 37 47
201971 1 16
201971 35 52
201971 35 84
202272 28 84
202272 35 75
202272 55 75
202573 9 62
202573 9 69
202573 9 66
202573 28 69
202573 29 30
202573 30 66
202573 37 58
202573 37 77
202573 64 82
202573 65 82
202874 9 62
202874 9 77
202874 28 73
202874 44 51
203175 14 32
203476 6 40
203476 7 76
203777 9 63
203777 9 28
203777 61 62
204078 37 58
204078 53 61
204078 53 70
204379 24 48
204379 29 53
204379 35 75
204680 21 61
204680 24 45
204680 30 66
204680 69 73
204981 29 63
205282 17 68
205282 17 34
205282 28 45
205282 44 45
205583 7 46
205583 17 18
205583 42 43
205583 45 58
205884 5 75
206185 65 91
206486 37 58
206486 44 51
206787 2 15
206787 9 73
206787 20 40
206787 44 70
207088 28 84
207389 7 12
207389 29 53
207690 1 7
207690 9 73
207690 14 51
207690 23 53
207690 23 73
207690 23 29
207690 28 53
207690 28 73
207690 28 29
207690 29 53
207991 21 69
207991 29 53
207991 75 79
208292 24 44
208292 29 63
208593 8 26
208593 50 74
208894 24 59
208894 29 53
208894 45 90
208894 53 63
209195 29 53
209496 9 62
209496 29 69
209496 29 53
209496 50 74
209496 53 69
209496 55 79
209797 3 18
209797 7 58
209797 12 15
209797 15 33
210098 17 68
210098 50 86
210399 3 72
210399 52 79
210399 62 73
210399 79 86
210700 15 33
210700 22 85
210700 28 66
210700 44 51
210700 53 63
211001 7 16
211001 29 53
211302 15 33
211603 5 85
211603 5 80
211603 21 84
211603 28 69
211904 11 44
211904 24 48
212205 9 73
212205 29 69
212205 29 53
212205 37 58
212205 50 74
212205 53 69
212506 11 58
212506 12 44
212506 12 72
212506 28 53
212506 35 50
212506 43 58
212506 44 58
212506 44 56
212506 53 70
212506 56 58
212506 56 65
212807 15 33
213108 11 24
213108 19 59
213108 37 72
213108 59 76
213108 70 73
213409 0 14
213409 0 3
213409 3 14
213409 7 78
213710 9 73
213710 14 24
213710 59 76
214011 9 28
214011 9 63
214011 28 69
214011 37 77
214312 7 58
214312 15 33
214312 60 81
214613 0 24
214613 5 24
214613 12 58
214613 39 58
214613 79 88
214914 17 18
214914 21 56
214914 21 59
214914 24 48
214914 32 58
215215 7 58
215215 9 73
215215 24 35
215215 29 53
215215 35 48
215215 42 55
215215 49 52
215215 55 79
215516 14 48
215516 29 53
215516 53 70
215516 53 66
215516 59 76
215817 35 75
215817 45 58
216118 4 50
216118 14 24
216118 21 69
216118 29 53
216118 45 58
216419 7 25
216419 9 66
216419 9 72
216419 22 64
216419 35 52
216720 24 48
216720 26 31
216720 35 75
217021 7 27
217322 52 79
217623 11 84
217623 18 47
217623 18 37
217623 58 65
217924 11 24
217924 53 73
218225 0 14
218225 3 14
218225 8 90
218225 9 69
218225 16 84
218225 17 18
218225 30 53
218225 65 82
218526 3 83
218526 29 53
218526 50 74
218827 9 62
218827 19 73
218827 29 73
218827 29 63
218827 56 84
219128 3 11
219128 28 76
219128 57 76
219429 8 26
219429 22 91
219429 24 48
219429 42 43
219429 48 49
219429 53 70
219429 79 88
219730 4 79
219730 16 84
220031 12 43
220332 8 26
220332 44 51
220633 36 55
220934 11 44
220934 25 75
221235 2 10
221235 2 6
221235 5 51
221235 6 10
221235 11 14
221235 14 34
221235 27 46
221235 44 51
221536 21 84
221536 24 48
221536 55 79
221837 17 18
221837 45 65
221837 49 52
221837 52 86
222138 19 79
222138 21 61
222138 24 45
222138 27 57
222138 28 69
222138 44 51
222138 53 66
222138 61 66
222138 79 87
222439 11 57
222439 22 64
222439 56 57
222740 7 76
222740 8 26
222740 15 33
222740 23 29
222740 29 53
222740 53 63
223041 9 62
223041 9 73
223041 50 86
223342 49 55
223342 49 86
223342 50 86
223342 52 55
223643 24 32
223944 2 10
223944 3 14
223944 6 10
223944 11 14
223944 44 51
224245 4 52
224245 14 24
224245 21 69
224245 29 53
224546 29 53
224847 29 53
224847 37 58
224847 44 51
225148 16 84
225449 8 37
225449 37 82
225449 37 58
225449 58 82
225750 35 52
226051 28 70
226051 38 39
226352 7 12
226352 23 29
226653 0 24
226653 35 49
226653 45 58
226653 50 86
226653 55 74
226954 39 72
226954 42 72
226954 42 58
226954 58 72
227255 8 26
227255 22 71
227255 38 85
227255 38 90
227255 39 65
227255 58 85
227255 72 90
227556 5 37
227556 35 75
227556 35 49
227556 46 57
227857 45 72
228158 5 72
228158 28 69
228158 49 55
228158 49 86
228158 55 86
228459 22 64
228459 77 82
228760 8 26
228760 14 44
229061 11 69
229061 11 23
229061 23 69
229061 53 63
229362 25 84
229362 64 77
229362 75 79
229663 2 15
229663 2 3
229663 24 48
229663 35 75
229964 7 21
229964 7 78
229964 17 68
229964 21 78
229964 29 53
229964 36 50
230265 15 33
230566 17 18
230566 22 32
230566 79 87
230566 84 87
230867 29 63
231168 52 79
231469 9 62
231770 29 53
231770 49 86
231770 59 76
232071 0 48
232071 0 14
232071 9 62
232071 18 68
232372 8 39
232372 8 85
232372 9 62
232372 9 19
232372 37 58
232372 38 45
232673 3 5
232673 9 62
232673 9 29
232673 11 24
232673 11 48
232673 18 37
232673 24 48
232974 7 88
233275 14 72
233275 14 34
233275 14 85
233275 24 48
233275 27 75
233275 27 35
233275 35 75
233576 22 64
233576 24 48
233576 37 58
233877 9 73
233877 11 23
233877 17 18
233877 22 85
234178 39 51
234479 9 43
234479 9 73
234479 15 67
234479 23 69
234479 30 66
234479 52 75
234479 55 86
234780 14 58
234780 14 37
234780 22 91
234780 23 30
234780 38 80
234780 38 91
234780 85 91
235081 12 88
235081 22 85
235081 55 74
235382 29 53
235382 29 63
235382 45 65
235382 45 85
235382 58 65
235683 12 59
235984 3 85
235984 50 86
236285 7 88
236285 8 26
236285 53 63
236586 11 77
236586 17 34
236586 22 48
236586 27 81
236586 27 48
236586 27 77
236586 27 64
236586 48 64
236586 64 77
236586 85 90
236887 5 85
236887 5 72
236887 55 86
236887 72 80
236887 80 85
237188 11 26
237188 35 75
237489 23 30
237489 24 48
237790 1 76
237790 35 79
237790 77 82
238091 7 84
238091 24 84
238091 27 84
238091 33 84
238091 51 58
238392 50 74
238392 53 69
238693 1 33
238693 14 37
238693 64 77
238994 0 24
238994 19 42
238994 19 50
238994 20 35
238994 22 32
238994 55 79
238994 84 87
239295 23 29
239295 55 74
239596 18 37
239596 23 30
239897 29 53
239897 37 58
239897 44 51
240198 0 14
240198 12 88
240198 31 51
240198 51 71
240499 34 86
240800 7 78
240800 29 53
241101 6 10
241101 16 46
241101 44 51
241101 57 88
241402 14 50
241402 22 64
241402 44 86
241703 32 80
241703 45 83
241703 50 74
241703 55 79
241703 58 72
242004 45 58
242004 45 72
242004 63 70
242004 64 77
242305 9 53
242305 29 53
242305 37 58
242305 50 86
242305 53 73
242305 53 66
242305 62 73
242606 4 87
242606 9 62
242606 22 85
242606 29 53
242606 36 50
242606 84 89
242907 39 58
242907 65 84
242907 79 84
242907 79 88
243208 24 48
243208 29 30
243208 30 63
243208 47 58
243509 5 37
243509 24 31
243509 31 48
243810 7 88
243810 17 51
243810 29 53
243810 29 63
243810 39 51
243810 53 63
243810 53 69
243810 66 69
244111 7 78
244111 9 69
244111 9 29
244111 29 63
244412 9 62
244412 13 88
244412 21 88
244412 29 53
244412 29 69
244412 45 83
244412 50 74
244412 55 79
244713 5 18
244713 5 11
244713 62 73
245014 0 24
245014 17 18
245014 79 87
245014 84 87
245315 14 39
245315 14 58
245616 9 63
245616 9 28
245917 17 68
245917 28 69
245917 29 53
245917 37 82
245917 44 51
246218 0 48
246218 8 16
246218 8 90
246218 16 84
246218 29 53
246218 29 30
246519 2 88
246519 3 44
246519 7 58
246820 1 7
246820 17 18
246820 55 79
246820 75 79
247121 28 62
247121 29 53
247121 45 85
247121 45 65
247422 9 23
247422 9 73
247422 14 24
247422 24 48
247723 28 69
247723 53 70
248024 9 28
248024 9 63
248024 9 69
248024 28 69
248024 28 70
248325 28 62
248325 28 29
248325 29 53
248626 14 58
248626 21 61
248626 21 76
248927 9 62
249228 29 53
249228 37 58
249228 50 86
249228 51 65
249529 5 11
249529 11 24
249529 14 48
249529 19 59
249529 19 76
249529 28 73
249529 29 53
249529 39 51
249529 70 73
249830 20 35
249830 39 45
249830 42 79
250131 14 58
250131 22 38
250432 7 78
250432 28 69
250432 46 60
250432 49 86
250432 49 55
250432 55 86
250733 22 32
251034 14 22
251034 14 39
251034 21 84
251034 30 90
251034 59 78
251335 28 69
251335 46 89
251636 9 73
251636 9 30
251636 9 29
251636 29 63
251636 29 62
251636 61 63
251636 63 66
251937 19 73
251937 52 75
252238 9 73
252238 9 62
252539 2 28
252539 5 22
252539 22 85
252840 3 83
252840 3 43
252840 44 51
253141 14 48
253141 14 24
253141 24 48
253442 11 23
253442 17 18
253442 23 69
253442 35 74
253442 62 73
253743 9 73
254044 37 77
254044 42 76
254044 49 55
254044 55 86
254345 1 40
254345 1 6
254345 6 60
254345 27 84
254345 44 65
254345 58 65
254646 5 14
254646 37 58
254646 44 45
254947 12 60
254947 35 75
255248 0 45
255248 3 5
255248 9 29
255248 9 30
255248 9 70
255248 9 28
255549 1 27
255549 1 7
255549 6 27
255549 6 7
255549 27 33
255549 29 63
255549 37 58
255549 44 65
255850 12 59
255850 50 86
255850 75 84
256151 53 63
256452 7 25
256452 16 25
256452 30 66
256753 28 53
256753 44 51
257054 58 65
257054 76 84
257355 5 84
257355 22 77
257355 24 48
257656 9 73
257656 9 69
257656 29 53
257656 49 52
257656 55 79
257656 67 76
257957 9 62
257957 12 16
257957 35 75
257957 57 60
257957 57 88
257957 58 90
258258 23 69
258559 9 62
258860 21 84
258860 22 85
259161 36 50
259462 32 85
259462 50 86
259763 0 24
259763 4 86
259763 9 69
259763 21 84
259763 24 48
259763 61 62
260064 3 80
260064 28 53
260064 49 55
260365 29 63
260365 50 86
260666 9 62
260666 9 19
260666 12 58
260666 22 64
260666 24 48
260666 29 53
260666 53 63
260967 9 63
260967 9 73
260967 9 28
260967 9 69
260967 24 48
260967 28 70
260967 37 65
260967 53 70
260967 61 62
261268 14 37
261268 29 53
261569 24 58
261870 28 84
262171 11 44
262171 24 63
262171 37 82
262171 86 91
262472 24 31
262472 24 48
262472 31 48
262472 71 83
262773 35 75
262773 44 51
263074 27 73
263074 29 53
263074 37 84
263074 49 86
263074 49 50
263375 5 37
263375 9 62
263375 9 73
263375 24 48
263375 24 77
263375 24 74
263676 9 73
263676 63 70
263977 16 78
263977 28 73
263977 53 63
263977 61 71
263977 70 73
263977 75 79
264278 1 88
264278 5 51
264278 5 18
264278 7 88
264278 29 53
264278 39 51
264278 49 67
264278 55 86
264579 0 24
264579 5 34
264880 67 84
265181 14 85
265181 23 69
265181 23 31
265181 27 75
265181 31 69
