0 11 44
0 11 30
0 24 48
301 12 43
602 52 79
903 1 76
903 35 79
903 77 82
1204 5 37
1204 35 75
1204 35 49
1204 46 57
1505 20 35
1505 39 45
1505 42 79
1806 5 54
1806 7 59
1806 9 62
1806 62 69
2107 17 18
2107 21 56
2107 21 59
2107 24 48
2107 32 58
2408 9 73
2408 9 62
2408 14 51
2408 29 53
2408 49 55
2709 12 58
2709 58 72
2709 59 78
3010 14 24
3010 21 69
3010 29 53
3010 85 91
3311 2 88
3311 40 88
3311 40 84
3311 84 88
3612 11 26
3612 35 75
3913 14 72
3913 14 34
3913 14 85
3913 24 48
3913 27 75
3913 27 35
3913 35 75
4214 29 53
4214 46 89
4515 15 33
4515 22 85
4515 22 32
4515 28 66
4515 53 63
4515 58 72
4816 3 24
4816 15 33
4816 23 30
4816 28 29
4816 44 51
4816 53 63
5117 17 68
5117 29 53
5117 57 60
5418 9 69
5418 9 66
5418 9 62
5418 12 57
5418 29 53
5418 50 74
5418 62 69
5418 80 85
5719 5 84
5719 22 77
5719 24 48
6020 14 58
6020 59 76
6321 15 33
6321 35 75
6321 49 50
6321 52 55
6622 16 25
6622 52 87
6923 29 53
7224 18 37
7224 29 53
7224 39 51
7525 35 55
7525 50 74
7826 5 11
7826 5 72
8127 40 88
8127 55 74
8428 29 53
8428 35 75
8428 42 50
8729 9 73
8729 11 23
8729 17 18
8729 22 85
9030 4 50
9030 9 62
9030 23 30
9030 30 44
9030 35 52
9030 46 49
9030 49 86
9030 53 70
9331 9 63
9331 28 70
9331 35 75
9632 28 69
9933 7 78
9933 7 59
9933 20 52
9933 20 35
9933 28 40
9933 28 73
9933 35 52
9933 35 84
9933 35 87
9933 40 84
9933 42 79
9933 52 84
9933 56 87
9933 56 84
10234 7 58
10535 1 78
10535 9 19
10535 9 73
10535 19 42
10535 19 50
10535 58 72
10535 62 73
10836 4 52
10836 8 26
10836 28 29
10836 29 70
10836 37 77
10836 38 39
11137 12 78
11137 58 65
11137 84 89
11438 27 73
11438 29 53
11438 37 84
11438 49 86
11438 49 50
11739 5 85
11739 5 72
11739 55 86
11739 72 80
11739 80 85
12040 0 14
12040 18 45
12040 35 52
12341 0 48
12341 16 84
12341 24 48
12341 29 53
12642 29 53
12642 49 86
12642 59 76
12943 12 27
12943 17 34
13244 28 84
13545 9 62
13545 14 24
13545 25 79
13545 25 88
13545 38 51
13545 39 51
13545 45 58
13545 51 65
13545 51 72
13545 58 72
13545 65 72
13545 66 70
13846 9 63
13846 9 28
13846 61 62
14147 11 44
14448 8 26
14448 26 32
14448 38 90
14448 38 85
14448 58 90
14448 58 85
14448 85 90
14749 21 84
14749 23 29
14749 51 65
15050 20 35
15050 39 45
15050 42 79
15050 52 84
15050 56 84
15351 2 15
15351 2 48
15351 15 48
15351 24 49
15351 35 75
15351 48 49
15652 17 18
15652 22 32
15652 35 75
15652 39 90
15652 79 87
15953 2 88
15953 3 44
15953 7 58
16254 21 84
16254 22 85
16555 21 61
16555 22 64
16555 57 88
16856 11 84
16856 12 84
16856 16 33
16856 29 53
16856 42 43
16856 44 45
16856 49 84
16856 49 58
16856 49 64
16856 58 84
16856 64 77
16856 79 88
17157 8 37
17157 37 82
17157 37 58
17157 58 82
17458 7 76
17458 9 63
17759 9 66
17759 14 24
17759 24 58
17759 28 84
18060 7 16
18060 7 25
18060 16 25
18060 17 18
18060 30 66
18361 5 37
18361 9 62
18361 9 73
18361 24 48
18361 24 77
18361 24 74
18662 11 38
18662 29 53
18662 62 73
18662 69 70
18662 84 88
18963 3 65
18963 9 73
18963 17 51
18963 51 68
19264 17 18
19264 29 53
19565 49 84
19866 19 59
19866 19 76
19866 24 45
19866 25 47
19866 27 57
19866 28 69
20167 44 51
20167 57 62
20468 5 34
20468 29 63
20468 53 63
20769 37 58
20769 44 51
21070 17 68
21070 17 34
21070 34 68
21070 35 75
21070 35 36
21070 36 75
21070 75 86
21371 12 78
21672 7 25
21672 21 79
21672 24 48
21672 24 45
21672 28 69
21973 58 65
21973 76 84
22274 9 73
22274 29 69
22274 29 53
22274 37 58
22274 50 74
22274 53 69
22575 9 62
22575 9 69
22575 9 66
22575 28 69
22575 29 30
22575 30 66
22575 37 58
22575 37 77
22575 64 82
22575 65 82
22876 23 53
22876 35 52
22876 44 77
22876 56 84
23177 7 76
23177 8 26
23177 15 33
23177 23 29
23177 29 53
23177 53 63
23478 24 48
23478 46 84
23478 79 86
23779 3 22
23779 5 18
23779 11 24
23779 22 64
23779 50 86
23779 55 79
24080 18 37
24080 29 53
24080 35 55
24080 39 72
24080 80 85
24381 7 84
24381 8 26
24381 21 84
24381 31 71
24682 31 71
24983 6 40
24983 7 16
25284 24 45
25284 55 79
25284 69 73
25585 7 16
25585 29 53
25886 0 24
26187 62 73
26187 71 83
26488 17 18
26789 11 24
26789 19 59
26789 37 72
26789 59 76
26789 70 73
27090 21 28
27090 29 53
27090 67 78
27391 1 16
27391 2 15
27391 31 71
27391 33 40
27692 1 88
27692 9 62
27692 9 73
27692 16 88
27692 28 73
27692 29 73
27692 35 52
27692 37 77
27692 53 73
27692 62 73
27993 7 81
27993 14 45
27993 57 60
28294 29 53
28294 53 73
28595 17 18
28595 45 65
28595 49 52
28595 52 86
28896 24 48
28896 29 53
28896 35 75
29197 0 14
29498 29 53
29799 2 10
29799 2 6
29799 5 51
29799 6 10
29799 11 14
29799 14 34
29799 27 46
29799 44 51
30100 9 73
30100 9 62
30401 9 73
30401 35 50
30401 50 86
30401 50 84
30702 6 40
30702 9 73
30702 9 61
30702 50 86
31003 0 24
31003 32 91
31003 57 60
31304 7 88
31304 17 51
31304 29 53
31304 29 63
31304 39 51
31304 53 63
31304 53 69
31304 66 69
31605 9 53
31605 29 53
31605 37 58
31605 50 86
31605 53 73
31605 53 66
31605 62 73
31906 1 16
31906 15 16
31906 25 49
31906 55 79
32207 14 24
32207 29 63
32207 35 75
32207 59 76
32508 1 7
32508 17 18
32508 55 79
32508 75 79
32809 11 48
32809 57 76
32809 58 65
33110 23 69
33411 18 34
33411 21 66
33411 29 69
33411 50 74
33411 55 79
33411 57 60
33712 21 59
34013 29 53
34314 9 28
34314 9 63
34615 67 84
34916 6 40
34916 24 45
34916 49 86
34916 57 60
35217 12 59
35518 0 48
35518 8 90
35518 9 80
35518 9 30
35518 15 67
35518 24 48
35518 30 53
35518 53 73
35518 53 62
35819 18 22
35819 22 85
35819 28 66
35819 80 85
36120 29 63
36421 3 44
36421 44 51
36421 77 82
36722 8 26
36722 9 62
36722 29 53
36722 36 55
36722 36 79
36722 55 79
37023 7 84
37023 24 84
37023 27 84
37023 33 84
37023 51 58
37324 9 73
37324 28 84
37324 28 76
37324 76 84
37625 3 5
37625 9 62
37625 9 29
37625 11 24
37625 11 48
37625 18 37
37625 24 48
37926 29 63
37926 56 84
38227 24 48
38227 52 75
38227 69 70
38528 29 63
38829 49 55
39130 9 46
39130 55 84
39431 22 32
39732 7 88
39732 9 62
39732 52 75
40033 2 15
40033 3 14
40033 7 50
40033 9 62
40033 9 73
40334 5 75
40635 0 24
40635 4 84
40635 35 52
40635 55 79
40936 3 14
40936 19 24
40936 24 48
40936 53 70
41237 0 24
41237 9 62
41237 15 67
41237 52 75
41237 62 73
41538 8 58
41538 14 58
41538 19 27
41538 27 50
41538 27 84
41538 27 35
41538 27 52
41538 27 75
41538 27 65
41538 27 72
41538 35 75
41538 35 38
41538 35 37
41538 35 45
41538 45 58
41538 45 72
41538 58 72
41839 7 12
41839 29 53
41839 45 83
41839 50 74
42140 25 87
42441 5 18
42441 66 69
42742 0 45
42742 29 53
42742 37 58
42742 37 47
43043 18 47
43043 18 37
43043 58 65
43344 5 80
43344 5 18
43344 18 80
43645 24 48
43645 29 30
43645 30 53
43645 30 63
43946 45 72
44247 8 82
44247 9 19
44247 9 62
44247 22 39
44247 22 64
44247 38 44
44548 11 44
44548 25 86
44548 35 75
44548 35 52
44548 52 75
44849 4 74
44849 24 48
44849 26 71
44849 29 53
44849 35 75
45150 15 33
45451 14 37
45451 37 58
45451 44 51
45752 3 58
45752 30 53
46053 14 37
46053 29 53
46354 24 48
46354 26 31
46354 35 75
46354 37 91
46655 9 73
46655 9 30
46655 9 29
46655 29 63
46655 29 62
46655 61 63
46655 63 66
46956 7 58
46956 24 35
46956 24 48
46956 29 53
46956 49 52
46956 55 79
47257 9 62
47257 28 69
47257 30 66
47257 52 75
47558 17 18
47558 32 38
47859 19 75
47859 19 50
47859 27 60
47859 35 75
47859 35 50
47859 50 75
47859 50 52
47859 52 75
48160 1 16
48160 1 59
48160 16 59
48160 49 55
48160 55 79
48461 45 65
48461 52 86
48762 7 12
48762 22 32
49063 24 48
49063 28 70
49063 57 76
49364 2 71
49364 14 58
49364 14 39
49364 14 24
49364 37 82
49364 39 58
49364 53 70
49665 37 58
49966 7 25
49966 35 84
49966 45 70
49966 52 84
50267 17 18
50267 79 87
50568 14 24
50568 27 56
50568 27 60
50568 28 53
50568 29 53
50568 29 70
50568 45 65
50568 65 72
50869 5 18
50869 9 53
50869 12 44
50869 12 77
50869 39 65
50869 39 58
50869 44 65
50869 58 65
51170 21 84
51170 24 48
51170 55 79
51471 5 72
51471 5 37
51471 5 22
51471 16 45
51471 18 72
51471 22 37
51471 22 26
51471 26 72
51471 26 37
51471 26 71
51471 28 73
51471 37 72
51471 60 81
51471 60 88
51772 9 63
52073 3 37
52073 5 34
52374 8 26
52374 50 74
52374 53 69
52675 17 68
52675 42 50
52976 34 86
53277 30 57
53277 51 90
53277 52 75
53277 56 59
53277 58 65
53277 59 78
53578 29 53
53578 52 86
53879 11 69
53879 11 23
53879 23 69
53879 53 63
54180 23 69
54180 23 30
54180 29 53
54180 30 63
54180 30 53
54481 9 62
54481 50 74
54481 58 72
54782 4 52
54782 7 88
54782 9 73
54782 9 62
54782 29 53
54782 52 55
54782 55 79
55083 9 73
55083 50 86
55384 39 58
55384 65 84
55384 79 84
55384 79 88
55685 8 26
55685 42 43
55685 53 63
55986 21 69
55986 21 61
55986 61 69
56287 34 84
56287 50 74
56287 58 72
56287 80 85
56588 12 88
56588 22 85
56588 55 74
56889 0 24
56889 17 68
57190 5 14
57190 29 70
57190 44 51
57491 9 62
57491 9 45
57491 12 57
57491 13 50
57491 14 85
57491 14 24
57491 27 75
57491 45 61
57491 45 83
57491 50 74
57792 1 16
57792 35 52
57792 35 84
58093 9 62
58093 29 69
58093 29 53
58093 50 74
58093 53 69
58093 55 79
58394 69 70
58695 28 29
58695 29 70
58996 7 86
58996 25 35
59297 29 53
59598 1 6
59598 1 33
59598 1 40
59598 1 10
59598 6 40
59598 10 40
59598 12 44
59598 18 68
59598 24 48
59598 33 40
59899 5 22
59899 23 61
60200 32 85
60200 50 86
60501 8 26
60501 49 74
60802 9 62
61103 39 58
61103 49 58
61103 49 79
61103 49 88
61103 79 88
61103 79 84
61404 9 62
61705 40 56
62006 7 59
62006 8 90
62006 24 48
62006 79 86
62307 23 53
62307 28 69
62307 35 52
62307 46 50
62307 50 86
62307 53 70
62608 7 27
62909 29 63
62909 50 84
62909 58 65
62909 59 76
62909 76 81
63210 14 37
63210 35 87
63210 35 52
63511 21 56
63511 36 50
63812 1 7
63812 1 40
63812 7 40
63812 33 59
64113 9 62
64113 13 88
64113 21 88
64113 29 53
64113 29 69
64113 45 83
64113 50 74
64113 55 79
64414 24 45
64414 29 53
64414 37 58
64414 44 51
64414 67 76
64715 9 62
64715 9 77
64715 28 73
64715 44 51
65016 9 62
65016 19 73
65016 29 73
65016 29 63
65016 56 84
65317 50 84
65618 53 62
65618 76 78
65919 9 62
65919 22 32
65919 76 78
66220 9 62
66521 9 43
66521 9 73
66521 15 67
66521 23 69
66521 30 66
66521 52 75
66521 55 86
66822 21 69
66822 24 45
67123 35 50
67123 42 50
67424 12 59
67424 50 86
67424 75 84
67725 11 23
67725 21 30
67725 23 69
67725 37 58
67725 74 86
68026 1 33
68026 1 7
68026 5 72
68026 11 72
68026 14 37
68026 24 45
68026 37 58
68026 58 65
68327 5 47
68327 9 28
68327 9 63
68327 9 69
68327 9 73
68327 9 62
68327 24 48
68327 28 73
68628 17 68
68628 36 50
68929 21 56
68929 22 64
68929 24 48
68929 35 79
68929 77 82
69230 3 24
69230 14 45
69230 24 29
69230 24 53
69230 24 28
69230 29 53
69230 44 51
69531 14 48
69531 14 24
69531 24 48
69832 6 58
69832 6 7
69832 7 58
69832 29 53
70133 0 65
70133 14 65
70133 39 45
70434 11 26
70434 35 75
70735 14 24
70735 28 84
70735 39 51
71036 53 66
71337 28 53
71337 44 51
71638 24 48
71638 35 52
71638 39 45
71638 57 62
71939 35 75
71939 45 58
72240 27 60
72240 50 75
72541 22 64
72541 35 52
72541 44 51
72541 46 89
72842 9 19
72842 9 62
72842 9 73
72842 19 73
72842 45 65
72842 62 73
73143 11 23
73444 4 79
73444 9 29
73444 27 81
73444 57 88
73745 58 59
73745 59 76
73745 59 78
73745 60 81
73745 76 88
74046 28 69
74046 29 53
74347 8 26
74347 9 62
74347 21 84
74648 15 33
74648 22 85
74648 28 66
74648 44 51
74648 53 63
74949 7 46
74949 17 18
74949 42 43
74949 45 58
75250 9 28
75250 9 69
75250 9 63
75250 17 68
75250 28 73
75250 28 70
75250 28 30
75250 28 69
75250 30 62
75250 35 75
75250 53 62
75250 53 70
75250 61 62
75551 28 62
75551 28 29
75551 29 53
75852 0 14
75852 7 16
75852 8 90
75852 8 60
75852 9 62
75852 9 69
75852 17 68
76153 3 14
76153 4 86
76153 7 12
76153 7 76
76153 9 28
76454 23 30
76454 29 53
76454 29 30
76454 35 52
76454 43 45
76454 44 51
76755 28 70
77056 9 62
77056 14 24
77056 18 47
77056 19 58
77056 21 69
77056 58 72
77357 5 18
77357 5 11
77357 62 73
77658 9 28
77658 9 63
77658 28 69
77658 37 77
77959 7 88
78260 2 28
78260 5 22
78260 22 85
78561 21 84
78862 9 66
78862 9 62
78862 9 73
78862 11 84
78862 62 73
79163 24 48
79163 35 75
79163 46 84
79464 12 64
79464 12 45
79464 12 58
79464 17 18
79464 18 68
79464 34 58
79464 45 58
79464 64 77
79765 35 75
79765 55 86
80066 8 50
80066 9 62
80066 38 45
80066 50 75
80367 9 62
80367 38 58
80367 38 45
80367 59 78
80367 76 78
80668 2 28
80668 5 22
80668 23 61
80969 1 12
80969 9 73
80969 9 62
80969 51 71
81270 22 64
81270 45 85
81270 45 65
81270 65 85
81571 1 78
81571 3 5
81571 29 63
81872 7 84
81872 35 86
81872 35 50
81872 37 80
81872 37 50
81872 38 86
81872 50 75
81872 50 80
82173 29 53
82173 29 63
82173 45 65
82173 45 85
82173 58 65
82474 22 64
82474 61 69
82775 0 14
83076 25 84
83076 64 77
83076 75 79
83377 28 69
83678 7 88
83678 8 26
83678 53 63
83979 29 63
83979 55 79
84280 20 40
84280 29 53
84280 50 86
84581 3 85
84581 22 85
84882 1 59
84882 6 88
84882 32 38
85183 5 72
85183 28 69
85183 49 55
85183 49 86
85183 55 86
85484 4 50
85484 9 62
85484 9 73
85484 15 67
85484 28 69
85484 44 51
85484 52 75
85785 29 63
86086 29 53
86387 8 26
86387 50 74
86688 35 75
86688 44 51
86989 0 24
86989 5 34
87290 8 54
87290 8 32
87290 22 37
87290 22 72
87290 22 26
87290 22 91
87290 26 37
87290 29 53
87290 37 72
87290 37 90
87591 0 14
87591 14 37
87591 17 18
87591 28 30
87591 37 82
87892 21 69
87892 29 53
87892 75 79
88193 17 68
88193 28 69
88193 29 53
88193 37 82
88193 44 51
88494 9 30
88494 19 62
88494 21 56
88494 22 64
88494 77 82
88795 9 73
88795 49 73
88795 50 86
88795 57 60
89096 24 48
89096 29 69
89096 66 69
89397 1 27
89397 1 7
89397 6 27
89397 6 7
89397 27 33
89397 29 63
89397 37 58
89397 44 65
89698 22 85
89999 8 30
89999 8 90
89999 9 73
89999 15 67
89999 52 75
89999 53 73
90300 2 15
90300 5 11
90300 14 19
90300 17 18
90300 19 79
90300 42 79
90601 4 86
90601 52 86
90902 9 23
90902 9 62
91203 28 66
91203 42 51
91203 46 60
91203 53 70
91504 14 18
91504 25 58
91504 29 53
91504 35 75
91504 50 75
91504 56 60
91805 45 58
91805 45 72
91805 63 70
91805 64 77
92106 0 14
92106 9 62
92106 29 53
92407 14 58
92407 21 61
92708 22 64
92708 24 48
92708 44 51
92708 77 82
93009 25 86
93009 29 53
93009 50 86
93310 7 12
93310 22 91
93310 24 32
93310 33 84
93310 79 88
93310 85 91
93611 44 51
93611 55 79
93912 9 73
94213 27 60
94213 29 63
94213 37 58
94213 50 75
94514 7 88
94514 7 27
94514 7 57
94514 27 88
94514 27 77
94514 27 58
94514 58 77
94815 1 33
94815 1 2
94815 1 6
94815 2 6
94815 2 10
94815 6 33
94815 10 84
94815 16 53
94815 16 70
94815 33 44
94815 39 51
94815 51 58
94815 51 65
94815 53 70
94815 56 84
94815 58 65
94815 67 84
95116 9 62
95116 77 82
95417 8 26
95417 44 51
95718 29 70
95718 29 69
95718 29 53
95718 53 63
95718 59 78
95718 85 91
96019 8 26
96019 9 62
96019 9 73
96019 69 73
96320 1 33
96320 14 37
96320 64 77
96621 28 70
96922 22 72
96922 28 69
97223 7 50
97524 11 24
97524 11 51
97524 17 68
97524 22 64
97524 27 51
97524 27 68
97825 24 28
97825 29 53
97825 55 74
97825 76 81
98126 50 74
98126 53 69
98427 6 7
98427 8 14
98427 9 62
98427 14 37
98427 35 75
98728 22 64
98728 28 57
98728 37 58
99029 21 46
99029 24 48
99029 26 31
99029 75 79
99330 27 60
99330 29 63
99631 1 88
99631 9 62
99631 27 88
99631 28 69
99631 29 53
99932 29 53
100233 5 21
100233 21 84
100534 3 51
100534 3 23
100534 23 49
100534 28 69
100534 42 51
100534 52 75
100534 80 90
100835 9 73
100835 17 84
100835 24 28
100835 29 53
101136 9 62
101136 11 44
101437 1 2
101437 1 78
101437 2 10
101437 6 10
101437 7 78
101437 21 76
101437 77 82
101738 37 84
102039 28 66
102340 55 79
102641 7 58
102641 9 73
102641 24 35
102641 29 53
102641 35 48
102641 42 55
102641 49 52
102641 55 79
102942 17 68
102942 50 86
103243 15 33
103243 50 86
103243 60 81
103243 76 88
103544 7 58
103544 15 33
103544 60 81
103845 9 62
103845 29 53
104146 8 26
104146 14 44
104447 0 24
104447 1 15
104447 29 63
104447 55 79
104447 56 84
104748 14 24
104748 22 77
104748 24 48
105049 8 16
105049 28 69
105350 9 62
105350 17 68
105350 18 68
105651 38 58
105651 59 78
105651 76 78
105952 50 86
105952 56 84
106253 7 16
106253 7 58
106554 58 65
106554 76 78
106554 76 81
106554 78 81
106855 9 62
106855 29 53
106855 37 58
106855 50 74
107156 7 46
107156 17 34
107156 17 18
107156 17 46
107156 32 85
107156 32 38
107156 35 75
107156 64 77
107457 22 85
107457 46 89
107758 29 63
108059 1 6
108059 1 59
108059 1 88
108059 7 81
108059 29 53
108360 9 30
108360 9 28
108360 9 53
108360 28 30
108360 28 73
108360 29 53
108360 44 51
108661 0 48
108661 8 90
108661 16 84
108661 29 53
108962 14 48
108962 29 53
108962 53 70
108962 53 66
108962 59 76
109263 37 77
109263 42 76
109263 49 55
109263 55 86
109564 2 12
109564 12 72
109564 58 72
109564 59 78
109564 65 72
109865 0 48
109865 7 12
109865 9 63
109865 9 28
109865 32 71
109865 37 58
110166 28 69
110166 29 53
110166 37 82
110166 44 51
110467 8 85
110467 8 37
110467 9 62
110467 50 75
110467 59 76
110768 14 24
110768 50 55
111069 8 26
111069 85 90
111370 1 76
111370 37 58
111671 16 84
111972 17 18
111972 28 30
111972 64 77
112273 20 84
112273 35 52
112273 35 84
112273 55 79
112273 56 87
112273 56 84
112574 3 53
112574 22 32
112574 22 45
112574 28 70
112574 44 51
112574 53 70
112574 53 61
112875 24 58
112875 32 80
112875 67 76
113176 14 44
113176 14 22
113477 9 62
113477 9 17
113477 24 48
113477 76 88
113778 0 24
113778 0 14
113778 14 24
113778 14 48
113778 22 77
113778 24 48
113778 45 48
114079 8 26
114079 9 62
114079 9 28
114079 28 73
114079 28 62
114079 50 52
114079 50 86
114380 14 72
114380 28 53
114681 11 44
114681 24 48
114982 9 73
114982 63 70
115283 18 90
115283 23 30
115283 35 75
115283 46 84
115283 50 86
115283 50 60
115283 57 88
115283 62 73
115584 0 48
115584 9 63
115584 52 87
115885 9 62
115885 15 33
115885 60 81
115885 76 88
116186 3 72
116186 8 83
116186 14 44
116186 29 53
116186 44 51
116487 24 48
116487 26 31
116487 35 75
116788 24 48
117089 17 68
117089 22 85
117089 26 37
117089 28 70
117089 37 72
117089 55 86
117390 9 63
117691 58 72
117691 64 77
117992 24 32
118293 5 14
118594 12 16
118594 27 81
118594 39 57
118594 50 86
118895 21 42
118895 22 38
118895 24 45
118895 25 28
118895 27 57
118895 53 70
119196 2 15
119196 7 16
119196 7 12
119196 12 16
119497 30 53
119497 58 72
119497 58 85
119497 80 85
119798 45 65
119798 50 86
119798 55 74
120099 53 63
120400 24 58
120400 28 84
120400 28 62
120701 12 42
121002 0 14
121002 41 79
121002 53 69
121002 77 82
121303 3 85
121303 50 86
121604 8 79
121604 21 69
121604 29 63
121905 22 64
121905 77 82
122206 6 12
122206 6 26
122206 7 46
122206 9 62
122206 9 26
122206 12 46
122206 14 24
122507 6 40
122507 7 58
122507 15 33
122507 38 45
122507 44 52
122808 1 16
122808 7 88
122808 9 62
122808 35 79
122808 35 52
122808 35 36
122808 35 84
122808 36 79
122808 76 88
123109 19 73
123109 52 75
123410 2 10
123410 6 84
123410 10 16
123410 10 33
123410 11 84
123410 12 44
123410 24 31
123410 33 44
123410 39 51
123410 51 58
123410 51 65
123410 58 65
123410 67 84
123711 0 24
123711 22 38
123711 24 45
123711 25 28
123711 25 53
123711 27 57
123711 28 53
123711 53 69
123711 67 76
124012 7 88
124012 22 64
124012 24 48
124012 59 67
124012 61 66
124012 77 82
124313 2 15
124313 2 3
124313 24 48
124313 35 75
124614 39 72
124614 42 72
124614 42 58
124614 58 72
124915 52 79
125216 28 84
125216 35 75
125216 55 75
125517 29 70
125818 23 29
125818 55 74
126119 9 73
126119 9 19
126119 33 88
126119 50 75
126420 22 32
126420 24 48
126721 0 14
126721 12 88
126721 31 51
126721 51 71
127022 24 48
127022 42 84
127022 52 84
127022 53 63
127323 1 84
127323 1 59
127323 1 6
127323 9 73
127323 20 84
127323 28 69
127323 29 53
127323 67 84
127323 84 88
127624 7 56
127624 9 73
127925 0 51
127925 4 36
127925 17 18
127925 26 65
127925 29 53
127925 45 72
128226 3 44
128226 22 64
128226 44 51
128226 45 58
128527 7 58
128527 7 25
128527 21 69
128527 25 58
128527 27 76
128527 28 66
128527 75 79
128527 76 78
128828 8 26
128828 28 70
129129 14 22
129430 9 23
129430 9 73
129430 14 24
129430 24 48
129731 8 26
129731 44 51
130032 29 53
130032 37 58
130032 44 51
130333 14 58
130333 21 61
130333 21 76
130634 21 84
130634 30 66
130634 55 86
130935 17 18
130935 22 58
130935 22 32
130935 32 58
131236 9 73
131236 16 88
131236 21 69
131236 22 64
131236 53 70
131537 45 65
131838 24 48
131838 29 30
131838 30 63
131838 47 58
132139 11 23
132139 17 18
132139 23 69
132139 35 74
132139 62 73
132440 29 53
132440 37 58
132440 69 70
132741 9 62
132741 18 90
132741 23 30
132741 50 57
132741 50 86
133042 8 26
133042 9 28
133042 9 62
133042 22 64
133042 28 73
133343 31 71
133343 44 51
133343 53 63
133644 7 78
133644 29 53
133945 29 53
133945 44 51
134246 29 53
134246 50 74
134246 52 86
134547 11 23
134547 23 69
134547 53 63
134848 29 53
135149 17 18
135149 45 65
135450 1 84
135450 5 18
135450 6 84
135450 7 84
135450 20 84
135450 28 30
135450 29 53
135450 32 38
135450 33 84
135450 67 84
135450 81 84
135450 84 88
135751 9 28
135751 9 63
135751 9 69
135751 28 69
135751 28 70
136052 19 79
136052 21 61
136052 24 45
136052 27 57
136052 28 69
136052 44 51
136052 53 66
136052 61 66
136052 79 87
136353 12 44
136353 17 56
136654 2 84
136654 3 68
136654 8 90
136654 9 30
136654 9 62
136654 24 48
136654 52 75
136654 62 73
136955 5 18
137256 23 30
137256 49 74
137256 49 55
137256 55 74
137256 69 73
137557 7 78
137557 20 35
137557 29 73
137557 29 61
137557 35 52
137557 56 87
137557 56 84
137557 63 70
137557 84 87
137858 22 85
137858 61 69
137858 76 78
138159 1 65
138159 8 39
138159 8 85
138159 9 62
138159 12 29
138159 14 45
138159 22 51
138159 29 63
138159 38 45
138159 41 86
138159 50 75
138159 53 70
138159 61 90
138159 75 79
138460 17 68
138460 17 34
138460 28 45
138460 44 45
138761 9 73
138761 17 18
138761 35 75
138761 39 90
139062 0 24
139062 4 86
139062 9 69
139062 21 84
139062 24 48
139062 61 62
139363 29 63
139363 50 86
139664 9 73
139664 14 24
139664 59 76
139965 11 44
139965 44 53
139965 53 70
140266 29 53
140266 37 58
140266 50 86
140266 51 65
140567 2 33
140567 24 87
140567 58 62
140868 22 64
140868 24 48
141169 39 51
141470 24 31
141470 24 48
141470 31 48
141470 71 83
141771 7 58
141771 21 84
141771 24 45
141771 28 62
141771 56 60
142072 29 63
142072 50 86
142373 4 49
142373 29 53
142373 57 88
142674 0 14
142674 7 16
142674 8 60
142674 15 67
142674 28 29
142975 1 12
142975 5 45
142975 9 73
142975 9 62
143276 9 62
143276 9 73
143276 17 18
143276 50 74
143276 53 69
143577 44 51
143577 58 65
143878 17 18
144179 9 63
144179 9 73
144480 0 14
144480 7 16
144480 8 60
144480 8 90
144480 9 62
144480 53 66
144781 14 58
144781 21 76
144781 25 79
145082 7 27
145082 8 17
145082 8 51
145082 8 39
145082 8 14
145082 14 51
145082 14 90
145082 19 51
145082 39 51
145082 51 90
145383 9 62
145383 15 33
145383 44 52
145383 62 73
145684 35 75
145684 35 52
145985 25 87
146286 17 68
146587 0 24
146587 42 44
146587 55 79
146587 56 84
146587 56 87
146587 75 79
146888 24 58
147189 21 56
147189 24 48
147490 29 53
147791 7 12
147791 23 29
148092 0 14
148092 7 78
148092 9 62
148092 21 84
148092 21 56
148092 29 53
148092 52 87
148393 0 14
148393 3 14
148393 8 90
148393 9 69
148393 16 84
148393 17 18
148393 30 53
148393 65 82
148694 37 58
148694 50 86
148995 14 58
148995 22 38
149296 0 24
149296 19 42
149296 19 50
149296 20 35
149296 22 32
149296 55 79
149296 84 87
149597 7 12
149597 33 84
149597 72 85
149597 79 88
149898 16 76
149898 32 38
150199 1 16
150199 8 26
150500 8 26
150500 53 63
150801 36 50
151102 5 72
151102 5 37
151102 22 26
151102 22 37
151102 22 72
151102 26 37
151102 26 72
151102 29 53
151102 37 72
151102 53 63
151403 1 59
151403 22 38
151403 29 53
151403 29 30
151403 29 66
151403 30 53
151403 75 79
151704 4 79
151704 16 84
152005 23 30
152005 29 63
152005 37 77
152005 55 86
152306 9 62
152306 9 73
152306 50 86
152607 24 48
152607 31 32
152908 29 63
153209 14 22
153209 14 39
153209 21 84
153209 30 90
153209 59 78
153510 29 53
153811 9 66
153811 14 48
153811 24 32
153811 59 76
154112 17 18
154112 29 63
154413 29 53
154714 5 39
154714 14 58
154714 40 88
154714 49 55
155015 3 83
155015 3 43
155015 44 51
155316 0 48
155316 9 69
155316 9 43
155316 15 67
155316 28 69
155316 44 51
155316 52 75
155316 62 73
155316 69 73
155617 32 38
155918 9 62
155918 12 16
155918 35 75
155918 57 60
155918 57 88
155918 58 90
156219 3 22
156219 28 66
156219 28 69
156520 0 24
156520 17 18
156520 79 87
156520 84 87
156821 3 8
156821 14 85
156821 19 79
156821 24 48
156821 45 65
157122 29 70
157423 1 59
157423 1 88
157423 1 84
157423 11 24
157423 12 88
157423 15 88
157423 23 69
157423 24 55
157423 50 86
157423 84 88
157724 15 60
158025 56 84
158326 22 77
158326 22 64
158627 21 69
158627 29 63
158928 23 29
159229 28 84
159530 3 5
159530 29 63
159831 23 29
159831 29 63
159831 31 71
159831 52 79
160132 9 30
160132 29 53
160132 30 62
160132 37 77
160132 52 84
160433 14 24
160433 14 58
160433 24 58
160734 8 26
160734 14 44
160734 52 79
161035 16 61
161035 23 53
161035 28 69
161035 30 53
161336 12 76
161336 22 64
161336 35 79
161336 38 45
161336 56 76
161637 29 63
161938 8 26
161938 23 30
161938 23 53
161938 29 53
161938 30 53
161938 39 58
162239 0 14
162239 5 22
162239 5 37
162239 5 72
162239 22 26
162239 22 37
162239 22 34
162239 26 37
162239 26 72
162239 34 37
162239 37 72
162239 40 84
162239 40 78
162239 60 88
162239 81 88
162540 15 33
162841 12 44
162841 12 58
162841 12 77
162841 24 48
162841 58 65
163142 28 73
163142 62 73
163142 67 84
163142 67 76
163443 62 73
163744 0 14
163744 16 59
163744 53 69
164045 5 72
164045 30 66
164045 32 91
164045 34 72
164045 53 63
164346 5 18
164346 16 88
164346 28 73
164346 29 53
164346 39 51
164346 49 86
164346 49 55
164647 7 25
164647 24 48
164647 28 69
164948 2 10
164948 2 40
164948 2 6
164948 6 10
164948 21 88
164948 44 51
165249 22 64
165249 42 52
165550 9 62
165550 35 75
165851 8 26
165851 22 71
165851 38 85
165851 38 90
165851 39 65
165851 58 85
165851 72 90
166152 19 86
166453 35 75
166453 76 84
166754 14 71
166754 44 51
166754 50 86
167055 11 58
167055 12 44
167055 12 72
167055 28 53
167055 35 50
167055 43 58
167055 44 58
167055 44 56
167055 53 70
167055 56 58
167055 56 65
167356 8 39
167356 8 85
167356 9 62
167356 9 19
167356 37 58
167356 38 45
167657 5 14
167657 6 88
167657 14 24
167657 28 30
167958 35 75
167958 39 58
167958 79 88
168259 4 87
168259 9 62
168259 22 85
168259 29 53
168259 36 50
168259 84 89
168560 3 11
168560 28 76
168560 57 76
168861 11 86
168861 12 86
168861 76 78
169162 5 72
169162 9 62
169162 49 86
169162 49 55
169162 55 86
169463 5 85
169463 5 80
169463 21 84
169463 28 69
169764 11 77
169764 17 34
169764 22 48
169764 27 81
169764 27 48
169764 27 77
169764 27 64
169764 48 64
169764 64 77
169764 85 90
170065 0 48
170065 0 14
170065 9 62
170065 18 68
170366 0 48
170366 4 50
170366 9 73
170366 9 62
170366 15 67
170366 52 75
170366 53 66
170667 0 14
170667 8 26
170667 9 62
170667 12 32
170667 17 51
170667 21 56
170667 25 39
170667 39 51
170667 56 60
170968 9 60
170968 15 33
170968 35 75
171269 5 24
171269 5 65
171269 9 66
171269 9 13
171269 24 32
171269 57 60
171570 42 86
171570 55 86
171871 2 39
171871 5 48
171871 12 48
171871 12 14
171871 12 20
171871 14 20
171871 14 58
171871 14 78
171871 20 58
171871 20 78
171871 24 87
171871 29 39
171871 31 58
171871 58 78
172172 3 18
172172 7 58
172172 12 15
172172 15 33
172473 7 84
172473 16 84
172473 25 84
172473 64 77
172774 4 55
173075 6 10
173075 6 12
173075 11 58
173075 11 16
173075 39 65
173075 40 57
173075 44 51
173075 44 45
173075 45 51
173075 51 58
173075 51 65
173075 53 70
173075 57 88
173075 58 65
173075 79 84
173075 84 86
173376 1 88
173376 5 51
173376 5 18
173376 7 88
173376 29 53
173376 39 51
173376 49 67
173376 55 86
173677 7 25
173677 22 64
173677 49 84
173677 50 84
173677 50 52
173677 52 84
173978 22 64
173978 40 88
173978 44 51
173978 67 78
174279 23 30
174580 9 73
174580 29 63
174881 12 58
174881 12 56
174881 17 34
174881 50 75
174881 56 58
175182 14 47
175182 45 72
175483 17 80
175483 21 84
175483 24 48
175483 35 75
175483 46 84
175784 14 50
175784 22 64
175784 44 86
176085 8 26
176085 31 71
176085 42 59
176085 53 63
176386 0 24
176687 29 53
176687 30 62
176687 49 52
176988 29 53
176988 35 49
176988 52 86
176988 57 60
176988 74 86
177289 28 69
177289 37 82
177590 34 84
177590 35 75
177590 50 86
177590 55 74
177891 16 59
177891 29 63
177891 50 59
177891 59 76
178192 9 73
178192 29 63
178493 19 62
178493 22 64
178493 77 82
178794 5 18
178794 12 44
178794 12 77
178794 12 64
178794 24 48
178794 39 65
178794 64 77
179095 19 78
179095 21 63
179095 29 53
179396 3 80
179396 28 53
179396 49 55
179697 24 28
179697 29 53
179697 55 74
179697 76 81
179998 7 16
179998 29 53
180299 2 15
180299 2 33
180299 9 73
180299 9 62
180299 15 72
180299 29 63
180299 40 75
180299 50 75
180299 58 86
180299 58 78
180299 58 59
180299 59 78
180299 72 86
180299 72 78
180299 72 75
180299 75 86
180600 7 58
180600 29 53
180600 35 48
180600 49 52
180600 55 79
180901 22 64
180901 30 66
180901 44 86
180901 58 65
181202 15 27
181202 23 30
181202 29 71
181202 37 58
181503 67 84
181804 28 84
181804 39 51
182105 18 37
182105 23 30
182406 5 18
182406 7 16
182406 9 29
182406 22 32
182406 52 55
182406 55 74
182707 50 86
182707 52 84
182707 52 75
182707 59 76
182707 75 84
183008 14 39
183008 14 58
183309 3 5
183309 29 73
183309 50 86
183610 3 5
183610 11 48
183610 11 24
183610 57 88
183911 1 76
183911 22 64
183911 24 48
183911 27 76
183911 44 51
183911 52 87
183911 77 82
184212 1 7
184212 1 27
184212 6 40
184212 7 27
184212 9 62
184212 29 53
184212 55 74
184513 5 39
184513 24 48
184513 35 86
184513 35 52
184814 9 62
184814 16 76
184814 17 68
184814 21 61
184814 24 37
184814 35 75
184814 42 75
184814 45 90
184814 55 79
184814 59 76
185115 28 70
185115 38 39
185416 9 63
185416 9 73
185416 9 28
185416 9 69
185416 24 48
185416 28 70
185416 37 65
185416 53 70
185416 61 62
185717 65 91
186018 3 22
186018 11 24
186018 42 79
186018 52 79
186018 55 79
186319 1 78
186319 3 14
186319 21 84
186319 28 73
186319 29 70
186319 45 65
186620 12 88
186620 17 18
186620 55 74
186921 45 72
187222 17 68
187222 18 34
187222 35 75
187222 36 75
187523 22 85
187523 61 69
187523 63 70
187824 22 50
187824 27 58
188125 28 69
188125 53 70
188426 7 78
188426 28 69
188426 46 60
188426 49 86
188426 49 55
188426 55 86
188727 21 76
189028 34 84
189028 35 75
189028 35 50
189028 37 84
189028 49 86
189028 50 74
189028 58 84
189028 75 86
189329 22 80
189329 28 69
189329 53 70
189630 42 51
189630 46 60
189931 9 62
189931 29 53
189931 57 88
190232 14 58
190232 53 66
190533 4 86
190533 29 53
190834 14 24
190834 76 78
191135 9 62
191135 29 53
191436 7 58
191436 19 76
191436 21 69
191436 28 73
191436 59 76
191737 0 45
191737 3 5
191737 9 29
191737 9 30
191737 9 70
191737 9 28
192038 28 69
192038 29 70
192038 44 51
192339 3 18
192339 9 62
192339 18 65
192339 29 53
192339 45 58
192640 5 44
192640 11 44
192640 28 69
192640 29 70
192640 44 51
192941 3 37
192941 8 26
192941 22 37
192941 23 30
192941 25 49
192941 29 63
192941 37 90
192941 53 61
193242 29 53
193242 52 87
193543 29 53
193543 36 79
193543 36 55
193543 55 79
193844 50 74
194145 52 79
194446 0 24
194446 0 48
194446 9 62
194446 15 67
194446 16 59
194446 23 30
194446 24 48
194446 28 30
194446 44 51
194446 52 75
194747 15 33
195048 0 24
195048 5 24
195048 12 58
195048 39 58
195048 79 88
195349 7 16
195349 7 25
195349 16 25
195349 30 66
195650 2 15
195650 3 14
195650 3 44
195650 9 73
195650 9 62
195650 11 44
195650 19 73
195650 29 63
195650 62 73
195650 62 66
195951 1 84
195951 5 18
195951 15 88
195951 15 40
195951 15 84
195951 18 32
195951 22 32
195951 23 69
195951 28 30
195951 29 53
195951 59 88
195951 59 84
195951 62 75
195951 81 84
195951 84 88
196252 4 86
196252 9 63
196252 52 87
196553 2 15
196553 23 30
196854 23 29
196854 28 29
196854 29 53
196854 35 52
197155 5 51
197155 5 35
197155 14 39
197155 17 51
197155 27 35
197155 27 75
197155 35 75
197155 51 68
197456 9 62
197757 12 58
197757 43 58
197757 44 45
197757 79 88
198058 24 48
198359 3 5
198359 5 18
198359 11 24
198359 18 22
198359 79 84
198660 1 10
198660 1 16
198660 1 33
198660 2 10
198660 2 6
198660 5 39
198660 6 10
198660 6 40
198660 6 27
198660 10 38
198660 10 40
198660 10 16
198660 12 44
198660 12 77
198660 16 33
198660 17 18
198660 24 48
198660 27 40
198660 38 45
198660 38 85
198660 39 65
198660 45 85
198961 9 29
198961 11 48
198961 24 48
198961 27 81
198961 57 88
198961 74 86
199262 0 14
199262 29 53
199262 37 58
199563 15 33
199563 23 61
199864 3 83
199864 29 53
199864 50 74
200165 9 62
200165 9 19
200165 14 37
200165 19 44
200165 21 61
200165 22 64
200165 29 53
200165 44 45
200165 44 58
200165 44 60
200165 59 76
200466 9 62
200466 28 29
200767 2 60
200767 7 33
200767 11 56
200767 28 53
200767 44 51
200767 53 70
200767 58 65
201068 25 36
201068 53 63
201369 5 11
201369 8 85
201369 9 62
201369 29 53
201369 38 45
201369 40 41
201670 6 10
201670 16 46
201670 44 51
201670 57 88
201971 1 7
201971 9 73
201971 14 51
201971 23 53
201971 23 73
201971 23 29
201971 28 53
201971 28 73
201971 28 29
201971 29 53
202272 29 53
202573 9 73
202573 9 69
202573 29 53
202573 49 52
202573 55 79
202573 67 76
202874 3 5
202874 29 63
202874 29 73
202874 50 88
203175 3 68
203175 28 69
203175 37 77
203175 52 75
203175 62 73
203476 22 38
203777 14 72
203777 30 73
203777 30 69
203777 53 69
204078 24 45
204078 29 53
204078 44 51
204379 0 45
204379 29 91
204379 29 53
204379 53 63
204680 23 49
204680 25 49
204680 28 69
204680 37 77
204680 52 75
204680 53 61
204981 11 24
204981 23 30
204981 49 55
205282 35 79
205282 77 82
205583 17 18
205583 18 68
205583 24 48
205583 32 58
205884 8 26
205884 53 63
206185 3 58
206185 25 86
206185 37 58
206185 53 77
206486 21 61
206486 24 45
206486 30 66
206486 69 73
206787 63 70
207088 7 25
207088 16 25
207088 50 86
207389 14 24
207690 9 62
207991 5 37
207991 5 13
207991 5 74
207991 9 62
207991 74 81
208292 3 72
208292 22 38
208292 22 32
208593 14 58
208593 14 37
208593 22 91
208593 23 30
208593 38 80
208593 38 91
208593 85 91
208894 5 85
208894 76 78
209195 2 10
209195 3 14
209195 6 10
209195 11 14
209195 44 51
209496 9 62
209496 29 53
209496 57 88
209797 53 70
210098 12 44
210399 28 53
210399 44 51
210700 5 72
210700 50 74
210700 53 69
210700 55 79
211001 16 78
211001 28 73
211001 53 63
211001 61 71
211001 70 73
211001 75 79
211302 49 55
211302 50 86
211603 5 39
211603 8 84
211603 9 31
211603 24 48
211603 29 53
211603 46 84
211904 11 44
211904 25 75
212205 4 48
212205 7 76
212205 8 34
212205 8 90
212205 11 24
212205 12 16
212205 27 81
212205 27 76
212205 35 75
212506 19 76
212506 22 64
212506 35 79
212506 77 82
212807 7 84
212807 44 65
213108 0 14
213108 0 3
213108 3 14
213108 7 78
213409 6 40
213409 9 30
213409 9 29
213409 28 29
213409 28 53
213409 29 53
213710 21 46
213710 21 26
213710 24 48
213710 26 31
213710 49 79
214011 5 37
214011 24 31
214011 31 48
214312 37 58
214312 44 52
214613 9 62
214613 29 30
214613 50 86
214914 0 24
214914 35 49
214914 45 58
214914 50 86
214914 55 74
215215 1 40
215215 1 6
215215 6 60
215215 27 84
215215 44 65
215215 58 65
215516 12 77
215516 12 84
215516 26 32
215516 57 60
215516 77 84
215817 21 69
215817 58 85
216118 5 24
216118 7 16
216118 8 26
216118 14 90
216118 18 37
216419 28 69
216419 29 63
216720 28 69
216720 46 89
217021 15 33
217021 25 86
217322 0 48
217322 8 16
217322 8 90
217322 16 84
217322 29 53
217322 29 30
217623 49 55
217623 49 86
217623 50 86
217623 52 55
217924 7 27
217924 27 57
217924 57 60
218225 9 62
218225 17 18
218225 29 61
218225 44 51
218225 50 86
218225 79 87
218526 22 64
218526 24 48
218526 37 58
218827 12 60
218827 35 75
219128 0 24
219128 5 34
219128 23 29
219128 29 30
219429 5 37
219429 5 34
219429 7 27
219429 7 88
219429 23 30
219429 27 88
219429 30 34
219429 34 37
219730 17 18
219730 22 32
219730 79 87
219730 84 87
220031 29 53
220031 37 58
220031 44 51
220332 8 26
220332 29 91
220332 39 58
220332 42 43
220332 42 50
220633 15 33
220934 9 69
220934 9 63
220934 24 48
220934 28 70
220934 37 65
220934 53 70
220934 61 62
221235 5 18
221235 7 33
221235 29 90
221235 44 51
221235 45 64
221235 81 88
221536 8 26
221536 26 80
221536 31 58
221536 39 85
221536 80 91
221837 24 48
222138 29 53
222138 29 63
222439 15 33
222740 8 90
222740 8 58
222740 45 58
223041 14 58
223041 21 61
223342 11 48
223342 44 58
223342 49 84
223342 50 74
223342 75 88
223342 79 88
223643 9 73
223643 9 62
223643 50 74
223944 14 58
223944 21 40
223944 47 58
224245 14 85
224245 23 69
224245 23 31
224245 27 75
224245 31 69
224546 2 6
224546 2 10
224546 5 39
224546 6 10
224546 7 16
224546 9 62
224546 14 82
224546 21 56
224546 45 58
224847 2 28
224847 2 39
224847 11 34
224847 28 38
224847 61 86
224847 77 86
225148 35 51
225148 35 84
225148 44 51
225148 45 51
225148 53 70
225148 56 88
225148 57 88
225449 4 86
225449 29 53
225449 37 58
225750 45 65
225750 56 86
225750 56 84
225750 84 86
226051 6 88
226051 18 37
226051 22 85
226051 23 69
226051 28 62
226352 7 12
226352 38 69
226653 7 78
226653 9 69
226653 9 29
226653 29 63
226954 35 75
226954 62 73
227255 8 26
227255 9 62
227255 52 84
227556 8 26
227556 21 61
227556 22 64
227857 9 62
227857 12 77
227857 12 44
227857 12 58
227857 24 48
227857 27 46
227857 27 65
227857 27 57
227857 39 65
227857 39 58
227857 46 56
227857 46 57
227857 53 70
227857 58 65
228158 15 33
228158 25 55
228158 56 60
228459 53 70
228760 28 30
229061 11 57
229061 22 64
229061 56 57
229362 9 66
229362 34 84
229362 35 75
229362 67 84
229663 29 53
229663 49 52
229964 1 88
229964 1 59
229964 22 32
230265 28 62
230265 29 53
230265 45 85
230265 45 65
230566 53 70
230867 53 69
230867 61 69
231168 29 53
231168 37 58
231168 62 69
231469 5 37
231469 5 18
231469 14 77
231469 18 37
231469 64 77
231770 6 40
231770 7 76
232071 7 25
232071 16 25
232071 30 66
232372 24 59
232372 29 53
232372 45 90
232372 53 63
232673 28 70
232673 39 72
232673 72 90
232974 2 15
232974 17 18
232974 35 75
233275 0 48
233275 9 73
233275 9 62
233275 15 67
233275 52 75
233576 14 32
233877 7 25
233877 9 66
233877 9 72
233877 22 64
233877 35 52
234178 15 33
234178 44 52
234479 4 41
234479 27 57
234479 28 69
234780 11 48
234780 12 49
234780 49 67
234780 58 65
234780 60 89
235081 7 12
235081 29 53
235382 29 53
235683 4 79
235683 37 58
235683 75 79
235984 9 62
235984 23 30
235984 39 51
235984 42 76
235984 49 55
236285 9 63
236285 28 70
236285 28 53
236285 53 70
236285 61 62
236586 9 51
236586 9 39
236586 9 62
236586 39 51
236887 3 14
236887 9 62
236887 9 28
236887 9 44
236887 34 44
236887 44 45
237188 17 34
237188 17 68
237188 28 70
237489 22 64
237489 24 48
237489 77 82
237790 35 75
237790 35 52
237790 52 75
238091 11 84
238091 14 71
238091 37 58
238091 50 86
238392 32 80
238392 45 83
238392 50 74
238392 55 79
238392 58 72
238693 3 80
238994 26 32
239295 7 88
239295 26 52
239596 9 62
239596 20 31
239596 24 31
239596 24 48
239596 31 48
239596 71 83
239897 21 76
239897 21 69
239897 22 85
240198 9 29
240499 9 62
240499 9 19
240499 12 58
240499 22 64
240499 24 48
240499 29 53
240499 53 63
240800 29 53
240800 35 49
240800 37 84
240800 58 84
241101 2 15
241101 9 73
241101 20 40
241101 44 70
241402 9 62
241402 38 58
241402 38 45
241402 45 58
241703 4 52
241703 14 24
241703 21 69
241703 29 53
242004 0 14
242004 53 70
242004 60 79
242305 22 64
242305 27 57
242305 44 51
242305 77 82
242606 7 21
242606 7 78
242606 17 68
242606 21 78
242606 29 53
242606 36 50
242907 14 47
242907 32 38
243208 7 27
243208 27 60
243208 27 57
243208 28 61
243208 29 53
243208 49 74
243208 57 60
243509 51 54
243509 63 89
243810 21 27
243810 21 59
243810 34 45
243810 54 71
244111 50 86
244412 14 24
244713 3 68
244713 29 63
245014 23 30
245014 24 48
245315 9 73
245315 28 53
245315 50 74
245616 9 66
245616 9 62
245616 30 66
245616 50 74
245616 58 72
245917 36 55
246218 11 44
246519 24 69
246519 28 69
246820 7 78
246820 8 26
246820 14 24
246820 14 64
246820 17 68
246820 29 53
247121 11 84
247121 18 47
247121 18 37
247121 58 65
247422 5 72
247422 7 58
247422 9 23
247422 29 53
247422 49 52
247723 37 58
247723 53 61
247723 53 70
248024 28 70
248325 3 14
248325 14 37
248325 16 84
248325 17 18
248325 50 75
248626 5 14
248626 37 58
248626 44 45
248927 7 58
248927 21 69
248927 36 50
248927 76 78
249228 19 28
249228 35 75
249228 45 65
249529 52 79
249830 8 26
249830 22 91
249830 24 48
249830 42 43
249830 48 49
249830 53 70
249830 79 88
250131 7 78
250131 16 25
250131 27 60
250432 11 24
250432 53 73
250733 24 44
250733 29 63
251034 7 76
251335 11 23
251335 23 69
251335 45 58
251636 24 48
251636 24 45
251636 29 63
251636 29 70
251636 39 45
251636 42 65
251636 45 72
251636 45 48
251937 24 48
251937 46 84
251937 74 79
252238 9 62
252238 22 85
252238 29 53
252238 32 38
252539 7 25
252539 7 16
252539 16 25
252539 30 66
252539 61 69
252840 7 16
252840 7 84
252840 7 25
252840 16 84
252840 16 25
252840 25 84
252840 50 84
253141 29 53
253141 50 86
253141 51 65
253442 17 18
253442 22 32
253442 32 38
253743 29 63
253743 62 73
254044 3 19
254044 3 14
254044 9 14
254044 19 42
254044 29 63
254345 28 84
254345 28 43
254345 39 51
254646 5 18
254646 8 26
254947 44 51
254947 88 89
255248 20 84
255248 29 63
255248 37 58
255248 59 76
255549 11 23
255850 23 30
255850 45 72
255850 45 65
255850 49 74
255850 49 55
255850 50 86
255850 52 84
255850 65 72
255850 69 73
256151 35 52
256452 17 18
256753 29 70
256753 44 72
256753 53 70
257054 11 44
257054 24 63
257054 37 82
257054 86 91
257355 3 45
257656 5 14
257656 9 62
257656 29 53
257656 37 58
257957 4 50
257957 7 57
257957 8 26
257957 9 62
257957 13 50
257957 14 37
257957 32 80
257957 37 90
258258 18 37
258258 53 70
258559 64 77
258860 14 48
258860 23 30
258860 24 48
258860 39 58
258860 45 58
258860 45 72
258860 58 72
259161 5 72
259161 12 44
259161 58 65
259462 16 84
259462 28 69
259462 32 38
259462 35 50
259462 37 82
259462 37 77
259462 45 65
259763 4 86
259763 9 62
259763 24 48
260064 9 30
260064 24 48
260064 31 91
260064 32 88
260064 66 69
260365 15 33
260365 46 76
260365 60 81
260666 3 72
260666 52 79
260666 62 73
260666 79 86
260967 0 65
260967 0 14
260967 22 64
260967 24 48
260967 44 51
261268 3 14
261268 7 88
261268 9 63
261268 9 28
261569 29 53
261870 9 28
261870 15 60
261870 16 76
261870 21 60
261870 28 62
261870 35 50
261870 38 90
261870 50 75
261870 85 90
262171 4 50
262171 14 24
262171 21 69
262171 29 53
262171 45 58
262472 24 31
262472 31 48
262472 81 88
262773 5 11
262773 11 24
262773 14 48
262773 19 59
262773 19 76
262773 28 73
262773 29 53
262773 39 51
262773 70 73
263074 7 46
263074 17 68
263375 9 28
263375 12 84
263375 55 87
263676 14 65
263676 14 45
263676 22 64
263676 29 53
263676 39 58
263676 39 85
263676 46 89
263676 58 85
263676 58 65
263977 0 45
263977 7 78
263977 7 21
263977 14 24
263977 21 78
263977 29 53
264278 9 63
264278 9 28
264579 9 73
264880 28 53
264880 42 43
265181 52 79
