0 3 68
0 29 63
301 39 58
301 65 84
301 79 84
301 79 88
602 28 69
602 46 89
903 7 84
903 8 26
903 21 84
903 31 71
1204 22 72
1204 28 69
1505 1 76
1505 37 58
1806 35 75
1806 45 58
2107 65 91
2408 0 24
2408 42 44
2408 55 79
2408 56 84
2408 56 87
2408 75 79
2709 29 53
2709 52 87
3010 14 48
3010 29 53
3010 53 70
3010 53 66
3010 59 76
3311 22 85
3311 61 69
3311 76 78
3612 9 73
3612 29 63
3913 7 25
3913 22 64
3913 49 84
3913 50 84
3913 50 52
3913 52 84
4214 7 88
4214 7 27
4214 7 57
4214 27 88
4214 27 77
4214 27 58
4214 58 77
4515 58 65
4515 76 84
4816 9 62
4816 13 88
4816 21 88
4816 29 53
4816 29 69
4816 45 83
4816 50 74
4816 55 79
5117 8 26
5117 50 74
5117 53 69
5418 29 53
5418 37 58
5418 69 70
5719 17 68
5719 18 34
5719 35 75
5719 36 75
6020 0 14
6020 7 78
6020 9 62
6020 21 84
6020 21 56
6020 29 53
6020 52 87
6321 3 14
6321 14 37
6321 16 84
6321 17 18
6321 50 75
6622 24 48
6622 29 30
6622 30 53
6622 30 63
6923 2 15
6923 5 11
6923 14 19
6923 17 18
6923 19 79
6923 42 79
7224 37 58
7525 9 62
7525 28 69
7525 30 66
7525 52 75
7826 38 58
7826 59 78
7826 76 78
8127 11 58
8127 12 44
8127 12 72
8127 28 53
8127 35 50
8127 43 58
8127 44 58
8127 44 56
8127 53 70
8127 56 58
8127 56 65
8428 4 49
8428 29 53
8428 57 88
8729 1 7
8729 1 27
8729 6 40
8729 7 27
8729 9 62
8729 29 53
8729 55 74
9030 24 48
9030 42 84
9030 52 84
9030 53 63
9331 7 12
9331 33 84
9331 72 85
9331 79 88
9632 32 80
9632 45 83
9632 50 74
9632 55 79
9632 58 72
9933 7 50
10234 0 14
10234 3 14
10234 8 90
10234 9 69
10234 16 84
10234 17 18
10234 30 53
10234 65 82
10535 28 69
10535 29 70
10535 44 51
10836 14 47
10836 45 72
11137 24 44
11137 29 63
11438 37 84
11739 9 43
11739 9 73
11739 15 67
11739 23 69
11739 30 66
11739 52 75
11739 55 86
12040 2 84
12040 3 68
12040 8 90
12040 9 30
12040 9 62
12040 24 48
12040 52 75
12040 62 73
12341 53 62
12341 76 78
12642 9 62
12943 14 58
12943 21 76
12943 25 79
13244 22 77
13244 22 64
13545 9 29
13545 11 48
13545 24 48
13545 27 81
13545 57 88
13545 74 86
13846 1 78
13846 3 5
13846 29 63
14147 15 33
14147 25 55
14147 56 60
14448 3 5
14448 29 63
14448 29 73
14448 50 88
14749 9 62
14749 9 45
14749 12 57
14749 13 50
14749 14 85
14749 14 24
14749 27 75
14749 45 61
14749 45 83
14749 50 74
15050 9 62
15050 29 53
15351 22 32
15351 24 48
15652 21 27
15652 21 59
15652 34 45
15652 54 71
15953 4 52
15953 8 26
15953 28 29
15953 29 70
15953 37 77
15953 38 39
16254 0 48
16254 4 50
16254 9 73
16254 9 62
16254 15 67
16254 52 75
16254 53 66
16555 0 24
16555 35 49
16555 45 58
16555 50 86
16555 55 74
16856 8 85
16856 8 37
16856 9 62
16856 50 75
16856 59 76
17157 5 11
17157 11 24
17157 14 48
17157 19 59
17157 19 76
17157 28 73
17157 29 53
17157 39 51
17157 70 73
17458 11 23
17759 3 24
17759 15 33
17759 23 30
17759 28 29
17759 44 51
17759 53 63
18060 0 24
18060 1 15
18060 29 63
18060 55 79
18060 56 84
18361 0 14
18361 7 16
18361 8 60
18361 15 67
18361 28 29
18662 28 84
18662 35 75
18662 55 75
18963 19 86
19264 9 30
19264 19 62
19264 21 56
19264 22 64
19264 77 82
19565 1 78
19565 3 14
19565 21 84
19565 28 73
19565 29 70
19565 45 65
19866 17 18
19866 79 87
20167 18 37
20167 53 70
20468 6 40
20468 9 73
20468 9 61
20468 50 86
20769 5 22
20769 23 61
21070 7 58
21070 9 73
21070 24 35
21070 29 53
21070 35 48
21070 42 55
21070 49 52
21070 55 79
21371 0 14
21371 29 53
21371 37 58
21672 9 62
21672 16 76
21672 17 68
21672 21 61
21672 24 37
21672 35 75
21672 42 75
21672 45 90
21672 55 79
21672 59 76
21973 18 90
21973 23 30
21973 35 75
21973 46 84
21973 50 86
21973 50 60
21973 57 88
21973 62 73
22274 5 14
22274 29 70
22274 44 51
22575 31 71
22876 0 14
23177 8 39
23177 8 85
23177 9 62
23177 9 19
23177 37 58
23177 38 45
23478 22 64
23478 40 88
23478 44 51
23478 67 78
23779 12 58
23779 58 72
23779 59 78
24080 2 15
24080 2 48
24080 15 48
24080 24 49
24080 35 75
24080 48 49
24381 5 18
24381 12 44
24381 12 77
24381 12 64
24381 24 48
24381 39 65
24381 64 77
24682 37 58
24682 44 51
24983 14 58
24983 22 38
25284 3 72
25284 8 83
25284 14 44
25284 29 53
25284 44 51
25585 29 63
25585 56 84
25886 35 75
25886 44 51
26187 3 83
26187 3 43
26187 44 51
26488 2 33
26488 24 87
26488 58 62
26789 4 86
26789 52 86
27090 24 48
27090 52 75
27090 69 70
27391 21 84
27391 22 85
27692 28 84
27692 28 43
27692 39 51
27993 24 48
28294 8 58
28294 14 58
28294 19 27
28294 27 50
28294 27 84
28294 27 35
28294 27 52
28294 27 75
28294 27 65
28294 27 72
28294 35 75
28294 35 38
28294 35 37
28294 35 45
28294 45 58
28294 45 72
28294 58 72
28595 7 25
28595 16 25
28595 30 66
28896 0 14
29197 22 64
29197 24 48
29197 77 82
29498 11 84
29498 14 71
29498 37 58
29498 50 86
29799 14 24
29799 76 78
30100 0 14
30100 8 26
30100 9 62
30100 12 32
30100 17 51
30100 21 56
30100 25 39
30100 39 51
30100 56 60
30401 24 45
30401 55 79
30401 69 73
30702 14 32
31003 29 53
31304 3 45
31605 12 59
31605 50 86
31605 75 84
31906 9 53
31906 29 53
31906 37 58
31906 50 86
31906 53 73
31906 53 66
31906 62 73
32207 9 62
32207 9 73
32207 50 86
32508 1 88
32508 1 59
32508 22 32
32809 16 25
32809 52 87
33110 17 18
33110 45 65
33110 49 52
33110 52 86
33411 15 33
33411 46 76
33411 60 81
33712 3 85
33712 50 86
34013 29 53
34013 49 86
34013 59 76
34314 3 5
34314 29 63
34615 3 18
34615 9 62
34615 18 65
34615 29 53
34615 45 58
34916 34 84
34916 35 75
34916 35 50
34916 37 84
34916 49 86
34916 50 74
34916 58 84
34916 75 86
35217 9 73
35217 14 24
35217 59 76
35518 51 54
35518 63 89
35819 8 79
35819 21 69
35819 29 63
36120 21 76
36120 21 69
36120 22 85
36421 39 72
36421 42 72
36421 42 58
36421 58 72
36722 7 84
36722 35 86
36722 35 50
36722 37 80
36722 37 50
36722 38 86
36722 50 75
36722 50 80
37023 29 63
37324 8 30
37324 8 90
37324 9 73
37324 15 67
37324 52 75
37324 53 73
37625 4 74
37625 24 48
37625 26 71
37625 29 53
37625 35 75
37926 24 45
37926 29 53
37926 44 51
38227 12 64
38227 12 45
38227 12 58
38227 17 18
38227 18 68
38227 34 58
38227 45 58
38227 64 77
38528 12 58
38528 43 58
38528 44 45
38528 79 88
38829 2 15
38829 2 3
38829 24 48
38829 35 75
39130 8 82
39130 9 19
39130 9 62
39130 22 39
39130 22 64
39130 38 44
39431 58 59
39431 59 76
39431 59 78
39431 60 81
39431 76 88
39732 35 79
39732 77 82
40033 29 53
40334 2 15
40334 2 33
40334 9 73
40334 9 62
40334 15 72
40334 29 63
40334 40 75
40334 50 75
40334 58 86
40334 58 78
40334 58 59
40334 59 78
40334 72 86
40334 72 78
40334 72 75
40334 75 86
40635 0 24
40635 5 24
40635 12 58
40635 39 58
40635 79 88
40936 14 58
40936 53 66
41237 9 63
41237 9 73
41538 15 27
41538 23 30
41538 29 71
41538 37 58
41839 3 22
41839 28 66
41839 28 69
42140 27 73
42140 29 53
42140 37 84
42140 49 86
42140 49 50
42441 8 26
42441 29 91
42441 39 58
42441 42 43
42441 42 50
42742 52 79
43043 9 73
43043 28 84
43043 28 76
43043 76 84
43344 39 51
43645 22 85
43946 16 78
43946 28 73
43946 53 63
43946 61 71
43946 70 73
43946 75 79
44247 17 68
44247 28 69
44247 29 53
44247 37 82
44247 44 51
44548 9 62
44849 18 37
44849 29 53
44849 39 51
45150 0 48
45150 16 84
45150 24 48
45150 29 53
45451 42 86
45451 55 86
45752 24 48
45752 35 52
45752 39 45
45752 57 62
46053 29 70
46354 24 48
46354 29 53
46354 35 75
46655 3 37
46655 5 34
46956 29 53
46956 29 63
47257 11 44
47257 24 48
47558 1 16
47558 15 16
47558 25 49
47558 55 79
47859 5 80
47859 5 18
47859 18 80
48160 14 24
48160 22 77
48160 24 48
48461 18 34
48461 21 66
48461 29 69
48461 50 74
48461 55 79
48461 57 60
48762 52 79
49063 28 70
49063 38 39
49364 4 79
49364 37 58
49364 75 79
49665 9 28
49665 9 63
49665 28 69
49665 37 77
49966 22 80
49966 28 69
49966 53 70
50267 0 24
50267 5 34
50568 9 23
50568 9 62
50869 28 73
50869 62 73
50869 67 84
50869 67 76
51170 7 88
51170 9 62
51170 52 75
51471 29 53
51471 35 49
51471 37 84
51471 58 84
51772 0 65
51772 14 65
51772 39 45
52073 5 11
52073 5 72
52374 11 44
52675 0 24
52675 0 14
52675 14 24
52675 14 48
52675 22 77
52675 24 48
52675 45 48
52976 9 66
52976 14 24
52976 24 58
52976 28 84
53277 7 21
53277 7 78
53277 17 68
53277 21 78
53277 29 53
53277 36 50
53578 9 23
53578 9 73
53578 14 24
53578 24 48
53879 35 75
53879 62 73
54180 15 33
54180 23 61
54481 5 34
54481 29 63
54481 53 63
54782 8 50
54782 9 62
54782 38 45
54782 50 75
55083 50 86
55083 52 84
55083 52 75
55083 59 76
55083 75 84
55384 9 62
55384 9 17
55384 24 48
55384 76 88
55685 7 25
55685 16 25
55685 50 86
55986 8 26
55986 9 62
55986 9 73
55986 69 73
56287 17 18
56287 22 58
56287 22 32
56287 32 58
56588 31 71
56588 44 51
56588 53 63
56889 24 48
56889 29 69
56889 66 69
57190 12 44
57190 12 58
57190 12 77
57190 24 48
57190 58 65
57491 3 37
57491 8 26
57491 22 37
57491 23 30
57491 25 49
57491 29 63
57491 37 90
57491 53 61
57792 15 33
58093 58 72
58093 64 77
58394 14 24
58394 14 58
58394 24 58
58695 4 52
58695 7 88
58695 9 73
58695 9 62
58695 29 53
58695 52 55
58695 55 79
58996 7 12
58996 23 29
59297 44 51
59297 88 89
59598 9 62
59598 18 90
59598 23 30
59598 50 57
59598 50 86
59899 0 14
59899 0 3
59899 3 14
59899 7 78
60200 11 48
60200 44 58
60200 49 84
60200 50 74
60200 75 88
60200 79 88
60501 29 53
60802 7 78
60802 20 35
60802 29 73
60802 29 61
60802 35 52
60802 56 87
60802 56 84
60802 63 70
60802 84 87
61103 15 33
61103 44 52
61404 5 72
61404 50 74
61404 53 69
61404 55 79
61705 5 11
61705 8 85
61705 9 62
61705 29 53
61705 38 45
61705 40 41
62006 2 15
62006 23 30
62307 29 53
62307 37 58
62307 44 51
62608 2 10
62608 2 6
62608 5 51
62608 6 10
62608 11 14
62608 14 34
62608 27 46
62608 44 51
62909 1 88
62909 9 62
62909 9 73
62909 16 88
62909 28 73
62909 29 73
62909 35 52
62909 37 77
62909 53 73
62909 62 73
63210 56 84
63511 28 66
63812 14 58
63812 21 40
63812 47 58
64113 14 24
64113 21 69
64113 29 53
64113 85 91
64414 0 14
64414 41 79
64414 53 69
64414 77 82
64715 3 5
64715 5 18
64715 11 24
64715 18 22
64715 79 84
65016 9 73
65016 29 63
65317 3 14
65317 7 88
65317 9 63
65317 9 28
65618 12 78
65618 58 65
65618 84 89
65919 17 18
65919 32 38
66220 11 23
66220 17 18
66220 23 69
66220 35 74
66220 62 73
66521 11 44
66822 8 26
66822 28 70
67123 52 79
67424 9 62
67424 9 19
67424 14 37
67424 19 44
67424 21 61
67424 22 64
67424 29 53
67424 44 45
67424 44 58
67424 44 60
67424 59 76
67725 24 32
68026 7 78
68026 9 69
68026 9 29
68026 29 63
68327 14 37
68327 35 87
68327 35 52
68628 14 65
68628 14 45
68628 22 64
68628 29 53
68628 39 58
68628 39 85
68628 46 89
68628 58 85
68628 58 65
68929 29 53
69230 29 53
69230 30 62
69230 49 52
69531 22 64
69531 28 57
69531 37 58
69832 11 23
69832 23 69
69832 53 63
70133 3 72
70133 52 79
70133 62 73
70133 79 86
70434 1 78
70434 9 19
70434 9 73
70434 19 42
70434 19 50
70434 58 72
70434 62 73
70735 35 75
70735 76 84
71036 32 38
71337 17 18
71638 9 29
71939 36 55
72240 30 53
72240 58 72
72240 58 85
72240 80 85
72541 22 64
72541 24 48
72541 44 51
72541 77 82
72842 8 26
72842 85 90
73143 7 27
73444 23 69
73745 25 87
74046 1 33
74046 1 7
74046 5 72
74046 11 72
74046 14 37
74046 24 45
74046 37 58
74046 58 65
74347 5 18
74347 7 33
74347 29 90
74347 44 51
74347 45 64
74347 81 88
74648 5 24
74648 5 65
74648 9 66
74648 9 13
74648 24 32
74648 57 60
74949 9 62
74949 23 30
74949 39 51
74949 42 76
74949 49 55
75250 1 65
75250 8 39
75250 8 85
75250 9 62
75250 12 29
75250 14 45
75250 22 51
75250 29 63
75250 38 45
75250 41 86
75250 50 75
75250 53 70
75250 61 90
75250 75 79
75551 50 86
75551 56 84
75852 9 66
75852 34 84
75852 35 75
75852 67 84
76153 9 62
76454 30 57
76454 51 90
76454 52 75
76454 56 59
76454 58 65
76454 59 78
76755 1 88
76755 9 62
76755 27 88
76755 28 69
76755 29 53
77056 29 53
77056 52 86
77357 5 39
77357 8 84
77357 9 31
77357 24 48
77357 29 53
77357 46 84
77658 9 62
77658 28 29
77959 7 78
77959 16 25
77959 27 60
78260 12 60
78260 35 75
78561 23 30
78862 11 84
78862 12 84
78862 16 33
78862 29 53
78862 42 43
78862 44 45
78862 49 84
78862 49 58
78862 49 64
78862 58 84
78862 64 77
78862 79 88
79163 7 27
79163 8 17
79163 8 51
79163 8 39
79163 8 14
79163 14 51
79163 14 90
79163 19 51
79163 39 51
79163 51 90
79464 19 62
79464 22 64
79464 77 82
79765 29 63
80066 53 70
80367 3 58
80367 30 53
80668 6 40
80668 24 45
80668 49 86
80668 57 60
80969 7 12
80969 29 53
80969 45 83
80969 50 74
81270 5 18
81270 16 88
81270 28 73
81270 29 53
81270 39 51
81270 49 86
81270 49 55
81571 14 24
81571 50 55
81872 19 79
81872 21 61
81872 24 45
81872 27 57
81872 28 69
81872 44 51
81872 53 66
81872 61 66
81872 79 87
82173 5 24
82173 7 16
82173 8 26
82173 14 90
82173 18 37
82474 50 86
82775 9 62
82775 29 53
83076 0 14
83076 12 88
83076 31 51
83076 51 71
83377 7 58
83377 7 25
83377 21 69
83377 25 58
83377 27 76
83377 28 66
83377 75 79
83377 76 78
83678 0 24
83678 22 38
83678 24 45
83678 25 28
83678 25 53
83678 27 57
83678 28 53
83678 53 69
83678 67 76
83979 1 76
83979 35 79
83979 77 82
84280 7 76
84280 8 26
84280 15 33
84280 23 29
84280 29 53
84280 53 63
84581 14 58
84581 21 61
84581 21 76
84882 9 73
84882 35 50
84882 50 86
84882 50 84
85183 5 84
85183 22 77
85183 24 48
85484 3 5
85484 11 48
85484 11 24
85484 57 88
85785 12 27
85785 17 34
86086 11 57
86086 22 64
86086 56 57
86387 0 45
86387 29 53
86387 37 58
86387 37 47
86688 3 80
86688 28 53
86688 49 55
86989 11 44
86989 11 30
86989 24 48
87290 18 37
87290 29 53
87290 35 55
87290 39 72
87290 80 85
87591 7 58
87892 7 12
87892 22 91
87892 24 32
87892 33 84
87892 79 88
87892 85 91
88193 35 75
88193 39 58
88193 79 88
88494 28 84
88795 22 32
89096 11 23
89397 14 44
89397 14 22
89698 22 38
89999 9 69
89999 9 66
89999 9 62
89999 12 57
89999 29 53
89999 50 74
89999 62 69
89999 80 85
90300 0 24
90300 4 84
90300 35 52
90300 55 79
90601 24 48
90601 29 30
90601 30 63
90601 47 58
90902 17 18
90902 21 56
90902 21 59
90902 24 48
90902 32 58
91203 21 76
91504 2 15
91504 3 14
91504 3 44
91504 9 73
91504 9 62
91504 11 44
91504 19 73
91504 29 63
91504 62 73
91504 62 66
91805 50 74
91805 53 69
92106 9 73
92106 29 69
92106 29 53
92106 37 58
92106 50 74
92106 53 69
92407 14 50
92407 22 64
92407 44 86
92708 29 53
93009 7 27
93009 27 57
93009 57 60
93310 7 16
93310 7 25
93310 16 25
93310 30 66
93611 20 40
93611 29 53
93611 50 86
93912 11 44
93912 25 86
93912 35 75
93912 35 52
93912 52 75
94213 1 59
94213 1 88
94213 1 84
94213 11 24
94213 12 88
94213 15 88
94213 23 69
94213 24 55
94213 50 86
94213 84 88
94514 5 37
94514 5 13
94514 5 74
94514 9 62
94514 74 81
94815 28 69
95116 14 24
95116 29 63
95116 35 75
95116 59 76
95417 9 62
95417 29 53
95417 37 58
95417 50 74
95718 0 45
95718 7 78
95718 7 21
95718 14 24
95718 21 78
95718 29 53
96019 24 58
96019 32 80
96019 67 76
96320 34 86
96621 6 88
96621 18 37
96621 22 85
96621 23 69
96621 28 62
96922 49 55
96922 49 86
96922 50 86
96922 52 55
97223 9 62
97223 9 77
97223 28 73
97223 44 51
97524 2 39
97524 5 48
97524 12 48
97524 12 14
97524 12 20
97524 14 20
97524 14 58
97524 14 78
97524 20 58
97524 20 78
97524 24 87
97524 29 39
97524 31 58
97524 58 78
97825 28 70
98126 9 63
98427 11 48
98427 12 49
98427 49 67
98427 58 65
98427 60 89
98728 27 60
98728 29 63
99029 9 62
99029 29 53
99029 57 88
99330 9 62
99330 20 31
99330 24 31
99330 24 48
99330 31 48
99330 71 83
99631 12 43
99932 8 26
99932 21 61
99932 22 64
100233 58 65
100233 76 78
100233 76 81
100233 78 81
100534 9 73
100534 9 69
100534 29 53
100534 49 52
100534 55 79
100534 67 76
100835 9 62
100835 29 53
100835 57 88
101136 3 53
101136 22 32
101136 22 45
101136 28 70
101136 44 51
101136 53 70
101136 53 61
101437 9 62
101437 14 24
101437 25 79
101437 25 88
101437 38 51
101437 39 51
101437 45 58
101437 51 65
101437 51 72
101437 58 72
101437 65 72
101437 66 70
101738 25 84
101738 64 77
101738 75 79
102039 18 37
102039 23 30
102340 22 64
102340 61 69
102641 5 37
102641 9 62
102641 9 73
102641 24 48
102641 24 77
102641 24 74
102942 17 68
103243 9 62
103243 22 32
103243 76 78
103544 55 79
103845 14 71
103845 44 51
103845 50 86
104146 17 18
104146 22 32
104146 79 87
104146 84 87
104447 17 18
104748 29 53
104748 35 75
104748 42 50
105049 0 14
105049 5 22
105049 5 37
105049 5 72
105049 22 26
105049 22 37
105049 22 34
105049 26 37
105049 26 72
105049 34 37
105049 37 72
105049 40 84
105049 40 78
105049 60 88
105049 81 88
105350 17 68
105350 36 50
105651 14 58
105651 21 61
105952 17 68
105952 17 34
105952 28 45
105952 44 45
106253 37 58
106253 53 61
106253 53 70
106554 21 46
106554 21 26
106554 24 48
106554 26 31
106554 49 79
106855 5 37
106855 5 34
106855 7 27
106855 7 88
106855 23 30
106855 27 88
106855 30 34
106855 34 37
107156 5 39
107156 24 48
107156 35 86
107156 35 52
107457 52 79
107758 28 69
107758 29 53
107758 37 82
107758 44 51
108059 21 69
108059 58 85
108360 0 24
108661 9 73
108962 0 48
108962 9 73
108962 9 62
108962 15 67
108962 52 75
109263 17 68
109263 29 53
109263 57 60
109564 14 72
109564 14 34
109564 14 85
109564 24 48
109564 27 75
109564 27 35
109564 35 75
109865 29 70
110166 7 25
110166 21 79
110166 24 48
110166 24 45
110166 28 69
110467 24 48
110467 24 45
110467 29 63
110467 29 70
110467 39 45
110467 42 65
110467 45 72
110467 45 48
110768 3 51
110768 3 23
110768 23 49
110768 28 69
110768 42 51
110768 52 75
110768 80 90
111069 9 62
111069 38 58
111069 38 45
111069 45 58
111370 14 39
111370 14 58
111671 9 62
111671 9 73
111671 17 18
111671 50 74
111671 53 69
111972 25 87
112273 14 48
112273 23 30
112273 24 48
112273 39 58
112273 45 58
112273 45 72
112273 58 72
112574 17 34
112574 17 68
112574 28 70
112875 17 18
112875 22 32
112875 32 38
113176 11 69
113176 11 23
113176 23 69
113176 53 63
113477 5 47
113477 9 28
113477 9 63
113477 9 69
113477 9 73
113477 9 62
113477 24 48
113477 28 73
113778 19 78
113778 21 63
113778 29 53
114079 15 33
114079 50 86
114079 60 81
114079 76 88
114380 9 30
114380 29 53
114380 30 62
114380 37 77
114380 52 84
114681 5 85
114681 5 72
114681 55 86
114681 72 80
114681 80 85
114982 0 24
115283 14 22
115283 14 39
115283 21 84
115283 30 90
115283 59 78
115584 5 18
115584 8 26
115885 20 84
115885 35 52
115885 35 84
115885 55 79
115885 56 87
115885 56 84
116186 24 58
116487 20 35
116487 39 45
116487 42 79
116788 16 61
116788 23 53
116788 28 69
116788 30 53
117089 40 88
117089 55 74
117390 5 44
117390 11 44
117390 28 69
117390 29 70
117390 44 51
117691 14 24
117992 29 63
118293 8 26
118293 22 71
118293 38 85
118293 38 90
118293 39 65
118293 58 85
118293 72 90
118594 9 30
118594 24 48
118594 31 91
118594 32 88
118594 66 69
118895 24 48
118895 46 84
118895 79 86
119196 67 84
119497 17 68
119497 17 34
119497 34 68
119497 35 75
119497 35 36
119497 36 75
119497 75 86
119798 2 60
119798 7 33
119798 11 56
119798 28 53
119798 44 51
119798 53 70
119798 58 65
120099 17 68
120099 50 86
120400 7 12
120400 29 53
120701 3 8
120701 14 85
120701 19 79
120701 24 48
120701 45 65
121002 52 79
121303 9 62
121303 29 69
121303 29 53
121303 50 74
121303 53 69
121303 55 79
121604 11 26
121604 35 75
121905 3 19
121905 3 14
121905 9 14
121905 19 42
121905 29 63
122206 7 12
122206 22 32
122507 8 26
122507 53 63
122808 4 86
122808 29 53
122808 37 58
123109 21 61
123109 24 45
123109 30 66
123109 69 73
123410 9 62
123711 11 44
123711 25 75
124012 53 70
124313 0 24
124313 17 18
124313 79 87
124313 84 87
124614 3 65
124614 9 73
124614 17 51
124614 51 68
124915 0 48
124915 7 12
124915 9 63
124915 9 28
124915 32 71
124915 37 58
125216 8 54
125216 8 32
125216 22 37
125216 22 72
125216 22 26
125216 22 91
125216 26 37
125216 29 53
125216 37 72
125216 37 90
125517 37 58
125517 44 52
125818 5 14
125818 6 88
125818 14 24
125818 28 30
126119 37 77
126119 42 76
126119 49 55
126119 55 86
126420 16 84
126721 2 10
126721 6 84
126721 10 16
126721 10 33
126721 11 84
126721 12 44
126721 24 31
126721 33 44
126721 39 51
126721 51 58
126721 51 65
126721 58 65
126721 67 84
127022 15 33
127323 2 88
127323 40 88
127323 40 84
127323 84 88
127624 9 62
127925 8 26
127925 50 74
128226 23 29
128527 15 33
128527 22 85
128527 28 66
128527 44 51
128527 53 63
128828 2 28
128828 5 22
128828 22 85
129129 6 40
129129 9 30
129129 9 29
129129 28 29
129129 28 53
129129 29 53
129430 29 63
129430 50 86
129731 5 72
129731 12 44
129731 58 65
130032 3 44
130032 44 51
130032 77 82
130333 29 53
130634 27 60
130634 29 63
130634 37 58
130634 50 75
130935 27 60
130935 50 75
131236 45 72
131537 4 86
131537 29 53
131838 3 44
131838 22 64
131838 44 51
131838 45 58
132139 0 14
132139 14 37
132139 17 18
132139 28 30
132139 37 82
132440 29 63
132741 34 84
132741 35 75
132741 50 86
132741 55 74
133042 11 38
133042 29 53
133042 62 73
133042 69 70
133042 84 88
133343 22 85
133343 46 89
133644 29 63
133644 50 86
133945 0 51
133945 4 36
133945 17 18
133945 26 65
133945 29 53
133945 45 72
134246 22 64
134246 24 48
134246 37 58
134547 34 84
134547 50 74
134547 58 72
134547 80 85
134848 29 63
135149 7 78
135149 28 69
135149 46 60
135149 49 86
135149 49 55
135149 55 86
135450 45 65
135450 50 86
135450 55 74
135751 35 75
135751 35 52
136052 5 37
136052 35 75
136052 35 49
136052 46 57
136353 5 85
136353 5 80
136353 21 84
136353 28 69
136654 28 69
136654 29 63
136955 18 47
136955 18 37
136955 58 65
137256 11 24
137256 53 73
137557 6 40
137557 7 16
137858 29 63
137858 55 79
138159 11 26
138159 35 75
138460 44 51
138460 55 79
138761 9 66
138761 9 62
138761 30 66
138761 50 74
138761 58 72
139062 1 16
139062 35 52
139062 35 84
139363 7 58
139363 24 35
139363 24 48
139363 29 53
139363 49 52
139363 55 79
139664 50 74
139965 5 51
139965 5 35
139965 14 39
139965 17 51
139965 27 35
139965 27 75
139965 35 75
139965 51 68
140266 29 63
140567 7 76
140868 5 85
140868 76 78
141169 9 66
141169 14 48
141169 24 32
141169 59 76
141470 9 63
141470 28 70
141470 35 75
141771 6 40
141771 7 58
141771 15 33
141771 38 45
141771 44 52
142072 1 10
142072 1 16
142072 1 33
142072 2 10
142072 2 6
142072 5 39
142072 6 10
142072 6 40
142072 6 27
142072 10 38
142072 10 40
142072 10 16
142072 12 44
142072 12 77
142072 16 33
142072 17 18
142072 24 48
142072 27 40
142072 38 45
142072 38 85
142072 39 65
142072 45 85
142373 0 14
142373 18 45
142373 35 52
142674 8 26
142674 22 91
142674 24 48
142674 42 43
142674 48 49
142674 53 70
142674 79 88
142975 19 28
142975 35 75
142975 45 65
143276 0 24
143276 0 48
143276 9 62
143276 15 67
143276 16 59
143276 23 30
143276 24 48
143276 28 30
143276 44 51
143276 52 75
143577 17 68
143577 42 50
143878 29 53
143878 49 52
144179 9 73
144179 9 19
144179 33 88
144179 50 75
144480 1 59
144480 6 88
144480 32 38
144781 25 36
144781 53 63
145082 5 72
145082 28 69
145082 49 55
145082 49 86
145082 55 86
145383 1 7
145383 1 40
145383 7 40
145383 33 59
145684 32 85
145684 50 86
145985 2 6
145985 2 10
145985 5 39
145985 6 10
145985 7 16
145985 9 62
145985 14 82
145985 21 56
145985 45 58
146286 11 24
146286 11 51
146286 17 68
146286 22 64
146286 27 51
146286 27 68
146587 7 78
146587 29 53
146888 3 68
146888 28 69
146888 37 77
146888 52 75
146888 62 73
147189 7 88
147189 26 52
147490 15 33
147791 1 2
147791 1 78
147791 2 10
147791 6 10
147791 7 78
147791 21 76
147791 77 82
148092 26 32
148393 28 70
148694 11 77
148694 17 34
148694 22 48
148694 27 81
148694 27 48
148694 27 77
148694 27 64
148694 48 64
148694 64 77
148694 85 90
148995 8 26
148995 9 62
148995 52 84
149296 5 18
149296 9 53
149296 12 44
149296 12 77
149296 39 65
149296 39 58
149296 44 65
149296 58 65
149597 22 64
149597 30 66
149597 44 86
149597 58 65
149898 2 15
149898 17 18
149898 35 75
150199 0 24
150199 9 62
150199 15 67
150199 52 75
150199 62 73
150500 8 26
150500 53 63
150801 0 48
150801 9 63
150801 52 87
151102 9 62
151102 9 19
151102 12 58
151102 22 64
151102 24 48
151102 29 53
151102 53 63
151403 19 75
151403 19 50
151403 27 60
151403 35 75
151403 35 50
151403 50 75
151403 50 52
151403 52 75
151704 23 30
151704 45 72
151704 45 65
151704 49 74
151704 49 55
151704 50 86
151704 52 84
151704 65 72
151704 69 73
152005 7 25
152005 35 84
152005 45 70
152005 52 84
152306 12 42
152607 24 28
152607 29 53
152607 55 74
152607 76 81
152908 20 35
152908 39 45
152908 42 79
152908 52 84
152908 56 84
153209 15 33
153510 2 15
153510 3 14
153510 7 50
153510 9 62
153510 9 73
153811 5 37
153811 5 18
153811 14 77
153811 18 37
153811 64 77
154112 35 55
154112 50 74
154413 44 51
154413 58 65
154714 5 21
154714 21 84
155015 11 44
155015 44 53
155015 53 70
155316 21 69
155316 29 53
155316 75 79
155617 28 53
155617 42 43
155918 12 88
155918 22 85
155918 55 74
156219 64 77
156520 29 53
156520 50 86
156520 51 65
156821 14 85
156821 23 69
156821 23 31
156821 27 75
156821 31 69
157122 6 40
157122 7 76
157423 4 50
157423 9 62
157423 9 73
157423 15 67
157423 28 69
157423 44 51
157423 52 75
157724 1 88
157724 5 51
157724 5 18
157724 7 88
157724 29 53
157724 39 51
157724 49 67
157724 55 86
158025 63 70
158326 9 62
158326 35 75
158627 0 24
158627 19 42
158627 19 50
158627 20 35
158627 22 32
158627 55 79
158627 84 87
158928 15 33
159229 1 84
159229 1 59
159229 1 6
159229 9 73
159229 20 84
159229 28 69
159229 29 53
159229 67 84
159229 84 88
159530 7 25
159530 7 16
159530 16 25
159530 30 66
159530 61 69
159831 8 26
159831 26 32
159831 38 90
159831 38 85
159831 58 90
159831 58 85
159831 85 90
160132 9 62
160132 19 73
160132 29 73
160132 29 63
160132 56 84
160433 62 73
160433 71 83
160734 24 59
160734 29 53
160734 45 90
160734 53 63
161035 9 62
161035 17 18
161035 29 61
161035 44 51
161035 50 86
161035 79 87
161336 21 84
161336 24 48
161336 55 79
161637 45 65
161637 56 86
161637 56 84
161637 84 86
161938 11 86
161938 12 86
161938 76 78
162239 4 50
162239 9 62
162239 23 30
162239 30 44
162239 35 52
162239 46 49
162239 49 86
162239 53 70
162540 14 58
162540 21 61
162841 9 28
162841 9 63
163142 7 88
163142 22 64
163142 24 48
163142 59 67
163142 61 66
163142 77 82
163443 9 62
163443 15 33
163443 60 81
163443 76 88
163744 0 48
163744 8 16
163744 8 90
163744 16 84
163744 29 53
163744 29 30
164045 0 24
164045 5 34
164045 23 29
164045 29 30
164346 29 53
164647 21 61
164647 22 64
164647 57 88
164948 44 51
164948 57 62
165249 14 72
165249 30 73
165249 30 69
165249 53 69
165550 22 50
165550 27 58
165851 23 29
165851 55 74
166152 3 14
166152 4 86
166152 7 12
166152 7 76
166152 9 28
166453 24 48
166453 28 70
166453 57 76
166754 7 25
166754 9 66
166754 9 72
166754 22 64
166754 35 52
167055 24 58
167055 28 84
167055 28 62
167356 0 14
167356 53 70
167356 60 79
167657 29 70
167657 29 69
167657 29 53
167657 53 63
167657 59 78
167657 85 91
167958 9 30
167958 9 28
167958 9 53
167958 28 30
167958 28 73
167958 29 53
167958 44 51
168259 53 69
168259 61 69
168560 12 77
168560 12 84
168560 26 32
168560 57 60
168560 77 84
168861 7 78
168861 8 26
168861 14 24
168861 14 64
168861 17 68
168861 29 53
169162 7 84
169162 24 84
169162 27 84
169162 33 84
169162 51 58
169463 7 25
169463 24 48
169463 28 69
169764 7 81
169764 14 45
169764 57 60
170065 9 63
170065 28 70
170065 28 53
170065 53 70
170065 61 62
170366 19 73
170366 52 75
170667 17 18
170667 29 63
170968 28 70
171269 23 30
171269 24 48
171570 9 28
171570 9 63
171570 9 69
171570 28 69
171570 28 70
171871 4 87
171871 9 62
171871 22 85
171871 29 53
171871 36 50
171871 84 89
172172 4 55
172473 9 73
172473 49 73
172473 50 86
172473 57 60
172774 8 26
172774 14 44
172774 52 79
173075 14 58
173075 14 37
173075 22 91
173075 23 30
173075 38 80
173075 38 91
173075 85 91
173376 7 46
173376 17 68
173677 9 69
173677 9 63
173677 24 48
173677 28 70
173677 37 65
173677 53 70
173677 61 62
173978 39 58
173978 49 58
173978 49 79
173978 49 88
173978 79 88
173978 79 84
174279 45 65
174279 52 86
174580 0 14
174580 16 59
174580 53 69
174881 5 37
174881 24 31
174881 31 48
175182 17 18
175182 28 30
175182 64 77
175483 35 52
175784 14 22
176085 14 47
176085 32 38
176386 29 63
176386 50 84
176386 58 65
176386 59 76
176386 76 81
176687 0 14
176687 7 16
176687 8 60
176687 8 90
176687 9 62
176687 53 66
176988 4 50
176988 7 57
176988 8 26
176988 9 62
176988 13 50
176988 14 37
176988 32 80
176988 37 90
177289 9 63
177289 9 73
177289 9 28
177289 9 69
177289 24 48
177289 28 70
177289 37 65
177289 53 70
177289 61 62
177590 0 24
177590 17 68
177891 8 16
177891 28 69
178192 2 28
178192 5 22
178192 23 61
178493 3 11
178493 28 76
178493 57 76
178794 24 48
178794 35 75
178794 46 84
179095 11 23
179095 23 69
179095 45 58
179396 11 44
179396 24 63
179396 37 82
179396 86 91
179697 1 6
179697 1 33
179697 1 40
179697 1 10
179697 6 40
179697 10 40
179697 12 44
179697 18 68
179697 24 48
179697 33 40
179998 2 10
179998 3 14
179998 6 10
179998 11 14
179998 44 51
180299 3 22
180299 11 24
180299 42 79
180299 52 79
180299 55 79
180600 4 86
180600 9 62
180600 24 48
180901 7 12
180901 38 69
181202 6 10
181202 16 46
181202 44 51
181202 57 88
181503 17 18
181503 45 65
181804 36 50
182105 11 84
182105 18 47
182105 18 37
182105 58 65
182406 3 24
182406 14 45
182406 24 29
182406 24 53
182406 24 28
182406 29 53
182406 44 51
182707 23 29
182707 28 29
182707 29 53
182707 35 52
183008 22 85
183008 61 69
183008 63 70
183309 8 26
183309 9 28
183309 9 62
183309 22 64
183309 28 73
183610 0 48
183610 0 14
183610 9 62
183610 18 68
183911 21 59
184212 22 64
184212 35 52
184212 44 51
184212 46 89
184513 9 73
184814 9 66
184814 9 62
184814 9 73
184814 11 84
184814 62 73
185115 1 84
185115 5 18
185115 15 88
185115 15 40
185115 15 84
185115 18 32
185115 22 32
185115 23 69
185115 28 30
185115 29 53
185115 59 88
185115 59 84
185115 62 75
185115 81 84
185115 84 88
185416 16 76
185416 32 38
185717 15 33
185717 25 86
186018 4 50
186018 14 24
186018 21 69
186018 29 53
186018 45 58
186319 21 84
186319 23 29
186319 51 65
186620 7 78
186620 7 59
186620 20 52
186620 20 35
186620 28 40
186620 28 73
186620 35 52
186620 35 84
186620 35 87
186620 40 84
186620 42 79
186620 52 84
186620 56 87
186620 56 84
186921 29 53
186921 37 58
186921 50 86
186921 51 65
187222 25 86
187222 29 53
187222 50 86
187523 9 73
187523 11 23
187523 17 18
187523 22 85
187824 9 63
187824 9 28
187824 61 62
188125 9 73
188125 9 62
188125 50 74
188426 12 44
188727 69 70
189028 15 33
189028 22 85
189028 22 32
189028 28 66
189028 53 63
189028 58 72
189329 11 24
189329 19 59
189329 37 72
189329 59 76
189329 70 73
189630 1 16
189630 1 59
189630 16 59
189630 49 55
189630 55 79
189931 5 75
190232 23 30
190232 29 63
190232 37 77
190232 55 86
190533 2 71
190533 14 58
190533 14 39
190533 14 24
190533 37 82
190533 39 58
190533 53 70
190834 3 5
190834 9 62
190834 9 29
190834 11 24
190834 11 48
190834 18 37
190834 24 48
191135 7 16
191135 7 25
191135 16 25
191135 17 18
191135 30 66
191436 35 75
191436 55 86
191737 29 53
191737 35 49
191737 52 86
191737 57 60
191737 74 86
192038 6 12
192038 6 26
192038 7 46
192038 9 62
192038 9 26
192038 12 46
192038 14 24
192339 18 22
192339 22 85
192339 28 66
192339 80 85
192640 29 53
192640 50 74
192640 52 86
192941 12 88
192941 17 18
192941 55 74
193242 29 53
193242 53 73
193543 21 46
193543 24 48
193543 26 31
193543 75 79
193844 14 18
193844 25 58
193844 29 53
193844 35 75
193844 50 75
193844 56 60
194145 53 70
194446 21 42
194446 22 38
194446 24 45
194446 25 28
194446 27 57
194446 53 70
194747 8 26
194747 42 43
194747 53 63
195048 6 58
195048 6 7
195048 7 58
195048 29 53
195349 5 18
195349 66 69
195650 3 85
195650 22 85
195951 4 79
195951 16 84
196252 21 84
196553 2 15
196553 9 73
196553 20 40
196553 44 70
196854 1 16
196854 2 15
196854 31 71
196854 33 40
197155 24 48
197155 31 32
197456 20 84
197456 29 63
197456 37 58
197456 59 76
197757 3 5
197757 29 73
197757 50 86
198058 2 15
198058 7 16
198058 7 12
198058 12 16
198359 21 28
198359 29 53
198359 67 78
198660 24 48
198961 8 37
198961 37 82
198961 37 58
198961 58 82
199262 29 70
199262 44 72
199262 53 70
199563 0 24
199563 4 86
199563 9 69
199563 21 84
199563 24 48
199563 61 62
199864 9 62
199864 77 82
200165 23 29
200165 29 63
200165 31 71
200165 52 79
200466 9 73
200466 50 86
200767 6 10
200767 6 12
200767 11 58
200767 11 16
200767 39 65
200767 40 57
200767 44 51
200767 44 45
200767 45 51
200767 51 58
200767 51 65
200767 53 70
200767 57 88
200767 58 65
200767 79 84
200767 84 86
201068 1 33
201068 14 37
201068 64 77
201369 9 62
201369 12 77
201369 12 44
201369 12 58
201369 24 48
201369 27 46
201369 27 65
201369 27 57
201369 39 65
201369 39 58
201369 46 56
201369 46 57
201369 53 70
201369 58 65
201670 1 76
201670 22 64
201670 24 48
201670 27 76
201670 44 51
201670 52 87
201670 77 82
201971 28 70
201971 39 72
201971 72 90
202272 29 53
202573 2 88
202573 3 44
202573 7 58
202874 14 24
203175 5 72
203175 7 58
203175 9 23
203175 29 53
203175 49 52
203476 29 53
203476 37 58
203476 62 69
203777 12 78
204078 16 84
204078 28 69
204078 32 38
204078 35 50
204078 37 82
204078 37 77
204078 45 65
204379 35 50
204379 42 50
204680 23 49
204680 25 49
204680 28 69
204680 37 77
204680 52 75
204680 53 61
204981 21 84
204981 30 66
204981 55 86
205282 28 69
205282 29 53
205583 29 53
205884 4 48
205884 7 76
205884 8 34
205884 8 90
205884 11 24
205884 12 16
205884 27 81
205884 27 76
205884 35 75
206185 5 14
206185 37 58
206185 44 45
206486 29 53
206787 9 62
206787 9 69
206787 9 66
206787 28 69
206787 29 30
206787 30 66
206787 37 58
206787 37 77
206787 64 82
206787 65 82
207088 9 62
207088 15 33
207088 44 52
207088 62 73
207389 7 16
207389 7 58
207690 49 55
207991 7 46
207991 17 34
207991 17 18
207991 17 46
207991 32 85
207991 32 38
207991 35 75
207991 64 77
208292 1 7
208292 17 18
208292 55 79
208292 75 79
208593 3 72
208593 22 38
208593 22 32
208894 7 46
208894 17 18
208894 42 43
208894 45 58
209195 28 30
209496 8 26
209496 31 71
209496 42 59
209496 53 63
209797 29 53
210098 24 48
210098 46 84
210098 74 79
210399 11 24
210399 23 30
210399 49 55
210700 23 30
210700 29 53
210700 29 30
210700 35 52
210700 43 45
210700 44 51
211001 7 76
211001 9 63
211302 9 62
211302 29 30
211302 50 86
211603 0 48
211603 8 90
211603 9 80
211603 9 30
211603 15 67
211603 24 48
211603 30 53
211603 53 73
211603 53 62
211904 9 62
211904 11 44
212205 12 16
212205 27 81
212205 39 57
212205 50 86
212506 45 65
212807 8 26
212807 44 51
213108 8 26
213108 9 62
213108 21 84
213409 9 62
213409 17 68
213409 18 68
213710 9 63
213710 9 28
214011 14 24
214011 28 84
214011 39 51
214312 17 80
214312 21 84
214312 24 48
214312 35 75
214312 46 84
214613 11 48
214613 57 76
214613 58 65
214914 37 58
214914 50 86
215215 5 54
215215 7 59
215215 9 62
215215 62 69
215516 22 64
215516 42 52
215817 5 72
215817 5 37
215817 5 22
215817 16 45
215817 18 72
215817 22 37
215817 22 26
215817 26 72
215817 26 37
215817 26 71
215817 28 73
215817 37 72
215817 60 81
215817 60 88
216118 0 14
216118 9 62
216118 29 53
216419 29 53
216720 24 48
217021 22 64
217021 45 85
217021 45 65
217021 65 85
217322 28 66
217322 42 51
217322 46 60
217322 53 70
217623 9 73
217623 17 18
217623 35 75
217623 39 90
217924 9 19
217924 9 62
217924 9 73
217924 19 73
217924 45 65
217924 62 73
218225 0 45
218225 3 5
218225 9 29
218225 9 30
218225 9 70
218225 9 28
218526 14 72
218526 28 53
218827 67 84
219128 0 48
219128 8 90
219128 16 84
219128 29 53
219429 3 80
219730 24 28
219730 29 53
219730 55 74
219730 76 81
220031 7 58
220031 15 33
220031 60 81
220332 9 62
220332 12 16
220332 35 75
220332 57 60
220332 57 88
220332 58 90
220633 45 72
220934 1 59
220934 22 38
220934 29 53
220934 29 30
220934 29 66
220934 30 53
220934 75 79
221235 9 62
221235 22 85
221235 29 53
221235 32 38
221536 8 90
221536 8 58
221536 45 58
221837 14 24
221837 27 56
221837 27 60
221837 28 53
221837 29 53
221837 29 70
221837 45 65
221837 65 72
222138 7 84
222138 44 65
222439 8 26
222439 26 80
222439 31 58
222439 39 85
222439 80 91
222740 7 59
222740 8 90
222740 24 48
222740 79 86
223041 4 52
223041 14 24
223041 21 69
223041 29 53
223342 1 12
223342 9 73
223342 9 62
223342 51 71
223643 1 7
223643 9 73
223643 14 51
223643 23 53
223643 23 73
223643 23 29
223643 28 53
223643 28 73
223643 28 29
223643 29 53
223944 12 44
223944 17 56
224245 0 65
224245 0 14
224245 22 64
224245 24 48
224245 44 51
224546 28 62
224546 29 53
224546 45 85
224546 45 65
224847 62 73
225148 5 18
225148 7 16
225148 9 29
225148 22 32
225148 52 55
225148 55 74
225449 35 51
225449 35 84
225449 44 51
225449 45 51
225449 53 70
225449 56 88
225449 57 88
225750 5 72
225750 5 37
225750 22 26
225750 22 37
225750 22 72
225750 26 37
225750 26 72
225750 29 53
225750 37 72
225750 53 63
226051 28 69
226051 53 70
226352 23 69
226352 23 30
226352 29 53
226352 30 63
226352 30 53
226653 28 84
226954 7 58
226954 21 69
226954 36 50
226954 76 78
227255 9 28
227255 9 69
227255 9 63
227255 17 68
227255 28 73
227255 28 70
227255 28 30
227255 28 69
227255 30 62
227255 35 75
227255 53 62
227255 53 70
227255 61 62
227556 29 53
227556 37 58
227556 44 51
227857 3 18
227857 7 58
227857 12 15
227857 15 33
228158 19 76
228158 22 64
228158 35 79
228158 77 82
228459 17 18
228459 18 68
228459 24 48
228459 32 58
228760 15 60
229061 9 46
229061 55 84
229362 9 73
229362 9 30
229362 9 29
229362 29 63
229362 29 62
229362 61 63
229362 63 66
229663 7 58
229663 21 84
229663 24 45
229663 28 62
229663 56 60
229964 22 64
229964 24 48
230265 29 53
230265 29 63
230265 45 65
230265 45 85
230265 58 65
230566 14 58
230566 59 76
230867 28 53
230867 44 51
231168 28 53
231168 44 51
231469 2 12
231469 12 72
231469 58 72
231469 59 78
231469 65 72
231770 5 39
231770 14 58
231770 40 88
231770 49 55
232071 7 58
232071 19 76
232071 21 69
232071 28 73
232071 59 76
232372 9 60
232372 15 33
232372 35 75
232673 24 69
232673 28 69
232974 8 26
232974 9 62
232974 29 53
232974 36 55
232974 36 79
232974 55 79
233275 0 45
233275 29 91
233275 29 53
233275 53 63
233576 4 86
233576 9 63
233576 52 87
233877 9 62
233877 14 24
233877 18 47
233877 19 58
233877 21 69
233877 58 72
234178 53 66
234479 5 14
234780 28 69
234780 37 82
235081 50 84
235382 40 56
235683 9 28
235683 15 60
235683 16 76
235683 21 60
235683 28 62
235683 35 50
235683 38 90
235683 50 75
235683 85 90
235984 9 51
235984 9 39
235984 9 62
235984 39 51
236285 1 12
236285 5 45
236285 9 73
236285 9 62
236586 14 48
236586 14 24
236586 24 48
236887 1 16
236887 8 26
237188 35 75
237188 35 52
237188 52 75
237489 17 68
237489 22 85
237489 26 37
237489 28 70
237489 37 72
237489 55 86
237790 7 16
237790 29 53
238091 7 86
238091 25 35
238392 7 84
238392 16 84
238392 25 84
238392 64 77
238693 8 26
238693 14 44
238994 1 27
238994 1 7
238994 6 27
238994 6 7
238994 27 33
238994 29 63
238994 37 58
238994 44 65
239295 23 53
239295 28 69
239295 35 52
239295 46 50
239295 50 86
239295 53 70
239596 9 73
239596 17 84
239596 24 28
239596 29 53
239897 3 83
239897 29 53
239897 50 74
240198 22 64
240198 77 82
240499 14 37
240499 29 53
240800 24 31
240800 31 48
240800 81 88
241101 49 55
241101 50 86
241402 17 18
241402 29 53
241703 28 29
241703 29 70
242004 7 56
242004 9 73
242305 22 64
242305 27 57
242305 44 51
242305 77 82
242606 9 73
242606 9 62
242606 14 51
242606 29 53
242606 49 55
242907 1 40
242907 1 6
242907 6 60
242907 27 84
242907 44 65
242907 58 65
243208 24 48
243208 26 31
243208 35 75
243509 19 59
243509 19 76
243509 24 45
243509 25 47
243509 27 57
243509 28 69
243810 15 33
243810 35 75
243810 49 50
243810 52 55
244111 8 26
244111 23 30
244111 23 53
244111 29 53
244111 30 53
244111 39 58
244412 11 23
244412 21 30
244412 23 69
244412 37 58
244412 74 86
244713 8 26
244713 44 51
245014 1 16
245014 7 88
245014 9 62
245014 35 79
245014 35 52
245014 35 36
245014 35 84
245014 36 79
245014 76 88
245315 9 62
245315 38 58
245315 38 45
245315 59 78
245315 76 78
245616 5 18
245917 21 56
245917 22 64
245917 24 48
245917 35 79
245917 77 82
246218 9 73
246218 63 70
246519 1 33
246519 1 2
246519 1 6
246519 2 6
246519 2 10
246519 6 33
246519 10 84
246519 16 53
246519 16 70
246519 33 44
246519 39 51
246519 51 58
246519 51 65
246519 53 70
246519 56 84
246519 58 65
246519 67 84
246820 12 58
246820 12 56
246820 17 34
246820 50 75
246820 56 58
247121 3 14
247121 9 62
247121 9 28
247121 9 44
247121 34 44
247121 44 45
247422 42 51
247422 46 60
247723 29 53
247723 44 51
248024 1 6
248024 1 59
248024 1 88
248024 7 81
248024 29 53
248325 12 76
248325 22 64
248325 35 79
248325 38 45
248325 56 76
248626 17 18
248626 22 32
248626 35 75
248626 39 90
248626 79 87
248927 0 14
248927 7 16
248927 8 90
248927 8 60
248927 9 62
248927 9 69
248927 17 68
249228 28 62
249228 28 29
249228 29 53
249529 21 69
249529 24 45
249830 21 69
249830 21 61
249830 61 69
250131 14 37
250131 37 58
250131 44 51
250432 9 63
250733 6 7
250733 8 14
250733 9 62
250733 14 37
250733 35 75
251034 21 56
251034 24 48
251335 49 84
251636 7 88
251636 17 51
251636 29 53
251636 29 63
251636 39 51
251636 53 63
251636 53 69
251636 66 69
251937 9 28
251937 12 84
251937 55 87
252238 24 31
252238 24 48
252238 31 48
252238 71 83
252539 28 84
252539 39 51
252840 28 69
253141 17 18
253442 9 73
253442 16 88
253442 21 69
253442 22 64
253442 53 70
253743 4 41
253743 27 57
253743 28 69
254044 16 59
254044 29 63
254044 50 59
254044 59 76
254345 3 14
254345 19 24
254345 24 48
254345 53 70
254646 29 53
254646 36 79
254646 36 55
254646 55 79
254947 5 72
254947 9 62
254947 49 86
254947 49 55
254947 55 86
255248 24 48
255248 26 31
255248 35 75
255248 37 91
255549 1 84
255549 5 18
255549 6 84
255549 7 84
255549 20 84
255549 28 30
255549 29 53
255549 32 38
255549 33 84
255549 67 84
255549 81 84
255549 84 88
255850 9 73
255850 28 53
255850 50 74
256151 45 58
256151 45 72
256151 63 70
256151 64 77
256452 0 24
256452 32 91
256452 57 60
256753 4 79
256753 9 29
256753 27 81
256753 57 88
257054 23 53
257054 35 52
257054 44 77
257054 56 84
257355 12 59
257656 3 58
257656 25 86
257656 37 58
257656 53 77
257957 29 53
257957 46 89
258258 7 16
258258 29 53
258559 8 26
258559 49 74
258860 8 26
258860 9 62
258860 9 28
258860 28 73
258860 28 62
258860 50 52
258860 50 86
259161 2 10
259161 2 40
259161 2 6
259161 6 10
259161 21 88
259161 44 51
259462 3 22
259462 5 18
259462 11 24
259462 22 64
259462 50 86
259462 55 79
259763 24 45
259763 29 53
259763 37 58
259763 44 51
259763 67 76
260064 23 30
260064 49 74
260064 49 55
260064 55 74
260064 69 73
260365 7 16
260365 7 84
260365 7 25
260365 16 84
260365 16 25
260365 25 84
260365 50 84
260666 7 88
260666 8 26
260666 53 63
260967 5 14
260967 9 62
260967 29 53
260967 37 58
261268 53 63
261569 7 88
261870 5 72
261870 30 66
261870 32 91
261870 34 72
261870 53 63
262171 29 63
262171 62 73
262472 21 69
262472 29 63
262773 7 27
262773 27 60
262773 27 57
262773 28 61
262773 29 53
262773 49 74
262773 57 60
263074 9 73
263074 9 62
263375 5 18
263375 5 11
263375 62 73
263676 7 58
263676 29 53
263676 35 48
263676 49 52
263676 55 79
263977 9 62
263977 50 74
263977 58 72
264278 21 56
264278 36 50
264579 0 48
264579 9 69
264579 9 43
264579 15 67
264579 28 69
264579 44 51
264579 52 75
264579 62 73
264579 69 73
264880 29 53
265181 2 28
265181 2 39
265181 11 34
265181 28 38
265181 61 86
265181 77 86
