0 7 27
0 27 60
0 27 57
0 28 61
0 29 53
0 49 74
0 57 60
301 14 22
602 9 62
602 17 18
602 29 61
602 44 51
602 50 86
602 79 87
903 45 72
1204 9 73
1204 9 19
1204 33 88
1204 50 75
1505 14 37
1505 35 87
1505 35 52
1806 27 60
1806 29 63
1806 37 58
1806 50 75
2107 35 75
2107 76 84
2408 21 27
2408 21 59
2408 34 45
2408 54 71
2709 22 64
2709 42 52
3010 36 55
3311 37 77
3311 42 76
3311 49 55
3311 55 86
3612 7 56
3612 9 73
3913 5 37
3913 24 31
3913 31 48
4214 24 48
4214 52 75
4214 69 70
4515 5 22
4515 23 61
4816 2 15
4816 2 48
4816 15 48
4816 24 49
4816 35 75
4816 48 49
5117 3 5
5117 29 73
5117 50 86
5418 21 42
5418 22 38
5418 24 45
5418 25 28
5418 27 57
5418 53 70
5719 9 62
6020 5 24
6020 7 16
6020 8 26
6020 14 90
6020 18 37
6321 3 72
6321 8 83
6321 14 44
6321 29 53
6321 44 51
6622 4 79
6622 9 29
6622 27 81
6622 57 88
6923 9 73
6923 16 88
6923 21 69
6923 22 64
6923 53 70
7224 9 62
7224 50 74
7224 58 72
7525 11 44
7525 25 75
7826 3 44
7826 22 64
7826 44 51
7826 45 58
8127 5 47
8127 9 28
8127 9 63
8127 9 69
8127 9 73
8127 9 62
8127 24 48
8127 28 73
8428 9 30
8428 29 53
8428 30 62
8428 37 77
8428 52 84
8729 3 5
8729 29 63
9030 53 62
9030 76 78
9331 22 32
9632 29 53
9933 7 88
9933 17 51
9933 29 53
9933 29 63
9933 39 51
9933 53 63
9933 53 69
9933 66 69
10234 58 59
10234 59 76
10234 59 78
10234 60 81
10234 76 88
10535 15 33
10535 23 61
10836 22 64
10836 24 48
10836 44 51
10836 77 82
11137 65 91
11438 29 53
11438 46 89
11739 9 62
12040 7 58
12040 9 73
12040 24 35
12040 29 53
12040 35 48
12040 42 55
12040 49 52
12040 55 79
12341 7 16
12341 7 25
12341 16 25
12341 17 18
12341 30 66
12642 9 30
12642 24 48
12642 31 91
12642 32 88
12642 66 69
12943 7 78
12943 29 53
13244 17 68
13545 7 76
13545 8 26
13545 15 33
13545 23 29
13545 29 53
13545 53 63
13846 5 84
13846 22 77
13846 24 48
14147 22 77
14147 22 64
14448 49 55
14749 21 46
14749 21 26
14749 24 48
14749 26 31
14749 49 79
15050 28 62
15050 28 29
15050 29 53
15351 0 24
15351 0 14
15351 14 24
15351 14 48
15351 22 77
15351 24 48
15351 45 48
15652 7 25
15652 7 16
15652 16 25
15652 30 66
15652 61 69
15953 9 73
15953 29 63
16254 9 19
16254 9 62
16254 9 73
16254 19 73
16254 45 65
16254 62 73
16555 3 72
16555 52 79
16555 62 73
16555 79 86
16856 7 58
16856 24 35
16856 24 48
16856 29 53
16856 49 52
16856 55 79
17157 3 5
17157 5 18
17157 11 24
17157 18 22
17157 79 84
17458 37 58
17458 44 52
17759 11 23
17759 23 69
17759 45 58
18060 3 44
18060 44 51
18060 77 82
18361 8 26
18361 9 62
18361 21 84
18662 3 18
18662 7 58
18662 12 15
18662 15 33
18963 7 46
18963 17 68
19264 8 26
19264 21 61
19264 22 64
19565 9 73
19565 9 62
19565 14 51
19565 29 53
19565 49 55
19866 28 84
19866 28 43
19866 39 51
20167 14 48
20167 23 30
20167 24 48
20167 39 58
20167 45 58
20167 45 72
20167 58 72
20468 17 18
20468 79 87
20769 9 62
20769 29 30
20769 50 86
21070 23 30
21371 9 73
21371 28 84
21371 28 76
21371 76 84
21672 11 57
21672 22 64
21672 56 57
21973 1 7
21973 17 18
21973 55 79
21973 75 79
22274 14 85
22274 23 69
22274 23 31
22274 27 75
22274 31 69
22575 4 49
22575 29 53
22575 57 88
22876 23 69
23177 12 64
23177 12 45
23177 12 58
23177 17 18
23177 18 68
23177 34 58
23177 45 58
23177 64 77
23478 35 75
23478 44 51
23779 8 50
23779 9 62
23779 38 45
23779 50 75
24080 5 39
24080 8 84
24080 9 31
24080 24 48
24080 29 53
24080 46 84
24381 52 79
24682 28 69
24983 5 14
24983 6 88
24983 14 24
24983 28 30
25284 39 58
25284 65 84
25284 79 84
25284 79 88
25585 17 68
25585 28 69
25585 29 53
25585 37 82
25585 44 51
25886 14 37
25886 37 58
25886 44 51
26187 12 88
26187 17 18
26187 55 74
26488 15 33
26488 35 75
26488 49 50
26488 52 55
26789 45 65
26789 52 86
27090 6 7
27090 8 14
27090 9 62
27090 14 37
27090 35 75
27391 23 53
27391 35 52
27391 44 77
27391 56 84
27692 9 62
27692 9 73
27692 50 86
27993 58 72
27993 64 77
28294 9 69
28294 9 66
28294 9 62
28294 12 57
28294 29 53
28294 50 74
28294 62 69
28294 80 85
28595 19 62
28595 22 64
28595 77 82
28896 9 62
28896 19 73
28896 29 73
28896 29 63
28896 56 84
29197 24 48
29197 29 30
29197 30 53
29197 30 63
29498 14 58
29498 14 37
29498 22 91
29498 23 30
29498 38 80
29498 38 91
29498 85 91
29799 0 14
29799 16 59
29799 53 69
30100 12 16
30100 27 81
30100 39 57
30100 50 86
30401 37 84
30702 52 79
31003 11 23
31003 21 30
31003 23 69
31003 37 58
31003 74 86
31304 2 10
31304 3 14
31304 6 10
31304 11 14
31304 44 51
31605 2 28
31605 2 39
31605 11 34
31605 28 38
31605 61 86
31605 77 86
31906 21 56
31906 22 64
31906 24 48
31906 35 79
31906 77 82
32207 42 51
32207 46 60
32508 16 25
32508 52 87
32809 23 30
32809 24 48
33110 14 24
33110 29 63
33110 35 75
33110 59 76
33411 11 44
33411 25 86
33411 35 75
33411 35 52
33411 52 75
33712 5 24
33712 5 65
33712 9 66
33712 9 13
33712 24 32
33712 57 60
34013 7 78
34013 20 35
34013 29 73
34013 29 61
34013 35 52
34013 56 87
34013 56 84
34013 63 70
34013 84 87
34314 9 62
34314 22 32
34314 76 78
34615 9 62
34615 9 19
34615 14 37
34615 19 44
34615 21 61
34615 22 64
34615 29 53
34615 44 45
34615 44 58
34615 44 60
34615 59 76
34916 9 62
34916 29 53
34916 57 88
35217 29 53
35518 24 48
35518 26 31
35518 35 75
35518 37 91
35819 7 12
35819 33 84
35819 72 85
35819 79 88
36120 3 83
36120 3 43
36120 44 51
36421 8 26
36421 50 74
36421 53 69
36722 9 62
36722 13 88
36722 21 88
36722 29 53
36722 29 69
36722 45 83
36722 50 74
36722 55 79
37023 21 69
37023 58 85
37324 7 78
37324 16 25
37324 27 60
37625 44 51
37625 57 62
37926 8 26
37926 44 51
38227 17 18
38528 9 63
38829 8 26
38829 50 74
39130 2 15
39130 5 11
39130 14 19
39130 17 18
39130 19 79
39130 42 79
39431 17 18
39732 8 26
39732 22 91
39732 24 48
39732 42 43
39732 48 49
39732 53 70
39732 79 88
40033 7 58
40033 19 76
40033 21 69
40033 28 73
40033 59 76
40334 1 6
40334 1 59
40334 1 88
40334 7 81
40334 29 53
40635 24 48
40635 42 84
40635 52 84
40635 53 63
40936 8 26
40936 44 51
41237 0 14
41237 7 16
41237 8 90
41237 8 60
41237 9 62
41237 9 69
41237 17 68
41538 9 29
41839 0 14
42140 9 62
42140 18 90
42140 23 30
42140 50 57
42140 50 86
42441 3 14
42441 9 62
42441 9 28
42441 9 44
42441 34 44
42441 44 45
42742 1 84
42742 5 18
42742 15 88
42742 15 40
42742 15 84
42742 18 32
42742 22 32
42742 23 69
42742 28 30
42742 29 53
42742 59 88
42742 59 84
42742 62 75
42742 81 84
42742 84 88
43043 28 69
43043 29 53
43043 37 82
43043 44 51
43344 49 84
43645 3 72
43645 22 38
43645 22 32
43946 29 63
43946 55 79
44247 14 72
44247 14 34
44247 14 85
44247 24 48
44247 27 75
44247 27 35
44247 35 75
44548 4 86
44548 9 63
44548 52 87
44849 0 14
44849 8 26
44849 9 62
44849 12 32
44849 17 51
44849 21 56
44849 25 39
44849 39 51
44849 56 60
45150 44 51
45150 55 79
45451 28 69
45451 37 82
45752 14 24
45752 22 77
45752 24 48
46053 7 16
46053 7 84
46053 7 25
46053 16 84
46053 16 25
46053 25 84
46053 50 84
46354 35 75
46354 35 52
46655 9 62
46956 7 88
46956 26 52
47257 40 56
47558 1 12
47558 5 45
47558 9 73
47558 9 62
47859 11 24
47859 23 30
47859 49 55
48160 30 53
48160 58 72
48160 58 85
48160 80 85
48461 24 48
48461 35 75
48461 46 84
48762 11 44
48762 44 53
48762 53 70
49063 9 28
49063 9 69
49063 9 63
49063 17 68
49063 28 73
49063 28 70
49063 28 30
49063 28 69
49063 30 62
49063 35 75
49063 53 62
49063 53 70
49063 61 62
49364 28 62
49364 29 53
49364 45 85
49364 45 65
49665 7 78
49665 9 69
49665 9 29
49665 29 63
49966 0 24
49966 4 84
49966 35 52
49966 55 79
50267 28 69
50267 29 70
50267 44 51
50568 24 48
50568 24 45
50568 29 63
50568 29 70
50568 39 45
50568 42 65
50568 45 72
50568 45 48
50869 0 14
50869 0 3
50869 3 14
50869 7 78
51170 32 85
51170 50 86
51471 4 50
51471 9 62
51471 9 73
51471 15 67
51471 28 69
51471 44 51
51471 52 75
51772 29 53
51772 29 63
52073 37 58
52073 44 51
52374 18 22
52374 22 85
52374 28 66
52374 80 85
52675 5 54
52675 7 59
52675 9 62
52675 62 69
52976 6 10
52976 16 46
52976 44 51
52976 57 88
53277 28 69
53277 29 53
53578 22 80
53578 28 69
53578 53 70
53879 28 84
54180 9 43
54180 9 73
54180 15 67
54180 23 69
54180 30 66
54180 52 75
54180 55 86
54481 11 44
54481 24 48
54782 23 29
54782 55 74
55083 28 84
55083 39 51
55384 4 52
55384 7 88
55384 9 73
55384 9 62
55384 29 53
55384 52 55
55384 55 79
55685 2 88
55685 3 44
55685 7 58
55986 7 88
55986 7 27
55986 7 57
55986 27 88
55986 27 77
55986 27 58
55986 58 77
56287 0 14
56287 7 16
56287 8 60
56287 15 67
56287 28 29
56588 3 14
56588 4 86
56588 7 12
56588 7 76
56588 9 28
56889 9 62
56889 9 69
56889 9 66
56889 28 69
56889 29 30
56889 30 66
56889 37 58
56889 37 77
56889 64 82
56889 65 82
57190 7 88
57491 8 58
57491 14 58
57491 19 27
57491 27 50
57491 27 84
57491 27 35
57491 27 52
57491 27 75
57491 27 65
57491 27 72
57491 35 75
57491 35 38
57491 35 37
57491 35 45
57491 45 58
57491 45 72
57491 58 72
57792 9 62
57792 20 31
57792 24 31
57792 24 48
57792 31 48
57792 71 83
58093 14 48
58093 14 24
58093 24 48
58394 12 76
58394 22 64
58394 35 79
58394 38 45
58394 56 76
58695 24 32
58996 12 59
59297 8 79
59297 21 69
59297 29 63
59598 14 58
59598 21 61
59899 9 73
59899 14 24
59899 59 76
60200 2 15
60200 2 3
60200 24 48
60200 35 75
60501 17 68
60501 50 86
60802 29 63
61103 16 84
61103 28 69
61103 32 38
61103 35 50
61103 37 82
61103 37 77
61103 45 65
61404 5 72
61404 9 62
61404 49 86
61404 49 55
61404 55 86
61705 12 58
61705 43 58
61705 44 45
61705 79 88
62006 4 74
62006 24 48
62006 26 71
62006 29 53
62006 35 75
62307 22 64
62307 35 52
62307 44 51
62307 46 89
62608 3 5
62608 11 48
62608 11 24
62608 57 88
62909 23 29
63210 50 84
63511 28 70
63812 35 75
63812 45 58
64113 29 53
64113 52 87
64414 8 26
64414 29 91
64414 39 58
64414 42 43
64414 42 50
64715 11 44
65016 21 69
65016 29 53
65016 75 79
65317 4 50
65317 14 24
65317 21 69
65317 29 53
65317 45 58
65618 56 84
65919 5 11
65919 11 24
65919 14 48
65919 19 59
65919 19 76
65919 28 73
65919 29 53
65919 39 51
65919 70 73
66220 0 24
66220 5 34
66220 23 29
66220 29 30
66521 9 28
66521 9 63
66521 28 69
66521 37 77
66822 17 18
66822 29 63
67123 8 90
67123 8 58
67123 45 58
67424 29 53
67424 35 75
67424 42 50
67725 14 58
67725 21 61
67725 21 76
68026 22 64
68026 40 88
68026 44 51
68026 67 78
68327 6 58
68327 6 7
68327 7 58
68327 29 53
68628 28 70
68628 39 72
68628 72 90
68929 9 62
68929 77 82
69230 14 48
69230 29 53
69230 53 70
69230 53 66
69230 59 76
69531 28 69
69531 53 70
69832 5 11
69832 8 85
69832 9 62
69832 29 53
69832 38 45
69832 40 41
70133 5 72
70133 28 69
70133 49 55
70133 49 86
70133 55 86
70434 12 60
70434 35 75
70735 9 63
70735 28 70
70735 28 53
70735 53 70
70735 61 62
71036 9 62
71036 29 53
71036 37 58
71036 50 74
71337 7 78
71337 8 26
71337 14 24
71337 14 64
71337 17 68
71337 29 53
71638 69 70
71939 17 68
71939 42 50
72240 24 58
72240 32 80
72240 67 76
72541 7 46
72541 17 34
72541 17 18
72541 17 46
72541 32 85
72541 32 38
72541 35 75
72541 64 77
72842 8 39
72842 8 85
72842 9 62
72842 9 19
72842 37 58
72842 38 45
73143 29 63
73143 50 86
73444 1 84
73444 5 18
73444 6 84
73444 7 84
73444 20 84
73444 28 30
73444 29 53
73444 32 38
73444 33 84
73444 67 84
73444 81 84
73444 84 88
73745 34 84
73745 50 74
73745 58 72
73745 80 85
74046 2 12
74046 12 72
74046 58 72
74046 59 78
74046 65 72
74347 5 18
74347 9 53
74347 12 44
74347 12 77
74347 39 65
74347 39 58
74347 44 65
74347 58 65
74648 5 85
74648 5 72
74648 55 86
74648 72 80
74648 80 85
74949 8 26
74949 49 74
75250 28 70
75551 14 24
75551 27 56
75551 27 60
75551 28 53
75551 29 53
75551 29 70
75551 45 65
75551 65 72
75852 24 58
76153 0 14
76153 53 70
76153 60 79
76454 3 80
76454 28 53
76454 49 55
76755 9 63
76755 28 70
76755 35 75
77056 11 24
77056 53 73
77357 9 60
77357 15 33
77357 35 75
77658 9 28
77658 12 84
77658 55 87
77959 1 10
77959 1 16
77959 1 33
77959 2 10
77959 2 6
77959 5 39
77959 6 10
77959 6 40
77959 6 27
77959 10 38
77959 10 40
77959 10 16
77959 12 44
77959 12 77
77959 16 33
77959 17 18
77959 24 48
77959 27 40
77959 38 45
77959 38 85
77959 39 65
77959 45 85
78260 9 62
78561 5 18
78561 8 26
78862 0 24
79163 0 48
79163 7 12
79163 9 63
79163 9 28
79163 32 71
79163 37 58
79464 0 24
79464 5 34
79765 37 58
79765 53 61
79765 53 70
80066 0 48
80066 9 69
80066 9 43
80066 15 67
80066 28 69
80066 44 51
80066 52 75
80066 62 73
80066 69 73
80367 7 88
80367 9 62
80367 52 75
80668 29 70
80969 4 55
81270 29 53
81571 7 16
81571 7 58
81872 23 29
81872 28 29
81872 29 53
81872 35 52
82173 7 84
82173 35 86
82173 35 50
82173 37 80
82173 37 50
82173 38 86
82173 50 75
82173 50 80
82474 53 70
82775 3 37
82775 5 34
83076 1 65
83076 8 39
83076 8 85
83076 9 62
83076 12 29
83076 14 45
83076 22 51
83076 29 63
83076 38 45
83076 41 86
83076 50 75
83076 53 70
83076 61 90
83076 75 79
83377 1 78
83377 3 14
83377 21 84
83377 28 73
83377 29 70
83377 45 65
83678 24 58
83678 28 84
83678 28 62
83979 37 58
83979 50 86
84280 39 58
84280 49 58
84280 49 79
84280 49 88
84280 79 88
84280 79 84
84581 20 84
84581 29 63
84581 37 58
84581 59 76
84882 12 44
84882 17 56
85183 0 48
85183 9 73
85183 9 62
85183 15 67
85183 52 75
85484 1 27
85484 1 7
85484 6 27
85484 6 7
85484 27 33
85484 29 63
85484 37 58
85484 44 65
85785 67 84
86086 4 52
86086 14 24
86086 21 69
86086 29 53
86387 9 73
86688 4 41
86688 27 57
86688 28 69
86989 28 30
87290 9 62
87290 38 58
87290 38 45
87290 45 58
87591 6 40
87591 9 30
87591 9 29
87591 28 29
87591 28 53
87591 29 53
87892 1 59
87892 6 88
87892 32 38
88193 7 12
88193 22 91
88193 24 32
88193 33 84
88193 79 88
88193 85 91
88494 14 24
88494 21 69
88494 29 53
88494 85 91
88795 17 18
88795 28 30
88795 64 77
89096 1 16
89096 35 52
89096 35 84
89397 29 53
89698 50 86
89698 56 84
89999 0 24
89999 4 86
89999 9 69
89999 21 84
89999 24 48
89999 61 62
90300 29 53
90300 35 49
90300 37 84
90300 58 84
90601 2 39
90601 5 48
90601 12 48
90601 12 14
90601 12 20
90601 14 20
90601 14 58
90601 14 78
90601 20 58
90601 20 78
90601 24 87
90601 29 39
90601 31 58
90601 58 78
90902 9 62
90902 9 77
90902 28 73
90902 44 51
91203 7 16
91203 29 53
91504 12 88
91504 22 85
91504 55 74
91805 17 68
91805 17 34
91805 28 45
91805 44 45
92106 45 58
92106 45 72
92106 63 70
92106 64 77
92407 9 73
92407 9 30
92407 9 29
92407 29 63
92407 29 62
92407 61 63
92407 63 66
92708 18 37
92708 53 70
93009 11 48
93009 57 76
93009 58 65
93310 0 45
93310 3 5
93310 9 29
93310 9 30
93310 9 70
93310 9 28
93611 7 58
93611 21 69
93611 36 50
93611 76 78
93912 11 23
93912 17 18
93912 23 69
93912 35 74
93912 62 73
94213 21 76
94213 21 69
94213 22 85
94514 0 24
94815 45 65
94815 50 86
94815 55 74
95116 29 53
95116 49 86
95116 59 76
95417 2 15
95417 9 73
95417 20 40
95417 44 70
95718 7 58
95718 29 53
95718 35 48
95718 49 52
95718 55 79
96019 21 46
96019 24 48
96019 26 31
96019 75 79
96320 20 40
96320 29 53
96320 50 86
96621 23 29
96621 29 63
96621 31 71
96621 52 79
96922 4 86
96922 29 53
97223 8 26
97223 14 44
97223 52 79
97524 35 51
97524 35 84
97524 44 51
97524 45 51
97524 53 70
97524 56 88
97524 57 88
97825 7 25
97825 24 48
97825 28 69
98126 16 84
98427 14 72
98427 30 73
98427 30 69
98427 53 69
98728 9 29
98728 11 48
98728 24 48
98728 27 81
98728 57 88
98728 74 86
99029 24 48
99029 28 70
99029 57 76
99330 9 73
99330 17 84
99330 24 28
99330 29 53
99631 9 73
99631 11 23
99631 17 18
99631 22 85
99932 7 25
99932 9 66
99932 9 72
99932 22 64
99932 35 52
100233 29 63
100233 50 86
100534 5 18
100534 16 88
100534 28 73
100534 29 53
100534 39 51
100534 49 86
100534 49 55
100835 7 25
100835 22 64
100835 49 84
100835 50 84
100835 50 52
100835 52 84
101136 6 88
101136 18 37
101136 22 85
101136 23 69
101136 28 62
101437 24 48
101738 21 61
101738 24 45
101738 30 66
101738 69 73
102039 5 72
102039 5 37
102039 5 22
102039 16 45
102039 18 72
102039 22 37
102039 22 26
102039 26 72
102039 26 37
102039 26 71
102039 28 73
102039 37 72
102039 60 81
102039 60 88
102340 21 28
102340 29 53
102340 67 78
102641 1 7
102641 1 40
102641 7 40
102641 33 59
102942 62 73
103243 14 24
103544 9 62
103544 28 29
103845 0 24
103845 17 68
104146 0 14
104146 9 62
104146 29 53
104447 29 53
104748 9 73
104748 9 62
105049 12 59
105049 50 86
105049 75 84
105350 5 18
105350 7 16
105350 9 29
105350 22 32
105350 52 55
105350 55 74
105651 5 18
105651 66 69
105952 15 33
105952 25 86
106253 3 53
106253 22 32
106253 22 45
106253 28 70
106253 44 51
106253 53 70
106253 53 61
106554 6 40
106554 24 45
106554 49 86
106554 57 60
106855 24 48
107156 53 70
107457 8 26
107457 9 62
107457 9 28
107457 28 73
107457 28 62
107457 50 52
107457 50 86
107758 8 37
107758 37 82
107758 37 58
107758 58 82
108059 7 86
108059 25 35
108360 5 75
108661 11 48
108661 12 49
108661 49 67
108661 58 65
108661 60 89
108962 5 85
108962 76 78
109263 5 37
109263 5 34
109263 7 27
109263 7 88
109263 23 30
109263 27 88
109263 30 34
109263 34 37
109564 0 14
109564 7 16
109564 8 60
109564 8 90
109564 9 62
109564 53 66
109865 3 37
109865 8 26
109865 22 37
109865 23 30
109865 25 49
109865 29 63
109865 37 90
109865 53 61
110166 62 73
110166 71 83
110467 17 18
110768 7 84
110768 16 84
110768 25 84
110768 64 77
111069 9 62
111069 29 69
111069 29 53
111069 50 74
111069 53 69
111069 55 79
111370 28 70
111671 9 62
111671 23 30
111671 39 51
111671 42 76
111671 49 55
111972 14 37
111972 29 53
112273 25 87
112574 29 53
112574 50 86
112574 51 65
112875 31 71
113176 8 26
113176 31 71
113176 42 59
113176 53 63
113477 7 12
113477 23 29
113778 23 30
113778 29 63
113778 37 77
113778 55 86
114079 12 43
114380 9 62
114380 29 53
114380 57 88
114681 22 64
114681 24 48
114982 9 73
114982 35 50
114982 50 86
114982 50 84
115283 6 40
115283 7 76
115584 11 26
115584 35 75
115885 14 50
115885 22 64
115885 44 86
116186 3 68
116186 29 63
116487 2 15
116487 23 30
116788 7 16
116788 29 53
117089 15 33
117390 17 34
117390 17 68
117390 28 70
117691 1 7
117691 9 73
117691 14 51
117691 23 53
117691 23 73
117691 23 29
117691 28 53
117691 28 73
117691 28 29
117691 29 53
117992 9 62
117992 15 33
117992 60 81
117992 76 88
118293 24 48
118293 35 52
118293 39 45
118293 57 62
118594 0 24
118594 35 49
118594 45 58
118594 50 86
118594 55 74
118895 14 18
118895 25 58
118895 29 53
118895 35 75
118895 50 75
118895 56 60
119196 29 53
119497 29 53
119497 50 74
119497 52 86
119798 53 70
120099 45 65
120099 56 86
120099 56 84
120099 84 86
120400 0 45
120400 29 91
120400 29 53
120400 53 63
120701 24 48
120701 29 69
120701 66 69
121002 11 48
121002 44 58
121002 49 84
121002 50 74
121002 75 88
121002 79 88
121303 9 62
121303 12 16
121303 35 75
121303 57 60
121303 57 88
121303 58 90
121604 11 44
121604 11 30
121604 24 48
121905 3 14
121905 19 24
121905 24 48
121905 53 70
122206 9 62
122206 28 69
122206 30 66
122206 52 75
122507 0 45
122507 7 78
122507 7 21
122507 14 24
122507 21 78
122507 29 53
122808 24 59
122808 29 53
122808 45 90
122808 53 63
123109 9 51
123109 9 39
123109 9 62
123109 39 51
123410 17 68
123410 18 34
123410 35 75
123410 36 75
123711 25 87
124012 3 51
124012 3 23
124012 23 49
124012 28 69
124012 42 51
124012 52 75
124012 80 90
124313 58 65
124313 76 78
124313 76 81
124313 78 81
124614 9 73
124614 50 86
124915 29 63
125216 9 66
125216 14 24
125216 24 58
125216 28 84
125517 44 51
125517 88 89
125818 24 28
125818 29 53
125818 55 74
125818 76 81
126119 21 69
126119 29 63
126420 5 51
126420 5 35
126420 14 39
126420 17 51
126420 27 35
126420 27 75
126420 35 75
126420 51 68
126721 9 46
126721 55 84
127022 22 64
127022 45 85
127022 45 65
127022 65 85
127323 14 58
127323 21 40
127323 47 58
127624 39 72
127624 42 72
127624 42 58
127624 58 72
127925 22 50
127925 27 58
128226 5 72
128226 30 66
128226 32 91
128226 34 72
128226 53 63
128527 5 39
128527 24 48
128527 35 86
128527 35 52
128828 29 53
129129 8 82
129129 9 19
129129 9 62
129129 22 39
129129 22 64
129129 38 44
129430 2 60
129430 7 33
129430 11 56
129430 28 53
129430 44 51
129430 53 70
129430 58 65
129731 3 5
129731 29 63
129731 29 73
129731 50 88
130032 21 56
130032 24 48
130333 51 54
130333 63 89
130634 29 53
130634 44 51
130935 1 16
130935 1 59
130935 16 59
130935 49 55
130935 55 79
131236 42 86
131236 55 86
131537 58 65
131537 76 84
131838 29 53
132139 3 80
132440 17 18
132440 18 68
132440 24 48
132440 32 58
132741 9 66
132741 9 62
132741 30 66
132741 50 74
132741 58 72
133042 15 33
133042 44 52
133343 9 63
133644 16 78
133644 28 73
133644 53 63
133644 61 71
133644 70 73
133644 75 79
133945 16 61
133945 23 53
133945 28 69
133945 30 53
134246 6 40
134246 7 16
134547 8 26
134547 9 62
134547 9 73
134547 69 73
134848 0 24
134848 9 62
134848 15 67
134848 52 75
134848 62 73
135149 1 7
135149 1 27
135149 6 40
135149 7 27
135149 9 62
135149 29 53
135149 55 74
135450 8 30
135450 8 90
135450 9 73
135450 15 67
135450 52 75
135450 53 73
135751 44 51
135751 58 65
136052 24 48
136052 46 84
136052 79 86
136353 35 75
136353 55 86
136654 1 33
136654 14 37
136654 64 77
136955 14 39
136955 14 58
137256 14 58
137256 22 38
137557 34 84
137557 35 75
137557 50 86
137557 55 74
137858 1 33
137858 1 2
137858 1 6
137858 2 6
137858 2 10
137858 6 33
137858 10 84
137858 16 53
137858 16 70
137858 33 44
137858 39 51
137858 51 58
137858 51 65
137858 53 70
137858 56 84
137858 58 65
137858 67 84
138159 3 22
138159 5 18
138159 11 24
138159 22 64
138159 50 86
138159 55 79
138460 12 44
138460 12 58
138460 12 77
138460 24 48
138460 58 65
138761 2 84
138761 3 68
138761 8 90
138761 9 30
138761 9 62
138761 24 48
138761 52 75
138761 62 73
139062 29 53
139062 37 58
139062 44 51
139363 7 78
139363 28 69
139363 46 60
139363 49 86
139363 49 55
139363 55 86
139664 9 62
139664 9 45
139664 12 57
139664 13 50
139664 14 85
139664 14 24
139664 27 75
139664 45 61
139664 45 83
139664 50 74
139965 19 28
139965 35 75
139965 45 65
140266 0 48
140266 0 14
140266 9 62
140266 18 68
140567 8 26
140567 9 62
140567 29 53
140567 36 55
140567 36 79
140567 55 79
140868 5 85
140868 5 80
140868 21 84
140868 28 69
141169 35 75
141169 39 58
141169 79 88
141470 9 62
141470 35 75
141771 5 37
141771 35 75
141771 35 49
141771 46 57
142072 63 70
142373 15 27
142373 23 30
142373 29 71
142373 37 58
142674 21 59
142975 28 53
142975 44 51
143276 5 14
143276 37 58
143276 44 45
143577 5 18
143577 7 33
143577 29 90
143577 44 51
143577 45 64
143577 81 88
143878 17 18
143878 45 65
143878 49 52
143878 52 86
144179 29 53
144179 29 63
144179 45 65
144179 45 85
144179 58 65
144480 15 33
144480 22 85
144480 22 32
144480 28 66
144480 53 63
144480 58 72
144781 1 88
144781 1 59
144781 22 32
145082 22 64
145082 24 48
145082 77 82
145383 6 12
145383 6 26
145383 7 46
145383 9 62
145383 9 26
145383 12 46
145383 14 24
145684 21 76
145985 29 63
146286 4 79
146286 37 58
146286 75 79
146587 29 53
146587 37 58
146587 50 86
146587 51 65
146888 9 73
147189 5 34
147189 29 63
147189 53 63
147490 14 58
147490 21 76
147490 25 79
147791 7 25
147791 16 25
147791 50 86
148092 22 64
148092 24 48
148092 37 58
148393 5 18
148393 12 44
148393 12 77
148393 12 64
148393 24 48
148393 39 65
148393 64 77
148694 12 77
148694 12 84
148694 26 32
148694 57 60
148694 77 84
148995 22 32
148995 24 48
149296 40 88
149296 55 74
149597 11 23
149898 3 14
149898 14 37
149898 16 84
149898 17 18
149898 50 75
150199 21 84
150199 30 66
150199 55 86
150500 22 38
150801 4 50
150801 7 57
150801 8 26
150801 9 62
150801 13 50
150801 14 37
150801 32 80
150801 37 90
151102 28 70
151102 38 39
151403 18 37
151403 23 30
151704 9 62
151704 16 76
151704 17 68
151704 21 61
151704 24 37
151704 35 75
151704 42 75
151704 45 90
151704 55 79
151704 59 76
152005 55 79
152306 0 24
152306 17 18
152306 79 87
152306 84 87
152607 9 73
152607 9 69
152607 29 53
152607 49 52
152607 55 79
152607 67 76
152908 5 80
152908 5 18
152908 18 80
153209 29 53
153209 30 62
153209 49 52
153510 27 60
153510 50 75
153811 23 30
153811 49 74
153811 49 55
153811 55 74
153811 69 73
154112 5 72
154112 7 58
154112 9 23
154112 29 53
154112 49 52
154413 7 58
154413 21 84
154413 24 45
154413 28 62
154413 56 60
154714 1 76
154714 35 79
154714 77 82
155015 2 33
155015 24 87
155015 58 62
155316 24 48
155316 29 30
155316 30 63
155316 47 58
155617 0 24
155617 42 44
155617 55 79
155617 56 84
155617 56 87
155617 75 79
155918 5 11
155918 5 72
156219 28 29
156219 29 70
156520 53 63
156821 25 36
156821 53 63
157122 1 88
157122 9 62
157122 9 73
157122 16 88
157122 28 73
157122 29 73
157122 35 52
157122 37 77
157122 53 73
157122 62 73
157423 9 62
157423 29 53
157724 8 26
157724 9 28
157724 9 62
157724 22 64
157724 28 73
158025 52 79
158326 5 72
158326 12 44
158326 58 65
158627 7 12
158627 38 69
158928 24 28
158928 29 53
158928 55 74
158928 76 81
159229 8 85
159229 8 37
159229 9 62
159229 50 75
159229 59 76
159530 5 44
159530 11 44
159530 28 69
159530 29 70
159530 44 51
159831 34 86
160132 5 72
160132 50 74
160132 53 69
160132 55 79
160433 5 14
160734 29 53
160734 37 58
160734 69 70
161035 50 74
161035 53 69
161336 7 58
161336 7 25
161336 21 69
161336 25 58
161336 27 76
161336 28 66
161336 75 79
161336 76 78
161637 14 24
161938 11 58
161938 12 44
161938 12 72
161938 28 53
161938 35 50
161938 43 58
161938 44 58
161938 44 56
161938 53 70
161938 56 58
161938 56 65
162239 15 33
162540 0 51
162540 4 36
162540 17 18
162540 26 65
162540 29 53
162540 45 72
162841 19 59
162841 19 76
162841 24 45
162841 25 47
162841 27 57
162841 28 69
163142 5 14
163142 29 70
163142 44 51
163443 7 88
163443 22 64
163443 24 48
163443 59 67
163443 61 66
163443 77 82
163744 9 62
163744 11 44
164045 35 75
164045 62 73
164346 1 76
164346 22 64
164346 24 48
164346 27 76
164346 44 51
164346 52 87
164346 77 82
164647 17 18
164647 22 32
164647 32 38
164948 18 90
164948 23 30
164948 35 75
164948 46 84
164948 50 86
164948 50 60
164948 57 88
164948 62 73
165249 7 25
165249 35 84
165249 45 70
165249 52 84
165550 8 26
165550 26 80
165550 31 58
165550 39 85
165550 80 91
165851 14 44
165851 14 22
166152 0 24
166152 0 48
166152 9 62
166152 15 67
166152 16 59
166152 23 30
166152 24 48
166152 28 30
166152 44 51
166152 52 75
166453 1 16
166453 2 15
166453 31 71
166453 33 40
166754 9 28
166754 15 60
166754 16 76
166754 21 60
166754 28 62
166754 35 50
166754 38 90
166754 50 75
166754 85 90
167055 29 53
167356 23 69
167356 23 30
167356 29 53
167356 30 63
167356 30 53
167657 17 18
167657 22 32
167657 79 87
167657 84 87
167958 14 24
167958 28 84
167958 39 51
168259 15 33
168560 20 35
168560 39 45
168560 42 79
168560 52 84
168560 56 84
168861 9 73
168861 28 53
168861 50 74
169162 28 53
169162 42 43
169463 22 64
169463 61 69
169764 7 12
169764 29 53
170065 21 56
170065 36 50
170366 1 2
170366 1 78
170366 2 10
170366 6 10
170366 7 78
170366 21 76
170366 77 82
170667 17 68
170667 22 85
170667 26 37
170667 28 70
170667 37 72
170667 55 86
170968 30 57
170968 51 90
170968 52 75
170968 56 59
170968 58 65
170968 59 78
171269 8 26
171269 26 32
171269 38 90
171269 38 85
171269 58 90
171269 58 85
171269 85 90
171570 3 85
171570 22 85
171871 15 60
172172 9 62
172172 17 68
172172 18 68
172473 3 83
172473 29 53
172473 50 74
172774 9 30
172774 9 28
172774 9 53
172774 28 30
172774 28 73
172774 29 53
172774 44 51
173075 5 37
173075 5 13
173075 5 74
173075 9 62
173075 74 81
173376 34 84
173376 35 75
173376 35 50
173376 37 84
173376 49 86
173376 50 74
173376 58 84
173376 75 86
173677 9 66
173677 34 84
173677 35 75
173677 67 84
173978 0 14
173978 5 22
173978 5 37
173978 5 72
173978 22 26
173978 22 37
173978 22 34
173978 26 37
173978 26 72
173978 34 37
173978 37 72
173978 40 84
173978 40 78
173978 60 88
173978 81 88
174279 9 62
174279 9 73
174279 17 18
174279 50 74
174279 53 69
174580 1 59
174580 1 88
174580 1 84
174580 11 24
174580 12 88
174580 15 88
174580 23 69
174580 24 55
174580 50 86
174580 84 88
174881 3 5
174881 9 62
174881 9 29
174881 11 24
174881 11 48
174881 18 37
174881 24 48
175182 12 42
175483 53 69
175483 61 69
175784 14 47
175784 32 38
176085 9 28
176085 9 63
176386 9 66
176386 9 62
176386 9 73
176386 11 84
176386 62 73
176687 24 44
176687 29 63
176988 17 18
176988 22 32
176988 35 75
176988 39 90
176988 79 87
177289 1 76
177289 37 58
177590 1 84
177590 1 59
177590 1 6
177590 9 73
177590 20 84
177590 28 69
177590 29 53
177590 67 84
177590 84 88
177891 14 65
177891 14 45
177891 22 64
177891 29 53
177891 39 58
177891 39 85
177891 46 89
177891 58 85
177891 58 65
178192 1 16
178192 15 16
178192 25 49
178192 55 79
178493 16 76
178493 32 38
178794 9 63
178794 9 73
179095 21 69
179095 24 45
179396 29 63
179396 62 73
179697 36 50
179998 2 15
179998 3 14
179998 3 44
179998 9 73
179998 9 62
179998 11 44
179998 19 73
179998 29 63
179998 62 73
179998 62 66
180299 7 84
180299 44 65
180600 11 23
180901 29 70
180901 29 69
180901 29 53
180901 53 63
180901 59 78
180901 85 91
181202 0 24
181202 5 24
181202 12 58
181202 39 58
181202 79 88
181503 9 73
181503 9 62
181503 50 74
181804 2 28
181804 5 22
181804 23 61
182105 22 85
182105 61 69
182105 76 78
182406 17 18
182406 21 56
182406 21 59
182406 24 48
182406 32 58
182707 9 23
182707 9 62
183008 28 69
183008 29 63
183309 9 73
183309 49 73
183309 50 86
183309 57 60
183610 17 68
183610 17 34
183610 34 68
183610 35 75
183610 35 36
183610 36 75
183610 75 86
183911 9 62
183911 12 77
183911 12 44
183911 12 58
183911 24 48
183911 27 46
183911 27 65
183911 27 57
183911 39 65
183911 39 58
183911 46 56
183911 46 57
183911 53 70
183911 58 65
184212 7 25
184212 21 79
184212 24 48
184212 24 45
184212 28 69
184513 15 33
184513 22 85
184513 28 66
184513 44 51
184513 53 63
184814 0 14
184814 14 37
184814 17 18
184814 28 30
184814 37 82
185115 0 14
185115 3 14
185115 8 90
185115 9 69
185115 16 84
185115 17 18
185115 30 53
185115 65 82
185416 8 26
185416 53 63
185717 24 45
185717 29 53
185717 44 51
186018 21 84
186018 23 29
186018 51 65
186319 38 58
186319 59 78
186319 76 78
186620 9 62
186620 29 53
186921 11 86
186921 12 86
186921 76 78
187222 4 48
187222 7 76
187222 8 34
187222 8 90
187222 11 24
187222 12 16
187222 27 81
187222 27 76
187222 35 75
187523 7 46
187523 17 18
187523 42 43
187523 45 58
187824 35 50
187824 42 50
188125 18 37
188125 29 53
188125 39 51
188426 15 33
188727 35 75
188727 35 52
188727 52 75
189028 3 19
189028 3 14
189028 9 14
189028 19 42
189028 29 63
189329 3 11
189329 28 76
189329 57 76
189630 9 62
189630 9 19
189630 12 58
189630 22 64
189630 24 48
189630 29 53
189630 53 63
189931 3 58
189931 25 86
189931 37 58
189931 53 77
190232 7 88
190232 8 26
190232 53 63
190533 24 48
190533 46 84
190533 74 79
190834 3 85
190834 50 86
191135 28 73
191135 62 73
191135 67 84
191135 67 76
191436 11 77
191436 17 34
191436 22 48
191436 27 81
191436 27 48
191436 27 77
191436 27 64
191436 48 64
191436 64 77
191436 85 90
191737 22 85
192038 9 63
192038 9 73
192038 9 28
192038 9 69
192038 24 48
192038 28 70
192038 37 65
192038 53 70
192038 61 62
192339 2 10
192339 6 84
192339 10 16
192339 10 33
192339 11 84
192339 12 44
192339 24 31
192339 33 44
192339 39 51
192339 51 58
192339 51 65
192339 58 65
192339 67 84
192640 17 18
192640 29 53
192941 0 48
192941 4 50
192941 9 73
192941 9 62
192941 15 67
192941 52 75
192941 53 66
193242 9 30
193242 19 62
193242 21 56
193242 22 64
193242 77 82
193543 29 53
193543 37 58
193543 62 69
193844 49 55
193844 49 86
193844 50 86
193844 52 55
194145 11 38
194145 29 53
194145 62 73
194145 69 70
194145 84 88
194446 45 72
194747 52 79
195048 14 24
195048 76 78
195349 3 22
195349 11 24
195349 42 79
195349 52 79
195349 55 79
195650 19 75
195650 19 50
195650 27 60
195650 35 75
195650 35 50
195650 50 75
195650 50 52
195650 52 75
195951 24 31
195951 24 48
195951 31 48
195951 71 83
196252 11 44
196252 24 63
196252 37 82
196252 86 91
196553 11 24
196553 11 51
196553 17 68
196553 22 64
196553 27 51
196553 27 68
196854 14 58
196854 59 76
197155 6 40
197155 7 58
197155 15 33
197155 38 45
197155 44 52
197456 8 26
197456 23 30
197456 23 53
197456 29 53
197456 30 53
197456 39 58
197757 23 30
197757 29 53
197757 29 30
197757 35 52
197757 43 45
197757 44 51
198058 9 69
198058 9 63
198058 24 48
198058 28 70
198058 37 65
198058 53 70
198058 61 62
198359 0 14
198359 29 53
198359 37 58
198660 8 16
198660 28 69
198961 14 24
198961 50 55
199262 7 58
199563 11 69
199563 11 23
199563 23 69
199563 53 63
199864 52 79
200165 28 84
200165 35 75
200165 55 75
200466 3 14
200466 7 88
200466 9 63
200466 9 28
200767 7 12
200767 22 32
201068 23 49
201068 25 49
201068 28 69
201068 37 77
201068 52 75
201068 53 61
201369 4 79
201369 16 84
201670 20 35
201670 39 45
201670 42 79
201971 29 63
202272 2 10
202272 2 6
202272 5 51
202272 6 10
202272 11 14
202272 14 34
202272 27 46
202272 44 51
202573 8 26
202573 85 90
202874 9 73
202874 63 70
203175 9 66
203175 14 48
203175 24 32
203175 59 76
203476 22 85
203476 61 69
203476 63 70
203777 8 26
203777 14 44
204078 5 21
204078 21 84
204379 7 27
204379 27 57
204379 57 60
204680 0 48
204680 9 63
204680 52 87
204981 1 59
204981 22 38
204981 29 53
204981 29 30
204981 29 66
204981 30 53
204981 75 79
205282 50 86
205583 14 58
205583 21 61
205884 0 65
205884 14 65
205884 39 45
206185 12 44
206486 6 10
206486 6 12
206486 11 58
206486 11 16
206486 39 65
206486 40 57
206486 44 51
206486 44 45
206486 45 51
206486 51 58
206486 51 65
206486 53 70
206486 57 88
206486 58 65
206486 79 84
206486 84 86
206787 67 84
207088 1 16
207088 7 88
207088 9 62
207088 35 79
207088 35 52
207088 35 36
207088 35 84
207088 36 79
207088 76 88
207389 7 59
207389 8 90
207389 24 48
207389 79 86
207690 4 50
207690 9 62
207690 23 30
207690 30 44
207690 35 52
207690 46 49
207690 49 86
207690 53 70
207991 0 65
207991 0 14
207991 22 64
207991 24 48
207991 44 51
208292 14 47
208292 45 72
208593 24 48
208593 31 32
208894 19 76
208894 22 64
208894 35 79
208894 77 82
209195 28 66
209496 7 78
209496 7 59
209496 20 52
209496 20 35
209496 28 40
209496 28 73
209496 35 52
209496 35 84
209496 35 87
209496 40 84
209496 42 79
209496 52 84
209496 56 87
209496 56 84
209797 0 48
209797 8 90
209797 16 84
209797 29 53
210098 5 14
210098 9 62
210098 29 53
210098 37 58
210399 1 12
210399 9 73
210399 9 62
210399 51 71
210700 7 84
210700 8 26
210700 21 84
210700 31 71
211001 21 69
211001 21 61
211001 61 69
211302 12 78
211302 58 65
211302 84 89
211603 3 24
211603 15 33
211603 23 30
211603 28 29
211603 44 51
211603 53 63
211904 9 73
211904 17 18
211904 35 75
211904 39 90
212205 27 73
212205 29 53
212205 37 84
212205 49 86
212205 49 50
212506 22 64
212506 77 82
212807 15 33
213108 29 63
213409 29 70
213409 44 72
213409 53 70
213710 17 18
213710 32 38
214011 7 58
214011 15 33
214011 60 81
214312 0 14
214312 7 78
214312 9 62
214312 21 84
214312 21 56
214312 29 53
214312 52 87
214613 24 69
214613 28 69
214914 11 44
215215 53 66
215516 27 60
215516 29 63
215817 21 61
215817 22 64
215817 57 88
216118 17 68
216118 29 53
216118 57 60
216419 8 26
216419 22 71
216419 38 85
216419 38 90
216419 39 65
216419 58 85
216419 72 90
216720 64 77
217021 7 12
217021 29 53
217021 45 83
217021 50 74
217322 11 26
217322 35 75
217623 9 62
217623 9 17
217623 24 48
217623 76 88
217924 29 53
218225 7 27
218225 8 17
218225 8 51
218225 8 39
218225 8 14
218225 14 51
218225 14 90
218225 19 51
218225 39 51
218225 51 90
218526 1 33
218526 1 7
218526 5 72
218526 11 72
218526 14 37
218526 24 45
218526 37 58
218526 58 65
218827 14 32
219128 29 63
219128 56 84
219429 3 22
219429 28 66
219429 28 69
219730 8 54
219730 8 32
219730 22 37
219730 22 72
219730 22 26
219730 22 91
219730 26 37
219730 29 53
219730 37 72
219730 37 90
220031 22 64
220031 30 66
220031 44 86
220031 58 65
220332 28 53
220332 44 51
220633 19 78
220633 21 63
220633 29 53
220934 14 24
220934 14 58
220934 24 58
221235 15 33
221235 50 86
221235 60 81
221235 76 88
221536 12 58
221536 58 72
221536 59 78
221837 5 37
221837 9 62
221837 9 73
221837 24 48
221837 24 77
221837 24 74
222138 0 45
222138 29 53
222138 37 58
222138 37 47
222439 0 24
222439 22 38
222439 24 45
222439 25 28
222439 25 53
222439 27 57
222439 28 53
222439 53 69
222439 67 76
222740 9 62
222740 38 58
222740 38 45
222740 59 78
222740 76 78
223041 9 62
223041 14 24
223041 18 47
223041 19 58
223041 21 69
223041 58 72
223342 0 24
223342 32 91
223342 57 60
223643 5 18
223944 39 51
224245 2 15
224245 7 16
224245 7 12
224245 12 16
224546 7 21
224546 7 78
224546 17 68
224546 21 78
224546 29 53
224546 36 50
224847 29 53
224847 37 58
224847 44 51
225148 7 25
225148 16 25
225148 30 66
225449 5 39
225449 14 58
225449 40 88
225449 49 55
225750 9 62
225750 22 85
225750 29 53
225750 32 38
226051 5 37
226051 5 18
226051 14 77
226051 18 37
226051 64 77
226352 2 15
226352 17 18
226352 35 75
226653 0 14
226653 41 79
226653 53 69
226653 77 82
226954 21 84
226954 24 48
226954 55 79
227255 2 88
227255 40 88
227255 40 84
227255 84 88
227556 26 32
227857 8 26
227857 28 70
228158 1 78
228158 9 19
228158 9 73
228158 19 42
228158 19 50
228158 58 72
228158 62 73
228459 19 86
228760 19 79
228760 21 61
228760 24 45
228760 27 57
228760 28 69
228760 44 51
228760 53 66
228760 61 66
228760 79 87
229061 4 86
229061 52 86
229362 24 48
229663 1 16
229663 8 26
229964 2 15
229964 2 33
229964 9 73
229964 9 62
229964 15 72
229964 29 63
229964 40 75
229964 50 75
229964 58 86
229964 58 78
229964 58 59
229964 59 78
229964 72 86
229964 72 78
229964 72 75
229964 75 86
230265 15 33
230265 25 55
230265 56 60
230566 2 71
230566 14 58
230566 14 39
230566 14 24
230566 37 82
230566 39 58
230566 53 70
230867 11 84
230867 12 84
230867 16 33
230867 29 53
230867 42 43
230867 44 45
230867 49 84
230867 49 58
230867 49 64
230867 58 84
230867 64 77
230867 79 88
231168 49 55
231168 50 86
231469 22 72
231469 28 69
231770 7 27
232071 24 31
232071 31 48
232071 81 88
232372 9 62
232372 15 33
232372 44 52
232372 62 73
232673 25 84
232673 64 77
232673 75 79
232974 9 62
233275 32 80
233275 45 83
233275 50 74
233275 55 79
233275 58 72
233576 29 53
233576 35 49
233576 52 86
233576 57 60
233576 74 86
233877 22 64
233877 28 57
233877 37 58
234178 2 15
234178 3 14
234178 7 50
234178 9 62
234178 9 73
234479 12 58
234479 12 56
234479 17 34
234479 50 75
234479 56 58
234780 24 45
234780 29 53
234780 37 58
234780 44 51
234780 67 76
235081 22 85
235081 46 89
235382 0 48
235382 16 84
235382 24 48
235382 29 53
235683 20 84
235683 35 52
235683 35 84
235683 55 79
235683 56 87
235683 56 84
235984 29 53
236285 11 84
236285 18 47
236285 18 37
236285 58 65
236586 9 63
236586 9 28
236887 15 33
236887 46 76
236887 60 81
237188 29 63
237188 50 84
237188 58 65
237188 59 76
237188 76 81
237489 25 86
237489 29 53
237489 50 86
237790 14 72
237790 28 53
238091 7 81
238091 14 45
238091 57 60
238392 7 50
238693 35 52
238994 9 53
238994 29 53
238994 37 58
238994 50 86
238994 53 73
238994 53 66
238994 62 73
239295 28 66
239295 42 51
239295 46 60
239295 53 70
239596 1 78
239596 3 5
239596 29 63
239897 18 34
239897 21 66
239897 29 69
239897 50 74
239897 55 79
239897 57 60
240198 1 88
240198 9 62
240198 27 88
240198 28 69
240198 29 53
240499 5 18
240499 5 11
240499 62 73
240800 4 87
240800 9 62
240800 22 85
240800 29 53
240800 36 50
240800 84 89
241101 21 84
241402 29 53
241703 24 45
241703 55 79
241703 69 73
242004 18 37
242004 29 53
242004 35 55
242004 39 72
242004 80 85
242305 18 47
242305 18 37
242305 58 65
242606 2 28
242606 5 22
242606 22 85
242907 8 26
242907 53 63
243208 29 53
243208 53 73
243509 14 58
243509 53 66
243810 3 45
244111 17 18
244111 22 58
244111 22 32
244111 32 58
244412 11 24
244412 19 59
244412 37 72
244412 59 76
244412 70 73
244713 50 86
244713 52 84
244713 52 75
244713 59 76
244713 75 84
245014 12 78
245315 3 8
245315 14 85
245315 19 79
245315 24 48
245315 45 65
245616 0 24
245616 1 15
245616 29 63
245616 55 79
245616 56 84
245917 11 23
245917 23 69
245917 53 63
246218 0 24
246218 19 42
246218 19 50
246218 20 35
246218 22 32
246218 55 79
246218 84 87
246519 17 68
246519 36 50
246820 7 16
246820 7 25
246820 16 25
246820 30 66
247121 29 53
247121 36 79
247121 36 55
247121 55 79
247422 29 53
247422 52 86
247723 6 40
247723 9 73
247723 9 61
247723 50 86
248024 5 72
248024 5 37
248024 22 26
248024 22 37
248024 22 72
248024 26 37
248024 26 72
248024 29 53
248024 37 72
248024 53 63
248325 9 62
248325 14 24
248325 25 79
248325 25 88
248325 38 51
248325 39 51
248325 45 58
248325 51 65
248325 51 72
248325 58 72
248325 65 72
248325 66 70
248626 8 26
248626 9 62
248626 52 84
248927 45 65
249228 7 76
249529 35 79
249529 77 82
249830 1 6
249830 1 33
249830 1 40
249830 1 10
249830 6 40
249830 10 40
249830 12 44
249830 18 68
249830 24 48
249830 33 40
250131 29 63
250432 28 69
250432 46 89
250733 37 58
251034 31 71
251034 44 51
251034 53 63
251335 0 14
251636 0 14
251636 18 45
251636 35 52
251937 3 68
251937 28 69
251937 37 77
251937 52 75
251937 62 73
252238 9 73
252238 29 63
252539 1 40
252539 1 6
252539 6 60
252539 27 84
252539 44 65
252539 58 65
252840 4 52
252840 8 26
252840 28 29
252840 29 70
252840 37 77
252840 38 39
253141 3 24
253141 14 45
253141 24 29
253141 24 53
253141 24 28
253141 29 53
253141 44 51
253442 7 76
253442 9 63
253743 0 14
253743 12 88
253743 31 51
253743 51 71
254044 4 86
254044 29 53
254044 37 58
254345 23 53
254345 28 69
254345 35 52
254345 46 50
254345 50 86
254345 53 70
254646 3 18
254646 9 62
254646 18 65
254646 29 53
254646 45 58
254947 0 48
254947 8 90
254947 9 80
254947 9 30
254947 15 67
254947 24 48
254947 30 53
254947 53 73
254947 53 62
255248 7 84
255248 24 84
255248 27 84
255248 33 84
255248 51 58
255549 9 63
255549 9 28
255549 61 62
255850 28 84
256151 50 74
256452 28 69
256753 24 48
256753 26 31
256753 35 75
257054 2 6
257054 2 10
257054 5 39
257054 6 10
257054 7 16
257054 9 62
257054 14 82
257054 21 56
257054 45 58
257355 14 71
257355 44 51
257355 50 86
257656 9 23
257656 9 73
257656 14 24
257656 24 48
257957 24 48
257957 29 53
257957 35 75
258258 29 53
258559 8 26
258559 42 43
258559 53 63
258860 16 59
258860 29 63
258860 50 59
258860 59 76
259161 1 88
259161 5 51
259161 5 18
259161 7 88
259161 29 53
259161 39 51
259161 49 67
259161 55 86
259462 12 27
259462 17 34
259763 2 10
259763 2 40
259763 2 6
259763 6 10
259763 21 88
259763 44 51
260064 3 65
260064 9 73
260064 17 51
260064 51 68
260365 9 28
260365 9 63
260365 9 69
260365 28 69
260365 28 70
260666 9 73
260666 29 69
260666 29 53
260666 37 58
260666 50 74
260666 53 69
260967 32 38
261268 21 84
261268 22 85
261569 29 70
261870 35 55
261870 50 74
262171 0 48
262171 8 16
262171 8 90
262171 16 84
262171 29 53
262171 29 30
262472 23 30
262472 45 72
262472 45 65
262472 49 74
262472 49 55
262472 50 86
262472 52 84
262472 65 72
262472 69 73
262773 22 64
262773 27 57
262773 44 51
262773 77 82
263074 29 53
263074 49 52
263375 19 73
263375 52 75
263676 17 18
263676 45 65
263977 4 86
263977 9 62
263977 24 48
264278 3 58
264278 30 53
264579 14 22
264579 14 39
264579 21 84
264579 30 90
264579 59 78
264880 11 84
264880 14 71
264880 37 58
264880 50 86
265181 17 80
265181 21 84
265181 24 48
265181 35 75
265181 46 84
