0 21 84
0 24 48
0 55 79
301 8 37
301 37 82
301 37 58
301 58 82
602 5 24
602 7 16
602 8 26
602 14 90
602 18 37
903 0 14
903 9 62
903 29 53
1204 29 63
1505 12 77
1505 12 84
1505 26 32
1505 57 60
1505 77 84
1806 7 58
1806 24 35
1806 24 48
1806 29 53
1806 49 52
1806 55 79
2107 4 79
2107 9 29
2107 27 81
2107 57 88
2408 45 65
2408 56 86
2408 56 84
2408 84 86
2709 14 37
2709 37 58
2709 44 51
3010 4 79
3010 37 58
3010 75 79
3311 4 48
3311 7 76
3311 8 34
3311 8 90
3311 11 24
3311 12 16
3311 27 81
3311 27 76
3311 35 75
3612 31 71
3612 44 51
3612 53 63
3913 14 58
3913 21 61
3913 21 76
4214 62 73
4214 71 83
4515 9 73
4515 9 69
4515 29 53
4515 49 52
4515 55 79
4515 67 76
4816 29 53
4816 52 87
5117 35 50
5117 42 50
5418 9 73
5418 9 19
5418 33 88
5418 50 75
5719 16 76
5719 32 38
6020 49 55
6020 49 86
6020 50 86
6020 52 55
6321 67 84
6622 24 48
6622 35 75
6622 46 84
6923 56 84
7224 5 14
7525 3 68
7525 28 69
7525 37 77
7525 52 75
7525 62 73
7826 14 37
7826 35 87
7826 35 52
8127 5 37
8127 5 34
8127 7 27
8127 7 88
8127 23 30
8127 27 88
8127 30 34
8127 34 37
8428 22 38
8729 7 46
8729 17 68
9030 7 46
9030 17 18
9030 42 43
9030 45 58
9331 9 62
9331 19 73
9331 29 73
9331 29 63
9331 56 84
9632 32 80
9632 45 83
9632 50 74
9632 55 79
9632 58 72
9933 9 30
9933 19 62
9933 21 56
9933 22 64
9933 77 82
10234 28 62
10234 29 53
10234 45 85
10234 45 65
10535 9 62
10535 29 53
10535 37 58
10535 50 74
10836 9 66
10836 9 62
10836 9 73
10836 11 84
10836 62 73
11137 7 16
11137 7 25
11137 16 25
11137 30 66
11438 35 75
11438 55 86
11739 3 14
11739 4 86
11739 7 12
11739 7 76
11739 9 28
12040 5 72
12040 9 62
12040 49 86
12040 49 55
12040 55 86
12341 0 14
12341 7 78
12341 9 62
12341 21 84
12341 21 56
12341 29 53
12341 52 87
12642 29 53
12943 8 26
12943 9 62
12943 9 28
12943 28 73
12943 28 62
12943 50 52
12943 50 86
13244 7 78
13244 7 59
13244 20 52
13244 20 35
13244 28 40
13244 28 73
13244 35 52
13244 35 84
13244 35 87
13244 40 84
13244 42 79
13244 52 84
13244 56 87
13244 56 84
13545 0 24
13545 35 49
13545 45 58
13545 50 86
13545 55 74
13846 24 45
13846 29 53
13846 44 51
14147 14 58
14147 53 66
14448 18 37
14448 53 70
14749 22 64
14749 77 82
15050 29 53
15351 24 48
15652 9 73
15652 29 63
15953 35 55
15953 50 74
16254 9 62
16254 9 19
16254 14 37
16254 19 44
16254 21 61
16254 22 64
16254 29 53
16254 44 45
16254 44 58
16254 44 60
16254 59 76
16555 0 48
16555 9 69
16555 9 43
16555 15 67
16555 28 69
16555 44 51
16555 52 75
16555 62 73
16555 69 73
16856 21 59
17157 7 27
17458 24 48
17458 26 31
17458 35 75
17759 29 63
18060 58 65
18060 76 84
18361 7 16
18361 29 53
18662 0 65
18662 14 65
18662 39 45
18963 5 39
18963 24 48
18963 35 86
18963 35 52
19264 0 48
19264 4 50
19264 9 73
19264 9 62
19264 15 67
19264 52 75
19264 53 66
19565 12 44
19866 17 68
19866 17 34
19866 28 45
19866 44 45
20167 9 28
20167 12 84
20167 55 87
20468 2 15
20468 5 11
20468 14 19
20468 17 18
20468 19 79
20468 42 79
20769 3 44
20769 44 51
20769 77 82
21070 23 30
21070 24 48
21371 22 32
21371 24 48
21672 35 52
21973 23 30
22274 24 48
22274 29 30
22274 30 63
22274 47 58
22575 53 69
22575 61 69
22876 12 60
22876 35 75
23177 4 87
23177 9 62
23177 22 85
23177 29 53
23177 36 50
23177 84 89
23478 2 60
23478 7 33
23478 11 56
23478 28 53
23478 44 51
23478 53 70
23478 58 65
23779 9 66
23779 34 84
23779 35 75
23779 67 84
24080 0 14
24080 8 26
24080 9 62
24080 12 32
24080 17 51
24080 21 56
24080 25 39
24080 39 51
24080 56 60
24381 24 59
24381 29 53
24381 45 90
24381 53 63
24682 5 22
24682 23 61
24983 5 51
24983 5 35
24983 14 39
24983 17 51
24983 27 35
24983 27 75
24983 35 75
24983 51 68
25284 23 30
25284 29 63
25284 37 77
25284 55 86
25585 55 79
25886 11 24
25886 19 59
25886 37 72
25886 59 76
25886 70 73
26187 11 86
26187 12 86
26187 76 78
26488 6 40
26488 7 16
26789 24 48
26789 26 31
26789 35 75
26789 37 91
27090 3 80
27391 65 91
27692 0 45
27692 29 53
27692 37 58
27692 37 47
27993 1 7
27993 1 27
27993 6 40
27993 7 27
27993 9 62
27993 29 53
27993 55 74
28294 22 80
28294 28 69
28294 53 70
28595 24 31
28595 31 48
28595 81 88
28896 25 86
28896 29 53
28896 50 86
29197 3 24
29197 15 33
29197 23 30
29197 28 29
29197 44 51
29197 53 63
29498 9 73
29498 63 70
29799 24 58
29799 28 84
29799 28 62
30100 8 16
30100 28 69
30401 3 11
30401 28 76
30401 57 76
30702 5 37
30702 35 75
30702 35 49
30702 46 57
31003 29 53
31003 30 62
31003 49 52
31304 24 31
31304 24 48
31304 31 48
31304 71 83
31605 9 62
31605 14 24
31605 25 79
31605 25 88
31605 38 51
31605 39 51
31605 45 58
31605 51 65
31605 51 72
31605 58 72
31605 65 72
31605 66 70
31906 1 7
31906 9 73
31906 14 51
31906 23 53
31906 23 73
31906 23 29
31906 28 53
31906 28 73
31906 28 29
31906 29 53
32207 1 76
32207 37 58
32508 42 51
32508 46 60
32809 19 86
33110 9 62
33110 20 31
33110 24 31
33110 24 48
33110 31 48
33110 71 83
33411 9 62
33411 38 58
33411 38 45
33411 45 58
33712 2 15
33712 7 16
33712 7 12
33712 12 16
34013 29 53
34013 37 58
34013 44 51
34314 17 68
34314 22 85
34314 26 37
34314 28 70
34314 37 72
34314 55 86
34615 17 68
34615 50 86
34916 12 78
34916 58 65
34916 84 89
35217 7 78
35217 20 35
35217 29 73
35217 29 61
35217 35 52
35217 56 87
35217 56 84
35217 63 70
35217 84 87
35518 28 30
35819 1 16
35819 8 26
36120 5 18
36120 66 69
36421 9 66
36421 14 48
36421 24 32
36421 59 76
36722 3 14
36722 9 62
36722 9 28
36722 9 44
36722 34 44
36722 44 45
37023 17 68
37023 28 69
37023 29 53
37023 37 82
37023 44 51
37324 20 84
37324 35 52
37324 35 84
37324 55 79
37324 56 87
37324 56 84
37625 24 48
37625 46 84
37625 79 86
37926 1 59
37926 6 88
37926 32 38
38227 8 26
38227 53 63
38528 29 53
38528 35 49
38528 52 86
38528 57 60
38528 74 86
38829 0 14
38829 16 59
38829 53 69
39130 11 48
39130 12 49
39130 49 67
39130 58 65
39130 60 89
39431 9 73
39431 49 73
39431 50 86
39431 57 60
39732 30 57
39732 51 90
39732 52 75
39732 56 59
39732 58 65
39732 59 78
40033 17 68
40033 18 34
40033 35 75
40033 36 75
40334 9 62
40334 9 45
40334 12 57
40334 13 50
40334 14 85
40334 14 24
40334 27 75
40334 45 61
40334 45 83
40334 50 74
40635 9 62
40635 22 85
40635 29 53
40635 32 38
40936 15 33
41237 0 14
41237 12 88
41237 31 51
41237 51 71
41538 2 10
41538 3 14
41538 6 10
41538 11 14
41538 44 51
41839 11 23
41839 23 69
41839 53 63
42140 7 88
42140 9 62
42140 52 75
42441 28 70
42441 38 39
42742 2 15
42742 2 33
42742 9 73
42742 9 62
42742 15 72
42742 29 63
42742 40 75
42742 50 75
42742 58 86
42742 58 78
42742 58 59
42742 59 78
42742 72 86
42742 72 78
42742 72 75
42742 75 86
43043 3 80
43043 28 53
43043 49 55
43344 29 53
43344 37 58
43344 69 70
43645 34 84
43645 35 75
43645 35 50
43645 37 84
43645 49 86
43645 50 74
43645 58 84
43645 75 86
43946 29 53
44247 8 26
44247 50 74
44247 53 69
44548 2 15
44548 3 14
44548 7 50
44548 9 62
44548 9 73
44849 9 62
44849 29 30
44849 50 86
45150 21 69
45150 29 63
45451 5 72
45451 30 66
45451 32 91
45451 34 72
45451 53 63
45752 15 33
45752 22 85
45752 22 32
45752 28 66
45752 53 63
45752 58 72
46053 9 73
46053 28 53
46053 50 74
46354 8 26
46354 44 51
46655 21 42
46655 22 38
46655 24 45
46655 25 28
46655 27 57
46655 53 70
46956 9 73
46956 9 30
46956 9 29
46956 29 63
46956 29 62
46956 61 63
46956 63 66
47257 0 24
47257 19 42
47257 19 50
47257 20 35
47257 22 32
47257 55 79
47257 84 87
47558 40 88
47558 55 74
47859 1 33
47859 14 37
47859 64 77
48160 12 44
48160 17 56
48461 7 76
48762 36 50
49063 2 71
49063 14 58
49063 14 39
49063 14 24
49063 37 82
49063 39 58
49063 53 70
49364 7 58
49364 21 84
49364 24 45
49364 28 62
49364 56 60
49665 5 14
49665 9 62
49665 29 53
49665 37 58
49966 7 27
49966 27 60
49966 27 57
49966 28 61
49966 29 53
49966 49 74
49966 57 60
50267 3 72
50267 8 83
50267 14 44
50267 29 53
50267 44 51
50568 38 58
50568 59 78
50568 76 78
50869 7 27
50869 8 17
50869 8 51
50869 8 39
50869 8 14
50869 14 51
50869 14 90
50869 19 51
50869 39 51
50869 51 90
51170 19 73
51170 52 75
51471 51 54
51471 63 89
51772 7 25
51772 21 79
51772 24 48
51772 24 45
51772 28 69
52073 15 60
52374 0 24
52374 4 86
52374 9 69
52374 21 84
52374 24 48
52374 61 62
52675 0 24
52675 1 15
52675 29 63
52675 55 79
52675 56 84
52976 0 65
52976 0 14
52976 22 64
52976 24 48
52976 44 51
53277 3 5
53277 9 62
53277 9 29
53277 11 24
53277 11 48
53277 18 37
53277 24 48
53578 2 6
53578 2 10
53578 5 39
53578 6 10
53578 7 16
53578 9 62
53578 14 82
53578 21 56
53578 45 58
53879 5 75
54180 22 64
54180 35 52
54180 44 51
54180 46 89
54481 5 72
54481 7 58
54481 9 23
54481 29 53
54481 49 52
54782 3 5
54782 5 18
54782 11 24
54782 18 22
54782 79 84
55083 29 53
55083 29 63
55083 45 65
55083 45 85
55083 58 65
55384 39 58
55384 49 58
55384 49 79
55384 49 88
55384 79 88
55384 79 84
55685 21 28
55685 29 53
55685 67 78
55986 24 58
56287 24 69
56287 28 69
56588 0 24
56588 0 48
56588 9 62
56588 15 67
56588 16 59
56588 23 30
56588 24 48
56588 28 30
56588 44 51
56588 52 75
56889 9 62
57190 12 64
57190 12 45
57190 12 58
57190 17 18
57190 18 68
57190 34 58
57190 45 58
57190 64 77
57491 28 69
57491 29 70
57491 44 51
57792 9 62
57792 15 33
57792 60 81
57792 76 88
58093 53 62
58093 76 78
58394 2 28
58394 5 22
58394 22 85
58695 7 58
58695 7 25
58695 21 69
58695 25 58
58695 27 76
58695 28 66
58695 75 79
58695 76 78
58996 7 21
58996 7 78
58996 17 68
58996 21 78
58996 29 53
58996 36 50
59297 3 45
59598 23 49
59598 25 49
59598 28 69
59598 37 77
59598 52 75
59598 53 61
59899 1 59
59899 22 38
59899 29 53
59899 29 30
59899 29 66
59899 30 53
59899 75 79
60200 15 33
60501 44 51
60501 58 65
60802 29 53
60802 37 58
60802 44 51
61103 21 69
61103 21 61
61103 61 69
61404 52 79
61705 1 76
61705 35 79
61705 77 82
62006 1 78
62006 3 14
62006 21 84
62006 28 73
62006 29 70
62006 45 65
62307 53 63
62608 0 24
62608 42 44
62608 55 79
62608 56 84
62608 56 87
62608 75 79
62909 5 80
62909 5 18
62909 18 80
63210 27 60
63210 29 63
63210 37 58
63210 50 75
63511 18 37
63511 29 53
63511 39 51
63812 7 58
63812 15 33
63812 60 81
64113 11 44
64113 24 48
64414 9 62
64414 14 24
64414 18 47
64414 19 58
64414 21 69
64414 58 72
64715 18 47
64715 18 37
64715 58 65
65016 29 53
65016 35 49
65016 37 84
65016 58 84
65317 24 48
65618 50 86
65618 56 84
65919 4 79
65919 16 84
66220 17 18
66220 22 32
66220 32 38
66521 17 18
66521 45 65
66521 49 52
66521 52 86
66822 11 58
66822 12 44
66822 12 72
66822 28 53
66822 35 50
66822 43 58
66822 44 58
66822 44 56
66822 53 70
66822 56 58
66822 56 65
67123 6 40
67123 9 73
67123 9 61
67123 50 86
67424 18 34
67424 21 66
67424 29 69
67424 50 74
67424 55 79
67424 57 60
67725 26 32
68026 29 53
68026 29 63
68327 9 46
68327 55 84
68628 0 24
68628 9 62
68628 15 67
68628 52 75
68628 62 73
68929 58 65
68929 76 78
68929 76 81
68929 78 81
69230 6 88
69230 18 37
69230 22 85
69230 23 69
69230 28 62
69531 3 44
69531 22 64
69531 44 51
69531 45 58
69832 8 79
69832 21 69
69832 29 63
70133 9 62
70133 35 75
70434 5 37
70434 9 62
70434 9 73
70434 24 48
70434 24 77
70434 24 74
70735 14 24
70735 27 56
70735 27 60
70735 28 53
70735 29 53
70735 29 70
70735 45 65
70735 65 72
71036 11 44
71036 25 75
71337 8 26
71337 14 44
71638 9 73
71638 29 63
71939 22 72
71939 28 69
72240 49 84
72541 4 52
72541 7 88
72541 9 73
72541 9 62
72541 29 53
72541 52 55
72541 55 79
72842 29 63
73143 35 51
73143 35 84
73143 44 51
73143 45 51
73143 53 70
73143 56 88
73143 57 88
73444 39 58
73444 65 84
73444 79 84
73444 79 88
73745 9 62
73745 13 88
73745 21 88
73745 29 53
73745 29 69
73745 45 83
73745 50 74
73745 55 79
74046 9 62
74347 0 45
74347 29 91
74347 29 53
74347 53 63
74648 3 22
74648 5 18
74648 11 24
74648 22 64
74648 50 86
74648 55 79
74949 21 76
75250 29 53
75551 1 12
75551 9 73
75551 9 62
75551 51 71
75852 2 15
75852 2 3
75852 24 48
75852 35 75
76153 3 19
76153 3 14
76153 9 14
76153 19 42
76153 29 63
76454 3 37
76454 5 34
76755 9 63
76755 9 73
76755 9 28
76755 9 69
76755 24 48
76755 28 70
76755 37 65
76755 53 70
76755 61 62
77056 52 79
77357 24 28
77357 29 53
77357 55 74
77357 76 81
77658 9 73
77658 9 62
77658 14 51
77658 29 53
77658 49 55
77959 7 84
77959 35 86
77959 35 50
77959 37 80
77959 37 50
77959 38 86
77959 50 75
77959 50 80
78260 11 57
78260 22 64
78260 56 57
78561 49 55
78561 50 86
78862 58 59
78862 59 76
78862 59 78
78862 60 81
78862 76 88
79163 14 50
79163 22 64
79163 44 86
79464 23 29
79464 29 63
79464 31 71
79464 52 79
79765 5 85
79765 76 78
80066 23 30
80066 49 74
80066 49 55
80066 55 74
80066 69 73
80367 1 88
80367 1 59
80367 22 32
80668 37 77
80668 42 76
80668 49 55
80668 55 86
80969 2 39
80969 5 48
80969 12 48
80969 12 14
80969 12 20
80969 14 20
80969 14 58
80969 14 78
80969 20 58
80969 20 78
80969 24 87
80969 29 39
80969 31 58
80969 58 78
81270 11 44
81571 29 63
81872 14 18
81872 25 58
81872 29 53
81872 35 75
81872 50 75
81872 56 60
82173 3 58
82173 25 86
82173 37 58
82173 53 77
82474 22 77
82474 22 64
82775 6 58
82775 6 7
82775 7 58
82775 29 53
83076 12 16
83076 27 81
83076 39 57
83076 50 86
83377 12 88
83377 22 85
83377 55 74
83678 21 69
83678 29 53
83678 75 79
83979 28 84
84280 3 72
84280 52 79
84280 62 73
84280 79 86
84581 17 68
84581 36 50
84882 12 59
84882 50 86
84882 75 84
85183 9 29
85484 0 14
85484 53 70
85484 60 79
85785 23 30
85785 45 72
85785 45 65
85785 49 74
85785 49 55
85785 50 86
85785 52 84
85785 65 72
85785 69 73
86086 5 18
86086 9 53
86086 12 44
86086 12 77
86086 39 65
86086 39 58
86086 44 65
86086 58 65
86387 1 88
86387 9 62
86387 9 73
86387 16 88
86387 28 73
86387 29 73
86387 35 52
86387 37 77
86387 53 73
86387 62 73
86688 5 72
86688 12 44
86688 58 65
86989 28 69
86989 29 63
87290 8 26
87290 9 62
87290 29 53
87290 36 55
87290 36 79
87290 55 79
87591 53 70
87892 29 63
88193 20 40
88193 29 53
88193 50 86
88494 7 59
88494 8 90
88494 24 48
88494 79 86
88795 15 33
88795 50 86
88795 60 81
88795 76 88
89096 24 48
89096 29 69
89096 66 69
89397 18 37
89397 23 30
89698 9 63
89698 9 28
89698 61 62
89999 11 44
89999 25 86
89999 35 75
89999 35 52
89999 52 75
90300 11 84
90300 12 84
90300 16 33
90300 29 53
90300 42 43
90300 44 45
90300 49 84
90300 49 58
90300 49 64
90300 58 84
90300 64 77
90300 79 88
90601 0 24
90902 9 73
90902 17 84
90902 24 28
90902 29 53
91203 1 88
91203 9 62
91203 27 88
91203 28 69
91203 29 53
91504 0 51
91504 4 36
91504 17 18
91504 26 65
91504 29 53
91504 45 72
91805 0 48
91805 0 14
91805 9 62
91805 18 68
92106 45 65
92106 50 86
92106 55 74
92407 3 14
92407 19 24
92407 24 48
92407 53 70
92708 50 74
93009 28 62
93009 28 29
93009 29 53
93310 14 58
93310 21 61
93611 4 41
93611 27 57
93611 28 69
93912 30 53
93912 58 72
93912 58 85
93912 80 85
94213 17 68
94213 17 34
94213 34 68
94213 35 75
94213 35 36
94213 36 75
94213 75 86
94514 22 64
94514 24 48
94514 44 51
94514 77 82
94815 52 79
95116 9 62
95116 15 33
95116 44 52
95116 62 73
95417 2 28
95417 5 22
95417 23 61
95718 7 25
95718 24 48
95718 28 69
96019 1 12
96019 5 45
96019 9 73
96019 9 62
96320 4 74
96320 24 48
96320 26 71
96320 29 53
96320 35 75
96621 4 52
96621 8 26
96621 28 29
96621 29 70
96621 37 77
96621 38 39
96922 9 30
96922 9 28
96922 9 53
96922 28 30
96922 28 73
96922 29 53
96922 44 51
97223 7 12
97223 23 29
97524 12 78
97825 9 51
97825 9 39
97825 9 62
97825 39 51
98126 8 30
98126 8 90
98126 9 73
98126 15 67
98126 52 75
98126 53 73
98427 3 18
98427 7 58
98427 12 15
98427 15 33
98728 8 50
98728 9 62
98728 38 45
98728 50 75
99029 3 24
99029 14 45
99029 24 29
99029 24 53
99029 24 28
99029 29 53
99029 44 51
99330 9 69
99330 9 66
99330 9 62
99330 12 57
99330 29 53
99330 50 74
99330 62 69
99330 80 85
99631 7 78
99631 8 26
99631 14 24
99631 14 64
99631 17 68
99631 29 53
99932 14 24
100233 45 72
100534 1 33
100534 1 7
100534 5 72
100534 11 72
100534 14 37
100534 24 45
100534 37 58
100534 58 65
100835 5 18
100835 8 26
101136 17 18
101136 45 65
101437 9 62
101437 50 74
101437 58 72
101738 17 18
101738 32 38
102039 2 15
102039 23 30
102340 52 79
102641 5 11
102641 8 85
102641 9 62
102641 29 53
102641 38 45
102641 40 41
102942 5 72
102942 28 69
102942 49 55
102942 49 86
102942 55 86
103243 17 18
103243 29 53
103544 19 75
103544 19 50
103544 27 60
103544 35 75
103544 35 50
103544 50 75
103544 50 52
103544 52 75
103845 11 77
103845 17 34
103845 22 48
103845 27 81
103845 27 48
103845 27 77
103845 27 64
103845 48 64
103845 64 77
103845 85 90
104146 0 45
104146 3 5
104146 9 29
104146 9 30
104146 9 70
104146 9 28
104447 0 48
104447 9 63
104447 52 87
104748 29 63
104748 56 84
105049 4 86
105049 29 53
105049 37 58
105350 29 63
105350 55 79
105651 2 15
105651 9 73
105651 20 40
105651 44 70
105952 37 58
105952 50 86
106253 14 24
106253 14 58
106253 24 58
106554 15 33
106554 25 86
106855 9 28
106855 15 60
106855 16 76
106855 21 60
106855 28 62
106855 35 50
106855 38 90
106855 50 75
106855 85 90
107156 12 76
107156 22 64
107156 35 79
107156 38 45
107156 56 76
107457 7 12
107457 33 84
107457 72 85
107457 79 88
107758 5 21
107758 21 84
108059 14 58
108059 21 40
108059 47 58
108360 7 16
108360 7 25
108360 16 25
108360 17 18
108360 30 66
108661 29 63
108661 62 73
108962 21 61
108962 22 64
108962 57 88
109263 35 75
109263 39 58
109263 79 88
109564 14 39
109564 14 58
109865 21 69
109865 24 45
110166 12 27
110166 17 34
110467 34 84
110467 50 74
110467 58 72
110467 80 85
110768 23 29
110768 55 74
111069 1 78
111069 9 19
111069 9 73
111069 19 42
111069 19 50
111069 58 72
111069 62 73
111370 21 84
111671 7 88
111671 17 51
111671 29 53
111671 29 63
111671 39 51
111671 53 63
111671 53 69
111671 66 69
111972 2 10
111972 2 40
111972 2 6
111972 6 10
111972 21 88
111972 44 51
112273 19 79
112273 21 61
112273 24 45
112273 27 57
112273 28 69
112273 44 51
112273 53 66
112273 61 66
112273 79 87
112574 29 63
112875 22 64
112875 24 48
112875 37 58
113176 35 75
113176 35 52
113176 52 75
113477 8 26
113477 26 80
113477 31 58
113477 39 85
113477 80 91
113778 21 46
113778 24 48
113778 26 31
113778 75 79
114079 1 40
114079 1 6
114079 6 60
114079 27 84
114079 44 65
114079 58 65
114380 23 69
114380 23 30
114380 29 53
114380 30 63
114380 30 53
114681 28 29
114681 29 70
114982 17 68
114982 42 50
115283 35 75
115283 44 51
115584 18 22
115584 22 85
115584 28 66
115584 80 85
115885 3 14
115885 7 88
115885 9 63
115885 9 28
116186 9 62
116487 9 62
116487 17 18
116487 29 61
116487 44 51
116487 50 86
116487 79 87
116788 9 73
117089 1 59
117089 1 88
117089 1 84
117089 11 24
117089 12 88
117089 15 88
117089 23 69
117089 24 55
117089 50 86
117089 84 88
117390 2 12
117390 12 72
117390 58 72
117390 59 78
117390 65 72
117691 2 33
117691 24 87
117691 58 62
117992 14 32
118293 14 24
118293 50 55
118594 14 24
118594 76 78
118895 29 53
119196 28 69
119497 24 48
119497 35 52
119497 39 45
119497 57 62
119798 0 14
119798 41 79
119798 53 69
119798 77 82
120099 9 62
120099 29 53
120400 5 37
120400 5 13
120400 5 74
120400 9 62
120400 74 81
120701 2 84
120701 3 68
120701 8 90
120701 9 30
120701 9 62
120701 24 48
120701 52 75
120701 62 73
121002 1 76
121002 22 64
121002 24 48
121002 27 76
121002 44 51
121002 52 87
121002 77 82
121303 21 61
121303 24 45
121303 30 66
121303 69 73
121604 0 14
121604 7 16
121604 8 60
121604 8 90
121604 9 62
121604 53 66
121905 28 69
121905 37 82
122206 9 62
122206 17 68
122206 18 68
122507 35 75
122507 62 73
122808 28 84
122808 35 75
122808 55 75
123109 8 54
123109 8 32
123109 22 37
123109 22 72
123109 22 26
123109 22 91
123109 26 37
123109 29 53
123109 37 72
123109 37 90
123410 28 70
123711 12 44
123711 12 58
123711 12 77
123711 24 48
123711 58 65
124012 9 60
124012 15 33
124012 35 75
124313 9 73
124313 28 84
124313 28 76
124313 76 84
124614 9 73
124614 50 86
124915 8 26
124915 9 62
124915 52 84
125216 7 58
125216 19 76
125216 21 69
125216 28 73
125216 59 76
125517 37 58
125818 7 25
125818 22 64
125818 49 84
125818 50 84
125818 50 52
125818 52 84
126119 5 84
126119 22 77
126119 24 48
126420 24 48
126420 28 70
126420 57 76
126721 17 18
126721 22 32
126721 35 75
126721 39 90
126721 79 87
127022 3 5
127022 29 63
127022 29 73
127022 50 88
127323 49 55
127624 9 73
127624 11 23
127624 17 18
127624 22 85
127925 29 53
127925 49 52
128226 5 44
128226 11 44
128226 28 69
128226 29 70
128226 44 51
128527 5 14
128527 6 88
128527 14 24
128527 28 30
128828 5 18
128828 5 11
128828 62 73
129129 27 73
129129 29 53
129129 37 84
129129 49 86
129129 49 50
129430 0 14
129430 0 3
129430 3 14
129430 7 78
129731 21 84
129731 23 29
129731 51 65
130032 4 55
130333 14 47
130333 32 38
130634 29 70
130634 44 72
130634 53 70
130935 3 51
130935 3 23
130935 23 49
130935 28 69
130935 42 51
130935 52 75
130935 80 90
131236 5 18
131236 7 33
131236 29 90
131236 44 51
131236 45 64
131236 81 88
131537 7 46
131537 17 34
131537 17 18
131537 17 46
131537 32 85
131537 32 38
131537 35 75
131537 64 77
131838 25 87
132139 2 15
132139 17 18
132139 35 75
132440 29 53
132440 37 58
132440 62 69
132741 23 29
132741 28 29
132741 29 53
132741 35 52
133042 0 48
133042 7 12
133042 9 63
133042 9 28
133042 32 71
133042 37 58
133343 14 48
133343 29 53
133343 53 70
133343 53 66
133343 59 76
133644 69 70
133945 15 33
134246 5 18
134246 12 44
134246 12 77
134246 12 64
134246 24 48
134246 39 65
134246 64 77
134547 50 86
134848 3 14
134848 14 37
134848 16 84
134848 17 18
134848 50 75
135149 9 23
135149 9 62
135450 14 85
135450 23 69
135450 23 31
135450 27 75
135450 31 69
135751 0 24
135751 0 14
135751 14 24
135751 14 48
135751 22 77
135751 24 48
135751 45 48
136052 16 61
136052 23 53
136052 28 69
136052 30 53
136353 7 84
136353 8 26
136353 21 84
136353 31 71
136654 9 29
136654 11 48
136654 24 48
136654 27 81
136654 57 88
136654 74 86
136955 14 48
136955 14 24
136955 24 48
137256 3 83
137256 3 43
137256 44 51
137557 3 68
137557 29 63
137858 11 23
137858 23 69
137858 45 58
138159 15 33
138159 25 55
138159 56 60
138460 22 85
138460 61 69
138460 76 78
138761 29 53
139062 7 58
139363 3 5
139363 29 73
139363 50 86
139664 9 62
139664 9 69
139664 9 66
139664 28 69
139664 29 30
139664 30 66
139664 37 58
139664 37 77
139664 64 82
139664 65 82
139965 22 64
139965 24 48
140266 14 22
140266 14 39
140266 21 84
140266 30 90
140266 59 78
140567 5 85
140567 5 80
140567 21 84
140567 28 69
140868 29 53
140868 36 79
140868 36 55
140868 55 79
141169 4 50
141169 7 57
141169 8 26
141169 9 62
141169 13 50
141169 14 37
141169 32 80
141169 37 90
141470 4 86
141470 9 62
141470 24 48
141771 19 28
141771 35 75
141771 45 65
142072 0 14
142072 3 14
142072 8 90
142072 9 69
142072 16 84
142072 17 18
142072 30 53
142072 65 82
142373 4 86
142373 29 53
142674 29 53
142674 53 73
142975 1 33
142975 1 2
142975 1 6
142975 2 6
142975 2 10
142975 6 33
142975 10 84
142975 16 53
142975 16 70
142975 33 44
142975 39 51
142975 51 58
142975 51 65
142975 53 70
142975 56 84
142975 58 65
142975 67 84
143276 7 25
143276 35 84
143276 45 70
143276 52 84
143577 14 58
143577 21 76
143577 25 79
143878 6 10
143878 16 46
143878 44 51
143878 57 88
144179 7 12
144179 38 69
144480 2 88
144480 40 88
144480 40 84
144480 84 88
144781 50 86
144781 52 84
144781 52 75
144781 59 76
144781 75 84
145082 9 63
145383 28 53
145383 44 51
145684 21 69
145684 58 85
145985 0 24
145985 4 84
145985 35 52
145985 55 79
146286 7 16
146286 29 53
146587 29 63
146587 50 84
146587 58 65
146587 59 76
146587 76 81
146888 3 65
146888 9 73
146888 17 51
146888 51 68
147189 5 18
147189 16 88
147189 28 73
147189 29 53
147189 39 51
147189 49 86
147189 49 55
147490 14 22
147791 16 84
148092 17 80
148092 21 84
148092 24 48
148092 35 75
148092 46 84
148393 5 72
148393 5 37
148393 5 22
148393 16 45
148393 18 72
148393 22 37
148393 22 26
148393 26 72
148393 26 37
148393 26 71
148393 28 73
148393 37 72
148393 60 81
148393 60 88
148694 4 52
148694 14 24
148694 21 69
148694 29 53
148995 7 58
148995 29 53
148995 35 48
148995 49 52
148995 55 79
149296 11 23
149296 17 18
149296 23 69
149296 35 74
149296 62 73
149597 2 28
149597 2 39
149597 11 34
149597 28 38
149597 61 86
149597 77 86
149898 3 83
149898 29 53
149898 50 74
150199 45 65
150500 0 24
150500 22 38
150500 24 45
150500 25 28
150500 25 53
150500 27 57
150500 28 53
150500 53 69
150500 67 76
150801 2 15
150801 2 48
150801 15 48
150801 24 49
150801 35 75
150801 48 49
151102 0 14
151102 7 16
151102 8 60
151102 15 67
151102 28 29
151403 40 56
151704 3 72
151704 22 38
151704 22 32
152005 5 85
152005 5 72
152005 55 86
152005 72 80
152005 80 85
152306 27 60
152306 50 75
152607 6 40
152607 7 58
152607 15 33
152607 38 45
152607 44 52
152908 7 16
152908 7 84
152908 7 25
152908 16 84
152908 16 25
152908 25 84
152908 50 84
153209 24 28
153209 29 53
153209 55 74
153209 76 81
153510 7 78
153510 16 25
153510 27 60
153811 0 48
153811 16 84
153811 24 48
153811 29 53
154112 9 62
154112 29 53
154112 57 88
154413 23 69
154714 14 48
154714 23 30
154714 24 48
154714 39 58
154714 45 58
154714 45 72
154714 58 72
155015 35 75
155015 35 52
155316 8 26
155316 53 63
155617 3 85
155617 50 86
155918 39 72
155918 42 72
155918 42 58
155918 58 72
156219 3 37
156219 8 26
156219 22 37
156219 23 30
156219 25 49
156219 29 63
156219 37 90
156219 53 61
156520 9 62
156520 22 32
156520 76 78
156821 4 50
156821 9 62
156821 9 73
156821 15 67
156821 28 69
156821 44 51
156821 52 75
157122 7 12
157122 22 91
157122 24 32
157122 33 84
157122 79 88
157122 85 91
157423 5 54
157423 7 59
157423 9 62
157423 62 69
157724 17 18
158025 24 48
158025 24 45
158025 29 63
158025 29 70
158025 39 45
158025 42 65
158025 45 72
158025 45 48
158326 50 74
158326 53 69
158627 9 63
158627 28 70
158627 28 53
158627 53 70
158627 61 62
158928 24 45
158928 55 79
158928 69 73
159229 1 6
159229 1 33
159229 1 40
159229 1 10
159229 6 40
159229 10 40
159229 12 44
159229 18 68
159229 24 48
159229 33 40
159530 0 48
159530 8 90
159530 9 80
159530 9 30
159530 15 67
159530 24 48
159530 30 53
159530 53 73
159530 53 62
159831 9 66
159831 9 62
159831 30 66
159831 50 74
159831 58 72
160132 8 26
160132 29 91
160132 39 58
160132 42 43
160132 42 50
160433 24 48
160433 29 53
160433 35 75
160734 2 10
160734 2 6
160734 5 51
160734 6 10
160734 11 14
160734 14 34
160734 27 46
160734 44 51
161035 14 24
161035 28 84
161035 39 51
161336 0 14
161336 7 16
161336 8 90
161336 8 60
161336 9 62
161336 9 69
161336 17 68
161637 22 64
161637 40 88
161637 44 51
161637 67 78
161938 1 16
161938 15 16
161938 25 49
161938 55 79
162239 11 23
162540 15 33
162841 3 8
162841 14 85
162841 19 79
162841 24 48
162841 45 65
163142 11 44
163142 11 30
163142 24 48
163443 1 84
163443 1 59
163443 1 6
163443 9 73
163443 20 84
163443 28 69
163443 29 53
163443 67 84
163443 84 88
163744 8 85
163744 8 37
163744 9 62
163744 50 75
163744 59 76
164045 29 63
164045 50 86
164346 15 33
164647 22 64
164647 30 66
164647 44 86
164647 58 65
164948 7 25
164948 16 25
164948 30 66
165249 5 14
165249 37 58
165249 44 45
165550 9 62
165851 4 50
165851 14 24
165851 21 69
165851 29 53
165851 45 58
166152 8 26
166152 22 71
166152 38 85
166152 38 90
166152 39 65
166152 58 85
166152 72 90
166453 28 69
166754 0 48
166754 9 73
166754 9 62
166754 15 67
166754 52 75
167055 21 76
167055 21 69
167055 22 85
167356 9 73
167356 29 69
167356 29 53
167356 37 58
167356 50 74
167356 53 69
167657 35 75
167657 45 58
167958 17 18
167958 22 58
167958 22 32
167958 32 58
168259 17 18
168259 22 32
168259 79 87
168259 84 87
168560 22 32
168861 29 53
169162 4 49
169162 29 53
169162 57 88
169463 37 58
169463 44 52
169764 23 30
169764 29 53
169764 29 30
169764 35 52
169764 43 45
169764 44 51
170065 24 58
170065 32 80
170065 67 76
170366 28 69
170366 53 70
170667 9 28
170667 9 69
170667 9 63
170667 17 68
170667 28 73
170667 28 70
170667 28 30
170667 28 69
170667 30 62
170667 35 75
170667 53 62
170667 53 70
170667 61 62
170968 5 39
170968 8 84
170968 9 31
170968 24 48
170968 29 53
170968 46 84
171269 5 47
171269 9 28
171269 9 63
171269 9 69
171269 9 73
171269 9 62
171269 24 48
171269 28 73
171570 28 84
171570 39 51
171871 5 11
171871 5 72
172172 44 51
172172 88 89
172473 14 37
172473 29 53
172774 9 73
172774 9 62
172774 50 74
173075 29 53
173376 17 18
173677 11 48
173677 57 76
173677 58 65
173978 1 78
173978 3 5
173978 29 63
174279 28 66
174580 29 53
174881 29 53
175182 44 51
175182 57 62
175483 5 18
175784 20 84
175784 29 63
175784 37 58
175784 59 76
176085 1 16
176085 1 59
176085 16 59
176085 49 55
176085 55 79
176386 7 78
176386 29 53
176687 31 71
176988 7 58
176988 9 73
176988 24 35
176988 29 53
176988 35 48
176988 42 55
176988 49 52
176988 55 79
177289 22 64
177289 24 48
177289 77 82
177590 17 68
177891 45 65
177891 52 86
178192 9 63
178192 9 28
178493 32 85
178493 50 86
178794 9 69
178794 9 63
178794 24 48
178794 28 70
178794 37 65
178794 53 70
178794 61 62
179095 28 53
179095 42 43
179396 17 18
179396 28 30
179396 64 77
179697 9 63
179697 9 73
179998 6 12
179998 6 26
179998 7 46
179998 9 62
179998 9 26
179998 12 46
179998 14 24
180299 14 58
180299 21 61
180600 27 60
180600 29 63
180901 7 84
180901 44 65
181202 7 25
181202 7 16
181202 16 25
181202 30 66
181202 61 69
181503 14 24
181503 21 69
181503 29 53
181503 85 91
181804 12 58
181804 43 58
181804 44 45
181804 79 88
182105 34 84
182105 35 75
182105 50 86
182105 55 74
182406 19 76
182406 22 64
182406 35 79
182406 77 82
182707 8 58
182707 14 58
182707 19 27
182707 27 50
182707 27 84
182707 27 35
182707 27 52
182707 27 75
182707 27 65
182707 27 72
182707 35 75
182707 35 38
182707 35 37
182707 35 45
182707 45 58
182707 45 72
182707 58 72
183008 7 88
183008 8 26
183008 53 63
183309 6 40
183309 7 76
183610 14 72
183610 30 73
183610 30 69
183610 53 69
183911 8 26
183911 50 74
184212 7 76
184212 8 26
184212 15 33
184212 23 29
184212 29 53
184212 53 63
184513 29 70
184814 58 72
184814 64 77
185115 4 50
185115 9 62
185115 23 30
185115 30 44
185115 35 52
185115 46 49
185115 49 86
185115 53 70
185416 0 14
185416 29 53
185416 37 58
185717 16 59
185717 29 63
185717 50 59
185717 59 76
186018 14 65
186018 14 45
186018 22 64
186018 29 53
186018 39 58
186018 39 85
186018 46 89
186018 58 85
186018 58 65
186319 28 53
186319 44 51
186620 53 70
186921 24 32
187222 1 7
187222 1 40
187222 7 40
187222 33 59
187523 24 44
187523 29 63
187824 8 26
187824 9 62
187824 21 84
188125 0 48
188125 8 16
188125 8 90
188125 16 84
188125 29 53
188125 29 30
188426 9 63
188727 9 19
188727 9 62
188727 9 73
188727 19 73
188727 45 65
188727 62 73
189028 9 62
189028 28 69
189028 30 66
189028 52 75
189329 9 62
189329 23 30
189329 39 51
189329 42 76
189329 49 55
189630 17 18
189630 29 63
189931 8 26
189931 85 90
190232 6 10
190232 6 12
190232 11 58
190232 11 16
190232 39 65
190232 40 57
190232 44 51
190232 44 45
190232 45 51
190232 51 58
190232 51 65
190232 53 70
190232 57 88
190232 58 65
190232 79 84
190232 84 86
190533 0 24
190533 17 68
190834 1 16
190834 7 88
190834 9 62
190834 35 79
190834 35 52
190834 35 36
190834 35 84
190834 36 79
190834 76 88
191135 11 48
191135 44 58
191135 49 84
191135 50 74
191135 75 88
191135 79 88
191436 0 24
191737 63 70
192038 62 73
192339 12 58
192339 58 72
192339 59 78
192640 22 50
192640 27 58
192941 0 14
193242 1 27
193242 1 7
193242 6 27
193242 6 7
193242 27 33
193242 29 63
193242 37 58
193242 44 65
193543 22 64
193543 45 85
193543 45 65
193543 65 85
193844 14 72
193844 14 34
193844 14 85
193844 24 48
193844 27 75
193844 27 35
193844 35 75
194145 9 73
194145 35 50
194145 50 86
194145 50 84
194446 14 44
194446 14 22
194747 21 56
194747 22 64
194747 24 48
194747 35 79
194747 77 82
195048 21 84
195048 30 66
195048 55 86
195349 9 62
195349 77 82
195650 44 51
195650 55 79
195951 28 69
195951 29 53
195951 37 82
195951 44 51
196252 5 24
196252 5 65
196252 9 66
196252 9 13
196252 24 32
196252 57 60
196553 5 39
196553 14 58
196553 40 88
196553 49 55
196854 28 70
197155 9 62
197155 38 58
197155 38 45
197155 59 78
197155 76 78
197456 25 87
197757 50 84
198058 8 26
198058 21 61
198058 22 64
198359 37 84
198660 14 58
198660 14 37
198660 22 91
198660 23 30
198660 38 80
198660 38 91
198660 85 91
198961 29 53
199262 21 56
199262 24 48
199563 5 18
199563 7 16
199563 9 29
199563 22 32
199563 52 55
199563 55 74
199864 4 86
199864 52 86
200165 53 70
200466 8 26
200466 28 70
200767 0 14
201068 12 42
201369 45 72
201670 17 18
201670 79 87
201971 11 26
201971 35 75
202272 9 62
202272 12 77
202272 12 44
202272 12 58
202272 24 48
202272 27 46
202272 27 65
202272 27 57
202272 39 65
202272 39 58
202272 46 56
202272 46 57
202272 53 70
202272 58 65
202573 22 64
202573 27 57
202573 44 51
202573 77 82
202874 6 40
202874 24 45
202874 49 86
202874 57 60
203175 7 12
203175 22 32
203476 15 33
203476 46 76
203476 60 81
203777 9 73
203777 14 24
203777 59 76
204078 29 53
204078 50 74
204078 52 86
204379 11 44
204680 9 62
204680 12 16
204680 35 75
204680 57 60
204680 57 88
204680 58 90
204981 19 59
204981 19 76
204981 24 45
204981 25 47
204981 27 57
204981 28 69
205282 9 62
205282 29 69
205282 29 53
205282 50 74
205282 53 69
205282 55 79
205583 14 24
205583 29 63
205583 35 75
205583 59 76
205884 20 35
205884 39 45
205884 42 79
206185 9 62
206185 29 53
206185 57 88
206486 35 75
206486 76 84
206787 8 26
206787 26 32
206787 38 90
206787 38 85
206787 58 90
206787 58 85
206787 85 90
207088 22 64
207088 28 57
207088 37 58
207389 24 48
207690 17 18
207690 18 68
207690 24 48
207690 32 58
207991 9 62
207991 9 77
207991 28 73
207991 44 51
208292 42 86
208292 55 86
208593 29 63
208593 50 86
208894 7 25
208894 9 66
208894 9 72
208894 22 64
208894 35 52
209195 4 86
209195 9 63
209195 52 87
209496 9 62
209496 11 44
209797 28 84
210098 14 24
210098 22 77
210098 24 48
210399 3 58
210399 30 53
210700 8 26
210700 9 62
210700 9 73
210700 69 73
211001 24 48
211001 52 75
211001 69 70
211302 3 22
211302 28 66
211302 28 69
211603 9 23
211603 9 73
211603 14 24
211603 24 48
211904 22 85
211904 61 69
211904 63 70
212205 19 62
212205 22 64
212205 77 82
212506 29 53
212807 9 28
212807 9 63
212807 9 69
212807 28 69
212807 28 70
213108 15 33
213108 44 52
213409 3 22
213409 11 24
213409 42 79
213409 52 79
213409 55 79
213710 9 62
214011 29 70
214011 29 69
214011 29 53
214011 53 63
214011 59 78
214011 85 91
214312 7 84
214312 16 84
214312 25 84
214312 64 77
214613 3 18
214613 9 62
214613 18 65
214613 29 53
214613 45 58
214914 32 38
215215 24 48
215215 42 84
215215 52 84
215215 53 63
215516 1 16
215516 2 15
215516 31 71
215516 33 40
215817 28 66
215817 42 51
215817 46 60
215817 53 70
216118 5 34
216118 29 63
216118 53 63
216419 28 84
216419 28 43
216419 39 51
216720 3 5
216720 11 48
216720 11 24
216720 57 88
217021 29 53
217021 46 89
217322 67 84
217623 1 10
217623 1 16
217623 1 33
217623 2 10
217623 2 6
217623 5 39
217623 6 10
217623 6 40
217623 6 27
217623 10 38
217623 10 40
217623 10 16
217623 12 44
217623 12 77
217623 16 33
217623 17 18
217623 24 48
217623 27 40
217623 38 45
217623 38 85
217623 39 65
217623 45 85
217924 7 88
217924 7 27
217924 7 57
217924 27 88
217924 27 77
217924 27 58
217924 58 77
218225 29 53
218225 49 86
218225 59 76
218526 1 2
218526 1 78
218526 2 10
218526 6 10
218526 7 78
218526 21 76
218526 77 82
218827 9 73
218827 9 62
219128 0 14
219128 5 22
219128 5 37
219128 5 72
219128 22 26
219128 22 37
219128 22 34
219128 26 37
219128 26 72
219128 34 37
219128 37 72
219128 40 84
219128 40 78
219128 60 88
219128 81 88
219429 8 26
219429 9 28
219429 9 62
219429 22 64
219429 28 73
219730 14 47
219730 45 72
220031 8 26
220031 14 44
220031 52 79
220332 12 59
220633 24 48
220633 31 32
220934 15 33
220934 22 85
220934 28 66
220934 44 51
220934 53 63
221235 22 85
221536 12 88
221536 17 18
221536 55 74
221837 24 48
221837 29 30
221837 30 53
221837 30 63
222138 25 84
222138 64 77
222138 75 79
222439 8 39
222439 8 85
222439 9 62
222439 9 19
222439 37 58
222439 38 45
222740 9 62
222740 16 76
222740 17 68
222740 21 61
222740 24 37
222740 35 75
222740 42 75
222740 45 90
222740 55 79
222740 59 76
223041 7 12
223041 29 53
223041 45 83
223041 50 74
223342 17 18
223342 21 56
223342 21 59
223342 24 48
223342 32 58
223643 7 84
223643 24 84
223643 27 84
223643 33 84
223643 51 58
223944 20 35
223944 39 45
223944 42 79
223944 52 84
223944 56 84
224245 29 53
224245 50 86
224245 51 65
224546 9 62
224546 29 53
224847 11 69
224847 11 23
224847 23 69
224847 53 63
225148 22 64
225148 42 52
225449 11 23
225449 21 30
225449 23 69
225449 37 58
225449 74 86
225750 5 72
225750 5 37
225750 22 26
225750 22 37
225750 22 72
225750 26 37
225750 26 72
225750 29 53
225750 37 72
225750 53 63
226051 15 33
226051 35 75
226051 49 50
226051 52 55
226352 7 12
226352 29 53
226653 23 29
226954 52 79
227255 24 48
227255 46 84
227255 74 79
227556 39 51
227857 17 18
228158 8 26
228158 22 91
228158 24 48
228158 42 43
228158 48 49
228158 53 70
228158 79 88
228459 1 6
228459 1 59
228459 1 88
228459 7 81
228459 29 53
228760 9 62
228760 9 73
228760 50 86
229061 7 78
229061 9 69
229061 9 29
229061 29 63
229362 3 5
229362 29 63
229663 29 53
229964 28 73
229964 62 73
229964 67 84
229964 67 76
230265 8 26
230265 49 74
230566 9 62
230566 9 17
230566 24 48
230566 76 88
230867 5 37
230867 24 31
230867 31 48
231168 8 82
231168 9 19
231168 9 62
231168 22 39
231168 22 64
231168 38 44
231469 5 11
231469 11 24
231469 14 48
231469 19 59
231469 19 76
231469 28 73
231469 29 53
231469 39 51
231469 70 73
231770 7 25
231770 16 25
231770 50 86
232071 11 84
232071 18 47
232071 18 37
232071 58 65
232372 14 72
232372 28 53
232673 0 14
232673 18 45
232673 35 52
232974 22 64
232974 61 69
233275 14 24
233576 9 62
233576 9 19
233576 12 58
233576 22 64
233576 24 48
233576 29 53
233576 53 63
233877 0 24
233877 17 18
233877 79 87
233877 84 87
234178 0 48
234178 8 90
234178 16 84
234178 29 53
234479 3 53
234479 22 32
234479 22 45
234479 28 70
234479 44 51
234479 53 70
234479 53 61
234780 8 26
234780 31 71
234780 42 59
234780 53 63
235081 9 73
235081 17 18
235081 35 75
235081 39 90
235382 1 16
235382 35 52
235382 35 84
235683 17 68
235683 29 53
235683 57 60
235984 0 45
235984 7 78
235984 7 21
235984 14 24
235984 21 78
235984 29 53
236285 21 56
236285 36 50
236586 7 16
236586 7 58
236887 14 71
236887 44 51
236887 50 86
237188 9 53
237188 29 53
237188 37 58
237188 50 86
237188 53 73
237188 53 66
237188 62 73
237489 7 27
237489 27 57
237489 57 60
237790 5 37
237790 5 18
237790 14 77
237790 18 37
237790 64 77
238091 21 46
238091 21 26
238091 24 48
238091 26 31
238091 49 79
238392 0 24
238392 5 34
238693 7 88
238994 11 26
238994 35 75
239295 7 56
239295 9 73
239596 5 14
239596 29 70
239596 44 51
239897 7 78
239897 28 69
239897 46 60
239897 49 86
239897 49 55
239897 55 86
240198 7 76
240198 9 63
240499 16 25
240499 52 87
240800 14 58
240800 59 76
241101 6 40
241101 9 30
241101 9 29
241101 28 29
241101 28 53
241101 29 53
241402 18 37
241402 29 53
241402 35 55
241402 39 72
241402 80 85
241703 15 27
241703 23 30
241703 29 71
241703 37 58
242004 12 58
242004 12 56
242004 17 34
242004 50 75
242004 56 58
242305 11 24
242305 11 51
242305 17 68
242305 22 64
242305 27 51
242305 27 68
242606 11 84
242606 14 71
242606 37 58
242606 50 86
242907 45 58
242907 45 72
242907 63 70
242907 64 77
243208 3 85
243208 22 85
243509 9 66
243509 14 24
243509 24 58
243509 28 84
243810 9 28
243810 9 63
244111 9 62
244111 28 29
244412 16 78
244412 28 73
244412 53 63
244412 61 71
244412 70 73
244412 75 79
244713 9 28
244713 9 63
244713 28 69
244713 37 77
245014 6 7
245014 8 14
245014 9 62
245014 14 37
245014 35 75
245315 11 44
245315 44 53
245315 53 70
245616 8 90
245616 8 58
245616 45 58
245917 2 10
245917 6 84
245917 10 16
245917 10 33
245917 11 84
245917 12 44
245917 24 31
245917 33 44
245917 39 51
245917 51 58
245917 51 65
245917 58 65
245917 67 84
246218 25 36
246218 53 63
246519 2 15
246519 3 14
246519 3 44
246519 9 73
246519 9 62
246519 11 44
246519 19 73
246519 29 63
246519 62 73
246519 62 66
246820 9 30
246820 24 48
246820 31 91
246820 32 88
246820 66 69
247121 0 24
247121 5 24
247121 12 58
247121 39 58
247121 79 88
247422 9 62
247422 18 90
247422 23 30
247422 50 57
247422 50 86
247723 11 44
247723 24 63
247723 37 82
247723 86 91
248024 9 63
248024 28 70
248024 35 75
248325 29 53
248325 52 86
248626 35 79
248626 77 82
248927 9 73
248927 16 88
248927 21 69
248927 22 64
248927 53 70
249228 0 24
249228 5 34
249228 23 29
249228 29 30
249529 23 53
249529 28 69
249529 35 52
249529 46 50
249529 50 86
249529 53 70
249830 7 88
249830 26 52
250131 1 84
250131 5 18
250131 15 88
250131 15 40
250131 15 84
250131 18 32
250131 22 32
250131 23 69
250131 28 30
250131 29 53
250131 59 88
250131 59 84
250131 62 75
250131 81 84
250131 84 88
250432 37 58
250432 44 51
250733 21 27
250733 21 59
250733 34 45
250733 54 71
251034 11 24
251034 53 73
251335 23 53
251335 35 52
251335 44 77
251335 56 84
251636 8 26
251636 23 30
251636 23 53
251636 29 53
251636 30 53
251636 39 58
251937 7 81
251937 14 45
251937 57 60
252238 9 62
252238 9 73
252238 17 18
252238 50 74
252238 53 69
252539 53 66
252840 36 55
253141 34 86
253442 7 86
253442 25 35
253743 29 53
253743 37 58
253743 50 86
253743 51 65
254044 37 58
254044 53 61
254044 53 70
254345 18 90
254345 23 30
254345 35 75
254345 46 84
254345 50 86
254345 50 60
254345 57 88
254345 62 73
254646 7 88
254646 22 64
254646 24 48
254646 59 67
254646 61 66
254646 77 82
254947 11 38
254947 29 53
254947 62 73
254947 69 70
254947 84 88
255248 28 69
255248 46 89
255549 28 69
255549 29 53
255850 1 88
255850 5 51
255850 5 18
255850 7 88
255850 29 53
255850 39 51
255850 49 67
255850 55 86
256151 28 70
256151 39 72
256151 72 90
256452 19 78
256452 21 63
256452 29 53
256753 21 84
256753 22 85
257054 8 26
257054 44 51
257355 29 53
257355 44 51
257656 16 84
257656 28 69
257656 32 38
257656 35 50
257656 37 82
257656 37 77
257656 45 65
257957 11 23
258258 2 88
258258 3 44
258258 7 58
258559 0 24
258559 32 91
258559 57 60
258860 9 73
259161 11 24
259161 23 30
259161 49 55
259462 64 77
259763 5 72
259763 50 74
259763 53 69
259763 55 79
260064 9 30
260064 29 53
260064 30 62
260064 37 77
260064 52 84
260365 29 70
260666 8 26
260666 42 43
260666 53 63
260967 1 7
260967 17 18
260967 55 79
260967 75 79
261268 7 50
261569 24 45
261569 29 53
261569 37 58
261569 44 51
261569 67 76
261870 12 43
262171 22 85
262171 46 89
262472 28 70
262773 1 65
262773 8 39
262773 8 85
262773 9 62
262773 12 29
262773 14 45
262773 22 51
262773 29 63
262773 38 45
262773 41 86
262773 50 75
262773 53 70
262773 61 90
262773 75 79
263074 29 53
263074 35 75
263074 42 50
263375 0 14
263375 14 37
263375 17 18
263375 28 30
263375 37 82
263676 17 34
263676 17 68
263676 28 70
263977 14 58
263977 22 38
264278 1 84
264278 5 18
264278 6 84
264278 7 84
264278 20 84
264278 28 30
264278 29 53
264278 32 38
264278 33 84
264278 67 84
264278 81 84
264278 84 88
264579 9 43
264579 9 73
264579 15 67
264579 23 69
264579 30 66
264579 52 75
264579 55 86
264880 15 33
264880 23 61
265181 7 58
265181 21 69
265181 36 50
265181 76 78
