0 17 18
0 22 58
0 22 32
0 32 58
301 7 12
301 23 29
602 29 53
602 37 58
602 50 86
602 51 65
903 29 53
1204 12 43
1505 9 62
1505 20 31
1505 24 31
1505 24 48
1505 31 48
1505 71 83
1806 27 60
1806 50 75
2107 24 58
2107 28 84
2107 28 62
2408 0 24
2408 5 24
2408 12 58
2408 39 58
2408 79 88
2709 5 14
2709 6 88
2709 14 24
2709 28 30
3010 28 53
3010 42 43
3311 45 65
3311 50 86
3311 55 74
3612 29 70
3913 9 66
3913 34 84
3913 35 75
3913 67 84
4214 15 33
4515 34 86
4816 21 69
4816 58 85
5117 29 53
5418 7 58
5719 0 14
5719 7 78
5719 9 62
5719 21 84
5719 21 56
5719 29 53
5719 52 87
6020 14 37
6020 35 87
6020 35 52
6321 14 24
6321 14 58
6321 24 58
6622 8 26
6622 44 51
6923 17 18
6923 22 32
6923 32 38
7224 1 7
7224 1 27
7224 6 40
7224 7 27
7224 9 62
7224 29 53
7224 55 74
7525 29 53
7525 37 58
7525 69 70
7826 11 44
7826 11 30
7826 24 48
8127 9 73
8127 16 88
8127 21 69
8127 22 64
8127 53 70
8428 9 62
8428 9 73
8428 17 18
8428 50 74
8428 53 69
8729 28 66
9030 53 63
9331 12 88
9331 17 18
9331 55 74
9632 19 78
9632 21 63
9632 29 53
9933 29 63
10234 23 30
10234 49 74
10234 49 55
10234 55 74
10234 69 73
10535 36 50
10836 9 73
10836 17 84
10836 24 28
10836 29 53
11137 8 26
11137 26 80
11137 31 58
11137 39 85
11137 80 91
11438 7 58
11438 21 84
11438 24 45
11438 28 62
11438 56 60
11739 2 15
11739 3 14
11739 7 50
11739 9 62
11739 9 73
12040 5 72
12040 5 37
12040 5 22
12040 16 45
12040 18 72
12040 22 37
12040 22 26
12040 26 72
12040 26 37
12040 26 71
12040 28 73
12040 37 72
12040 60 81
12040 60 88
12341 56 84
12642 45 65
12943 31 71
13244 24 48
13244 46 84
13244 74 79
13545 31 71
13545 44 51
13545 53 63
13846 45 65
13846 52 86
14147 2 15
14147 2 48
14147 15 48
14147 24 49
14147 35 75
14147 48 49
14448 69 70
14749 12 59
15050 29 63
15050 55 79
15351 24 48
15351 31 32
15652 24 44
15652 29 63
15953 19 86
16254 6 7
16254 8 14
16254 9 62
16254 14 37
16254 35 75
16555 9 62
16856 21 56
16856 36 50
17157 6 40
17157 9 30
17157 9 29
17157 28 29
17157 28 53
17157 29 53
17458 29 53
17458 46 89
17759 7 25
17759 16 25
17759 50 86
18060 27 60
18060 29 63
18060 37 58
18060 50 75
18361 15 33
18361 23 61
18662 5 11
18662 8 85
18662 9 62
18662 29 53
18662 38 45
18662 40 41
18963 28 73
18963 62 73
18963 67 84
18963 67 76
19264 28 69
19565 12 16
19565 27 81
19565 39 57
19565 50 86
19866 37 58
19866 44 51
20167 23 29
20167 55 74
20468 16 25
20468 52 87
20769 24 28
20769 29 53
20769 55 74
20769 76 81
21070 5 14
21070 9 62
21070 29 53
21070 37 58
21371 28 70
21672 5 14
21973 44 51
21973 55 79
22274 0 48
22274 8 90
22274 16 84
22274 29 53
22575 5 85
22575 76 78
22876 9 63
22876 9 28
22876 61 62
23177 12 78
23478 45 72
23779 35 75
23779 39 58
23779 79 88
24080 0 24
24080 5 34
24381 9 28
24381 9 63
24682 9 51
24682 9 39
24682 9 62
24682 39 51
24983 7 25
24983 16 25
24983 30 66
25284 29 63
25284 50 86
25585 23 53
25585 35 52
25585 44 77
25585 56 84
25886 28 70
26187 7 25
26187 7 16
26187 16 25
26187 30 66
26187 61 69
26488 22 85
26488 46 89
26789 21 61
26789 24 45
26789 30 66
26789 69 73
27090 4 50
27090 9 62
27090 23 30
27090 30 44
27090 35 52
27090 46 49
27090 49 86
27090 53 70
27391 7 27
27391 27 60
27391 27 57
27391 28 61
27391 29 53
27391 49 74
27391 57 60
27692 5 54
27692 7 59
27692 9 62
27692 62 69
27993 29 63
27993 50 84
27993 58 65
27993 59 76
27993 76 81
28294 3 68
28294 28 69
28294 37 77
28294 52 75
28294 62 73
28595 9 63
28595 9 73
28595 9 28
28595 9 69
28595 24 48
28595 28 70
28595 37 65
28595 53 70
28595 61 62
28896 8 26
28896 53 63
29197 8 58
29197 14 58
29197 19 27
29197 27 50
29197 27 84
29197 27 35
29197 27 52
29197 27 75
29197 27 65
29197 27 72
29197 35 75
29197 35 38
29197 35 37
29197 35 45
29197 45 58
29197 45 72
29197 58 72
29498 24 32
29799 6 10
29799 6 12
29799 11 58
29799 11 16
29799 39 65
29799 40 57
29799 44 51
29799 44 45
29799 45 51
29799 51 58
29799 51 65
29799 53 70
29799 57 88
29799 58 65
29799 79 84
29799 84 86
30100 18 37
30100 29 53
30100 35 55
30100 39 72
30100 80 85
30401 22 72
30401 28 69
30702 14 48
30702 29 53
30702 53 70
30702 53 66
30702 59 76
31003 24 45
31003 55 79
31003 69 73
31304 7 58
31304 19 76
31304 21 69
31304 28 73
31304 59 76
31605 21 69
31605 29 53
31605 75 79
31906 24 31
31906 24 48
31906 31 48
31906 71 83
32207 7 25
32207 35 84
32207 45 70
32207 52 84
32508 2 28
32508 5 22
32508 23 61
32809 7 88
32809 9 62
32809 52 75
33110 5 18
33110 12 44
33110 12 77
33110 12 64
33110 24 48
33110 39 65
33110 64 77
33411 21 61
33411 22 64
33411 57 88
33712 14 24
33712 21 69
33712 29 53
33712 85 91
34013 12 88
34013 22 85
34013 55 74
34314 11 44
34314 25 86
34314 35 75
34314 35 52
34314 52 75
34615 4 41
34615 27 57
34615 28 69
34916 24 48
34916 46 84
34916 79 86
35217 5 72
35217 7 58
35217 9 23
35217 29 53
35217 49 52
35518 35 55
35518 50 74
35819 9 73
35819 63 70
36120 9 62
36120 29 53
36120 57 88
36421 0 14
36421 16 59
36421 53 69
36722 0 24
36722 35 49
36722 45 58
36722 50 86
36722 55 74
37023 17 18
37023 28 30
37023 64 77
37324 19 28
37324 35 75
37324 45 65
37625 5 37
37625 24 31
37625 31 48
37926 2 15
37926 2 3
37926 24 48
37926 35 75
38227 1 27
38227 1 7
38227 6 27
38227 6 7
38227 27 33
38227 29 63
38227 37 58
38227 44 65
38528 9 62
38528 28 69
38528 30 66
38528 52 75
38829 5 24
38829 5 65
38829 9 66
38829 9 13
38829 24 32
38829 57 60
39130 11 23
39130 23 69
39130 53 63
39431 49 55
39732 29 53
40033 11 58
40033 12 44
40033 12 72
40033 28 53
40033 35 50
40033 43 58
40033 44 58
40033 44 56
40033 53 70
40033 56 58
40033 56 65
40334 1 16
40334 35 52
40334 35 84
40635 6 58
40635 6 7
40635 7 58
40635 29 53
40936 24 48
41237 17 18
41237 22 32
41237 79 87
41237 84 87
41538 19 62
41538 22 64
41538 77 82
41839 2 10
41839 2 40
41839 2 6
41839 6 10
41839 21 88
41839 44 51
42140 16 84
42140 28 69
42140 32 38
42140 35 50
42140 37 82
42140 37 77
42140 45 65
42441 24 48
42742 17 68
42742 36 50
43043 29 70
43043 44 72
43043 53 70
43344 15 33
43344 25 86
43645 17 68
43645 22 85
43645 26 37
43645 28 70
43645 37 72
43645 55 86
43946 29 63
43946 62 73
44247 53 70
44548 17 18
44548 29 63
44849 3 80
44849 28 53
44849 49 55
45150 11 84
45150 18 47
45150 18 37
45150 58 65
45451 4 86
45451 29 53
45451 37 58
45752 5 18
45752 7 33
45752 29 90
45752 44 51
45752 45 64
45752 81 88
46053 9 62
46053 22 32
46053 76 78
46354 26 32
46655 14 58
46655 21 40
46655 47 58
46956 14 22
47257 11 86
47257 12 86
47257 76 78
47558 1 33
47558 14 37
47558 64 77
47859 9 19
47859 9 62
47859 9 73
47859 19 73
47859 45 65
47859 62 73
48160 37 58
48461 29 53
48461 53 73
48762 35 51
48762 35 84
48762 44 51
48762 45 51
48762 53 70
48762 56 88
48762 57 88
49063 7 58
49063 29 53
49063 35 48
49063 49 52
49063 55 79
49364 9 60
49364 15 33
49364 35 75
49665 11 57
49665 22 64
49665 56 57
49966 14 65
49966 14 45
49966 22 64
49966 29 53
49966 39 58
49966 39 85
49966 46 89
49966 58 85
49966 58 65
50267 28 69
50267 29 53
50267 37 82
50267 44 51
50568 34 84
50568 50 74
50568 58 72
50568 80 85
50869 15 33
51170 7 76
51170 8 26
51170 15 33
51170 23 29
51170 29 53
51170 53 63
51471 4 87
51471 9 62
51471 22 85
51471 29 53
51471 36 50
51471 84 89
51772 1 7
51772 17 18
51772 55 79
51772 75 79
52073 9 63
52073 28 70
52073 28 53
52073 53 70
52073 61 62
52374 9 46
52374 55 84
52675 3 19
52675 3 14
52675 9 14
52675 19 42
52675 29 63
52976 14 44
52976 14 22
53277 0 48
53277 0 14
53277 9 62
53277 18 68
53578 4 52
53578 8 26
53578 28 29
53578 29 70
53578 37 77
53578 38 39
53879 18 37
53879 53 70
54180 8 26
54180 28 70
54481 1 88
54481 5 51
54481 5 18
54481 7 88
54481 29 53
54481 39 51
54481 49 67
54481 55 86
54782 3 11
54782 28 76
54782 57 76
55083 9 66
55083 9 62
55083 9 73
55083 11 84
55083 62 73
55384 23 30
55384 29 53
55384 29 30
55384 35 52
55384 43 45
55384 44 51
55685 9 62
55685 16 76
55685 17 68
55685 21 61
55685 24 37
55685 35 75
55685 42 75
55685 45 90
55685 55 79
55685 59 76
55986 45 65
55986 56 86
55986 56 84
55986 84 86
56287 21 76
56588 9 62
56588 13 88
56588 21 88
56588 29 53
56588 29 69
56588 45 83
56588 50 74
56588 55 79
56889 14 37
56889 29 53
57190 11 69
57190 11 23
57190 23 69
57190 53 63
57491 3 45
57792 8 30
57792 8 90
57792 9 73
57792 15 67
57792 52 75
57792 53 73
58093 20 84
58093 29 63
58093 37 58
58093 59 76
58394 14 50
58394 22 64
58394 44 86
58695 23 29
58996 2 10
58996 3 14
58996 6 10
58996 11 14
58996 44 51
59297 15 33
59297 44 52
59598 7 12
59598 29 53
59598 45 83
59598 50 74
59899 1 6
59899 1 33
59899 1 40
59899 1 10
59899 6 40
59899 10 40
59899 12 44
59899 18 68
59899 24 48
59899 33 40
60200 53 69
60200 61 69
60501 8 26
60501 22 91
60501 24 48
60501 42 43
60501 48 49
60501 53 70
60501 79 88
60802 3 58
60802 30 53
61103 9 62
61103 14 24
61103 25 79
61103 25 88
61103 38 51
61103 39 51
61103 45 58
61103 51 65
61103 51 72
61103 58 72
61103 65 72
61103 66 70
61404 0 14
61404 29 53
61404 37 58
61705 25 87
62006 2 71
62006 14 58
62006 14 39
62006 14 24
62006 37 82
62006 39 58
62006 53 70
62307 21 46
62307 24 48
62307 26 31
62307 75 79
62608 4 79
62608 16 84
62909 11 24
62909 53 73
63210 1 6
63210 1 59
63210 1 88
63210 7 81
63210 29 53
63511 29 53
63511 29 63
63511 45 65
63511 45 85
63511 58 65
63812 23 30
63812 45 72
63812 45 65
63812 49 74
63812 49 55
63812 50 86
63812 52 84
63812 65 72
63812 69 73
64113 3 24
64113 14 45
64113 24 29
64113 24 53
64113 24 28
64113 29 53
64113 44 51
64414 2 15
64414 23 30
64715 28 84
65016 3 5
65016 29 63
65317 11 44
65317 44 53
65317 53 70
65618 9 62
65618 29 53
65919 22 64
65919 30 66
65919 44 86
65919 58 65
66220 4 79
66220 9 29
66220 27 81
66220 57 88
66521 5 75
66822 11 84
66822 12 84
66822 16 33
66822 29 53
66822 42 43
66822 44 45
66822 49 84
66822 49 58
66822 49 64
66822 58 84
66822 64 77
66822 79 88
67123 9 28
67123 12 84
67123 55 87
67424 5 44
67424 11 44
67424 28 69
67424 29 70
67424 44 51
67725 5 72
67725 50 74
67725 53 69
67725 55 79
68026 17 68
68026 17 34
68026 28 45
68026 44 45
68327 8 26
68327 49 74
68628 29 63
68628 56 84
68929 0 48
68929 8 90
68929 9 80
68929 9 30
68929 15 67
68929 24 48
68929 30 53
68929 53 73
68929 53 62
69230 7 21
69230 7 78
69230 17 68
69230 21 78
69230 29 53
69230 36 50
69531 21 76
69531 21 69
69531 22 85
69832 12 64
69832 12 45
69832 12 58
69832 17 18
69832 18 68
69832 34 58
69832 45 58
69832 64 77
70133 5 37
70133 5 34
70133 7 27
70133 7 88
70133 23 30
70133 27 88
70133 30 34
70133 34 37
70434 8 26
70434 50 74
70434 53 69
70735 1 16
70735 1 59
70735 16 59
70735 49 55
70735 55 79
71036 4 86
71036 9 62
71036 24 48
71337 7 16
71337 29 53
71638 2 10
71638 2 6
71638 5 51
71638 6 10
71638 11 14
71638 14 34
71638 27 46
71638 44 51
71939 0 14
71939 7 16
71939 8 90
71939 8 60
71939 9 62
71939 9 69
71939 17 68
72240 17 18
72240 45 65
72541 62 73
72842 35 50
72842 42 50
73143 3 37
73143 5 34
73444 6 40
73444 24 45
73444 49 86
73444 57 60
73745 8 26
73745 50 74
74046 2 60
74046 7 33
74046 11 56
74046 28 53
74046 44 51
74046 53 70
74046 58 65
74347 9 69
74347 9 66
74347 9 62
74347 12 57
74347 29 53
74347 50 74
74347 62 69
74347 80 85
74648 8 26
74648 29 91
74648 39 58
74648 42 43
74648 42 50
74949 7 88
74949 8 26
74949 53 63
75250 14 24
75250 22 77
75250 24 48
75551 1 10
75551 1 16
75551 1 33
75551 2 10
75551 2 6
75551 5 39
75551 6 10
75551 6 40
75551 6 27
75551 10 38
75551 10 40
75551 10 16
75551 12 44
75551 12 77
75551 16 33
75551 17 18
75551 24 48
75551 27 40
75551 38 45
75551 38 85
75551 39 65
75551 45 85
75852 50 74
75852 53 69
76153 9 73
76153 9 69
76153 29 53
76153 49 52
76153 55 79
76153 67 76
76454 22 64
76454 28 57
76454 37 58
76755 23 29
76755 28 29
76755 29 53
76755 35 52
77056 0 24
77056 5 34
77056 23 29
77056 29 30
77357 5 72
77357 12 44
77357 58 65
77658 0 48
77658 4 50
77658 9 73
77658 9 62
77658 15 67
77658 52 75
77658 53 66
77959 9 62
78260 9 63
78561 1 78
78561 9 19
78561 9 73
78561 19 42
78561 19 50
78561 58 72
78561 62 73
78862 9 62
78862 29 30
78862 50 86
79163 14 18
79163 25 58
79163 29 53
79163 35 75
79163 50 75
79163 56 60
79464 29 53
79765 17 68
80066 50 74
80367 35 75
80367 45 58
80668 9 73
80668 9 62
80969 6 12
80969 6 26
80969 7 46
80969 9 62
80969 9 26
80969 12 46
80969 14 24
81270 9 62
81270 38 58
81270 38 45
81270 45 58
81571 7 16
81571 7 25
81571 16 25
81571 30 66
81872 39 58
81872 49 58
81872 49 79
81872 49 88
81872 79 88
81872 79 84
82173 1 84
82173 5 18
82173 6 84
82173 7 84
82173 20 84
82173 28 30
82173 29 53
82173 32 38
82173 33 84
82173 67 84
82173 81 84
82173 84 88
82474 2 88
82474 3 44
82474 7 58
82775 7 84
82775 24 84
82775 27 84
82775 33 84
82775 51 58
83076 12 78
83076 58 65
83076 84 89
83377 9 63
83377 28 70
83377 35 75
83678 9 30
83678 9 28
83678 9 53
83678 28 30
83678 28 73
83678 29 53
83678 44 51
83979 9 73
83979 49 73
83979 50 86
83979 57 60
84280 14 37
84280 37 58
84280 44 51
84581 28 62
84581 28 29
84581 29 53
84882 22 50
84882 27 58
85183 12 59
85183 50 86
85183 75 84
85484 67 84
85785 18 34
85785 21 66
85785 29 69
85785 50 74
85785 55 79
85785 57 60
86086 3 44
86086 44 51
86086 77 82
86387 1 78
86387 3 14
86387 21 84
86387 28 73
86387 29 70
86387 45 65
86688 9 73
86688 28 84
86688 28 76
86688 76 84
86989 5 34
86989 29 63
86989 53 63
87290 37 58
87290 50 86
87591 2 15
87591 9 73
87591 20 40
87591 44 70
87892 29 63
87892 50 86
88193 21 27
88193 21 59
88193 34 45
88193 54 71
88494 14 72
88494 30 73
88494 30 69
88494 53 69
88795 23 30
89096 9 62
89096 17 68
89096 18 68
89397 4 86
89397 9 63
89397 52 87
89698 49 55
89698 49 86
89698 50 86
89698 52 55
89999 5 18
89999 9 53
89999 12 44
89999 12 77
89999 39 65
89999 39 58
89999 44 65
89999 58 65
90300 21 84
90300 22 85
90601 9 30
90601 29 53
90601 30 62
90601 37 77
90601 52 84
90902 5 37
90902 5 13
90902 5 74
90902 9 62
90902 74 81
91203 28 84
91203 35 75
91203 55 75
91504 28 29
91504 29 70
91805 23 49
91805 25 49
91805 28 69
91805 37 77
91805 52 75
91805 53 61
92106 37 58
92106 53 61
92106 53 70
92407 24 48
92407 26 31
92407 35 75
92407 37 91
92708 8 26
92708 53 63
93009 24 28
93009 29 53
93009 55 74
93009 76 81
93310 35 75
93310 62 73
93611 3 85
93611 50 86
93912 28 69
93912 29 70
93912 44 51
94213 9 73
94213 50 86
94514 42 51
94514 46 60
94815 7 59
94815 8 90
94815 24 48
94815 79 86
95116 23 53
95116 28 69
95116 35 52
95116 46 50
95116 50 86
95116 53 70
95417 6 88
95417 18 37
95417 22 85
95417 23 69
95417 28 62
95718 12 58
95718 12 56
95718 17 34
95718 50 75
95718 56 58
96019 22 38
96320 35 75
96320 35 52
96320 52 75
96621 8 82
96621 9 19
96621 9 62
96621 22 39
96621 22 64
96621 38 44
96922 0 45
96922 7 78
96922 7 21
96922 14 24
96922 21 78
96922 29 53
97223 3 72
97223 8 83
97223 14 44
97223 29 53
97223 44 51
97524 9 62
97524 17 18
97524 29 61
97524 44 51
97524 50 86
97524 79 87
97825 2 88
97825 40 88
97825 40 84
97825 84 88
98126 4 52
98126 14 24
98126 21 69
98126 29 53
98427 11 44
98427 24 48
98728 2 15
98728 2 33
98728 9 73
98728 9 62
98728 15 72
98728 29 63
98728 40 75
98728 50 75
98728 58 86
98728 58 78
98728 58 59
98728 59 78
98728 72 86
98728 72 78
98728 72 75
98728 75 86
99029 28 69
99029 29 63
99330 9 73
99330 17 18
99330 35 75
99330 39 90
99631 3 14
99631 4 86
99631 7 12
99631 7 76
99631 9 28
99932 44 51
99932 58 65
100233 30 57
100233 51 90
100233 52 75
100233 56 59
100233 58 65
100233 59 78
100534 30 53
100534 58 72
100534 58 85
100534 80 85
100835 0 48
100835 8 16
100835 8 90
100835 16 84
100835 29 53
100835 29 30
101136 2 12
101136 12 72
101136 58 72
101136 59 78
101136 65 72
101437 3 22
101437 5 18
101437 11 24
101437 22 64
101437 50 86
101437 55 79
101738 0 24
101738 4 84
101738 35 52
101738 55 79
102039 8 79
102039 21 69
102039 29 63
102340 9 63
102641 58 65
102641 76 78
102641 76 81
102641 78 81
102942 9 29
102942 11 48
102942 24 48
102942 27 81
102942 57 88
102942 74 86
103243 9 62
103243 9 77
103243 28 73
103243 44 51
103544 14 58
103544 21 61
103544 21 76
103845 11 24
103845 23 30
103845 49 55
104146 5 72
104146 28 69
104146 49 55
104146 49 86
104146 55 86
104447 29 63
104748 9 73
104748 35 50
104748 50 86
104748 50 84
105049 15 33
105049 46 76
105049 60 81
105350 7 78
105350 8 26
105350 14 24
105350 14 64
105350 17 68
105350 29 53
105651 9 73
105651 14 24
105651 59 76
105952 17 68
105952 28 69
105952 29 53
105952 37 82
105952 44 51
106253 40 88
106253 55 74
106554 3 18
106554 7 58
106554 12 15
106554 15 33
106855 1 76
106855 22 64
106855 24 48
106855 27 76
106855 44 51
106855 52 87
106855 77 82
107156 29 53
107156 37 58
107156 44 51
107457 24 48
107457 52 75
107457 69 70
107758 9 62
107758 29 53
108059 0 65
108059 14 65
108059 39 45
108360 1 76
108360 37 58
108661 5 72
108661 30 66
108661 32 91
108661 34 72
108661 53 63
108962 14 24
108962 50 55
109263 7 58
109263 7 25
109263 21 69
109263 25 58
109263 27 76
109263 28 66
109263 75 79
109263 76 78
109564 1 7
109564 9 73
109564 14 51
109564 23 53
109564 23 73
109564 23 29
109564 28 53
109564 28 73
109564 28 29
109564 29 53
109865 12 58
109865 43 58
109865 44 45
109865 79 88
110166 9 62
110166 14 24
110166 18 47
110166 19 58
110166 21 69
110166 58 72
110467 1 12
110467 5 45
110467 9 73
110467 9 62
110768 7 12
110768 22 91
110768 24 32
110768 33 84
110768 79 88
110768 85 91
111069 28 84
111370 14 48
111370 23 30
111370 24 48
111370 39 58
111370 45 58
111370 45 72
111370 58 72
111671 7 16
111671 7 25
111671 16 25
111671 17 18
111671 30 66
111972 42 86
111972 55 86
112273 9 62
112273 29 53
112273 57 88
112574 7 12
112574 33 84
112574 72 85
112574 79 88
112875 20 35
112875 39 45
112875 42 79
112875 52 84
112875 56 84
113176 12 60
113176 35 75
113477 0 14
113477 9 62
113477 29 53
113778 8 50
113778 9 62
113778 38 45
113778 50 75
114079 1 78
114079 3 5
114079 29 63
114380 28 69
114380 29 53
114681 15 33
114681 22 85
114681 22 32
114681 28 66
114681 53 63
114681 58 72
114982 0 24
114982 0 14
114982 14 24
114982 14 48
114982 22 77
114982 24 48
114982 45 48
115283 24 69
115283 28 69
115584 21 69
115584 29 63
115885 29 53
115885 29 63
116186 14 48
116186 14 24
116186 24 48
116487 7 50
116788 0 45
116788 29 91
116788 29 53
116788 53 63
117089 9 73
117390 7 27
117691 18 90
117691 23 30
117691 35 75
117691 46 84
117691 50 86
117691 50 60
117691 57 88
117691 62 73
117992 0 14
117992 0 3
117992 3 14
117992 7 78
118293 20 35
118293 39 45
118293 42 79
118594 58 72
118594 64 77
118895 9 43
118895 9 73
118895 15 67
118895 23 69
118895 30 66
118895 52 75
118895 55 86
119196 29 53
119196 37 58
119196 44 51
119497 23 69
119798 9 28
119798 9 69
119798 9 63
119798 17 68
119798 28 73
119798 28 70
119798 28 30
119798 28 69
119798 30 62
119798 35 75
119798 53 62
119798 53 70
119798 61 62
120099 29 53
120099 35 75
120099 42 50
120400 4 50
120400 7 57
120400 8 26
120400 9 62
120400 13 50
120400 14 37
120400 32 80
120400 37 90
120701 5 39
120701 14 58
120701 40 88
120701 49 55
121002 9 73
121002 9 19
121002 33 88
121002 50 75
121303 23 30
121303 24 48
121604 2 28
121604 5 22
121604 22 85
121905 53 66
122206 11 24
122206 19 59
122206 37 72
122206 59 76
122206 70 73
122507 7 76
122507 9 63
122808 22 64
122808 40 88
122808 44 51
122808 67 78
123109 9 63
123109 9 73
123410 9 62
123711 28 70
123711 39 72
123711 72 90
124012 40 56
124313 50 86
124614 0 14
124614 8 26
124614 9 62
124614 12 32
124614 17 51
124614 21 56
124614 25 39
124614 39 51
124614 56 60
124915 29 53
124915 37 58
124915 62 69
125216 29 53
125517 28 70
125818 5 24
125818 7 16
125818 8 26
125818 14 90
125818 18 37
126119 22 85
126119 61 69
126119 76 78
126420 8 26
126420 21 61
126420 22 64
126721 1 65
126721 8 39
126721 8 85
126721 9 62
126721 12 29
126721 14 45
126721 22 51
126721 29 63
126721 38 45
126721 41 86
126721 50 75
126721 53 70
126721 61 90
126721 75 79
127022 9 66
127022 14 48
127022 24 32
127022 59 76
127323 14 22
127323 14 39
127323 21 84
127323 30 90
127323 59 78
127624 8 85
127624 8 37
127624 9 62
127624 50 75
127624 59 76
127925 1 40
127925 1 6
127925 6 60
127925 27 84
127925 44 65
127925 58 65
128226 29 53
128527 4 74
128527 24 48
128527 26 71
128527 29 53
128527 35 75
128828 39 58
128828 65 84
128828 79 84
128828 79 88
129129 8 26
129129 9 62
129129 21 84
129430 35 79
129430 77 82
129731 11 44
129731 25 75
130032 3 58
130032 25 86
130032 37 58
130032 53 77
130333 7 78
130333 7 59
130333 20 52
130333 20 35
130333 28 40
130333 28 73
130333 35 52
130333 35 84
130333 35 87
130333 40 84
130333 42 79
130333 52 84
130333 56 87
130333 56 84
130634 5 11
130634 5 72
130935 0 14
130935 12 88
130935 31 51
130935 51 71
131236 1 84
131236 5 18
131236 15 88
131236 15 40
131236 15 84
131236 18 32
131236 22 32
131236 23 69
131236 28 30
131236 29 53
131236 59 88
131236 59 84
131236 62 75
131236 81 84
131236 84 88
131537 12 76
131537 22 64
131537 35 79
131537 38 45
131537 56 76
131838 24 48
131838 29 53
131838 35 75
132139 29 53
132139 44 51
132440 24 48
132440 29 30
132440 30 53
132440 30 63
132741 62 73
132741 71 83
133042 7 88
133343 12 27
133343 17 34
133644 29 53
133644 50 86
133644 51 65
133945 44 51
133945 88 89
134246 53 62
134246 76 78
134547 15 33
134848 1 59
134848 1 88
134848 1 84
134848 11 24
134848 12 88
134848 15 88
134848 23 69
134848 24 55
134848 50 86
134848 84 88
135149 17 18
135149 18 68
135149 24 48
135149 32 58
135450 3 14
135450 14 37
135450 16 84
135450 17 18
135450 50 75
135751 18 47
135751 18 37
135751 58 65
136052 49 84
136353 3 44
136353 22 64
136353 44 51
136353 45 58
136654 5 14
136654 37 58
136654 44 45
136955 0 24
137256 3 65
137256 9 73
137256 17 51
137256 51 68
137557 29 53
137858 9 62
137858 12 77
137858 12 44
137858 12 58
137858 24 48
137858 27 46
137858 27 65
137858 27 57
137858 39 65
137858 39 58
137858 46 56
137858 46 57
137858 53 70
137858 58 65
138159 11 23
138159 17 18
138159 23 69
138159 35 74
138159 62 73
138460 7 78
138460 20 35
138460 29 73
138460 29 61
138460 35 52
138460 56 87
138460 56 84
138460 63 70
138460 84 87
138761 14 24
138761 28 84
138761 39 51
139062 24 48
139062 35 75
139062 46 84
139363 7 25
139363 9 66
139363 9 72
139363 22 64
139363 35 52
139664 17 18
139664 79 87
139965 3 5
139965 29 63
139965 29 73
139965 50 88
140266 0 14
140266 5 22
140266 5 37
140266 5 72
140266 22 26
140266 22 37
140266 22 34
140266 26 37
140266 26 72
140266 34 37
140266 37 72
140266 40 84
140266 40 78
140266 60 88
140266 81 88
140567 14 58
140567 21 61
140868 17 68
140868 50 86
141169 0 48
141169 9 73
141169 9 62
141169 15 67
141169 52 75
141470 9 62
141470 18 90
141470 23 30
141470 50 57
141470 50 86
141771 7 84
141771 16 84
141771 25 84
141771 64 77
142072 50 86
142072 56 84
142373 0 14
142373 41 79
142373 53 69
142373 77 82
142674 7 86
142674 25 35
142975 3 72
142975 52 79
142975 62 73
142975 79 86
143276 0 14
143276 14 37
143276 17 18
143276 28 30
143276 37 82
143577 22 77
143577 22 64
143878 4 50
143878 9 62
143878 9 73
143878 15 67
143878 28 69
143878 44 51
143878 52 75
144179 24 48
144179 29 69
144179 66 69
144480 14 58
144480 59 76
144781 28 69
145082 0 24
145082 19 42
145082 19 50
145082 20 35
145082 22 32
145082 55 79
145082 84 87
145383 8 26
145383 9 62
145383 9 73
145383 69 73
145684 1 33
145684 1 7
145684 5 72
145684 11 72
145684 14 37
145684 24 45
145684 37 58
145684 58 65
145985 3 80
146286 7 25
146286 21 79
146286 24 48
146286 24 45
146286 28 69
146587 29 53
146587 50 74
146587 52 86
146888 6 10
146888 16 46
146888 44 51
146888 57 88
147189 3 22
147189 11 24
147189 42 79
147189 52 79
147189 55 79
147490 29 53
147791 35 75
147791 35 52
148092 4 52
148092 7 88
148092 9 73
148092 9 62
148092 29 53
148092 52 55
148092 55 79
148393 64 77
148694 4 86
148694 52 86
148995 8 26
148995 22 71
148995 38 85
148995 38 90
148995 39 65
148995 58 85
148995 72 90
149296 0 48
149296 9 69
149296 9 43
149296 15 67
149296 28 69
149296 44 51
149296 52 75
149296 62 73
149296 69 73
149597 29 53
149898 11 84
149898 14 71
149898 37 58
149898 50 86
150199 38 58
150199 59 78
150199 76 78
150500 29 53
150500 36 79
150500 36 55
150500 55 79
150801 2 10
150801 6 84
150801 10 16
150801 10 33
150801 11 84
150801 12 44
150801 24 31
150801 33 44
150801 39 51
150801 51 58
150801 51 65
150801 58 65
150801 67 84
151102 12 44
151102 12 58
151102 12 77
151102 24 48
151102 58 65
151403 9 62
151403 77 82
151704 3 14
151704 19 24
151704 24 48
151704 53 70
152005 3 24
152005 15 33
152005 23 30
152005 28 29
152005 44 51
152005 53 63
152306 28 62
152306 29 53
152306 45 85
152306 45 65
152607 23 69
152607 23 30
152607 29 53
152607 30 63
152607 30 53
152908 3 51
152908 3 23
152908 23 49
152908 28 69
152908 42 51
152908 52 75
152908 80 90
153209 52 79
153510 24 58
153510 32 80
153510 67 76
153811 9 63
153811 9 28
154112 9 62
154112 35 75
154413 4 49
154413 29 53
154413 57 88
154714 7 16
154714 7 84
154714 7 25
154714 16 84
154714 16 25
154714 25 84
154714 50 84
155015 0 24
155015 4 86
155015 9 69
155015 21 84
155015 24 48
155015 61 62
155316 7 78
155316 16 25
155316 27 60
155617 0 14
155918 9 73
156219 0 24
156520 2 28
156520 2 39
156520 11 34
156520 28 38
156520 61 86
156520 77 86
156821 12 58
156821 58 72
156821 59 78
157122 24 45
157122 29 53
157122 37 58
157122 44 51
157122 67 76
157423 7 12
157423 22 32
157724 5 37
157724 35 75
157724 35 49
157724 46 57
158025 28 70
158025 38 39
158326 29 63
158627 0 24
158627 0 48
158627 9 62
158627 15 67
158627 16 59
158627 23 30
158627 24 48
158627 28 30
158627 44 51
158627 52 75
158928 25 87
159229 34 84
159229 35 75
159229 35 50
159229 37 84
159229 49 86
159229 50 74
159229 58 84
159229 75 86
159530 2 15
159530 5 11
159530 14 19
159530 17 18
159530 19 79
159530 42 79
159831 27 73
159831 29 53
159831 37 84
159831 49 86
159831 49 50
160132 11 23
160433 35 75
160433 44 51
160734 0 24
160734 42 44
160734 55 79
160734 56 84
160734 56 87
160734 75 79
161035 7 27
161035 8 17
161035 8 51
161035 8 39
161035 8 14
161035 14 51
161035 14 90
161035 19 51
161035 39 51
161035 51 90
161336 29 53
161336 49 52
161637 22 85
161637 61 69
161637 63 70
161938 7 76
162239 9 28
162239 9 63
162239 9 69
162239 28 69
162239 28 70
162540 29 63
162841 11 44
163142 14 72
163142 14 34
163142 14 85
163142 24 48
163142 27 75
163142 27 35
163142 35 75
163443 21 69
163443 21 61
163443 61 69
163744 8 26
163744 85 90
164045 65 91
164346 7 46
164346 17 34
164346 17 18
164346 17 46
164346 32 85
164346 32 38
164346 35 75
164346 64 77
164647 11 26
164647 35 75
164948 1 59
164948 6 88
164948 32 38
165249 9 62
165249 29 69
165249 29 53
165249 50 74
165249 53 69
165249 55 79
165550 8 26
165550 9 62
165550 9 28
165550 28 73
165550 28 62
165550 50 52
165550 50 86
165851 4 86
165851 29 53
166152 5 39
166152 24 48
166152 35 86
166152 35 52
166453 6 40
166453 9 73
166453 9 61
166453 50 86
166754 5 18
166754 8 26
167055 63 70
167356 17 18
167356 29 53
167657 9 69
167657 9 63
167657 24 48
167657 28 70
167657 37 65
167657 53 70
167657 61 62
167958 14 32
168259 7 27
168259 27 57
168259 57 60
168560 14 24
168560 76 78
168861 24 48
168861 24 45
168861 29 63
168861 29 70
168861 39 45
168861 42 65
168861 45 72
168861 45 48
169162 8 26
169162 9 62
169162 52 84
169463 9 62
169463 23 30
169463 39 51
169463 42 76
169463 49 55
169764 14 85
169764 23 69
169764 23 31
169764 27 75
169764 31 69
170065 29 63
170366 19 75
170366 19 50
170366 27 60
170366 35 75
170366 35 50
170366 50 75
170366 50 52
170366 52 75
170667 5 37
170667 9 62
170667 9 73
170667 24 48
170667 24 77
170667 24 74
170968 9 62
170968 9 19
170968 12 58
170968 22 64
170968 24 48
170968 29 53
170968 53 63
171269 0 14
171570 7 84
171570 35 86
171570 35 50
171570 37 80
171570 37 50
171570 38 86
171570 50 75
171570 50 80
171871 53 70
172172 21 56
172172 24 48
172473 11 38
172473 29 53
172473 62 73
172473 69 70
172473 84 88
172774 22 80
172774 28 69
172774 53 70
173075 9 62
173075 22 85
173075 29 53
173075 32 38
173376 1 16
173376 7 88
173376 9 62
173376 35 79
173376 35 52
173376 35 36
173376 35 84
173376 36 79
173376 76 88
173677 18 37
173677 23 30
173978 11 23
173978 21 30
173978 23 69
173978 37 58
173978 74 86
174279 6 40
174279 7 58
174279 15 33
174279 38 45
174279 44 52
174580 3 18
174580 9 62
174580 18 65
174580 29 53
174580 45 58
174881 23 29
174881 29 63
174881 31 71
174881 52 79
175182 9 73
175182 28 53
175182 50 74
175483 4 48
175483 7 76
175483 8 34
175483 8 90
175483 11 24
175483 12 16
175483 27 81
175483 27 76
175483 35 75
175784 0 65
175784 0 14
175784 22 64
175784 24 48
175784 44 51
176085 8 16
176085 28 69
176386 17 18
176386 32 38
176687 28 69
176687 46 89
176988 9 62
176988 38 58
176988 38 45
176988 59 78
176988 76 78
177289 29 53
177590 2 84
177590 3 68
177590 8 90
177590 9 30
177590 9 62
177590 24 48
177590 52 75
177590 62 73
177891 6 40
177891 7 16
178192 2 39
178192 5 48
178192 12 48
178192 12 14
178192 12 20
178192 14 20
178192 14 58
178192 14 78
178192 20 58
178192 20 78
178192 24 87
178192 29 39
178192 31 58
178192 58 78
178493 17 18
178493 21 56
178493 21 59
178493 24 48
178493 32 58
178794 15 33
179095 2 15
179095 17 18
179095 35 75
179396 2 6
179396 2 10
179396 5 39
179396 6 10
179396 7 16
179396 9 62
179396 14 82
179396 21 56
179396 45 58
179697 29 63
179998 3 72
179998 22 38
179998 22 32
180299 9 62
180299 15 33
180299 60 81
180299 76 88
180600 0 48
180600 9 63
180600 52 87
180901 3 14
180901 9 62
180901 9 28
180901 9 44
180901 34 44
180901 44 45
181202 14 71
181202 44 51
181202 50 86
181503 12 77
181503 12 84
181503 26 32
181503 57 60
181503 77 84
181804 24 48
181804 42 84
181804 52 84
181804 53 63
182105 9 66
182105 14 24
182105 24 58
182105 28 84
182406 27 60
182406 29 63
182707 5 85
182707 5 80
182707 21 84
182707 28 69
183008 35 75
183008 55 86
183309 11 44
183610 16 78
183610 28 73
183610 53 63
183610 61 71
183610 70 73
183610 75 79
183911 9 62
183911 19 73
183911 29 73
183911 29 63
183911 56 84
184212 22 85
184513 9 23
184513 9 62
184814 7 12
184814 38 69
185115 39 51
185416 5 18
185717 17 18
186018 50 86
186018 52 84
186018 52 75
186018 59 76
186018 75 84
186319 7 46
186319 17 18
186319 42 43
186319 45 58
186620 58 59
186620 59 76
186620 59 78
186620 60 81
186620 76 88
186921 7 81
186921 14 45
186921 57 60
187222 7 84
187222 8 26
187222 21 84
187222 31 71
187523 17 34
187523 17 68
187523 28 70
187824 21 84
187824 30 66
187824 55 86
188125 29 53
188125 52 87
188426 15 33
188426 35 75
188426 49 50
188426 52 55
188727 3 83
188727 3 43
188727 44 51
189028 24 48
189329 19 76
189329 22 64
189329 35 79
189329 77 82
189630 3 5
189630 29 73
189630 50 86
189931 1 88
189931 1 59
189931 22 32
190232 5 37
190232 5 18
190232 14 77
190232 18 37
190232 64 77
190533 22 32
190533 24 48
190834 9 29
191135 67 84
191436 9 28
191436 9 63
191436 28 69
191436 37 77
191737 9 62
192038 25 36
192038 53 63
192339 23 30
192339 29 63
192339 37 77
192339 55 86
192640 22 64
192640 77 82
192941 28 30
193242 32 80
193242 45 83
193242 50 74
193242 55 79
193242 58 72
193543 36 55
193844 2 15
193844 3 14
193844 3 44
193844 9 73
193844 9 62
193844 11 44
193844 19 73
193844 29 63
193844 62 73
193844 62 66
194145 7 16
194145 29 53
194446 5 51
194446 5 35
194446 14 39
194446 17 51
194446 27 35
194446 27 75
194446 35 75
194446 51 68
194747 9 62
195048 9 73
195048 9 30
195048 9 29
195048 29 63
195048 29 62
195048 61 63
195048 63 66
195349 8 26
195349 42 43
195349 53 63
195650 0 45
195650 29 53
195650 37 58
195650 37 47
195951 9 62
195951 9 19
195951 14 37
195951 19 44
195951 21 61
195951 22 64
195951 29 53
195951 44 45
195951 44 58
195951 44 60
195951 59 76
196252 8 26
196252 9 28
196252 9 62
196252 22 64
196252 28 73
196553 7 25
196553 24 48
196553 28 69
196854 2 33
196854 24 87
196854 58 62
197155 21 84
197155 23 29
197155 51 65
197456 14 24
197456 29 63
197456 35 75
197456 59 76
197757 8 26
197757 9 62
197757 29 53
197757 36 55
197757 36 79
197757 55 79
198058 24 48
198058 35 52
198058 39 45
198058 57 62
198359 32 38
198660 22 64
198660 24 48
198660 37 58
198961 0 45
198961 3 5
198961 9 29
198961 9 30
198961 9 70
198961 9 28
199262 29 53
199262 30 62
199262 49 52
199563 22 64
199563 27 57
199563 44 51
199563 77 82
199864 15 33
199864 22 85
199864 28 66
199864 44 51
199864 53 63
200165 9 73
200165 11 23
200165 17 18
200165 22 85
200466 1 16
200466 8 26
200767 28 84
200767 28 43
200767 39 51
201068 19 73
201068 52 75
201369 52 79
201670 29 70
201971 28 69
201971 37 82
202272 44 51
202272 57 62
202573 50 84
202874 0 14
202874 7 16
202874 8 60
202874 15 67
202874 28 29
203175 37 58
203175 44 52
203476 7 58
203476 9 73
203476 24 35
203476 29 53
203476 35 48
203476 42 55
203476 49 52
203476 55 79
203777 8 90
203777 8 58
203777 45 58
204078 1 12
204078 9 73
204078 9 62
204078 51 71
204379 29 53
204680 37 77
204680 42 76
204680 49 55
204680 55 86
204981 20 84
204981 35 52
204981 35 84
204981 55 79
204981 56 87
204981 56 84
205282 7 25
205282 22 64
205282 49 84
205282 50 84
205282 50 52
205282 52 84
205583 45 58
205583 45 72
205583 63 70
205583 64 77
205884 21 28
205884 29 53
205884 67 78
206185 5 18
206185 66 69
206486 29 53
206787 5 72
206787 5 37
206787 22 26
206787 22 37
206787 22 72
206787 26 37
206787 26 72
206787 29 53
206787 37 72
206787 53 63
207088 34 84
207088 35 75
207088 50 86
207088 55 74
207389 0 24
207389 17 68
207690 1 16
207690 15 16
207690 25 49
207690 55 79
207991 7 78
207991 28 69
207991 46 60
207991 49 86
207991 49 55
207991 55 86
208292 16 76
208292 32 38
208593 8 37
208593 37 82
208593 37 58
208593 58 82
208894 14 58
208894 21 61
209195 22 64
209195 35 52
209195 44 51
209195 46 89
209496 9 66
209496 9 62
209496 30 66
209496 50 74
209496 58 72
209797 17 68
209797 42 50
210098 0 48
210098 16 84
210098 24 48
210098 29 53
210399 7 58
210399 15 33
210399 60 81
210700 5 80
210700 5 18
210700 18 80
211001 9 62
211001 9 17
211001 24 48
211001 76 88
211302 14 24
211603 3 22
211603 28 66
211603 28 69
211904 9 28
211904 15 60
211904 16 76
211904 21 60
211904 28 62
211904 35 50
211904 38 90
211904 50 75
211904 85 90
212205 17 18
212506 24 58
212807 15 33
213108 9 53
213108 29 53
213108 37 58
213108 50 86
213108 53 73
213108 53 66
213108 62 73
213409 9 62
213409 11 44
213710 5 11
213710 11 24
213710 14 48
213710 19 59
213710 19 76
213710 28 73
213710 29 53
213710 39 51
213710 70 73
214011 7 58
214011 21 69
214011 36 50
214011 76 78
214312 11 24
214312 11 51
214312 17 68
214312 22 64
214312 27 51
214312 27 68
214613 9 62
214613 9 45
214613 12 57
214613 13 50
214613 14 85
214613 14 24
214613 27 75
214613 45 61
214613 45 83
214613 50 74
214914 1 2
214914 1 78
214914 2 10
214914 6 10
214914 7 78
214914 21 76
214914 77 82
215215 2 15
215215 7 16
215215 7 12
215215 12 16
215516 5 21
215516 21 84
215817 18 22
215817 22 85
215817 28 66
215817 80 85
216118 21 56
216118 22 64
216118 24 48
216118 35 79
216118 77 82
216419 35 52
216720 17 68
216720 17 34
216720 34 68
216720 35 75
216720 35 36
216720 36 75
216720 75 86
217021 29 70
217021 29 69
217021 29 53
217021 53 63
217021 59 78
217021 85 91
217322 8 39
217322 8 85
217322 9 62
217322 9 19
217322 37 58
217322 38 45
217623 28 66
217623 42 51
217623 46 60
217623 53 70
217924 3 5
217924 11 48
217924 11 24
217924 57 88
218225 17 18
218526 29 53
218526 35 49
218526 37 84
218526 58 84
218827 5 47
218827 9 28
218827 9 63
218827 9 69
218827 9 73
218827 9 62
218827 24 48
218827 28 73
219128 14 72
219128 28 53
219429 39 72
219429 42 72
219429 42 58
219429 58 72
219730 9 73
219730 9 62
219730 14 51
219730 29 53
219730 49 55
220031 21 84
220332 1 84
220332 1 59
220332 1 6
220332 9 73
220332 20 84
220332 28 69
220332 29 53
220332 67 84
220332 84 88
220633 14 58
220633 22 38
220934 14 39
220934 14 58
221235 52 79
221536 1 88
221536 9 62
221536 9 73
221536 16 88
221536 28 73
221536 29 73
221536 35 52
221536 37 77
221536 53 73
221536 62 73
221837 1 33
221837 1 2
221837 1 6
221837 2 6
221837 2 10
221837 6 33
221837 10 84
221837 16 53
221837 16 70
221837 33 44
221837 39 51
221837 51 58
221837 51 65
221837 53 70
221837 56 84
221837 58 65
221837 67 84
222138 11 23
222439 55 79
222740 24 59
222740 29 53
222740 45 90
222740 53 63
223041 22 64
223041 24 48
223041 44 51
223041 77 82
223342 29 53
223643 4 50
223643 14 24
223643 21 69
223643 29 53
223643 45 58
223944 8 26
223944 14 44
224245 3 68
224245 29 63
224546 14 58
224546 53 66
224847 21 46
224847 21 26
224847 24 48
224847 26 31
224847 49 79
225148 0 14
225148 18 45
225148 35 52
225449 7 88
225449 17 51
225449 29 53
225449 29 63
225449 39 51
225449 53 63
225449 53 69
225449 66 69
225750 8 54
225750 8 32
225750 22 37
225750 22 72
225750 22 26
225750 22 91
225750 26 37
225750 29 53
225750 37 72
225750 37 90
226051 7 56
226051 9 73
226352 3 53
226352 22 32
226352 22 45
226352 28 70
226352 44 51
226352 53 70
226352 53 61
226653 5 18
226653 16 88
226653 28 73
226653 29 53
226653 39 51
226653 49 86
226653 49 55
226954 1 88
226954 9 62
226954 27 88
226954 28 69
226954 29 53
227255 52 79
227556 22 64
227556 45 85
227556 45 65
227556 65 85
227857 19 59
227857 19 76
227857 24 45
227857 25 47
227857 27 57
227857 28 69
228158 5 85
228158 5 72
228158 55 86
228158 72 80
228158 80 85
228459 58 65
228459 76 84
228760 9 62
228760 29 53
228760 37 58
228760 50 74
229061 7 88
229061 26 52
229362 9 73
229362 29 63
229663 8 26
229663 44 51
229964 17 18
229964 45 65
229964 49 52
229964 52 86
230265 7 58
230265 24 35
230265 24 48
230265 29 53
230265 49 52
230265 55 79
230566 0 24
230566 32 91
230566 57 60
230867 9 62
230867 28 29
231168 11 44
231168 24 63
231168 37 82
231168 86 91
231469 9 23
231469 9 73
231469 14 24
231469 24 48
231770 1 76
231770 35 79
231770 77 82
232071 29 53
232071 35 49
232071 52 86
232071 57 60
232071 74 86
232372 0 14
232372 7 16
232372 8 60
232372 8 90
232372 9 62
232372 53 66
232673 24 48
232673 28 70
232673 57 76
232974 22 64
232974 24 48
233275 18 37
233275 29 53
233275 39 51
233576 3 83
233576 29 53
233576 50 74
233877 17 18
233877 22 32
233877 35 75
233877 39 90
233877 79 87
234178 3 37
234178 8 26
234178 22 37
234178 23 30
234178 25 49
234178 29 63
234178 37 90
234178 53 61
234479 11 23
234479 23 69
234479 45 58
234780 9 62
234780 9 73
234780 50 86
235081 14 58
235081 21 76
235081 25 79
235382 25 86
235382 29 53
235382 50 86
235683 8 26
235683 14 44
235683 52 79
235984 11 48
235984 12 49
235984 49 67
235984 58 65
235984 60 89
236285 32 85
236285 50 86
236586 28 53
236586 44 51
236887 4 79
236887 37 58
236887 75 79
237188 14 24
237188 27 56
237188 27 60
237188 28 53
237188 29 53
237188 29 70
237188 45 65
237188 65 72
237489 14 58
237489 14 37
237489 22 91
237489 23 30
237489 38 80
237489 38 91
237489 85 91
237790 0 24
237790 22 38
237790 24 45
237790 25 28
237790 25 53
237790 27 57
237790 28 53
237790 53 69
237790 67 76
238091 5 72
238091 9 62
238091 49 86
238091 49 55
238091 55 86
238392 0 51
238392 4 36
238392 17 18
238392 26 65
238392 29 53
238392 45 72
238693 11 77
238693 17 34
238693 22 48
238693 27 81
238693 27 48
238693 27 77
238693 27 64
238693 48 64
238693 64 77
238693 85 90
238994 22 64
238994 61 69
239295 24 31
239295 31 48
239295 81 88
239596 14 47
239596 45 72
239897 51 54
239897 63 89
240198 9 73
240198 29 63
240499 3 85
240499 22 85
240800 15 27
240800 23 30
240800 29 71
240800 37 58
241101 35 75
241101 76 84
241402 9 62
241402 15 33
241402 44 52
241402 62 73
241703 5 18
241703 7 16
241703 9 29
241703 22 32
241703 52 55
241703 55 74
242004 9 73
242004 9 62
242004 50 74
242305 15 33
242305 50 86
242305 60 81
242305 76 88
242606 15 33
242606 25 55
242606 56 60
242907 29 53
242907 49 86
242907 59 76
243208 1 7
243208 1 40
243208 7 40
243208 33 59
243509 3 14
243509 7 88
243509 9 63
243509 9 28
243810 7 88
243810 7 27
243810 7 57
243810 27 88
243810 27 77
243810 27 58
243810 58 77
244111 20 40
244111 29 53
244111 50 86
244412 29 53
244412 52 86
244713 28 53
244713 44 51
245014 22 64
245014 24 48
245014 77 82
245315 9 73
245315 29 69
245315 29 53
245315 37 58
245315 50 74
245315 53 69
245616 22 32
245917 25 84
245917 64 77
245917 75 79
246218 1 16
246218 2 15
246218 31 71
246218 33 40
246519 24 48
246519 29 30
246519 30 63
246519 47 58
246820 17 68
246820 18 34
246820 35 75
246820 36 75
247121 6 40
247121 7 76
247422 45 72
247723 37 84
248024 12 44
248024 17 56
248325 0 24
248325 1 15
248325 29 63
248325 55 79
248325 56 84
248626 5 18
248626 5 11
248626 62 73
248927 5 14
248927 29 70
248927 44 51
249228 12 44
249529 28 69
249529 53 70
249830 19 79
249830 21 61
249830 24 45
249830 27 57
249830 28 69
249830 44 51
249830 53 66
249830 61 66
249830 79 87
250131 17 80
250131 21 84
250131 24 48
250131 35 75
250131 46 84
250432 14 47
250432 32 38
250733 16 59
250733 29 63
250733 50 59
250733 59 76
251034 11 26
251034 35 75
251335 1 59
251335 22 38
251335 29 53
251335 29 30
251335 29 66
251335 30 53
251335 75 79
251636 9 62
251636 12 16
251636 35 75
251636 57 60
251636 57 88
251636 58 90
251937 0 48
251937 7 12
251937 9 63
251937 9 28
251937 32 71
251937 37 58
252238 15 60
252539 8 26
252539 23 30
252539 23 53
252539 29 53
252539 30 53
252539 39 58
252840 7 16
252840 7 58
253141 7 78
253141 9 69
253141 9 29
253141 29 63
253442 3 8
253442 14 85
253442 19 79
253442 24 48
253442 45 65
253743 24 45
253743 29 53
253743 44 51
254044 3 5
254044 9 62
254044 9 29
254044 11 24
254044 11 48
254044 18 37
254044 24 48
254345 49 55
254345 50 86
254646 7 78
254646 29 53
254947 53 70
255248 21 42
255248 22 38
255248 24 45
255248 25 28
255248 27 57
255248 53 70
255549 5 39
255549 8 84
255549 9 31
255549 24 48
255549 29 53
255549 46 84
255850 3 5
255850 5 18
255850 11 24
255850 18 22
255850 79 84
256151 17 68
256151 29 53
256151 57 60
256452 21 84
256452 24 48
256452 55 79
256753 24 48
256753 26 31
256753 35 75
257054 9 62
257054 50 74
257054 58 72
257355 16 61
257355 23 53
257355 28 69
257355 30 53
257656 21 69
257656 24 45
257957 14 24
258258 9 62
258258 9 69
258258 9 66
258258 28 69
258258 29 30
258258 30 66
258258 37 58
258258 37 77
258258 64 82
258258 65 82
258559 9 30
258559 19 62
258559 21 56
258559 22 64
258559 77 82
258860 0 24
258860 9 62
258860 15 67
258860 52 75
258860 62 73
259161 0 14
259161 3 14
259161 8 90
259161 9 69
259161 16 84
259161 17 18
259161 30 53
259161 65 82
259462 21 59
259763 7 84
259763 44 65
260064 28 84
260064 39 51
260365 4 55
260666 0 24
260666 17 18
260666 79 87
260666 84 87
260967 11 48
260967 57 76
260967 58 65
261268 9 30
261268 24 48
261268 31 91
261268 32 88
261268 66 69
261569 8 26
261569 31 71
261569 42 59
261569 53 63
261870 52 79
262171 22 64
262171 42 52
262472 5 22
262472 23 61
262773 8 26
262773 26 32
262773 38 90
262773 38 85
262773 58 90
262773 58 85
262773 85 90
263074 7 88
263074 22 64
263074 24 48
263074 59 67
263074 61 66
263074 77 82
263375 0 14
263375 53 70
263375 60 79
263676 16 84
263977 5 84
263977 22 77
263977 24 48
264278 12 42
264579 7 12
264579 29 53
264880 7 46
264880 17 68
265181 11 48
265181 44 58
265181 49 84
265181 50 74
265181 75 88
265181 79 88
