0 8 85
0 8 37
0 9 62
0 50 75
0 59 76
301 9 28
301 12 84
301 55 87
602 27 73
602 29 53
602 37 84
602 49 86
602 49 50
903 17 18
903 29 53
1204 9 66
1204 34 84
1204 35 75
1204 67 84
1505 22 85
1505 61 69
1505 63 70
1806 25 86
1806 29 53
1806 50 86
2107 2 71
2107 14 58
2107 14 39
2107 14 24
2107 37 82
2107 39 58
2107 53 70
2408 11 44
2408 25 86
2408 35 75
2408 35 52
2408 52 75
2709 29 53
2709 52 87
3010 5 18
3010 5 11
3010 62 73
3311 9 53
3311 29 53
3311 37 58
3311 50 86
3311 53 73
3311 53 66
3311 62 73
3612 5 18
3612 7 16
3612 9 29
3612 22 32
3612 52 55
3612 55 74
3913 0 24
3913 5 34
3913 23 29
3913 29 30
4214 18 47
4214 18 37
4214 58 65
4515 14 24
4515 50 55
4816 21 46
4816 24 48
4816 26 31
4816 75 79
5117 12 16
5117 27 81
5117 39 57
5117 50 86
5418 8 26
5418 9 62
5418 9 28
5418 28 73
5418 28 62
5418 50 52
5418 50 86
5719 22 64
5719 42 52
6020 9 30
6020 9 28
6020 9 53
6020 28 30
6020 28 73
6020 29 53
6020 44 51
6321 8 16
6321 28 69
6622 21 59
6923 11 24
6923 11 51
6923 17 68
6923 22 64
6923 27 51
6923 27 68
7224 29 63
7224 50 86
7525 8 26
7525 21 61
7525 22 64
7826 8 54
7826 8 32
7826 22 37
7826 22 72
7826 22 26
7826 22 91
7826 26 37
7826 29 53
7826 37 72
7826 37 90
8127 6 10
8127 16 46
8127 44 51
8127 57 88
8428 18 90
8428 23 30
8428 35 75
8428 46 84
8428 50 86
8428 50 60
8428 57 88
8428 62 73
8729 67 84
9030 6 7
9030 8 14
9030 9 62
9030 14 37
9030 35 75
9331 24 44
9331 29 63
9632 8 82
9632 9 19
9632 9 62
9632 22 39
9632 22 64
9632 38 44
9933 15 33
9933 46 76
9933 60 81
10234 50 74
10535 11 84
10535 12 84
10535 16 33
10535 29 53
10535 42 43
10535 44 45
10535 49 84
10535 49 58
10535 49 64
10535 58 84
10535 64 77
10535 79 88
10836 15 33
10836 25 86
11137 28 70
11438 3 65
11438 9 73
11438 17 51
11438 51 68
11739 58 72
11739 64 77
12040 7 84
12040 24 84
12040 27 84
12040 33 84
12040 51 58
12341 35 51
12341 35 84
12341 44 51
12341 45 51
12341 53 70
12341 56 88
12341 57 88
12642 9 28
12642 9 63
12642 28 69
12642 37 77
12943 3 18
12943 9 62
12943 18 65
12943 29 53
12943 45 58
13244 1 16
13244 8 26
13545 9 62
13545 29 69
13545 29 53
13545 50 74
13545 53 69
13545 55 79
13846 8 26
13846 44 51
14147 3 37
14147 5 34
14448 0 48
14448 9 63
14448 52 87
14749 9 66
14749 14 24
14749 24 58
14749 28 84
15050 5 72
15050 28 69
15050 49 55
15050 49 86
15050 55 86
15351 8 37
15351 37 82
15351 37 58
15351 58 82
15652 30 53
15652 58 72
15652 58 85
15652 80 85
15953 32 38
16254 7 21
16254 7 78
16254 17 68
16254 21 78
16254 29 53
16254 36 50
16555 4 50
16555 9 62
16555 9 73
16555 15 67
16555 28 69
16555 44 51
16555 52 75
16856 9 62
16856 35 75
17157 5 80
17157 5 18
17157 18 80
17458 0 45
17458 29 91
17458 29 53
17458 53 63
17759 1 59
17759 1 88
17759 1 84
17759 11 24
17759 12 88
17759 15 88
17759 23 69
17759 24 55
17759 50 86
17759 84 88
18060 9 62
18361 18 37
18361 29 53
18361 39 51
18662 1 65
18662 8 39
18662 8 85
18662 9 62
18662 12 29
18662 14 45
18662 22 51
18662 29 63
18662 38 45
18662 41 86
18662 50 75
18662 53 70
18662 61 90
18662 75 79
18963 5 72
18963 5 37
18963 5 22
18963 16 45
18963 18 72
18963 22 37
18963 22 26
18963 26 72
18963 26 37
18963 26 71
18963 28 73
18963 37 72
18963 60 81
18963 60 88
19264 21 69
19264 29 63
19565 8 26
19565 22 91
19565 24 48
19565 42 43
19565 48 49
19565 53 70
19565 79 88
19866 32 80
19866 45 83
19866 50 74
19866 55 79
19866 58 72
20167 23 29
20167 28 29
20167 29 53
20167 35 52
20468 9 28
20468 9 63
20769 7 78
20769 29 53
21070 3 14
21070 7 88
21070 9 63
21070 9 28
21371 12 59
21371 50 86
21371 75 84
21672 24 48
21672 46 84
21672 79 86
21973 29 53
22274 2 6
22274 2 10
22274 5 39
22274 6 10
22274 7 16
22274 9 62
22274 14 82
22274 21 56
22274 45 58
22575 9 62
22575 14 24
22575 18 47
22575 19 58
22575 21 69
22575 58 72
22876 9 29
22876 11 48
22876 24 48
22876 27 81
22876 57 88
22876 74 86
23177 34 84
23177 50 74
23177 58 72
23177 80 85
23478 28 53
23478 44 51
23779 0 24
23779 4 84
23779 35 52
23779 55 79
24080 7 84
24080 8 26
24080 21 84
24080 31 71
24381 14 48
24381 29 53
24381 53 70
24381 53 66
24381 59 76
24682 9 62
24682 28 29
24983 0 48
24983 4 50
24983 9 73
24983 9 62
24983 15 67
24983 52 75
24983 53 66
25284 23 69
25585 69 70
25886 0 24
26187 12 43
26488 9 63
26789 29 63
27090 29 53
27090 29 63
27391 0 24
27391 1 15
27391 29 63
27391 55 79
27391 56 84
27692 24 45
27692 29 53
27692 37 58
27692 44 51
27692 67 76
27993 49 55
28294 0 14
28294 16 59
28294 53 69
28595 0 14
28595 0 3
28595 3 14
28595 7 78
28896 28 69
28896 29 70
28896 44 51
29197 9 73
29197 9 62
29197 50 74
29498 20 35
29498 39 45
29498 42 79
29799 18 37
29799 53 70
30100 2 15
30100 17 18
30100 35 75
30401 23 53
30401 35 52
30401 44 77
30401 56 84
30702 20 84
30702 35 52
30702 35 84
30702 55 79
30702 56 87
30702 56 84
31003 7 88
31003 9 62
31003 52 75
31304 2 28
31304 5 22
31304 23 61
31605 37 58
31906 29 53
31906 50 74
31906 52 86
32207 50 84
32508 5 37
32508 5 13
32508 5 74
32508 9 62
32508 74 81
32809 12 78
32809 58 65
32809 84 89
33110 53 63
33411 2 15
33411 9 73
33411 20 40
33411 44 70
33712 17 68
33712 17 34
33712 28 45
33712 44 45
34013 28 66
34314 22 80
34314 28 69
34314 53 70
34615 7 88
34615 7 27
34615 7 57
34615 27 88
34615 27 77
34615 27 58
34615 58 77
34916 4 79
34916 37 58
34916 75 79
35217 19 86
35518 7 78
35518 16 25
35518 27 60
35819 11 69
35819 11 23
35819 23 69
35819 53 63
36120 35 75
36120 62 73
36421 17 68
36421 28 69
36421 29 53
36421 37 82
36421 44 51
36722 3 5
36722 29 63
36722 29 73
36722 50 88
37023 14 58
37023 21 61
37324 5 51
37324 5 35
37324 14 39
37324 17 51
37324 27 35
37324 27 75
37324 35 75
37324 51 68
37625 24 59
37625 29 53
37625 45 90
37625 53 63
37926 12 44
38227 37 58
38227 50 86
38528 11 58
38528 12 44
38528 12 72
38528 28 53
38528 35 50
38528 43 58
38528 44 58
38528 44 56
38528 53 70
38528 56 58
38528 56 65
38829 29 53
38829 36 79
38829 36 55
38829 55 79
39130 38 58
39130 59 78
39130 76 78
39431 8 90
39431 8 58
39431 45 58
39732 4 86
39732 52 86
40033 14 58
40033 59 76
40334 9 62
40334 19 73
40334 29 73
40334 29 63
40334 56 84
40635 9 63
40635 9 73
40936 2 15
40936 2 3
40936 24 48
40936 35 75
41237 2 10
41237 2 6
41237 5 51
41237 6 10
41237 11 14
41237 14 34
41237 27 46
41237 44 51
41538 3 14
41538 4 86
41538 7 12
41538 7 76
41538 9 28
41839 1 78
41839 9 19
41839 9 73
41839 19 42
41839 19 50
41839 58 72
41839 62 73
42140 9 73
42441 6 58
42441 6 7
42441 7 58
42441 29 53
42742 4 55
43043 1 33
43043 14 37
43043 64 77
43344 12 76
43344 22 64
43344 35 79
43344 38 45
43344 56 76
43645 0 14
43645 18 45
43645 35 52
43946 28 69
44247 21 27
44247 21 59
44247 34 45
44247 54 71
44548 34 84
44548 35 75
44548 50 86
44548 55 74
44849 29 53
45150 21 69
45150 24 45
45451 4 79
45451 16 84
45752 45 72
46053 14 50
46053 22 64
46053 44 86
46354 22 72
46354 28 69
46655 11 23
46956 29 53
46956 44 51
47257 44 51
47257 57 62
47558 29 63
47859 21 84
47859 22 85
48160 1 16
48160 2 15
48160 31 71
48160 33 40
48461 3 80
48461 28 53
48461 49 55
48762 0 14
48762 8 26
48762 9 62
48762 12 32
48762 17 51
48762 21 56
48762 25 39
48762 39 51
48762 56 60
49063 9 60
49063 15 33
49063 35 75
49364 65 91
49665 5 21
49665 21 84
49966 3 58
49966 25 86
49966 37 58
49966 53 77
50267 0 48
50267 8 90
50267 9 80
50267 9 30
50267 15 67
50267 24 48
50267 30 53
50267 53 73
50267 53 62
50568 21 69
50568 21 61
50568 61 69
50869 5 18
50869 9 53
50869 12 44
50869 12 77
50869 39 65
50869 39 58
50869 44 65
50869 58 65
51170 7 16
51170 7 84
51170 7 25
51170 16 84
51170 16 25
51170 25 84
51170 50 84
51471 9 23
51471 9 62
51772 7 58
51772 21 84
51772 24 45
51772 28 62
51772 56 60
52073 28 30
52374 24 48
52374 42 84
52374 52 84
52374 53 63
52675 9 62
52675 29 53
52976 2 15
52976 2 33
52976 9 73
52976 9 62
52976 15 72
52976 29 63
52976 40 75
52976 50 75
52976 58 86
52976 58 78
52976 58 59
52976 59 78
52976 72 86
52976 72 78
52976 72 75
52976 75 86
53277 9 62
53277 9 17
53277 24 48
53277 76 88
53578 9 73
53578 35 50
53578 50 86
53578 50 84
53879 28 70
53879 38 39
54180 5 39
54180 14 58
54180 40 88
54180 49 55
54481 9 66
54481 9 62
54481 30 66
54481 50 74
54481 58 72
54782 1 7
54782 9 73
54782 14 51
54782 23 53
54782 23 73
54782 23 29
54782 28 53
54782 28 73
54782 28 29
54782 29 53
55083 53 69
55083 61 69
55384 14 58
55384 22 38
55685 0 48
55685 9 69
55685 9 43
55685 15 67
55685 28 69
55685 44 51
55685 52 75
55685 62 73
55685 69 73
55986 9 62
55986 22 85
55986 29 53
55986 32 38
56287 4 52
56287 8 26
56287 28 29
56287 29 70
56287 37 77
56287 38 39
56588 2 12
56588 12 72
56588 58 72
56588 59 78
56588 65 72
56889 0 14
56889 3 14
56889 8 90
56889 9 69
56889 16 84
56889 17 18
56889 30 53
56889 65 82
57190 29 53
57190 29 63
57190 45 65
57190 45 85
57190 58 65
57491 17 18
57491 22 58
57491 22 32
57491 32 58
57792 8 26
57792 23 30
57792 23 53
57792 29 53
57792 30 53
57792 39 58
58093 35 55
58093 50 74
58394 2 15
58394 2 48
58394 15 48
58394 24 49
58394 35 75
58394 48 49
58695 24 28
58695 29 53
58695 55 74
58695 76 81
58996 17 68
58996 42 50
59297 22 64
59297 24 48
59297 37 58
59598 7 78
59598 9 69
59598 9 29
59598 29 63
59899 1 78
59899 3 5
59899 29 63
60200 9 62
60501 3 68
60501 29 63
60802 7 58
60802 19 76
60802 21 69
60802 28 73
60802 59 76
61103 30 57
61103 51 90
61103 52 75
61103 56 59
61103 58 65
61103 59 78
61404 53 70
61705 23 30
61705 24 48
62006 17 68
62006 50 86
62307 9 30
62307 29 53
62307 30 62
62307 37 77
62307 52 84
62608 5 18
62909 7 12
62909 38 69
63210 9 66
63210 9 62
63210 9 73
63210 11 84
63210 62 73
63511 21 76
63812 0 14
63812 53 70
63812 60 79
64113 8 26
64113 42 43
64113 53 63
64414 9 62
64715 5 72
64715 7 58
64715 9 23
64715 29 53
64715 49 52
65016 11 44
65016 24 48
65317 2 15
65317 7 16
65317 7 12
65317 12 16
65618 29 63
65618 50 84
65618 58 65
65618 59 76
65618 76 81
65919 50 86
65919 52 84
65919 52 75
65919 59 76
65919 75 84
66220 19 76
66220 22 64
66220 35 79
66220 77 82
66521 24 48
66521 31 32
66822 14 37
66822 29 53
67123 21 84
67123 30 66
67123 55 86
67424 18 22
67424 22 85
67424 28 66
67424 80 85
67725 29 53
68026 28 69
68026 29 63
68327 5 37
68327 5 18
68327 14 77
68327 18 37
68327 64 77
68628 24 28
68628 29 53
68628 55 74
68628 76 81
68929 9 62
69230 7 25
69230 22 64
69230 49 84
69230 50 84
69230 50 52
69230 52 84
69531 7 27
69531 27 57
69531 57 60
69832 14 58
69832 21 76
69832 25 79
70133 0 14
70133 12 88
70133 31 51
70133 51 71
70434 0 24
70434 42 44
70434 55 79
70434 56 84
70434 56 87
70434 75 79
70735 62 73
71036 7 58
71036 21 69
71036 36 50
71036 76 78
71337 0 14
71337 14 37
71337 17 18
71337 28 30
71337 37 82
71638 3 19
71638 3 14
71638 9 14
71638 19 42
71638 29 63
71939 16 61
71939 23 53
71939 28 69
71939 30 53
72240 35 75
72240 39 58
72240 79 88
72541 29 70
72842 55 79
73143 20 35
73143 39 45
73143 42 79
73143 52 84
73143 56 84
73444 21 46
73444 21 26
73444 24 48
73444 26 31
73444 49 79
73745 22 64
73745 27 57
73745 44 51
73745 77 82
74046 0 24
74046 35 49
74046 45 58
74046 50 86
74046 55 74
74347 5 37
74347 24 31
74347 31 48
74648 23 53
74648 28 69
74648 35 52
74648 46 50
74648 50 86
74648 53 70
74949 0 24
74949 4 86
74949 9 69
74949 21 84
74949 24 48
74949 61 62
75250 0 48
75250 8 16
75250 8 90
75250 16 84
75250 29 53
75250 29 30
75551 0 14
75551 7 16
75551 8 60
75551 8 90
75551 9 62
75551 53 66
75852 62 73
75852 71 83
76153 3 72
76153 52 79
76153 62 73
76153 79 86
76454 8 58
76454 14 58
76454 19 27
76454 27 50
76454 27 84
76454 27 35
76454 27 52
76454 27 75
76454 27 65
76454 27 72
76454 35 75
76454 35 38
76454 35 37
76454 35 45
76454 45 58
76454 45 72
76454 58 72
76755 24 48
77056 8 26
77056 49 74
77357 53 62
77357 76 78
77658 24 31
77658 24 48
77658 31 48
77658 71 83
77959 28 84
77959 39 51
78260 29 63
78561 29 53
78561 37 58
78561 69 70
78862 5 85
78862 5 72
78862 55 86
78862 72 80
78862 80 85
79163 8 26
79163 44 51
79464 35 75
79464 45 58
79765 11 44
79765 44 53
79765 53 70
80066 15 33
80066 44 52
80367 9 62
80367 12 16
80367 35 75
80367 57 60
80367 57 88
80367 58 90
80668 29 53
80969 7 58
80969 29 53
80969 35 48
80969 49 52
80969 55 79
81270 28 69
81270 29 53
81270 37 82
81270 44 51
81571 7 78
81571 28 69
81571 46 60
81571 49 86
81571 49 55
81571 55 86
81872 9 62
82173 7 25
82173 35 84
82173 45 70
82173 52 84
82474 50 86
82474 56 84
82775 11 23
82775 21 30
82775 23 69
82775 37 58
82775 74 86
83076 58 65
83076 76 78
83076 76 81
83076 78 81
83377 21 69
83377 29 53
83377 75 79
83678 3 85
83678 50 86
83979 21 76
83979 21 69
83979 22 85
84280 17 18
84280 45 65
84581 0 65
84581 14 65
84581 39 45
84882 7 25
84882 21 79
84882 24 48
84882 24 45
84882 28 69
85183 12 78
85484 14 22
85785 11 24
85785 53 73
86086 0 24
86086 5 24
86086 12 58
86086 39 58
86086 79 88
86387 7 12
86387 29 53
86387 45 83
86387 50 74
86688 29 53
86688 49 86
86688 59 76
86989 5 14
87290 28 69
87290 46 89
87591 12 60
87591 35 75
87892 28 70
87892 39 72
87892 72 90
88193 5 44
88193 11 44
88193 28 69
88193 29 70
88193 44 51
88494 58 59
88494 59 76
88494 59 78
88494 60 81
88494 76 88
88795 19 75
88795 19 50
88795 27 60
88795 35 75
88795 35 50
88795 50 75
88795 50 52
88795 52 75
89096 15 33
89096 22 85
89096 28 66
89096 44 51
89096 53 63
89397 9 62
89397 15 33
89397 44 52
89397 62 73
89698 0 14
89999 36 50
90300 3 24
90300 15 33
90300 23 30
90300 28 29
90300 44 51
90300 53 63
90601 24 48
90601 35 52
90601 39 45
90601 57 62
90902 29 53
90902 37 58
90902 44 51
91203 17 18
91203 32 38
91504 24 48
91504 28 70
91504 57 76
91805 1 2
91805 1 78
91805 2 10
91805 6 10
91805 7 78
91805 21 76
91805 77 82
92106 11 48
92106 12 49
92106 49 67
92106 58 65
92106 60 89
92407 7 27
92708 5 14
92708 6 88
92708 14 24
92708 28 30
93009 21 56
93009 36 50
93310 9 62
93310 29 53
93310 57 88
93611 19 28
93611 35 75
93611 45 65
93912 1 12
93912 9 73
93912 9 62
93912 51 71
94213 8 26
94213 26 80
94213 31 58
94213 39 85
94213 80 91
94514 5 34
94514 29 63
94514 53 63
94815 9 62
94815 16 76
94815 17 68
94815 21 61
94815 24 37
94815 35 75
94815 42 75
94815 45 90
94815 55 79
94815 59 76
95116 14 47
95116 45 72
95417 5 37
95417 35 75
95417 35 49
95417 46 57
95718 29 53
95718 37 58
95718 62 69
96019 7 88
96019 17 51
96019 29 53
96019 29 63
96019 39 51
96019 53 63
96019 53 69
96019 66 69
96320 27 60
96320 29 63
96621 5 75
96922 29 70
97223 7 88
97223 26 52
97524 28 69
97825 1 7
97825 1 27
97825 6 40
97825 7 27
97825 9 62
97825 29 53
97825 55 74
98126 9 63
98126 28 70
98126 28 53
98126 53 70
98126 61 62
98427 7 56
98427 9 73
98728 3 18
98728 7 58
98728 12 15
98728 15 33
99029 7 76
99029 8 26
99029 15 33
99029 23 29
99029 29 53
99029 53 63
99330 6 40
99330 9 30
99330 9 29
99330 28 29
99330 28 53
99330 29 53
99631 4 74
99631 24 48
99631 26 71
99631 29 53
99631 35 75
99932 37 58
99932 44 52
100233 14 24
100233 29 63
100233 35 75
100233 59 76
100534 12 58
100534 43 58
100534 44 45
100534 79 88
100835 7 88
100835 8 26
100835 53 63
101136 7 16
101136 7 25
101136 16 25
101136 30 66
101437 21 28
101437 29 53
101437 67 78
101738 0 24
101738 19 42
101738 19 50
101738 20 35
101738 22 32
101738 55 79
101738 84 87
102039 1 84
102039 5 18
102039 15 88
102039 15 40
102039 15 84
102039 18 32
102039 22 32
102039 23 69
102039 28 30
102039 29 53
102039 59 88
102039 59 84
102039 62 75
102039 81 84
102039 84 88
102340 9 62
102340 17 18
102340 29 61
102340 44 51
102340 50 86
102340 79 87
102641 7 76
102641 9 63
102942 9 62
102942 29 53
103243 0 24
103243 17 18
103243 79 87
103243 84 87
103544 15 33
103845 1 88
103845 9 62
103845 9 73
103845 16 88
103845 28 73
103845 29 73
103845 35 52
103845 37 77
103845 53 73
103845 62 73
104146 4 50
104146 7 57
104146 8 26
104146 9 62
104146 13 50
104146 14 37
104146 32 80
104146 37 90
104447 3 72
104447 22 38
104447 22 32
104748 28 84
105049 0 45
105049 3 5
105049 9 29
105049 9 30
105049 9 70
105049 9 28
105350 22 64
105350 35 52
105350 44 51
105350 46 89
105651 1 12
105651 5 45
105651 9 73
105651 9 62
105952 4 86
105952 29 53
105952 37 58
106253 1 16
106253 7 88
106253 9 62
106253 35 79
106253 35 52
106253 35 36
106253 35 84
106253 36 79
106253 76 88
106554 2 39
106554 5 48
106554 12 48
106554 12 14
106554 12 20
106554 14 20
106554 14 58
106554 14 78
106554 20 58
106554 20 78
106554 24 87
106554 29 39
106554 31 58
106554 58 78
106855 21 61
106855 22 64
106855 57 88
107156 8 26
107156 85 90
107457 9 69
107457 9 66
107457 9 62
107457 12 57
107457 29 53
107457 50 74
107457 62 69
107457 80 85
107758 0 14
107758 9 62
107758 29 53
108059 5 14
108059 37 58
108059 44 45
108360 16 59
108360 29 63
108360 50 59
108360 59 76
108661 9 62
108661 28 69
108661 30 66
108661 52 75
108962 29 53
108962 46 89
109263 14 58
109263 21 40
109263 47 58
109564 5 22
109564 23 61
109865 14 58
109865 14 37
109865 22 91
109865 23 30
109865 38 80
109865 38 91
109865 85 91
110166 22 64
110166 40 88
110166 44 51
110166 67 78
110467 9 63
110467 9 28
110467 61 62
110768 31 71
110768 44 51
110768 53 63
111069 7 25
111069 16 25
111069 50 86
111370 8 26
111370 26 32
111370 38 90
111370 38 85
111370 58 90
111370 58 85
111370 85 90
111671 9 69
111671 9 63
111671 24 48
111671 28 70
111671 37 65
111671 53 70
111671 61 62
111972 9 28
111972 15 60
111972 16 76
111972 21 60
111972 28 62
111972 35 50
111972 38 90
111972 50 75
111972 85 90
112273 9 63
112273 9 73
112273 9 28
112273 9 69
112273 24 48
112273 28 70
112273 37 65
112273 53 70
112273 61 62
112574 0 24
112574 0 48
112574 9 62
112574 15 67
112574 16 59
112574 23 30
112574 24 48
112574 28 30
112574 44 51
112574 52 75
112875 9 62
112875 50 74
112875 58 72
113176 9 73
113176 16 88
113176 21 69
113176 22 64
113176 53 70
113477 7 25
113477 24 48
113477 28 69
113778 24 48
113778 26 31
113778 35 75
113778 37 91
114079 11 84
114079 18 47
114079 18 37
114079 58 65
114380 1 10
114380 1 16
114380 1 33
114380 2 10
114380 2 6
114380 5 39
114380 6 10
114380 6 40
114380 6 27
114380 10 38
114380 10 40
114380 10 16
114380 12 44
114380 12 77
114380 16 33
114380 17 18
114380 24 48
114380 27 40
114380 38 45
114380 38 85
114380 39 65
114380 45 85
114681 16 76
114681 32 38
114982 24 48
114982 29 53
114982 35 75
115283 5 18
115283 8 26
115584 24 48
115584 35 75
115584 46 84
115885 17 18
115885 45 65
115885 49 52
115885 52 86
116186 14 47
116186 32 38
116487 9 62
116487 9 77
116487 28 73
116487 44 51
116788 49 84
117089 29 70
117089 44 72
117089 53 70
117390 16 78
117390 28 73
117390 53 63
117390 61 71
117390 70 73
117390 75 79
117691 34 86
117992 19 73
117992 52 75
118293 4 50
118293 14 24
118293 21 69
118293 29 53
118293 45 58
118594 23 49
118594 25 49
118594 28 69
118594 37 77
118594 52 75
118594 53 61
118895 24 58
118895 28 84
118895 28 62
119196 3 5
119196 29 73
119196 50 86
119497 24 48
119497 29 30
119497 30 53
119497 30 63
119798 3 85
119798 22 85
120099 29 53
120099 35 49
120099 52 86
120099 57 60
120099 74 86
120400 2 10
120400 2 40
120400 2 6
120400 6 10
120400 21 88
120400 44 51
120701 7 12
120701 22 91
120701 24 32
120701 33 84
120701 79 88
120701 85 91
121002 52 79
121303 35 75
121303 35 52
121303 52 75
121604 28 84
121604 35 75
121604 55 75
121905 5 11
121905 11 24
121905 14 48
121905 19 59
121905 19 76
121905 28 73
121905 29 53
121905 39 51
121905 70 73
122206 9 62
122206 38 58
122206 38 45
122206 45 58
122507 5 39
122507 24 48
122507 35 86
122507 35 52
122808 52 79
123109 27 60
123109 29 63
123109 37 58
123109 50 75
123410 7 16
123410 7 58
123711 8 26
123711 50 74
124012 49 55
124012 49 86
124012 50 86
124012 52 55
124313 29 53
124614 11 77
124614 17 34
124614 22 48
124614 27 81
124614 27 48
124614 27 77
124614 27 64
124614 48 64
124614 64 77
124614 85 90
124915 1 6
124915 1 59
124915 1 88
124915 7 81
124915 29 53
125216 11 38
125216 29 53
125216 62 73
125216 69 70
125216 84 88
125517 4 52
125517 14 24
125517 21 69
125517 29 53
125818 29 53
125818 35 75
125818 42 50
126119 32 85
126119 50 86
126420 1 16
126420 1 59
126420 16 59
126420 49 55
126420 55 79
126721 67 84
127022 12 58
127022 12 56
127022 17 34
127022 50 75
127022 56 58
127323 28 62
127323 29 53
127323 45 85
127323 45 65
127624 15 33
127624 23 61
127925 24 48
127925 29 69
127925 66 69
128226 9 43
128226 9 73
128226 15 67
128226 23 69
128226 30 66
128226 52 75
128226 55 86
128527 12 27
128527 17 34
128828 24 69
128828 28 69
129129 18 34
129129 21 66
129129 29 69
129129 50 74
129129 55 79
129129 57 60
129430 4 86
129430 29 53
129731 28 69
129731 37 82
130032 29 63
130333 9 23
130333 9 73
130333 14 24
130333 24 48
130634 22 32
130935 6 40
130935 7 58
130935 15 33
130935 38 45
130935 44 52
131236 28 69
131236 29 53
131537 0 24
131537 17 68
131838 24 48
132139 18 37
132139 29 53
132139 35 55
132139 39 72
132139 80 85
132440 7 84
132440 44 65
132741 15 33
132741 22 85
132741 22 32
132741 28 66
132741 53 63
132741 58 72
133042 0 24
133343 9 62
133343 9 45
133343 12 57
133343 13 50
133343 14 85
133343 14 24
133343 27 75
133343 45 61
133343 45 83
133343 50 74
133644 3 5
133644 9 62
133644 9 29
133644 11 24
133644 11 48
133644 18 37
133644 24 48
133945 8 26
133945 9 28
133945 9 62
133945 22 64
133945 28 73
134246 28 53
134246 44 51
134547 19 79
134547 21 61
134547 24 45
134547 27 57
134547 28 69
134547 44 51
134547 53 66
134547 61 66
134547 79 87
134848 5 37
134848 9 62
134848 9 73
134848 24 48
134848 24 77
134848 24 74
135149 29 63
135149 55 79
135450 53 70
135751 28 70
136052 39 58
136052 65 84
136052 79 84
136052 79 88
136353 9 51
136353 9 39
136353 9 62
136353 39 51
136654 52 79
136955 3 5
136955 11 48
136955 11 24
136955 57 88
137256 2 84
137256 3 68
137256 8 90
137256 9 30
137256 9 62
137256 24 48
137256 52 75
137256 62 73
137557 3 37
137557 8 26
137557 22 37
137557 23 30
137557 25 49
137557 29 63
137557 37 90
137557 53 61
137858 3 58
137858 30 53
138159 45 72
138460 23 30
138460 45 72
138460 45 65
138460 49 74
138460 49 55
138460 50 86
138460 52 84
138460 65 72
138460 69 73
138761 14 37
138761 35 87
138761 35 52
139062 22 64
139062 24 48
139062 44 51
139062 77 82
139363 22 64
139363 45 85
139363 45 65
139363 65 85
139664 23 29
139965 4 86
139965 9 63
139965 52 87
140266 7 84
140266 35 86
140266 35 50
140266 37 80
140266 37 50
140266 38 86
140266 50 75
140266 50 80
140567 45 65
140567 50 86
140567 55 74
140868 24 58
140868 32 80
140868 67 76
141169 9 66
141169 14 48
141169 24 32
141169 59 76
141470 29 53
141470 50 86
141470 51 65
141771 14 85
141771 23 69
141771 23 31
141771 27 75
141771 31 69
142072 17 80
142072 21 84
142072 24 48
142072 35 75
142072 46 84
142373 23 29
142373 29 63
142373 31 71
142373 52 79
142674 11 26
142674 35 75
142975 63 70
143276 16 84
143276 28 69
143276 32 38
143276 35 50
143276 37 82
143276 37 77
143276 45 65
143577 11 84
143577 14 71
143577 37 58
143577 50 86
143878 64 77
144179 44 51
144179 88 89
144480 1 40
144480 1 6
144480 6 60
144480 27 84
144480 44 65
144480 58 65
144781 7 81
144781 14 45
144781 57 60
145082 7 16
145082 7 25
145082 16 25
145082 17 18
145082 30 66
145383 9 62
145383 15 33
145383 60 81
145383 76 88
145684 9 28
145684 9 69
145684 9 63
145684 17 68
145684 28 73
145684 28 70
145684 28 30
145684 28 69
145684 30 62
145684 35 75
145684 53 62
145684 53 70
145684 61 62
145985 29 53
145985 53 73
146286 9 28
146286 9 63
146286 9 69
146286 28 69
146286 28 70
146587 12 88
146587 17 18
146587 55 74
146888 1 59
146888 6 88
146888 32 38
147189 14 24
147189 21 69
147189 29 53
147189 85 91
147490 5 37
147490 5 34
147490 7 27
147490 7 88
147490 23 30
147490 27 88
147490 30 34
147490 34 37
147791 7 25
147791 16 25
147791 30 66
148092 24 48
148092 52 75
148092 69 70
148393 53 70
148694 52 79
148995 7 58
148995 9 73
148995 24 35
148995 29 53
148995 35 48
148995 42 55
148995 49 52
148995 55 79
149296 15 33
149296 25 55
149296 56 60
149597 8 26
149597 22 71
149597 38 85
149597 38 90
149597 39 65
149597 58 85
149597 72 90
149898 8 26
149898 53 63
150199 0 48
150199 9 73
150199 9 62
150199 15 67
150199 52 75
150500 9 73
150500 9 69
150500 29 53
150500 49 52
150500 55 79
150500 67 76
150801 44 51
150801 58 65
151102 5 11
151102 5 72
151403 4 50
151403 9 62
151403 23 30
151403 30 44
151403 35 52
151403 46 49
151403 49 86
151403 53 70
151704 5 39
151704 8 84
151704 9 31
151704 24 48
151704 29 53
151704 46 84
152005 35 75
152005 55 86
152306 9 73
152306 9 19
152306 33 88
152306 50 75
152607 2 15
152607 5 11
152607 14 19
152607 17 18
152607 19 79
152607 42 79
152908 6 40
152908 24 45
152908 49 86
152908 57 60
153209 49 55
153209 50 86
153510 6 10
153510 6 12
153510 11 58
153510 11 16
153510 39 65
153510 40 57
153510 44 51
153510 44 45
153510 45 51
153510 51 58
153510 51 65
153510 53 70
153510 57 88
153510 58 65
153510 79 84
153510 84 86
153811 9 62
153811 38 58
153811 38 45
153811 59 78
153811 76 78
154112 21 84
154112 24 48
154112 55 79
154413 14 32
154714 0 24
154714 9 62
154714 15 67
154714 52 75
154714 62 73
155015 14 24
155015 27 56
155015 27 60
155015 28 53
155015 29 53
155015 29 70
155015 45 65
155015 65 72
155316 39 51
155617 12 59
155918 9 73
155918 17 84
155918 24 28
155918 29 53
156219 17 68
156219 22 85
156219 26 37
156219 28 70
156219 37 72
156219 55 86
156520 15 33
156821 9 63
156821 28 70
156821 35 75
157122 1 33
157122 1 7
157122 5 72
157122 11 72
157122 14 37
157122 24 45
157122 37 58
157122 58 65
157423 7 46
157423 17 34
157423 17 18
157423 17 46
157423 32 85
157423 32 38
157423 35 75
157423 64 77
157724 22 64
157724 28 57
157724 37 58
158025 29 53
158025 30 62
158025 49 52
158326 7 78
158326 20 35
158326 29 73
158326 29 61
158326 35 52
158326 56 87
158326 56 84
158326 63 70
158326 84 87
158627 29 53
158627 37 58
158627 50 86
158627 51 65
158928 14 58
158928 21 61
158928 21 76
159229 40 56
159530 6 40
159530 9 73
159530 9 61
159530 50 86
159831 4 49
159831 29 53
159831 57 88
160132 25 84
160132 64 77
160132 75 79
160433 19 78
160433 21 63
160433 29 53
160734 1 7
160734 1 40
160734 7 40
160734 33 59
161035 9 73
161035 28 84
161035 28 76
161035 76 84
161336 0 51
161336 4 36
161336 17 18
161336 26 65
161336 29 53
161336 45 72
161637 53 66
161938 9 62
161938 9 73
161938 50 86
162239 17 18
162239 79 87
162540 23 30
162540 29 63
162540 37 77
162540 55 86
162841 17 18
163142 5 14
163142 9 62
163142 29 53
163142 37 58
163443 3 22
163443 28 66
163443 28 69
163744 9 73
163744 14 24
163744 59 76
164045 9 62
164045 17 68
164045 18 68
164346 14 58
164346 21 61
164647 21 56
164647 24 48
164948 17 18
165249 3 14
165249 14 37
165249 16 84
165249 17 18
165249 50 75
165550 5 72
165550 5 37
165550 22 26
165550 22 37
165550 22 72
165550 26 37
165550 26 72
165550 29 53
165550 37 72
165550 53 63
165851 24 48
166152 35 75
166152 35 52
166453 29 53
166754 14 71
166754 44 51
166754 50 86
167055 16 25
167055 52 87
167356 28 62
167356 28 29
167356 29 53
167657 9 73
167657 29 63
167958 3 83
167958 29 53
167958 50 74
168259 1 88
168259 5 51
168259 5 18
168259 7 88
168259 29 53
168259 39 51
168259 49 67
168259 55 86
168560 9 62
168560 14 24
168560 25 79
168560 25 88
168560 38 51
168560 39 51
168560 45 58
168560 51 65
168560 51 72
168560 58 72
168560 65 72
168560 66 70
168861 37 58
168861 53 61
168861 53 70
169162 42 86
169162 55 86
169463 24 32
169764 22 38
170065 3 51
170065 3 23
170065 23 49
170065 28 69
170065 42 51
170065 52 75
170065 80 90
170366 8 26
170366 9 62
170366 9 73
170366 69 73
170667 45 65
170667 52 86
170968 9 19
170968 9 62
170968 9 73
170968 19 73
170968 45 65
170968 62 73
171269 7 78
171269 7 59
171269 20 52
171269 20 35
171269 28 40
171269 28 73
171269 35 52
171269 35 84
171269 35 87
171269 40 84
171269 42 79
171269 52 84
171269 56 87
171269 56 84
171570 1 76
171570 37 58
171871 6 88
171871 18 37
171871 22 85
171871 23 69
171871 28 62
172172 3 8
172172 14 85
172172 19 79
172172 24 48
172172 45 65
172473 9 73
172473 17 18
172473 35 75
172473 39 90
172774 5 18
172774 16 88
172774 28 73
172774 29 53
172774 39 51
172774 49 86
172774 49 55
173075 12 58
173075 58 72
173075 59 78
173376 24 48
173376 46 84
173376 74 79
173677 6 12
173677 6 26
173677 7 46
173677 9 62
173677 9 26
173677 12 46
173677 14 24
173978 22 64
173978 30 66
173978 44 86
173978 58 65
174279 9 73
174279 9 62
174580 12 64
174580 12 45
174580 12 58
174580 17 18
174580 18 68
174580 34 58
174580 45 58
174580 64 77
174881 21 56
174881 22 64
174881 24 48
174881 35 79
174881 77 82
175182 9 73
175182 63 70
175483 14 24
175483 28 84
175483 39 51
175784 2 33
175784 24 87
175784 58 62
176085 14 65
176085 14 45
176085 22 64
176085 29 53
176085 39 58
176085 39 85
176085 46 89
176085 58 85
176085 58 65
176386 7 88
176687 8 50
176687 9 62
176687 38 45
176687 50 75
176988 35 52
177289 9 73
177289 29 69
177289 29 53
177289 37 58
177289 50 74
177289 53 69
177590 7 58
177891 7 46
177891 17 68
178192 7 16
178192 29 53
178493 9 62
178493 20 31
178493 24 31
178493 24 48
178493 31 48
178493 71 83
178794 29 63
178794 50 86
179095 16 84
179396 29 53
179396 52 86
179697 14 24
179697 76 78
179998 2 15
179998 23 30
180299 35 50
180299 42 50
180600 7 12
180600 22 32
180901 4 48
180901 7 76
180901 8 34
180901 8 90
180901 11 24
180901 12 16
180901 27 81
180901 27 76
180901 35 75
181202 5 72
181202 50 74
181202 53 69
181202 55 79
181503 1 6
181503 1 33
181503 1 40
181503 1 10
181503 6 40
181503 10 40
181503 12 44
181503 18 68
181503 24 48
181503 33 40
181804 17 18
181804 18 68
181804 24 48
181804 32 58
182105 9 63
182406 58 65
182406 76 84
182707 45 58
182707 45 72
182707 63 70
182707 64 77
183008 29 63
183008 56 84
183309 8 26
183309 9 62
183309 52 84
183610 11 44
183911 21 69
183911 58 85
184212 39 72
184212 42 72
184212 42 58
184212 58 72
184513 35 75
184513 44 51
184814 3 22
184814 11 24
184814 42 79
184814 52 79
184814 55 79
185115 3 5
185115 5 18
185115 11 24
185115 18 22
185115 79 84
185416 14 72
185416 30 73
185416 30 69
185416 53 69
185717 9 73
185717 9 30
185717 9 29
185717 29 63
185717 29 62
185717 61 63
185717 63 66
186018 23 69
186018 23 30
186018 29 53
186018 30 63
186018 30 53
186319 9 62
186319 13 88
186319 21 88
186319 29 53
186319 29 69
186319 45 83
186319 50 74
186319 55 79
186620 42 51
186620 46 60
186921 1 59
186921 22 38
186921 29 53
186921 29 30
186921 29 66
186921 30 53
186921 75 79
187222 2 60
187222 7 33
187222 11 56
187222 28 53
187222 44 51
187222 53 70
187222 58 65
187523 11 23
187523 17 18
187523 23 69
187523 35 74
187523 62 73
187824 0 24
187824 32 91
187824 57 60
188125 22 32
188125 24 48
188426 17 18
188426 29 63
188727 9 62
188727 29 53
188727 37 58
188727 50 74
189028 14 72
189028 14 34
189028 14 85
189028 24 48
189028 27 75
189028 27 35
189028 35 75
189329 9 62
189329 23 30
189329 39 51
189329 42 76
189329 49 55
189630 11 23
189630 23 69
189630 53 63
189931 14 24
190232 14 24
190232 14 58
190232 24 58
190533 23 29
190533 55 74
190834 21 42
190834 22 38
190834 24 45
190834 25 28
190834 27 57
190834 53 70
191135 7 58
191135 24 35
191135 24 48
191135 29 53
191135 49 52
191135 55 79
191436 5 18
191436 7 33
191436 29 90
191436 44 51
191436 45 64
191436 81 88
191737 0 14
191737 7 16
191737 8 60
191737 15 67
191737 28 29
192038 11 26
192038 35 75
192339 3 14
192339 19 24
192339 24 48
192339 53 70
192640 1 84
192640 5 18
192640 6 84
192640 7 84
192640 20 84
192640 28 30
192640 29 53
192640 32 38
192640 33 84
192640 67 84
192640 81 84
192640 84 88
192941 17 68
192941 29 53
192941 57 60
193242 21 84
193242 23 29
193242 51 65
193543 5 24
193543 7 16
193543 8 26
193543 14 90
193543 18 37
193844 7 59
193844 8 90
193844 24 48
193844 79 86
194145 3 44
194145 44 51
194145 77 82
194446 0 65
194446 0 14
194446 22 64
194446 24 48
194446 44 51
194747 12 88
194747 22 85
194747 55 74
195048 14 24
195349 2 88
195349 3 44
195349 7 58
195650 9 30
195650 24 48
195650 31 91
195650 32 88
195650 66 69
195951 15 33
196252 7 25
196252 7 16
196252 16 25
196252 30 66
196252 61 69
196553 28 29
196553 29 70
196854 9 73
196854 49 73
196854 50 86
196854 57 60
197155 9 73
197155 50 86
197456 17 68
197456 18 34
197456 35 75
197456 36 75
197757 9 29
198058 1 27
198058 1 7
198058 6 27
198058 6 7
198058 27 33
198058 29 63
198058 37 58
198058 44 65
198359 51 54
198359 63 89
198660 29 53
198961 14 39
198961 14 58
199262 1 76
199262 35 79
199262 77 82
199563 22 64
199563 24 48
199864 29 53
199864 35 49
199864 37 84
199864 58 84
200165 11 24
200165 23 30
200165 49 55
200466 12 77
200466 12 84
200466 26 32
200466 57 60
200466 77 84
200767 9 63
200767 9 28
201068 50 74
201068 53 69
201369 22 64
201369 61 69
201670 0 14
201670 41 79
201670 53 69
201670 77 82
201971 9 62
201971 12 77
201971 12 44
201971 12 58
201971 24 48
201971 27 46
201971 27 65
201971 27 57
201971 39 65
201971 39 58
201971 46 56
201971 46 57
201971 53 70
201971 58 65
202272 3 68
202272 28 69
202272 37 77
202272 52 75
202272 62 73
202573 12 44
202573 12 58
202573 12 77
202573 24 48
202573 58 65
202874 11 44
202874 24 63
202874 37 82
202874 86 91
203175 44 51
203175 55 79
203476 0 14
203476 7 16
203476 8 90
203476 8 60
203476 9 62
203476 9 69
203476 17 68
203777 9 62
203777 9 19
203777 14 37
203777 19 44
203777 21 61
203777 22 64
203777 29 53
203777 44 45
203777 44 58
203777 44 60
203777 59 76
204078 5 85
204078 76 78
204379 31 71
204680 15 60
204981 0 48
204981 8 90
204981 16 84
204981 29 53
205282 15 33
205282 35 75
205282 49 50
205282 52 55
205583 20 40
205583 29 53
205583 50 86
205884 2 88
205884 40 88
205884 40 84
205884 84 88
206185 0 45
206185 29 53
206185 37 58
206185 37 47
206486 1 16
206486 35 52
206486 35 84
206787 28 73
206787 62 73
206787 67 84
206787 67 76
207088 5 18
207088 12 44
207088 12 77
207088 12 64
207088 24 48
207088 39 65
207088 64 77
207389 28 70
207690 6 40
207690 7 76
207991 29 63
208292 15 33
208593 8 26
208593 14 44
208894 15 33
208894 50 86
208894 60 81
208894 76 88
209195 4 41
209195 27 57
209195 28 69
209496 5 85
209496 5 80
209496 21 84
209496 28 69
209797 29 53
210098 8 26
210098 14 44
210098 52 79
210399 9 62
210399 11 44
210700 5 84
210700 22 77
210700 24 48
211001 14 22
211001 14 39
211001 21 84
211001 30 90
211001 59 78
211302 4 87
211302 9 62
211302 22 85
211302 29 53
211302 36 50
211302 84 89
211603 6 40
211603 7 16
211904 28 69
211904 53 70
212205 29 53
212506 11 24
212506 19 59
212506 37 72
212506 59 76
212506 70 73
212807 0 24
212807 5 34
213108 14 72
213108 28 53
213409 19 62
213409 22 64
213409 77 82
213710 5 14
213710 29 70
213710 44 51
214011 11 57
214011 22 64
214011 56 57
214312 5 72
214312 9 62
214312 49 86
214312 49 55
214312 55 86
214613 0 48
214613 0 14
214613 9 62
214613 18 68
214914 22 77
214914 22 64
215215 11 44
215516 9 73
215817 5 18
215817 66 69
216118 7 58
216118 7 25
216118 21 69
216118 25 58
216118 27 76
216118 28 66
216118 75 79
216118 76 78
216419 11 48
216419 44 58
216419 49 84
216419 50 74
216419 75 88
216419 79 88
216720 5 24
216720 5 65
216720 9 66
216720 9 13
216720 24 32
216720 57 60
217021 9 62
217021 9 69
217021 9 66
217021 28 69
217021 29 30
217021 30 66
217021 37 58
217021 37 77
217021 64 82
217021 65 82
217322 50 86
217623 17 18
217623 21 56
217623 21 59
217623 24 48
217623 32 58
217924 4 79
217924 9 29
217924 27 81
217924 57 88
218225 3 24
218225 14 45
218225 24 29
218225 24 53
218225 24 28
218225 29 53
218225 44 51
218526 21 84
218827 14 58
218827 53 66
219128 9 62
219128 9 73
219128 17 18
219128 50 74
219128 53 69
219429 34 84
219429 35 75
219429 35 50
219429 37 84
219429 49 86
219429 50 74
219429 58 84
219429 75 86
219730 7 25
219730 9 66
219730 9 72
219730 22 64
219730 35 52
220031 3 44
220031 22 64
220031 44 51
220031 45 58
220332 17 68
220332 36 50
220633 24 48
220633 24 45
220633 29 63
220633 29 70
220633 39 45
220633 42 65
220633 45 72
220633 45 48
220934 2 10
220934 3 14
220934 6 10
220934 11 14
220934 44 51
221235 24 58
221536 35 75
221536 76 84
221837 22 64
221837 77 82
222138 8 39
222138 8 85
222138 9 62
222138 9 19
222138 37 58
222138 38 45
222439 3 14
222439 9 62
222439 9 28
222439 9 44
222439 34 44
222439 44 45
222740 24 48
222740 29 30
222740 30 63
222740 47 58
223041 17 18
223041 28 30
223041 64 77
223342 28 84
223342 28 43
223342 39 51
223643 20 84
223643 29 63
223643 37 58
223643 59 76
223944 35 79
223944 77 82
224245 12 42
224546 22 50
224546 27 58
224847 24 45
224847 29 53
224847 44 51
225148 22 85
225148 46 89
225449 23 30
225750 3 83
225750 3 43
225750 44 51
226051 2 28
226051 5 22
226051 22 85
226352 29 53
226653 45 65
226954 0 48
226954 16 84
226954 24 48
226954 29 53
227255 17 34
227255 17 68
227255 28 70
227556 9 62
227556 9 19
227556 12 58
227556 22 64
227556 24 48
227556 29 53
227556 53 63
227857 29 63
228158 8 26
228158 9 62
228158 29 53
228158 36 55
228158 36 79
228158 55 79
228459 25 87
228760 29 53
228760 37 58
228760 44 51
229061 9 46
229061 55 84
229362 14 48
229362 14 24
229362 24 48
229663 7 12
229663 23 29
229964 27 60
229964 50 75
230265 29 53
230566 14 37
230566 37 58
230566 44 51
230867 2 10
230867 6 84
230867 10 16
230867 10 33
230867 11 84
230867 12 44
230867 24 31
230867 33 44
230867 39 51
230867 51 58
230867 51 65
230867 58 65
230867 67 84
231168 3 22
231168 5 18
231168 11 24
231168 22 64
231168 50 86
231168 55 79
231469 5 47
231469 9 28
231469 9 63
231469 9 69
231469 9 73
231469 9 62
231469 24 48
231469 28 73
231770 23 30
231770 29 53
231770 29 30
231770 35 52
231770 43 45
231770 44 51
232071 4 52
232071 7 88
232071 9 73
232071 9 62
232071 29 53
232071 52 55
232071 55 79
232372 24 31
232372 31 48
232372 81 88
232673 1 84
232673 1 59
232673 1 6
232673 9 73
232673 20 84
232673 28 69
232673 29 53
232673 67 84
232673 84 88
232974 7 12
232974 29 53
233275 8 79
233275 21 69
233275 29 63
233576 37 84
233877 11 86
233877 12 86
233877 76 78
234178 22 85
234178 61 69
234178 76 78
234479 8 26
234479 28 70
234780 15 33
235081 9 62
235081 22 32
235081 76 78
235382 0 14
235382 7 78
235382 9 62
235382 21 84
235382 21 56
235382 29 53
235382 52 87
235683 8 26
235683 31 71
235683 42 59
235683 53 63
235984 2 15
235984 3 14
235984 7 50
235984 9 62
235984 9 73
236285 8 26
236285 50 74
236285 53 69
236586 7 88
236586 22 64
236586 24 48
236586 59 67
236586 61 66
236586 77 82
236887 12 44
236887 17 56
237188 29 53
237489 14 18
237489 25 58
237489 29 53
237489 35 75
237489 50 75
237489 56 60
237790 1 33
237790 1 2
237790 1 6
237790 2 6
237790 2 10
237790 6 33
237790 10 84
237790 16 53
237790 16 70
237790 33 44
237790 39 51
237790 51 58
237790 51 65
237790 53 70
237790 56 84
237790 58 65
237790 67 84
238091 9 62
238091 77 82
238392 24 45
238392 55 79
238392 69 73
238693 56 84
238994 3 5
238994 29 63
239295 3 53
239295 22 32
239295 22 45
239295 28 70
239295 44 51
239295 53 70
239295 53 61
239596 22 85
239897 8 26
239897 9 62
239897 21 84
240198 52 79
240499 36 55
240800 28 84
241101 2 28
241101 2 39
241101 11 34
241101 28 38
241101 61 86
241101 77 86
241402 0 14
241402 5 22
241402 5 37
241402 5 72
241402 22 26
241402 22 37
241402 22 34
241402 26 37
241402 26 72
241402 34 37
241402 37 72
241402 40 84
241402 40 78
241402 60 88
241402 81 88
241703 7 86
241703 25 35
242004 0 14
242305 23 30
242305 49 74
242305 49 55
242305 55 74
242305 69 73
242606 9 30
242606 19 62
242606 21 56
242606 22 64
242606 77 82
242907 17 68
243208 11 48
243208 57 76
243208 58 65
243509 1 78
243509 3 14
243509 21 84
243509 28 73
243509 29 70
243509 45 65
243810 9 62
243810 18 90
243810 23 30
243810 50 57
243810 50 86
244111 9 73
244111 28 53
244111 50 74
244412 15 27
244412 23 30
244412 29 71
244412 37 58
244713 1 76
244713 22 64
244713 24 48
244713 27 76
244713 44 51
244713 52 87
244713 77 82
245014 17 18
245315 18 37
245315 23 30
245616 17 18
245616 22 32
245616 79 87
245616 84 87
245917 25 87
246218 11 44
246218 25 75
246519 29 70
246519 29 69
246519 29 53
246519 53 63
246519 59 78
246519 85 91
246820 11 44
246820 11 30
246820 24 48
247121 5 11
247121 8 85
247121 9 62
247121 29 53
247121 38 45
247121 40 41
247422 17 68
247422 17 34
247422 34 68
247422 35 75
247422 35 36
247422 36 75
247422 75 86
247723 0 45
247723 7 78
247723 7 21
247723 14 24
247723 21 78
247723 29 53
248024 7 27
248024 8 17
248024 8 51
248024 8 39
248024 8 14
248024 14 51
248024 14 90
248024 19 51
248024 39 51
248024 51 90
248325 1 16
248325 15 16
248325 25 49
248325 55 79
248626 28 66
248626 42 51
248626 46 60
248626 53 70
248927 9 73
248927 11 23
248927 17 18
248927 22 85
249228 7 78
249228 8 26
249228 14 24
249228 14 64
249228 17 68
249228 29 53
249529 37 58
249529 44 51
249830 29 53
249830 49 52
250131 3 80
250432 17 18
250432 22 32
250432 35 75
250432 39 90
250432 79 87
250733 5 54
250733 7 59
250733 9 62
250733 62 69
251034 14 48
251034 23 30
251034 24 48
251034 39 58
251034 45 58
251034 45 72
251034 58 72
251335 1 7
251335 17 18
251335 55 79
251335 75 79
251636 8 26
251636 29 91
251636 39 58
251636 42 43
251636 42 50
251937 0 24
251937 0 14
251937 14 24
251937 14 48
251937 22 77
251937 24 48
251937 45 48
252238 11 23
252238 23 69
252238 45 58
252539 3 11
252539 28 76
252539 57 76
252840 14 44
252840 14 22
253141 14 24
253141 22 77
253141 24 48
253442 0 24
253442 22 38
253442 24 45
253442 25 28
253442 25 53
253442 27 57
253442 28 53
253442 53 69
253442 67 76
253743 28 53
253743 42 43
254044 9 73
254044 9 62
254044 14 51
254044 29 53
254044 49 55
254345 1 88
254345 1 59
254345 22 32
254646 7 58
254646 15 33
254646 60 81
254947 9 62
254947 29 30
254947 50 86
255248 0 14
255248 29 53
255248 37 58
255549 29 63
255549 62 73
255850 8 30
255850 8 90
255850 9 73
255850 15 67
255850 52 75
255850 53 73
256151 8 26
256151 53 63
256452 0 48
256452 7 12
256452 9 63
256452 9 28
256452 32 71
256452 37 58
256753 11 23
257054 5 72
257054 30 66
257054 32 91
257054 34 72
257054 53 63
257355 7 27
257355 27 60
257355 27 57
257355 28 61
257355 29 53
257355 49 74
257355 57 60
257656 3 45
257957 21 61
257957 24 45
257957 30 66
257957 69 73
258258 2 15
258258 3 14
258258 3 44
258258 9 73
258258 9 62
258258 11 44
258258 19 73
258258 29 63
258258 62 73
258258 62 66
258559 7 46
258559 17 18
258559 42 43
258559 45 58
258860 19 59
258860 19 76
258860 24 45
258860 25 47
258860 27 57
258860 28 69
259161 7 16
259161 29 53
259462 24 48
259462 26 31
259462 35 75
259763 7 76
260064 7 50
260365 39 58
260365 49 58
260365 49 79
260365 49 88
260365 79 88
260365 79 84
260666 9 62
260666 29 53
260666 57 88
260967 45 65
260967 56 86
260967 56 84
260967 84 86
261268 17 18
261268 22 32
261268 32 38
261569 37 77
261569 42 76
261569 49 55
261569 55 86
261870 7 84
261870 16 84
261870 25 84
261870 64 77
262171 26 32
262472 3 72
262472 8 83
262472 14 44
262472 29 53
262472 44 51
262773 25 36
262773 53 63
263074 1 88
263074 9 62
263074 27 88
263074 28 69
263074 29 53
263375 4 86
263375 9 62
263375 24 48
263676 29 53
263977 5 72
263977 12 44
263977 58 65
264278 40 88
264278 55 74
264579 7 12
264579 33 84
264579 72 85
264579 79 88
264880 22 64
264880 24 48
264880 77 82
265181 9 73
265181 29 63
