0 3 83
0 29 53
0 50 74
301 21 84
301 24 48
301 55 79
602 8 26
602 53 63
903 12 58
903 58 72
903 59 78
1204 17 18
1204 29 63
1505 0 14
1505 7 16
1505 8 60
1505 8 90
1505 9 62
1505 53 66
1806 45 65
1806 50 86
1806 55 74
2107 9 62
2107 9 19
2107 14 37
2107 19 44
2107 21 61
2107 22 64
2107 29 53
2107 44 45
2107 44 58
2107 44 60
2107 59 76
2408 9 62
2408 77 82
2709 24 48
2709 46 84
2709 74 79
3010 9 73
3010 63 70
3311 5 72
3311 30 66
3311 32 91
3311 34 72
3311 53 63
3612 7 25
3612 16 25
3612 30 66
3913 19 28
3913 35 75
3913 45 65
4214 9 62
4214 29 53
4214 57 88
4515 12 44
4515 12 58
4515 12 77
4515 24 48
4515 58 65
4816 55 79
5117 8 54
5117 8 32
5117 22 37
5117 22 72
5117 22 26
5117 22 91
5117 26 37
5117 29 53
5117 37 72
5117 37 90
5418 35 55
5418 50 74
5719 29 53
5719 35 49
5719 37 84
5719 58 84
6020 7 84
6020 8 26
6020 21 84
6020 31 71
6321 5 72
6321 28 69
6321 49 55
6321 49 86
6321 55 86
6622 63 70
6923 29 53
6923 53 73
7224 8 26
7224 29 91
7224 39 58
7224 42 43
7224 42 50
7525 11 23
7525 23 69
7525 45 58
7826 8 26
7826 14 44
8127 3 5
8127 5 18
8127 11 24
8127 18 22
8127 79 84
8428 3 53
8428 22 32
8428 22 45
8428 28 70
8428 44 51
8428 53 70
8428 53 61
8729 14 48
8729 14 24
8729 24 48
9030 11 24
9030 11 51
9030 17 68
9030 22 64
9030 27 51
9030 27 68
9331 5 18
9331 16 88
9331 28 73
9331 29 53
9331 39 51
9331 49 86
9331 49 55
9632 29 63
9933 7 58
9933 21 69
9933 36 50
9933 76 78
10234 7 12
10234 33 84
10234 72 85
10234 79 88
10535 37 58
10535 53 61
10535 53 70
10836 14 58
10836 21 61
10836 21 76
11137 3 5
11137 11 48
11137 11 24
11137 57 88
11438 9 62
11438 29 30
11438 50 86
11739 3 5
11739 9 62
11739 9 29
11739 11 24
11739 11 48
11739 18 37
11739 24 48
12040 12 42
12341 9 63
12341 9 73
12642 9 66
12642 34 84
12642 35 75
12642 67 84
12943 15 33
12943 25 55
12943 56 60
13244 5 18
13244 5 11
13244 62 73
13545 9 60
13545 15 33
13545 35 75
13846 25 87
14147 12 58
14147 12 56
14147 17 34
14147 50 75
14147 56 58
14448 18 22
14448 22 85
14448 28 66
14448 80 85
14749 9 62
14749 9 73
14749 17 18
14749 50 74
14749 53 69
15050 18 37
15050 29 53
15050 35 55
15050 39 72
15050 80 85
15351 5 21
15351 21 84
15652 15 33
15652 50 86
15652 60 81
15652 76 88
15953 28 69
15953 53 70
16254 29 53
16555 5 11
16555 5 72
16856 12 64
16856 12 45
16856 12 58
16856 17 18
16856 18 68
16856 34 58
16856 45 58
16856 64 77
17157 15 33
17157 46 76
17157 60 81
17458 1 33
17458 1 2
17458 1 6
17458 2 6
17458 2 10
17458 6 33
17458 10 84
17458 16 53
17458 16 70
17458 33 44
17458 39 51
17458 51 58
17458 51 65
17458 53 70
17458 56 84
17458 58 65
17458 67 84
17759 0 48
17759 9 63
17759 52 87
18060 7 58
18060 15 33
18060 60 81
18361 28 29
18361 29 70
18662 29 63
18662 50 86
18963 18 37
18963 23 30
19264 9 62
19264 11 44
19565 24 58
19866 14 58
19866 59 76
20167 22 38
20468 49 55
20769 35 75
20769 35 52
21070 5 37
21070 5 18
21070 14 77
21070 18 37
21070 64 77
21371 5 72
21371 9 62
21371 49 86
21371 49 55
21371 55 86
21672 58 59
21672 59 76
21672 59 78
21672 60 81
21672 76 88
21973 9 73
21973 9 30
21973 9 29
21973 29 63
21973 29 62
21973 61 63
21973 63 66
22274 14 24
22274 50 55
22575 21 46
22575 24 48
22575 26 31
22575 75 79
22876 24 31
22876 31 48
22876 81 88
23177 7 25
23177 21 79
23177 24 48
23177 24 45
23177 28 69
23478 24 28
23478 29 53
23478 55 74
23478 76 81
23779 50 86
23779 56 84
24080 52 79
24381 17 68
24381 29 53
24381 57 60
24682 14 72
24682 30 73
24682 30 69
24682 53 69
24983 3 37
24983 8 26
24983 22 37
24983 23 30
24983 25 49
24983 29 63
24983 37 90
24983 53 61
25284 29 53
25284 37 58
25284 50 86
25284 51 65
25585 62 73
25886 1 88
25886 9 62
25886 27 88
25886 28 69
25886 29 53
26187 14 58
26187 22 38
26488 1 76
26488 37 58
26789 35 79
26789 77 82
27090 17 68
27090 50 86
27391 8 26
27391 21 61
27391 22 64
27692 9 28
27692 9 63
27692 9 69
27692 28 69
27692 28 70
27993 0 14
27993 7 16
27993 8 90
27993 8 60
27993 9 62
27993 9 69
27993 17 68
28294 9 73
28294 29 63
28595 45 65
28595 52 86
28896 7 12
28896 29 53
29197 34 86
29498 29 53
29498 52 86
29799 7 16
29799 7 25
29799 16 25
29799 30 66
30100 32 85
30100 50 86
30401 28 69
30401 37 82
30702 3 85
30702 50 86
31003 4 50
31003 9 62
31003 23 30
31003 30 44
31003 35 52
31003 46 49
31003 49 86
31003 53 70
31304 3 37
31304 5 34
31605 9 62
31605 12 16
31605 35 75
31605 57 60
31605 57 88
31605 58 90
31906 29 53
32207 8 26
32207 42 43
32207 53 63
32508 22 64
32508 24 48
32508 77 82
32809 5 14
32809 29 70
32809 44 51
33110 28 30
33411 42 86
33411 55 86
33712 3 14
33712 7 88
33712 9 63
33712 9 28
34013 14 37
34013 37 58
34013 44 51
34314 9 30
34314 9 28
34314 9 53
34314 28 30
34314 28 73
34314 29 53
34314 44 51
34615 9 62
34916 53 70
35217 35 75
35217 62 73
35518 5 39
35518 14 58
35518 40 88
35518 49 55
35819 9 62
35819 29 69
35819 29 53
35819 50 74
35819 53 69
35819 55 79
36120 7 88
36120 17 51
36120 29 53
36120 29 63
36120 39 51
36120 53 63
36120 53 69
36120 66 69
36421 12 44
36722 20 35
36722 39 45
36722 42 79
36722 52 84
36722 56 84
37023 1 12
37023 9 73
37023 9 62
37023 51 71
37324 5 37
37324 5 13
37324 5 74
37324 9 62
37324 74 81
37625 2 88
37625 3 44
37625 7 58
37926 3 58
37926 30 53
38227 9 62
38227 12 77
38227 12 44
38227 12 58
38227 24 48
38227 27 46
38227 27 65
38227 27 57
38227 39 65
38227 39 58
38227 46 56
38227 46 57
38227 53 70
38227 58 65
38528 9 30
38528 19 62
38528 21 56
38528 22 64
38528 77 82
38829 0 65
38829 0 14
38829 22 64
38829 24 48
38829 44 51
39130 14 48
39130 29 53
39130 53 70
39130 53 66
39130 59 76
39431 0 24
39431 32 91
39431 57 60
39732 3 24
39732 15 33
39732 23 30
39732 28 29
39732 44 51
39732 53 63
40033 0 14
40033 7 78
40033 9 62
40033 21 84
40033 21 56
40033 29 53
40033 52 87
40334 0 24
40334 9 62
40334 15 67
40334 52 75
40334 62 73
40635 12 59
40936 25 84
40936 64 77
40936 75 79
41237 3 14
41237 9 62
41237 9 28
41237 9 44
41237 34 44
41237 44 45
41538 22 64
41538 42 52
41839 8 26
41839 44 51
42140 1 16
42140 1 59
42140 16 59
42140 49 55
42140 55 79
42441 11 44
42441 44 53
42441 53 70
42742 17 18
42742 28 30
42742 64 77
43043 0 45
43043 29 53
43043 37 58
43043 37 47
43344 2 10
43344 2 6
43344 5 51
43344 6 10
43344 11 14
43344 14 34
43344 27 46
43344 44 51
43645 7 12
43645 29 53
43645 45 83
43645 50 74
43946 0 24
43946 22 38
43946 24 45
43946 25 28
43946 25 53
43946 27 57
43946 28 53
43946 53 69
43946 67 76
44247 9 73
44247 29 69
44247 29 53
44247 37 58
44247 50 74
44247 53 69
44548 4 50
44548 9 62
44548 9 73
44548 15 67
44548 28 69
44548 44 51
44548 52 75
44849 17 18
44849 79 87
45150 11 48
45150 12 49
45150 49 67
45150 58 65
45150 60 89
45451 5 51
45451 5 35
45451 14 39
45451 17 51
45451 27 35
45451 27 75
45451 35 75
45451 51 68
45752 35 51
45752 35 84
45752 44 51
45752 45 51
45752 53 70
45752 56 88
45752 57 88
46053 22 64
46053 28 57
46053 37 58
46354 6 40
46354 7 76
46655 21 61
46655 24 45
46655 30 66
46655 69 73
46956 5 72
46956 50 74
46956 53 69
46956 55 79
47257 14 37
47257 29 53
47558 14 39
47558 14 58
47859 9 73
47859 28 53
47859 50 74
48160 8 26
48160 9 62
48160 21 84
48461 38 58
48461 59 78
48461 76 78
48762 7 12
48762 23 29
49063 0 14
49063 18 45
49063 35 52
49364 7 46
49364 17 68
49665 4 52
49665 7 88
49665 9 73
49665 9 62
49665 29 53
49665 52 55
49665 55 79
49966 3 83
49966 3 43
49966 44 51
50267 0 48
50267 8 16
50267 8 90
50267 16 84
50267 29 53
50267 29 30
50568 11 26
50568 35 75
50869 9 73
51170 29 53
51170 49 86
51170 59 76
51471 11 77
51471 17 34
51471 22 48
51471 27 81
51471 27 48
51471 27 77
51471 27 64
51471 48 64
51471 64 77
51471 85 90
51772 28 53
51772 44 51
52073 7 25
52073 9 66
52073 9 72
52073 22 64
52073 35 52
52374 44 51
52374 58 65
52675 7 58
52675 21 84
52675 24 45
52675 28 62
52675 56 60
52976 11 84
52976 18 47
52976 18 37
52976 58 65
53277 2 15
53277 2 33
53277 9 73
53277 9 62
53277 15 72
53277 29 63
53277 40 75
53277 50 75
53277 58 86
53277 58 78
53277 58 59
53277 59 78
53277 72 86
53277 72 78
53277 72 75
53277 75 86
53578 23 29
53578 29 63
53578 31 71
53578 52 79
53879 23 30
54180 28 84
54180 28 43
54180 39 51
54481 35 75
54481 76 84
54782 9 43
54782 9 73
54782 15 67
54782 23 69
54782 30 66
54782 52 75
54782 55 86
55083 52 79
55384 11 48
55384 57 76
55384 58 65
55685 15 33
55986 9 51
55986 9 39
55986 9 62
55986 39 51
56287 8 26
56287 49 74
56588 7 84
56588 24 84
56588 27 84
56588 33 84
56588 51 58
56889 53 63
57190 7 58
57190 24 35
57190 24 48
57190 29 53
57190 49 52
57190 55 79
57491 21 27
57491 21 59
57491 34 45
57491 54 71
57792 20 84
57792 35 52
57792 35 84
57792 55 79
57792 56 87
57792 56 84
58093 23 29
58093 55 74
58394 1 7
58394 17 18
58394 55 79
58394 75 79
58695 15 33
58996 21 56
58996 22 64
58996 24 48
58996 35 79
58996 77 82
59297 2 39
59297 5 48
59297 12 48
59297 12 14
59297 12 20
59297 14 20
59297 14 58
59297 14 78
59297 20 58
59297 20 78
59297 24 87
59297 29 39
59297 31 58
59297 58 78
59598 11 38
59598 29 53
59598 62 73
59598 69 70
59598 84 88
59899 14 24
59899 14 58
59899 24 58
60200 3 14
60200 4 86
60200 7 12
60200 7 76
60200 9 28
60501 0 48
60501 8 90
60501 9 80
60501 9 30
60501 15 67
60501 24 48
60501 30 53
60501 53 73
60501 53 62
60802 1 78
60802 3 5
60802 29 63
61103 0 14
61103 8 26
61103 9 62
61103 12 32
61103 17 51
61103 21 56
61103 25 39
61103 39 51
61103 56 60
61404 22 64
61404 77 82
61705 12 77
61705 12 84
61705 26 32
61705 57 60
61705 77 84
62006 29 53
62307 9 19
62307 9 62
62307 9 73
62307 19 73
62307 45 65
62307 62 73
62608 9 73
62608 17 84
62608 24 28
62608 29 53
62909 22 64
62909 27 57
62909 44 51
62909 77 82
63210 17 68
63210 17 34
63210 34 68
63210 35 75
63210 35 36
63210 36 75
63210 75 86
63511 14 48
63511 23 30
63511 24 48
63511 39 58
63511 45 58
63511 45 72
63511 58 72
63812 9 73
63812 9 62
63812 50 74
64113 37 77
64113 42 76
64113 49 55
64113 55 86
64414 3 22
64414 5 18
64414 11 24
64414 22 64
64414 50 86
64414 55 79
64715 15 27
64715 23 30
64715 29 71
64715 37 58
65016 0 48
65016 4 50
65016 9 73
65016 9 62
65016 15 67
65016 52 75
65016 53 66
65317 0 14
65317 16 59
65317 53 69
65618 14 65
65618 14 45
65618 22 64
65618 29 53
65618 39 58
65618 39 85
65618 46 89
65618 58 85
65618 58 65
65919 29 53
65919 29 63
66220 12 88
66220 22 85
66220 55 74
66521 24 48
66521 26 31
66521 35 75
66521 37 91
66822 7 78
66822 29 53
67123 17 18
67123 29 53
67424 9 73
67424 50 86
67725 11 44
67725 24 48
68026 4 50
68026 7 57
68026 8 26
68026 9 62
68026 13 50
68026 14 37
68026 32 80
68026 37 90
68327 29 53
68327 50 74
68327 52 86
68628 29 53
68929 9 62
68929 9 73
68929 50 86
69230 24 48
69531 5 85
69531 76 78
69832 11 84
69832 12 84
69832 16 33
69832 29 53
69832 42 43
69832 44 45
69832 49 84
69832 49 58
69832 49 64
69832 58 84
69832 64 77
69832 79 88
70133 8 58
70133 14 58
70133 19 27
70133 27 50
70133 27 84
70133 27 35
70133 27 52
70133 27 75
70133 27 65
70133 27 72
70133 35 75
70133 35 38
70133 35 37
70133 35 45
70133 45 58
70133 45 72
70133 58 72
70434 19 62
70434 22 64
70434 77 82
70735 5 37
70735 9 62
70735 9 73
70735 24 48
70735 24 77
70735 24 74
71036 56 84
71337 36 50
71638 1 59
71638 6 88
71638 32 38
71939 22 32
72240 2 10
72240 2 40
72240 2 6
72240 6 10
72240 21 88
72240 44 51
72541 29 53
72541 35 49
72541 52 86
72541 57 60
72541 74 86
72842 18 90
72842 23 30
72842 35 75
72842 46 84
72842 50 86
72842 50 60
72842 57 88
72842 62 73
73143 17 18
73143 45 65
73143 49 52
73143 52 86
73444 8 26
73444 9 62
73444 29 53
73444 36 55
73444 36 79
73444 55 79
73745 0 24
73745 4 84
73745 35 52
73745 55 79
74046 15 33
74347 12 78
74648 29 63
74949 1 40
74949 1 6
74949 6 60
74949 27 84
74949 44 65
74949 58 65
75250 7 78
75250 7 59
75250 20 52
75250 20 35
75250 28 40
75250 28 73
75250 35 52
75250 35 84
75250 35 87
75250 40 84
75250 42 79
75250 52 84
75250 56 87
75250 56 84
75551 12 78
75551 58 65
75551 84 89
75852 5 18
75852 8 26
76153 1 88
76153 9 62
76153 9 73
76153 16 88
76153 28 73
76153 29 73
76153 35 52
76153 37 77
76153 53 73
76153 62 73
76454 4 86
76454 9 62
76454 24 48
76755 12 27
76755 17 34
77056 3 72
77056 8 83
77056 14 44
77056 29 53
77056 44 51
77357 9 53
77357 29 53
77357 37 58
77357 50 86
77357 53 73
77357 53 66
77357 62 73
77658 9 62
77658 35 75
77959 14 22
77959 14 39
77959 21 84
77959 30 90
77959 59 78
78260 19 76
78260 22 64
78260 35 79
78260 77 82
78561 6 40
78561 7 16
78862 23 30
78862 45 72
78862 45 65
78862 49 74
78862 49 55
78862 50 86
78862 52 84
78862 65 72
78862 69 73
79163 3 45
79464 9 62
79464 29 53
79765 29 53
80066 3 68
80066 29 63
80367 9 23
80367 9 62
80668 67 84
80969 4 50
80969 14 24
80969 21 69
80969 29 53
80969 45 58
81270 7 12
81270 22 91
81270 24 32
81270 33 84
81270 79 88
81270 85 91
81571 28 66
81571 42 51
81571 46 60
81571 53 70
81872 14 37
81872 35 87
81872 35 52
82173 31 71
82173 44 51
82173 53 63
82474 12 60
82474 35 75
82775 53 66
83076 14 47
83076 32 38
83377 28 84
83377 35 75
83377 55 75
83678 12 43
83979 17 68
83979 22 85
83979 26 37
83979 28 70
83979 37 72
83979 55 86
84280 7 16
84280 7 25
84280 16 25
84280 17 18
84280 30 66
84581 6 40
84581 9 73
84581 9 61
84581 50 86
84882 1 59
84882 22 38
84882 29 53
84882 29 30
84882 29 66
84882 30 53
84882 75 79
85183 23 69
85484 11 86
85484 12 86
85484 76 78
85785 12 44
85785 17 56
86086 23 69
86086 23 30
86086 29 53
86086 30 63
86086 30 53
86387 58 65
86387 76 84
86688 0 14
86989 8 26
86989 44 51
87290 8 26
87290 31 71
87290 42 59
87290 53 63
87591 11 84
87591 14 71
87591 37 58
87591 50 86
87892 35 50
87892 42 50
88193 9 62
88193 15 33
88193 60 81
88193 76 88
88494 5 18
88494 7 16
88494 9 29
88494 22 32
88494 52 55
88494 55 74
88795 0 48
88795 9 69
88795 9 43
88795 15 67
88795 28 69
88795 44 51
88795 52 75
88795 62 73
88795 69 73
89096 22 64
89096 30 66
89096 44 86
89096 58 65
89397 15 60
89698 7 88
89698 8 26
89698 53 63
89999 14 24
89999 28 84
89999 39 51
90300 30 53
90300 58 72
90300 58 85
90300 80 85
90601 9 73
90601 29 63
90902 24 48
91203 9 73
91203 11 23
91203 17 18
91203 22 85
91504 22 64
91504 24 48
91805 3 68
91805 28 69
91805 37 77
91805 52 75
91805 62 73
92106 29 53
92407 12 16
92407 27 81
92407 39 57
92407 50 86
92708 7 88
93009 24 32
93310 8 26
93310 85 90
93611 24 48
93611 29 53
93611 35 75
93912 17 68
93912 42 50
94213 8 26
94213 50 74
94514 17 68
94514 28 69
94514 29 53
94514 37 82
94514 44 51
94815 24 48
94815 42 84
94815 52 84
94815 53 63
95116 23 53
95116 28 69
95116 35 52
95116 46 50
95116 50 86
95116 53 70
95417 8 26
95417 22 71
95417 38 85
95417 38 90
95417 39 65
95417 58 85
95417 72 90
95718 7 16
95718 7 84
95718 7 25
95718 16 84
95718 16 25
95718 25 84
95718 50 84
96019 37 84
96320 1 16
96320 7 88
96320 9 62
96320 35 79
96320 35 52
96320 35 36
96320 35 84
96320 36 79
96320 76 88
96621 19 73
96621 52 75
96922 21 69
96922 29 63
97223 29 63
97223 50 86
97524 29 63
97825 17 18
97825 22 58
97825 22 32
97825 32 58
98126 37 58
98126 50 86
98427 14 24
98427 76 78
98728 24 48
98728 29 30
98728 30 63
98728 47 58
99029 16 76
99029 32 38
99330 9 62
99330 17 68
99330 18 68
99631 21 46
99631 21 26
99631 24 48
99631 26 31
99631 49 79
99932 28 62
99932 29 53
99932 45 85
99932 45 65
100233 3 18
100233 7 58
100233 12 15
100233 15 33
100534 1 33
100534 1 7
100534 5 72
100534 11 72
100534 14 37
100534 24 45
100534 37 58
100534 58 65
100835 64 77
101136 29 53
101437 1 6
101437 1 59
101437 1 88
101437 7 81
101437 29 53
101738 11 23
102039 29 63
102340 24 44
102340 29 63
102641 11 23
102641 23 69
102641 53 63
102942 9 28
102942 9 63
103243 21 59
103544 23 49
103544 25 49
103544 28 69
103544 37 77
103544 52 75
103544 53 61
103845 24 58
103845 28 84
103845 28 62
104146 9 73
104146 49 73
104146 50 86
104146 57 60
104447 20 40
104447 29 53
104447 50 86
104748 28 69
104748 29 63
105049 0 45
105049 29 91
105049 29 53
105049 53 63
105350 3 65
105350 9 73
105350 17 51
105350 51 68
105651 9 73
105651 28 84
105651 28 76
105651 76 84
105952 29 63
105952 55 79
106253 20 84
106253 29 63
106253 37 58
106253 59 76
106554 1 7
106554 1 40
106554 7 40
106554 33 59
106855 2 28
106855 2 39
106855 11 34
106855 28 38
106855 61 86
106855 77 86
107156 12 76
107156 22 64
107156 35 79
107156 38 45
107156 56 76
107457 22 85
107457 61 69
107457 76 78
107758 18 37
107758 53 70
108059 24 48
108059 28 70
108059 57 76
108360 15 33
108360 22 85
108360 22 32
108360 28 66
108360 53 63
108360 58 72
108661 17 18
108661 22 32
108661 35 75
108661 39 90
108661 79 87
108962 23 30
108962 24 48
109263 29 53
109263 37 58
109263 69 70
109564 21 56
109564 36 50
109865 28 69
109865 29 53
109865 37 82
109865 44 51
110166 1 88
110166 1 59
110166 22 32
110467 52 79
110768 2 15
110768 23 30
111069 9 62
111370 7 50
111671 1 84
111671 5 18
111671 6 84
111671 7 84
111671 20 84
111671 28 30
111671 29 53
111671 32 38
111671 33 84
111671 67 84
111671 81 84
111671 84 88
111972 4 79
111972 9 29
111972 27 81
111972 57 88
112273 9 62
112273 19 73
112273 29 73
112273 29 63
112273 56 84
112574 1 76
112574 35 79
112574 77 82
112875 27 73
112875 29 53
112875 37 84
112875 49 86
112875 49 50
113176 11 57
113176 22 64
113176 56 57
113477 2 15
113477 5 11
113477 14 19
113477 17 18
113477 19 79
113477 42 79
113778 24 48
113778 29 30
113778 30 53
113778 30 63
114079 4 74
114079 24 48
114079 26 71
114079 29 53
114079 35 75
114380 50 84
114681 14 58
114681 53 66
114982 3 24
114982 14 45
114982 24 29
114982 24 53
114982 24 28
114982 29 53
114982 44 51
115283 8 85
115283 8 37
115283 9 62
115283 50 75
115283 59 76
115584 0 14
115584 3 14
115584 8 90
115584 9 69
115584 16 84
115584 17 18
115584 30 53
115584 65 82
115885 14 58
115885 21 61
116186 31 71
116487 8 26
116487 26 32
116487 38 90
116487 38 85
116487 58 90
116487 58 85
116487 85 90
116788 23 30
116788 29 63
116788 37 77
116788 55 86
117089 14 32
117390 22 77
117390 22 64
117691 58 72
117691 64 77
117992 24 45
117992 29 53
117992 44 51
118293 2 71
118293 14 58
118293 14 39
118293 14 24
118293 37 82
118293 39 58
118293 53 70
118594 20 35
118594 39 45
118594 42 79
118895 27 60
118895 29 63
118895 37 58
118895 50 75
119196 9 62
119497 3 44
119497 44 51
119497 77 82
119798 22 50
119798 27 58
120099 17 68
120400 34 84
120400 35 75
120400 35 50
120400 37 84
120400 49 86
120400 50 74
120400 58 84
120400 75 86
120701 2 15
120701 7 16
120701 7 12
120701 12 16
121002 11 44
121002 25 86
121002 35 75
121002 35 52
121002 52 75
121303 24 48
121303 29 69
121303 66 69
121604 9 62
121604 38 58
121604 38 45
121604 45 58
121905 22 85
122206 2 15
122206 2 3
122206 24 48
122206 35 75
122507 9 63
122507 9 73
122507 9 28
122507 9 69
122507 24 48
122507 28 70
122507 37 65
122507 53 70
122507 61 62
122808 9 30
122808 24 48
122808 31 91
122808 32 88
122808 66 69
123109 0 14
123109 7 16
123109 8 60
123109 15 67
123109 28 29
123410 7 88
123410 9 62
123410 52 75
123711 5 14
124012 9 62
124012 18 90
124012 23 30
124012 50 57
124012 50 86
124313 11 44
124313 24 63
124313 37 82
124313 86 91
124614 5 18
124614 7 33
124614 29 90
124614 44 51
124614 45 64
124614 81 88
124915 15 33
124915 44 52
125216 5 24
125216 7 16
125216 8 26
125216 14 90
125216 18 37
125517 4 79
125517 16 84
125818 5 18
125818 12 44
125818 12 77
125818 12 64
125818 24 48
125818 39 65
125818 64 77
126119 5 18
126420 9 63
126420 28 70
126420 35 75
126721 29 53
127022 22 80
127022 28 69
127022 53 70
127323 3 80
127323 28 53
127323 49 55
127624 1 84
127624 5 18
127624 15 88
127624 15 40
127624 15 84
127624 18 32
127624 22 32
127624 23 69
127624 28 30
127624 29 53
127624 59 88
127624 59 84
127624 62 75
127624 81 84
127624 84 88
127925 62 73
127925 71 83
128226 6 10
128226 16 46
128226 44 51
128226 57 88
128527 6 12
128527 6 26
128527 7 46
128527 9 62
128527 9 26
128527 12 46
128527 14 24
128828 3 5
128828 29 63
129129 24 69
129129 28 69
129430 49 55
129430 49 86
129430 50 86
129430 52 55
129731 9 62
129731 9 69
129731 9 66
129731 28 69
129731 29 30
129731 30 66
129731 37 58
129731 37 77
129731 64 82
129731 65 82
130032 8 82
130032 9 19
130032 9 62
130032 22 39
130032 22 64
130032 38 44
130333 7 46
130333 17 34
130333 17 18
130333 17 46
130333 32 85
130333 32 38
130333 35 75
130333 64 77
130634 3 22
130634 11 24
130634 42 79
130634 52 79
130634 55 79
130935 2 10
130935 6 84
130935 10 16
130935 10 33
130935 11 84
130935 12 44
130935 24 31
130935 33 44
130935 39 51
130935 51 58
130935 51 65
130935 58 65
130935 67 84
131236 28 84
131537 50 86
131537 52 84
131537 52 75
131537 59 76
131537 75 84
131838 11 24
131838 53 73
132139 23 29
132440 5 11
132440 8 85
132440 9 62
132440 29 53
132440 38 45
132440 40 41
132741 7 58
132741 29 53
132741 35 48
132741 49 52
132741 55 79
133042 9 62
133042 9 19
133042 12 58
133042 22 64
133042 24 48
133042 29 53
133042 53 63
133343 1 16
133343 8 26
133644 0 24
133644 4 86
133644 9 69
133644 21 84
133644 24 48
133644 61 62
133945 1 59
133945 1 88
133945 1 84
133945 11 24
133945 12 88
133945 15 88
133945 23 69
133945 24 55
133945 50 86
133945 84 88
134246 14 24
134246 29 63
134246 35 75
134246 59 76
134547 1 7
134547 1 27
134547 6 40
134547 7 27
134547 9 62
134547 29 53
134547 55 74
134848 6 10
134848 6 12
134848 11 58
134848 11 16
134848 39 65
134848 40 57
134848 44 51
134848 44 45
134848 45 51
134848 51 58
134848 51 65
134848 53 70
134848 57 88
134848 58 65
134848 79 84
134848 84 86
135149 3 72
135149 22 38
135149 22 32
135450 34 84
135450 50 74
135450 58 72
135450 80 85
135751 9 69
135751 9 63
135751 24 48
135751 28 70
135751 37 65
135751 53 70
135751 61 62
136052 53 70
136353 7 78
136353 9 69
136353 9 29
136353 29 63
136654 9 62
136654 9 45
136654 12 57
136654 13 50
136654 14 85
136654 14 24
136654 27 75
136654 45 61
136654 45 83
136654 50 74
136955 0 48
136955 7 12
136955 9 63
136955 9 28
136955 32 71
136955 37 58
137256 22 64
137256 24 48
137256 44 51
137256 77 82
137557 19 59
137557 19 76
137557 24 45
137557 25 47
137557 27 57
137557 28 69
137858 7 25
137858 22 64
137858 49 84
137858 50 84
137858 50 52
137858 52 84
138159 53 69
138159 61 69
138460 3 44
138460 22 64
138460 44 51
138460 45 58
138761 0 14
138761 12 88
138761 31 51
138761 51 71
139062 14 58
139062 21 61
139363 28 69
139664 15 33
139664 35 75
139664 49 50
139664 52 55
139965 5 85
139965 5 80
139965 21 84
139965 28 69
140266 2 28
140266 5 22
140266 23 61
140567 7 58
140868 7 16
140868 7 58
141169 11 44
141169 11 30
141169 24 48
141470 4 52
141470 14 24
141470 21 69
141470 29 53
141771 0 14
141771 14 37
141771 17 18
141771 28 30
141771 37 82
142072 21 84
142072 23 29
142072 51 65
142373 0 24
142373 0 48
142373 9 62
142373 15 67
142373 16 59
142373 23 30
142373 24 48
142373 28 30
142373 44 51
142373 52 75
142674 9 73
142975 11 24
142975 23 30
142975 49 55
143276 17 68
143276 36 50
143577 4 86
143577 29 53
143878 8 39
143878 8 85
143878 9 62
143878 9 19
143878 37 58
143878 38 45
144179 4 86
144179 9 63
144179 52 87
144480 29 63
144781 29 53
144781 37 58
144781 62 69
145082 2 15
145082 17 18
145082 35 75
145383 52 79
145684 3 8
145684 14 85
145684 19 79
145684 24 48
145684 45 65
145985 4 86
145985 52 86
146286 2 12
146286 12 72
146286 58 72
146286 59 78
146286 65 72
146587 0 24
146587 17 68
146888 14 24
147189 29 53
147189 49 52
147490 50 74
147490 53 69
147791 24 48
147791 52 75
147791 69 70
148092 8 26
148092 9 62
148092 9 28
148092 28 73
148092 28 62
148092 50 52
148092 50 86
148393 7 58
148393 19 76
148393 21 69
148393 28 73
148393 59 76
148694 9 28
148694 9 69
148694 9 63
148694 17 68
148694 28 73
148694 28 70
148694 28 30
148694 28 69
148694 30 62
148694 35 75
148694 53 62
148694 53 70
148694 61 62
148995 9 29
148995 11 48
148995 24 48
148995 27 81
148995 57 88
148995 74 86
149296 29 53
149296 35 75
149296 42 50
149597 21 84
149597 22 85
149898 7 81
149898 14 45
149898 57 60
150199 29 70
150199 29 69
150199 29 53
150199 53 63
150199 59 78
150199 85 91
150500 11 23
150500 17 18
150500 23 69
150500 35 74
150500 62 73
150801 67 84
151102 7 27
151102 8 17
151102 8 51
151102 8 39
151102 8 14
151102 14 51
151102 14 90
151102 19 51
151102 39 51
151102 51 90
151403 14 72
151403 14 34
151403 14 85
151403 24 48
151403 27 75
151403 27 35
151403 35 75
151704 9 63
152005 2 15
152005 9 73
152005 20 40
152005 44 70
152306 51 54
152306 63 89
152607 9 73
152607 9 62
152908 28 84
152908 39 51
153209 9 62
153209 29 53
153510 6 40
153510 9 30
153510 9 29
153510 28 29
153510 28 53
153510 29 53
153811 39 58
153811 49 58
153811 49 79
153811 49 88
153811 79 88
153811 79 84
154112 37 58
154413 29 53
154413 50 86
154413 51 65
154714 0 24
154714 17 18
154714 79 87
154714 84 87
155015 4 48
155015 7 76
155015 8 34
155015 8 90
155015 11 24
155015 12 16
155015 27 81
155015 27 76
155015 35 75
155316 8 26
155316 14 44
155316 52 79
155617 7 16
155617 29 53
155918 17 18
155918 45 65
156219 1 16
156219 35 52
156219 35 84
156520 29 63
156520 56 84
156821 5 72
156821 7 58
156821 9 23
156821 29 53
156821 49 52
157122 2 28
157122 5 22
157122 22 85
157423 28 70
157724 2 10
157724 3 14
157724 6 10
157724 11 14
157724 44 51
158025 16 84
158025 28 69
158025 32 38
158025 35 50
158025 37 82
158025 37 77
158025 45 65
158326 5 72
158326 5 37
158326 22 26
158326 22 37
158326 22 72
158326 26 37
158326 26 72
158326 29 53
158326 37 72
158326 53 63
158627 22 64
158627 35 52
158627 44 51
158627 46 89
158928 7 88
158928 22 64
158928 24 48
158928 59 67
158928 61 66
158928 77 82
159229 44 51
159229 57 62
159530 3 85
159530 22 85
159831 6 40
159831 7 58
159831 15 33
159831 38 45
159831 44 52
160132 0 14
160132 53 70
160132 60 79
160433 0 24
160433 5 34
160734 9 62
160734 50 74
160734 58 72
161035 7 12
161035 38 69
161336 5 14
161336 6 88
161336 14 24
161336 28 30
161637 12 58
161637 43 58
161637 44 45
161637 79 88
161938 29 70
161938 44 72
161938 53 70
162239 14 24
162239 21 69
162239 29 53
162239 85 91
162540 5 18
162540 9 53
162540 12 44
162540 12 77
162540 39 65
162540 39 58
162540 44 65
162540 58 65
162841 8 26
162841 23 30
162841 23 53
162841 29 53
162841 30 53
162841 39 58
163142 9 63
163142 9 28
163142 61 62
163443 28 84
163744 7 58
163744 9 73
163744 24 35
163744 29 53
163744 35 48
163744 42 55
163744 49 52
163744 55 79
164045 7 25
164045 7 16
164045 16 25
164045 30 66
164045 61 69
164346 21 69
164346 58 85
164647 0 48
164647 16 84
164647 24 48
164647 29 53
164948 2 6
164948 2 10
164948 5 39
164948 6 10
164948 7 16
164948 9 62
164948 14 82
164948 21 56
164948 45 58
165249 5 14
165249 9 62
165249 29 53
165249 37 58
165550 9 63
165550 28 70
165550 28 53
165550 53 70
165550 61 62
165851 0 24
165851 42 44
165851 55 79
165851 56 84
165851 56 87
165851 75 79
166152 1 88
166152 5 51
166152 5 18
166152 7 88
166152 29 53
166152 39 51
166152 49 67
166152 55 86
166453 29 53
166453 36 79
166453 36 55
166453 55 79
166754 11 44
167055 9 62
167055 14 24
167055 18 47
167055 19 58
167055 21 69
167055 58 72
167356 8 79
167356 21 69
167356 29 63
167657 50 74
167958 9 63
167958 9 28
168259 52 79
168560 11 58
168560 12 44
168560 12 72
168560 28 53
168560 35 50
168560 43 58
168560 44 58
168560 44 56
168560 53 70
168560 56 58
168560 56 65
168861 39 58
168861 65 84
168861 79 84
168861 79 88
169162 8 90
169162 8 58
169162 45 58
169463 9 62
169463 15 33
169463 44 52
169463 62 73
169764 19 79
169764 21 61
169764 24 45
169764 27 57
169764 28 69
169764 44 51
169764 53 66
169764 61 66
169764 79 87
170065 7 78
170065 8 26
170065 14 24
170065 14 64
170065 17 68
170065 29 53
170366 19 75
170366 19 50
170366 27 60
170366 35 75
170366 35 50
170366 50 75
170366 50 52
170366 52 75
170667 24 48
170667 46 84
170667 79 86
170968 24 45
170968 55 79
170968 69 73
171269 29 70
171570 5 72
171570 12 44
171570 58 65
171871 0 24
171871 0 14
171871 14 24
171871 14 48
171871 22 77
171871 24 48
171871 45 48
172172 29 53
172473 36 55
172774 1 16
172774 15 16
172774 25 49
172774 55 79
173075 65 91
173376 17 34
173376 17 68
173376 28 70
173677 24 58
173677 32 80
173677 67 76
173978 29 70
174279 14 44
174279 14 22
174580 37 58
174580 44 51
174881 23 30
174881 49 74
174881 49 55
174881 55 74
174881 69 73
175182 5 44
175182 11 44
175182 28 69
175182 29 70
175182 44 51
175483 15 33
175483 22 85
175483 28 66
175483 44 51
175483 53 63
175784 25 36
175784 53 63
176085 14 18
176085 25 58
176085 29 53
176085 35 75
176085 50 75
176085 56 60
176386 11 44
176386 25 75
176687 29 53
176687 29 63
176687 45 65
176687 45 85
176687 58 65
176988 7 76
177289 29 53
177289 37 58
177289 44 51
177590 0 14
177891 69 70
178192 21 42
178192 22 38
178192 24 45
178192 25 28
178192 27 57
178192 53 70
178493 7 16
178493 29 53
178794 5 80
178794 5 18
178794 18 80
179095 9 62
179095 17 18
179095 29 61
179095 44 51
179095 50 86
179095 79 87
179396 1 76
179396 22 64
179396 24 48
179396 27 76
179396 44 51
179396 52 87
179396 77 82
179697 28 53
179697 44 51
179998 9 73
179998 9 62
179998 14 51
179998 29 53
179998 49 55
180299 32 80
180299 45 83
180299 50 74
180299 55 79
180299 58 72
180600 4 49
180600 29 53
180600 57 88
180901 24 48
180901 24 45
180901 29 63
180901 29 70
180901 39 45
180901 42 65
180901 45 72
180901 45 48
181202 23 29
181202 28 29
181202 29 53
181202 35 52
181503 6 58
181503 6 7
181503 7 58
181503 29 53
181804 18 34
181804 21 66
181804 29 69
181804 50 74
181804 55 79
181804 57 60
182105 21 76
182406 9 62
182406 13 88
182406 21 88
182406 29 53
182406 29 69
182406 45 83
182406 50 74
182406 55 79
182707 5 22
182707 23 61
183008 5 34
183008 29 63
183008 53 63
183309 45 65
183610 8 16
183610 28 69
183911 14 58
183911 14 37
183911 22 91
183911 23 30
183911 38 80
183911 38 91
183911 85 91
184212 5 84
184212 22 77
184212 24 48
184513 17 18
184814 7 27
184814 27 57
184814 57 60
185115 1 84
185115 1 59
185115 1 6
185115 9 73
185115 20 84
185115 28 69
185115 29 53
185115 67 84
185115 84 88
185416 3 14
185416 14 37
185416 16 84
185416 17 18
185416 50 75
185717 16 59
185717 29 63
185717 50 59
185717 59 76
186018 5 39
186018 8 84
186018 9 31
186018 24 48
186018 29 53
186018 46 84
186319 22 32
186319 24 48
186620 35 75
186620 44 51
186921 7 58
186921 7 25
186921 21 69
186921 25 58
186921 27 76
186921 28 66
186921 75 79
186921 76 78
187222 0 24
187523 14 24
187523 22 77
187523 24 48
187824 5 85
187824 5 72
187824 55 86
187824 72 80
187824 80 85
188125 11 24
188125 19 59
188125 37 72
188125 59 76
188125 70 73
188426 0 45
188426 3 5
188426 9 29
188426 9 30
188426 9 70
188426 9 28
188727 14 58
188727 21 76
188727 25 79
189028 7 78
189028 20 35
189028 29 73
189028 29 61
189028 35 52
189028 56 87
189028 56 84
189028 63 70
189028 84 87
189329 14 50
189329 22 64
189329 44 86
189630 17 18
189630 21 56
189630 21 59
189630 24 48
189630 32 58
189931 2 15
189931 2 48
189931 15 48
189931 24 49
189931 35 75
189931 48 49
190232 2 15
190232 3 14
190232 3 44
190232 9 73
190232 9 62
190232 11 44
190232 19 73
190232 29 63
190232 62 73
190232 62 66
190533 40 88
190533 55 74
190834 24 31
190834 24 48
190834 31 48
190834 71 83
191135 7 84
191135 16 84
191135 25 84
191135 64 77
191436 2 33
191436 24 87
191436 58 62
191737 32 38
192038 22 64
192038 61 69
192339 28 70
192640 7 25
192640 35 84
192640 45 70
192640 52 84
192941 16 84
193242 22 72
193242 28 69
193543 22 64
193543 40 88
193543 44 51
193543 67 78
193844 0 24
193844 35 49
193844 45 58
193844 50 86
193844 55 74
194145 9 73
194145 9 69
194145 29 53
194145 49 52
194145 55 79
194145 67 76
194446 0 48
194446 0 14
194446 9 62
194446 18 68
194747 5 54
194747 7 59
194747 9 62
194747 62 69
195048 9 62
195048 14 24
195048 25 79
195048 25 88
195048 38 51
195048 39 51
195048 45 58
195048 51 65
195048 51 72
195048 58 72
195048 65 72
195048 66 70
195349 9 62
195349 29 53
195349 37 58
195349 50 74
195650 9 62
195650 29 53
195650 57 88
195951 24 48
195951 35 75
195951 46 84
196252 9 73
196252 17 18
196252 35 75
196252 39 90
196553 0 24
196553 1 15
196553 29 63
196553 55 79
196553 56 84
196854 29 63
196854 62 73
197155 28 73
197155 62 73
197155 67 84
197155 67 76
197456 14 71
197456 44 51
197456 50 86
197757 19 78
197757 21 63
197757 29 53
198058 0 24
198058 5 24
198058 12 58
198058 39 58
198058 79 88
198359 22 64
198359 45 85
198359 45 65
198359 65 85
198660 21 84
198961 7 27
198961 27 60
198961 27 57
198961 28 61
198961 29 53
198961 49 74
198961 57 60
199262 16 78
199262 28 73
199262 53 63
199262 61 71
199262 70 73
199262 75 79
199563 28 70
199563 38 39
199864 8 30
199864 8 90
199864 9 73
199864 15 67
199864 52 75
199864 53 73
200165 3 5
200165 29 73
200165 50 86
200466 45 72
200767 2 88
200767 40 88
200767 40 84
200767 84 88
201068 9 62
201068 22 32
201068 76 78
201369 8 37
201369 37 82
201369 37 58
201369 58 82
201670 11 69
201670 11 23
201670 23 69
201670 53 63
201971 4 79
201971 37 58
201971 75 79
202272 37 58
202272 44 52
202573 29 53
202573 46 89
202874 9 29
203175 39 72
203175 42 72
203175 42 58
203175 58 72
203476 29 53
203777 27 60
203777 29 63
204078 5 47
204078 9 28
204078 9 63
204078 9 69
204078 9 73
204078 9 62
204078 24 48
204078 28 73
204379 29 53
204680 0 14
204680 29 53
204680 37 58
204981 49 84
205282 0 24
205282 19 42
205282 19 50
205282 20 35
205282 22 32
205282 55 79
205282 84 87
205583 9 62
205884 17 18
205884 18 68
205884 24 48
205884 32 58
206185 22 85
206185 61 69
206185 63 70
206486 9 73
206486 35 50
206486 50 86
206486 50 84
206787 6 7
206787 8 14
206787 9 62
206787 14 37
206787 35 75
207088 3 18
207088 9 62
207088 18 65
207088 29 53
207088 45 58
207389 9 30
207389 29 53
207389 30 62
207389 37 77
207389 52 84
207690 1 27
207690 1 7
207690 6 27
207690 6 7
207690 27 33
207690 29 63
207690 37 58
207690 44 65
207991 35 75
207991 55 86
208292 23 30
208292 29 53
208292 29 30
208292 35 52
208292 43 45
208292 44 51
208593 8 26
208593 26 80
208593 31 58
208593 39 85
208593 80 91
208894 7 25
208894 16 25
208894 50 86
209195 0 24
209496 9 63
209797 28 66
210098 0 14
210098 9 62
210098 29 53
210399 3 5
210399 29 63
210399 29 73
210399 50 88
210700 8 50
210700 9 62
210700 38 45
210700 50 75
211001 24 48
211001 35 52
211001 39 45
211001 57 62
211302 9 62
211302 9 17
211302 24 48
211302 76 88
211603 24 48
211603 31 32
211904 22 64
211904 24 48
211904 37 58
212205 45 58
212205 45 72
212205 63 70
212205 64 77
212506 9 23
212506 9 73
212506 14 24
212506 24 48
212807 6 40
212807 24 45
212807 49 86
212807 57 60
213108 9 28
213108 15 60
213108 16 76
213108 21 60
213108 28 62
213108 35 50
213108 38 90
213108 50 75
213108 85 90
213409 7 76
213409 8 26
213409 15 33
213409 23 29
213409 29 53
213409 53 63
213710 28 69
214011 7 27
214312 0 48
214312 8 90
214312 16 84
214312 29 53
214613 14 85
214613 23 69
214613 23 31
214613 27 75
214613 31 69
214914 49 55
214914 50 86
215215 21 56
215215 24 48
215516 4 86
215516 29 53
215516 37 58
215817 9 62
215817 28 69
215817 30 66
215817 52 75
216118 5 75
216419 18 47
216419 18 37
216419 58 65
216720 15 33
217021 6 88
217021 18 37
217021 22 85
217021 23 69
217021 28 62
217322 9 46
217322 55 84
217623 5 18
217623 66 69
217924 21 84
217924 30 66
217924 55 86
218225 17 18
218526 18 37
218526 29 53
218526 39 51
218827 28 69
218827 46 89
219128 1 16
219128 2 15
219128 31 71
219128 33 40
219429 16 25
219429 52 87
219730 2 15
219730 3 14
219730 7 50
219730 9 62
219730 9 73
220031 1 78
220031 9 19
220031 9 73
220031 19 42
220031 19 50
220031 58 72
220031 62 73
220332 17 18
220332 32 38
220633 1 2
220633 1 78
220633 2 10
220633 6 10
220633 7 78
220633 21 76
220633 77 82
220934 58 65
220934 76 78
220934 76 81
220934 78 81
221235 39 51
221536 7 25
221536 24 48
221536 28 69
221837 3 14
221837 19 24
221837 24 48
221837 53 70
222138 14 24
222138 27 56
222138 27 60
222138 28 53
222138 29 53
222138 29 70
222138 45 65
222138 65 72
222439 7 12
222439 22 32
222740 28 69
222740 29 53
223041 34 84
223041 35 75
223041 50 86
223041 55 74
223342 8 26
223342 9 28
223342 9 62
223342 22 64
223342 28 73
223643 24 48
223944 4 52
223944 8 26
223944 28 29
223944 29 70
223944 37 77
223944 38 39
224245 1 10
224245 1 16
224245 1 33
224245 2 10
224245 2 6
224245 5 39
224245 6 10
224245 6 40
224245 6 27
224245 10 38
224245 10 40
224245 10 16
224245 12 44
224245 12 77
224245 16 33
224245 17 18
224245 24 48
224245 27 40
224245 38 45
224245 38 85
224245 39 65
224245 45 85
224546 11 23
224546 21 30
224546 23 69
224546 37 58
224546 74 86
224847 24 28
224847 29 53
224847 55 74
224847 76 81
225148 9 66
225148 14 24
225148 24 58
225148 28 84
225449 28 70
225750 35 52
226051 50 86
226352 21 69
226352 21 61
226352 61 69
226653 9 73
226653 14 24
226653 59 76
226954 0 65
226954 14 65
226954 39 45
227255 15 33
227255 23 61
227556 5 39
227556 24 48
227556 35 86
227556 35 52
227857 8 26
227857 9 62
227857 9 73
227857 69 73
228158 9 69
228158 9 66
228158 9 62
228158 12 57
228158 29 53
228158 50 74
228158 62 69
228158 80 85
228459 9 62
228459 28 29
228760 21 76
228760 21 69
228760 22 85
229061 24 59
229061 29 53
229061 45 90
229061 53 63
229362 7 84
229362 44 65
229663 9 62
229663 20 31
229663 24 31
229663 24 48
229663 31 48
229663 71 83
229964 0 51
229964 4 36
229964 17 18
229964 26 65
229964 29 53
229964 45 72
230265 8 26
230265 22 91
230265 24 48
230265 42 43
230265 48 49
230265 53 70
230265 79 88
230566 14 72
230566 28 53
230867 45 72
231168 17 18
231168 22 32
231168 32 38
231469 1 12
231469 5 45
231469 9 73
231469 9 62
231770 11 26
231770 35 75
232071 24 45
232071 29 53
232071 37 58
232071 44 51
232071 67 76
232372 44 51
232372 88 89
232673 5 37
232673 5 34
232673 7 27
232673 7 88
232673 23 30
232673 27 88
232673 30 34
232673 34 37
232974 12 59
232974 50 86
232974 75 84
233275 7 78
233275 28 69
233275 46 60
233275 49 86
233275 49 55
233275 55 86
233576 3 11
233576 28 76
233576 57 76
233877 29 63
233877 50 84
233877 58 65
233877 59 76
233877 76 81
234178 17 18
234178 22 32
234178 79 87
234178 84 87
234479 25 86
234479 29 53
234479 50 86
234780 9 62
234780 23 30
234780 39 51
234780 42 76
234780 49 55
235081 27 60
235081 50 75
235382 28 69
235382 29 70
235382 44 51
235683 5 72
235683 5 37
235683 5 22
235683 16 45
235683 18 72
235683 22 37
235683 22 26
235683 26 72
235683 26 37
235683 26 71
235683 28 73
235683 37 72
235683 60 81
235683 60 88
235984 0 14
235984 5 22
235984 5 37
235984 5 72
235984 22 26
235984 22 37
235984 22 34
235984 26 37
235984 26 72
235984 34 37
235984 37 72
235984 40 84
235984 40 78
235984 60 88
235984 81 88
236285 35 75
236285 45 58
236586 4 55
236887 9 62
236887 22 85
236887 29 53
236887 32 38
237188 1 6
237188 1 33
237188 1 40
237188 1 10
237188 6 40
237188 10 40
237188 12 44
237188 18 68
237188 24 48
237188 33 40
237489 3 58
237489 25 86
237489 37 58
237489 53 77
237790 9 28
237790 9 63
237790 28 69
237790 37 77
238091 14 47
238091 45 72
238392 0 14
238392 41 79
238392 53 69
238392 77 82
238693 44 51
238693 55 79
238994 35 75
238994 35 52
238994 52 75
239295 17 18
239596 7 76
239596 9 63
239897 26 32
240198 7 56
240198 9 73
240499 25 87
240800 5 24
240800 5 65
240800 9 66
240800 9 13
240800 24 32
240800 57 60
241101 8 26
241101 53 63
241402 45 65
241402 56 86
241402 56 84
241402 84 86
241703 53 62
241703 76 78
242004 9 62
242004 16 76
242004 17 68
242004 21 61
242004 24 37
242004 35 75
242004 42 75
242004 45 90
242004 55 79
242004 59 76
242305 28 53
242305 42 43
242606 8 26
242606 28 70
242907 35 75
242907 39 58
242907 79 88
243208 15 33
243509 11 48
243509 44 58
243509 49 84
243509 50 74
243509 75 88
243509 79 88
243810 9 73
243810 16 88
243810 21 69
243810 22 64
243810 53 70
244111 0 45
244111 7 78
244111 7 21
244111 14 24
244111 21 78
244111 29 53
244412 28 70
244412 39 72
244412 72 90
244713 14 22
245014 3 80
245315 17 68
245315 17 34
245315 28 45
245315 44 45
245616 4 41
245616 27 57
245616 28 69
245917 15 33
245917 25 86
246218 9 62
246218 9 77
246218 28 73
246218 44 51
246519 24 48
246519 26 31
246519 35 75
246820 16 61
246820 23 53
246820 28 69
246820 30 53
247121 0 14
247121 0 3
247121 3 14
247121 7 78
247422 29 53
247422 30 62
247422 49 52
247723 19 86
248024 7 86
248024 25 35
248325 53 70
248626 1 65
248626 8 39
248626 8 85
248626 9 62
248626 12 29
248626 14 45
248626 22 51
248626 29 63
248626 38 45
248626 41 86
248626 50 75
248626 53 70
248626 61 90
248626 75 79
248927 17 68
248927 18 34
248927 35 75
248927 36 75
249228 29 53
249228 44 51
249529 9 62
249529 38 58
249529 38 45
249529 59 78
249529 76 78
249830 2 84
249830 3 68
249830 8 90
249830 9 30
249830 9 62
249830 24 48
249830 52 75
249830 62 73
250131 9 62
250432 1 7
250432 9 73
250432 14 51
250432 23 53
250432 23 73
250432 23 29
250432 28 53
250432 28 73
250432 28 29
250432 29 53
250733 5 14
250733 37 58
250733 44 45
251034 28 62
251034 28 29
251034 29 53
251335 29 53
251636 7 21
251636 7 78
251636 17 68
251636 21 78
251636 29 53
251636 36 50
251937 21 69
251937 24 45
252238 5 37
252238 24 31
252238 31 48
252539 7 84
252539 35 86
252539 35 50
252539 37 80
252539 37 50
252539 38 86
252539 50 75
252539 50 80
252840 7 88
252840 7 27
252840 7 57
252840 27 88
252840 27 77
252840 27 58
252840 58 77
253141 29 53
253442 8 26
253442 50 74
253442 53 69
253743 1 33
253743 14 37
253743 64 77
254044 3 22
254044 28 66
254044 28 69
254345 0 48
254345 9 73
254345 9 62
254345 15 67
254345 52 75
254646 9 73
254646 9 19
254646 33 88
254646 50 75
254947 1 78
254947 3 14
254947 21 84
254947 28 73
254947 29 70
254947 45 65
255248 3 19
255248 3 14
255248 9 14
255248 19 42
255248 29 63
255549 40 56
255850 9 66
255850 14 48
255850 24 32
255850 59 76
256151 17 80
256151 21 84
256151 24 48
256151 35 75
256151 46 84
256452 22 85
256452 46 89
256753 9 66
256753 9 62
256753 9 73
256753 11 84
256753 62 73
257054 21 69
257054 29 53
257054 75 79
257355 2 60
257355 7 33
257355 11 56
257355 28 53
257355 44 51
257355 53 70
257355 58 65
257656 3 72
257656 52 79
257656 62 73
257656 79 86
257957 14 58
257957 21 40
257957 47 58
258258 0 24
258258 5 34
258258 23 29
258258 29 30
258559 7 46
258559 17 18
258559 42 43
258559 45 58
258860 29 53
258860 52 87
259161 42 51
259161 46 60
259462 30 57
259462 51 90
259462 52 75
259462 56 59
259462 58 65
259462 59 78
259763 21 28
259763 29 53
259763 67 78
260064 8 26
260064 9 62
260064 52 84
260365 12 88
260365 17 18
260365 55 74
260666 9 66
260666 9 62
260666 30 66
260666 50 74
260666 58 72
260967 3 51
260967 3 23
260967 23 49
260967 28 69
260967 42 51
260967 52 75
260967 80 90
261268 7 59
261268 8 90
261268 24 48
261268 79 86
261569 5 37
261569 35 75
261569 35 49
261569 46 57
261870 14 24
262171 29 63
262472 7 78
262472 16 25
262472 27 60
262773 11 23
263074 5 11
263074 11 24
263074 14 48
263074 19 59
263074 19 76
263074 28 73
263074 29 53
263074 39 51
263074 70 73
263375 21 61
263375 22 64
263375 57 88
263676 9 28
263676 12 84
263676 55 87
263977 23 53
263977 35 52
263977 44 77
263977 56 84
264278 29 53
264278 37 58
264278 44 51
264579 11 44
264880 4 87
264880 9 62
264880 22 85
264880 29 53
264880 36 50
264880 84 89
265181 7 88
265181 26 52
