0 11 86
0 12 86
0 76 78
301 11 23
301 21 30
301 23 69
301 37 58
301 74 86
602 0 24
602 0 14
602 14 24
602 14 48
602 22 77
602 24 48
602 45 48
903 14 24
903 27 56
903 27 60
903 28 53
903 29 53
903 29 70
903 45 65
903 65 72
1204 37 77
1204 42 76
1204 49 55
1204 55 86
1505 24 31
1505 31 48
1505 81 88
1806 12 44
2107 14 58
2107 21 61
2107 21 76
2408 1 78
2408 3 5
2408 29 63
2709 29 53
3010 7 12
3010 29 53
3010 45 83
3010 50 74
3311 27 60
3311 50 75
3612 16 61
3612 23 53
3612 28 69
3612 30 53
3913 2 15
3913 9 73
3913 20 40
3913 44 70
4214 3 68
4214 29 63
4515 21 84
4515 24 48
4515 55 79
4816 7 58
4816 15 33
4816 60 81
5117 20 40
5117 29 53
5117 50 86
5418 9 66
5418 14 48
5418 24 32
5418 59 76
5719 2 10
5719 3 14
5719 6 10
5719 11 14
5719 44 51
6020 35 75
6020 35 52
6020 52 75
6321 11 38
6321 29 53
6321 62 73
6321 69 70
6321 84 88
6622 9 62
6622 50 74
6622 58 72
6923 35 75
6923 45 58
7224 11 44
7224 25 86
7224 35 75
7224 35 52
7224 52 75
7525 7 78
7525 20 35
7525 29 73
7525 29 61
7525 35 52
7525 56 87
7525 56 84
7525 63 70
7525 84 87
7826 8 26
7826 9 62
7826 29 53
7826 36 55
7826 36 79
7826 55 79
8127 37 58
8127 53 61
8127 53 70
8428 52 79
8729 0 24
9030 35 75
9030 55 86
9331 9 73
9331 17 18
9331 35 75
9331 39 90
9632 38 58
9632 59 78
9632 76 78
9933 34 86
10234 0 14
10234 7 78
10234 9 62
10234 21 84
10234 21 56
10234 29 53
10234 52 87
10535 3 80
10836 9 66
10836 9 62
10836 30 66
10836 50 74
10836 58 72
11137 0 48
11137 4 50
11137 9 73
11137 9 62
11137 15 67
11137 52 75
11137 53 66
11438 49 84
11739 9 66
11739 34 84
11739 35 75
11739 67 84
12040 3 11
12040 28 76
12040 57 76
12341 14 48
12341 29 53
12341 53 70
12341 53 66
12341 59 76
12642 21 84
12943 7 16
12943 7 84
12943 7 25
12943 16 84
12943 16 25
12943 25 84
12943 50 84
13244 29 70
13545 0 14
13545 18 45
13545 35 52
13846 9 73
13846 50 86
14147 28 84
14147 39 51
14448 50 86
14448 56 84
14749 23 29
14749 29 63
14749 31 71
14749 52 79
15050 5 72
15050 5 37
15050 5 22
15050 16 45
15050 18 72
15050 22 37
15050 22 26
15050 26 72
15050 26 37
15050 26 71
15050 28 73
15050 37 72
15050 60 81
15050 60 88
15351 24 31
15351 24 48
15351 31 48
15351 71 83
15652 24 58
15652 32 80
15652 67 76
15953 7 16
15953 7 58
16254 21 69
16254 29 63
16555 22 64
16555 35 52
16555 44 51
16555 46 89
16856 39 58
16856 49 58
16856 49 79
16856 49 88
16856 79 88
16856 79 84
17157 45 72
17458 18 37
17458 29 53
17458 35 55
17458 39 72
17458 80 85
17759 2 15
17759 7 16
17759 7 12
17759 12 16
18060 1 7
18060 1 27
18060 6 40
18060 7 27
18060 9 62
18060 29 53
18060 55 74
18361 4 50
18361 9 62
18361 23 30
18361 30 44
18361 35 52
18361 46 49
18361 49 86
18361 53 70
18662 35 75
18662 44 51
18963 0 24
18963 9 62
18963 15 67
18963 52 75
18963 62 73
19264 16 84
19565 19 73
19565 52 75
19866 5 72
19866 28 69
19866 49 55
19866 49 86
19866 55 86
20167 3 5
20167 29 63
20468 29 63
20468 50 86
20769 0 14
20769 41 79
20769 53 69
20769 77 82
21070 17 18
21070 45 65
21070 49 52
21070 52 86
21371 5 37
21371 5 34
21371 7 27
21371 7 88
21371 23 30
21371 27 88
21371 30 34
21371 34 37
21672 22 64
21672 27 57
21672 44 51
21672 77 82
21973 5 85
21973 76 78
22274 4 52
22274 8 26
22274 28 29
22274 29 70
22274 37 77
22274 38 39
22575 37 58
22575 44 52
22876 0 14
22876 16 59
22876 53 69
23177 0 65
23177 14 65
23177 39 45
23478 27 73
23478 29 53
23478 37 84
23478 49 86
23478 49 50
23779 22 64
23779 61 69
24080 22 38
24381 5 39
24381 24 48
24381 35 86
24381 35 52
24682 2 33
24682 24 87
24682 58 62
24983 5 72
24983 50 74
24983 53 69
24983 55 79
25284 9 73
25284 11 23
25284 17 18
25284 22 85
25585 17 18
25585 22 32
25585 35 75
25585 39 90
25585 79 87
25886 29 53
25886 37 58
25886 62 69
26187 7 25
26187 22 64
26187 49 84
26187 50 84
26187 50 52
26187 52 84
26488 11 44
26488 11 30
26488 24 48
26789 7 58
26789 24 35
26789 24 48
26789 29 53
26789 49 52
26789 55 79
27090 29 63
27391 8 26
27391 21 61
27391 22 64
27692 23 53
27692 35 52
27692 44 77
27692 56 84
27993 29 53
28294 5 72
28294 9 62
28294 49 86
28294 49 55
28294 55 86
28595 12 59
28595 50 86
28595 75 84
28896 17 68
29197 9 73
29197 9 62
29498 0 24
29498 42 44
29498 55 79
29498 56 84
29498 56 87
29498 75 79
29799 9 63
30100 5 72
30100 7 58
30100 9 23
30100 29 53
30100 49 52
30401 9 62
30401 9 69
30401 9 66
30401 28 69
30401 29 30
30401 30 66
30401 37 58
30401 37 77
30401 64 82
30401 65 82
30702 7 25
30702 16 25
30702 50 86
31003 1 84
31003 5 18
31003 6 84
31003 7 84
31003 20 84
31003 28 30
31003 29 53
31003 32 38
31003 33 84
31003 67 84
31003 81 84
31003 84 88
31304 29 53
31304 37 58
31304 50 86
31304 51 65
31605 23 69
31605 23 30
31605 29 53
31605 30 63
31605 30 53
31906 5 14
31906 9 62
31906 29 53
31906 37 58
32207 28 70
32508 9 63
32508 28 70
32508 35 75
32809 29 70
32809 29 69
32809 29 53
32809 53 63
32809 59 78
32809 85 91
33110 9 73
33110 28 84
33110 28 76
33110 76 84
33411 7 78
33411 9 69
33411 9 29
33411 29 63
33712 3 37
33712 8 26
33712 22 37
33712 23 30
33712 25 49
33712 29 63
33712 37 90
33712 53 61
34013 4 86
34013 9 62
34013 24 48
34314 29 53
34314 37 58
34314 44 51
34615 11 24
34615 23 30
34615 49 55
34916 37 58
34916 50 86
35217 29 53
35217 35 49
35217 37 84
35217 58 84
35518 34 84
35518 50 74
35518 58 72
35518 80 85
35819 8 85
35819 8 37
35819 9 62
35819 50 75
35819 59 76
36120 9 62
36120 23 30
36120 39 51
36120 42 76
36120 49 55
36421 8 26
36421 26 32
36421 38 90
36421 38 85
36421 58 90
36421 58 85
36421 85 90
36722 3 45
37023 45 65
37023 50 86
37023 55 74
37324 2 88
37324 40 88
37324 40 84
37324 84 88
37625 0 14
37625 7 16
37625 8 90
37625 8 60
37625 9 62
37625 9 69
37625 17 68
37926 12 88
37926 22 85
37926 55 74
38227 1 2
38227 1 78
38227 2 10
38227 6 10
38227 7 78
38227 21 76
38227 77 82
38528 9 62
38528 22 32
38528 76 78
38829 14 58
38829 21 76
38829 25 79
39130 9 63
39431 16 59
39431 29 63
39431 50 59
39431 59 76
39732 12 77
39732 12 84
39732 26 32
39732 57 60
39732 77 84
40033 22 64
40033 30 66
40033 44 86
40033 58 65
40334 9 62
40334 16 76
40334 17 68
40334 21 61
40334 24 37
40334 35 75
40334 42 75
40334 45 90
40334 55 79
40334 59 76
40635 31 71
40936 39 58
40936 65 84
40936 79 84
40936 79 88
41237 29 53
41237 49 86
41237 59 76
41538 32 38
41839 1 65
41839 8 39
41839 8 85
41839 9 62
41839 12 29
41839 14 45
41839 22 51
41839 29 63
41839 38 45
41839 41 86
41839 50 75
41839 53 70
41839 61 90
41839 75 79
42140 14 37
42140 37 58
42140 44 51
42441 1 78
42441 3 14
42441 21 84
42441 28 73
42441 29 70
42441 45 65
42742 1 10
42742 1 16
42742 1 33
42742 2 10
42742 2 6
42742 5 39
42742 6 10
42742 6 40
42742 6 27
42742 10 38
42742 10 40
42742 10 16
42742 12 44
42742 12 77
42742 16 33
42742 17 18
42742 24 48
42742 27 40
42742 38 45
42742 38 85
42742 39 65
42742 45 85
43043 53 62
43043 76 78
43344 35 75
43344 35 52
43645 15 33
43645 25 86
43946 5 18
43946 7 16
43946 9 29
43946 22 32
43946 52 55
43946 55 74
44247 7 46
44247 17 34
44247 17 18
44247 17 46
44247 32 85
44247 32 38
44247 35 75
44247 64 77
44548 23 49
44548 25 49
44548 28 69
44548 37 77
44548 52 75
44548 53 61
44849 1 16
44849 1 59
44849 16 59
44849 49 55
44849 55 79
45150 17 18
45150 79 87
45451 42 51
45451 46 60
45752 0 14
46053 9 29
46354 9 62
46354 29 53
46655 5 14
46655 29 70
46655 44 51
46956 11 24
46956 11 51
46956 17 68
46956 22 64
46956 27 51
46956 27 68
47257 9 29
47257 11 48
47257 24 48
47257 27 81
47257 57 88
47257 74 86
47558 24 48
47558 29 30
47558 30 53
47558 30 63
47859 8 26
47859 22 71
47859 38 85
47859 38 90
47859 39 65
47859 58 85
47859 72 90
48160 9 62
48461 14 44
48461 14 22
48762 21 56
48762 22 64
48762 24 48
48762 35 79
48762 77 82
49063 2 71
49063 14 58
49063 14 39
49063 14 24
49063 37 82
49063 39 58
49063 53 70
49364 1 16
49364 15 16
49364 25 49
49364 55 79
49665 53 70
49966 9 66
49966 9 62
49966 9 73
49966 11 84
49966 62 73
50267 0 24
50267 17 68
50568 12 27
50568 17 34
50869 5 37
50869 24 31
50869 31 48
51170 9 62
51170 9 73
51170 50 86
51471 7 88
51772 5 37
51772 9 62
51772 9 73
51772 24 48
51772 24 77
51772 24 74
52073 7 58
52073 19 76
52073 21 69
52073 28 73
52073 59 76
52374 9 62
52374 15 33
52374 60 81
52374 76 88
52675 0 45
52675 7 78
52675 7 21
52675 14 24
52675 21 78
52675 29 53
52976 9 62
52976 20 31
52976 24 31
52976 24 48
52976 31 48
52976 71 83
53277 45 65
53277 52 86
53578 52 79
53879 9 28
53879 9 69
53879 9 63
53879 17 68
53879 28 73
53879 28 70
53879 28 30
53879 28 69
53879 30 62
53879 35 75
53879 53 62
53879 53 70
53879 61 62
54180 29 63
54180 50 84
54180 58 65
54180 59 76
54180 76 81
54481 14 72
54481 30 73
54481 30 69
54481 53 69
54782 4 50
54782 14 24
54782 21 69
54782 29 53
54782 45 58
55083 9 73
55083 49 73
55083 50 86
55083 57 60
55384 2 28
55384 5 22
55384 22 85
55685 45 58
55685 45 72
55685 63 70
55685 64 77
55986 1 59
55986 1 88
55986 1 84
55986 11 24
55986 12 88
55986 15 88
55986 23 69
55986 24 55
55986 50 86
55986 84 88
56287 5 18
56287 16 88
56287 28 73
56287 29 53
56287 39 51
56287 49 86
56287 49 55
56588 9 62
56588 9 77
56588 28 73
56588 44 51
56889 9 62
56889 9 73
56889 17 18
56889 50 74
56889 53 69
57190 4 55
57491 0 14
57491 3 14
57491 8 90
57491 9 69
57491 16 84
57491 17 18
57491 30 53
57491 65 82
57792 7 25
57792 24 48
57792 28 69
58093 0 65
58093 0 14
58093 22 64
58093 24 48
58093 44 51
58394 37 84
58695 5 84
58695 22 77
58695 24 48
58996 50 86
59297 14 37
59297 29 53
59598 50 84
59899 30 57
59899 51 90
59899 52 75
59899 56 59
59899 58 65
59899 59 78
60200 11 84
60200 14 71
60200 37 58
60200 50 86
60501 7 84
60501 8 26
60501 21 84
60501 31 71
60802 15 33
60802 25 55
60802 56 60
61103 3 44
61103 44 51
61103 77 82
61404 8 26
61404 23 30
61404 23 53
61404 29 53
61404 30 53
61404 39 58
61705 5 34
61705 29 63
61705 53 63
62006 45 72
62307 9 62
62307 29 53
62307 57 88
62608 7 88
62608 17 51
62608 29 53
62608 29 63
62608 39 51
62608 53 63
62608 53 69
62608 66 69
62909 22 32
63210 14 24
63210 14 58
63210 24 58
63511 14 58
63511 21 61
63812 9 28
63812 9 63
63812 28 69
63812 37 77
64113 3 68
64113 28 69
64113 37 77
64113 52 75
64113 62 73
64414 19 75
64414 19 50
64414 27 60
64414 35 75
64414 35 50
64414 50 75
64414 50 52
64414 52 75
64715 21 61
64715 22 64
64715 57 88
65016 21 69
65016 29 53
65016 75 79
65317 29 53
65317 35 75
65317 42 50
65618 15 33
65618 22 85
65618 22 32
65618 28 66
65618 53 63
65618 58 72
65919 14 24
65919 28 84
65919 39 51
66220 25 84
66220 64 77
66220 75 79
66521 29 63
66521 55 79
66822 29 53
67123 8 26
67123 42 43
67123 53 63
67424 5 37
67424 35 75
67424 35 49
67424 46 57
67725 20 84
67725 29 63
67725 37 58
67725 59 76
68026 4 86
68026 9 63
68026 52 87
68327 37 58
68327 44 51
68628 7 16
68628 29 53
68929 6 40
68929 24 45
68929 49 86
68929 57 60
69230 8 26
69230 14 44
69531 5 54
69531 7 59
69531 9 62
69531 62 69
69832 29 53
69832 46 89
70133 29 53
70434 0 14
70434 0 3
70434 3 14
70434 7 78
70735 1 7
70735 1 40
70735 7 40
70735 33 59
71036 5 80
71036 5 18
71036 18 80
71337 17 18
71337 28 30
71337 64 77
71638 11 69
71638 11 23
71638 23 69
71638 53 63
71939 0 24
71939 19 42
71939 19 50
71939 20 35
71939 22 32
71939 55 79
71939 84 87
72240 5 44
72240 11 44
72240 28 69
72240 29 70
72240 44 51
72541 3 72
72541 8 83
72541 14 44
72541 29 53
72541 44 51
72842 11 44
73143 11 23
73444 7 84
73444 44 65
73745 22 85
74046 3 83
74046 29 53
74046 50 74
74347 8 26
74347 44 51
74648 9 28
74648 9 63
74949 17 68
74949 42 50
75250 24 48
75250 52 75
75250 69 70
75551 6 40
75551 9 30
75551 9 29
75551 28 29
75551 28 53
75551 29 53
75852 1 33
75852 1 2
75852 1 6
75852 2 6
75852 2 10
75852 6 33
75852 10 84
75852 16 53
75852 16 70
75852 33 44
75852 39 51
75852 51 58
75852 51 65
75852 53 70
75852 56 84
75852 58 65
75852 67 84
76153 67 84
76454 9 23
76454 9 73
76454 14 24
76454 24 48
76755 5 51
76755 5 35
76755 14 39
76755 17 51
76755 27 35
76755 27 75
76755 35 75
76755 51 68
77056 22 77
77056 22 64
77357 31 71
77357 44 51
77357 53 63
77658 7 88
77658 8 26
77658 53 63
77959 0 14
77959 9 62
77959 29 53
78260 0 48
78260 9 73
78260 9 62
78260 15 67
78260 52 75
78561 45 65
78862 35 55
78862 50 74
79163 0 24
79163 32 91
79163 57 60
79464 9 62
79464 29 53
79464 37 58
79464 50 74
79765 22 64
79765 24 48
79765 44 51
79765 77 82
80066 29 70
80367 17 68
80367 17 34
80367 28 45
80367 44 45
80668 34 84
80668 35 75
80668 35 50
80668 37 84
80668 49 86
80668 50 74
80668 58 84
80668 75 86
80969 8 79
80969 21 69
80969 29 63
81270 2 15
81270 3 14
81270 3 44
81270 9 73
81270 9 62
81270 11 44
81270 19 73
81270 29 63
81270 62 73
81270 62 66
81571 9 62
81872 8 26
81872 9 62
81872 9 28
81872 28 73
81872 28 62
81872 50 52
81872 50 86
82173 28 70
82474 29 53
82474 35 49
82474 52 86
82474 57 60
82474 74 86
82775 23 30
82775 45 72
82775 45 65
82775 49 74
82775 49 55
82775 50 86
82775 52 84
82775 65 72
82775 69 73
83076 16 84
83076 28 69
83076 32 38
83076 35 50
83076 37 82
83076 37 77
83076 45 65
83377 17 18
83377 22 32
83377 32 38
83678 9 53
83678 29 53
83678 37 58
83678 50 86
83678 53 73
83678 53 66
83678 62 73
83979 28 70
84280 9 62
84280 22 85
84280 29 53
84280 32 38
84581 11 23
84581 23 69
84581 45 58
84882 29 53
84882 50 74
84882 52 86
85183 4 49
85183 29 53
85183 57 88
85484 4 86
85484 29 53
85785 3 80
85785 28 53
85785 49 55
86086 12 78
86086 58 65
86086 84 89
86387 6 7
86387 8 14
86387 9 62
86387 14 37
86387 35 75
86688 9 62
86688 29 53
86989 6 10
86989 16 46
86989 44 51
86989 57 88
87290 9 73
87290 17 84
87290 24 28
87290 29 53
87591 22 72
87591 28 69
87892 28 70
87892 38 39
88193 8 26
88193 26 80
88193 31 58
88193 39 85
88193 80 91
88494 7 78
88494 7 59
88494 20 52
88494 20 35
88494 28 40
88494 28 73
88494 35 52
88494 35 84
88494 35 87
88494 40 84
88494 42 79
88494 52 84
88494 56 87
88494 56 84
88795 12 58
88795 43 58
88795 44 45
88795 79 88
89096 53 70
89397 2 28
89397 2 39
89397 11 34
89397 28 38
89397 61 86
89397 77 86
89698 51 54
89698 63 89
89999 3 44
89999 22 64
89999 44 51
89999 45 58
90300 1 7
90300 17 18
90300 55 79
90300 75 79
90601 9 73
90902 23 30
90902 24 48
91203 67 84
91504 28 69
91805 28 62
91805 29 53
91805 45 85
91805 45 65
92106 5 85
92106 5 72
92106 55 86
92106 72 80
92106 80 85
92407 11 44
92407 24 48
92708 5 39
92708 14 58
92708 40 88
92708 49 55
93009 12 44
93009 17 56
93310 3 22
93310 28 66
93310 28 69
93611 6 58
93611 6 7
93611 7 58
93611 29 53
93912 2 28
93912 5 22
93912 23 61
94213 14 24
94213 50 55
94514 7 84
94514 24 84
94514 27 84
94514 33 84
94514 51 58
94815 14 58
94815 59 76
95116 6 40
95116 7 58
95116 15 33
95116 38 45
95116 44 52
95417 5 37
95417 5 18
95417 14 77
95417 18 37
95417 64 77
95718 18 37
95718 23 30
96019 7 58
96019 21 84
96019 24 45
96019 28 62
96019 56 60
96320 1 16
96320 8 26
96621 9 73
96621 14 24
96621 59 76
96922 17 18
96922 18 68
96922 24 48
96922 32 58
97223 4 86
97223 29 53
97223 37 58
97524 9 62
97524 35 75
97825 29 53
97825 52 87
98126 69 70
98427 7 78
98427 8 26
98427 14 24
98427 14 64
98427 17 68
98427 29 53
98728 7 59
98728 8 90
98728 24 48
98728 79 86
99029 5 72
99029 12 44
99029 58 65
99330 9 62
99330 28 69
99330 30 66
99330 52 75
99631 37 58
99932 18 37
99932 29 53
99932 39 51
100233 12 59
100534 7 88
100534 26 52
100835 14 47
100835 32 38
101136 4 41
101136 27 57
101136 28 69
101437 4 79
101437 16 84
101738 24 48
102039 9 63
102039 9 28
102340 0 14
102340 5 22
102340 5 37
102340 5 72
102340 22 26
102340 22 37
102340 22 34
102340 26 37
102340 26 72
102340 34 37
102340 37 72
102340 40 84
102340 40 78
102340 60 88
102340 81 88
102641 0 24
102641 4 84
102641 35 52
102641 55 79
102942 8 82
102942 9 19
102942 9 62
102942 22 39
102942 22 64
102942 38 44
103243 21 61
103243 24 45
103243 30 66
103243 69 73
103544 3 8
103544 14 85
103544 19 79
103544 24 48
103544 45 65
103845 21 76
103845 21 69
103845 22 85
104146 8 26
104146 28 70
104447 24 69
104447 28 69
104748 5 37
104748 5 13
104748 5 74
104748 9 62
104748 74 81
105049 22 64
105049 24 48
105049 37 58
105350 1 88
105350 1 59
105350 22 32
105651 53 63
105952 14 58
105952 21 61
106253 1 88
106253 5 51
106253 5 18
106253 7 88
106253 29 53
106253 39 51
106253 49 67
106253 55 86
106554 8 26
106554 22 91
106554 24 48
106554 42 43
106554 48 49
106554 53 70
106554 79 88
106855 12 58
106855 12 56
106855 17 34
106855 50 75
106855 56 58
107156 11 77
107156 17 34
107156 22 48
107156 27 81
107156 27 48
107156 27 77
107156 27 64
107156 48 64
107156 64 77
107156 85 90
107457 9 62
107457 28 29
107758 0 14
107758 14 37
107758 17 18
107758 28 30
107758 37 82
108059 8 26
108059 44 51
108360 0 24
108360 4 86
108360 9 69
108360 21 84
108360 24 48
108360 61 62
108661 16 76
108661 32 38
108962 4 79
108962 9 29
108962 27 81
108962 57 88
109263 15 33
109564 5 18
109564 12 44
109564 12 77
109564 12 64
109564 24 48
109564 39 65
109564 64 77
109865 3 19
109865 3 14
109865 9 14
109865 19 42
109865 29 63
110166 1 78
110166 9 19
110166 9 73
110166 19 42
110166 19 50
110166 58 72
110166 62 73
110467 9 30
110467 19 62
110467 21 56
110467 22 64
110467 77 82
110768 28 84
110768 28 43
110768 39 51
111069 2 15
111069 2 33
111069 9 73
111069 9 62
111069 15 72
111069 29 63
111069 40 75
111069 50 75
111069 58 86
111069 58 78
111069 58 59
111069 59 78
111069 72 86
111069 72 78
111069 72 75
111069 75 86
111370 14 32
111671 9 23
111671 9 62
111972 12 88
111972 17 18
111972 55 74
112273 2 15
112273 3 14
112273 7 50
112273 9 62
112273 9 73
112574 17 18
112574 29 63
112875 4 74
112875 24 48
112875 26 71
112875 29 53
112875 35 75
113176 7 78
113176 28 69
113176 46 60
113176 49 86
113176 49 55
113176 55 86
113477 35 79
113477 77 82
113778 35 75
113778 39 58
113778 79 88
114079 9 73
114079 35 50
114079 50 86
114079 50 84
114380 7 56
114380 9 73
114681 17 18
114681 32 38
114982 28 53
114982 42 43
115283 8 26
115283 49 74
115584 3 37
115584 5 34
115885 14 22
116186 11 44
116186 25 75
116487 8 26
116487 53 63
116788 9 62
116788 15 33
116788 44 52
116788 62 73
117089 29 53
117390 63 70
117691 14 58
117691 53 66
117992 20 35
117992 39 45
117992 42 79
118293 0 14
118293 7 16
118293 8 60
118293 15 67
118293 28 29
118594 5 39
118594 8 84
118594 9 31
118594 24 48
118594 29 53
118594 46 84
118895 28 62
118895 28 29
118895 29 53
119196 23 29
119497 29 53
119798 17 18
119798 22 32
119798 79 87
119798 84 87
120099 12 64
120099 12 45
120099 12 58
120099 17 18
120099 18 68
120099 34 58
120099 45 58
120099 64 77
120400 29 63
120701 9 73
120701 9 30
120701 9 29
120701 29 63
120701 29 62
120701 61 63
120701 63 66
121002 9 66
121002 14 24
121002 24 58
121002 28 84
121303 28 84
121604 9 62
121604 9 19
121604 12 58
121604 22 64
121604 24 48
121604 29 53
121604 53 63
121905 28 69
121905 46 89
122206 0 14
122206 29 53
122206 37 58
122507 3 65
122507 9 73
122507 17 51
122507 51 68
122808 29 53
122808 50 86
122808 51 65
123109 29 53
123109 44 51
123410 24 48
123410 35 75
123410 46 84
123711 9 46
123711 55 84
124012 28 66
124313 1 76
124313 35 79
124313 77 82
124614 17 18
124614 45 65
124915 3 72
124915 52 79
124915 62 73
124915 79 86
125216 24 48
125216 46 84
125216 74 79
125517 3 51
125517 3 23
125517 23 49
125517 28 69
125517 42 51
125517 52 75
125517 80 90
125818 29 63
125818 56 84
126119 24 48
126119 26 31
126119 35 75
126119 37 91
126420 14 24
126721 19 28
126721 35 75
126721 45 65
127022 8 16
127022 28 69
127323 29 53
127323 53 73
127624 0 14
127624 8 26
127624 9 62
127624 12 32
127624 17 51
127624 21 56
127624 25 39
127624 39 51
127624 56 60
127925 5 21
127925 21 84
128226 0 24
128226 17 18
128226 79 87
128226 84 87
128527 7 84
128527 16 84
128527 25 84
128527 64 77
128828 22 85
128828 61 69
128828 63 70
129129 9 73
129129 29 69
129129 29 53
129129 37 58
129129 50 74
129129 53 69
129430 8 37
129430 37 82
129430 37 58
129430 58 82
129731 0 14
129731 7 16
129731 8 60
129731 8 90
129731 9 62
129731 53 66
130032 0 45
130032 29 53
130032 37 58
130032 37 47
130333 27 60
130333 29 63
130634 22 64
130634 42 52
130935 18 34
130935 21 66
130935 29 69
130935 50 74
130935 55 79
130935 57 60
131236 9 28
131236 15 60
131236 16 76
131236 21 60
131236 28 62
131236 35 50
131236 38 90
131236 50 75
131236 85 90
131537 9 62
131537 14 24
131537 25 79
131537 25 88
131537 38 51
131537 39 51
131537 45 58
131537 51 65
131537 51 72
131537 58 72
131537 65 72
131537 66 70
131838 14 85
131838 23 69
131838 23 31
131838 27 75
131838 31 69
132139 28 69
132139 53 70
132440 11 24
132440 19 59
132440 37 72
132440 59 76
132440 70 73
132741 9 62
132741 9 45
132741 12 57
132741 13 50
132741 14 85
132741 14 24
132741 27 75
132741 45 61
132741 45 83
132741 50 74
133042 7 25
133042 7 16
133042 16 25
133042 30 66
133042 61 69
133343 32 80
133343 45 83
133343 50 74
133343 55 79
133343 58 72
133644 9 62
133644 12 16
133644 35 75
133644 57 60
133644 57 88
133644 58 90
133945 11 84
133945 12 84
133945 16 33
133945 29 53
133945 42 43
133945 44 45
133945 49 84
133945 49 58
133945 49 64
133945 58 84
133945 64 77
133945 79 88
134246 1 16
134246 7 88
134246 9 62
134246 35 79
134246 35 52
134246 35 36
134246 35 84
134246 36 79
134246 76 88
134547 11 48
134547 57 76
134547 58 65
134848 29 53
134848 30 62
134848 49 52
135149 29 53
135149 29 63
135149 45 65
135149 45 85
135149 58 65
135450 22 85
135450 61 69
135450 76 78
135751 14 58
135751 21 40
135751 47 58
136052 9 73
136052 9 62
136052 14 51
136052 29 53
136052 49 55
136353 1 88
136353 9 62
136353 9 73
136353 16 88
136353 28 73
136353 29 73
136353 35 52
136353 37 77
136353 53 73
136353 62 73
136654 7 58
136654 21 69
136654 36 50
136654 76 78
136955 9 63
136955 9 28
136955 61 62
137256 7 86
137256 25 35
137557 19 62
137557 22 64
137557 77 82
137858 28 69
137858 29 53
137858 37 82
137858 44 51
138159 7 25
138159 21 79
138159 24 48
138159 24 45
138159 28 69
138460 9 28
138460 12 84
138460 55 87
138761 3 22
138761 5 18
138761 11 24
138761 22 64
138761 50 86
138761 55 79
139062 14 71
139062 44 51
139062 50 86
139363 44 51
139363 57 62
139664 1 59
139664 22 38
139664 29 53
139664 29 30
139664 29 66
139664 30 53
139664 75 79
139965 9 60
139965 15 33
139965 35 75
140266 39 72
140266 42 72
140266 42 58
140266 58 72
140567 28 69
140868 17 68
140868 18 34
140868 35 75
140868 36 75
141169 11 23
141169 23 69
141169 53 63
141470 49 55
141470 50 86
141771 29 63
142072 5 11
142072 11 24
142072 14 48
142072 19 59
142072 19 76
142072 28 73
142072 29 53
142072 39 51
142072 70 73
142373 24 58
142674 5 18
142674 5 11
142674 62 73
142975 15 33
143276 5 72
143276 5 37
143276 22 26
143276 22 37
143276 22 72
143276 26 37
143276 26 72
143276 29 53
143276 37 72
143276 53 63
143577 3 14
143577 7 88
143577 9 63
143577 9 28
143878 9 62
143878 38 58
143878 38 45
143878 45 58
144179 8 90
144179 8 58
144179 45 58
144480 17 18
144480 29 53
144781 5 11
144781 5 72
145082 21 56
145082 24 48
145383 0 14
145383 12 88
145383 31 51
145383 51 71
145684 24 28
145684 29 53
145684 55 74
145684 76 81
145985 15 33
145985 46 76
145985 60 81
146286 65 91
146587 21 59
146888 29 70
146888 44 72
146888 53 70
147189 6 40
147189 9 73
147189 9 61
147189 50 86
147490 2 10
147490 2 6
147490 5 51
147490 6 10
147490 11 14
147490 14 34
147490 27 46
147490 44 51
147791 52 79
148092 7 46
148092 17 18
148092 42 43
148092 45 58
148393 14 37
148393 35 87
148393 35 52
148694 2 15
148694 17 18
148694 35 75
148995 22 32
148995 24 48
149296 2 88
149296 3 44
149296 7 58
149597 3 72
149597 22 38
149597 22 32
149898 9 62
149898 29 53
149898 57 88
150199 28 70
150199 39 72
150199 72 90
150500 8 26
150500 9 62
150500 9 73
150500 69 73
150801 24 48
150801 29 69
150801 66 69
151102 18 22
151102 22 85
151102 28 66
151102 80 85
151403 14 58
151403 22 38
151704 1 12
151704 5 45
151704 9 73
151704 9 62
152005 49 55
152005 49 86
152005 50 86
152005 52 55
152306 21 69
152306 21 61
152306 61 69
152607 15 33
152908 7 12
152908 22 32
153209 28 69
153209 37 82
153510 29 53
153510 37 58
153510 44 51
153811 15 33
154112 14 47
154112 45 72
154413 2 39
154413 5 48
154413 12 48
154413 12 14
154413 12 20
154413 14 20
154413 14 58
154413 14 78
154413 20 58
154413 20 78
154413 24 87
154413 29 39
154413 31 58
154413 58 78
154714 7 25
154714 35 84
154714 45 70
154714 52 84
155015 22 64
155015 40 88
155015 44 51
155015 67 78
155316 44 51
155316 58 65
155617 24 28
155617 29 53
155617 55 74
155617 76 81
155918 12 76
155918 22 64
155918 35 79
155918 38 45
155918 56 76
156219 7 58
156219 9 73
156219 24 35
156219 29 53
156219 35 48
156219 42 55
156219 49 52
156219 55 79
156520 14 24
156520 21 69
156520 29 53
156520 85 91
156821 1 27
156821 1 7
156821 6 27
156821 6 7
156821 27 33
156821 29 63
156821 37 58
156821 44 65
157122 24 45
157122 29 53
157122 44 51
157423 7 27
157423 27 60
157423 27 57
157423 28 61
157423 29 53
157423 49 74
157423 57 60
157724 7 12
157724 38 69
158025 3 83
158025 3 43
158025 44 51
158326 2 10
158326 2 40
158326 2 6
158326 6 10
158326 21 88
158326 44 51
158627 23 53
158627 28 69
158627 35 52
158627 46 50
158627 50 86
158627 53 70
158928 4 50
158928 9 62
158928 9 73
158928 15 67
158928 28 69
158928 44 51
158928 52 75
159229 11 84
159229 18 47
159229 18 37
159229 58 65
159530 44 51
159530 55 79
159831 0 48
159831 8 90
159831 9 80
159831 9 30
159831 15 67
159831 24 48
159831 30 53
159831 53 73
159831 53 62
160132 2 12
160132 12 72
160132 58 72
160132 59 78
160132 65 72
160433 8 26
160433 50 74
160734 23 30
160734 49 74
160734 49 55
160734 55 74
160734 69 73
161035 3 24
161035 14 45
161035 24 29
161035 24 53
161035 24 28
161035 29 53
161035 44 51
161336 19 78
161336 21 63
161336 29 53
161637 7 12
161637 29 53
161938 15 33
161938 22 85
161938 28 66
161938 44 51
161938 53 63
162239 11 26
162239 35 75
162540 1 16
162540 35 52
162540 35 84
162841 15 33
162841 23 61
163142 20 84
163142 35 52
163142 35 84
163142 55 79
163142 56 87
163142 56 84
163443 14 24
163443 76 78
163744 22 64
163744 77 82
164045 5 18
164045 7 33
164045 29 90
164045 44 51
164045 45 64
164045 81 88
164346 9 30
164346 29 53
164346 30 62
164346 37 77
164346 52 84
164647 3 58
164647 30 53
164948 7 25
164948 16 25
164948 30 66
165249 25 86
165249 29 53
165249 50 86
165550 1 33
165550 1 7
165550 5 72
165550 11 72
165550 14 37
165550 24 45
165550 37 58
165550 58 65
165851 44 51
165851 88 89
166152 14 39
166152 14 58
166453 9 62
166453 9 19
166453 14 37
166453 19 44
166453 21 61
166453 22 64
166453 29 53
166453 44 45
166453 44 58
166453 44 60
166453 59 76
166754 9 62
166754 77 82
167055 3 14
167055 19 24
167055 24 48
167055 53 70
167356 15 33
167356 50 86
167356 60 81
167356 76 88
167657 3 24
167657 15 33
167657 23 30
167657 28 29
167657 44 51
167657 53 63
167958 24 48
167958 42 84
167958 52 84
167958 53 63
168259 14 50
168259 22 64
168259 44 86
168560 14 24
168560 29 63
168560 35 75
168560 59 76
168861 58 65
168861 76 84
169162 21 42
169162 22 38
169162 24 45
169162 25 28
169162 27 57
169162 53 70
169463 24 45
169463 55 79
169463 69 73
169764 42 86
169764 55 86
170065 35 75
170065 62 73
170366 29 53
170667 1 84
170667 5 18
170667 15 88
170667 15 40
170667 15 84
170667 18 32
170667 22 32
170667 23 69
170667 28 30
170667 29 53
170667 59 88
170667 59 84
170667 62 75
170667 81 84
170667 84 88
170968 7 58
170968 29 53
170968 35 48
170968 49 52
170968 55 79
171269 5 75
171570 58 59
171570 59 76
171570 59 78
171570 60 81
171570 76 88
171871 29 63
172172 9 73
172172 63 70
172473 8 26
172473 85 90
172774 21 84
172774 30 66
172774 55 86
173075 0 51
173075 4 36
173075 17 18
173075 26 65
173075 29 53
173075 45 72
173376 8 26
173376 9 62
173376 52 84
173677 5 14
173677 37 58
173677 44 45
173978 8 39
173978 8 85
173978 9 62
173978 9 19
173978 37 58
173978 38 45
174279 2 6
174279 2 10
174279 5 39
174279 6 10
174279 7 16
174279 9 62
174279 14 82
174279 21 56
174279 45 58
174580 24 48
174580 29 30
174580 30 63
174580 47 58
174881 8 26
174881 50 74
174881 53 69
175182 4 52
175182 14 24
175182 21 69
175182 29 53
175483 15 27
175483 23 30
175483 29 71
175483 37 58
175784 29 63
175784 50 86
176085 21 84
176085 23 29
176085 51 65
176386 19 76
176386 22 64
176386 35 79
176386 77 82
176687 9 62
176687 17 68
176687 18 68
176988 2 15
176988 5 11
176988 14 19
176988 17 18
176988 19 79
176988 42 79
177289 22 64
177289 24 48
177289 77 82
177590 1 6
177590 1 33
177590 1 40
177590 1 10
177590 6 40
177590 10 40
177590 12 44
177590 18 68
177590 24 48
177590 33 40
177891 9 73
177891 28 53
177891 50 74
178192 4 48
178192 7 76
178192 8 34
178192 8 90
178192 11 24
178192 12 16
178192 27 81
178192 27 76
178192 35 75
178493 35 51
178493 35 84
178493 44 51
178493 45 51
178493 53 70
178493 56 88
178493 57 88
178794 24 48
178794 35 52
178794 39 45
178794 57 62
179095 50 74
179396 5 14
179396 6 88
179396 14 24
179396 28 30
179697 28 66
179697 42 51
179697 46 60
179697 53 70
179998 9 63
179998 9 73
179998 9 28
179998 9 69
179998 24 48
179998 28 70
179998 37 65
179998 53 70
179998 61 62
180299 2 15
180299 2 48
180299 15 48
180299 24 49
180299 35 75
180299 48 49
180600 1 6
180600 1 59
180600 1 88
180600 7 81
180600 29 53
180901 7 16
180901 29 53
181202 3 18
181202 9 62
181202 18 65
181202 29 53
181202 45 58
181503 3 5
181503 9 62
181503 9 29
181503 11 24
181503 11 48
181503 18 37
181503 24 48
181804 14 65
181804 14 45
181804 22 64
181804 29 53
181804 39 58
181804 39 85
181804 46 89
181804 58 85
181804 58 65
182105 11 26
182105 35 75
182406 8 26
182406 29 91
182406 39 58
182406 42 43
182406 42 50
182707 9 73
183008 35 52
183309 28 30
183610 1 76
183610 37 58
183911 3 58
183911 25 86
183911 37 58
183911 53 77
184212 5 22
184212 23 61
184513 24 48
184513 24 45
184513 29 63
184513 29 70
184513 39 45
184513 42 65
184513 45 72
184513 45 48
184814 1 16
184814 2 15
184814 31 71
184814 33 40
185115 14 48
185115 14 24
185115 24 48
185416 24 48
185416 31 32
185717 24 58
185717 28 84
185717 28 62
186018 6 40
186018 7 16
186319 27 60
186319 29 63
186319 37 58
186319 50 75
186620 4 86
186620 52 86
186921 2 60
186921 7 33
186921 11 56
186921 28 53
186921 44 51
186921 53 70
186921 58 65
187222 3 14
187222 4 86
187222 7 12
187222 7 76
187222 9 28
187523 0 24
187523 1 15
187523 29 63
187523 55 79
187523 56 84
187824 11 48
187824 44 58
187824 49 84
187824 50 74
187824 75 88
187824 79 88
188125 64 77
188426 23 29
188426 28 29
188426 29 53
188426 35 52
188727 5 47
188727 9 28
188727 9 63
188727 9 69
188727 9 73
188727 9 62
188727 24 48
188727 28 73
189028 4 50
189028 7 57
189028 8 26
189028 9 62
189028 13 50
189028 14 37
189028 32 80
189028 37 90
189329 29 53
189329 52 86
189630 28 69
189630 29 63
189931 29 63
189931 62 73
190232 28 84
190533 0 48
190533 9 63
190533 52 87
190834 3 53
190834 22 32
190834 22 45
190834 28 70
190834 44 51
190834 53 70
190834 53 61
191135 11 44
191135 24 63
191135 37 82
191135 86 91
191436 3 14
191436 14 37
191436 16 84
191436 17 18
191436 50 75
191737 3 5
191737 11 48
191737 11 24
191737 57 88
192038 53 66
192339 1 76
192339 22 64
192339 24 48
192339 27 76
192339 44 51
192339 52 87
192339 77 82
192640 7 16
192640 7 25
192640 16 25
192640 17 18
192640 30 66
192941 34 84
192941 35 75
192941 50 86
192941 55 74
193242 7 58
193543 5 18
193844 50 74
193844 53 69
194145 29 53
194145 36 79
194145 36 55
194145 55 79
194446 7 84
194446 35 86
194446 35 50
194446 37 80
194446 37 50
194446 38 86
194446 50 75
194446 50 80
194747 17 68
194747 28 69
194747 29 53
194747 37 82
194747 44 51
195048 22 80
195048 28 69
195048 53 70
195349 3 14
195349 9 62
195349 9 28
195349 9 44
195349 34 44
195349 44 45
195650 6 10
195650 6 12
195650 11 58
195650 11 16
195650 39 65
195650 40 57
195650 44 51
195650 44 45
195650 45 51
195650 51 58
195650 51 65
195650 53 70
195650 57 88
195650 58 65
195650 79 84
195650 84 86
195951 55 79
196252 9 62
196252 12 77
196252 12 44
196252 12 58
196252 24 48
196252 27 46
196252 27 65
196252 27 57
196252 39 65
196252 39 58
196252 46 56
196252 46 57
196252 53 70
196252 58 65
196553 35 50
196553 42 50
196854 3 18
196854 7 58
196854 12 15
196854 15 33
197155 17 18
197456 14 24
197757 3 85
197757 22 85
198058 24 32
198359 53 70
198660 5 18
198660 8 26
198961 7 27
198961 27 57
198961 57 60
199262 11 48
199262 12 49
199262 49 67
199262 58 65
199262 60 89
199563 26 32
199864 5 11
199864 8 85
199864 9 62
199864 29 53
199864 38 45
199864 40 41
200165 8 30
200165 8 90
200165 9 73
200165 15 67
200165 52 75
200165 53 73
200466 9 73
200466 16 88
200466 21 69
200466 22 64
200466 53 70
200767 24 59
200767 29 53
200767 45 90
200767 53 63
201068 7 50
201369 0 24
201369 22 38
201369 24 45
201369 25 28
201369 25 53
201369 27 57
201369 28 53
201369 53 69
201369 67 76
201670 5 18
201670 9 53
201670 12 44
201670 12 77
201670 39 65
201670 39 58
201670 44 65
201670 58 65
201971 9 62
201971 9 17
201971 24 48
201971 76 88
202272 5 18
202272 66 69
202573 29 53
202874 9 73
202874 9 69
202874 29 53
202874 49 52
202874 55 79
202874 67 76
203175 9 69
203175 9 66
203175 9 62
203175 12 57
203175 29 53
203175 50 74
203175 62 69
203175 80 85
203476 9 73
203476 9 19
203476 33 88
203476 50 75
203777 2 15
203777 2 3
203777 24 48
203777 35 75
204078 9 63
204078 9 73
204379 5 72
204379 30 66
204379 32 91
204379 34 72
204379 53 63
204680 6 12
204680 6 26
204680 7 46
204680 9 62
204680 9 26
204680 12 46
204680 14 24
204981 7 78
204981 16 25
204981 27 60
205282 21 27
205282 21 59
205282 34 45
205282 54 71
205583 7 12
205583 33 84
205583 72 85
205583 79 88
205884 28 53
205884 44 51
206185 29 53
206185 29 63
206486 0 48
206486 8 16
206486 8 90
206486 16 84
206486 29 53
206486 29 30
206787 7 76
206787 9 63
207088 24 48
207389 17 18
207389 22 58
207389 22 32
207389 32 58
207690 9 62
207690 13 88
207690 21 88
207690 29 53
207690 29 69
207690 45 83
207690 50 74
207690 55 79
207991 7 27
207991 8 17
207991 8 51
207991 8 39
207991 8 14
207991 14 51
207991 14 90
207991 19 51
207991 39 51
207991 51 90
208292 40 56
208593 15 33
208593 35 75
208593 49 50
208593 52 55
208894 21 46
208894 24 48
208894 26 31
208894 75 79
209195 1 59
209195 6 88
209195 32 38
209496 5 85
209496 5 80
209496 21 84
209496 28 69
209797 15 33
210098 7 16
210098 7 25
210098 16 25
210098 30 66
210399 11 58
210399 12 44
210399 12 72
210399 28 53
210399 35 50
210399 43 58
210399 44 58
210399 44 56
210399 53 70
210399 56 58
210399 56 65
210700 23 69
211001 9 73
211001 9 62
211001 50 74
211302 3 5
211302 29 63
211302 29 73
211302 50 88
211603 9 62
211603 14 24
211603 18 47
211603 19 58
211603 21 69
211603 58 72
211904 12 78
212205 24 48
212205 26 31
212205 35 75
212506 19 59
212506 19 76
212506 24 45
212506 25 47
212506 27 57
212506 28 69
212807 7 88
212807 7 27
212807 7 57
212807 27 88
212807 27 77
212807 27 58
212807 58 77
213108 14 58
213108 14 37
213108 22 91
213108 23 30
213108 38 80
213108 38 91
213108 85 91
213409 7 21
213409 7 78
213409 17 68
213409 21 78
213409 29 53
213409 36 50
213710 4 87
213710 9 62
213710 22 85
213710 29 53
213710 36 50
213710 84 89
214011 50 86
214011 52 84
214011 52 75
214011 59 76
214011 75 84
214312 2 15
214312 23 30
214613 24 48
214914 36 50
215215 22 85
215215 46 89
215516 9 62
215817 16 78
215817 28 73
215817 53 63
215817 61 71
215817 70 73
215817 75 79
216118 21 69
216118 24 45
216419 35 75
216419 76 84
216720 11 57
216720 22 64
216720 56 57
217021 29 53
217322 56 84
217623 9 62
217623 38 58
217623 38 45
217623 59 78
217623 76 78
217924 21 46
217924 21 26
217924 24 48
217924 26 31
217924 49 79
218225 9 51
218225 9 39
218225 9 62
218225 39 51
218526 9 30
218526 9 28
218526 9 53
218526 28 30
218526 28 73
218526 29 53
218526 44 51
218827 0 14
218827 53 70
218827 60 79
219128 24 48
219128 28 70
219128 57 76
219429 11 44
219429 44 53
219429 53 70
219730 7 12
219730 22 91
219730 24 32
219730 33 84
219730 79 88
219730 85 91
220031 9 73
220031 29 63
220332 9 69
220332 9 63
220332 24 48
220332 28 70
220332 37 65
220332 53 70
220332 61 62
220633 4 79
220633 37 58
220633 75 79
220934 18 90
220934 23 30
220934 35 75
220934 46 84
220934 50 86
220934 50 60
220934 57 88
220934 62 73
221235 16 25
221235 52 87
221536 9 62
221536 18 90
221536 23 30
221536 50 57
221536 50 86
221837 9 63
221837 28 70
221837 28 53
221837 53 70
221837 61 62
222138 9 30
222138 24 48
222138 31 91
222138 32 88
222138 66 69
222439 12 44
222439 12 58
222439 12 77
222439 24 48
222439 58 65
222740 0 45
222740 3 5
222740 9 29
222740 9 30
222740 9 70
222740 9 28
223041 8 54
223041 8 32
223041 22 37
223041 22 72
223041 22 26
223041 22 91
223041 26 37
223041 29 53
223041 37 72
223041 37 90
223342 8 26
223342 9 62
223342 21 84
223643 9 43
223643 9 73
223643 15 67
223643 23 69
223643 30 66
223643 52 75
223643 55 86
223944 12 43
224245 14 72
224245 28 53
224546 15 33
224546 44 52
224847 0 45
224847 29 91
224847 29 53
224847 53 63
225148 22 50
225148 27 58
225449 14 18
225449 25 58
225449 29 53
225449 35 75
225449 50 75
225449 56 60
225750 23 29
225750 55 74
226051 9 62
226352 7 88
226352 9 62
226352 52 75
226653 23 30
226653 29 53
226653 29 30
226653 35 52
226653 43 45
226653 44 51
226954 7 76
226954 8 26
226954 15 33
226954 23 29
226954 29 53
226954 53 63
227255 7 58
227255 7 25
227255 21 69
227255 25 58
227255 27 76
227255 28 66
227255 75 79
227255 76 78
227556 24 48
227556 46 84
227556 79 86
227857 7 25
227857 9 66
227857 9 72
227857 22 64
227857 35 52
228158 25 36
228158 53 63
228459 53 69
228459 61 69
228760 62 73
229061 17 68
229061 17 34
229061 34 68
229061 35 75
229061 35 36
229061 36 75
229061 75 86
229362 7 76
229663 28 69
229663 29 53
229964 1 40
229964 1 6
229964 6 60
229964 27 84
229964 44 65
229964 58 65
230265 21 84
230265 22 85
230566 0 24
230867 1 7
230867 9 73
230867 14 51
230867 23 53
230867 23 73
230867 23 29
230867 28 53
230867 28 73
230867 28 29
230867 29 53
231168 9 62
231168 19 73
231168 29 73
231168 29 63
231168 56 84
231469 9 62
231469 29 30
231469 50 86
231770 17 18
232071 17 68
232071 22 85
232071 26 37
232071 28 70
232071 37 72
232071 55 86
232372 14 48
232372 23 30
232372 24 48
232372 39 58
232372 45 58
232372 45 72
232372 58 72
232673 9 28
232673 9 63
232673 9 69
232673 28 69
232673 28 70
232974 11 23
233275 17 18
233275 21 56
233275 21 59
233275 24 48
233275 32 58
233576 3 22
233576 11 24
233576 42 79
233576 52 79
233576 55 79
233877 58 65
233877 76 78
233877 76 81
233877 78 81
234178 0 24
234178 35 49
234178 45 58
234178 50 86
234178 55 74
234479 28 84
234479 35 75
234479 55 75
234780 18 47
234780 18 37
234780 58 65
235081 0 48
235081 0 14
235081 9 62
235081 18 68
235382 52 79
235683 8 26
235683 31 71
235683 42 59
235683 53 63
235984 3 85
235984 50 86
236285 0 48
236285 8 90
236285 16 84
236285 29 53
236586 21 69
236586 58 85
236887 0 48
236887 7 12
236887 9 63
236887 9 28
236887 32 71
236887 37 58
237188 29 53
237188 49 52
237489 28 69
237489 29 70
237489 44 51
237790 9 62
238091 8 58
238091 14 58
238091 19 27
238091 27 50
238091 27 84
238091 27 35
238091 27 52
238091 27 75
238091 27 65
238091 27 72
238091 35 75
238091 35 38
238091 35 37
238091 35 45
238091 45 58
238091 45 72
238091 58 72
238392 36 55
238693 39 51
238994 0 24
238994 5 24
238994 12 58
238994 39 58
238994 79 88
239295 22 64
239295 28 57
239295 37 58
239596 12 60
239596 35 75
239897 17 18
240198 1 12
240198 9 73
240198 9 62
240198 51 71
240499 3 5
240499 5 18
240499 11 24
240499 18 22
240499 79 84
240800 8 26
240800 9 28
240800 9 62
240800 22 64
240800 28 73
241101 28 73
241101 62 73
241101 67 84
241101 67 76
241402 32 85
241402 50 86
241703 0 24
241703 0 48
241703 9 62
241703 15 67
241703 16 59
241703 23 30
241703 24 48
241703 28 30
241703 44 51
241703 52 75
242004 1 84
242004 1 59
242004 1 6
242004 9 73
242004 20 84
242004 28 69
242004 29 53
242004 67 84
242004 84 88
242305 24 44
242305 29 63
242606 29 53
242907 17 68
242907 29 53
242907 57 60
243208 40 88
243208 55 74
243509 25 87
243810 5 24
243810 7 16
243810 8 26
243810 14 90
243810 18 37
244111 7 88
244111 22 64
244111 24 48
244111 59 67
244111 61 66
244111 77 82
244412 11 23
244412 17 18
244412 23 69
244412 35 74
244412 62 73
244713 7 12
244713 23 29
245014 7 78
245014 29 53
245315 22 64
245315 24 48
245616 23 30
245917 5 14
246218 11 44
246519 25 87
246820 52 79
247121 29 63
247422 5 24
247422 5 65
247422 9 66
247422 9 13
247422 24 32
247422 57 60
247723 12 16
247723 27 81
247723 39 57
247723 50 86
248024 14 24
248024 22 77
248024 24 48
248325 20 35
248325 39 45
248325 42 79
248325 52 84
248325 56 84
248626 7 46
248626 17 68
248927 9 19
248927 9 62
248927 9 73
248927 19 73
248927 45 65
248927 62 73
249228 12 42
249529 24 48
249529 29 53
249529 35 75
249830 19 86
250131 8 26
250131 14 44
250131 52 79
250432 3 5
250432 29 73
250432 50 86
250733 28 53
250733 44 51
251034 6 40
251034 7 76
251335 0 24
251335 5 34
251636 7 81
251636 14 45
251636 57 60
251937 49 55
252238 21 76
252539 6 88
252539 18 37
252539 22 85
252539 23 69
252539 28 62
252840 9 62
252840 17 18
252840 29 61
252840 44 51
252840 50 86
252840 79 87
253141 23 30
253141 29 63
253141 37 77
253141 55 86
253442 1 88
253442 9 62
253442 27 88
253442 28 69
253442 29 53
253743 17 68
253743 36 50
254044 18 37
254044 53 70
254345 21 56
254345 36 50
254646 4 52
254646 7 88
254646 9 73
254646 9 62
254646 29 53
254646 52 55
254646 55 79
254947 0 24
254947 5 34
254947 23 29
254947 29 30
255248 30 53
255248 58 72
255248 58 85
255248 80 85
255549 9 73
255549 29 63
255850 17 80
255850 21 84
255850 24 48
255850 35 75
255850 46 84
256151 8 50
256151 9 62
256151 38 45
256151 50 75
256452 0 14
256753 45 65
256753 56 86
256753 56 84
256753 84 86
257054 24 45
257054 29 53
257054 37 58
257054 44 51
257054 67 76
257355 29 53
257355 37 58
257355 69 70
257656 58 72
257656 64 77
257957 9 62
257957 11 44
258258 19 79
258258 21 61
258258 24 45
258258 27 57
258258 28 69
258258 44 51
258258 53 66
258258 61 66
258258 79 87
258559 29 63
258860 15 60
259161 17 34
259161 17 68
259161 28 70
259462 29 53
259763 29 53
260064 2 10
260064 6 84
260064 10 16
260064 10 33
260064 11 84
260064 12 44
260064 24 31
260064 33 44
260064 39 51
260064 51 58
260064 51 65
260064 58 65
260064 67 84
260365 11 24
260365 53 73
260666 2 84
260666 3 68
260666 8 90
260666 9 30
260666 9 62
260666 24 48
260666 52 75
260666 62 73
260967 8 26
260967 53 63
261268 17 68
261268 50 86
261569 0 48
261569 9 69
261569 9 43
261569 15 67
261569 28 69
261569 44 51
261569 52 75
261569 62 73
261569 69 73
261870 28 29
261870 29 70
262171 9 62
262171 29 69
262171 29 53
262171 50 74
262171 53 69
262171 55 79
262472 21 28
262472 29 53
262472 67 78
262773 0 48
262773 16 84
262773 24 48
262773 29 53
263074 14 72
263074 14 34
263074 14 85
263074 24 48
263074 27 75
263074 27 35
263074 35 75
263375 1 33
263375 14 37
263375 64 77
263676 12 58
263676 58 72
263676 59 78
263977 29 53
264278 22 64
264278 45 85
264278 45 65
264278 65 85
264579 7 27
264880 62 73
264880 71 83
265181 14 22
265181 14 39
265181 21 84
265181 30 90
265181 59 78
