0 11 23
0 23 69
0 53 63
301 14 24
301 29 63
301 35 75
301 59 76
602 28 53
602 44 51
903 4 48
903 7 76
903 8 34
903 8 90
903 11 24
903 12 16
903 27 81
903 27 76
903 35 75
1204 22 64
1204 35 52
1204 44 51
1204 46 89
1505 3 45
1806 9 62
1806 28 29
2107 12 78
2408 7 84
2408 24 84
2408 27 84
2408 33 84
2408 51 58
2709 2 28
2709 5 22
2709 23 61
3010 14 47
3010 32 38
3311 17 68
3311 22 85
3311 26 37
3311 28 70
3311 37 72
3311 55 86
3612 2 15
3612 2 3
3612 24 48
3612 35 75
3913 1 59
3913 6 88
3913 32 38
4214 1 6
4214 1 59
4214 1 88
4214 7 81
4214 29 53
4515 11 23
4515 23 69
4515 45 58
4816 9 73
4816 9 62
4816 50 74
5117 31 71
5117 44 51
5117 53 63
5418 4 79
5418 37 58
5418 75 79
5719 9 62
5719 9 73
5719 17 18
5719 50 74
5719 53 69
6020 0 24
6020 17 18
6020 79 87
6020 84 87
6321 9 73
6321 29 69
6321 29 53
6321 37 58
6321 50 74
6321 53 69
6622 9 73
6622 17 18
6622 35 75
6622 39 90
6923 9 73
6923 11 23
6923 17 18
6923 22 85
7224 11 23
7525 18 47
7525 18 37
7525 58 65
7826 14 22
8127 29 53
8127 37 58
8127 62 69
8428 38 58
8428 59 78
8428 76 78
8729 7 25
8729 35 84
8729 45 70
8729 52 84
9030 5 14
9030 6 88
9030 14 24
9030 28 30
9331 5 72
9331 7 58
9331 9 23
9331 29 53
9331 49 52
9632 0 45
9632 7 78
9632 7 21
9632 14 24
9632 21 78
9632 29 53
9933 11 26
9933 35 75
10234 3 85
10234 22 85
10535 53 69
10535 61 69
10836 1 65
10836 8 39
10836 8 85
10836 9 62
10836 12 29
10836 14 45
10836 22 51
10836 29 63
10836 38 45
10836 41 86
10836 50 75
10836 53 70
10836 61 90
10836 75 79
11137 14 39
11137 14 58
11438 0 14
11438 7 16
11438 8 90
11438 8 60
11438 9 62
11438 9 69
11438 17 68
11739 6 40
11739 7 16
12040 1 88
12040 9 62
12040 27 88
12040 28 69
12040 29 53
12341 16 78
12341 28 73
12341 53 63
12341 61 71
12341 70 73
12341 75 79
12642 7 58
12642 29 53
12642 35 48
12642 49 52
12642 55 79
12943 24 44
12943 29 63
13244 11 44
13244 25 86
13244 35 75
13244 35 52
13244 52 75
13545 21 69
13545 29 63
13846 29 53
13846 30 62
13846 49 52
14147 22 64
14147 77 82
14448 29 53
14448 35 75
14448 42 50
14749 55 79
15050 9 62
15050 14 24
15050 25 79
15050 25 88
15050 38 51
15050 39 51
15050 45 58
15050 51 65
15050 51 72
15050 58 72
15050 65 72
15050 66 70
15351 9 73
15351 28 53
15351 50 74
15652 35 51
15652 35 84
15652 44 51
15652 45 51
15652 53 70
15652 56 88
15652 57 88
15953 8 50
15953 9 62
15953 38 45
15953 50 75
16254 0 45
16254 29 53
16254 37 58
16254 37 47
16555 29 53
16856 11 48
16856 12 49
16856 49 67
16856 58 65
16856 60 89
17157 22 64
17157 40 88
17157 44 51
17157 67 78
17458 17 18
17458 29 53
17759 0 14
17759 5 22
17759 5 37
17759 5 72
17759 22 26
17759 22 37
17759 22 34
17759 26 37
17759 26 72
17759 34 37
17759 37 72
17759 40 84
17759 40 78
17759 60 88
17759 81 88
18060 1 16
18060 7 88
18060 9 62
18060 35 79
18060 35 52
18060 35 36
18060 35 84
18060 36 79
18060 76 88
18361 3 24
18361 15 33
18361 23 30
18361 28 29
18361 44 51
18361 53 63
18662 15 33
18662 22 85
18662 22 32
18662 28 66
18662 53 63
18662 58 72
18963 35 75
18963 44 51
19264 4 86
19264 29 53
19565 24 48
19565 35 75
19565 46 84
19866 3 22
19866 11 24
19866 42 79
19866 52 79
19866 55 79
20167 39 72
20167 42 72
20167 42 58
20167 58 72
20468 0 24
20468 22 38
20468 24 45
20468 25 28
20468 25 53
20468 27 57
20468 28 53
20468 53 69
20468 67 76
20769 35 50
20769 42 50
21070 0 65
21070 14 65
21070 39 45
21371 50 86
21371 56 84
21672 24 48
21672 31 32
21973 7 78
21973 7 59
21973 20 52
21973 20 35
21973 28 40
21973 28 73
21973 35 52
21973 35 84
21973 35 87
21973 40 84
21973 42 79
21973 52 84
21973 56 87
21973 56 84
22274 28 66
22575 29 63
22575 62 73
22876 2 28
22876 2 39
22876 11 34
22876 28 38
22876 61 86
22876 77 86
23177 25 86
23177 29 53
23177 50 86
23478 15 33
23779 0 48
23779 8 16
23779 8 90
23779 16 84
23779 29 53
23779 29 30
24080 12 77
24080 12 84
24080 26 32
24080 57 60
24080 77 84
24381 35 52
24682 20 35
24682 39 45
24682 42 79
24682 52 84
24682 56 84
24983 3 24
24983 14 45
24983 24 29
24983 24 53
24983 24 28
24983 29 53
24983 44 51
25284 14 44
25284 14 22
25585 1 40
25585 1 6
25585 6 60
25585 27 84
25585 44 65
25585 58 65
25886 2 15
25886 7 16
25886 7 12
25886 12 16
26187 24 32
26488 9 73
26488 50 86
26789 7 78
26789 9 69
26789 9 29
26789 29 63
27090 9 73
27090 9 62
27090 14 51
27090 29 53
27090 49 55
27391 8 26
27391 26 32
27391 38 90
27391 38 85
27391 58 90
27391 58 85
27391 85 90
27692 9 62
27692 29 53
27993 9 69
27993 9 63
27993 24 48
27993 28 70
27993 37 65
27993 53 70
27993 61 62
28294 0 14
28294 7 78
28294 9 62
28294 21 84
28294 21 56
28294 29 53
28294 52 87
28595 8 26
28595 9 62
28595 52 84
28896 2 15
28896 17 18
28896 35 75
29197 45 65
29197 52 86
29498 5 11
29498 11 24
29498 14 48
29498 19 59
29498 19 76
29498 28 73
29498 29 53
29498 39 51
29498 70 73
29799 6 40
29799 9 30
29799 9 29
29799 28 29
29799 28 53
29799 29 53
30100 0 14
30100 16 59
30100 53 69
30401 23 30
30401 29 63
30401 37 77
30401 55 86
30702 9 30
30702 9 28
30702 9 53
30702 28 30
30702 28 73
30702 29 53
30702 44 51
31003 49 84
31304 5 51
31304 5 35
31304 14 39
31304 17 51
31304 27 35
31304 27 75
31304 35 75
31304 51 68
31605 5 18
31605 5 11
31605 62 73
31906 7 16
31906 7 84
31906 7 25
31906 16 84
31906 16 25
31906 25 84
31906 50 84
32207 0 14
32207 0 3
32207 3 14
32207 7 78
32508 44 51
32508 58 65
32809 7 46
32809 17 34
32809 17 18
32809 17 46
32809 32 85
32809 32 38
32809 35 75
32809 64 77
33110 9 28
33110 12 84
33110 55 87
33411 9 62
33411 11 44
33712 8 26
33712 44 51
34013 8 26
34013 42 43
34013 53 63
34314 22 64
34314 24 48
34314 77 82
34615 3 72
34615 22 38
34615 22 32
34916 2 6
34916 2 10
34916 5 39
34916 6 10
34916 7 16
34916 9 62
34916 14 82
34916 21 56
34916 45 58
35217 24 48
35217 29 30
35217 30 53
35217 30 63
35518 14 58
35518 14 37
35518 22 91
35518 23 30
35518 38 80
35518 38 91
35518 85 91
35819 45 58
35819 45 72
35819 63 70
35819 64 77
36120 9 46
36120 55 84
36421 20 40
36421 29 53
36421 50 86
36722 9 62
37023 3 5
37023 9 62
37023 9 29
37023 11 24
37023 11 48
37023 18 37
37023 24 48
37324 1 78
37324 9 19
37324 9 73
37324 19 42
37324 19 50
37324 58 72
37324 62 73
37625 14 48
37625 29 53
37625 53 70
37625 53 66
37625 59 76
37926 4 86
37926 52 86
38227 29 53
38227 36 79
38227 36 55
38227 55 79
38528 15 33
38528 25 86
38829 2 33
38829 24 87
38829 58 62
39130 12 76
39130 22 64
39130 35 79
39130 38 45
39130 56 76
39431 8 58
39431 14 58
39431 19 27
39431 27 50
39431 27 84
39431 27 35
39431 27 52
39431 27 75
39431 27 65
39431 27 72
39431 35 75
39431 35 38
39431 35 37
39431 35 45
39431 45 58
39431 45 72
39431 58 72
39732 62 73
40033 1 12
40033 9 73
40033 9 62
40033 51 71
40334 9 62
40334 15 33
40334 44 52
40334 62 73
40635 15 33
40635 46 76
40635 60 81
40936 8 26
40936 9 62
40936 21 84
41237 9 53
41237 29 53
41237 37 58
41237 50 86
41237 53 73
41237 53 66
41237 62 73
41538 1 27
41538 1 7
41538 6 27
41538 6 7
41538 27 33
41538 29 63
41538 37 58
41538 44 65
41839 52 79
42140 9 62
42140 29 69
42140 29 53
42140 50 74
42140 53 69
42140 55 79
42441 28 53
42441 42 43
42742 7 84
42742 16 84
42742 25 84
42742 64 77
43043 7 12
43043 22 91
43043 24 32
43043 33 84
43043 79 88
43043 85 91
43344 29 63
43645 29 53
43645 52 87
43946 12 58
43946 43 58
43946 44 45
43946 79 88
44247 3 83
44247 3 43
44247 44 51
44548 21 69
44548 21 61
44548 61 69
44849 11 44
44849 11 30
44849 24 48
45150 17 68
45451 4 49
45451 29 53
45451 57 88
45752 64 77
46053 1 16
46053 15 16
46053 25 49
46053 55 79
46354 1 2
46354 1 78
46354 2 10
46354 6 10
46354 7 78
46354 21 76
46354 77 82
46655 7 12
46655 22 32
46956 15 33
46956 35 75
46956 49 50
46956 52 55
47257 24 31
47257 31 48
47257 81 88
47558 3 18
47558 7 58
47558 12 15
47558 15 33
47859 9 62
47859 9 69
47859 9 66
47859 28 69
47859 29 30
47859 30 66
47859 37 58
47859 37 77
47859 64 82
47859 65 82
48160 27 60
48160 50 75
48461 21 56
48461 24 48
48762 37 58
48762 50 86
49063 8 26
49063 21 61
49063 22 64
49364 17 68
49364 17 34
49364 34 68
49364 35 75
49364 35 36
49364 36 75
49364 75 86
49665 11 84
49665 12 84
49665 16 33
49665 29 53
49665 42 43
49665 44 45
49665 49 84
49665 49 58
49665 49 64
49665 58 84
49665 64 77
49665 79 88
49966 8 26
49966 9 62
49966 9 28
49966 28 73
49966 28 62
49966 50 52
49966 50 86
50267 4 41
50267 27 57
50267 28 69
50568 23 30
50568 24 48
50869 0 24
50869 17 68
51170 56 84
51471 1 88
51471 1 59
51471 22 32
51772 22 64
51772 28 57
51772 37 58
52073 8 30
52073 8 90
52073 9 73
52073 15 67
52073 52 75
52073 53 73
52374 29 53
52374 29 63
52374 45 65
52374 45 85
52374 58 65
52675 9 62
52675 16 76
52675 17 68
52675 21 61
52675 24 37
52675 35 75
52675 42 75
52675 45 90
52675 55 79
52675 59 76
52976 18 37
52976 29 53
52976 39 51
53277 7 86
53277 25 35
53578 50 84
53879 28 62
53879 29 53
53879 45 85
53879 45 65
54180 28 84
54481 24 48
54481 29 69
54481 66 69
54782 21 76
55083 14 24
55083 76 78
55384 7 58
55384 15 33
55384 60 81
55685 14 58
55685 21 61
55986 0 14
55986 12 88
55986 31 51
55986 51 71
56287 0 65
56287 0 14
56287 22 64
56287 24 48
56287 44 51
56588 29 63
56588 50 86
56889 20 84
56889 35 52
56889 35 84
56889 55 79
56889 56 87
56889 56 84
57190 7 78
57190 20 35
57190 29 73
57190 29 61
57190 35 52
57190 56 87
57190 56 84
57190 63 70
57190 84 87
57491 6 10
57491 16 46
57491 44 51
57491 57 88
57792 9 62
57792 9 77
57792 28 73
57792 44 51
58093 3 19
58093 3 14
58093 9 14
58093 19 42
58093 29 63
58394 14 58
58394 59 76
58695 1 7
58695 17 18
58695 55 79
58695 75 79
58996 24 48
58996 29 30
58996 30 63
58996 47 58
59297 7 84
59297 35 86
59297 35 50
59297 37 80
59297 37 50
59297 38 86
59297 50 75
59297 50 80
59598 44 51
59598 88 89
59899 28 69
59899 53 70
60200 0 51
60200 4 36
60200 17 18
60200 26 65
60200 29 53
60200 45 72
60501 6 40
60501 7 58
60501 15 33
60501 38 45
60501 44 52
60802 9 73
60802 49 73
60802 50 86
60802 57 60
61103 16 84
61103 28 69
61103 32 38
61103 35 50
61103 37 82
61103 37 77
61103 45 65
61404 58 59
61404 59 76
61404 59 78
61404 60 81
61404 76 88
61705 0 14
61705 41 79
61705 53 69
61705 77 82
62006 14 47
62006 45 72
62307 1 16
62307 35 52
62307 35 84
62608 28 84
62909 7 27
62909 27 60
62909 27 57
62909 28 61
62909 29 53
62909 49 74
62909 57 60
63210 32 38
63511 9 30
63511 24 48
63511 31 91
63511 32 88
63511 66 69
63812 2 10
63812 2 40
63812 2 6
63812 6 10
63812 21 88
63812 44 51
64113 21 27
64113 21 59
64113 34 45
64113 54 71
64414 8 54
64414 8 32
64414 22 37
64414 22 72
64414 22 26
64414 22 91
64414 26 37
64414 29 53
64414 37 72
64414 37 90
64715 9 62
64715 13 88
64715 21 88
64715 29 53
64715 29 69
64715 45 83
64715 50 74
64715 55 79
65016 7 78
65016 28 69
65016 46 60
65016 49 86
65016 49 55
65016 55 86
65317 14 37
65317 35 87
65317 35 52
65618 4 86
65618 29 53
65618 37 58
65919 9 62
65919 29 53
65919 37 58
65919 50 74
66220 32 80
66220 45 83
66220 50 74
66220 55 79
66220 58 72
66521 23 69
66822 4 50
66822 14 24
66822 21 69
66822 29 53
66822 45 58
67123 7 12
67123 38 69
67424 4 79
67424 9 29
67424 27 81
67424 57 88
67725 14 58
67725 21 61
67725 21 76
68026 17 18
68026 32 38
68327 9 62
68327 17 68
68327 18 68
68628 1 78
68628 3 14
68628 21 84
68628 28 73
68628 29 70
68628 45 65
68929 29 53
69230 4 87
69230 9 62
69230 22 85
69230 29 53
69230 36 50
69230 84 89
69531 36 50
69832 3 44
69832 44 51
69832 77 82
70133 17 18
70434 29 53
70735 58 72
70735 64 77
71036 3 72
71036 52 79
71036 62 73
71036 79 86
71337 4 74
71337 24 48
71337 26 71
71337 29 53
71337 35 75
71638 23 53
71638 28 69
71638 35 52
71638 46 50
71638 50 86
71638 53 70
71939 2 15
71939 2 33
71939 9 73
71939 9 62
71939 15 72
71939 29 63
71939 40 75
71939 50 75
71939 58 86
71939 58 78
71939 58 59
71939 59 78
71939 72 86
71939 72 78
71939 72 75
71939 75 86
72240 24 28
72240 29 53
72240 55 74
72240 76 81
72541 28 84
72541 35 75
72541 55 75
72842 7 12
72842 23 29
73143 51 54
73143 63 89
73444 3 83
73444 29 53
73444 50 74
73745 9 73
73745 9 19
73745 33 88
73745 50 75
74046 24 48
74046 46 84
74046 74 79
74347 21 69
74347 58 85
74648 7 58
74648 21 84
74648 24 45
74648 28 62
74648 56 60
74949 17 68
74949 29 53
74949 57 60
75250 7 27
75250 27 57
75250 57 60
75551 3 5
75551 29 73
75551 50 86
75852 7 78
75852 8 26
75852 14 24
75852 14 64
75852 17 68
75852 29 53
76153 4 79
76153 16 84
76454 53 70
76755 19 75
76755 19 50
76755 27 60
76755 35 75
76755 35 50
76755 50 75
76755 50 52
76755 52 75
77056 19 73
77056 52 75
77357 0 14
77357 8 26
77357 9 62
77357 12 32
77357 17 51
77357 21 56
77357 25 39
77357 39 51
77357 56 60
77658 3 5
77658 5 18
77658 11 24
77658 18 22
77658 79 84
77959 5 37
77959 9 62
77959 9 73
77959 24 48
77959 24 77
77959 24 74
78260 35 75
78260 62 73
78561 5 39
78561 8 84
78561 9 31
78561 24 48
78561 29 53
78561 46 84
78862 12 44
78862 12 58
78862 12 77
78862 24 48
78862 58 65
79163 9 62
79163 50 74
79163 58 72
79464 11 24
79464 11 51
79464 17 68
79464 22 64
79464 27 51
79464 27 68
79765 7 76
79765 9 63
80066 17 18
80066 79 87
80367 5 72
80367 28 69
80367 49 55
80367 49 86
80367 55 86
80668 17 18
80668 21 56
80668 21 59
80668 24 48
80668 32 58
80969 22 64
80969 24 48
80969 37 58
81270 7 58
81270 21 69
81270 36 50
81270 76 78
81571 9 60
81571 15 33
81571 35 75
81872 2 15
81872 3 14
81872 7 50
81872 9 62
81872 9 73
82173 28 69
82173 29 70
82173 44 51
82474 5 14
82474 37 58
82474 44 45
82775 18 22
82775 22 85
82775 28 66
82775 80 85
83076 22 64
83076 27 57
83076 44 51
83076 77 82
83377 7 88
83678 14 24
83678 50 55
83979 9 62
83979 18 90
83979 23 30
83979 50 57
83979 50 86
84280 17 18
84581 5 24
84581 5 65
84581 9 66
84581 9 13
84581 24 32
84581 57 60
84882 28 70
84882 38 39
85183 14 37
85183 37 58
85183 44 51
85484 11 23
85785 35 75
85785 45 58
86086 11 23
86086 21 30
86086 23 69
86086 37 58
86086 74 86
86387 29 53
86688 3 14
86688 4 86
86688 7 12
86688 7 76
86688 9 28
86989 0 24
86989 9 62
86989 15 67
86989 52 75
86989 62 73
87290 23 29
87591 49 55
87591 50 86
87892 14 24
87892 22 77
87892 24 48
88193 2 15
88193 2 48
88193 15 48
88193 24 49
88193 35 75
88193 48 49
88494 15 33
88795 9 62
88795 35 75
89096 53 63
89397 0 45
89397 29 91
89397 29 53
89397 53 63
89698 5 34
89698 29 63
89698 53 63
89999 1 16
89999 2 15
89999 31 71
89999 33 40
90300 9 30
90300 29 53
90300 30 62
90300 37 77
90300 52 84
90601 8 39
90601 8 85
90601 9 62
90601 9 19
90601 37 58
90601 38 45
90902 9 62
90902 9 45
90902 12 57
90902 13 50
90902 14 85
90902 14 24
90902 27 75
90902 45 61
90902 45 83
90902 50 74
91203 9 73
91203 17 84
91203 24 28
91203 29 53
91504 28 69
91504 46 89
91805 0 24
91805 0 48
91805 9 62
91805 15 67
91805 16 59
91805 23 30
91805 24 48
91805 28 30
91805 44 51
91805 52 75
92106 28 70
92407 45 72
92708 9 29
92708 11 48
92708 24 48
92708 27 81
92708 57 88
92708 74 86
93009 5 72
93009 12 44
93009 58 65
93310 28 84
93310 39 51
93611 7 76
93912 2 15
93912 23 30
94213 29 70
94514 8 26
94514 14 44
94815 14 50
94815 22 64
94815 44 86
95116 8 26
95116 53 63
95417 14 58
95417 21 61
95718 8 26
95718 31 71
95718 42 59
95718 53 63
96019 35 75
96019 35 52
96320 8 26
96320 22 71
96320 38 85
96320 38 90
96320 39 65
96320 58 85
96320 72 90
96621 29 63
96621 55 79
96922 14 32
97223 0 24
97223 5 34
97223 23 29
97223 29 30
97524 29 63
97524 50 86
97825 7 27
97825 8 17
97825 8 51
97825 8 39
97825 8 14
97825 14 51
97825 14 90
97825 19 51
97825 39 51
97825 51 90
98126 21 56
98126 22 64
98126 24 48
98126 35 79
98126 77 82
98427 0 48
98427 4 50
98427 9 73
98427 9 62
98427 15 67
98427 52 75
98427 53 66
98728 37 58
99029 6 10
99029 6 12
99029 11 58
99029 11 16
99029 39 65
99029 40 57
99029 44 51
99029 44 45
99029 45 51
99029 51 58
99029 51 65
99029 53 70
99029 57 88
99029 58 65
99029 79 84
99029 84 86
99330 50 74
99631 0 24
99631 5 34
99932 8 90
99932 8 58
99932 45 58
100233 28 69
100233 29 53
100534 4 50
100534 7 57
100534 8 26
100534 9 62
100534 13 50
100534 14 37
100534 32 80
100534 37 90
100835 9 73
101136 37 77
101136 42 76
101136 49 55
101136 55 86
101437 22 77
101437 22 64
101738 5 47
101738 9 28
101738 9 63
101738 9 69
101738 9 73
101738 9 62
101738 24 48
101738 28 73
102039 29 53
102039 37 58
102039 44 51
102340 17 68
102340 50 86
102641 27 73
102641 29 53
102641 37 84
102641 49 86
102641 49 50
102942 5 21
102942 21 84
103243 9 62
103243 29 53
103544 24 48
103544 26 31
103544 35 75
103845 5 72
103845 5 37
103845 22 26
103845 22 37
103845 22 72
103845 26 37
103845 26 72
103845 29 53
103845 37 72
103845 53 63
104146 9 73
104146 14 24
104146 59 76
104447 29 53
104748 29 53
104748 37 58
104748 69 70
105049 5 37
105049 5 18
105049 14 77
105049 18 37
105049 64 77
105350 19 76
105350 22 64
105350 35 79
105350 77 82
105651 15 33
105651 25 55
105651 56 60
105952 22 64
105952 30 66
105952 44 86
105952 58 65
106253 45 72
106554 28 62
106554 28 29
106554 29 53
106855 0 24
106855 1 15
106855 29 63
106855 55 79
106855 56 84
107156 21 61
107156 22 64
107156 57 88
107457 7 58
107457 9 73
107457 24 35
107457 29 53
107457 35 48
107457 42 55
107457 49 52
107457 55 79
107758 15 33
107758 50 86
107758 60 81
107758 76 88
108059 23 69
108059 23 30
108059 29 53
108059 30 63
108059 30 53
108360 9 62
108360 28 69
108360 30 66
108360 52 75
108661 24 58
108661 32 80
108661 67 76
108962 24 48
109263 2 15
109263 3 14
109263 3 44
109263 9 73
109263 9 62
109263 11 44
109263 19 73
109263 29 63
109263 62 73
109263 62 66
109564 14 48
109564 23 30
109564 24 48
109564 39 58
109564 45 58
109564 45 72
109564 58 72
109865 50 86
110166 27 60
110166 29 63
110467 22 50
110467 27 58
110768 15 33
110768 22 85
110768 28 66
110768 44 51
110768 53 63
111069 1 59
111069 1 88
111069 1 84
111069 11 24
111069 12 88
111069 15 88
111069 23 69
111069 24 55
111069 50 86
111069 84 88
111370 5 75
111671 8 16
111671 28 69
111972 9 23
111972 9 62
112273 1 6
112273 1 33
112273 1 40
112273 1 10
112273 6 40
112273 10 40
112273 12 44
112273 18 68
112273 24 48
112273 33 40
112574 24 45
112574 55 79
112574 69 73
112875 29 53
112875 37 58
112875 50 86
112875 51 65
113176 5 72
113176 9 62
113176 49 86
113176 49 55
113176 55 86
113477 3 44
113477 22 64
113477 44 51
113477 45 58
113778 45 65
113778 50 86
113778 55 74
114079 3 80
114079 28 53
114079 49 55
114380 9 62
114681 2 88
114681 3 44
114681 7 58
114982 7 88
114982 9 62
114982 52 75
115283 12 27
115283 17 34
115584 0 48
115584 16 84
115584 24 48
115584 29 53
115885 49 55
115885 49 86
115885 50 86
115885 52 55
116186 8 26
116186 49 74
116487 5 39
116487 14 58
116487 40 88
116487 49 55
116788 11 84
116788 14 71
116788 37 58
116788 50 86
117089 6 40
117089 7 76
117390 14 22
117390 14 39
117390 21 84
117390 30 90
117390 59 78
117691 25 87
117992 17 18
118293 12 88
118293 22 85
118293 55 74
118594 9 73
118594 63 70
118895 9 62
118895 9 17
118895 24 48
118895 76 88
119196 9 69
119196 9 66
119196 9 62
119196 12 57
119196 29 53
119196 50 74
119196 62 69
119196 80 85
119497 7 78
119497 29 53
119798 22 32
120099 29 53
120099 37 58
120099 44 51
120400 28 69
120400 29 63
120701 14 24
120701 27 56
120701 27 60
120701 28 53
120701 29 53
120701 29 70
120701 45 65
120701 65 72
121002 69 70
121303 1 84
121303 1 59
121303 1 6
121303 9 73
121303 20 84
121303 28 69
121303 29 53
121303 67 84
121303 84 88
121604 11 44
121604 25 75
121905 23 53
121905 35 52
121905 44 77
121905 56 84
122206 22 85
122206 61 69
122206 63 70
122507 1 12
122507 5 45
122507 9 73
122507 9 62
122808 7 59
122808 8 90
122808 24 48
122808 79 86
123109 6 12
123109 6 26
123109 7 46
123109 9 62
123109 9 26
123109 12 46
123109 14 24
123410 12 60
123410 35 75
123711 2 10
123711 2 6
123711 5 51
123711 6 10
123711 11 14
123711 14 34
123711 27 46
123711 44 51
124012 0 24
124313 18 37
124313 23 30
124614 24 69
124614 28 69
124915 50 86
124915 52 84
124915 52 75
124915 59 76
124915 75 84
125216 17 18
125216 22 32
125216 32 38
125517 18 34
125517 21 66
125517 29 69
125517 50 74
125517 55 79
125517 57 60
125818 23 30
125818 49 74
125818 49 55
125818 55 74
125818 69 73
126119 19 62
126119 22 64
126119 77 82
126420 5 44
126420 11 44
126420 28 69
126420 29 70
126420 44 51
126721 29 70
127022 11 44
127022 44 53
127022 53 70
127323 5 14
127323 9 62
127323 29 53
127323 37 58
127624 1 78
127624 3 5
127624 29 63
127925 3 11
127925 28 76
127925 57 76
128226 11 77
128226 17 34
128226 22 48
128226 27 81
128226 27 48
128226 27 77
128226 27 64
128226 48 64
128226 64 77
128226 85 90
128527 3 22
128527 5 18
128527 11 24
128527 22 64
128527 50 86
128527 55 79
128828 3 68
128828 28 69
128828 37 77
128828 52 75
128828 62 73
129129 2 71
129129 14 58
129129 14 39
129129 14 24
129129 37 82
129129 39 58
129129 53 70
129430 1 33
129430 14 37
129430 64 77
129731 9 63
129731 9 73
130032 0 24
130032 5 24
130032 12 58
130032 39 58
130032 79 88
130333 14 85
130333 23 69
130333 23 31
130333 27 75
130333 31 69
130634 21 59
130935 22 32
130935 24 48
131236 0 24
131236 19 42
131236 19 50
131236 20 35
131236 22 32
131236 55 79
131236 84 87
131537 22 38
131838 5 72
131838 5 37
131838 5 22
131838 16 45
131838 18 72
131838 22 37
131838 22 26
131838 26 72
131838 26 37
131838 26 71
131838 28 73
131838 37 72
131838 60 81
131838 60 88
132139 8 26
132139 28 70
132440 3 72
132440 8 83
132440 14 44
132440 29 53
132440 44 51
132741 11 58
132741 12 44
132741 12 72
132741 28 53
132741 35 50
132741 43 58
132741 44 58
132741 44 56
132741 53 70
132741 56 58
132741 56 65
133042 3 85
133042 50 86
133343 21 46
133343 21 26
133343 24 48
133343 26 31
133343 49 79
133644 11 48
133644 44 58
133644 49 84
133644 50 74
133644 75 88
133644 79 88
133945 0 14
134246 3 65
134246 9 73
134246 17 51
134246 51 68
134547 11 38
134547 29 53
134547 62 73
134547 69 70
134547 84 88
134848 9 28
134848 9 63
135149 17 18
135149 29 63
135450 3 58
135450 30 53
135751 3 5
135751 29 63
135751 29 73
135751 50 88
136052 21 84
136052 24 48
136052 55 79
136353 12 59
136654 40 56
136955 7 84
136955 8 26
136955 21 84
136955 31 71
137256 3 14
137256 19 24
137256 24 48
137256 53 70
137557 22 64
137557 24 48
137557 44 51
137557 77 82
137858 7 16
137858 7 58
138159 1 84
138159 5 18
138159 6 84
138159 7 84
138159 20 84
138159 28 30
138159 29 53
138159 32 38
138159 33 84
138159 67 84
138159 81 84
138159 84 88
138460 9 62
138460 29 53
138460 57 88
138761 8 26
138761 9 28
138761 9 62
138761 22 64
138761 28 73
139062 1 84
139062 5 18
139062 15 88
139062 15 40
139062 15 84
139062 18 32
139062 22 32
139062 23 69
139062 28 30
139062 29 53
139062 59 88
139062 59 84
139062 62 75
139062 81 84
139062 84 88
139363 3 14
139363 9 62
139363 9 28
139363 9 44
139363 34 44
139363 44 45
139664 8 26
139664 44 51
139965 21 84
139965 22 85
140266 7 21
140266 7 78
140266 17 68
140266 21 78
140266 29 53
140266 36 50
140567 3 14
140567 14 37
140567 16 84
140567 17 18
140567 50 75
140868 22 85
140868 61 69
140868 76 78
141169 11 26
141169 35 75
141470 67 84
141771 19 79
141771 21 61
141771 24 45
141771 27 57
141771 28 69
141771 44 51
141771 53 66
141771 61 66
141771 79 87
142072 16 76
142072 32 38
142373 14 72
142373 14 34
142373 14 85
142373 24 48
142373 27 75
142373 27 35
142373 35 75
142674 16 59
142674 29 63
142674 50 59
142674 59 76
142975 2 60
142975 7 33
142975 11 56
142975 28 53
142975 44 51
142975 53 70
142975 58 65
143276 11 57
143276 22 64
143276 56 57
143577 18 37
143577 53 70
143878 29 53
143878 29 63
144179 7 16
144179 7 25
144179 16 25
144179 30 66
144480 17 68
144480 36 50
144781 58 65
144781 76 84
145082 14 58
145082 21 76
145082 25 79
145383 3 80
145684 11 24
145684 19 59
145684 37 72
145684 59 76
145684 70 73
145985 21 84
145985 30 66
145985 55 86
146286 15 33
146587 0 24
146587 0 14
146587 14 24
146587 14 48
146587 22 77
146587 24 48
146587 45 48
146888 1 10
146888 1 16
146888 1 33
146888 2 10
146888 2 6
146888 5 39
146888 6 10
146888 6 40
146888 6 27
146888 10 38
146888 10 40
146888 10 16
146888 12 44
146888 12 77
146888 16 33
146888 17 18
146888 24 48
146888 27 40
146888 38 45
146888 38 85
146888 39 65
146888 45 85
147189 14 24
147189 28 84
147189 39 51
147490 0 45
147490 3 5
147490 9 29
147490 9 30
147490 9 70
147490 9 28
147791 12 78
147791 58 65
147791 84 89
148092 15 33
148092 23 61
148393 9 73
148393 29 63
148694 7 58
148694 19 76
148694 21 69
148694 28 73
148694 59 76
148995 9 62
148995 77 82
149296 28 70
149296 39 72
149296 72 90
149597 7 58
149597 7 25
149597 21 69
149597 25 58
149597 27 76
149597 28 66
149597 75 79
149597 76 78
149898 0 48
149898 0 14
149898 9 62
149898 18 68
150199 2 10
150199 6 84
150199 10 16
150199 10 33
150199 11 84
150199 12 44
150199 24 31
150199 33 44
150199 39 51
150199 51 58
150199 51 65
150199 58 65
150199 67 84
150500 5 11
150500 8 85
150500 9 62
150500 29 53
150500 38 45
150500 40 41
150801 9 62
150801 22 32
150801 76 78
151102 14 72
151102 28 53
151403 9 63
151403 9 28
151403 61 62
151704 5 22
151704 23 61
152005 7 16
152005 29 53
152306 0 24
152306 4 84
152306 35 52
152306 55 79
152607 7 16
152607 7 25
152607 16 25
152607 17 18
152607 30 66
152908 7 88
152908 26 52
153209 3 5
153209 11 48
153209 11 24
153209 57 88
153510 1 76
153510 22 64
153510 24 48
153510 27 76
153510 44 51
153510 52 87
153510 77 82
153811 21 46
153811 24 48
153811 26 31
153811 75 79
154112 7 25
154112 7 16
154112 16 25
154112 30 66
154112 61 69
154413 5 14
154714 7 27
155015 37 84
155316 0 14
155316 9 62
155316 29 53
155617 28 53
155617 44 51
155918 2 28
155918 5 22
155918 22 85
156219 7 25
156219 22 64
156219 49 84
156219 50 84
156219 50 52
156219 52 84
156520 28 69
156520 29 53
156520 37 82
156520 44 51
156821 40 88
156821 55 74
157122 30 57
157122 51 90
157122 52 75
157122 56 59
157122 58 65
157122 59 78
157423 29 53
157423 50 86
157423 51 65
157724 32 85
157724 50 86
158025 29 53
158025 53 73
158326 4 86
158326 9 62
158326 24 48
158627 3 5
158627 29 63
158928 53 66
159229 12 44
159530 39 58
159530 65 84
159530 79 84
159530 79 88
159831 8 85
159831 8 37
159831 9 62
159831 50 75
159831 59 76
160132 20 84
160132 29 63
160132 37 58
160132 59 76
160433 39 51
160734 5 18
160734 7 16
160734 9 29
160734 22 32
160734 52 55
160734 55 74
161035 9 73
161035 9 69
161035 29 53
161035 49 52
161035 55 79
161035 67 76
161336 29 53
161637 7 78
161637 16 25
161637 27 60
161938 8 26
161938 9 62
161938 9 73
161938 69 73
162239 52 79
162540 35 79
162540 77 82
162841 16 25
162841 52 87
163142 9 73
163142 16 88
163142 21 69
163142 22 64
163142 53 70
163443 42 86
163443 55 86
163744 5 37
163744 5 13
163744 5 74
163744 9 62
163744 74 81
164045 7 84
164045 44 65
164346 9 28
164346 15 60
164346 16 76
164346 21 60
164346 28 62
164346 35 50
164346 38 90
164346 50 75
164346 85 90
164647 28 66
164647 42 51
164647 46 60
164647 53 70
164948 37 58
164948 44 51
165249 7 25
165249 24 48
165249 28 69
165550 28 69
165550 37 82
165851 24 48
165851 28 70
165851 57 76
166152 14 72
166152 30 73
166152 30 69
166152 53 69
166453 9 63
166453 9 28
166754 36 55
167055 9 62
167055 12 77
167055 12 44
167055 12 58
167055 24 48
167055 27 46
167055 27 65
167055 27 57
167055 39 65
167055 39 58
167055 46 56
167055 46 57
167055 53 70
167055 58 65
167356 5 18
167356 66 69
167657 34 84
167657 35 75
167657 50 86
167657 55 74
167958 28 69
168259 9 73
168259 9 62
168560 12 42
168861 4 52
168861 7 88
168861 9 73
168861 9 62
168861 29 53
168861 52 55
168861 55 79
169162 35 75
169162 35 52
169162 52 75
169463 6 58
169463 6 7
169463 7 58
169463 29 53
169764 7 58
170065 8 26
170065 53 63
170366 7 88
170366 7 27
170366 7 57
170366 27 88
170366 27 77
170366 27 58
170366 58 77
170667 23 30
170968 1 7
170968 9 73
170968 14 51
170968 23 53
170968 23 73
170968 23 29
170968 28 53
170968 28 73
170968 28 29
170968 29 53
171269 7 12
171269 29 53
171269 45 83
171269 50 74
171570 7 25
171570 21 79
171570 24 48
171570 24 45
171570 28 69
171871 24 45
171871 29 53
171871 37 58
171871 44 51
171871 67 76
172172 2 15
172172 9 73
172172 20 40
172172 44 70
172473 9 62
172473 9 19
172473 14 37
172473 19 44
172473 21 61
172473 22 64
172473 29 53
172473 44 45
172473 44 58
172473 44 60
172473 59 76
172774 8 26
172774 26 80
172774 31 58
172774 39 85
172774 80 91
173075 28 29
173075 29 70
173376 9 62
173376 22 85
173376 29 53
173376 32 38
173677 14 24
173978 9 30
173978 19 62
173978 21 56
173978 22 64
173978 77 82
174279 22 80
174279 28 69
174279 53 70
174580 7 88
174580 22 64
174580 24 48
174580 59 67
174580 61 66
174580 77 82
174881 49 55
175182 8 26
175182 22 91
175182 24 48
175182 42 43
175182 48 49
175182 53 70
175182 79 88
175483 17 34
175483 17 68
175483 28 70
175784 5 24
175784 7 16
175784 8 26
175784 14 90
175784 18 37
176085 28 30
176386 3 14
176386 7 88
176386 9 63
176386 9 28
176687 24 48
176988 2 12
176988 12 72
176988 58 72
176988 59 78
176988 65 72
177289 17 68
177289 28 69
177289 29 53
177289 37 82
177289 44 51
177590 9 63
177590 28 70
177590 35 75
177891 9 62
177891 19 73
177891 29 73
177891 29 63
177891 56 84
178192 62 73
178192 71 83
178493 9 62
178493 20 31
178493 24 31
178493 24 48
178493 31 48
178493 71 83
178794 1 7
178794 1 40
178794 7 40
178794 33 59
179095 24 48
179095 46 84
179095 79 86
179396 63 70
179697 0 48
179697 7 12
179697 9 63
179697 9 28
179697 32 71
179697 37 58
179998 7 81
179998 14 45
179998 57 60
180299 28 84
180299 28 43
180299 39 51
180600 0 48
180600 8 90
180600 9 80
180600 9 30
180600 15 67
180600 24 48
180600 30 53
180600 53 73
180600 53 62
180901 9 66
180901 14 24
180901 24 58
180901 28 84
181202 29 53
181503 9 62
181804 24 28
181804 29 53
181804 55 74
181804 76 81
182105 3 37
182105 8 26
182105 22 37
182105 23 30
182105 25 49
182105 29 63
182105 37 90
182105 53 61
182406 7 25
182406 16 25
182406 30 66
182707 4 55
183008 0 48
183008 8 90
183008 16 84
183008 29 53
183309 19 78
183309 21 63
183309 29 53
183610 29 63
183911 11 44
183911 24 63
183911 37 82
183911 86 91
184212 5 85
184212 5 80
184212 21 84
184212 28 69
184513 52 79
184814 22 85
184814 46 89
185115 9 63
185115 28 70
185115 28 53
185115 53 70
185115 61 62
185416 14 58
185416 22 38
185717 12 43
186018 29 63
186319 0 24
186319 4 86
186319 9 69
186319 21 84
186319 24 48
186319 61 62
186620 9 23
186620 9 73
186620 14 24
186620 24 48
186921 44 51
186921 55 79
187222 23 30
187222 45 72
187222 45 65
187222 49 74
187222 49 55
187222 50 86
187222 52 84
187222 65 72
187222 69 73
187523 22 72
187523 28 69
187824 0 14
188125 9 66
188125 9 62
188125 30 66
188125 50 74
188125 58 72
188426 23 49
188426 25 49
188426 28 69
188426 37 77
188426 52 75
188426 53 61
188727 26 32
189028 9 62
189028 14 24
189028 18 47
189028 19 58
189028 21 69
189028 58 72
189329 5 37
189329 5 34
189329 7 27
189329 7 88
189329 23 30
189329 27 88
189329 30 34
189329 34 37
189630 7 46
189630 17 68
189931 22 85
190232 9 63
190533 21 69
190533 24 45
190834 8 26
190834 29 91
190834 39 58
190834 42 43
190834 42 50
191135 35 75
191135 55 86
191436 2 39
191436 5 48
191436 12 48
191436 12 14
191436 12 20
191436 14 20
191436 14 58
191436 14 78
191436 20 58
191436 20 78
191436 24 87
191436 29 39
191436 31 58
191436 58 78
191737 1 33
191737 1 2
191737 1 6
191737 2 6
191737 2 10
191737 6 33
191737 10 84
191737 16 53
191737 16 70
191737 33 44
191737 39 51
191737 51 58
191737 51 65
191737 53 70
191737 56 84
191737 58 65
191737 67 84
192038 24 58
192038 28 84
192038 28 62
192339 9 63
192640 5 84
192640 22 77
192640 24 48
192941 29 63
192941 56 84
193242 3 53
193242 22 32
193242 22 45
193242 28 70
193242 44 51
193242 53 70
193242 53 61
193543 14 65
193543 14 45
193543 22 64
193543 29 53
193543 39 58
193543 39 85
193543 46 89
193543 58 85
193543 58 65
193844 16 84
194145 14 48
194145 14 24
194145 24 48
194446 9 62
194446 38 58
194446 38 45
194446 59 78
194446 76 78
194747 5 18
194747 9 53
194747 12 44
194747 12 77
194747 39 65
194747 39 58
194747 44 65
194747 58 65
195048 9 66
195048 34 84
195048 35 75
195048 67 84
195349 9 62
195349 38 58
195349 38 45
195349 45 58
195650 7 50
195951 7 56
195951 9 73
196252 14 18
196252 25 58
196252 29 53
196252 35 75
196252 50 75
196252 56 60
196553 0 14
196553 29 53
196553 37 58
196854 15 27
196854 23 30
196854 29 71
196854 37 58
197155 17 68
197155 17 34
197155 28 45
197155 44 45
197456 11 44
197757 7 88
197757 17 51
197757 29 53
197757 29 63
197757 39 51
197757 53 63
197757 53 69
197757 66 69
198058 29 53
198359 8 79
198359 21 69
198359 29 63
198660 18 37
198660 29 53
198660 35 55
198660 39 72
198660 80 85
198961 11 44
199262 0 24
199262 35 49
199262 45 58
199262 50 86
199262 55 74
199563 29 63
199563 50 84
199563 58 65
199563 59 76
199563 76 81
199864 17 18
199864 45 65
199864 49 52
199864 52 86
200165 9 62
200165 17 18
200165 29 61
200165 44 51
200165 50 86
200165 79 87
200466 44 51
200466 57 62
200767 0 14
200767 14 37
200767 17 18
200767 28 30
200767 37 82
201068 7 16
201068 29 53
201369 35 75
201369 76 84
201670 29 63
201971 29 53
202272 5 18
202573 1 88
202573 5 51
202573 5 18
202573 7 88
202573 29 53
202573 39 51
202573 49 67
202573 55 86
202874 12 58
202874 58 72
202874 59 78
203175 35 75
203175 39 58
203175 79 88
203476 6 40
203476 9 73
203476 9 61
203476 50 86
203777 18 90
203777 23 30
203777 35 75
203777 46 84
203777 50 86
203777 50 60
203777 57 88
203777 62 73
204078 15 33
204078 44 52
204379 28 69
204680 9 73
204981 7 46
204981 17 18
204981 42 43
204981 45 58
205282 34 84
205282 50 74
205282 58 72
205282 80 85
205583 53 62
205583 76 78
205884 9 62
205884 29 30
205884 50 86
206185 30 53
206185 58 72
206185 58 85
206185 80 85
206486 0 14
206486 53 70
206486 60 79
206787 9 62
206787 15 33
206787 60 81
206787 76 88
207088 67 84
207389 23 29
207389 29 63
207389 31 71
207389 52 79
207690 14 24
207690 21 69
207690 29 53
207690 85 91
207991 29 63
208292 2 88
208292 40 88
208292 40 84
208292 84 88
208593 5 39
208593 24 48
208593 35 86
208593 35 52
208894 19 86
209195 37 58
209195 53 61
209195 53 70
209496 1 59
209496 22 38
209496 29 53
209496 29 30
209496 29 66
209496 30 53
209496 75 79
209797 29 53
209797 50 74
209797 52 86
210098 20 35
210098 39 45
210098 42 79
210399 15 33
210700 3 58
210700 25 86
210700 37 58
210700 53 77
211001 5 85
211001 76 78
211302 17 68
211302 18 34
211302 35 75
211302 36 75
211603 2 15
211603 5 11
211603 14 19
211603 17 18
211603 19 79
211603 42 79
211904 0 48
211904 9 69
211904 9 43
211904 15 67
211904 28 69
211904 44 51
211904 52 75
211904 62 73
211904 69 73
212205 8 26
212205 85 90
212506 4 50
212506 9 62
212506 9 73
212506 15 67
212506 28 69
212506 44 51
212506 52 75
212807 9 73
212807 35 50
212807 50 86
212807 50 84
213108 6 88
213108 18 37
213108 22 85
213108 23 69
213108 28 62
213409 22 64
213409 45 85
213409 45 65
213409 65 85
213710 9 28
213710 9 63
213710 28 69
213710 37 77
214011 39 58
214011 49 58
214011 49 79
214011 49 88
214011 79 88
214011 79 84
214312 42 51
214312 46 60
214613 19 28
214613 35 75
214613 45 65
214914 7 88
214914 8 26
214914 53 63
215215 9 62
215215 9 19
215215 12 58
215215 22 64
215215 24 48
215215 29 53
215215 53 63
215516 21 84
215817 22 64
215817 24 48
216118 8 26
216118 50 74
216419 45 65
216419 56 86
216419 56 84
216419 84 86
216720 9 62
216720 12 16
216720 35 75
216720 57 60
216720 57 88
216720 58 90
217021 12 58
217021 12 56
217021 17 34
217021 50 75
217021 56 58
217322 2 84
217322 3 68
217322 8 90
217322 9 30
217322 9 62
217322 24 48
217322 52 75
217322 62 73
217623 24 48
217623 42 84
217623 52 84
217623 53 63
217924 3 37
217924 5 34
218225 5 18
218225 7 33
218225 29 90
218225 44 51
218225 45 64
218225 81 88
218526 24 48
218526 35 52
218526 39 45
218526 57 62
218827 9 73
218827 29 63
219128 29 70
219128 44 72
219128 53 70
219429 19 59
219429 19 76
219429 24 45
219429 25 47
219429 27 57
219429 28 69
219730 12 64
219730 12 45
219730 12 58
219730 17 18
219730 18 68
219730 34 58
219730 45 58
219730 64 77
220031 53 70
220332 7 25
220332 9 66
220332 9 72
220332 22 64
220332 35 52
220633 1 33
220633 1 7
220633 5 72
220633 11 72
220633 14 37
220633 24 45
220633 37 58
220633 58 65
220934 29 53
220934 46 89
221235 29 63
221536 14 37
221536 29 53
221837 22 64
221837 61 69
222138 7 12
222138 29 53
222439 24 59
222439 29 53
222439 45 90
222439 53 63
222740 11 48
222740 57 76
222740 58 65
223041 4 50
223041 9 62
223041 23 30
223041 30 44
223041 35 52
223041 46 49
223041 49 86
223041 53 70
223342 5 18
223342 8 26
223643 1 16
223643 8 26
223944 9 28
223944 9 69
223944 9 63
223944 17 68
223944 28 73
223944 28 70
223944 28 30
223944 28 69
223944 30 62
223944 35 75
223944 53 62
223944 53 70
223944 61 62
224245 0 24
224546 3 68
224546 29 63
224847 1 76
224847 35 79
224847 77 82
225148 11 24
225148 23 30
225148 49 55
225449 8 82
225449 9 19
225449 9 62
225449 22 39
225449 22 64
225449 38 44
225750 17 68
225750 42 50
226051 14 58
226051 21 40
226051 47 58
226352 5 11
226352 5 72
226653 0 24
226653 42 44
226653 55 79
226653 56 84
226653 56 87
226653 75 79
226954 11 24
226954 53 73
227255 9 62
227255 29 53
227255 57 88
227556 3 8
227556 14 85
227556 19 79
227556 24 48
227556 45 65
227857 29 53
227857 35 49
227857 52 86
227857 57 60
227857 74 86
228158 27 60
228158 29 63
228158 37 58
228158 50 75
228459 29 53
228459 49 86
228459 59 76
228760 23 29
228760 55 74
229061 17 18
229061 18 68
229061 24 48
229061 32 58
229362 8 26
229362 14 44
229362 52 79
229663 29 53
229663 49 52
229964 14 58
229964 53 66
230265 9 19
230265 9 62
230265 9 73
230265 19 73
230265 45 65
230265 62 73
230566 9 51
230566 9 39
230566 9 62
230566 39 51
230867 9 73
230867 9 30
230867 9 29
230867 29 63
230867 29 62
230867 61 63
230867 63 66
231168 4 86
231168 9 63
231168 52 87
231469 17 80
231469 21 84
231469 24 48
231469 35 75
231469 46 84
231770 9 62
232071 1 7
232071 1 27
232071 6 40
232071 7 27
232071 9 62
232071 29 53
232071 55 74
232372 12 44
232372 17 56
232673 29 53
232673 35 49
232673 37 84
232673 58 84
232974 5 37
232974 24 31
232974 31 48
233275 7 12
233275 33 84
233275 72 85
233275 79 88
233576 5 37
233576 35 75
233576 35 49
233576 46 57
233877 29 53
234178 21 28
234178 29 53
234178 67 78
234479 37 58
234479 44 52
234780 22 64
234780 42 52
235081 52 79
235382 25 36
235382 53 63
235683 25 87
235984 24 48
236285 24 31
236285 24 48
236285 31 48
236285 71 83
236586 14 24
236887 35 55
236887 50 74
237188 34 86
237489 9 63
237489 9 73
237489 9 28
237489 9 69
237489 24 48
237489 28 70
237489 37 65
237489 53 70
237489 61 62
237790 5 18
237790 16 88
237790 28 73
237790 29 53
237790 39 51
237790 49 86
237790 49 55
238091 3 18
238091 9 62
238091 18 65
238091 29 53
238091 45 58
238392 9 29
238693 50 74
238693 53 69
238994 53 70
239295 9 66
239295 14 48
239295 24 32
239295 59 76
239596 24 48
239596 26 31
239596 35 75
239596 37 91
239897 29 53
239897 52 86
240198 24 48
240198 24 45
240198 29 63
240198 29 70
240198 39 45
240198 42 65
240198 45 72
240198 45 48
240499 29 53
240499 44 51
240800 0 14
240800 7 16
240800 8 60
240800 8 90
240800 9 62
240800 53 66
241101 25 84
241101 64 77
241101 75 79
241402 8 26
241402 50 74
241402 53 69
241703 1 88
241703 9 62
241703 9 73
241703 16 88
241703 28 73
241703 29 73
241703 35 52
241703 37 77
241703 53 73
241703 62 73
242004 52 79
242305 17 18
242305 22 58
242305 22 32
242305 32 58
242606 14 24
242606 14 58
242606 24 58
242907 0 48
242907 9 73
242907 9 62
242907 15 67
242907 52 75
243208 11 84
243208 18 47
243208 18 37
243208 58 65
243509 7 58
243509 24 35
243509 24 48
243509 29 53
243509 49 52
243509 55 79
243810 2 10
243810 3 14
243810 6 10
243810 11 14
243810 44 51
244111 0 24
244111 32 91
244111 57 60
244412 15 60
244713 17 18
244713 45 65
245014 8 26
245014 9 62
245014 29 53
245014 36 55
245014 36 79
245014 55 79
245315 65 91
245616 5 54
245616 7 59
245616 9 62
245616 62 69
245917 21 56
245917 36 50
246218 23 29
246218 28 29
246218 29 53
246218 35 52
246519 5 80
246519 5 18
246519 18 80
246820 12 16
246820 27 81
246820 39 57
246820 50 86
247121 5 85
247121 5 72
247121 55 86
247121 72 80
247121 80 85
247422 1 16
247422 1 59
247422 16 59
247422 49 55
247422 55 79
247723 11 44
247723 24 48
248024 1 76
248024 37 58
248325 24 58
248626 28 70
248927 6 40
248927 24 45
248927 49 86
248927 57 60
249228 9 62
249529 6 7
249529 8 14
249529 9 62
249529 14 37
249529 35 75
249830 58 65
249830 76 78
249830 76 81
249830 78 81
250131 29 53
250432 5 14
250432 29 70
250432 44 51
250733 29 70
250733 29 69
250733 29 53
250733 53 63
250733 59 78
250733 85 91
251034 12 88
251034 17 18
251034 55 74
251335 21 76
251335 21 69
251335 22 85
251636 17 18
251636 28 30
251636 64 77
251937 21 42
251937 22 38
251937 24 45
251937 25 28
251937 27 57
251937 53 70
252238 3 22
252238 28 66
252238 28 69
252539 17 18
252539 22 32
252539 35 75
252539 39 90
252539 79 87
252840 4 52
252840 8 26
252840 28 29
252840 29 70
252840 37 77
252840 38 39
253141 5 18
253141 12 44
253141 12 77
253141 12 64
253141 24 48
253141 39 65
253141 64 77
253442 11 23
253442 17 18
253442 23 69
253442 35 74
253442 62 73
253743 23 30
253743 29 53
253743 29 30
253743 35 52
253743 43 45
253743 44 51
254044 24 45
254044 29 53
254044 44 51
254345 29 53
254646 0 48
254646 9 63
254646 52 87
254947 21 61
254947 24 45
254947 30 66
254947 69 73
255248 4 52
255248 14 24
255248 21 69
255248 29 53
255549 17 18
255549 22 32
255549 79 87
255549 84 87
255850 21 84
255850 23 29
255850 51 65
256151 9 43
256151 9 73
256151 15 67
256151 23 69
256151 30 66
256151 52 75
256151 55 86
256452 31 71
256753 34 84
256753 35 75
256753 35 50
256753 37 84
256753 49 86
256753 50 74
256753 58 84
256753 75 86
257054 0 14
257054 18 45
257054 35 52
257355 11 69
257355 11 23
257355 23 69
257355 53 63
257656 28 73
257656 62 73
257656 67 84
257656 67 76
257957 5 72
257957 30 66
257957 32 91
257957 34 72
257957 53 63
258258 14 71
258258 44 51
258258 50 86
258559 21 69
258559 29 53
258559 75 79
258860 8 37
258860 37 82
258860 37 58
258860 58 82
259161 8 26
259161 23 30
259161 23 53
259161 29 53
259161 30 53
259161 39 58
259462 12 59
259462 50 86
259462 75 84
259763 3 51
259763 3 23
259763 23 49
259763 28 69
259763 42 51
259763 52 75
259763 80 90
260064 16 61
260064 23 53
260064 28 69
260064 30 53
260365 9 73
260365 28 84
260365 28 76
260365 76 84
260666 11 86
260666 12 86
260666 76 78
260967 15 33
261268 5 72
261268 50 74
261268 53 69
261268 55 79
261569 45 65
261870 7 25
261870 16 25
261870 50 86
262171 29 53
262472 28 70
262773 9 62
262773 23 30
262773 39 51
262773 42 76
262773 49 55
263074 0 14
263074 3 14
263074 8 90
263074 9 69
263074 16 84
263074 17 18
263074 30 53
263074 65 82
263375 0 14
263375 7 16
263375 8 60
263375 15 67
263375 28 29
263676 9 28
263676 9 63
263676 9 69
263676 28 69
263676 28 70
263977 9 66
263977 9 62
263977 9 73
263977 11 84
263977 62 73
264278 7 76
264278 8 26
264278 15 33
264278 23 29
264278 29 53
264278 53 63
264579 9 62
264579 9 73
264579 50 86
264880 24 48
264880 29 53
264880 35 75
265181 24 48
265181 52 75
265181 69 70
