0 17 18
0 32 38
301 8 26
301 23 30
301 23 53
301 29 53
301 30 53
301 39 58
602 12 59
903 0 48
903 8 90
903 9 80
903 9 30
903 15 67
903 24 48
903 30 53
903 53 73
903 53 62
1204 9 63
1204 28 70
1204 35 75
1505 29 63
1505 50 86
1806 5 37
1806 24 31
1806 31 48
2107 6 40
2107 7 58
2107 15 33
2107 38 45
2107 44 52
2408 0 14
2408 9 62
2408 29 53
2709 28 53
2709 42 43
3010 7 16
3010 7 25
3010 16 25
3010 30 66
3311 14 24
3311 27 56
3311 27 60
3311 28 53
3311 29 53
3311 29 70
3311 45 65
3311 65 72
3612 21 84
3612 23 29
3612 51 65
3913 22 32
4214 22 32
4214 24 48
4515 29 53
4816 3 85
4816 22 85
5117 6 12
5117 6 26
5117 7 46
5117 9 62
5117 9 26
5117 12 46
5117 14 24
5418 3 83
5418 29 53
5418 50 74
5719 29 53
6020 42 86
6020 55 86
6321 0 48
6321 9 63
6321 52 87
6622 4 87
6622 9 62
6622 22 85
6622 29 53
6622 36 50
6622 84 89
6923 45 65
6923 50 86
6923 55 74
7224 8 85
7224 8 37
7224 9 62
7224 50 75
7224 59 76
7525 9 43
7525 9 73
7525 15 67
7525 23 69
7525 30 66
7525 52 75
7525 55 86
7826 8 26
7826 9 28
7826 9 62
7826 22 64
7826 28 73
8127 52 79
8428 9 66
8428 14 48
8428 24 32
8428 59 76
8729 0 14
9030 0 14
9030 53 70
9030 60 79
9331 24 48
9331 24 45
9331 29 63
9331 29 70
9331 39 45
9331 42 65
9331 45 72
9331 45 48
9632 9 62
9632 22 32
9632 76 78
9933 2 15
9933 17 18
9933 35 75
10234 15 33
10234 44 52
10535 1 59
10535 22 38
10535 29 53
10535 29 30
10535 29 66
10535 30 53
10535 75 79
10836 8 26
10836 9 62
10836 29 53
10836 36 55
10836 36 79
10836 55 79
11137 3 83
11137 3 43
11137 44 51
11438 5 72
11438 28 69
11438 49 55
11438 49 86
11438 55 86
11739 7 12
11739 38 69
12040 0 45
12040 7 78
12040 7 21
12040 14 24
12040 21 78
12040 29 53
12341 21 76
12341 21 69
12341 22 85
12642 29 63
12943 17 68
12943 29 53
12943 57 60
13244 5 72
13244 50 74
13244 53 69
13244 55 79
13545 14 39
13545 14 58
13846 29 53
14147 9 73
14147 9 62
14147 50 74
14448 9 62
14448 9 77
14448 28 73
14448 44 51
14749 5 18
14749 16 88
14749 28 73
14749 29 53
14749 39 51
14749 49 86
14749 49 55
15050 1 33
15050 1 2
15050 1 6
15050 2 6
15050 2 10
15050 6 33
15050 10 84
15050 16 53
15050 16 70
15050 33 44
15050 39 51
15050 51 58
15050 51 65
15050 53 70
15050 56 84
15050 58 65
15050 67 84
15351 7 84
15351 44 65
15652 9 29
15953 7 56
15953 9 73
16254 11 24
16254 23 30
16254 49 55
16555 4 79
16555 37 58
16555 75 79
16856 9 28
16856 9 63
16856 9 69
16856 28 69
16856 28 70
17157 9 62
17157 13 88
17157 21 88
17157 29 53
17157 29 69
17157 45 83
17157 50 74
17157 55 79
17458 0 48
17458 7 12
17458 9 63
17458 9 28
17458 32 71
17458 37 58
17759 21 61
17759 24 45
17759 30 66
17759 69 73
18060 23 30
18361 17 18
18361 79 87
18662 7 78
18662 8 26
18662 14 24
18662 14 64
18662 17 68
18662 29 53
18963 25 84
18963 64 77
18963 75 79
19264 9 62
19264 16 76
19264 17 68
19264 21 61
19264 24 37
19264 35 75
19264 42 75
19264 45 90
19264 55 79
19264 59 76
19565 0 48
19565 9 69
19565 9 43
19565 15 67
19565 28 69
19565 44 51
19565 52 75
19565 62 73
19565 69 73
19866 9 62
19866 9 19
19866 14 37
19866 19 44
19866 21 61
19866 22 64
19866 29 53
19866 44 45
19866 44 58
19866 44 60
19866 59 76
20167 5 80
20167 5 18
20167 18 80
20468 4 52
20468 14 24
20468 21 69
20468 29 53
20769 17 18
21070 5 18
21070 66 69
21371 14 37
21371 29 53
21672 0 24
21672 5 34
21672 23 29
21672 29 30
21973 18 34
21973 21 66
21973 29 69
21973 50 74
21973 55 79
21973 57 60
22274 9 30
22274 24 48
22274 31 91
22274 32 88
22274 66 69
22575 9 73
22575 9 30
22575 9 29
22575 29 63
22575 29 62
22575 61 63
22575 63 66
22876 9 73
22876 9 62
22876 14 51
22876 29 53
22876 49 55
23177 29 53
23478 22 64
23478 30 66
23478 44 86
23478 58 65
23779 3 14
23779 7 88
23779 9 63
23779 9 28
24080 12 16
24080 27 81
24080 39 57
24080 50 86
24381 14 58
24381 21 61
24682 7 78
24682 29 53
24983 21 46
24983 21 26
24983 24 48
24983 26 31
24983 49 79
25284 27 60
25284 29 63
25585 37 84
25886 9 63
26187 3 72
26187 52 79
26187 62 73
26187 79 86
26488 58 72
26488 64 77
26789 21 84
26789 30 66
26789 55 86
27090 7 58
27090 7 25
27090 21 69
27090 25 58
27090 27 76
27090 28 66
27090 75 79
27090 76 78
27391 11 77
27391 17 34
27391 22 48
27391 27 81
27391 27 48
27391 27 77
27391 27 64
27391 48 64
27391 64 77
27391 85 90
27692 14 48
27692 29 53
27692 53 70
27692 53 66
27692 59 76
27993 14 24
27993 29 63
27993 35 75
27993 59 76
28294 24 48
28294 29 69
28294 66 69
28595 5 14
28595 6 88
28595 14 24
28595 28 30
28896 2 84
28896 3 68
28896 8 90
28896 9 30
28896 9 62
28896 24 48
28896 52 75
28896 62 73
29197 9 23
29197 9 73
29197 14 24
29197 24 48
29498 3 85
29498 50 86
29799 9 73
29799 9 69
29799 29 53
29799 49 52
29799 55 79
29799 67 76
30100 1 78
30100 3 14
30100 21 84
30100 28 73
30100 29 70
30100 45 65
30401 49 55
30702 15 33
30702 25 86
31003 14 32
31304 5 21
31304 21 84
31605 12 59
31605 50 86
31605 75 84
31906 1 76
31906 35 79
31906 77 82
32207 0 24
32207 17 68
32508 8 26
32508 42 43
32508 53 63
32809 0 14
32809 5 22
32809 5 37
32809 5 72
32809 22 26
32809 22 37
32809 22 34
32809 26 37
32809 26 72
32809 34 37
32809 37 72
32809 40 84
32809 40 78
32809 60 88
32809 81 88
33110 1 16
33110 8 26
33411 29 53
33712 14 44
33712 14 22
34013 17 68
34013 17 34
34013 34 68
34013 35 75
34013 35 36
34013 36 75
34013 75 86
34314 15 33
34314 25 55
34314 56 60
34615 5 24
34615 7 16
34615 8 26
34615 14 90
34615 18 37
34916 9 62
34916 29 30
34916 50 86
35217 35 51
35217 35 84
35217 44 51
35217 45 51
35217 53 70
35217 56 88
35217 57 88
35518 28 70
35518 39 72
35518 72 90
35819 15 33
36120 9 62
36120 15 33
36120 60 81
36120 76 88
36421 2 28
36421 5 22
36421 23 61
36722 4 86
36722 9 63
36722 52 87
37023 0 65
37023 14 65
37023 39 45
37324 0 48
37324 8 16
37324 8 90
37324 16 84
37324 29 53
37324 29 30
37625 62 73
37625 71 83
37926 9 28
37926 9 63
38227 9 73
38227 63 70
38528 24 48
38528 31 32
38829 62 73
39130 0 48
39130 0 14
39130 9 62
39130 18 68
39431 9 62
39431 9 45
39431 12 57
39431 13 50
39431 14 85
39431 14 24
39431 27 75
39431 45 61
39431 45 83
39431 50 74
39732 5 18
40033 24 48
40334 36 55
40635 9 73
40635 50 86
40936 18 22
40936 22 85
40936 28 66
40936 80 85
41237 24 48
41237 46 84
41237 74 79
41538 1 88
41538 5 51
41538 5 18
41538 7 88
41538 29 53
41538 39 51
41538 49 67
41538 55 86
41839 9 62
42140 16 59
42140 29 63
42140 50 59
42140 59 76
42441 9 73
42441 16 88
42441 21 69
42441 22 64
42441 53 70
42742 1 7
42742 9 73
42742 14 51
42742 23 53
42742 23 73
42742 23 29
42742 28 53
42742 28 73
42742 28 29
42742 29 53
43043 7 78
43043 28 69
43043 46 60
43043 49 86
43043 49 55
43043 55 86
43344 0 14
43645 21 42
43645 22 38
43645 24 45
43645 25 28
43645 27 57
43645 53 70
43946 12 43
44247 15 33
44548 22 50
44548 27 58
44849 12 60
44849 35 75
45150 5 14
45150 29 70
45150 44 51
45451 37 58
45752 0 45
45752 29 53
45752 37 58
45752 37 47
46053 25 36
46053 53 63
46354 7 25
46354 7 16
46354 16 25
46354 30 66
46354 61 69
46655 12 42
46956 8 26
46956 22 71
46956 38 85
46956 38 90
46956 39 65
46956 58 85
46956 72 90
47257 0 24
47257 0 14
47257 14 24
47257 14 48
47257 22 77
47257 24 48
47257 45 48
47558 9 73
47558 35 50
47558 50 86
47558 50 84
47859 8 26
47859 28 70
48160 11 23
48160 21 30
48160 23 69
48160 37 58
48160 74 86
48461 4 79
48461 16 84
48762 28 66
48762 42 51
48762 46 60
48762 53 70
49063 14 58
49063 22 38
49364 29 53
49665 44 51
49665 57 62
49966 0 24
49966 5 24
49966 12 58
49966 39 58
49966 79 88
50267 21 61
50267 22 64
50267 57 88
50568 9 73
50568 49 73
50568 50 86
50568 57 60
50869 17 68
50869 28 69
50869 29 53
50869 37 82
50869 44 51
51170 17 18
51170 22 58
51170 22 32
51170 32 58
51471 7 25
51471 9 66
51471 9 72
51471 22 64
51471 35 52
51772 29 53
51772 44 51
52073 24 58
52073 32 80
52073 67 76
52374 1 76
52374 22 64
52374 24 48
52374 27 76
52374 44 51
52374 52 87
52374 77 82
52675 19 86
52976 7 88
53277 21 69
53277 29 63
53578 25 87
53879 15 33
54180 8 79
54180 21 69
54180 29 63
54481 9 62
54481 9 19
54481 12 58
54481 22 64
54481 24 48
54481 29 53
54481 53 63
54782 24 28
54782 29 53
54782 55 74
54782 76 81
55083 24 58
55083 28 84
55083 28 62
55384 0 14
55384 18 45
55384 35 52
55685 9 19
55685 9 62
55685 9 73
55685 19 73
55685 45 65
55685 62 73
55986 24 31
55986 31 48
55986 81 88
56287 9 73
56588 17 18
56889 5 18
56889 12 44
56889 12 77
56889 12 64
56889 24 48
56889 39 65
56889 64 77
57190 1 12
57190 9 73
57190 9 62
57190 51 71
57491 50 74
57792 17 18
57792 28 30
57792 64 77
58093 11 44
58093 25 75
58394 8 58
58394 14 58
58394 19 27
58394 27 50
58394 27 84
58394 27 35
58394 27 52
58394 27 75
58394 27 65
58394 27 72
58394 35 75
58394 35 38
58394 35 37
58394 35 45
58394 45 58
58394 45 72
58394 58 72
58695 19 75
58695 19 50
58695 27 60
58695 35 75
58695 35 50
58695 50 75
58695 50 52
58695 52 75
58996 3 24
58996 14 45
58996 24 29
58996 24 53
58996 24 28
58996 29 53
58996 44 51
59297 3 44
59297 22 64
59297 44 51
59297 45 58
59598 24 48
59598 52 75
59598 69 70
59899 29 53
60200 11 24
60200 11 51
60200 17 68
60200 22 64
60200 27 51
60200 27 68
60501 31 71
60802 24 45
60802 55 79
60802 69 73
61103 3 5
61103 29 63
61103 29 73
61103 50 88
61404 9 73
61404 29 63
61705 9 62
61705 19 73
61705 29 73
61705 29 63
61705 56 84
62006 9 66
62006 34 84
62006 35 75
62006 67 84
62307 0 14
62307 12 88
62307 31 51
62307 51 71
62608 8 39
62608 8 85
62608 9 62
62608 9 19
62608 37 58
62608 38 45
62909 6 40
62909 7 16
63210 19 62
63210 22 64
63210 77 82
63511 2 33
63511 24 87
63511 58 62
63812 28 84
63812 35 75
63812 55 75
64113 24 48
64414 7 12
64414 22 32
64715 16 61
64715 23 53
64715 28 69
64715 30 53
65016 34 84
65016 35 75
65016 35 50
65016 37 84
65016 49 86
65016 50 74
65016 58 84
65016 75 86
65317 12 78
65618 5 44
65618 11 44
65618 28 69
65618 29 70
65618 44 51
65919 8 26
65919 14 44
65919 52 79
66220 9 73
66521 14 50
66521 22 64
66521 44 86
66822 7 16
66822 29 53
67123 29 53
67123 37 58
67123 62 69
67424 29 53
67424 37 58
67424 44 51
67725 14 37
67725 35 87
67725 35 52
68026 24 45
68026 29 53
68026 44 51
68327 9 62
68327 9 73
68327 50 86
68628 7 76
68929 44 51
68929 55 79
69230 28 69
69230 29 53
69230 37 82
69230 44 51
69531 17 18
69832 29 63
69832 50 86
70133 4 48
70133 7 76
70133 8 34
70133 8 90
70133 11 24
70133 12 16
70133 27 81
70133 27 76
70133 35 75
70434 22 64
70434 24 48
70434 37 58
70735 9 62
70735 20 31
70735 24 31
70735 24 48
70735 31 48
70735 71 83
71036 8 26
71036 53 63
71337 7 78
71337 20 35
71337 29 73
71337 29 61
71337 35 52
71337 56 87
71337 56 84
71337 63 70
71337 84 87
71638 34 86
71939 30 57
71939 51 90
71939 52 75
71939 56 59
71939 58 65
71939 59 78
72240 44 51
72240 58 65
72541 7 25
72541 21 79
72541 24 48
72541 24 45
72541 28 69
72842 29 70
73143 28 69
73143 37 82
73444 7 16
73444 7 84
73444 7 25
73444 16 84
73444 16 25
73444 25 84
73444 50 84
73745 29 63
73745 56 84
74046 11 24
74046 53 73
74347 29 53
74347 35 49
74347 52 86
74347 57 60
74347 74 86
74648 0 48
74648 9 73
74648 9 62
74648 15 67
74648 52 75
74949 8 16
74949 28 69
75250 11 23
75551 7 12
75551 23 29
75852 3 68
75852 28 69
75852 37 77
75852 52 75
75852 62 73
76153 5 37
76153 5 34
76153 7 27
76153 7 88
76153 23 30
76153 27 88
76153 30 34
76153 34 37
76454 5 18
76454 7 33
76454 29 90
76454 44 51
76454 45 64
76454 81 88
76755 39 72
76755 42 72
76755 42 58
76755 58 72
77056 34 84
77056 35 75
77056 50 86
77056 55 74
77357 14 72
77357 28 53
77658 3 45
77959 35 75
77959 35 52
78260 1 84
78260 1 59
78260 1 6
78260 9 73
78260 20 84
78260 28 69
78260 29 53
78260 67 84
78260 84 88
78561 23 69
78561 23 30
78561 29 53
78561 30 63
78561 30 53
78862 7 50
79163 16 84
79163 28 69
79163 32 38
79163 35 50
79163 37 82
79163 37 77
79163 45 65
79464 4 86
79464 52 86
79765 29 63
80066 14 58
80066 14 37
80066 22 91
80066 23 30
80066 38 80
80066 38 91
80066 85 91
80367 35 75
80367 39 58
80367 79 88
80668 0 24
80668 19 42
80668 19 50
80668 20 35
80668 22 32
80668 55 79
80668 84 87
80969 0 24
80969 22 38
80969 24 45
80969 25 28
80969 25 53
80969 27 57
80969 28 53
80969 53 69
80969 67 76
81270 29 53
81270 49 52
81571 2 6
81571 2 10
81571 5 39
81571 6 10
81571 7 16
81571 9 62
81571 14 82
81571 21 56
81571 45 58
81872 11 23
81872 17 18
81872 23 69
81872 35 74
81872 62 73
82173 15 33
82474 4 86
82474 29 53
82474 37 58
82775 28 84
82775 28 43
82775 39 51
83076 8 26
83076 9 62
83076 52 84
83377 40 88
83377 55 74
83678 9 62
83678 23 30
83678 39 51
83678 42 76
83678 49 55
83979 29 53
83979 37 58
83979 44 51
84280 4 41
84280 27 57
84280 28 69
84581 9 28
84581 9 63
84581 28 69
84581 37 77
84882 7 58
84882 9 73
84882 24 35
84882 29 53
84882 35 48
84882 42 55
84882 49 52
84882 55 79
85183 7 58
85183 24 35
85183 24 48
85183 29 53
85183 49 52
85183 55 79
85484 28 84
85484 39 51
85785 29 70
85785 44 72
85785 53 70
86086 7 58
86387 24 48
86387 42 84
86387 52 84
86387 53 63
86688 6 40
86688 24 45
86688 49 86
86688 57 60
86989 9 51
86989 9 39
86989 9 62
86989 39 51
87290 35 75
87290 45 58
87591 7 58
87591 21 69
87591 36 50
87591 76 78
87892 0 14
87892 7 16
87892 8 60
87892 15 67
87892 28 29
88193 3 53
88193 22 32
88193 22 45
88193 28 70
88193 44 51
88193 53 70
88193 53 61
88494 14 24
88494 50 55
88795 2 12
88795 12 72
88795 58 72
88795 59 78
88795 65 72
89096 4 49
89096 29 53
89096 57 88
89397 23 29
89397 28 29
89397 29 53
89397 35 52
89698 9 62
89698 38 58
89698 38 45
89698 45 58
89999 24 48
89999 35 52
89999 39 45
89999 57 62
90300 1 40
90300 1 6
90300 6 60
90300 27 84
90300 44 65
90300 58 65
90601 15 33
90601 22 85
90601 28 66
90601 44 51
90601 53 63
90902 7 84
90902 24 84
90902 27 84
90902 33 84
90902 51 58
91203 29 53
91203 50 86
91203 51 65
91504 5 72
91504 5 37
91504 5 22
91504 16 45
91504 18 72
91504 22 37
91504 22 26
91504 26 72
91504 26 37
91504 26 71
91504 28 73
91504 37 72
91504 60 81
91504 60 88
91805 3 5
91805 29 63
92106 9 63
92106 28 70
92106 28 53
92106 53 70
92106 61 62
92407 3 8
92407 14 85
92407 19 79
92407 24 48
92407 45 65
92708 5 72
92708 9 62
92708 49 86
92708 49 55
92708 55 86
93009 45 65
93009 56 86
93009 56 84
93009 84 86
93310 14 47
93310 32 38
93611 9 63
93912 9 62
93912 14 24
93912 25 79
93912 25 88
93912 38 51
93912 39 51
93912 45 58
93912 51 65
93912 51 72
93912 58 72
93912 65 72
93912 66 70
94213 2 88
94213 40 88
94213 40 84
94213 84 88
94514 32 80
94514 45 83
94514 50 74
94514 55 79
94514 58 72
94815 0 24
94815 9 62
94815 15 67
94815 52 75
94815 62 73
95116 37 58
95116 44 51
95417 9 62
95417 18 90
95417 23 30
95417 50 57
95417 50 86
95718 7 46
95718 17 34
95718 17 18
95718 17 46
95718 32 85
95718 32 38
95718 35 75
95718 64 77
96019 11 38
96019 29 53
96019 62 73
96019 69 70
96019 84 88
96320 1 59
96320 1 88
96320 1 84
96320 11 24
96320 12 88
96320 15 88
96320 23 69
96320 24 55
96320 50 86
96320 84 88
96621 6 40
96621 7 76
96922 8 26
96922 44 51
97223 7 16
97223 29 53
97524 14 48
97524 23 30
97524 24 48
97524 39 58
97524 45 58
97524 45 72
97524 58 72
97825 28 66
98126 32 85
98126 50 86
98427 11 23
98427 23 69
98427 45 58
98728 7 86
98728 25 35
99029 9 30
99029 29 53
99029 30 62
99029 37 77
99029 52 84
99330 9 62
99330 9 73
99330 17 18
99330 50 74
99330 53 69
99631 7 21
99631 7 78
99631 17 68
99631 21 78
99631 29 53
99631 36 50
99932 8 26
99932 9 62
99932 21 84
100233 0 14
100233 7 16
100233 8 90
100233 8 60
100233 9 62
100233 9 69
100233 17 68
100534 7 58
100534 19 76
100534 21 69
100534 28 73
100534 59 76
100835 14 24
100835 76 78
101136 7 76
101136 9 63
101437 0 14
101437 0 3
101437 3 14
101437 7 78
101738 50 86
101738 56 84
102039 28 30
102340 9 62
102340 29 53
102340 57 88
102641 17 18
102641 45 65
102942 26 32
103243 9 73
103243 14 24
103243 59 76
103544 3 22
103544 5 18
103544 11 24
103544 22 64
103544 50 86
103544 55 79
103845 15 33
103845 23 61
104146 24 31
104146 24 48
104146 31 48
104146 71 83
104447 9 62
104748 21 56
104748 36 50
105049 14 58
105049 53 66
105350 19 59
105350 19 76
105350 24 45
105350 25 47
105350 27 57
105350 28 69
105651 1 88
105651 1 59
105651 22 32
105952 21 27
105952 21 59
105952 34 45
105952 54 71
106253 53 70
106554 1 6
106554 1 59
106554 1 88
106554 7 81
106554 29 53
106855 8 26
106855 50 74
107156 5 39
107156 8 84
107156 9 31
107156 24 48
107156 29 53
107156 46 84
107457 1 7
107457 17 18
107457 55 79
107457 75 79
107758 9 62
107758 22 85
107758 29 53
107758 32 38
108059 7 78
108059 7 59
108059 20 52
108059 20 35
108059 28 40
108059 28 73
108059 35 52
108059 35 84
108059 35 87
108059 40 84
108059 42 79
108059 52 84
108059 56 87
108059 56 84
108360 0 14
108360 16 59
108360 53 69
108661 1 33
108661 14 37
108661 64 77
108962 4 86
108962 9 62
108962 24 48
109263 9 53
109263 29 53
109263 37 58
109263 50 86
109263 53 73
109263 53 66
109263 62 73
109564 22 64
109564 40 88
109564 44 51
109564 67 78
109865 69 70
110166 5 14
110467 11 44
110768 7 84
110768 35 86
110768 35 50
110768 37 80
110768 37 50
110768 38 86
110768 50 75
110768 50 80
111069 0 24
111069 1 15
111069 29 63
111069 55 79
111069 56 84
111370 5 22
111370 23 61
111671 8 37
111671 37 82
111671 37 58
111671 58 82
111972 23 29
111972 55 74
112273 0 14
112273 29 53
112273 37 58
112574 63 70
112875 29 53
112875 29 63
112875 45 65
112875 45 85
112875 58 65
113176 12 44
113176 17 56
113477 45 58
113477 45 72
113477 63 70
113477 64 77
113778 14 72
113778 30 73
113778 30 69
113778 53 69
114079 0 14
114079 7 78
114079 9 62
114079 21 84
114079 21 56
114079 29 53
114079 52 87
114380 1 16
114380 1 59
114380 16 59
114380 49 55
114380 55 79
114681 8 26
114681 26 80
114681 31 58
114681 39 85
114681 80 91
114982 31 71
114982 44 51
114982 53 63
115283 7 88
115283 22 64
115283 24 48
115283 59 67
115283 61 66
115283 77 82
115584 8 26
115584 26 32
115584 38 90
115584 38 85
115584 58 90
115584 58 85
115584 85 90
115885 8 26
115885 53 63
116186 9 62
116186 9 69
116186 9 66
116186 28 69
116186 29 30
116186 30 66
116186 37 58
116186 37 77
116186 64 82
116186 65 82
116487 0 24
116487 17 18
116487 79 87
116487 84 87
116788 0 14
116788 3 14
116788 8 90
116788 9 69
116788 16 84
116788 17 18
116788 30 53
116788 65 82
117089 17 68
117089 42 50
117390 15 33
117390 46 76
117390 60 81
117691 11 26
117691 35 75
117992 17 80
117992 21 84
117992 24 48
117992 35 75
117992 46 84
118293 22 64
118293 61 69
118594 11 23
118594 23 69
118594 53 63
118895 9 30
118895 9 28
118895 9 53
118895 28 30
118895 28 73
118895 29 53
118895 44 51
119196 14 58
119196 21 76
119196 25 79
119497 28 70
119798 9 46
119798 55 84
120099 7 58
120099 15 33
120099 60 81
120400 36 50
120701 28 73
120701 62 73
120701 67 84
120701 67 76
121002 9 69
121002 9 63
121002 24 48
121002 28 70
121002 37 65
121002 53 70
121002 61 62
121303 25 87
121604 9 28
121604 9 69
121604 9 63
121604 17 68
121604 28 73
121604 28 70
121604 28 30
121604 28 69
121604 30 62
121604 35 75
121604 53 62
121604 53 70
121604 61 62
121905 14 24
121905 22 77
121905 24 48
122206 5 37
122206 5 18
122206 14 77
122206 18 37
122206 64 77
122507 5 14
122507 9 62
122507 29 53
122507 37 58
122808 18 37
122808 29 53
122808 35 55
122808 39 72
122808 80 85
123109 5 11
123109 11 24
123109 14 48
123109 19 59
123109 19 76
123109 28 73
123109 29 53
123109 39 51
123109 70 73
123410 52 79
123711 53 70
124012 4 86
124012 29 53
124313 7 76
124313 8 26
124313 15 33
124313 23 29
124313 29 53
124313 53 63
124614 9 62
124614 14 24
124614 18 47
124614 19 58
124614 21 69
124614 58 72
124915 5 24
124915 5 65
124915 9 66
124915 9 13
124915 24 32
124915 57 60
125216 9 62
125216 38 58
125216 38 45
125216 59 78
125216 76 78
125517 16 76
125517 32 38
125818 11 84
125818 12 84
125818 16 33
125818 29 53
125818 42 43
125818 44 45
125818 49 84
125818 49 58
125818 49 64
125818 58 84
125818 64 77
125818 79 88
126119 29 53
126119 35 49
126119 37 84
126119 58 84
126420 3 72
126420 22 38
126420 22 32
126721 17 18
126721 22 32
126721 32 38
127022 52 79
127323 17 18
127323 21 56
127323 21 59
127323 24 48
127323 32 58
127624 58 65
127624 76 78
127624 76 81
127624 78 81
127925 11 86
127925 12 86
127925 76 78
128226 8 26
128226 9 62
128226 9 28
128226 28 73
128226 28 62
128226 50 52
128226 50 86
128527 55 79
128828 9 62
128828 28 69
128828 30 66
128828 52 75
129129 9 62
129430 1 88
129430 9 62
129430 9 73
129430 16 88
129430 28 73
129430 29 73
129430 35 52
129430 37 77
129430 53 73
129430 62 73
129731 7 88
129731 26 52
130032 7 25
130032 35 84
130032 45 70
130032 52 84
130333 34 84
130333 50 74
130333 58 72
130333 80 85
130634 1 76
130634 37 58
130935 17 18
130935 22 32
130935 79 87
130935 84 87
131236 37 58
131236 50 86
131537 12 64
131537 12 45
131537 12 58
131537 17 18
131537 18 68
131537 34 58
131537 45 58
131537 64 77
131838 9 62
131838 77 82
132139 7 25
132139 16 25
132139 30 66
132440 53 66
132741 7 46
132741 17 18
132741 42 43
132741 45 58
133042 29 53
133042 46 89
133343 8 50
133343 9 62
133343 38 45
133343 50 75
133644 9 73
133644 9 19
133644 33 88
133644 50 75
133945 17 18
133945 22 32
133945 35 75
133945 39 90
133945 79 87
134246 22 85
134246 46 89
134547 3 80
134848 5 39
134848 24 48
134848 35 86
134848 35 52
135149 8 26
135149 29 91
135149 39 58
135149 42 43
135149 42 50
135450 24 58
135751 11 44
135751 24 48
136052 24 48
136353 3 37
136353 5 34
136654 3 14
136654 14 37
136654 16 84
136654 17 18
136654 50 75
136955 12 77
136955 12 84
136955 26 32
136955 57 60
136955 77 84
137256 16 25
137256 52 87
137557 3 58
137557 30 53
137858 12 58
137858 12 56
137858 17 34
137858 50 75
137858 56 58
138159 22 38
138460 28 69
138460 29 53
138761 2 10
138761 3 14
138761 6 10
138761 11 14
138761 44 51
139062 24 48
139062 29 30
139062 30 53
139062 30 63
139363 29 53
139363 52 87
139664 39 58
139664 65 84
139664 79 84
139664 79 88
139965 35 75
139965 62 73
140266 1 16
140266 7 88
140266 9 62
140266 35 79
140266 35 52
140266 35 36
140266 35 84
140266 36 79
140266 76 88
140567 9 29
140567 11 48
140567 24 48
140567 27 81
140567 57 88
140567 74 86
140868 50 86
140868 52 84
140868 52 75
140868 59 76
140868 75 84
141169 18 47
141169 18 37
141169 58 65
141470 9 63
141470 9 28
141771 53 69
141771 61 69
142072 7 27
142072 8 17
142072 8 51
142072 8 39
142072 8 14
142072 14 51
142072 14 90
142072 19 51
142072 39 51
142072 51 90
142373 5 51
142373 5 35
142373 14 39
142373 17 51
142373 27 35
142373 27 75
142373 35 75
142373 51 68
142674 1 78
142674 9 19
142674 9 73
142674 19 42
142674 19 50
142674 58 72
142674 62 73
142975 3 14
142975 9 62
142975 9 28
142975 9 44
142975 34 44
142975 44 45
143276 14 65
143276 14 45
143276 22 64
143276 29 53
143276 39 58
143276 39 85
143276 46 89
143276 58 85
143276 58 65
143577 0 24
143577 42 44
143577 55 79
143577 56 84
143577 56 87
143577 75 79
143878 7 12
143878 22 91
143878 24 32
143878 33 84
143878 79 88
143878 85 91
144179 28 70
144179 38 39
144480 3 58
144480 25 86
144480 37 58
144480 53 77
144781 23 30
144781 49 74
144781 49 55
144781 55 74
144781 69 73
145082 8 82
145082 9 19
145082 9 62
145082 22 39
145082 22 64
145082 38 44
145383 40 56
145684 5 85
145684 5 72
145684 55 86
145684 72 80
145684 80 85
145985 0 24
145985 4 84
145985 35 52
145985 55 79
146286 5 75
146587 17 68
146587 17 34
146587 28 45
146587 44 45
146888 11 48
146888 57 76
146888 58 65
147189 14 22
147189 14 39
147189 21 84
147189 30 90
147189 59 78
147490 22 85
147490 61 69
147490 76 78
147791 9 73
147791 29 63
148092 24 48
148092 26 31
148092 35 75
148393 24 32
148694 51 54
148694 63 89
148995 4 55
149296 8 26
149296 14 44
149597 17 18
149597 45 65
149597 49 52
149597 52 86
149898 9 62
149898 29 53
149898 37 58
149898 50 74
150199 17 18
150199 29 53
150500 3 24
150500 15 33
150500 23 30
150500 28 29
150500 44 51
150500 53 63
150801 2 15
150801 9 73
150801 20 40
150801 44 70
151102 1 65
151102 8 39
151102 8 85
151102 9 62
151102 12 29
151102 14 45
151102 22 51
151102 29 63
151102 38 45
151102 41 86
151102 50 75
151102 53 70
151102 61 90
151102 75 79
151403 0 48
151403 8 90
151403 16 84
151403 29 53
151704 7 59
151704 8 90
151704 24 48
151704 79 86
152005 7 58
152005 29 53
152005 35 48
152005 49 52
152005 55 79
152306 29 53
152306 50 74
152306 52 86
152607 22 85
152908 6 40
152908 9 73
152908 9 61
152908 50 86
153209 29 53
153209 37 58
153209 50 86
153209 51 65
153510 4 79
153510 9 29
153510 27 81
153510 57 88
153811 35 75
153811 35 52
153811 52 75
154112 11 44
154112 11 30
154112 24 48
154413 19 79
154413 21 61
154413 24 45
154413 27 57
154413 28 69
154413 44 51
154413 53 66
154413 61 66
154413 79 87
154714 19 73
154714 52 75
155015 8 26
155015 22 91
155015 24 48
155015 42 43
155015 48 49
155015 53 70
155015 79 88
155316 21 69
155316 58 85
155617 9 62
155617 15 33
155617 44 52
155617 62 73
155918 2 28
155918 5 22
155918 22 85
156219 25 86
156219 29 53
156219 50 86
156520 21 69
156520 24 45
156821 32 38
157122 3 19
157122 3 14
157122 9 14
157122 19 42
157122 29 63
157423 24 48
157423 28 70
157423 57 76
157724 3 14
157724 4 86
157724 7 12
157724 7 76
157724 9 28
158025 50 74
158025 53 69
158326 1 7
158326 1 40
158326 7 40
158326 33 59
158627 28 53
158627 44 51
158928 14 18
158928 25 58
158928 29 53
158928 35 75
158928 50 75
158928 56 60
159229 1 2
159229 1 78
159229 2 10
159229 6 10
159229 7 78
159229 21 76
159229 77 82
159530 2 10
159530 2 6
159530 5 51
159530 6 10
159530 11 14
159530 14 34
159530 27 46
159530 44 51
159831 9 62
159831 17 68
159831 18 68
160132 5 72
160132 7 58
160132 9 23
160132 29 53
160132 49 52
160433 9 28
160433 12 84
160433 55 87
160734 9 73
160734 17 18
160734 35 75
160734 39 90
161035 8 26
161035 21 61
161035 22 64
161336 8 26
161336 49 74
161637 21 59
161938 29 70
161938 29 69
161938 29 53
161938 53 63
161938 59 78
161938 85 91
162239 49 55
162239 49 86
162239 50 86
162239 52 55
162540 28 69
162841 9 66
162841 14 24
162841 24 58
162841 28 84
163142 0 24
163142 35 49
163142 45 58
163142 50 86
163142 55 74
163443 7 25
163443 16 25
163443 50 86
163744 21 76
164045 28 69
164045 29 63
164346 7 84
164346 8 26
164346 21 84
164346 31 71
164647 28 62
164647 28 29
164647 29 53
164948 29 63
164948 50 84
164948 58 65
164948 59 76
164948 76 81
165249 17 68
165249 22 85
165249 26 37
165249 28 70
165249 37 72
165249 55 86
165550 8 26
165550 44 51
165851 18 37
165851 23 30
166152 21 84
166152 24 48
166152 55 79
166453 64 77
166754 12 58
166754 58 72
166754 59 78
167055 5 47
167055 9 28
167055 9 63
167055 9 69
167055 9 73
167055 9 62
167055 24 48
167055 28 73
167356 5 37
167356 35 75
167356 35 49
167356 46 57
167657 5 84
167657 22 77
167657 24 48
167958 12 78
167958 58 65
167958 84 89
168259 35 79
168259 77 82
168560 4 74
168560 24 48
168560 26 71
168560 29 53
168560 35 75
168861 9 62
168861 12 77
168861 12 44
168861 12 58
168861 24 48
168861 27 46
168861 27 65
168861 27 57
168861 39 65
168861 39 58
168861 46 56
168861 46 57
168861 53 70
168861 58 65
169162 28 69
169463 7 78
169463 16 25
169463 27 60
169764 0 24
169764 5 34
170065 23 30
170065 24 48
170366 24 45
170366 29 53
170366 37 58
170366 44 51
170366 67 76
170667 7 12
170667 33 84
170667 72 85
170667 79 88
170968 5 37
170968 5 13
170968 5 74
170968 9 62
170968 74 81
171269 29 53
171570 12 27
171570 17 34
171871 22 64
171871 45 85
171871 45 65
171871 65 85
172172 24 59
172172 29 53
172172 45 90
172172 53 63
172473 29 53
172473 52 86
172774 14 58
172774 21 61
173075 22 64
173075 28 57
173075 37 58
173376 7 88
173376 7 27
173376 7 57
173376 27 88
173376 27 77
173376 27 58
173376 58 77
173677 14 48
173677 14 24
173677 24 48
173978 15 33
173978 22 85
173978 22 32
173978 28 66
173978 53 63
173978 58 72
174279 7 12
174279 29 53
174279 45 83
174279 50 74
174580 3 5
174580 5 18
174580 11 24
174580 18 22
174580 79 84
174881 35 75
174881 76 84
175182 8 90
175182 8 58
175182 45 58
175483 30 53
175483 58 72
175483 58 85
175483 80 85
175784 14 58
175784 21 61
175784 21 76
176085 28 69
176085 46 89
176386 2 15
176386 2 3
176386 24 48
176386 35 75
176687 9 69
176687 9 66
176687 9 62
176687 12 57
176687 29 53
176687 50 74
176687 62 69
176687 80 85
176988 29 53
176988 53 73
177289 3 22
177289 28 66
177289 28 69
177590 9 62
177590 29 69
177590 29 53
177590 50 74
177590 53 69
177590 55 79
177891 22 64
177891 77 82
178192 3 65
178192 9 73
178192 17 51
178192 51 68
178493 8 54
178493 8 32
178493 22 37
178493 22 72
178493 22 26
178493 22 91
178493 26 37
178493 29 53
178493 37 72
178493 37 90
178794 15 60
179095 5 11
179095 5 72
179396 12 76
179396 22 64
179396 35 79
179396 38 45
179396 56 76
179697 5 11
179697 8 85
179697 9 62
179697 29 53
179697 38 45
179697 40 41
179998 9 66
179998 9 62
179998 9 73
179998 11 84
179998 62 73
180299 2 10
180299 6 84
180299 10 16
180299 10 33
180299 11 84
180299 12 44
180299 24 31
180299 33 44
180299 39 51
180299 51 58
180299 51 65
180299 58 65
180299 67 84
180600 0 45
180600 3 5
180600 9 29
180600 9 30
180600 9 70
180600 9 28
180901 2 15
180901 2 33
180901 9 73
180901 9 62
180901 15 72
180901 29 63
180901 40 75
180901 50 75
180901 58 86
180901 58 78
180901 58 59
180901 59 78
180901 72 86
180901 72 78
180901 72 75
180901 75 86
181202 7 25
181202 22 64
181202 49 84
181202 50 84
181202 50 52
181202 52 84
181503 22 64
181503 24 48
181503 77 82
181804 28 84
182105 29 53
182406 49 55
182406 50 86
182707 7 16
182707 7 25
182707 16 25
182707 17 18
182707 30 66
183008 39 51
183309 20 35
183309 39 45
183309 42 79
183610 5 18
183610 7 16
183610 9 29
183610 22 32
183610 52 55
183610 55 74
183911 5 85
183911 76 78
184212 9 73
184212 11 23
184212 17 18
184212 22 85
184513 29 70
184814 45 72
185115 9 62
185115 9 17
185115 24 48
185115 76 88
185416 5 72
185416 12 44
185416 58 65
185717 65 91
186018 1 27
186018 1 7
186018 6 27
186018 6 7
186018 27 33
186018 29 63
186018 37 58
186018 44 65
186319 29 53
186319 49 86
186319 59 76
186620 28 69
186620 29 70
186620 44 51
186921 28 62
186921 29 53
186921 45 85
186921 45 65
187222 45 65
187222 52 86
187523 4 52
187523 7 88
187523 9 73
187523 9 62
187523 29 53
187523 52 55
187523 55 79
187824 35 55
187824 50 74
188125 9 73
188125 28 53
188125 50 74
188426 2 15
188426 2 48
188426 15 48
188426 24 49
188426 35 75
188426 48 49
188727 50 84
189028 9 73
189028 17 84
189028 24 28
189028 29 53
189329 9 62
189329 12 16
189329 35 75
189329 57 60
189329 57 88
189329 58 90
189630 28 53
189630 44 51
189931 0 48
189931 4 50
189931 9 73
189931 9 62
189931 15 67
189931 52 75
189931 53 66
190232 9 62
190232 17 18
190232 29 61
190232 44 51
190232 50 86
190232 79 87
190533 9 62
190834 1 33
190834 1 7
190834 5 72
190834 11 72
190834 14 37
190834 24 45
190834 37 58
190834 58 65
191135 56 84
191436 22 80
191436 28 69
191436 53 70
191737 52 79
192038 16 78
192038 28 73
192038 53 63
192038 61 71
192038 70 73
192038 75 79
192339 4 50
192339 9 62
192339 23 30
192339 30 44
192339 35 52
192339 46 49
192339 49 86
192339 53 70
192640 6 7
192640 8 14
192640 9 62
192640 14 37
192640 35 75
192941 7 27
192941 27 60
192941 27 57
192941 28 61
192941 29 53
192941 49 74
192941 57 60
193242 9 62
193242 29 53
193543 1 84
193543 5 18
193543 15 88
193543 15 40
193543 15 84
193543 18 32
193543 22 32
193543 23 69
193543 28 30
193543 29 53
193543 59 88
193543 59 84
193543 62 75
193543 81 84
193543 84 88
193844 6 10
193844 6 12
193844 11 58
193844 11 16
193844 39 65
193844 40 57
193844 44 51
193844 44 45
193844 45 51
193844 51 58
193844 51 65
193844 53 70
193844 57 88
193844 58 65
193844 79 84
193844 84 86
194145 7 88
194145 17 51
194145 29 53
194145 29 63
194145 39 51
194145 53 63
194145 53 69
194145 66 69
194446 28 70
194747 53 70
195048 1 59
195048 6 88
195048 32 38
195349 21 84
195650 28 70
195951 0 65
195951 0 14
195951 22 64
195951 24 48
195951 44 51
196252 9 62
196553 22 77
196553 22 64
196854 23 29
197155 7 81
197155 14 45
197155 57 60
197456 9 73
197456 28 84
197456 28 76
197456 76 84
197757 39 58
197757 49 58
197757 49 79
197757 49 88
197757 79 88
197757 79 84
198058 24 48
198058 29 53
198058 35 75
198359 17 18
198359 18 68
198359 24 48
198359 32 58
198660 2 15
198660 23 30
198961 9 66
198961 9 62
198961 30 66
198961 50 74
198961 58 72
199262 11 57
199262 22 64
199262 56 57
199563 35 75
199563 55 86
199864 21 56
199864 22 64
199864 24 48
199864 35 79
199864 77 82
200165 1 16
200165 15 16
200165 25 49
200165 55 79
200466 0 14
200466 14 37
200466 17 18
200466 28 30
200466 37 82
200767 3 5
200767 9 62
200767 9 29
200767 11 24
200767 11 48
200767 18 37
200767 24 48
201068 21 84
201068 22 85
201369 21 69
201369 21 61
201369 61 69
201670 18 37
201670 29 53
201670 39 51
201971 11 58
201971 12 44
201971 12 72
201971 28 53
201971 35 50
201971 43 58
201971 44 58
201971 44 56
201971 53 70
201971 56 58
201971 56 65
202272 29 63
202573 20 84
202573 35 52
202573 35 84
202573 55 79
202573 56 87
202573 56 84
202874 52 79
203175 6 10
203175 16 46
203175 44 51
203175 57 88
203476 29 53
203476 37 58
203476 69 70
203777 2 15
203777 5 11
203777 14 19
203777 17 18
203777 19 79
203777 42 79
204078 17 18
204078 29 63
204379 58 59
204379 59 76
204379 59 78
204379 60 81
204379 76 88
204680 3 11
204680 28 76
204680 57 76
204981 9 62
204981 35 75
205282 19 78
205282 21 63
205282 29 53
205583 9 60
205583 15 33
205583 35 75
205884 23 30
205884 29 63
205884 37 77
205884 55 86
206185 1 84
206185 5 18
206185 6 84
206185 7 84
206185 20 84
206185 28 30
206185 29 53
206185 32 38
206185 33 84
206185 67 84
206185 81 84
206185 84 88
206486 15 33
206787 1 16
206787 2 15
206787 31 71
206787 33 40
207088 5 14
207088 37 58
207088 44 45
207389 14 58
207389 21 40
207389 47 58
207690 14 24
207690 14 58
207690 24 58
207991 5 18
207991 9 53
207991 12 44
207991 12 77
207991 39 65
207991 39 58
207991 44 65
207991 58 65
208292 37 58
208292 53 61
208292 53 70
208593 29 53
208894 17 68
208894 50 86
209195 11 48
209195 12 49
209195 49 67
209195 58 65
209195 60 89
209496 21 56
209496 24 48
209797 2 39
209797 5 48
209797 12 48
209797 12 14
209797 12 20
209797 14 20
209797 14 58
209797 14 78
209797 20 58
209797 20 78
209797 24 87
209797 29 39
209797 31 58
209797 58 78
210098 9 62
210098 28 29
210399 27 60
210399 50 75
210700 0 24
210700 0 48
210700 9 62
210700 15 67
210700 16 59
210700 23 30
210700 24 48
210700 28 30
210700 44 51
210700 52 75
211001 23 30
211001 29 53
211001 29 30
211001 35 52
211001 43 45
211001 44 51
211302 53 62
211302 76 78
211603 5 54
211603 7 59
211603 9 62
211603 62 69
211904 11 84
211904 18 47
211904 18 37
211904 58 65
212205 14 71
212205 44 51
212205 50 86
212506 3 72
212506 8 83
212506 14 44
212506 29 53
212506 44 51
212807 20 84
212807 29 63
212807 37 58
212807 59 76
213108 3 14
213108 19 24
213108 24 48
213108 53 70
213409 14 22
213710 12 44
214011 11 24
214011 19 59
214011 37 72
214011 59 76
214011 70 73
214312 12 88
214312 17 18
214312 55 74
214613 50 86
214914 11 69
214914 11 23
214914 23 69
214914 53 63
215215 4 50
215215 9 62
215215 9 73
215215 15 67
215215 28 69
215215 44 51
215215 52 75
215516 9 63
215516 9 73
215516 9 28
215516 9 69
215516 24 48
215516 28 70
215516 37 65
215516 53 70
215516 61 62
215817 7 27
215817 27 57
215817 57 60
216118 22 64
216118 24 48
216419 11 44
216419 44 53
216419 53 70
216720 6 88
216720 18 37
216720 22 85
216720 23 69
216720 28 62
217021 35 50
217021 42 50
217322 35 52
217623 27 73
217623 29 53
217623 37 84
217623 49 86
217623 49 50
217924 9 23
217924 9 62
218225 7 78
218225 9 69
218225 9 29
218225 29 63
218526 17 34
218526 17 68
218526 28 70
218827 24 44
218827 29 63
219128 0 14
219128 8 26
219128 9 62
219128 12 32
219128 17 51
219128 21 56
219128 25 39
219128 39 51
219128 56 60
219429 22 64
219429 24 48
219429 44 51
219429 77 82
219730 6 40
219730 9 30
219730 9 29
219730 28 29
219730 28 53
219730 29 53
220031 5 18
220031 8 26
220332 0 14
220332 7 16
220332 8 60
220332 8 90
220332 9 62
220332 53 66
220633 11 44
220633 24 63
220633 37 82
220633 86 91
220934 35 75
220934 44 51
221235 29 53
221536 14 24
221536 21 69
221536 29 53
221536 85 91
221837 24 69
221837 28 69
222138 22 64
222138 27 57
222138 44 51
222138 77 82
222439 14 24
222740 3 37
222740 8 26
222740 22 37
222740 23 30
222740 25 49
222740 29 63
222740 37 90
222740 53 61
223041 19 28
223041 35 75
223041 45 65
223342 2 28
223342 2 39
223342 11 34
223342 28 38
223342 61 86
223342 77 86
223643 7 58
223643 21 84
223643 24 45
223643 28 62
223643 56 60
223944 5 39
223944 14 58
223944 40 88
223944 49 55
224245 9 62
224245 50 74
224245 58 72
224546 49 84
224847 20 35
224847 39 45
224847 42 79
224847 52 84
224847 56 84
225148 0 24
225148 32 91
225148 57 60
225449 21 46
225449 24 48
225449 26 31
225449 75 79
225750 9 30
225750 19 62
225750 21 56
225750 22 64
225750 77 82
226051 12 44
226051 12 58
226051 12 77
226051 24 48
226051 58 65
226352 5 18
226352 5 11
226352 62 73
226653 0 14
226653 41 79
226653 53 69
226653 77 82
226954 1 10
226954 1 16
226954 1 33
226954 2 10
226954 2 6
226954 5 39
226954 6 10
226954 6 40
226954 6 27
226954 10 38
226954 10 40
226954 10 16
226954 12 44
226954 12 77
226954 16 33
226954 17 18
226954 24 48
226954 27 40
226954 38 45
226954 38 85
226954 39 65
226954 45 85
227255 8 30
227255 8 90
227255 9 73
227255 15 67
227255 52 75
227255 53 73
227556 8 26
227556 31 71
227556 42 59
227556 53 63
227857 22 64
227857 35 52
227857 44 51
227857 46 89
228158 29 53
228158 36 79
228158 36 55
228158 55 79
228459 24 28
228459 29 53
228459 55 74
228459 76 81
228760 2 15
228760 3 14
228760 3 44
228760 9 73
228760 9 62
228760 11 44
228760 19 73
228760 29 63
228760 62 73
228760 62 66
229061 14 72
229061 14 34
229061 14 85
229061 24 48
229061 27 75
229061 27 35
229061 35 75
229362 12 58
229362 43 58
229362 44 45
229362 79 88
229663 11 44
229663 25 86
229663 35 75
229663 35 52
229663 52 75
229964 14 37
229964 37 58
229964 44 51
230265 11 26
230265 35 75
230566 17 68
230867 7 88
230867 9 62
230867 52 75
231168 45 72
231469 58 65
231469 76 84
231770 45 65
232071 67 84
232372 11 48
232372 44 58
232372 49 84
232372 50 74
232372 75 88
232372 79 88
232673 3 18
232673 7 58
232673 12 15
232673 15 33
232974 24 48
232974 26 31
232974 35 75
232974 37 91
233275 3 51
233275 3 23
233275 23 49
233275 28 69
233275 42 51
233275 52 75
233275 80 90
233576 38 58
233576 59 78
233576 76 78
233877 29 63
234178 20 40
234178 29 53
234178 50 86
234479 14 58
234479 59 76
234780 15 33
234780 35 75
234780 49 50
234780 52 55
235081 0 51
235081 4 36
235081 17 18
235081 26 65
235081 29 53
235081 45 72
235382 3 44
235382 44 51
235382 77 82
235683 5 85
235683 5 80
235683 21 84
235683 28 69
235984 14 47
235984 45 72
236285 7 46
236285 17 68
236586 1 6
236586 1 33
236586 1 40
236586 1 10
236586 6 40
236586 10 40
236586 12 44
236586 18 68
236586 24 48
236586 33 40
236887 21 69
236887 29 53
236887 75 79
237188 37 77
237188 42 76
237188 49 55
237188 55 86
237489 29 53
237489 29 63
237790 24 48
237790 29 30
237790 30 63
237790 47 58
238091 2 88
238091 3 44
238091 7 58
238392 9 73
238392 29 69
238392 29 53
238392 37 58
238392 50 74
238392 53 69
238693 5 37
238693 9 62
238693 9 73
238693 24 48
238693 24 77
238693 24 74
238994 9 62
238994 29 53
239295 5 72
239295 5 37
239295 22 26
239295 22 37
239295 22 72
239295 26 37
239295 26 72
239295 29 53
239295 37 72
239295 53 63
239596 29 63
239596 62 73
239897 29 53
239897 30 62
239897 49 52
240198 44 51
240198 88 89
240499 17 68
240499 36 50
240800 9 63
240800 9 28
240800 61 62
241101 21 28
241101 29 53
241101 67 78
241402 8 26
241402 50 74
241402 53 69
241703 8 26
241703 9 62
241703 9 73
241703 69 73
242004 53 63
242305 29 63
242305 55 79
242606 29 53
242606 35 75
242606 42 50
242907 3 80
242907 28 53
242907 49 55
243208 0 24
243208 4 86
243208 9 69
243208 21 84
243208 24 48
243208 61 62
243509 37 58
243509 44 52
243810 18 90
243810 23 30
243810 35 75
243810 46 84
243810 50 86
243810 50 60
243810 57 88
243810 62 73
244111 2 71
244111 14 58
244111 14 39
244111 14 24
244111 37 82
244111 39 58
244111 53 70
244412 23 53
244412 28 69
244412 35 52
244412 46 50
244412 50 86
244412 53 70
244713 29 53
245014 4 50
245014 14 24
245014 21 69
245014 29 53
245014 45 58
245315 4 52
245315 8 26
245315 28 29
245315 29 70
245315 37 77
245315 38 39
245616 1 88
245616 9 62
245616 27 88
245616 28 69
245616 29 53
245917 3 22
245917 11 24
245917 42 79
245917 52 79
245917 55 79
246218 11 44
246519 14 24
246820 14 24
246820 28 84
246820 39 51
247121 14 85
247121 23 69
247121 23 31
247121 27 75
247121 31 69
247422 0 45
247422 29 91
247422 29 53
247422 53 63
247723 15 27
247723 23 30
247723 29 71
247723 37 58
248024 27 60
248024 29 63
248024 37 58
248024 50 75
248325 23 49
248325 25 49
248325 28 69
248325 37 77
248325 52 75
248325 53 61
248626 0 48
248626 16 84
248626 24 48
248626 29 53
248927 11 84
248927 14 71
248927 37 58
248927 50 86
249228 22 64
249228 42 52
249529 23 53
249529 35 52
249529 44 77
249529 56 84
249830 7 84
249830 16 84
249830 25 84
249830 64 77
250131 3 5
250131 29 73
250131 50 86
250432 1 78
250432 3 5
250432 29 63
250733 2 15
250733 3 14
250733 7 50
250733 9 62
250733 9 73
251034 4 50
251034 7 57
251034 8 26
251034 9 62
251034 13 50
251034 14 37
251034 32 80
251034 37 90
251335 1 16
251335 35 52
251335 35 84
251636 6 58
251636 6 7
251636 7 58
251636 29 53
251937 28 69
251937 53 70
252238 2 60
252238 7 33
252238 11 56
252238 28 53
252238 44 51
252238 53 70
252238 58 65
252539 24 48
252539 46 84
252539 79 86
252840 7 88
252840 8 26
252840 53 63
253141 9 62
253141 11 44
253442 23 30
253442 45 72
253442 45 65
253442 49 74
253442 49 55
253442 50 86
253442 52 84
253442 65 72
253442 69 73
253743 9 63
253743 9 73
254044 7 25
254044 24 48
254044 28 69
254345 2 15
254345 7 16
254345 7 12
254345 12 16
254646 22 85
254646 61 69
254646 63 70
254947 11 23
255248 0 24
255549 23 29
255549 29 63
255549 31 71
255549 52 79
255850 16 84
256151 5 34
256151 29 63
256151 53 63
256452 42 51
256452 46 60
256753 28 29
256753 29 70
257054 3 68
257054 29 63
257355 9 28
257355 15 60
257355 16 76
257355 21 60
257355 28 62
257355 35 50
257355 38 90
257355 50 75
257355 85 90
257656 29 53
257957 29 63
258258 3 5
258258 11 48
258258 11 24
258258 57 88
258559 2 10
258559 2 40
258559 2 6
258559 6 10
258559 21 88
258559 44 51
258860 7 12
258860 29 53
259161 1 12
259161 5 45
259161 9 73
259161 9 62
259462 15 33
259462 50 86
259462 60 81
259462 76 88
259763 7 16
259763 7 58
260064 7 27
260365 28 84
260666 29 63
260967 8 26
260967 85 90
261268 0 24
261569 1 7
261569 1 27
261569 6 40
261569 7 27
261569 9 62
261569 29 53
261569 55 74
261870 9 73
261870 9 62
262171 24 48
262171 35 75
262171 46 84
262472 18 37
262472 53 70
262773 17 68
262773 18 34
262773 35 75
262773 36 75
263074 3 18
263074 9 62
263074 18 65
263074 29 53
263074 45 58
263375 22 72
263375 28 69
263676 23 69
263977 67 84
264278 9 62
264278 29 53
264278 57 88
264579 5 72
264579 30 66
264579 32 91
264579 34 72
264579 53 63
264880 19 76
264880 22 64
264880 35 79
264880 77 82
265181 12 88
265181 22 85
265181 55 74
