0 8 26
0 28 70
301 14 37
301 37 58
301 44 51
602 3 58
602 25 86
602 37 58
602 53 77
903 28 69
903 29 53
903 37 82
903 44 51
1204 30 53
1204 58 72
1204 58 85
1204 80 85
1505 29 63
1806 7 25
1806 9 66
1806 9 72
1806 22 64
1806 35 52
2107 29 63
2107 62 73
2408 20 40
2408 29 53
2408 50 86
2709 8 82
2709 9 19
2709 9 62
2709 22 39
2709 22 64
2709 38 44
3010 50 74
3311 15 33
3311 22 85
3311 22 32
3311 28 66
3311 53 63
3311 58 72
3612 2 15
3612 3 14
3612 7 50
3612 9 62
3612 9 73
3913 7 78
3913 20 35
3913 29 73
3913 29 61
3913 35 52
3913 56 87
3913 56 84
3913 63 70
3913 84 87
4214 9 30
4214 9 28
4214 9 53
4214 28 30
4214 28 73
4214 29 53
4214 44 51
4515 4 79
4515 37 58
4515 75 79
4816 19 75
4816 19 50
4816 27 60
4816 35 75
4816 35 50
4816 50 75
4816 50 52
4816 52 75
5117 9 66
5117 34 84
5117 35 75
5117 67 84
5418 17 34
5418 17 68
5418 28 70
5719 2 88
5719 40 88
5719 40 84
5719 84 88
6020 29 53
6020 37 58
6020 44 51
6321 9 62
6622 14 22
6622 14 39
6622 21 84
6622 30 90
6622 59 78
6923 9 62
6923 29 53
6923 57 88
7224 9 62
7224 9 73
7224 17 18
7224 50 74
7224 53 69
7525 7 12
7525 22 32
7826 24 28
7826 29 53
7826 55 74
7826 76 81
8127 2 15
8127 2 48
8127 15 48
8127 24 49
8127 35 75
8127 48 49
8428 0 48
8428 9 63
8428 52 87
8729 11 44
9030 0 48
9030 8 90
9030 16 84
9030 29 53
9331 8 26
9331 22 91
9331 24 48
9331 42 43
9331 48 49
9331 53 70
9331 79 88
9632 17 68
9632 17 34
9632 28 45
9632 44 45
9933 28 69
9933 29 63
10234 29 53
10234 37 58
10234 69 70
10535 24 48
10535 46 84
10535 79 86
10836 18 47
10836 18 37
10836 58 65
11137 11 84
11137 12 84
11137 16 33
11137 29 53
11137 42 43
11137 44 45
11137 49 84
11137 49 58
11137 49 64
11137 58 84
11137 64 77
11137 79 88
11438 12 78
11739 11 48
11739 44 58
11739 49 84
11739 50 74
11739 75 88
11739 79 88
12040 3 19
12040 3 14
12040 9 14
12040 19 42
12040 29 63
12341 8 26
12341 50 74
12642 1 7
12642 17 18
12642 55 79
12642 75 79
12943 17 68
12943 28 69
12943 29 53
12943 37 82
12943 44 51
13244 22 64
13244 24 48
13545 1 88
13545 5 51
13545 5 18
13545 7 88
13545 29 53
13545 39 51
13545 49 67
13545 55 86
13846 8 26
13846 9 62
13846 29 53
13846 36 55
13846 36 79
13846 55 79
14147 1 16
14147 15 16
14147 25 49
14147 55 79
14448 5 22
14448 23 61
14749 9 62
14749 17 18
14749 29 61
14749 44 51
14749 50 86
14749 79 87
15050 8 26
15050 29 91
15050 39 58
15050 42 43
15050 42 50
15351 1 27
15351 1 7
15351 6 27
15351 6 7
15351 27 33
15351 29 63
15351 37 58
15351 44 65
15652 29 63
15652 55 79
15953 3 11
15953 28 76
15953 57 76
16254 21 42
16254 22 38
16254 24 45
16254 25 28
16254 27 57
16254 53 70
16555 22 64
16555 30 66
16555 44 86
16555 58 65
16856 5 18
16856 8 26
17157 22 85
17458 21 46
17458 21 26
17458 24 48
17458 26 31
17458 49 79
17759 1 6
17759 1 33
17759 1 40
17759 1 10
17759 6 40
17759 10 40
17759 12 44
17759 18 68
17759 24 48
17759 33 40
18060 0 14
18060 41 79
18060 53 69
18060 77 82
18361 23 53
18361 35 52
18361 44 77
18361 56 84
18662 38 58
18662 59 78
18662 76 78
18963 0 14
18963 12 88
18963 31 51
18963 51 71
19264 5 75
19565 7 58
19565 9 73
19565 24 35
19565 29 53
19565 35 48
19565 42 55
19565 49 52
19565 55 79
19866 7 76
20167 9 73
20167 16 88
20167 21 69
20167 22 64
20167 53 70
20468 11 44
20468 24 63
20468 37 82
20468 86 91
20769 9 73
20769 29 63
21070 8 26
21070 14 44
21371 1 7
21371 1 40
21371 7 40
21371 33 59
21672 4 79
21672 16 84
21973 11 84
21973 18 47
21973 18 37
21973 58 65
22274 3 44
22274 44 51
22274 77 82
22575 4 55
22876 52 79
23177 7 76
23177 8 26
23177 15 33
23177 23 29
23177 29 53
23177 53 63
23478 29 63
23478 50 86
23779 5 85
23779 76 78
24080 21 84
24080 30 66
24080 55 86
24381 9 62
24381 22 85
24381 29 53
24381 32 38
24682 28 70
24983 5 44
24983 11 44
24983 28 69
24983 29 70
24983 44 51
25284 3 72
25284 52 79
25284 62 73
25284 79 86
25585 7 88
25585 8 26
25585 53 63
25886 7 58
25886 24 35
25886 24 48
25886 29 53
25886 49 52
25886 55 79
26187 3 5
26187 5 18
26187 11 24
26187 18 22
26187 79 84
26488 24 48
26488 29 30
26488 30 63
26488 47 58
26789 21 84
26789 24 48
26789 55 79
27090 8 26
27090 26 80
27090 31 58
27090 39 85
27090 80 91
27391 22 85
27391 46 89
27692 21 69
27692 29 53
27692 75 79
27993 17 18
27993 32 38
28294 24 45
28294 29 53
28294 44 51
28595 26 32
28896 24 48
28896 52 75
28896 69 70
29197 29 53
29498 9 62
29498 9 77
29498 28 73
29498 44 51
29799 28 70
29799 39 72
29799 72 90
30100 45 72
30401 1 76
30401 22 64
30401 24 48
30401 27 76
30401 44 51
30401 52 87
30401 77 82
30702 4 50
30702 7 57
30702 8 26
30702 9 62
30702 13 50
30702 14 37
30702 32 80
30702 37 90
31003 24 48
31003 35 52
31003 39 45
31003 57 62
31304 7 16
31304 7 58
31605 7 12
31605 38 69
31906 21 61
31906 24 45
31906 30 66
31906 69 73
32207 27 60
32207 50 75
32508 56 84
32809 19 28
32809 35 75
32809 45 65
33110 7 88
33110 7 27
33110 7 57
33110 27 88
33110 27 77
33110 27 58
33110 58 77
33411 28 29
33411 29 70
33712 9 73
33712 11 23
33712 17 18
33712 22 85
34013 29 53
34314 0 48
34314 7 12
34314 9 63
34314 9 28
34314 32 71
34314 37 58
34615 24 48
34916 17 18
34916 28 30
34916 64 77
35217 5 37
35217 9 62
35217 9 73
35217 24 48
35217 24 77
35217 24 74
35518 6 10
35518 6 12
35518 11 58
35518 11 16
35518 39 65
35518 40 57
35518 44 51
35518 44 45
35518 45 51
35518 51 58
35518 51 65
35518 53 70
35518 57 88
35518 58 65
35518 79 84
35518 84 86
35819 37 58
35819 44 52
36120 29 53
36120 29 63
36421 21 76
36722 5 72
36722 50 74
36722 53 69
36722 55 79
37023 37 84
37324 17 68
37324 36 50
37625 9 73
37625 17 18
37625 35 75
37625 39 90
37926 27 73
37926 29 53
37926 37 84
37926 49 86
37926 49 50
38227 14 24
38227 29 63
38227 35 75
38227 59 76
38528 4 49
38528 29 53
38528 57 88
38829 21 28
38829 29 53
38829 67 78
39130 28 69
39130 46 89
39431 2 84
39431 3 68
39431 8 90
39431 9 30
39431 9 62
39431 24 48
39431 52 75
39431 62 73
39732 11 84
39732 14 71
39732 37 58
39732 50 86
40033 7 16
40033 29 53
40334 9 63
40334 28 70
40334 35 75
40635 9 63
40635 9 73
40635 9 28
40635 9 69
40635 24 48
40635 28 70
40635 37 65
40635 53 70
40635 61 62
40936 36 50
41237 9 62
41237 22 32
41237 76 78
41538 12 58
41538 12 56
41538 17 34
41538 50 75
41538 56 58
41839 9 66
41839 9 62
41839 30 66
41839 50 74
41839 58 72
42140 1 10
42140 1 16
42140 1 33
42140 2 10
42140 2 6
42140 5 39
42140 6 10
42140 6 40
42140 6 27
42140 10 38
42140 10 40
42140 10 16
42140 12 44
42140 12 77
42140 16 33
42140 17 18
42140 24 48
42140 27 40
42140 38 45
42140 38 85
42140 39 65
42140 45 85
42441 29 53
42441 37 58
42441 44 51
42742 22 64
42742 28 57
42742 37 58
43043 0 14
43043 18 45
43043 35 52
43344 0 65
43344 0 14
43344 22 64
43344 24 48
43344 44 51
43645 14 24
43645 21 69
43645 29 53
43645 85 91
43946 9 62
43946 29 53
44247 15 33
44548 11 57
44548 22 64
44548 56 57
44849 16 84
44849 28 69
44849 32 38
44849 35 50
44849 37 82
44849 37 77
44849 45 65
45150 9 28
45150 9 69
45150 9 63
45150 17 68
45150 28 73
45150 28 70
45150 28 30
45150 28 69
45150 30 62
45150 35 75
45150 53 62
45150 53 70
45150 61 62
45451 22 64
45451 77 82
45752 29 53
45752 44 51
46053 0 24
46053 5 34
46053 23 29
46053 29 30
46354 23 69
46354 23 30
46354 29 53
46354 30 63
46354 30 53
46655 5 72
46655 30 66
46655 32 91
46655 34 72
46655 53 63
46956 2 71
46956 14 58
46956 14 39
46956 14 24
46956 37 82
46956 39 58
46956 53 70
47257 19 76
47257 22 64
47257 35 79
47257 77 82
47558 37 58
47558 53 61
47558 53 70
47859 2 60
47859 7 33
47859 11 56
47859 28 53
47859 44 51
47859 53 70
47859 58 65
48160 18 37
48160 23 30
48461 1 16
48461 1 59
48461 16 59
48461 49 55
48461 55 79
48762 1 40
48762 1 6
48762 6 60
48762 27 84
48762 44 65
48762 58 65
49063 9 53
49063 29 53
49063 37 58
49063 50 86
49063 53 73
49063 53 66
49063 62 73
49364 0 48
49364 9 73
49364 9 62
49364 15 67
49364 52 75
49665 29 63
49665 50 86
49966 22 64
49966 24 48
49966 77 82
50267 9 29
50568 7 46
50568 17 34
50568 17 18
50568 17 46
50568 32 85
50568 32 38
50568 35 75
50568 64 77
50869 12 88
50869 17 18
50869 55 74
51170 11 86
51170 12 86
51170 76 78
51471 17 18
51471 45 65
51772 1 78
51772 3 5
51772 29 63
52073 23 29
52073 29 63
52073 31 71
52073 52 79
52374 8 30
52374 8 90
52374 9 73
52374 15 67
52374 52 75
52374 53 73
52675 3 83
52675 3 43
52675 44 51
52976 3 80
53277 9 62
53277 9 45
53277 12 57
53277 13 50
53277 14 85
53277 14 24
53277 27 75
53277 45 61
53277 45 83
53277 50 74
53578 5 14
53578 9 62
53578 29 53
53578 37 58
53879 9 62
54180 1 59
54180 22 38
54180 29 53
54180 29 30
54180 29 66
54180 30 53
54180 75 79
54481 0 24
54481 19 42
54481 19 50
54481 20 35
54481 22 32
54481 55 79
54481 84 87
54782 8 26
54782 31 71
54782 42 59
54782 53 63
55083 29 63
55384 9 69
55384 9 63
55384 24 48
55384 28 70
55384 37 65
55384 53 70
55384 61 62
55685 7 58
55685 21 69
55685 36 50
55685 76 78
55986 7 21
55986 7 78
55986 17 68
55986 21 78
55986 29 53
55986 36 50
56287 21 76
56287 21 69
56287 22 85
56588 24 48
56588 42 84
56588 52 84
56588 53 63
56889 9 30
56889 24 48
56889 31 91
56889 32 88
56889 66 69
57190 28 69
57491 0 24
57491 17 18
57491 79 87
57491 84 87
57792 14 58
57792 14 37
57792 22 91
57792 23 30
57792 38 80
57792 38 91
57792 85 91
58093 44 51
58093 57 62
58394 19 86
58695 23 29
58996 9 66
58996 14 24
58996 24 58
58996 28 84
59297 12 88
59297 22 85
59297 55 74
59598 0 48
59598 8 90
59598 9 80
59598 9 30
59598 15 67
59598 24 48
59598 30 53
59598 53 73
59598 53 62
59899 7 58
59899 15 33
59899 60 81
60200 21 56
60200 22 64
60200 24 48
60200 35 79
60200 77 82
60501 14 72
60501 14 34
60501 14 85
60501 24 48
60501 27 75
60501 27 35
60501 35 75
60802 9 62
60802 28 29
61103 11 23
61103 23 69
61103 45 58
61404 5 85
61404 5 72
61404 55 86
61404 72 80
61404 80 85
61705 39 58
61705 65 84
61705 79 84
61705 79 88
62006 50 84
62307 1 33
62307 1 7
62307 5 72
62307 11 72
62307 14 37
62307 24 45
62307 37 58
62307 58 65
62608 11 77
62608 17 34
62608 22 48
62608 27 81
62608 27 48
62608 27 77
62608 27 64
62608 48 64
62608 64 77
62608 85 90
62909 0 14
62909 3 14
62909 8 90
62909 9 69
62909 16 84
62909 17 18
62909 30 53
62909 65 82
63210 11 48
63210 12 49
63210 49 67
63210 58 65
63210 60 89
63511 7 84
63511 35 86
63511 35 50
63511 37 80
63511 37 50
63511 38 86
63511 50 75
63511 50 80
63812 8 26
63812 9 62
63812 21 84
64113 29 63
64414 5 72
64414 5 37
64414 22 26
64414 22 37
64414 22 72
64414 26 37
64414 26 72
64414 29 53
64414 37 72
64414 53 63
64715 12 64
64715 12 45
64715 12 58
64715 17 18
64715 18 68
64715 34 58
64715 45 58
64715 64 77
65016 8 85
65016 8 37
65016 9 62
65016 50 75
65016 59 76
65317 14 48
65317 29 53
65317 53 70
65317 53 66
65317 59 76
65618 0 24
65618 5 24
65618 12 58
65618 39 58
65618 79 88
65919 3 22
65919 11 24
65919 42 79
65919 52 79
65919 55 79
66220 17 18
66220 45 65
66220 49 52
66220 52 86
66521 6 40
66521 9 30
66521 9 29
66521 28 29
66521 28 53
66521 29 53
66822 14 32
67123 5 18
67123 9 53
67123 12 44
67123 12 77
67123 39 65
67123 39 58
67123 44 65
67123 58 65
67424 12 59
67424 50 86
67424 75 84
67725 24 48
67725 46 84
67725 74 79
68026 7 78
68026 29 53
68327 25 36
68327 53 63
68628 7 84
68628 44 65
68929 8 39
68929 8 85
68929 9 62
68929 9 19
68929 37 58
68929 38 45
69230 2 15
69230 3 14
69230 3 44
69230 9 73
69230 9 62
69230 11 44
69230 19 73
69230 29 63
69230 62 73
69230 62 66
69531 2 39
69531 5 48
69531 12 48
69531 12 14
69531 12 20
69531 14 20
69531 14 58
69531 14 78
69531 20 58
69531 20 78
69531 24 87
69531 29 39
69531 31 58
69531 58 78
69832 2 15
69832 17 18
69832 35 75
70133 14 58
70133 21 76
70133 25 79
70434 5 47
70434 9 28
70434 9 63
70434 9 69
70434 9 73
70434 9 62
70434 24 48
70434 28 73
70735 4 48
70735 7 76
70735 8 34
70735 8 90
70735 11 24
70735 12 16
70735 27 81
70735 27 76
70735 35 75
71036 9 62
71036 29 53
71036 57 88
71337 1 84
71337 5 18
71337 15 88
71337 15 40
71337 15 84
71337 18 32
71337 22 32
71337 23 69
71337 28 30
71337 29 53
71337 59 88
71337 59 84
71337 62 75
71337 81 84
71337 84 88
71638 3 51
71638 3 23
71638 23 49
71638 28 69
71638 42 51
71638 52 75
71638 80 90
71939 45 58
71939 45 72
71939 63 70
71939 64 77
72240 0 14
72541 15 33
72541 50 86
72541 60 81
72541 76 88
72842 8 26
72842 53 63
73143 1 65
73143 8 39
73143 8 85
73143 9 62
73143 12 29
73143 14 45
73143 22 51
73143 29 63
73143 38 45
73143 41 86
73143 50 75
73143 53 70
73143 61 90
73143 75 79
73444 4 52
73444 8 26
73444 28 29
73444 29 70
73444 37 77
73444 38 39
73745 9 62
73745 15 33
73745 44 52
73745 62 73
74046 24 45
74046 55 79
74046 69 73
74347 37 77
74347 42 76
74347 49 55
74347 55 86
74648 29 63
74949 4 86
74949 9 63
74949 52 87
75250 24 48
75551 35 75
75551 45 58
75852 17 80
75852 21 84
75852 24 48
75852 35 75
75852 46 84
76153 8 26
76153 53 63
76454 24 48
76454 35 75
76454 46 84
76755 6 40
76755 7 16
77056 0 51
77056 4 36
77056 17 18
77056 26 65
77056 29 53
77056 45 72
77357 24 48
77357 29 30
77357 30 53
77357 30 63
77658 0 14
77658 7 16
77658 8 60
77658 8 90
77658 9 62
77658 53 66
77959 9 62
77959 20 31
77959 24 31
77959 24 48
77959 31 48
77959 71 83
78260 17 18
78561 29 53
78561 46 89
78862 9 62
78862 11 44
79163 25 87
79464 23 30
79464 49 74
79464 49 55
79464 55 74
79464 69 73
79765 23 30
80066 17 18
80066 22 32
80066 79 87
80066 84 87
80367 8 26
80367 42 43
80367 53 63
80668 15 60
80969 20 84
80969 29 63
80969 37 58
80969 59 76
81270 7 88
81270 17 51
81270 29 53
81270 29 63
81270 39 51
81270 53 63
81270 53 69
81270 66 69
81571 9 46
81571 55 84
81872 15 33
81872 25 55
81872 56 60
82173 19 78
82173 21 63
82173 29 53
82474 45 65
82474 50 86
82474 55 74
82775 6 58
82775 6 7
82775 7 58
82775 29 53
83076 7 12
83076 29 53
83076 45 83
83076 50 74
83377 24 58
83678 7 25
83678 16 25
83678 50 86
83979 9 62
83979 17 68
83979 18 68
84280 4 86
84280 29 53
84280 37 58
84581 14 58
84581 21 61
84882 24 48
85183 0 24
85484 9 62
85484 38 58
85484 38 45
85484 59 78
85484 76 78
85785 18 90
85785 23 30
85785 35 75
85785 46 84
85785 50 86
85785 50 60
85785 57 88
85785 62 73
86086 24 45
86086 29 53
86086 37 58
86086 44 51
86086 67 76
86387 14 37
86387 35 87
86387 35 52
86688 14 37
86688 29 53
86989 2 28
86989 2 39
86989 11 34
86989 28 38
86989 61 86
86989 77 86
87290 29 53
87591 0 45
87591 29 53
87591 37 58
87591 37 47
87892 4 50
87892 9 62
87892 9 73
87892 15 67
87892 28 69
87892 44 51
87892 52 75
88193 4 52
88193 7 88
88193 9 73
88193 9 62
88193 29 53
88193 52 55
88193 55 79
88494 14 47
88494 45 72
88795 17 68
89096 1 16
89096 7 88
89096 9 62
89096 35 79
89096 35 52
89096 35 36
89096 35 84
89096 36 79
89096 76 88
89397 29 63
89698 28 69
89698 37 82
89999 17 18
89999 22 58
89999 22 32
89999 32 58
90300 16 78
90300 28 73
90300 53 63
90300 61 71
90300 70 73
90300 75 79
90601 24 48
90601 24 45
90601 29 63
90601 29 70
90601 39 45
90601 42 65
90601 45 72
90601 45 48
90902 24 69
90902 28 69
91203 3 37
91203 5 34
91504 0 48
91504 8 16
91504 8 90
91504 16 84
91504 29 53
91504 29 30
91805 11 38
91805 29 53
91805 62 73
91805 69 70
91805 84 88
92106 5 14
92106 37 58
92106 44 45
92407 22 32
92708 9 62
92708 13 88
92708 21 88
92708 29 53
92708 29 69
92708 45 83
92708 50 74
92708 55 79
93009 29 53
93310 4 79
93310 9 29
93310 27 81
93310 57 88
93611 24 44
93611 29 63
93912 2 15
93912 9 73
93912 20 40
93912 44 70
94213 35 75
94213 35 52
94514 5 18
94514 7 16
94514 9 29
94514 22 32
94514 52 55
94514 55 74
94815 0 45
94815 3 5
94815 9 29
94815 9 30
94815 9 70
94815 9 28
95116 3 24
95116 15 33
95116 23 30
95116 28 29
95116 44 51
95116 53 63
95417 9 66
95417 14 48
95417 24 32
95417 59 76
95718 11 26
95718 35 75
96019 8 54
96019 8 32
96019 22 37
96019 22 72
96019 22 26
96019 22 91
96019 26 37
96019 29 53
96019 37 72
96019 37 90
96320 5 80
96320 5 18
96320 18 80
96621 9 73
96621 9 19
96621 33 88
96621 50 75
96922 7 46
96922 17 18
96922 42 43
96922 45 58
97223 40 88
97223 55 74
97524 58 72
97524 64 77
97825 21 59
98126 12 77
98126 12 84
98126 26 32
98126 57 60
98126 77 84
98427 25 87
98728 29 70
98728 44 72
98728 53 70
99029 31 71
99330 23 30
99330 29 63
99330 37 77
99330 55 86
99631 11 23
99631 17 18
99631 23 69
99631 35 74
99631 62 73
99932 4 50
99932 9 62
99932 23 30
99932 30 44
99932 35 52
99932 46 49
99932 49 86
99932 53 70
100233 28 84
100233 35 75
100233 55 75
100534 52 79
100835 0 14
100835 5 22
100835 5 37
100835 5 72
100835 22 26
100835 22 37
100835 22 34
100835 26 37
100835 26 72
100835 34 37
100835 37 72
100835 40 84
100835 40 78
100835 60 88
100835 81 88
101136 7 58
101136 29 53
101136 35 48
101136 49 52
101136 55 79
101437 29 53
101738 22 64
101738 42 52
102039 7 78
102039 16 25
102039 27 60
102340 28 53
102340 44 51
102641 2 10
102641 2 40
102641 2 6
102641 6 10
102641 21 88
102641 44 51
102942 7 84
102942 8 26
102942 21 84
102942 31 71
103243 19 79
103243 21 61
103243 24 45
103243 27 57
103243 28 69
103243 44 51
103243 53 66
103243 61 66
103243 79 87
103544 0 14
103544 7 16
103544 8 60
103544 15 67
103544 28 29
103845 29 53
103845 53 73
104146 7 25
104146 16 25
104146 30 66
104447 14 48
104447 23 30
104447 24 48
104447 39 58
104447 45 58
104447 45 72
104447 58 72
104748 2 15
104748 7 16
104748 7 12
104748 12 16
105049 9 30
105049 19 62
105049 21 56
105049 22 64
105049 77 82
105350 29 63
105350 56 84
105651 12 27
105651 17 34
105952 0 65
105952 14 65
105952 39 45
106253 63 70
106554 49 55
106855 17 18
106855 29 53
107156 35 52
107457 7 78
107457 8 26
107457 14 24
107457 14 64
107457 17 68
107457 29 53
107758 1 78
107758 9 19
107758 9 73
107758 19 42
107758 19 50
107758 58 72
107758 62 73
108059 35 75
108059 35 52
108059 52 75
108360 5 54
108360 7 59
108360 9 62
108360 62 69
108661 24 32
108962 3 8
108962 14 85
108962 19 79
108962 24 48
108962 45 65
109263 5 37
109263 5 13
109263 5 74
109263 9 62
109263 74 81
109564 4 87
109564 9 62
109564 22 85
109564 29 53
109564 36 50
109564 84 89
109865 21 84
109865 22 85
110166 7 27
110166 8 17
110166 8 51
110166 8 39
110166 8 14
110166 14 51
110166 14 90
110166 19 51
110166 39 51
110166 51 90
110467 69 70
110768 12 42
111069 3 72
111069 22 38
111069 22 32
111370 21 69
111370 29 63
111671 0 24
111671 9 62
111671 15 67
111671 52 75
111671 62 73
111972 35 75
111972 44 51
112273 14 58
112273 59 76
112574 34 84
112574 50 74
112574 58 72
112574 80 85
112875 9 62
112875 18 90
112875 23 30
112875 50 57
112875 50 86
113176 9 62
113176 9 19
113176 14 37
113176 19 44
113176 21 61
113176 22 64
113176 29 53
113176 44 45
113176 44 58
113176 44 60
113176 59 76
113477 22 38
113778 3 68
113778 29 63
114079 14 24
114079 14 58
114079 24 58
114380 15 33
114380 25 86
114681 35 51
114681 35 84
114681 44 51
114681 45 51
114681 53 70
114681 56 88
114681 57 88
114982 29 53
114982 37 58
114982 50 86
114982 51 65
115283 32 85
115283 50 86
115584 3 58
115584 30 53
115885 28 69
115885 29 70
115885 44 51
116186 14 58
116186 53 66
116487 15 27
116487 23 30
116487 29 71
116487 37 58
116788 21 69
116788 58 85
117089 29 53
117089 49 52
117390 3 5
117390 29 63
117691 9 62
117691 19 73
117691 29 73
117691 29 63
117691 56 84
117992 4 86
117992 29 53
118293 53 70
118594 23 30
118594 24 48
118895 0 24
118895 4 86
118895 9 69
118895 21 84
118895 24 48
118895 61 62
119196 0 48
119196 0 14
119196 9 62
119196 18 68
119497 9 73
119497 28 53
119497 50 74
119798 9 69
119798 9 66
119798 9 62
119798 12 57
119798 29 53
119798 50 74
119798 62 69
119798 80 85
120099 7 25
120099 7 16
120099 16 25
120099 30 66
120099 61 69
120400 20 84
120400 35 52
120400 35 84
120400 55 79
120400 56 87
120400 56 84
120701 2 15
120701 23 30
121002 35 55
121002 50 74
121303 19 62
121303 22 64
121303 77 82
121604 0 24
121604 1 15
121604 29 63
121604 55 79
121604 56 84
121905 31 71
121905 44 51
121905 53 63
122206 29 63
122507 28 53
122507 42 43
122808 7 27
123109 0 14
123109 9 62
123109 29 53
123410 23 53
123410 28 69
123410 35 52
123410 46 50
123410 50 86
123410 53 70
123711 2 15
123711 2 33
123711 9 73
123711 9 62
123711 15 72
123711 29 63
123711 40 75
123711 50 75
123711 58 86
123711 58 78
123711 58 59
123711 59 78
123711 72 86
123711 72 78
123711 72 75
123711 75 86
124012 7 78
124012 7 59
124012 20 52
124012 20 35
124012 28 40
124012 28 73
124012 35 52
124012 35 84
124012 35 87
124012 40 84
124012 42 79
124012 52 84
124012 56 87
124012 56 84
124313 58 65
124313 76 84
124614 3 14
124614 14 37
124614 16 84
124614 17 18
124614 50 75
124915 28 69
124915 29 53
125216 8 37
125216 37 82
125216 37 58
125216 58 82
125517 0 45
125517 29 91
125517 29 53
125517 53 63
125818 0 24
125818 4 84
125818 35 52
125818 55 79
126119 28 30
126420 11 44
126420 24 48
126721 4 74
126721 24 48
126721 26 71
126721 29 53
126721 35 75
127022 14 58
127022 22 38
127323 28 70
127323 38 39
127624 5 84
127624 22 77
127624 24 48
127925 27 60
127925 29 63
127925 37 58
127925 50 75
128226 9 63
128527 35 75
128527 62 73
128828 1 16
128828 8 26
129129 3 14
129129 7 88
129129 9 63
129129 9 28
129430 35 50
129430 42 50
129731 7 58
129731 19 76
129731 21 69
129731 28 73
129731 59 76
130032 7 12
130032 22 91
130032 24 32
130032 33 84
130032 79 88
130032 85 91
130333 11 23
130333 23 69
130333 53 63
130634 24 48
130634 31 32
130935 2 15
130935 2 3
130935 24 48
130935 35 75
131236 17 18
131236 22 32
131236 32 38
131537 1 33
131537 14 37
131537 64 77
131838 9 23
131838 9 62
132139 11 44
132139 44 53
132139 53 70
132440 7 27
132440 27 60
132440 27 57
132440 28 61
132440 29 53
132440 49 74
132440 57 60
132741 22 64
132741 24 48
132741 37 58
133042 17 18
133042 22 32
133042 35 75
133042 39 90
133042 79 87
133343 14 65
133343 14 45
133343 22 64
133343 29 53
133343 39 58
133343 39 85
133343 46 89
133343 58 85
133343 58 65
133644 52 79
133945 22 64
133945 24 48
133945 44 51
133945 77 82
134246 6 88
134246 18 37
134246 22 85
134246 23 69
134246 28 62
134547 14 72
134547 28 53
134848 32 80
134848 45 83
134848 50 74
134848 55 79
134848 58 72
135149 7 81
135149 14 45
135149 57 60
135450 1 84
135450 1 59
135450 1 6
135450 9 73
135450 20 84
135450 28 69
135450 29 53
135450 67 84
135450 84 88
135751 0 14
135751 8 26
135751 9 62
135751 12 32
135751 17 51
135751 21 56
135751 25 39
135751 39 51
135751 56 60
136052 5 72
136052 12 44
136052 58 65
136353 9 29
136353 11 48
136353 24 48
136353 27 81
136353 57 88
136353 74 86
136654 28 69
136654 53 70
136955 12 59
137256 21 69
137256 24 45
137557 17 18
137557 29 63
137858 1 88
137858 9 62
137858 27 88
137858 28 69
137858 29 53
138159 6 40
138159 7 76
138460 5 14
138761 29 53
139062 17 68
139062 17 34
139062 34 68
139062 35 75
139062 35 36
139062 36 75
139062 75 86
139363 16 59
139363 29 63
139363 50 59
139363 59 76
139664 2 33
139664 24 87
139664 58 62
139965 49 55
139965 49 86
139965 50 86
139965 52 55
140266 14 72
140266 30 73
140266 30 69
140266 53 69
140567 5 37
140567 24 31
140567 31 48
140868 9 23
140868 9 73
140868 14 24
140868 24 48
141169 55 79
141470 35 75
141470 76 84
141771 5 72
141771 5 37
141771 5 22
141771 16 45
141771 18 72
141771 22 37
141771 22 26
141771 26 72
141771 26 37
141771 26 71
141771 28 73
141771 37 72
141771 60 81
141771 60 88
142072 22 80
142072 28 69
142072 53 70
142373 22 77
142373 22 64
142674 5 18
142975 34 86
143276 5 18
143276 12 44
143276 12 77
143276 12 64
143276 24 48
143276 39 65
143276 64 77
143577 24 48
143577 29 53
143577 35 75
143878 0 24
143878 22 38
143878 24 45
143878 25 28
143878 25 53
143878 27 57
143878 28 53
143878 53 69
143878 67 76
144179 5 37
144179 5 34
144179 7 27
144179 7 88
144179 23 30
144179 27 88
144179 30 34
144179 34 37
144480 30 57
144480 51 90
144480 52 75
144480 56 59
144480 58 65
144480 59 78
144781 29 70
145082 7 12
145082 33 84
145082 72 85
145082 79 88
145383 9 62
145383 29 53
145383 37 58
145383 50 74
145684 14 44
145684 14 22
145985 24 48
145985 29 69
145985 66 69
146286 5 39
146286 24 48
146286 35 86
146286 35 52
146587 9 62
146587 28 69
146587 30 66
146587 52 75
146888 29 53
147189 17 18
147189 18 68
147189 24 48
147189 32 58
147490 5 72
147490 28 69
147490 49 55
147490 49 86
147490 55 86
147791 28 62
147791 28 29
147791 29 53
148092 11 24
148092 19 59
148092 37 72
148092 59 76
148092 70 73
148393 12 44
148393 12 58
148393 12 77
148393 24 48
148393 58 65
148694 28 62
148694 29 53
148694 45 85
148694 45 65
148995 14 24
148995 28 84
148995 39 51
149296 14 47
149296 32 38
149597 0 24
149597 0 48
149597 9 62
149597 15 67
149597 16 59
149597 23 30
149597 24 48
149597 28 30
149597 44 51
149597 52 75
149898 9 63
150199 2 10
150199 6 84
150199 10 16
150199 10 33
150199 11 84
150199 12 44
150199 24 31
150199 33 44
150199 39 51
150199 51 58
150199 51 65
150199 58 65
150199 67 84
150500 12 43
150801 5 37
150801 35 75
150801 35 49
150801 46 57
151102 9 73
151102 35 50
151102 50 86
151102 50 84
151403 52 79
151704 5 14
151704 6 88
151704 14 24
151704 28 30
152005 8 26
152005 9 62
152005 9 73
152005 69 73
152306 7 16
152306 7 84
152306 7 25
152306 16 84
152306 16 25
152306 25 84
152306 50 84
152607 15 33
152607 22 85
152607 28 66
152607 44 51
152607 53 63
152908 8 50
152908 9 62
152908 38 45
152908 50 75
153209 50 86
153209 56 84
153510 9 66
153510 9 62
153510 9 73
153510 11 84
153510 62 73
153811 7 16
153811 29 53
154112 65 91
154413 44 51
154413 55 79
154714 3 18
154714 9 62
154714 18 65
154714 29 53
154714 45 58
155015 2 12
155015 12 72
155015 58 72
155015 59 78
155015 65 72
155316 15 33
155316 46 76
155316 60 81
155617 18 37
155617 29 53
155617 35 55
155617 39 72
155617 80 85
155918 3 5
155918 11 48
155918 11 24
155918 57 88
156219 14 24
156520 5 85
156520 5 80
156520 21 84
156520 28 69
156821 8 26
156821 49 74
157122 5 51
157122 5 35
157122 14 39
157122 17 51
157122 27 35
157122 27 75
157122 35 75
157122 51 68
157423 3 14
157423 9 62
157423 9 28
157423 9 44
157423 34 44
157423 44 45
157724 7 16
157724 7 25
157724 16 25
157724 17 18
157724 30 66
158025 29 53
158326 0 14
158326 16 59
158326 53 69
158627 17 68
158627 22 85
158627 26 37
158627 28 70
158627 37 72
158627 55 86
158928 34 84
158928 35 75
158928 35 50
158928 37 84
158928 49 86
158928 50 74
158928 58 84
158928 75 86
159229 8 26
159229 23 30
159229 23 53
159229 29 53
159229 30 53
159229 39 58
159530 15 33
159530 23 61
159831 9 73
159831 9 62
159831 50 74
160132 12 58
160132 43 58
160132 44 45
160132 79 88
160433 17 68
160433 29 53
160433 57 60
160734 23 49
160734 25 49
160734 28 69
160734 37 77
160734 52 75
160734 53 61
161035 51 54
161035 63 89
161336 16 76
161336 32 38
161637 3 68
161637 28 69
161637 37 77
161637 52 75
161637 62 73
161938 7 86
161938 25 35
162239 7 84
162239 16 84
162239 25 84
162239 64 77
162540 9 62
162540 14 24
162540 18 47
162540 19 58
162540 21 69
162540 58 72
162841 40 56
163142 14 50
163142 22 64
163142 44 86
163443 11 26
163443 35 75
163744 18 22
163744 22 85
163744 28 66
163744 80 85
164045 0 24
164346 7 88
164346 22 64
164346 24 48
164346 59 67
164346 61 66
164346 77 82
164647 3 24
164647 14 45
164647 24 29
164647 24 53
164647 24 28
164647 29 53
164647 44 51
164948 1 59
164948 1 88
164948 1 84
164948 11 24
164948 12 88
164948 15 88
164948 23 69
164948 24 55
164948 50 86
164948 84 88
165249 1 7
165249 1 27
165249 6 40
165249 7 27
165249 9 62
165249 29 53
165249 55 74
165550 9 43
165550 9 73
165550 15 67
165550 23 69
165550 30 66
165550 52 75
165550 55 86
165851 8 26
165851 9 28
165851 9 62
165851 22 64
165851 28 73
166152 3 45
166453 22 72
166453 28 69
166754 5 72
166754 7 58
166754 9 23
166754 29 53
166754 49 52
167055 9 63
167055 9 28
167356 29 53
167356 35 49
167356 52 86
167356 57 60
167356 74 86
167657 29 53
167657 36 79
167657 36 55
167657 55 79
167958 3 5
167958 29 73
167958 50 86
168259 67 84
168560 14 58
168560 21 61
168560 21 76
168861 28 73
168861 62 73
168861 67 84
168861 67 76
169162 9 73
169162 14 24
169162 59 76
169463 16 61
169463 23 53
169463 28 69
169463 30 53
169764 23 29
169764 28 29
169764 29 53
169764 35 52
170065 7 27
170065 27 57
170065 57 60
170366 25 84
170366 64 77
170366 75 79
170667 3 37
170667 8 26
170667 22 37
170667 23 30
170667 25 49
170667 29 63
170667 37 90
170667 53 61
170968 6 12
170968 6 26
170968 7 46
170968 9 62
170968 9 26
170968 12 46
170968 14 24
171269 1 16
171269 35 52
171269 35 84
171570 50 74
171570 53 69
171871 20 35
171871 39 45
171871 42 79
171871 52 84
171871 56 84
172172 0 14
172172 14 37
172172 17 18
172172 28 30
172172 37 82
172473 9 60
172473 15 33
172473 35 75
172774 7 88
172774 26 52
173075 4 52
173075 14 24
173075 21 69
173075 29 53
173376 5 11
173376 5 72
173677 24 58
173677 28 84
173677 28 62
173978 3 72
173978 8 83
173978 14 44
173978 29 53
173978 44 51
174279 3 14
174279 4 86
174279 7 12
174279 7 76
174279 9 28
174580 0 14
174881 15 33
175182 14 24
175483 1 6
175483 1 59
175483 1 88
175483 7 81
175483 29 53
175784 0 14
175784 0 3
175784 3 14
175784 7 78
176085 14 58
176085 21 61
176386 7 88
176386 9 62
176386 52 75
176687 7 25
176687 35 84
176687 45 70
176687 52 84
176988 7 58
177289 8 26
177289 22 71
177289 38 85
177289 38 90
177289 39 65
177289 58 85
177289 72 90
177590 53 69
177590 61 69
177891 24 28
177891 29 53
177891 55 74
177891 76 81
178192 7 12
178192 29 53
178493 4 86
178493 9 62
178493 24 48
178794 0 14
178794 29 53
178794 37 58
179095 11 24
179095 11 51
179095 17 68
179095 22 64
179095 27 51
179095 27 68
179396 52 79
179697 8 26
179697 21 61
179697 22 64
179998 3 85
179998 22 85
180299 4 86
180299 52 86
180600 9 62
180600 77 82
180901 8 58
180901 14 58
180901 19 27
180901 27 50
180901 27 84
180901 27 35
180901 27 52
180901 27 75
180901 27 65
180901 27 72
180901 35 75
180901 35 38
180901 35 37
180901 35 45
180901 45 58
180901 45 72
180901 58 72
181202 24 59
181202 29 53
181202 45 90
181202 53 63
181503 22 32
181503 24 48
181804 9 73
181804 17 84
181804 24 28
181804 29 53
182105 8 26
182105 44 51
182406 9 73
182406 63 70
182707 1 78
182707 3 14
182707 21 84
182707 28 73
182707 29 70
182707 45 65
183008 15 33
183309 3 5
183309 29 63
183309 29 73
183309 50 88
183610 7 78
183610 28 69
183610 46 60
183610 49 86
183610 49 55
183610 55 86
183911 9 62
183911 15 33
183911 60 81
183911 76 88
184212 0 24
184212 42 44
184212 55 79
184212 56 84
184212 56 87
184212 75 79
184513 14 24
184513 22 77
184513 24 48
184814 45 65
184814 56 86
184814 56 84
184814 84 86
185115 21 69
185115 21 61
185115 61 69
185416 22 50
185416 27 58
185717 28 70
186018 9 28
186018 12 84
186018 55 87
186319 36 55
186620 8 26
186620 9 62
186620 52 84
186921 7 16
186921 7 25
186921 16 25
186921 30 66
187222 9 73
187222 29 63
187523 7 84
187523 24 84
187523 27 84
187523 33 84
187523 51 58
187824 14 22
188125 9 62
188125 38 58
188125 38 45
188125 45 58
188426 7 58
188426 21 84
188426 24 45
188426 28 62
188426 56 60
188727 9 63
188727 9 73
189028 11 24
189028 53 73
189329 53 66
189630 21 56
189630 36 50
189931 5 39
189931 14 58
189931 40 88
189931 49 55
190232 29 53
190232 35 75
190232 42 50
190533 11 44
190834 9 51
190834 9 39
190834 9 62
190834 39 51
191135 62 73
191135 71 83
191436 8 26
191436 26 32
191436 38 90
191436 38 85
191436 58 90
191436 58 85
191436 85 90
191737 53 63
192038 3 80
192038 28 53
192038 49 55
192339 1 16
192339 2 15
192339 31 71
192339 33 40
192640 0 24
192640 17 68
192941 12 78
192941 58 65
192941 84 89
193242 22 85
193242 61 69
193242 63 70
193543 5 39
193543 8 84
193543 9 31
193543 24 48
193543 29 53
193543 46 84
193844 7 59
193844 8 90
193844 24 48
193844 79 86
194145 53 70
194446 9 62
194446 29 30
194446 50 86
194747 9 62
195048 11 23
195349 3 53
195349 22 32
195349 22 45
195349 28 70
195349 44 51
195349 53 70
195349 53 61
195650 42 51
195650 46 60
195951 7 50
196252 49 84
196553 18 34
196553 21 66
196553 29 69
196553 50 74
196553 55 79
196553 57 60
196854 24 58
196854 32 80
196854 67 76
197155 1 59
197155 6 88
197155 32 38
197456 37 58
197757 7 56
197757 9 73
198058 29 53
198058 52 87
198359 4 50
198359 14 24
198359 21 69
198359 29 53
198359 45 58
198660 11 23
198660 21 30
198660 23 69
198660 37 58
198660 74 86
198961 9 73
199262 15 33
199262 44 52
199563 11 58
199563 12 44
199563 12 72
199563 28 53
199563 35 50
199563 43 58
199563 44 58
199563 44 56
199563 53 70
199563 56 58
199563 56 65
199864 50 86
200165 22 85
200165 61 69
200165 76 78
200466 9 28
200466 9 63
200466 9 69
200466 28 69
200466 28 70
200767 7 25
200767 22 64
200767 49 84
200767 50 84
200767 50 52
200767 52 84
201068 2 6
201068 2 10
201068 5 39
201068 6 10
201068 7 16
201068 9 62
201068 14 82
201068 21 56
201068 45 58
201369 24 31
201369 31 48
201369 81 88
201670 44 51
201670 88 89
201971 14 85
201971 23 69
201971 23 31
201971 27 75
201971 31 69
202272 9 62
202272 50 74
202272 58 72
202573 7 25
202573 24 48
202573 28 69
202874 29 53
203175 1 7
203175 9 73
203175 14 51
203175 23 53
203175 23 73
203175 23 29
203175 28 53
203175 28 73
203175 28 29
203175 29 53
203476 8 26
203476 9 62
203476 9 28
203476 28 73
203476 28 62
203476 50 52
203476 50 86
203777 18 37
203777 29 53
203777 39 51
204078 50 86
204078 52 84
204078 52 75
204078 59 76
204078 75 84
204379 9 62
204379 14 24
204379 25 79
204379 25 88
204379 38 51
204379 39 51
204379 45 58
204379 51 65
204379 51 72
204379 58 72
204379 65 72
204379 66 70
204680 6 40
204680 9 73
204680 9 61
204680 50 86
204981 1 33
204981 1 2
204981 1 6
204981 2 6
204981 2 10
204981 6 33
204981 10 84
204981 16 53
204981 16 70
204981 33 44
204981 39 51
204981 51 58
204981 51 65
204981 53 70
204981 56 84
204981 58 65
204981 67 84
205282 17 68
205282 50 86
205583 24 48
205583 26 31
205583 35 75
205884 19 59
205884 19 76
205884 24 45
205884 25 47
205884 27 57
205884 28 69
206185 29 53
206185 29 63
206185 45 65
206185 45 85
206185 58 65
206486 5 72
206486 9 62
206486 49 86
206486 49 55
206486 55 86
206787 0 14
206787 7 78
206787 9 62
206787 21 84
206787 21 56
206787 29 53
206787 52 87
207088 29 53
207088 35 49
207088 37 84
207088 58 84
207389 39 58
207389 49 58
207389 49 79
207389 49 88
207389 79 88
207389 79 84
207690 39 51
207991 0 24
207991 35 49
207991 45 58
207991 50 86
207991 55 74
208292 19 73
208292 52 75
208593 35 75
208593 39 58
208593 79 88
208894 22 64
208894 45 85
208894 45 65
208894 65 85
209195 5 34
209195 29 63
209195 53 63
209496 25 86
209496 29 53
209496 50 86
209797 28 84
209797 39 51
210098 12 60
210098 35 75
210399 9 62
210399 9 19
210399 12 58
210399 22 64
210399 24 48
210399 29 53
210399 53 63
210700 0 48
210700 4 50
210700 9 73
210700 9 62
210700 15 67
210700 52 75
210700 53 66
211001 11 44
211001 25 86
211001 35 75
211001 35 52
211001 52 75
211302 8 26
211302 85 90
211603 8 26
211603 14 44
211603 52 79
211904 3 22
211904 28 66
211904 28 69
212205 6 40
212205 7 58
212205 15 33
212205 38 45
212205 44 52
212506 17 18
212506 79 87
212807 1 12
212807 9 73
212807 9 62
212807 51 71
213108 6 10
213108 16 46
213108 44 51
213108 57 88
213409 22 64
213409 61 69
213710 29 53
214011 1 84
214011 5 18
214011 6 84
214011 7 84
214011 20 84
214011 28 30
214011 29 53
214011 32 38
214011 33 84
214011 67 84
214011 81 84
214011 84 88
214312 16 84
214613 9 62
214914 8 26
214914 44 51
215215 22 64
215215 35 52
215215 44 51
215215 46 89
215516 9 28
215516 9 63
215516 28 69
215516 37 77
215817 18 37
215817 53 70
216118 7 78
216118 9 69
216118 9 29
216118 29 63
216419 9 19
216419 9 62
216419 9 73
216419 19 73
216419 45 65
216419 62 73
216720 8 90
216720 8 58
216720 45 58
217021 14 58
217021 21 40
217021 47 58
217322 17 18
217322 21 56
217322 21 59
217322 24 48
217322 32 58
217623 2 10
217623 2 6
217623 5 51
217623 6 10
217623 11 14
217623 14 34
217623 27 46
217623 44 51
217924 17 68
217924 18 34
217924 35 75
217924 36 75
218225 1 76
218225 37 58
218526 9 62
218526 12 77
218526 12 44
218526 12 58
218526 24 48
218526 27 46
218526 27 65
218526 27 57
218526 39 65
218526 39 58
218526 46 56
218526 46 57
218526 53 70
218526 58 65
218827 9 73
218827 9 69
218827 29 53
218827 49 52
218827 55 79
218827 67 76
219128 0 48
219128 9 69
219128 9 43
219128 15 67
219128 28 69
219128 44 51
219128 52 75
219128 62 73
219128 69 73
219429 28 53
219429 44 51
219730 14 48
219730 14 24
219730 24 48
220031 29 63
220031 50 84
220031 58 65
220031 59 76
220031 76 81
220332 5 18
220332 16 88
220332 28 73
220332 29 53
220332 39 51
220332 49 86
220332 49 55
220633 24 48
220633 26 31
220633 35 75
220633 37 91
220934 64 77
221235 14 24
221235 27 56
221235 27 60
221235 28 53
221235 29 53
221235 29 70
221235 45 65
221235 65 72
221536 8 79
221536 21 69
221536 29 63
221837 5 24
221837 7 16
221837 8 26
221837 14 90
221837 18 37
222138 21 27
222138 21 59
222138 34 45
222138 54 71
222439 7 76
222439 9 63
222740 5 11
222740 8 85
222740 9 62
222740 29 53
222740 38 45
222740 40 41
223041 9 62
223041 35 75
223342 3 18
223342 7 58
223342 12 15
223342 15 33
223643 29 53
223944 2 28
223944 5 22
223944 23 61
224245 28 66
224245 42 51
224245 46 60
224245 53 70
224546 29 70
224847 11 44
224847 11 30
224847 24 48
225148 23 69
225449 14 24
225449 76 78
225750 22 64
225750 40 88
225750 44 51
225750 67 78
226051 3 83
226051 29 53
226051 50 74
226352 12 76
226352 22 64
226352 35 79
226352 38 45
226352 56 76
226653 29 53
226653 50 74
226653 52 86
226954 0 24
226954 32 91
226954 57 60
227255 44 51
227255 58 65
227556 12 44
227556 17 56
227857 9 62
227857 9 73
227857 50 86
228158 1 76
228158 35 79
228158 77 82
228459 28 69
228760 9 73
229061 21 84
229061 23 29
229061 51 65
229362 37 58
229362 44 51
229663 11 44
229663 25 75
229964 29 53
230265 1 12
230265 5 45
230265 9 73
230265 9 62
230566 14 71
230566 44 51
230566 50 86
230867 9 73
230867 28 84
230867 28 76
230867 76 84
231168 53 70
231469 0 14
231469 7 16
231469 8 90
231469 8 60
231469 9 62
231469 9 69
231469 17 68
231770 20 35
231770 39 45
231770 42 79
232071 21 61
232071 22 64
232071 57 88
232372 1 2
232372 1 78
232372 2 10
232372 6 10
232372 7 78
232372 21 76
232372 77 82
232673 49 55
232673 50 86
232974 32 38
233275 9 28
233275 15 60
233275 16 76
233275 21 60
233275 28 62
233275 35 50
233275 38 90
233275 50 75
233275 85 90
233576 9 62
233576 12 16
233576 35 75
233576 57 60
233576 57 88
233576 58 90
233877 62 73
234178 2 15
234178 5 11
234178 14 19
234178 17 18
234178 19 79
234178 42 79
234479 11 48
234479 57 76
234479 58 65
234780 8 16
234780 28 69
235081 2 28
235081 5 22
235081 22 85
235382 29 53
235683 7 25
235683 21 79
235683 24 48
235683 24 45
235683 28 69
235984 9 28
235984 9 63
236285 6 40
236285 24 45
236285 49 86
236285 57 60
236586 12 58
236586 58 72
236586 59 78
236887 9 62
236887 23 30
236887 39 51
236887 42 76
236887 49 55
237188 3 14
237188 19 24
237188 24 48
237188 53 70
237489 0 14
237489 53 70
237489 60 79
237790 5 21
237790 21 84
238091 7 46
238091 17 68
238392 9 73
238392 29 69
238392 29 53
238392 37 58
238392 50 74
238392 53 69
238693 9 73
238693 9 62
238693 14 51
238693 29 53
238693 49 55
238994 9 62
238994 29 53
239295 24 31
239295 24 48
239295 31 48
239295 71 83
239596 22 64
239596 27 57
239596 44 51
239596 77 82
239897 1 88
239897 9 62
239897 9 73
239897 16 88
239897 28 73
239897 29 73
239897 35 52
239897 37 77
239897 53 73
239897 62 73
240198 9 73
240198 9 30
240198 9 29
240198 29 63
240198 29 62
240198 61 63
240198 63 66
240499 45 65
240499 52 86
240800 2 88
240800 3 44
240800 7 58
241101 7 88
241402 45 72
241703 9 63
241703 9 28
241703 61 62
242004 21 84
242305 23 29
242305 55 74
242606 28 66
242907 58 65
242907 76 78
242907 76 81
242907 78 81
243208 17 18
243509 34 84
243509 35 75
243509 50 86
243509 55 74
243810 3 22
243810 5 18
243810 11 24
243810 22 64
243810 50 86
243810 55 79
244111 7 12
244111 23 29
244412 28 84
244713 2 10
244713 3 14
244713 6 10
244713 11 14
244713 44 51
245014 29 53
245014 37 58
245014 62 69
245315 42 86
245315 55 86
245616 1 88
245616 1 59
245616 22 32
245917 3 44
245917 22 64
245917 44 51
245917 45 58
246218 24 48
246218 28 70
246218 57 76
246519 17 68
246519 42 50
246820 17 18
247121 5 37
247121 5 18
247121 14 77
247121 18 37
247121 64 77
247422 7 58
247422 7 25
247422 21 69
247422 25 58
247422 27 76
247422 28 66
247422 75 79
247422 76 78
247723 0 24
247723 0 14
247723 14 24
247723 14 48
247723 22 77
247723 24 48
247723 45 48
248024 9 62
248024 16 76
248024 17 68
248024 21 61
248024 24 37
248024 35 75
248024 42 75
248024 45 90
248024 55 79
248024 59 76
248325 9 62
248626 16 25
248626 52 87
248927 3 65
248927 9 73
248927 17 51
248927 51 68
249228 0 45
249228 7 78
249228 7 21
249228 14 24
249228 21 78
249228 29 53
249529 9 73
249529 49 73
249529 50 86
249529 57 60
249830 37 58
249830 50 86
250131 28 70
250432 11 23
250733 15 33
251034 5 18
251034 5 11
251034 62 73
251335 5 18
251335 66 69
251636 29 53
251636 52 86
251937 3 85
251937 50 86
252238 12 44
252539 21 56
252539 24 48
252840 8 26
252840 50 74
252840 53 69
253141 53 62
253141 76 78
253442 5 24
253442 5 65
253442 9 66
253442 9 13
253442 24 32
253442 57 60
253743 0 48
253743 16 84
253743 24 48
253743 29 53
254044 6 7
254044 8 14
254044 9 62
254044 14 37
254044 35 75
254345 29 70
254345 29 69
254345 29 53
254345 53 63
254345 59 78
254345 85 91
254646 67 84
254947 28 84
255248 14 39
255248 14 58
255549 9 62
255549 29 69
255549 29 53
255549 50 74
255549 53 69
255549 55 79
255850 29 53
255850 30 62
255850 49 52
256151 14 24
256151 50 55
256452 23 30
256452 45 72
256452 45 65
256452 49 74
256452 49 55
256452 50 86
256452 52 84
256452 65 72
256452 69 73
256753 5 14
256753 29 70
256753 44 51
257054 15 33
257355 45 65
257656 21 46
257656 24 48
257656 26 31
257656 75 79
257957 29 53
257957 50 86
257957 51 65
258258 9 30
258258 29 53
258258 30 62
258258 37 77
258258 52 84
258559 9 62
258559 9 69
258559 9 66
258559 28 69
258559 29 30
258559 30 66
258559 37 58
258559 37 77
258559 64 82
258559 65 82
258860 4 41
258860 27 57
258860 28 69
259161 29 53
259161 49 86
259161 59 76
259462 35 79
259462 77 82
259763 9 62
259763 9 17
259763 24 48
259763 76 88
260064 3 5
260064 9 62
260064 9 29
260064 11 24
260064 11 48
260064 18 37
260064 24 48
260365 58 59
260365 59 76
260365 59 78
260365 60 81
260365 76 88
260666 5 18
260666 7 33
260666 29 90
260666 44 51
260666 45 64
260666 81 88
260967 9 73
260967 9 62
261268 15 33
261268 35 75
261268 49 50
261268 52 55
261569 11 69
261569 11 23
261569 23 69
261569 53 63
261870 5 11
261870 11 24
261870 14 48
261870 19 59
261870 19 76
261870 28 73
261870 29 53
261870 39 51
261870 70 73
262171 9 63
262171 28 70
262171 28 53
262171 53 70
262171 61 62
262472 12 16
262472 27 81
262472 39 57
262472 50 86
262773 11 24
262773 23 30
262773 49 55
263074 0 24
263074 5 34
263375 23 30
263375 29 53
263375 29 30
263375 35 52
263375 43 45
263375 44 51
263676 9 73
263676 50 86
263977 39 72
263977 42 72
263977 42 58
263977 58 72
264278 35 75
264278 55 86
264579 28 84
264579 28 43
264579 39 51
264880 27 60
264880 29 63
265181 14 18
265181 25 58
265181 29 53
265181 35 75
265181 50 75
265181 56 60
