0 0 24
301 15 27
301 23 30
301 29 71
301 37 58
602 11 58
602 12 44
602 12 72
602 28 53
602 35 50
602 43 58
602 44 58
602 44 56
602 53 70
602 56 58
602 56 65
903 5 14
903 6 88
903 14 24
903 28 30
1204 28 53
1204 42 43
1505 15 33
1505 44 52
1806 22 64
1806 24 48
2107 7 12
2107 33 84
2107 72 85
2107 79 88
2408 5 14
2408 37 58
2408 44 45
2709 29 53
3010 9 62
3010 9 73
3010 17 18
3010 50 74
3010 53 69
3311 8 26
3311 53 63
3612 28 69
3612 37 82
3913 5 18
3913 66 69
4214 17 18
4214 21 56
4214 21 59
4214 24 48
4214 32 58
4515 29 53
4515 49 52
4816 6 12
4816 6 26
4816 7 46
4816 9 62
4816 9 26
4816 12 46
4816 14 24
5117 12 42
5418 9 63
5418 9 28
5719 50 84
6020 9 62
6020 14 24
6020 25 79
6020 25 88
6020 38 51
6020 39 51
6020 45 58
6020 51 65
6020 51 72
6020 58 72
6020 65 72
6020 66 70
6321 3 22
6321 28 66
6321 28 69
6622 22 64
6622 42 52
6923 11 23
7224 12 59
7224 50 86
7224 75 84
7525 29 53
7525 37 58
7525 69 70
7826 20 84
7826 29 63
7826 37 58
7826 59 76
8127 22 32
8428 0 24
8428 17 68
8729 58 59
8729 59 76
8729 59 78
8729 60 81
8729 76 88
9030 6 40
9030 7 76
9331 8 54
9331 8 32
9331 22 37
9331 22 72
9331 22 26
9331 22 91
9331 26 37
9331 29 53
9331 37 72
9331 37 90
9632 29 63
9632 55 79
9933 0 48
9933 7 12
9933 9 63
9933 9 28
9933 32 71
9933 37 58
10234 3 14
10234 19 24
10234 24 48
10234 53 70
10535 24 48
10535 31 32
10836 9 66
10836 9 62
10836 9 73
10836 11 84
10836 62 73
11137 3 18
11137 9 62
11137 18 65
11137 29 53
11137 45 58
11438 15 33
11438 22 85
11438 28 66
11438 44 51
11438 53 63
11739 22 72
11739 28 69
12040 52 79
12341 52 79
12642 5 37
12642 5 13
12642 5 74
12642 9 62
12642 74 81
12943 11 24
12943 53 73
13244 21 56
13244 24 48
13545 9 30
13545 9 28
13545 9 53
13545 28 30
13545 28 73
13545 29 53
13545 44 51
13846 18 34
13846 21 66
13846 29 69
13846 50 74
13846 55 79
13846 57 60
14147 12 44
14448 1 78
14448 3 14
14448 21 84
14448 28 73
14448 29 70
14448 45 65
14749 24 28
14749 29 53
14749 55 74
14749 76 81
15050 0 24
15050 9 62
15050 15 67
15050 52 75
15050 62 73
15351 7 46
15351 17 68
15652 29 63
15953 8 26
15953 26 32
15953 38 90
15953 38 85
15953 58 90
15953 58 85
15953 85 90
16254 5 18
16254 9 53
16254 12 44
16254 12 77
16254 39 65
16254 39 58
16254 44 65
16254 58 65
16555 6 40
16555 24 45
16555 49 86
16555 57 60
16856 12 77
16856 12 84
16856 26 32
16856 57 60
16856 77 84
17157 3 65
17157 9 73
17157 17 51
17157 51 68
17458 3 22
17458 11 24
17458 42 79
17458 52 79
17458 55 79
17759 8 50
17759 9 62
17759 38 45
17759 50 75
18060 23 49
18060 25 49
18060 28 69
18060 37 77
18060 52 75
18060 53 61
18361 4 52
18361 7 88
18361 9 73
18361 9 62
18361 29 53
18361 52 55
18361 55 79
18662 8 26
18662 9 28
18662 9 62
18662 22 64
18662 28 73
18963 29 53
19264 11 44
19264 24 63
19264 37 82
19264 86 91
19565 11 23
19565 17 18
19565 23 69
19565 35 74
19565 62 73
19866 69 70
20167 4 50
20167 14 24
20167 21 69
20167 29 53
20167 45 58
20468 44 51
20468 58 65
20769 29 53
21070 24 45
21070 29 53
21070 37 58
21070 44 51
21070 67 76
21371 5 39
21371 8 84
21371 9 31
21371 24 48
21371 29 53
21371 46 84
21672 9 73
21973 45 58
21973 45 72
21973 63 70
21973 64 77
22274 11 26
22274 35 75
22575 7 46
22575 17 18
22575 42 43
22575 45 58
22876 29 53
23177 14 24
23478 2 15
23478 7 16
23478 7 12
23478 12 16
23779 1 6
23779 1 59
23779 1 88
23779 7 81
23779 29 53
24080 21 28
24080 29 53
24080 67 78
24381 14 24
24381 76 78
24682 28 73
24682 62 73
24682 67 84
24682 67 76
24983 24 48
25284 7 16
25284 29 53
25585 14 58
25585 21 61
25585 21 76
25886 3 24
25886 14 45
25886 24 29
25886 24 53
25886 24 28
25886 29 53
25886 44 51
26187 5 72
26187 5 37
26187 22 26
26187 22 37
26187 22 72
26187 26 37
26187 26 72
26187 29 53
26187 37 72
26187 53 63
26488 3 18
26488 7 58
26488 12 15
26488 15 33
26789 9 73
26789 9 19
26789 33 88
26789 50 75
27090 6 40
27090 9 73
27090 9 61
27090 50 86
27391 0 24
27391 1 15
27391 29 63
27391 55 79
27391 56 84
27692 36 50
27993 1 88
27993 5 51
27993 5 18
27993 7 88
27993 29 53
27993 39 51
27993 49 67
27993 55 86
28294 3 22
28294 5 18
28294 11 24
28294 22 64
28294 50 86
28294 55 79
28595 0 24
28595 22 38
28595 24 45
28595 25 28
28595 25 53
28595 27 57
28595 28 53
28595 53 69
28595 67 76
28896 14 22
28896 14 39
28896 21 84
28896 30 90
28896 59 78
29197 9 62
29197 9 19
29197 12 58
29197 22 64
29197 24 48
29197 29 53
29197 53 63
29498 9 30
29498 29 53
29498 30 62
29498 37 77
29498 52 84
29799 18 37
29799 29 53
29799 39 51
30100 3 5
30100 9 62
30100 9 29
30100 11 24
30100 11 48
30100 18 37
30100 24 48
30401 9 30
30401 19 62
30401 21 56
30401 22 64
30401 77 82
30702 7 25
30702 21 79
30702 24 48
30702 24 45
30702 28 69
31003 45 65
31003 50 86
31003 55 74
31304 12 76
31304 22 64
31304 35 79
31304 38 45
31304 56 76
31605 8 26
31605 50 74
31906 0 48
31906 4 50
31906 9 73
31906 9 62
31906 15 67
31906 52 75
31906 53 66
32207 9 62
32207 15 33
32207 60 81
32207 76 88
32508 0 14
32508 9 62
32508 29 53
32809 0 65
32809 0 14
32809 22 64
32809 24 48
32809 44 51
33110 4 86
33110 9 63
33110 52 87
33411 23 29
33411 55 74
33712 14 24
33712 21 69
33712 29 53
33712 85 91
34013 1 59
34013 22 38
34013 29 53
34013 29 30
34013 29 66
34013 30 53
34013 75 79
34314 26 32
34615 5 11
34615 8 85
34615 9 62
34615 29 53
34615 38 45
34615 40 41
34916 14 58
34916 21 40
34916 47 58
35217 7 27
35518 9 62
35518 19 73
35518 29 73
35518 29 63
35518 56 84
35819 0 14
35819 0 3
35819 3 14
35819 7 78
36120 18 37
36120 23 30
36421 29 53
36421 52 87
36722 15 33
37023 15 33
37023 35 75
37023 49 50
37023 52 55
37324 38 58
37324 59 78
37324 76 78
37625 1 6
37625 1 33
37625 1 40
37625 1 10
37625 6 40
37625 10 40
37625 12 44
37625 18 68
37625 24 48
37625 33 40
37926 7 78
37926 16 25
37926 27 60
38227 15 33
38227 25 55
38227 56 60
38528 8 26
38528 44 51
38829 20 35
38829 39 45
38829 42 79
39130 21 56
39130 22 64
39130 24 48
39130 35 79
39130 77 82
39431 1 78
39431 3 5
39431 29 63
39732 9 23
39732 9 73
39732 14 24
39732 24 48
40033 0 14
40033 5 22
40033 5 37
40033 5 72
40033 22 26
40033 22 37
40033 22 34
40033 26 37
40033 26 72
40033 34 37
40033 37 72
40033 40 84
40033 40 78
40033 60 88
40033 81 88
40334 11 44
40635 8 26
40635 42 43
40635 53 63
40936 7 16
40936 7 58
41237 0 45
41237 3 5
41237 9 29
41237 9 30
41237 9 70
41237 9 28
41538 5 18
41538 16 88
41538 28 73
41538 29 53
41538 39 51
41538 49 86
41538 49 55
41839 49 84
42140 5 18
42140 12 44
42140 12 77
42140 12 64
42140 24 48
42140 39 65
42140 64 77
42441 28 69
42441 29 70
42441 44 51
42742 7 88
42742 8 26
42742 53 63
43043 1 84
43043 1 59
43043 1 6
43043 9 73
43043 20 84
43043 28 69
43043 29 53
43043 67 84
43043 84 88
43344 6 7
43344 8 14
43344 9 62
43344 14 37
43344 35 75
43645 5 39
43645 14 58
43645 40 88
43645 49 55
43946 9 46
43946 55 84
44247 31 71
44247 44 51
44247 53 63
44548 11 69
44548 11 23
44548 23 69
44548 53 63
44849 22 32
44849 24 48
45150 9 73
45451 29 53
45451 37 58
45451 44 51
45752 9 66
45752 34 84
45752 35 75
45752 67 84
46053 24 48
46053 26 31
46053 35 75
46354 21 69
46354 29 63
46655 24 58
46655 28 84
46655 28 62
46956 7 25
46956 16 25
46956 50 86
47257 9 69
47257 9 66
47257 9 62
47257 12 57
47257 29 53
47257 50 74
47257 62 69
47257 80 85
47558 28 69
47558 29 53
47558 37 82
47558 44 51
47859 29 53
48160 14 24
48160 29 63
48160 35 75
48160 59 76
48461 7 46
48461 17 34
48461 17 18
48461 17 46
48461 32 85
48461 32 38
48461 35 75
48461 64 77
48762 19 78
48762 21 63
48762 29 53
49063 29 53
49063 35 49
49063 37 84
49063 58 84
49364 9 28
49364 9 63
49364 9 69
49364 28 69
49364 28 70
49665 17 68
49665 18 34
49665 35 75
49665 36 75
49966 15 33
49966 22 85
49966 22 32
49966 28 66
49966 53 63
49966 58 72
50267 11 44
50267 11 30
50267 24 48
50568 14 50
50568 22 64
50568 44 86
50869 21 69
50869 24 45
51170 7 12
51170 29 53
51471 8 85
51471 8 37
51471 9 62
51471 50 75
51471 59 76
51772 17 34
51772 17 68
51772 28 70
52073 14 65
52073 14 45
52073 22 64
52073 29 53
52073 39 58
52073 39 85
52073 46 89
52073 58 85
52073 58 65
52374 8 26
52374 9 62
52374 9 73
52374 69 73
52675 3 80
52675 28 53
52675 49 55
52976 11 38
52976 29 53
52976 62 73
52976 69 70
52976 84 88
53277 14 32
53578 2 71
53578 14 58
53578 14 39
53578 14 24
53578 37 82
53578 39 58
53578 53 70
53879 8 82
53879 9 19
53879 9 62
53879 22 39
53879 22 64
53879 38 44
54180 28 53
54180 44 51
54481 40 88
54481 55 74
54782 9 62
54782 18 90
54782 23 30
54782 50 57
54782 50 86
55083 24 48
55384 4 49
55384 29 53
55384 57 88
55685 7 88
55685 22 64
55685 24 48
55685 59 67
55685 61 66
55685 77 82
55986 3 14
55986 14 37
55986 16 84
55986 17 18
55986 50 75
56287 1 88
56287 1 59
56287 22 32
56588 9 62
56588 9 77
56588 28 73
56588 44 51
56889 28 62
56889 29 53
56889 45 85
56889 45 65
57190 18 47
57190 18 37
57190 58 65
57491 24 48
57491 46 84
57491 79 86
57792 29 63
58093 22 85
58093 46 89
58394 0 14
58394 16 59
58394 53 69
58695 3 44
58695 22 64
58695 44 51
58695 45 58
58996 14 18
58996 25 58
58996 29 53
58996 35 75
58996 50 75
58996 56 60
59297 8 26
59297 22 71
59297 38 85
59297 38 90
59297 39 65
59297 58 85
59297 72 90
59598 9 73
59598 50 86
59899 28 30
60200 3 51
60200 3 23
60200 23 49
60200 28 69
60200 42 51
60200 52 75
60200 80 90
60501 37 58
60501 53 61
60501 53 70
60802 2 28
60802 5 22
60802 22 85
61103 12 88
61103 17 18
61103 55 74
61404 15 60
61705 24 32
62006 5 24
62006 7 16
62006 8 26
62006 14 90
62006 18 37
62307 11 48
62307 12 49
62307 49 67
62307 58 65
62307 60 89
62608 16 59
62608 29 63
62608 50 59
62608 59 76
62909 6 88
62909 18 37
62909 22 85
62909 23 69
62909 28 62
63210 30 57
63210 51 90
63210 52 75
63210 56 59
63210 58 65
63210 59 78
63511 9 73
63511 28 84
63511 28 76
63511 76 84
63812 9 66
63812 14 48
63812 24 32
63812 59 76
64113 12 16
64113 27 81
64113 39 57
64113 50 86
64414 29 53
64414 53 73
64715 11 57
64715 22 64
64715 56 57
65016 27 60
65016 50 75
65317 3 5
65317 29 63
65317 29 73
65317 50 88
65618 16 78
65618 28 73
65618 53 63
65618 61 71
65618 70 73
65618 75 79
65919 17 18
65919 18 68
65919 24 48
65919 32 58
66220 29 53
66220 37 58
66220 44 51
66521 27 60
66521 29 63
66521 37 58
66521 50 75
66822 21 69
66822 21 61
66822 61 69
67123 67 84
67424 25 36
67424 53 63
67725 22 64
67725 61 69
68026 14 39
68026 14 58
68327 9 29
68327 11 48
68327 24 48
68327 27 81
68327 57 88
68327 74 86
68628 53 62
68628 76 78
68929 7 12
68929 38 69
69230 21 76
69230 21 69
69230 22 85
69531 1 12
69531 5 45
69531 9 73
69531 9 62
69832 0 14
69832 7 78
69832 9 62
69832 21 84
69832 21 56
69832 29 53
69832 52 87
70133 5 18
70434 1 65
70434 8 39
70434 8 85
70434 9 62
70434 12 29
70434 14 45
70434 22 51
70434 29 63
70434 38 45
70434 41 86
70434 50 75
70434 53 70
70434 61 90
70434 75 79
70735 53 70
71036 1 76
71036 22 64
71036 24 48
71036 27 76
71036 44 51
71036 52 87
71036 77 82
71337 9 73
71337 35 50
71337 50 86
71337 50 84
71638 29 53
71638 35 49
71638 52 86
71638 57 60
71638 74 86
71939 23 29
72240 14 58
72240 22 38
72541 9 73
72541 14 24
72541 59 76
72842 14 48
72842 29 53
72842 53 70
72842 53 66
72842 59 76
73143 25 87
73444 12 44
73444 17 56
73745 1 84
73745 5 18
73745 15 88
73745 15 40
73745 15 84
73745 18 32
73745 22 32
73745 23 69
73745 28 30
73745 29 53
73745 59 88
73745 59 84
73745 62 75
73745 81 84
73745 84 88
74046 29 70
74347 1 16
74347 15 16
74347 25 49
74347 55 79
74648 15 33
74648 23 61
74949 14 58
74949 59 76
75250 29 53
75551 7 84
75551 35 86
75551 35 50
75551 37 80
75551 37 50
75551 38 86
75551 50 75
75551 50 80
75852 14 37
75852 37 58
75852 44 51
76153 23 30
76153 24 48
76454 3 11
76454 28 76
76454 57 76
76755 9 63
76755 9 28
76755 61 62
77056 4 50
77056 9 62
77056 23 30
77056 30 44
77056 35 52
77056 46 49
77056 49 86
77056 53 70
77357 5 80
77357 5 18
77357 18 80
77658 22 64
77658 24 48
77658 37 58
77959 9 62
77959 28 69
77959 30 66
77959 52 75
78260 42 51
78260 46 60
78561 24 48
78561 28 70
78561 57 76
78862 0 14
78862 29 53
78862 37 58
79163 17 80
79163 21 84
79163 24 48
79163 35 75
79163 46 84
79464 4 74
79464 24 48
79464 26 71
79464 29 53
79464 35 75
79765 17 18
79765 45 65
80066 1 33
80066 14 37
80066 64 77
80367 12 43
80668 23 53
80668 35 52
80668 44 77
80668 56 84
80969 2 15
80969 2 3
80969 24 48
80969 35 75
81270 0 24
81270 5 24
81270 12 58
81270 39 58
81270 79 88
81571 7 27
81571 8 17
81571 8 51
81571 8 39
81571 8 14
81571 14 51
81571 14 90
81571 19 51
81571 39 51
81571 51 90
81872 14 24
82173 9 73
82173 49 73
82173 50 86
82173 57 60
82474 35 75
82474 45 58
82775 0 14
82775 7 16
82775 8 60
82775 15 67
82775 28 29
83076 8 26
83076 26 80
83076 31 58
83076 39 85
83076 80 91
83377 24 48
83377 42 84
83377 52 84
83377 53 63
83678 44 51
83678 57 62
83979 11 23
83979 23 69
83979 45 58
84280 14 72
84280 28 53
84581 3 53
84581 22 32
84581 22 45
84581 28 70
84581 44 51
84581 53 70
84581 53 61
84882 3 85
84882 50 86
85183 1 7
85183 1 27
85183 6 40
85183 7 27
85183 9 62
85183 29 53
85183 55 74
85484 9 62
85484 29 53
85484 37 58
85484 50 74
85785 67 84
86086 3 83
86086 29 53
86086 50 74
86387 9 62
86387 12 77
86387 12 44
86387 12 58
86387 24 48
86387 27 46
86387 27 65
86387 27 57
86387 39 65
86387 39 58
86387 46 56
86387 46 57
86387 53 70
86387 58 65
86688 17 18
86688 22 32
86688 79 87
86688 84 87
86989 2 6
86989 2 10
86989 5 39
86989 6 10
86989 7 16
86989 9 62
86989 14 82
86989 21 56
86989 45 58
87290 6 40
87290 9 30
87290 9 29
87290 28 29
87290 28 53
87290 29 53
87591 14 24
87591 50 55
87892 8 26
87892 44 51
88193 9 73
88193 9 62
88193 14 51
88193 29 53
88193 49 55
88494 64 77
88795 17 18
88795 28 30
88795 64 77
89096 22 64
89096 24 48
89096 44 51
89096 77 82
89397 9 62
89397 12 16
89397 35 75
89397 57 60
89397 57 88
89397 58 90
89698 45 72
89999 3 72
89999 52 79
89999 62 73
89999 79 86
90300 0 14
90300 18 45
90300 35 52
90601 9 62
90601 50 74
90601 58 72
90902 37 84
91203 28 69
91203 46 89
91504 19 76
91504 22 64
91504 35 79
91504 77 82
91805 4 79
91805 9 29
91805 27 81
91805 57 88
92106 4 86
92106 29 53
92407 12 60
92407 35 75
92708 52 79
93009 45 65
93009 56 86
93009 56 84
93009 84 86
93310 22 38
93611 23 53
93611 28 69
93611 35 52
93611 46 50
93611 50 86
93611 53 70
93912 9 66
93912 14 24
93912 24 58
93912 28 84
94213 35 75
94213 62 73
94514 0 45
94514 7 78
94514 7 21
94514 14 24
94514 21 78
94514 29 53
94815 28 84
94815 28 43
94815 39 51
95116 7 78
95116 7 59
95116 20 52
95116 20 35
95116 28 40
95116 28 73
95116 35 52
95116 35 84
95116 35 87
95116 40 84
95116 42 79
95116 52 84
95116 56 87
95116 56 84
95417 0 45
95417 29 53
95417 37 58
95417 37 47
95718 5 54
95718 7 59
95718 9 62
95718 62 69
96019 21 42
96019 22 38
96019 24 45
96019 25 28
96019 27 57
96019 53 70
96320 24 45
96320 29 53
96320 44 51
96621 9 62
96621 14 24
96621 18 47
96621 19 58
96621 21 69
96621 58 72
96922 7 58
96922 24 35
96922 24 48
96922 29 53
96922 49 52
96922 55 79
97223 9 62
97223 13 88
97223 21 88
97223 29 53
97223 29 69
97223 45 83
97223 50 74
97223 55 79
97524 9 73
97524 29 63
97825 23 30
97825 45 72
97825 45 65
97825 49 74
97825 49 55
97825 50 86
97825 52 84
97825 65 72
97825 69 73
98126 5 21
98126 21 84
98427 29 53
98728 8 26
98728 14 44
99029 9 63
99330 53 63
99631 9 62
99631 9 73
99631 50 86
99932 22 64
99932 30 66
99932 44 86
99932 58 65
100233 7 12
100233 29 53
100233 45 83
100233 50 74
100534 28 84
100835 9 62
100835 77 82
101136 9 73
101136 63 70
101437 0 48
101437 9 63
101437 52 87
101738 7 12
101738 23 29
102039 5 14
102340 9 62
102340 38 58
102340 38 45
102340 45 58
102641 4 79
102641 16 84
102942 15 33
103243 15 33
103243 50 86
103243 60 81
103243 76 88
103544 2 28
103544 2 39
103544 11 34
103544 28 38
103544 61 86
103544 77 86
103845 5 37
103845 24 31
103845 31 48
104146 0 14
104146 8 26
104146 9 62
104146 12 32
104146 17 51
104146 21 56
104146 25 39
104146 39 51
104146 56 60
104447 4 41
104447 27 57
104447 28 69
104748 11 44
104748 25 86
104748 35 75
104748 35 52
104748 52 75
105049 8 16
105049 28 69
105350 7 88
105350 7 27
105350 7 57
105350 27 88
105350 27 77
105350 27 58
105350 58 77
105651 9 73
105651 28 53
105651 50 74
105952 29 53
105952 50 86
105952 51 65
106253 7 76
106253 8 26
106253 15 33
106253 23 29
106253 29 53
106253 53 63
106554 12 88
106554 22 85
106554 55 74
106855 4 48
106855 7 76
106855 8 34
106855 8 90
106855 11 24
106855 12 16
106855 27 81
106855 27 76
106855 35 75
107156 29 63
107156 50 86
107457 7 84
107457 44 65
107758 32 85
107758 50 86
108059 22 85
108059 61 69
108059 76 78
108360 7 25
108360 22 64
108360 49 84
108360 50 84
108360 50 52
108360 52 84
108661 28 70
108962 7 25
108962 16 25
108962 30 66
109263 7 56
109263 9 73
109564 28 69
109564 29 53
109865 35 75
109865 44 51
110166 14 48
110166 23 30
110166 24 48
110166 39 58
110166 45 58
110166 45 72
110166 58 72
110467 9 62
110467 38 58
110467 38 45
110467 59 78
110467 76 78
110768 7 88
110768 17 51
110768 29 53
110768 29 63
110768 39 51
110768 53 63
110768 53 69
110768 66 69
111069 58 72
111069 64 77
111370 34 86
111671 2 15
111671 17 18
111671 35 75
111972 35 51
111972 35 84
111972 44 51
111972 45 51
111972 53 70
111972 56 88
111972 57 88
112273 21 46
112273 21 26
112273 24 48
112273 26 31
112273 49 79
112574 12 59
112875 5 72
112875 9 62
112875 49 86
112875 49 55
112875 55 86
113176 28 69
113477 8 26
113477 9 62
113477 29 53
113477 36 55
113477 36 79
113477 55 79
113778 12 58
113778 12 56
113778 17 34
113778 50 75
113778 56 58
114079 19 28
114079 35 75
114079 45 65
114380 9 28
114380 9 63
114681 5 37
114681 5 18
114681 14 77
114681 18 37
114681 64 77
114982 23 69
114982 23 30
114982 29 53
114982 30 63
114982 30 53
115283 29 53
115584 3 14
115584 7 88
115584 9 63
115584 9 28
115885 17 18
115885 29 63
116186 35 55
116186 50 74
116487 28 29
116487 29 70
116788 17 68
116788 42 50
117089 29 63
117089 50 84
117089 58 65
117089 59 76
117089 76 81
117390 31 71
117691 21 59
117992 37 58
117992 50 86
118293 7 25
118293 35 84
118293 45 70
118293 52 84
118594 63 70
118895 9 62
118895 29 30
118895 50 86
119196 9 73
119196 9 62
119497 29 53
119497 46 89
119798 9 62
119798 35 75
120099 9 62
120400 22 85
120701 9 73
120701 9 69
120701 29 53
120701 49 52
120701 55 79
120701 67 76
121002 17 18
121002 29 53
121303 14 24
121303 28 84
121303 39 51
121604 29 70
121604 29 69
121604 29 53
121604 53 63
121604 59 78
121604 85 91
121905 24 48
121905 29 30
121905 30 63
121905 47 58
122206 29 53
122206 35 75
122206 42 50
122507 9 62
122507 29 53
122808 28 66
123109 8 26
123109 49 74
123410 29 53
123410 37 58
123410 50 86
123410 51 65
123711 28 69
123711 29 63
124012 37 77
124012 42 76
124012 49 55
124012 55 86
124313 9 63
124313 28 70
124313 28 53
124313 53 70
124313 61 62
124614 22 64
124614 40 88
124614 44 51
124614 67 78
124915 16 76
124915 32 38
125216 1 12
125216 9 73
125216 9 62
125216 51 71
125517 14 24
125517 27 56
125517 27 60
125517 28 53
125517 29 53
125517 29 70
125517 45 65
125517 65 72
125818 1 84
125818 5 18
125818 6 84
125818 7 84
125818 20 84
125818 28 30
125818 29 53
125818 32 38
125818 33 84
125818 67 84
125818 81 84
125818 84 88
126119 7 58
126119 7 25
126119 21 69
126119 25 58
126119 27 76
126119 28 66
126119 75 79
126119 76 78
126420 5 72
126420 28 69
126420 49 55
126420 49 86
126420 55 86
126721 6 40
126721 7 16
127022 9 62
127022 23 30
127022 39 51
127022 42 76
127022 49 55
127323 3 72
127323 8 83
127323 14 44
127323 29 53
127323 44 51
127624 7 25
127624 9 66
127624 9 72
127624 22 64
127624 35 52
127925 8 26
127925 29 91
127925 39 58
127925 42 43
127925 42 50
128226 24 48
128226 52 75
128226 69 70
128527 2 15
128527 5 11
128527 14 19
128527 17 18
128527 19 79
128527 42 79
128828 21 46
128828 24 48
128828 26 31
128828 75 79
129129 9 62
129129 22 85
129129 29 53
129129 32 38
129430 28 70
129731 3 68
129731 28 69
129731 37 77
129731 52 75
129731 62 73
130032 0 14
130032 12 88
130032 31 51
130032 51 71
130333 3 5
130333 29 73
130333 50 86
130634 21 56
130634 36 50
130935 7 25
130935 24 48
130935 28 69
131236 9 73
131236 16 88
131236 21 69
131236 22 64
131236 53 70
131537 4 52
131537 14 24
131537 21 69
131537 29 53
131838 8 58
131838 14 58
131838 19 27
131838 27 50
131838 27 84
131838 27 35
131838 27 52
131838 27 75
131838 27 65
131838 27 72
131838 35 75
131838 35 38
131838 35 37
131838 35 45
131838 45 58
131838 45 72
131838 58 72
132139 7 27
132139 27 60
132139 27 57
132139 28 61
132139 29 53
132139 49 74
132139 57 60
132440 11 86
132440 12 86
132440 76 78
132741 24 69
132741 28 69
133042 9 73
133042 9 62
133042 50 74
133343 14 58
133343 14 37
133343 22 91
133343 23 30
133343 38 80
133343 38 91
133343 85 91
133644 9 62
133644 11 44
133945 24 45
133945 55 79
133945 69 73
134246 2 88
134246 40 88
134246 40 84
134246 84 88
134547 5 11
134547 11 24
134547 14 48
134547 19 59
134547 19 76
134547 28 73
134547 29 53
134547 39 51
134547 70 73
134848 17 18
135149 44 51
135149 88 89
135450 14 37
135450 29 53
135751 22 80
135751 28 69
135751 53 70
136052 5 22
136052 23 61
136353 62 73
136353 71 83
136654 3 5
136654 29 63
136955 32 80
136955 45 83
136955 50 74
136955 55 79
136955 58 72
137256 2 33
137256 24 87
137256 58 62
137557 0 14
137858 29 53
137858 52 86
138159 0 24
138159 0 48
138159 9 62
138159 15 67
138159 16 59
138159 23 30
138159 24 48
138159 28 30
138159 44 51
138159 52 75
138460 23 30
138460 49 74
138460 49 55
138460 55 74
138460 69 73
138761 24 48
138761 24 45
138761 29 63
138761 29 70
138761 39 45
138761 42 65
138761 45 72
138761 45 48
139062 12 64
139062 12 45
139062 12 58
139062 17 18
139062 18 68
139062 34 58
139062 45 58
139062 64 77
139363 0 14
139363 14 37
139363 17 18
139363 28 30
139363 37 82
139664 5 85
139664 5 80
139664 21 84
139664 28 69
139965 17 18
139965 22 32
139965 35 75
139965 39 90
139965 79 87
140266 11 84
140266 12 84
140266 16 33
140266 29 53
140266 42 43
140266 44 45
140266 49 84
140266 49 58
140266 49 64
140266 58 84
140266 64 77
140266 79 88
140567 9 62
140567 29 69
140567 29 53
140567 50 74
140567 53 69
140567 55 79
140868 12 44
140868 12 58
140868 12 77
140868 24 48
140868 58 65
141169 9 73
141169 17 18
141169 35 75
141169 39 90
141470 21 76
141771 12 78
142072 17 68
142072 28 69
142072 29 53
142072 37 82
142072 44 51
142373 2 15
142373 3 14
142373 3 44
142373 9 73
142373 9 62
142373 11 44
142373 19 73
142373 29 63
142373 62 73
142373 62 66
142674 22 64
142674 28 57
142674 37 58
142975 25 87
143276 39 58
143276 65 84
143276 79 84
143276 79 88
143577 1 88
143577 9 62
143577 27 88
143577 28 69
143577 29 53
143878 5 44
143878 11 44
143878 28 69
143878 29 70
143878 44 51
144179 4 55
144480 5 37
144480 9 62
144480 9 73
144480 24 48
144480 24 77
144480 24 74
144781 21 84
144781 30 66
144781 55 86
145082 28 70
145082 38 39
145383 9 69
145383 9 63
145383 24 48
145383 28 70
145383 37 65
145383 53 70
145383 61 62
145684 17 18
145985 5 72
145985 30 66
145985 32 91
145985 34 72
145985 53 63
146286 19 62
146286 22 64
146286 77 82
146587 7 58
146587 19 76
146587 21 69
146587 28 73
146587 59 76
146888 29 53
146888 44 51
147189 1 33
147189 1 7
147189 5 72
147189 11 72
147189 14 37
147189 24 45
147189 37 58
147189 58 65
147490 8 90
147490 8 58
147490 45 58
147791 1 78
147791 9 19
147791 9 73
147791 19 42
147791 19 50
147791 58 72
147791 62 73
148092 15 33
148393 9 62
148393 29 53
148393 57 88
148694 4 87
148694 9 62
148694 22 85
148694 29 53
148694 36 50
148694 84 89
148995 5 24
148995 5 65
148995 9 66
148995 9 13
148995 24 32
148995 57 60
149296 11 23
149296 21 30
149296 23 69
149296 37 58
149296 74 86
149597 58 65
149597 76 78
149597 76 81
149597 78 81
149898 11 44
149898 25 75
150199 27 60
150199 29 63
150500 9 28
150500 12 84
150500 55 87
150801 3 68
150801 29 63
151102 35 50
151102 42 50
151403 25 84
151403 64 77
151403 75 79
151704 23 29
151704 29 63
151704 31 71
151704 52 79
152005 7 58
152005 21 84
152005 24 45
152005 28 62
152005 56 60
152306 0 24
152306 4 86
152306 9 69
152306 21 84
152306 24 48
152306 61 62
152607 3 72
152607 22 38
152607 22 32
152908 14 72
152908 30 73
152908 30 69
152908 53 69
153209 14 37
153209 35 87
153209 35 52
153510 28 84
153811 9 62
153811 29 53
153811 57 88
154112 51 54
154112 63 89
154413 8 26
154413 23 30
154413 23 53
154413 29 53
154413 30 53
154413 39 58
154714 2 15
154714 23 30
155015 21 61
155015 24 45
155015 30 66
155015 69 73
155316 0 24
155316 4 84
155316 35 52
155316 55 79
155617 35 75
155617 35 52
155918 17 68
155918 36 50
156219 3 24
156219 15 33
156219 23 30
156219 28 29
156219 44 51
156219 53 63
156520 3 58
156520 25 86
156520 37 58
156520 53 77
156821 29 53
157122 9 30
157122 24 48
157122 31 91
157122 32 88
157122 66 69
157423 1 76
157423 35 79
157423 77 82
157724 37 58
157724 44 51
158025 8 26
158025 28 70
158326 5 18
158326 7 33
158326 29 90
158326 44 51
158326 45 64
158326 81 88
158627 7 81
158627 14 45
158627 57 60
158928 7 78
158928 20 35
158928 29 73
158928 29 61
158928 35 52
158928 56 87
158928 56 84
158928 63 70
158928 84 87
159229 24 59
159229 29 53
159229 45 90
159229 53 63
159530 11 84
159530 14 71
159530 37 58
159530 50 86
159831 0 24
160132 3 14
160132 9 62
160132 9 28
160132 9 44
160132 34 44
160132 44 45
160433 15 33
160734 1 7
160734 17 18
160734 55 79
160734 75 79
161035 24 31
161035 24 48
161035 31 48
161035 71 83
161336 53 69
161336 61 69
161637 14 58
161637 21 61
161938 15 33
161938 25 86
162239 44 51
162239 55 79
162540 2 15
162540 3 14
162540 7 50
162540 9 62
162540 9 73
162841 24 48
163142 24 58
163443 8 37
163443 37 82
163443 37 58
163443 58 82
163744 12 58
163744 43 58
163744 44 45
163744 79 88
164045 0 24
164045 17 18
164045 79 87
164045 84 87
164346 36 55
164647 14 47
164647 32 38
164948 20 40
164948 29 53
164948 50 86
165249 14 72
165249 14 34
165249 14 85
165249 24 48
165249 27 75
165249 27 35
165249 35 75
165550 7 16
165550 7 25
165550 16 25
165550 30 66
165851 9 62
165851 17 68
165851 18 68
166152 14 44
166152 14 22
166453 1 76
166453 37 58
166754 16 25
166754 52 87
167055 5 72
167055 5 37
167055 5 22
167055 16 45
167055 18 72
167055 22 37
167055 22 26
167055 26 72
167055 26 37
167055 26 71
167055 28 73
167055 37 72
167055 60 81
167055 60 88
167356 11 44
167356 44 53
167356 53 70
167657 30 53
167657 58 72
167657 58 85
167657 80 85
167958 6 10
167958 16 46
167958 44 51
167958 57 88
168259 2 28
168259 5 22
168259 23 61
168560 45 65
168861 39 51
169162 15 33
169463 3 5
169463 5 18
169463 11 24
169463 18 22
169463 79 84
169764 17 18
170065 7 76
170065 9 63
170366 17 18
170366 32 38
170667 11 84
170667 18 47
170667 18 37
170667 58 65
170968 4 86
170968 52 86
171269 0 48
171269 8 90
171269 16 84
171269 29 53
171570 11 24
171570 19 59
171570 37 72
171570 59 76
171570 70 73
171871 5 84
171871 22 77
171871 24 48
172172 17 68
172172 22 85
172172 26 37
172172 28 70
172172 37 72
172172 55 86
172473 58 65
172473 76 84
172774 50 86
172774 52 84
172774 52 75
172774 59 76
172774 75 84
173075 2 10
173075 2 40
173075 2 6
173075 6 10
173075 21 88
173075 44 51
173376 17 68
173376 29 53
173376 57 60
173677 24 44
173677 29 63
173978 2 10
173978 3 14
173978 6 10
173978 11 14
173978 44 51
174279 5 39
174279 24 48
174279 35 86
174279 35 52
174580 50 74
174580 53 69
174881 35 52
175182 9 73
175182 29 63
175483 21 84
175784 21 84
175784 24 48
175784 55 79
176085 8 79
176085 21 69
176085 29 63
176386 45 65
176386 52 86
176687 29 63
176687 56 84
176988 4 50
176988 9 62
176988 9 73
176988 15 67
176988 28 69
176988 44 51
176988 52 75
177289 9 19
177289 9 62
177289 9 73
177289 19 73
177289 45 65
177289 62 73
177590 0 14
177590 41 79
177590 53 69
177590 77 82
177891 14 22
178192 9 62
178192 9 19
178192 14 37
178192 19 44
178192 21 61
178192 22 64
178192 29 53
178192 44 45
178192 44 58
178192 44 60
178192 59 76
178493 17 68
178794 9 62
179095 12 58
179095 58 72
179095 59 78
179396 5 18
179396 7 16
179396 9 29
179396 22 32
179396 52 55
179396 55 74
179697 23 30
179998 1 16
179998 7 88
179998 9 62
179998 35 79
179998 35 52
179998 35 36
179998 35 84
179998 36 79
179998 76 88
180299 53 70
180600 11 26
180600 35 75
180901 3 37
180901 5 34
181202 5 47
181202 9 28
181202 9 63
181202 9 69
181202 9 73
181202 9 62
181202 24 48
181202 28 73
181503 2 60
181503 7 33
181503 11 56
181503 28 53
181503 44 51
181503 53 70
181503 58 65
181804 0 48
181804 8 16
181804 8 90
181804 16 84
181804 29 53
181804 29 30
182105 5 14
182105 9 62
182105 29 53
182105 37 58
182406 0 48
182406 8 90
182406 9 80
182406 9 30
182406 15 67
182406 24 48
182406 30 53
182406 53 73
182406 53 62
182707 7 84
182707 8 26
182707 21 84
182707 31 71
183008 24 48
183008 29 53
183008 35 75
183309 23 69
183610 29 53
183911 7 78
183911 28 69
183911 46 60
183911 49 86
183911 49 55
183911 55 86
184212 53 70
184513 5 14
184513 29 70
184513 44 51
184814 17 68
184814 50 86
185115 7 16
185115 29 53
185416 17 18
185416 22 32
185416 32 38
185717 49 55
186018 7 58
186018 9 73
186018 24 35
186018 29 53
186018 35 48
186018 42 55
186018 49 52
186018 55 79
186319 2 12
186319 12 72
186319 58 72
186319 59 78
186319 65 72
186620 29 53
186620 30 62
186620 49 52
186921 35 75
186921 39 58
186921 79 88
187222 29 63
187222 62 73
187523 14 58
187523 21 61
187824 11 48
187824 44 58
187824 49 84
187824 50 74
187824 75 88
187824 79 88
188125 2 84
188125 3 68
188125 8 90
188125 9 30
188125 9 62
188125 24 48
188125 52 75
188125 62 73
188426 6 58
188426 6 7
188426 7 58
188426 29 53
188727 19 59
188727 19 76
188727 24 45
188727 25 47
188727 27 57
188727 28 69
189028 0 48
189028 9 73
189028 9 62
189028 15 67
189028 52 75
189329 1 16
189329 8 26
189630 9 62
189630 17 18
189630 29 61
189630 44 51
189630 50 86
189630 79 87
189931 35 75
189931 55 86
190232 29 63
190533 35 75
190533 76 84
190834 7 12
190834 22 91
190834 24 32
190834 33 84
190834 79 88
190834 85 91
191135 37 58
191436 7 88
191737 0 14
192038 22 50
192038 27 58
192339 9 62
192640 9 63
192640 9 73
192941 34 84
192941 35 75
192941 50 86
192941 55 74
193242 29 53
193242 37 58
193242 62 69
193543 32 38
193844 3 45
194145 2 88
194145 3 44
194145 7 58
194446 3 58
194446 30 53
194747 0 24
194747 35 49
194747 45 58
194747 50 86
194747 55 74
195048 39 72
195048 42 72
195048 42 58
195048 58 72
195349 3 83
195349 3 43
195349 44 51
195650 2 15
195650 2 33
195650 9 73
195650 9 62
195650 15 72
195650 29 63
195650 40 75
195650 50 75
195650 58 86
195650 58 78
195650 58 59
195650 59 78
195650 72 86
195650 72 78
195650 72 75
195650 75 86
195951 28 70
196252 7 27
196252 27 57
196252 57 60
196553 3 37
196553 8 26
196553 22 37
196553 23 30
196553 25 49
196553 29 63
196553 37 90
196553 53 61
196854 19 73
196854 52 75
197155 9 62
197155 9 69
197155 9 66
197155 28 69
197155 29 30
197155 30 66
197155 37 58
197155 37 77
197155 64 82
197155 65 82
197456 2 10
197456 6 84
197456 10 16
197456 10 33
197456 11 84
197456 12 44
197456 24 31
197456 33 44
197456 39 51
197456 51 58
197456 51 65
197456 58 65
197456 67 84
197757 11 23
197757 23 69
197757 53 63
198058 17 18
198058 45 65
198058 49 52
198058 52 86
198359 1 10
198359 1 16
198359 1 33
198359 2 10
198359 2 6
198359 5 39
198359 6 10
198359 6 40
198359 6 27
198359 10 38
198359 10 40
198359 10 16
198359 12 44
198359 12 77
198359 16 33
198359 17 18
198359 24 48
198359 27 40
198359 38 45
198359 38 85
198359 39 65
198359 45 85
198660 29 63
198961 4 50
198961 7 57
198961 8 26
198961 9 62
198961 13 50
198961 14 37
198961 32 80
198961 37 90
199262 1 16
199262 1 59
199262 16 59
199262 49 55
199262 55 79
199563 29 53
199864 7 59
199864 8 90
199864 24 48
199864 79 86
200165 0 24
200165 19 42
200165 19 50
200165 20 35
200165 22 32
200165 55 79
200165 84 87
200466 11 44
200466 24 48
200767 19 86
201068 7 78
201068 8 26
201068 14 24
201068 14 64
201068 17 68
201068 29 53
201369 9 73
201369 11 23
201369 17 18
201369 22 85
201670 1 33
201670 1 2
201670 1 6
201670 2 6
201670 2 10
201670 6 33
201670 10 84
201670 16 53
201670 16 70
201670 33 44
201670 39 51
201670 51 58
201670 51 65
201670 53 70
201670 56 84
201670 58 65
201670 67 84
201971 20 35
201971 39 45
201971 42 79
201971 52 84
201971 56 84
202272 3 8
202272 14 85
202272 19 79
202272 24 48
202272 45 65
202573 21 84
202573 22 85
202874 4 79
202874 37 58
202874 75 79
203175 14 58
203175 21 76
203175 25 79
203476 9 62
203777 21 27
203777 21 59
203777 34 45
203777 54 71
204078 3 80
204379 21 69
204379 58 85
204680 21 84
204680 23 29
204680 51 65
204981 7 12
204981 22 32
205282 12 78
205282 58 65
205282 84 89
205583 11 77
205583 17 34
205583 22 48
205583 27 81
205583 27 48
205583 27 77
205583 27 64
205583 48 64
205583 64 77
205583 85 90
205884 9 62
206185 9 62
206185 28 29
206486 17 68
206486 17 34
206486 28 45
206486 44 45
206787 24 48
206787 46 84
206787 74 79
207088 7 84
207088 24 84
207088 27 84
207088 33 84
207088 51 58
207389 0 24
207389 5 34
207690 1 59
207690 6 88
207690 32 38
207991 8 26
207991 9 62
207991 9 28
207991 28 73
207991 28 62
207991 50 52
207991 50 86
208292 27 73
208292 29 53
208292 37 84
208292 49 86
208292 49 50
208593 16 84
208894 22 77
208894 22 64
209195 8 26
209195 50 74
209195 53 69
209496 22 64
209496 27 57
209496 44 51
209496 77 82
209797 21 69
209797 29 53
209797 75 79
210098 7 58
210399 35 79
210399 77 82
210700 1 16
210700 35 52
210700 35 84
211001 28 84
211001 35 75
211001 55 75
211302 1 7
211302 1 40
211302 7 40
211302 33 59
211603 9 63
211603 28 70
211603 35 75
211904 49 55
211904 49 86
211904 50 86
211904 52 55
212205 18 37
212205 53 70
212506 3 44
212506 44 51
212506 77 82
212807 9 28
212807 9 69
212807 9 63
212807 17 68
212807 28 73
212807 28 70
212807 28 30
212807 28 69
212807 30 62
212807 35 75
212807 53 62
212807 53 70
212807 61 62
213108 23 30
213108 29 53
213108 29 30
213108 35 52
213108 43 45
213108 44 51
213409 52 79
213710 25 86
213710 29 53
213710 50 86
214011 5 18
214011 5 11
214011 62 73
214312 8 26
214312 85 90
214613 9 28
214613 9 63
214613 28 69
214613 37 77
214914 0 14
214914 7 16
214914 8 90
214914 8 60
214914 9 62
214914 9 69
214914 17 68
215215 29 70
215215 44 72
215215 53 70
215516 16 61
215516 23 53
215516 28 69
215516 30 53
215817 1 59
215817 1 88
215817 1 84
215817 11 24
215817 12 88
215817 15 88
215817 23 69
215817 24 55
215817 50 86
215817 84 88
216118 34 84
216118 35 75
216118 35 50
216118 37 84
216118 49 86
216118 50 74
216118 58 84
216118 75 86
216419 14 47
216419 45 72
216720 28 62
216720 28 29
216720 29 53
217021 0 65
217021 14 65
217021 39 45
217322 4 86
217322 9 62
217322 24 48
217623 11 24
217623 11 51
217623 17 68
217623 22 64
217623 27 51
217623 27 68
217924 4 86
217924 29 53
217924 37 58
218225 24 31
218225 31 48
218225 81 88
218526 17 18
218526 22 58
218526 22 32
218526 32 58
218827 16 84
218827 28 69
218827 32 38
218827 35 50
218827 37 82
218827 37 77
218827 45 65
219128 50 86
219429 5 72
219429 12 44
219429 58 65
219730 9 62
219730 16 76
219730 17 68
219730 21 61
219730 24 37
219730 35 75
219730 42 75
219730 45 90
219730 55 79
219730 59 76
220031 22 64
220031 35 52
220031 44 51
220031 46 89
220332 0 24
220332 42 44
220332 55 79
220332 56 84
220332 56 87
220332 75 79
220633 5 85
220633 5 72
220633 55 86
220633 72 80
220633 80 85
220934 11 44
221235 22 64
221235 45 85
221235 45 65
221235 65 85
221536 5 85
221536 76 78
221837 9 73
221837 17 84
221837 24 28
221837 29 53
222138 5 34
222138 29 63
222138 53 63
222439 8 30
222439 8 90
222439 9 73
222439 15 67
222439 52 75
222439 53 73
222740 22 64
222740 77 82
223041 9 43
223041 9 73
223041 15 67
223041 23 69
223041 30 66
223041 52 75
223041 55 86
223342 29 63
223643 7 50
223944 2 39
223944 5 48
223944 12 48
223944 12 14
223944 12 20
223944 14 20
223944 14 58
223944 14 78
223944 20 58
223944 20 78
223944 24 87
223944 29 39
223944 31 58
223944 58 78
224245 28 69
224546 5 51
224546 5 35
224546 14 39
224546 17 51
224546 27 35
224546 27 75
224546 35 75
224546 51 68
224847 8 26
224847 9 62
224847 21 84
225148 28 69
225148 53 70
225449 8 26
225449 31 71
225449 42 59
225449 53 63
225750 42 86
225750 55 86
226051 8 26
226051 21 61
226051 22 64
226352 23 30
226352 29 63
226352 37 77
226352 55 86
226653 12 27
226653 17 34
226954 50 74
227255 29 63
227556 50 86
227556 56 84
227857 29 53
228158 24 48
228158 29 30
228158 30 53
228158 30 63
228459 23 29
228459 28 29
228459 29 53
228459 35 52
228760 9 62
228760 20 31
228760 24 31
228760 24 48
228760 31 48
228760 71 83
229061 9 51
229061 9 39
229061 9 62
229061 39 51
229362 29 53
229362 29 63
229362 45 65
229362 45 85
229362 58 65
229663 5 75
229964 7 58
229964 29 53
229964 35 48
229964 49 52
229964 55 79
230265 9 62
230265 15 33
230265 44 52
230265 62 73
230566 7 88
230566 26 52
230867 29 53
230867 29 63
231168 9 73
231168 29 69
231168 29 53
231168 37 58
231168 50 74
231168 53 69
231469 18 37
231469 29 53
231469 35 55
231469 39 72
231469 80 85
231770 9 62
231770 9 45
231770 12 57
231770 13 50
231770 14 85
231770 14 24
231770 27 75
231770 45 61
231770 45 83
231770 50 74
232071 1 88
232071 9 62
232071 9 73
232071 16 88
232071 28 73
232071 29 73
232071 35 52
232071 37 77
232071 53 73
232071 62 73
232372 7 84
232372 16 84
232372 25 84
232372 64 77
232673 2 10
232673 2 6
232673 5 51
232673 6 10
232673 11 14
232673 14 34
232673 27 46
232673 44 51
232974 7 16
232974 7 25
232974 16 25
232974 17 18
232974 30 66
233275 19 79
233275 21 61
233275 24 45
233275 27 57
233275 28 69
233275 44 51
233275 53 66
233275 61 66
233275 79 87
233576 1 7
233576 9 73
233576 14 51
233576 23 53
233576 23 73
233576 23 29
233576 28 53
233576 28 73
233576 28 29
233576 29 53
233877 24 58
233877 32 80
233877 67 76
234178 0 48
234178 16 84
234178 24 48
234178 29 53
234479 8 26
234479 14 44
234479 52 79
234780 17 68
234780 17 34
234780 34 68
234780 35 75
234780 35 36
234780 36 75
234780 75 86
235081 1 27
235081 1 7
235081 6 27
235081 6 7
235081 27 33
235081 29 63
235081 37 58
235081 44 65
235382 29 53
235683 3 5
235683 11 48
235683 11 24
235683 57 88
235984 9 73
235984 9 30
235984 9 29
235984 29 63
235984 29 62
235984 61 63
235984 63 66
236285 24 48
236285 26 31
236285 35 75
236285 37 91
236586 9 23
236586 9 62
236887 0 14
236887 3 14
236887 8 90
236887 9 69
236887 16 84
236887 17 18
236887 30 53
236887 65 82
237188 34 84
237188 50 74
237188 58 72
237188 80 85
237489 39 58
237489 49 58
237489 49 79
237489 49 88
237489 79 88
237489 79 84
237790 28 84
237790 39 51
238091 0 14
238091 7 16
238091 8 60
238091 8 90
238091 9 62
238091 53 66
238392 5 37
238392 35 75
238392 35 49
238392 46 57
238693 5 37
238693 5 34
238693 7 27
238693 7 88
238693 23 30
238693 27 88
238693 30 34
238693 34 37
238994 8 26
238994 22 91
238994 24 48
238994 42 43
238994 48 49
238994 53 70
238994 79 88
239295 22 64
239295 24 48
239295 77 82
239596 18 22
239596 22 85
239596 28 66
239596 80 85
239897 7 58
239897 15 33
239897 60 81
240198 5 72
240198 50 74
240198 53 69
240198 55 79
240499 29 53
240499 50 74
240499 52 86
240800 19 75
240800 19 50
240800 27 60
240800 35 75
240800 35 50
240800 50 75
240800 50 52
240800 52 75
241101 14 24
241101 14 58
241101 24 58
241402 7 16
241402 7 84
241402 7 25
241402 16 84
241402 16 25
241402 25 84
241402 50 84
241703 65 91
242004 9 62
242004 29 53
242305 35 75
242305 35 52
242305 52 75
242606 55 79
242907 40 56
243208 0 14
243208 53 70
243208 60 79
243509 3 19
243509 3 14
243509 9 14
243509 19 42
243509 29 63
243810 29 53
243810 36 79
243810 36 55
243810 55 79
244111 1 2
244111 1 78
244111 2 10
244111 6 10
244111 7 78
244111 21 76
244111 77 82
244412 2 15
244412 2 48
244412 15 48
244412 24 49
244412 35 75
244412 48 49
244713 7 88
244713 9 62
244713 52 75
245014 0 45
245014 29 91
245014 29 53
245014 53 63
245315 9 62
245315 22 32
245315 76 78
245616 24 28
245616 29 53
245616 55 74
245616 76 81
245917 8 26
245917 53 63
246218 9 63
246218 9 73
246218 9 28
246218 9 69
246218 24 48
246218 28 70
246218 37 65
246218 53 70
246218 61 62
246519 11 23
246820 0 51
246820 4 36
246820 17 18
246820 26 65
246820 29 53
246820 45 72
247121 24 48
247121 29 69
247121 66 69
247422 8 26
247422 9 62
247422 52 84
247723 22 85
247723 61 69
247723 63 70
248024 0 24
248024 5 34
248024 23 29
248024 29 30
248325 7 21
248325 7 78
248325 17 68
248325 21 78
248325 29 53
248325 36 50
248626 9 28
248626 15 60
248626 16 76
248626 21 60
248626 28 62
248626 35 50
248626 38 90
248626 50 75
248626 85 90
248927 28 70
248927 39 72
248927 72 90
249228 14 48
249228 14 24
249228 24 48
249529 29 63
249529 50 86
249830 7 25
249830 7 16
249830 16 25
249830 30 66
249830 61 69
250131 14 71
250131 44 51
250131 50 86
250432 45 72
250733 0 24
250733 32 91
250733 57 60
251034 9 66
251034 9 62
251034 30 66
251034 50 74
251034 58 72
251335 62 73
251636 3 85
251636 22 85
251937 9 29
252238 29 53
252238 49 86
252238 59 76
252539 37 58
252539 44 52
252840 8 39
252840 8 85
252840 9 62
252840 9 19
252840 37 58
252840 38 45
253141 15 33
253141 46 76
253141 60 81
253442 49 55
253442 50 86
253743 9 62
253743 9 17
253743 24 48
253743 76 88
254044 2 15
254044 9 73
254044 20 40
254044 44 70
254345 9 53
254345 29 53
254345 37 58
254345 50 86
254345 53 73
254345 53 66
254345 62 73
254646 56 84
254947 5 18
254947 8 26
255248 7 78
255248 29 53
255549 14 58
255549 53 66
255850 0 48
255850 0 14
255850 9 62
255850 18 68
256151 9 63
256452 7 78
256452 9 69
256452 9 29
256452 29 63
256753 0 48
256753 9 69
256753 9 43
256753 15 67
256753 28 69
256753 44 51
256753 52 75
256753 62 73
256753 69 73
257054 1 16
257054 2 15
257054 31 71
257054 33 40
257355 0 24
257355 0 14
257355 14 24
257355 14 48
257355 22 77
257355 24 48
257355 45 48
257656 9 60
257656 15 33
257656 35 75
257957 5 72
257957 7 58
257957 9 23
257957 29 53
257957 49 52
258258 53 66
258559 6 40
258559 7 58
258559 15 33
258559 38 45
258559 44 52
258860 17 18
258860 79 87
259161 14 24
259161 22 77
259161 24 48
259462 18 90
259462 23 30
259462 35 75
259462 46 84
259462 50 86
259462 50 60
259462 57 88
259462 62 73
259763 24 48
259763 35 52
259763 39 45
259763 57 62
260064 7 76
260365 20 84
260365 35 52
260365 35 84
260365 55 79
260365 56 87
260365 56 84
260666 7 86
260666 25 35
260967 5 11
260967 5 72
261268 11 24
261268 23 30
261268 49 55
261569 28 53
261569 44 51
261870 52 79
262171 29 70
262472 3 14
262472 4 86
262472 7 12
262472 7 76
262472 9 28
262773 11 48
262773 57 76
262773 58 65
263074 21 61
263074 22 64
263074 57 88
263375 24 48
263375 35 75
263375 46 84
263676 4 52
263676 8 26
263676 28 29
263676 29 70
263676 37 77
263676 38 39
263977 1 40
263977 1 6
263977 6 60
263977 27 84
263977 44 65
263977 58 65
264278 6 10
264278 6 12
264278 11 58
264278 11 16
264278 39 65
264278 40 57
264278 44 51
264278 44 45
264278 45 51
264278 51 58
264278 51 65
264278 53 70
264278 57 88
264278 58 65
264278 79 84
264278 84 86
264579 7 58
264579 21 69
264579 36 50
264579 76 78
264880 28 66
264880 42 51
264880 46 60
264880 53 70
265181 14 85
265181 23 69
265181 23 31
265181 27 75
265181 31 69
