0 0 14
0 12 88
0 31 51
0 51 71
301 5 37
301 9 62
301 9 73
301 24 48
301 24 77
301 24 74
602 7 27
602 27 60
602 27 57
602 28 61
602 29 53
602 49 74
602 57 60
903 3 5
903 5 18
903 11 24
903 18 22
903 79 84
1204 14 50
1204 22 64
1204 44 86
1505 7 84
1505 44 65
1806 5 11
1806 11 24
1806 14 48
1806 19 59
1806 19 76
1806 28 73
1806 29 53
1806 39 51
1806 70 73
2107 9 66
2107 9 62
2107 9 73
2107 11 84
2107 62 73
2408 2 15
2408 3 14
2408 7 50
2408 9 62
2408 9 73
2709 3 18
2709 7 58
2709 12 15
2709 15 33
3010 8 26
3010 50 74
3311 14 24
3311 22 77
3311 24 48
3612 29 63
3913 14 58
3913 21 76
3913 25 79
4214 0 14
4214 7 16
4214 8 90
4214 8 60
4214 9 62
4214 9 69
4214 17 68
4515 15 60
4816 18 90
4816 23 30
4816 35 75
4816 46 84
4816 50 86
4816 50 60
4816 57 88
4816 62 73
5117 9 62
5117 29 53
5117 57 88
5418 5 44
5418 11 44
5418 28 69
5418 29 70
5418 44 51
5719 3 37
5719 5 34
6020 0 14
6020 53 70
6020 60 79
6321 3 53
6321 22 32
6321 22 45
6321 28 70
6321 44 51
6321 53 70
6321 53 61
6622 7 16
6622 29 53
6923 9 73
7224 7 58
7224 15 33
7224 60 81
7525 30 57
7525 51 90
7525 52 75
7525 56 59
7525 58 65
7525 59 78
7826 21 69
7826 29 63
8127 15 33
8127 25 86
8428 7 84
8428 24 84
8428 27 84
8428 33 84
8428 51 58
8729 17 18
8729 29 53
9030 21 84
9030 23 29
9030 51 65
9331 3 14
9331 14 37
9331 16 84
9331 17 18
9331 50 75
9632 17 18
9632 22 32
9632 35 75
9632 39 90
9632 79 87
9933 8 26
9933 44 51
10234 0 24
10535 14 22
10535 14 39
10535 21 84
10535 30 90
10535 59 78
10836 24 45
10836 55 79
10836 69 73
11137 7 46
11137 17 18
11137 42 43
11137 45 58
11438 0 14
11438 8 26
11438 9 62
11438 12 32
11438 17 51
11438 21 56
11438 25 39
11438 39 51
11438 56 60
11739 3 14
11739 9 62
11739 9 28
11739 9 44
11739 34 44
11739 44 45
12040 9 62
12040 23 30
12040 39 51
12040 42 76
12040 49 55
12341 7 12
12341 22 91
12341 24 32
12341 33 84
12341 79 88
12341 85 91
12642 12 59
12943 8 26
12943 9 62
12943 9 73
12943 69 73
13244 3 19
13244 3 14
13244 9 14
13244 19 42
13244 29 63
13545 45 65
13545 50 86
13545 55 74
13846 2 6
13846 2 10
13846 5 39
13846 6 10
13846 7 16
13846 9 62
13846 14 82
13846 21 56
13846 45 58
14147 9 73
14147 11 23
14147 17 18
14147 22 85
14448 7 58
14749 5 72
14749 7 58
14749 9 23
14749 29 53
14749 49 52
15050 8 26
15050 29 91
15050 39 58
15050 42 43
15050 42 50
15351 14 72
15351 30 73
15351 30 69
15351 53 69
15652 0 14
15652 3 14
15652 8 90
15652 9 69
15652 16 84
15652 17 18
15652 30 53
15652 65 82
15953 15 27
15953 23 30
15953 29 71
15953 37 58
16254 5 85
16254 5 72
16254 55 86
16254 72 80
16254 80 85
16555 7 78
16555 9 69
16555 9 29
16555 29 63
16856 1 16
16856 35 52
16856 35 84
17157 1 16
17157 1 59
17157 16 59
17157 49 55
17157 55 79
17458 11 77
17458 17 34
17458 22 48
17458 27 81
17458 27 48
17458 27 77
17458 27 64
17458 48 64
17458 64 77
17458 85 90
17759 12 60
17759 35 75
18060 17 68
18060 36 50
18361 7 88
18361 22 64
18361 24 48
18361 59 67
18361 61 66
18361 77 82
18662 24 69
18662 28 69
18963 1 84
18963 5 18
18963 6 84
18963 7 84
18963 20 84
18963 28 30
18963 29 53
18963 32 38
18963 33 84
18963 67 84
18963 81 84
18963 84 88
19264 11 38
19264 29 53
19264 62 73
19264 69 70
19264 84 88
19565 9 62
19565 9 19
19565 14 37
19565 19 44
19565 21 61
19565 22 64
19565 29 53
19565 44 45
19565 44 58
19565 44 60
19565 59 76
19866 7 25
19866 21 79
19866 24 48
19866 24 45
19866 28 69
20167 8 26
20167 14 44
20468 11 23
20769 44 51
20769 57 62
21070 8 54
21070 8 32
21070 22 37
21070 22 72
21070 22 26
21070 22 91
21070 26 37
21070 29 53
21070 37 72
21070 37 90
21371 7 25
21371 35 84
21371 45 70
21371 52 84
21672 28 84
21672 35 75
21672 55 75
21973 7 88
21973 7 27
21973 7 57
21973 27 88
21973 27 77
21973 27 58
21973 58 77
22274 53 70
22575 14 44
22575 14 22
22876 9 73
22876 28 53
22876 50 74
23177 9 73
23177 29 69
23177 29 53
23177 37 58
23177 50 74
23177 53 69
23478 29 53
23478 46 89
23779 29 53
23779 50 74
23779 52 86
24080 7 12
24080 22 32
24381 14 65
24381 14 45
24381 22 64
24381 29 53
24381 39 58
24381 39 85
24381 46 89
24381 58 85
24381 58 65
24682 1 78
24682 3 14
24682 21 84
24682 28 73
24682 29 70
24682 45 65
24983 5 37
24983 5 13
24983 5 74
24983 9 62
24983 74 81
25284 19 86
25585 7 78
25585 16 25
25585 27 60
25886 28 69
25886 29 70
25886 44 51
26187 7 25
26187 7 16
26187 16 25
26187 30 66
26187 61 69
26488 14 58
26488 21 61
26789 29 70
27090 7 12
27090 23 29
27391 29 53
27692 2 39
27692 5 48
27692 12 48
27692 12 14
27692 12 20
27692 14 20
27692 14 58
27692 14 78
27692 20 58
27692 20 78
27692 24 87
27692 29 39
27692 31 58
27692 58 78
27993 21 61
27993 24 45
27993 30 66
27993 69 73
28294 1 33
28294 1 2
28294 1 6
28294 2 6
28294 2 10
28294 6 33
28294 10 84
28294 16 53
28294 16 70
28294 33 44
28294 39 51
28294 51 58
28294 51 65
28294 53 70
28294 56 84
28294 58 65
28294 67 84
28595 14 71
28595 44 51
28595 50 86
28896 9 62
28896 35 75
29197 5 75
29498 1 7
29498 1 27
29498 6 40
29498 7 27
29498 9 62
29498 29 53
29498 55 74
29799 11 44
29799 24 63
29799 37 82
29799 86 91
30100 50 74
30401 1 59
30401 22 38
30401 29 53
30401 29 30
30401 29 66
30401 30 53
30401 75 79
30702 8 58
30702 14 58
30702 19 27
30702 27 50
30702 27 84
30702 27 35
30702 27 52
30702 27 75
30702 27 65
30702 27 72
30702 35 75
30702 35 38
30702 35 37
30702 35 45
30702 45 58
30702 45 72
30702 58 72
31003 9 73
31003 28 84
31003 28 76
31003 76 84
31304 8 50
31304 9 62
31304 38 45
31304 50 75
31605 9 73
31605 9 62
31605 50 74
31906 11 24
31906 11 51
31906 17 68
31906 22 64
31906 27 51
31906 27 68
32207 21 84
32207 30 66
32207 55 86
32508 5 18
32809 9 62
32809 12 77
32809 12 44
32809 12 58
32809 24 48
32809 27 46
32809 27 65
32809 27 57
32809 39 65
32809 39 58
32809 46 56
32809 46 57
32809 53 70
32809 58 65
33110 23 30
33110 29 63
33110 37 77
33110 55 86
33411 7 81
33411 14 45
33411 57 60
33712 7 58
33712 24 35
33712 24 48
33712 29 53
33712 49 52
33712 55 79
34013 11 23
34013 23 69
34013 45 58
34314 28 84
34615 14 32
34916 21 46
34916 24 48
34916 26 31
34916 75 79
35217 5 47
35217 9 28
35217 9 63
35217 9 69
35217 9 73
35217 9 62
35217 24 48
35217 28 73
35518 9 63
35518 28 70
35518 28 53
35518 53 70
35518 61 62
35819 3 14
35819 7 88
35819 9 63
35819 9 28
36120 14 24
36120 28 84
36120 39 51
36421 7 46
36421 17 68
36722 14 37
36722 37 58
36722 44 51
37023 9 62
37023 16 76
37023 17 68
37023 21 61
37023 24 37
37023 35 75
37023 42 75
37023 45 90
37023 55 79
37023 59 76
37324 7 78
37324 29 53
37625 4 50
37625 9 62
37625 23 30
37625 30 44
37625 35 52
37625 46 49
37625 49 86
37625 53 70
37926 28 53
37926 42 43
38227 11 23
38227 23 69
38227 53 63
38528 1 88
38528 9 62
38528 27 88
38528 28 69
38528 29 53
38829 7 25
38829 24 48
38829 28 69
39130 1 78
39130 9 19
39130 9 73
39130 19 42
39130 19 50
39130 58 72
39130 62 73
39431 29 63
39431 56 84
39732 1 65
39732 8 39
39732 8 85
39732 9 62
39732 12 29
39732 14 45
39732 22 51
39732 29 63
39732 38 45
39732 41 86
39732 50 75
39732 53 70
39732 61 90
39732 75 79
40033 34 84
40033 35 75
40033 50 86
40033 55 74
40334 24 48
40635 3 44
40635 44 51
40635 77 82
40936 5 18
40936 8 26
41237 37 58
41237 53 61
41237 53 70
41538 4 79
41538 37 58
41538 75 79
41839 6 40
41839 7 58
41839 15 33
41839 38 45
41839 44 52
42140 9 73
42140 49 73
42140 50 86
42140 57 60
42441 15 33
42441 44 52
42742 0 14
42742 16 59
42742 53 69
43043 9 62
43043 12 16
43043 35 75
43043 57 60
43043 57 88
43043 58 90
43344 12 16
43344 27 81
43344 39 57
43344 50 86
43645 0 24
43645 17 68
43946 9 62
43946 22 85
43946 29 53
43946 32 38
44247 9 62
44548 15 33
44548 23 61
44849 9 66
44849 34 84
44849 35 75
44849 67 84
45150 52 79
45451 29 63
45451 50 86
45752 9 73
45752 29 63
46053 22 64
46053 30 66
46053 44 86
46053 58 65
46354 23 30
46655 22 85
46956 9 60
46956 15 33
46956 35 75
47257 18 37
47257 23 30
47558 8 26
47558 26 80
47558 31 58
47558 39 85
47558 80 91
47859 0 14
47859 7 78
47859 9 62
47859 21 84
47859 21 56
47859 29 53
47859 52 87
48160 1 7
48160 17 18
48160 55 79
48160 75 79
48461 11 84
48461 14 71
48461 37 58
48461 50 86
48762 25 86
48762 29 53
48762 50 86
49063 29 63
49063 50 84
49063 58 65
49063 59 76
49063 76 81
49364 9 62
49665 8 26
49665 42 43
49665 53 63
49966 35 75
49966 55 86
50267 35 79
50267 77 82
50568 0 24
50568 5 34
50568 23 29
50568 29 30
50869 0 14
50869 7 16
50869 8 60
50869 8 90
50869 9 62
50869 53 66
51170 3 44
51170 22 64
51170 44 51
51170 45 58
51471 9 63
51471 9 73
51772 9 62
51772 29 53
51772 37 58
51772 50 74
52073 17 18
52374 35 75
52374 45 58
52675 8 26
52675 23 30
52675 23 53
52675 29 53
52675 30 53
52675 39 58
52976 14 24
52976 50 55
53277 58 65
53277 76 84
53578 14 22
53879 17 18
54180 28 69
54180 53 70
54481 18 37
54481 29 53
54481 35 55
54481 39 72
54481 80 85
54782 14 24
55083 12 44
55083 12 58
55083 12 77
55083 24 48
55083 58 65
55384 1 27
55384 1 7
55384 6 27
55384 6 7
55384 27 33
55384 29 63
55384 37 58
55384 44 65
55685 29 53
55685 29 63
55986 9 62
55986 17 18
55986 29 61
55986 44 51
55986 50 86
55986 79 87
56287 14 58
56287 53 66
56588 22 64
56588 42 52
56889 29 53
56889 37 58
56889 62 69
57190 24 48
57190 29 30
57190 30 63
57190 47 58
57491 1 6
57491 1 33
57491 1 40
57491 1 10
57491 6 40
57491 10 40
57491 12 44
57491 18 68
57491 24 48
57491 33 40
57792 7 12
57792 29 53
57792 45 83
57792 50 74
58093 23 53
58093 35 52
58093 44 77
58093 56 84
58394 22 64
58394 35 52
58394 44 51
58394 46 89
58695 9 28
58695 9 69
58695 9 63
58695 17 68
58695 28 73
58695 28 70
58695 28 30
58695 28 69
58695 30 62
58695 35 75
58695 53 62
58695 53 70
58695 61 62
58996 53 62
58996 76 78
59297 0 14
59598 3 8
59598 14 85
59598 19 79
59598 24 48
59598 45 65
59899 45 58
59899 45 72
59899 63 70
59899 64 77
60200 5 72
60200 9 62
60200 49 86
60200 49 55
60200 55 86
60501 12 88
60501 22 85
60501 55 74
60802 5 18
60802 12 44
60802 12 77
60802 12 64
60802 24 48
60802 39 65
60802 64 77
61103 29 53
61103 37 58
61103 44 51
61404 5 14
61404 6 88
61404 14 24
61404 28 30
61705 4 86
61705 9 63
61705 52 87
62006 39 58
62006 49 58
62006 49 79
62006 49 88
62006 79 88
62006 79 84
62307 24 31
62307 31 48
62307 81 88
62608 5 11
62608 5 72
62909 29 53
62909 49 52
63210 9 28
63210 9 63
63210 9 69
63210 28 69
63210 28 70
63511 34 84
63511 50 74
63511 58 72
63511 80 85
63812 15 33
63812 22 85
63812 28 66
63812 44 51
63812 53 63
64113 28 69
64113 29 53
64414 2 10
64414 2 6
64414 5 51
64414 6 10
64414 11 14
64414 14 34
64414 27 46
64414 44 51
64715 29 53
64715 37 58
64715 50 86
64715 51 65
65016 7 16
65016 7 58
65317 7 16
65317 7 25
65317 16 25
65317 30 66
65618 4 74
65618 24 48
65618 26 71
65618 29 53
65618 35 75
65919 0 14
66220 5 39
66220 8 84
66220 9 31
66220 24 48
66220 29 53
66220 46 84
66521 9 62
66521 38 58
66521 38 45
66521 45 58
66822 5 14
67123 39 51
67424 37 77
67424 42 76
67424 49 55
67424 55 86
67725 6 12
67725 6 26
67725 7 46
67725 9 62
67725 9 26
67725 12 46
67725 14 24
68026 29 63
68327 3 5
68327 29 63
68327 29 73
68327 50 88
68628 5 21
68628 21 84
68929 29 53
68929 49 86
68929 59 76
69230 9 73
69230 29 63
69531 8 39
69531 8 85
69531 9 62
69531 9 19
69531 37 58
69531 38 45
69832 53 63
70133 8 26
70133 44 51
70434 2 15
70434 17 18
70434 35 75
70735 0 24
70735 5 24
70735 12 58
70735 39 58
70735 79 88
71036 11 24
71036 19 59
71036 37 72
71036 59 76
71036 70 73
71337 37 58
71337 44 51
71638 0 48
71638 8 90
71638 9 80
71638 9 30
71638 15 67
71638 24 48
71638 30 53
71638 53 73
71638 53 62
71939 5 18
71939 9 53
71939 12 44
71939 12 77
71939 39 65
71939 39 58
71939 44 65
71939 58 65
72240 29 53
72240 35 49
72240 37 84
72240 58 84
72541 24 48
72541 26 31
72541 35 75
72541 37 91
72842 9 62
72842 22 32
72842 76 78
73143 28 70
73444 9 43
73444 9 73
73444 15 67
73444 23 69
73444 30 66
73444 52 75
73444 55 86
73745 9 62
74046 53 70
74347 16 25
74347 52 87
74648 2 84
74648 3 68
74648 8 90
74648 9 30
74648 9 62
74648 24 48
74648 52 75
74648 62 73
74949 2 15
74949 23 30
75250 2 28
75250 5 22
75250 22 85
75551 9 29
75852 29 53
75852 30 62
75852 49 52
76153 5 18
76153 7 33
76153 29 90
76153 44 51
76153 45 64
76153 81 88
76454 8 26
76454 85 90
76755 1 2
76755 1 78
76755 2 10
76755 6 10
76755 7 78
76755 21 76
76755 77 82
77056 37 58
77056 50 86
77357 27 60
77357 29 63
77357 37 58
77357 50 75
77658 7 27
77959 4 50
77959 9 62
77959 9 73
77959 15 67
77959 28 69
77959 44 51
77959 52 75
78260 12 58
78260 58 72
78260 59 78
78561 8 26
78561 9 62
78561 29 53
78561 36 55
78561 36 79
78561 55 79
78862 5 51
78862 5 35
78862 14 39
78862 17 51
78862 27 35
78862 27 75
78862 35 75
78862 51 68
79163 9 23
79163 9 62
79464 24 48
79464 29 30
79464 30 53
79464 30 63
79765 29 53
79765 35 75
79765 42 50
80066 23 29
80066 29 63
80066 31 71
80066 52 79
80367 9 73
80367 14 24
80367 59 76
80668 35 52
80969 35 75
80969 35 52
80969 52 75
81270 14 48
81270 14 24
81270 24 48
81571 2 15
81571 9 73
81571 20 40
81571 44 70
81872 3 24
81872 15 33
81872 23 30
81872 28 29
81872 44 51
81872 53 63
82173 22 64
82173 28 57
82173 37 58
82474 7 76
82474 8 26
82474 15 33
82474 23 29
82474 29 53
82474 53 63
82775 35 50
82775 42 50
83076 44 51
83076 88 89
83377 9 62
83377 28 29
83678 24 48
83678 35 75
83678 46 84
83979 42 86
83979 55 86
84280 17 68
84280 42 50
84581 39 58
84581 65 84
84581 79 84
84581 79 88
84882 7 78
84882 7 59
84882 20 52
84882 20 35
84882 28 40
84882 28 73
84882 35 52
84882 35 84
84882 35 87
84882 40 84
84882 42 79
84882 52 84
84882 56 87
84882 56 84
85183 12 77
85183 12 84
85183 26 32
85183 57 60
85183 77 84
85484 65 91
85785 9 63
86086 28 69
86086 37 82
86387 49 55
86387 49 86
86387 50 86
86387 52 55
86688 14 72
86688 28 53
86989 7 12
86989 38 69
87290 1 16
87290 2 15
87290 31 71
87290 33 40
87591 6 40
87591 9 73
87591 9 61
87591 50 86
87892 37 84
88193 19 59
88193 19 76
88193 24 45
88193 25 47
88193 27 57
88193 28 69
88494 5 22
88494 23 61
88795 5 24
88795 7 16
88795 8 26
88795 14 90
88795 18 37
89096 9 62
89096 9 69
89096 9 66
89096 28 69
89096 29 30
89096 30 66
89096 37 58
89096 37 77
89096 64 82
89096 65 82
89397 17 80
89397 21 84
89397 24 48
89397 35 75
89397 46 84
89698 12 58
89698 43 58
89698 44 45
89698 79 88
89999 11 26
89999 35 75
90300 11 48
90300 44 58
90300 49 84
90300 50 74
90300 75 88
90300 79 88
90601 9 69
90601 9 66
90601 9 62
90601 12 57
90601 29 53
90601 50 74
90601 62 69
90601 80 85
90902 6 10
90902 6 12
90902 11 58
90902 11 16
90902 39 65
90902 40 57
90902 44 51
90902 44 45
90902 45 51
90902 51 58
90902 51 65
90902 53 70
90902 57 88
90902 58 65
90902 79 84
90902 84 86
91203 7 88
91203 9 62
91203 52 75
91504 44 51
91504 58 65
91805 7 78
91805 20 35
91805 29 73
91805 29 61
91805 35 52
91805 56 87
91805 56 84
91805 63 70
91805 84 87
92106 34 86
92407 2 10
92407 6 84
92407 10 16
92407 10 33
92407 11 84
92407 12 44
92407 24 31
92407 33 44
92407 39 51
92407 51 58
92407 51 65
92407 58 65
92407 67 84
92708 8 26
92708 9 62
92708 9 28
92708 28 73
92708 28 62
92708 50 52
92708 50 86
93009 29 53
93310 22 72
93310 28 69
93611 51 54
93611 63 89
93912 4 79
93912 16 84
94213 29 63
94514 29 53
94514 29 63
94514 45 65
94514 45 85
94514 58 65
94815 29 53
95116 11 44
95116 25 86
95116 35 75
95116 35 52
95116 52 75
95417 23 29
95417 55 74
95718 14 48
95718 23 30
95718 24 48
95718 39 58
95718 45 58
95718 45 72
95718 58 72
96019 52 79
96320 11 48
96320 12 49
96320 49 67
96320 58 65
96320 60 89
96621 7 12
96621 29 53
96922 2 15
96922 5 11
96922 14 19
96922 17 18
96922 19 79
96922 42 79
97223 5 85
97223 5 80
97223 21 84
97223 28 69
97524 0 65
97524 0 14
97524 22 64
97524 24 48
97524 44 51
97825 7 46
97825 17 34
97825 17 18
97825 17 46
97825 32 85
97825 32 38
97825 35 75
97825 64 77
98126 8 30
98126 8 90
98126 9 73
98126 15 67
98126 52 75
98126 53 73
98427 1 76
98427 22 64
98427 24 48
98427 27 76
98427 44 51
98427 52 87
98427 77 82
98728 24 58
99029 12 44
99330 7 84
99330 8 26
99330 21 84
99330 31 71
99631 37 58
99631 44 52
99932 29 53
99932 35 49
99932 52 86
99932 57 60
99932 74 86
100233 17 18
100233 32 38
100534 9 46
100534 55 84
100835 3 85
100835 22 85
101136 9 28
101136 9 63
101437 40 56
101738 69 70
102039 24 44
102039 29 63
102340 4 87
102340 9 62
102340 22 85
102340 29 53
102340 36 50
102340 84 89
102641 2 88
102641 40 88
102641 40 84
102641 84 88
102942 5 54
102942 7 59
102942 9 62
102942 62 69
103243 27 73
103243 29 53
103243 37 84
103243 49 86
103243 49 50
103544 21 56
103544 24 48
103845 3 24
103845 14 45
103845 24 29
103845 24 53
103845 24 28
103845 29 53
103845 44 51
104146 9 62
104146 9 19
104146 12 58
104146 22 64
104146 24 48
104146 29 53
104146 53 63
104447 4 86
104447 9 62
104447 24 48
104748 3 11
104748 28 76
104748 57 76
105049 3 5
105049 29 63
105350 12 43
105651 0 24
105651 17 18
105651 79 87
105651 84 87
105952 9 30
105952 29 53
105952 30 62
105952 37 77
105952 52 84
106253 7 88
106253 8 26
106253 53 63
106554 9 62
106554 20 31
106554 24 31
106554 24 48
106554 31 48
106554 71 83
106855 14 24
106855 29 63
106855 35 75
106855 59 76
107156 2 15
107156 2 33
107156 9 73
107156 9 62
107156 15 72
107156 29 63
107156 40 75
107156 50 75
107156 58 86
107156 58 78
107156 58 59
107156 59 78
107156 72 86
107156 72 78
107156 72 75
107156 75 86
107457 7 84
107457 16 84
107457 25 84
107457 64 77
107758 14 24
107758 14 58
107758 24 58
108059 55 79
108360 8 26
108360 28 70
108661 7 58
108661 21 84
108661 24 45
108661 28 62
108661 56 60
108962 9 62
108962 9 73
108962 50 86
109263 7 86
109263 25 35
109564 9 66
109564 14 48
109564 24 32
109564 59 76
109865 7 78
109865 28 69
109865 46 60
109865 49 86
109865 49 55
109865 55 86
110166 1 10
110166 1 16
110166 1 33
110166 2 10
110166 2 6
110166 5 39
110166 6 10
110166 6 40
110166 6 27
110166 10 38
110166 10 40
110166 10 16
110166 12 44
110166 12 77
110166 16 33
110166 17 18
110166 24 48
110166 27 40
110166 38 45
110166 38 85
110166 39 65
110166 45 85
110467 11 24
110467 53 73
110768 7 58
110768 19 76
110768 21 69
110768 28 73
110768 59 76
111069 24 48
111069 42 84
111069 52 84
111069 53 63
111370 35 55
111370 50 74
111671 12 88
111671 17 18
111671 55 74
111972 22 32
112273 5 18
112273 66 69
112574 9 62
112574 15 33
112574 60 81
112574 76 88
112875 21 56
112875 22 64
112875 24 48
112875 35 79
112875 77 82
113176 14 37
113176 29 53
113477 5 37
113477 5 34
113477 7 27
113477 7 88
113477 23 30
113477 27 88
113477 30 34
113477 34 37
113778 67 84
114079 23 30
114079 49 74
114079 49 55
114079 55 74
114079 69 73
114380 20 40
114380 29 53
114380 50 86
114681 9 73
114982 2 28
114982 2 39
114982 11 34
114982 28 38
114982 61 86
114982 77 86
115283 7 27
115283 8 17
115283 8 51
115283 8 39
115283 8 14
115283 14 51
115283 14 90
115283 19 51
115283 39 51
115283 51 90
115584 22 77
115584 22 64
115885 3 80
116186 34 84
116186 35 75
116186 35 50
116186 37 84
116186 49 86
116186 50 74
116186 58 84
116186 75 86
116487 17 18
116487 18 68
116487 24 48
116487 32 58
116788 28 70
117089 24 48
117390 9 63
117390 9 73
117390 9 28
117390 9 69
117390 24 48
117390 28 70
117390 37 65
117390 53 70
117390 61 62
117691 40 88
117691 55 74
117992 32 80
117992 45 83
117992 50 74
117992 55 79
117992 58 72
118293 38 58
118293 59 78
118293 76 78
118594 44 51
118594 55 79
118895 11 44
119196 5 18
119196 16 88
119196 28 73
119196 29 53
119196 39 51
119196 49 86
119196 49 55
119497 3 72
119497 52 79
119497 62 73
119497 79 86
119798 9 30
119798 9 28
119798 9 53
119798 28 30
119798 28 73
119798 29 53
119798 44 51
120099 11 69
120099 11 23
120099 23 69
120099 53 63
120400 28 73
120400 62 73
120400 67 84
120400 67 76
120701 67 84
121002 5 80
121002 5 18
121002 18 80
121303 14 58
121303 21 61
121604 3 45
121905 5 18
121905 5 11
121905 62 73
122206 17 68
122206 50 86
122507 29 70
122507 29 69
122507 29 53
122507 53 63
122507 59 78
122507 85 91
122808 2 12
122808 12 72
122808 58 72
122808 59 78
122808 65 72
123109 5 11
123109 8 85
123109 9 62
123109 29 53
123109 38 45
123109 40 41
123410 19 78
123410 21 63
123410 29 53
123711 9 62
123711 29 53
123711 57 88
124012 20 84
124012 35 52
124012 35 84
124012 55 79
124012 56 87
124012 56 84
124313 9 73
124313 9 62
124614 21 59
124915 32 85
124915 50 86
125216 9 62
125216 13 88
125216 21 88
125216 29 53
125216 29 69
125216 45 83
125216 50 74
125216 55 79
125517 8 26
125517 50 74
125517 53 69
125818 11 26
125818 35 75
126119 7 16
126119 7 84
126119 7 25
126119 16 84
126119 16 25
126119 25 84
126119 50 84
126420 8 16
126420 28 69
126721 21 69
126721 58 85
127022 0 24
127022 22 38
127022 24 45
127022 25 28
127022 25 53
127022 27 57
127022 28 53
127022 53 69
127022 67 76
127323 0 24
127323 19 42
127323 19 50
127323 20 35
127323 22 32
127323 55 79
127323 84 87
127624 9 62
127624 9 77
127624 28 73
127624 44 51
127925 23 30
127925 45 72
127925 45 65
127925 49 74
127925 49 55
127925 50 86
127925 52 84
127925 65 72
127925 69 73
128226 7 25
128226 22 64
128226 49 84
128226 50 84
128226 50 52
128226 52 84
128527 29 53
128828 14 58
128828 21 40
128828 47 58
129129 3 83
129129 3 43
129129 44 51
129430 12 27
129430 17 34
129731 21 56
129731 36 50
130032 9 62
130032 38 58
130032 38 45
130032 59 78
130032 76 78
130333 28 69
130333 29 63
130634 19 62
130634 22 64
130634 77 82
130935 24 48
130935 29 69
130935 66 69
131236 2 10
131236 3 14
131236 6 10
131236 11 14
131236 44 51
131537 27 60
131537 50 75
131838 16 84
132139 52 79
132440 28 70
132440 39 72
132440 72 90
132741 28 69
132741 29 53
132741 37 82
132741 44 51
133042 22 85
133042 46 89
133343 29 63
133644 63 70
133945 24 48
133945 28 70
133945 57 76
134246 14 37
134246 35 87
134246 35 52
134547 35 75
134547 62 73
134848 18 22
134848 22 85
134848 28 66
134848 80 85
135149 9 62
135149 14 24
135149 18 47
135149 19 58
135149 21 69
135149 58 72
135450 17 18
135450 28 30
135450 64 77
135751 29 53
135751 50 86
135751 51 65
136052 29 53
136052 44 51
136353 28 69
136654 8 26
136654 22 71
136654 38 85
136654 38 90
136654 39 65
136654 58 85
136654 72 90
136955 15 33
136955 50 86
136955 60 81
136955 76 88
137256 53 66
137557 9 73
137557 16 88
137557 21 69
137557 22 64
137557 53 70
137858 6 40
137858 7 16
138159 9 28
138159 9 63
138159 28 69
138159 37 77
138460 15 33
138460 35 75
138460 49 50
138460 52 55
138761 16 61
138761 23 53
138761 28 69
138761 30 53
139062 29 63
139363 1 12
139363 9 73
139363 9 62
139363 51 71
139664 1 59
139664 6 88
139664 32 38
139965 27 60
139965 29 63
140266 37 58
140567 7 58
140567 21 69
140567 36 50
140567 76 78
140868 8 26
140868 9 62
140868 52 84
141169 4 52
141169 14 24
141169 21 69
141169 29 53
141470 24 59
141470 29 53
141470 45 90
141470 53 63
141771 2 15
141771 7 16
141771 7 12
141771 12 16
142072 17 68
142072 29 53
142072 57 60
142373 45 65
142373 52 86
142674 5 72
142674 28 69
142674 49 55
142674 49 86
142674 55 86
142975 62 73
143276 56 84
143577 35 75
143577 44 51
143878 29 70
144179 0 24
144179 1 15
144179 29 63
144179 55 79
144179 56 84
144480 3 14
144480 4 86
144480 7 12
144480 7 76
144480 9 28
144781 53 70
145082 28 69
145383 3 37
145383 8 26
145383 22 37
145383 23 30
145383 25 49
145383 29 63
145383 37 90
145383 53 61
145684 1 33
145684 14 37
145684 64 77
145985 25 87
146286 9 63
146286 9 28
146587 14 58
146587 14 37
146587 22 91
146587 23 30
146587 38 80
146587 38 91
146587 85 91
146888 0 24
146888 42 44
146888 55 79
146888 56 84
146888 56 87
146888 75 79
147189 21 76
147189 21 69
147189 22 85
147490 9 62
147490 19 73
147490 29 73
147490 29 63
147490 56 84
147791 9 62
147791 18 90
147791 23 30
147791 50 57
147791 50 86
148092 29 53
148393 29 53
148694 12 76
148694 22 64
148694 35 79
148694 38 45
148694 56 76
148995 0 24
148995 0 48
148995 9 62
148995 15 67
148995 16 59
148995 23 30
148995 24 48
148995 28 30
148995 44 51
148995 52 75
149296 3 80
149296 28 53
149296 49 55
149597 50 86
149597 56 84
149898 14 58
149898 59 76
150199 11 44
150199 25 75
150500 9 19
150500 9 62
150500 9 73
150500 19 73
150500 45 65
150500 62 73
150801 8 79
150801 21 69
150801 29 63
151102 6 10
151102 16 46
151102 44 51
151102 57 88
151403 0 24
151403 35 49
151403 45 58
151403 50 86
151403 55 74
151704 7 58
151704 9 73
151704 24 35
151704 29 53
151704 35 48
151704 42 55
151704 49 52
151704 55 79
152005 0 24
152306 4 52
152306 7 88
152306 9 73
152306 9 62
152306 29 53
152306 52 55
152306 55 79
152607 0 14
152607 5 22
152607 5 37
152607 5 72
152607 22 26
152607 22 37
152607 22 34
152607 26 37
152607 26 72
152607 34 37
152607 37 72
152607 40 84
152607 40 78
152607 60 88
152607 81 88
152908 58 72
152908 64 77
153209 17 68
153209 17 34
153209 28 45
153209 44 45
153510 0 14
153510 41 79
153510 53 69
153510 77 82
153811 2 15
153811 2 48
153811 15 48
153811 24 49
153811 35 75
153811 48 49
154112 4 41
154112 27 57
154112 28 69
154413 5 72
154413 30 66
154413 32 91
154413 34 72
154413 53 63
154714 4 48
154714 7 76
154714 8 34
154714 8 90
154714 11 24
154714 12 16
154714 27 81
154714 27 76
154714 35 75
155015 11 84
155015 12 84
155015 16 33
155015 29 53
155015 42 43
155015 44 45
155015 49 84
155015 49 58
155015 49 64
155015 58 84
155015 64 77
155015 79 88
155316 5 72
155316 50 74
155316 53 69
155316 55 79
155617 19 75
155617 19 50
155617 27 60
155617 35 75
155617 35 50
155617 50 75
155617 50 52
155617 52 75
155918 9 62
155918 9 45
155918 12 57
155918 13 50
155918 14 85
155918 14 24
155918 27 75
155918 45 61
155918 45 83
155918 50 74
156219 5 37
156219 5 18
156219 14 77
156219 18 37
156219 64 77
156520 9 62
156520 17 68
156520 18 68
156821 9 28
156821 12 84
156821 55 87
157122 7 76
157122 9 63
157423 62 73
157423 71 83
157724 22 64
157724 40 88
157724 44 51
157724 67 78
158025 15 33
158025 25 55
158025 56 60
158326 0 14
158326 0 3
158326 3 14
158326 7 78
158627 29 53
158928 14 58
158928 21 61
158928 21 76
159229 0 48
159229 9 63
159229 52 87
159530 9 62
159530 50 74
159530 58 72
159831 24 45
159831 29 53
159831 44 51
160132 9 66
160132 14 24
160132 24 58
160132 28 84
160433 12 44
160433 17 56
160734 12 78
161035 35 75
161035 35 52
161336 1 84
161336 5 18
161336 15 88
161336 15 40
161336 15 84
161336 18 32
161336 22 32
161336 23 69
161336 28 30
161336 29 53
161336 59 88
161336 59 84
161336 62 75
161336 81 84
161336 84 88
161637 9 62
161637 29 53
161938 17 18
161938 79 87
162239 0 48
162239 8 90
162239 16 84
162239 29 53
162540 19 28
162540 35 75
162540 45 65
162841 0 14
162841 9 62
162841 29 53
163142 36 50
163443 1 12
163443 5 45
163443 9 73
163443 9 62
163744 14 18
163744 25 58
163744 29 53
163744 35 75
163744 50 75
163744 56 60
164045 20 35
164045 39 45
164045 42 79
164346 9 62
164346 14 24
164346 25 79
164346 25 88
164346 38 51
164346 39 51
164346 45 58
164346 51 65
164346 51 72
164346 58 72
164346 65 72
164346 66 70
164647 17 68
164647 22 85
164647 26 37
164647 28 70
164647 37 72
164647 55 86
164948 8 26
164948 9 28
164948 9 62
164948 22 64
164948 28 73
165249 11 44
165249 24 48
165550 17 18
165550 29 63
165851 16 76
165851 32 38
166152 5 37
166152 35 75
166152 35 49
166152 46 57
166453 11 23
166453 21 30
166453 23 69
166453 37 58
166453 74 86
166754 9 62
166754 77 82
167055 2 33
167055 24 87
167055 58 62
167356 4 86
167356 52 86
167657 4 50
167657 7 57
167657 8 26
167657 9 62
167657 13 50
167657 14 37
167657 32 80
167657 37 90
167958 0 48
167958 9 69
167958 9 43
167958 15 67
167958 28 69
167958 44 51
167958 52 75
167958 62 73
167958 69 73
168259 22 64
168259 27 57
168259 44 51
168259 77 82
168560 5 39
168560 24 48
168560 35 86
168560 35 52
168861 14 58
168861 22 38
169162 21 84
169463 9 53
169463 29 53
169463 37 58
169463 50 86
169463 53 73
169463 53 66
169463 62 73
169764 9 63
170065 29 63
170366 3 5
170366 9 62
170366 9 29
170366 11 24
170366 11 48
170366 18 37
170366 24 48
170667 22 85
170667 61 69
170667 76 78
170968 28 84
170968 28 43
170968 39 51
171269 0 48
171269 9 73
171269 9 62
171269 15 67
171269 52 75
171570 14 39
171570 14 58
171871 7 88
171871 17 51
171871 29 53
171871 29 63
171871 39 51
171871 53 63
171871 53 69
171871 66 69
172172 5 37
172172 24 31
172172 31 48
172473 17 68
172473 17 34
172473 34 68
172473 35 75
172473 35 36
172473 36 75
172473 75 86
172774 16 84
172774 28 69
172774 32 38
172774 35 50
172774 37 82
172774 37 77
172774 45 65
173075 9 28
173075 15 60
173075 16 76
173075 21 60
173075 28 62
173075 35 50
173075 38 90
173075 50 75
173075 85 90
173376 21 27
173376 21 59
173376 34 45
173376 54 71
173677 8 26
173677 22 91
173677 24 48
173677 42 43
173677 48 49
173677 53 70
173677 79 88
173978 1 76
173978 37 58
174279 21 84
174279 24 48
174279 55 79
174580 50 86
174881 28 29
174881 29 70
175182 9 62
175483 29 63
175483 62 73
175784 29 53
176085 14 72
176085 14 34
176085 14 85
176085 24 48
176085 27 75
176085 27 35
176085 35 75
176386 24 48
176687 14 24
176687 27 56
176687 27 60
176687 28 53
176687 29 53
176687 29 70
176687 45 65
176687 65 72
176988 28 53
176988 44 51
177289 14 24
177289 21 69
177289 29 53
177289 85 91
177590 28 66
177891 9 73
177891 35 50
177891 50 86
177891 50 84
178192 6 40
178192 9 30
178192 9 29
178192 28 29
178192 28 53
178192 29 53
178493 28 53
178493 44 51
178794 23 69
178794 23 30
178794 29 53
178794 30 63
178794 30 53
179095 0 14
179095 18 45
179095 35 52
179396 5 85
179396 76 78
179697 19 73
179697 52 75
179998 0 14
179998 7 16
179998 8 60
179998 15 67
179998 28 29
180299 9 62
180299 29 30
180299 50 86
180600 0 45
180600 29 53
180600 37 58
180600 37 47
180901 7 56
180901 9 73
181202 1 40
181202 1 6
181202 6 60
181202 27 84
181202 44 65
181202 58 65
181503 9 63
181503 9 28
181503 61 62
181804 5 14
181804 29 70
181804 44 51
182105 29 53
182105 36 79
182105 36 55
182105 55 79
182406 14 24
182707 24 48
182707 52 75
182707 69 70
183008 36 55
183309 32 38
183610 14 47
183610 32 38
183911 29 53
183911 37 58
183911 69 70
184212 29 53
184212 52 87
184513 11 48
184513 57 76
184513 58 65
184814 17 68
184814 18 34
184814 35 75
184814 36 75
185115 28 84
185115 39 51
185416 2 28
185416 5 22
185416 23 61
185717 17 18
185717 22 58
185717 22 32
185717 32 58
186018 11 23
186319 29 53
186620 22 64
186620 24 48
186620 37 58
186921 3 85
186921 50 86
187222 24 48
187222 29 53
187222 35 75
187523 21 28
187523 29 53
187523 67 78
187824 23 29
188125 6 58
188125 6 7
188125 7 58
188125 29 53
188426 9 51
188426 9 39
188426 9 62
188426 39 51
188727 17 18
188727 22 32
188727 32 38
189028 29 63
189028 50 86
189329 22 64
189329 77 82
189630 28 69
189630 46 89
189931 0 45
189931 29 91
189931 29 53
189931 53 63
190232 17 18
190232 21 56
190232 21 59
190232 24 48
190232 32 58
190533 9 73
190533 17 84
190533 24 28
190533 29 53
190834 14 48
190834 29 53
190834 53 70
190834 53 66
190834 59 76
191135 52 79
191436 11 44
191436 11 30
191436 24 48
191737 1 33
191737 1 7
191737 5 72
191737 11 72
191737 14 37
191737 24 45
191737 37 58
191737 58 65
192038 31 71
192339 21 69
192339 29 53
192339 75 79
192640 0 48
192640 16 84
192640 24 48
192640 29 53
192941 19 79
192941 21 61
192941 24 45
192941 27 57
192941 28 69
192941 44 51
192941 53 66
192941 61 66
192941 79 87
193242 21 61
193242 22 64
193242 57 88
193543 28 70
193844 14 47
193844 45 72
194145 12 42
194446 8 26
194446 26 32
194446 38 90
194446 38 85
194446 58 90
194446 58 85
194446 85 90
194747 22 64
194747 61 69
195048 22 64
195048 45 85
195048 45 65
195048 65 85
195349 9 62
195349 9 73
195349 17 18
195349 50 74
195349 53 69
195650 5 72
195650 12 44
195650 58 65
195951 25 36
195951 53 63
196252 5 24
196252 5 65
196252 9 66
196252 9 13
196252 24 32
196252 57 60
196553 15 33
196854 11 24
196854 23 30
196854 49 55
197155 3 72
197155 22 38
197155 22 32
197456 0 45
197456 3 5
197456 9 29
197456 9 30
197456 9 70
197456 9 28
197757 28 66
197757 42 51
197757 46 60
197757 53 70
198058 7 50
198359 23 30
198359 24 48
198660 0 51
198660 4 36
198660 17 18
198660 26 65
198660 29 53
198660 45 72
198961 14 85
198961 23 69
198961 23 31
198961 27 75
198961 31 69
199262 15 33
199563 9 30
199563 24 48
199563 31 91
199563 32 88
199563 66 69
199864 0 14
199864 14 37
199864 17 18
199864 28 30
199864 37 82
200165 0 24
200165 9 62
200165 15 67
200165 52 75
200165 62 73
200466 9 73
200466 9 62
200466 14 51
200466 29 53
200466 49 55
200767 21 76
201068 28 62
201068 28 29
201068 29 53
201369 28 70
201369 38 39
201670 8 90
201670 8 58
201670 45 58
201971 3 22
201971 11 24
201971 42 79
201971 52 79
201971 55 79
202272 39 72
202272 42 72
202272 42 58
202272 58 72
202573 7 21
202573 7 78
202573 17 68
202573 21 78
202573 29 53
202573 36 50
202874 24 58
202874 28 84
202874 28 62
203175 0 24
203175 5 34
203476 31 71
203476 44 51
203476 53 63
203777 7 76
204078 26 32
204379 5 34
204379 29 63
204379 53 63
204680 3 22
204680 5 18
204680 11 24
204680 22 64
204680 50 86
204680 55 79
204981 21 46
204981 21 26
204981 24 48
204981 26 31
204981 49 79
205282 7 27
205282 27 57
205282 57 60
205583 3 83
205583 29 53
205583 50 74
205884 20 35
205884 39 45
205884 42 79
205884 52 84
205884 56 84
206185 29 63
206185 55 79
206486 4 49
206486 29 53
206486 57 88
206787 24 32
207088 64 77
207389 4 50
207389 14 24
207389 21 69
207389 29 53
207389 45 58
207690 7 88
207991 14 24
207991 76 78
208292 23 49
208292 25 49
208292 28 69
208292 37 77
208292 52 75
208292 53 61
208593 22 64
208593 24 48
208593 44 51
208593 77 82
208894 21 69
208894 24 45
209195 24 45
209195 29 53
209195 37 58
209195 44 51
209195 67 76
209496 2 15
209496 2 3
209496 24 48
209496 35 75
209797 17 18
210098 22 80
210098 28 69
210098 53 70
210399 0 48
210399 8 16
210399 8 90
210399 16 84
210399 29 53
210399 29 30
210700 45 65
210700 56 86
210700 56 84
210700 84 86
211001 19 76
211001 22 64
211001 35 79
211001 77 82
211302 3 22
211302 28 66
211302 28 69
211603 5 14
211603 37 58
211603 44 45
211904 7 25
211904 16 25
211904 50 86
212205 8 26
212205 53 63
212506 29 53
212506 37 58
212506 44 51
212807 0 48
212807 4 50
212807 9 73
212807 9 62
212807 15 67
212807 52 75
212807 53 66
213108 24 48
213108 46 84
213108 79 86
213409 22 32
213409 24 48
213710 9 73
213710 9 30
213710 9 29
213710 29 63
213710 29 62
213710 61 63
213710 63 66
214011 4 52
214011 8 26
214011 28 29
214011 29 70
214011 37 77
214011 38 39
214312 28 84
214613 29 53
214914 24 48
214914 24 45
214914 29 63
214914 29 70
214914 39 45
214914 42 65
214914 45 72
214914 45 48
215215 0 24
215215 4 86
215215 9 69
215215 21 84
215215 24 48
215215 61 62
215516 18 37
215516 29 53
215516 39 51
215817 17 68
215817 28 69
215817 29 53
215817 37 82
215817 44 51
216118 9 62
216118 29 53
216419 29 53
216720 11 58
216720 12 44
216720 12 72
216720 28 53
216720 35 50
216720 43 58
216720 44 58
216720 44 56
216720 53 70
216720 56 58
216720 56 65
217021 4 86
217021 29 53
217322 21 84
217322 22 85
217623 22 38
217924 50 74
217924 53 69
218225 1 7
218225 9 73
218225 14 51
218225 23 53
218225 23 73
218225 23 29
218225 28 53
218225 28 73
218225 28 29
218225 29 53
218526 11 84
218526 18 47
218526 18 37
218526 58 65
218827 58 59
218827 59 76
218827 59 78
218827 60 81
218827 76 88
219128 15 33
219429 0 48
219429 0 14
219429 9 62
219429 18 68
219730 21 42
219730 22 38
219730 24 45
219730 25 28
219730 27 57
219730 53 70
220031 18 34
220031 21 66
220031 29 69
220031 50 74
220031 55 79
220031 57 60
220332 1 88
220332 9 62
220332 9 73
220332 16 88
220332 28 73
220332 29 73
220332 35 52
220332 37 77
220332 53 73
220332 62 73
220633 8 26
220633 49 74
220934 6 7
220934 8 14
220934 9 62
220934 14 37
220934 35 75
221235 20 84
221235 29 63
221235 37 58
221235 59 76
221536 7 58
221536 29 53
221536 35 48
221536 49 52
221536 55 79
221837 29 53
221837 53 73
222138 9 73
222138 50 86
222439 5 18
222439 7 16
222439 9 29
222439 22 32
222439 52 55
222439 55 74
222740 5 14
222740 9 62
222740 29 53
222740 37 58
223041 4 55
223342 28 62
223342 29 53
223342 45 85
223342 45 65
223643 0 45
223643 7 78
223643 7 21
223643 14 24
223643 21 78
223643 29 53
223944 2 60
223944 7 33
223944 11 56
223944 28 53
223944 44 51
223944 53 70
223944 58 65
224245 5 84
224245 22 77
224245 24 48
224546 3 68
224546 28 69
224546 37 77
224546 52 75
224546 62 73
224847 8 26
224847 9 62
224847 21 84
225148 3 18
225148 9 62
225148 18 65
225148 29 53
225148 45 58
225449 7 59
225449 8 90
225449 24 48
225449 79 86
225750 9 73
225750 63 70
226051 52 79
226352 8 85
226352 8 37
226352 9 62
226352 50 75
226352 59 76
226653 0 48
226653 7 12
226653 9 63
226653 9 28
226653 32 71
226653 37 58
226954 24 48
226954 46 84
226954 74 79
227255 45 72
227556 7 25
227556 9 66
227556 9 72
227556 22 64
227556 35 52
227857 1 16
227857 8 26
228158 35 75
228158 76 84
228459 23 53
228459 28 69
228459 35 52
228459 46 50
228459 50 86
228459 53 70
228760 24 28
228760 29 53
228760 55 74
228760 76 81
229061 16 59
229061 29 63
229061 50 59
229061 59 76
229362 5 72
229362 5 37
229362 22 26
229362 22 37
229362 22 72
229362 26 37
229362 26 72
229362 29 53
229362 37 72
229362 53 63
229663 9 62
229964 2 10
229964 2 40
229964 2 6
229964 6 10
229964 21 88
229964 44 51
230265 17 68
230566 29 53
230867 2 88
230867 3 44
230867 7 58
231168 3 68
231168 29 63
231469 9 63
231469 28 70
231469 35 75
231770 23 30
231770 29 53
231770 29 30
231770 35 52
231770 43 45
231770 44 51
232071 12 58
232071 12 56
232071 17 34
232071 50 75
232071 56 58
232372 29 70
232372 44 72
232372 53 70
232673 17 18
232673 22 32
232673 79 87
232673 84 87
232974 9 23
232974 9 73
232974 14 24
232974 24 48
233275 9 29
233275 11 48
233275 24 48
233275 27 81
233275 57 88
233275 74 86
233576 1 78
233576 3 5
233576 29 63
233877 6 88
233877 18 37
233877 22 85
233877 23 69
233877 28 62
234178 9 30
234178 19 62
234178 21 56
234178 22 64
234178 77 82
234479 45 65
234780 18 47
234780 18 37
234780 58 65
235081 22 50
235081 27 58
235382 1 88
235382 1 59
235382 22 32
235683 9 73
235683 9 19
235683 33 88
235683 50 75
235984 1 84
235984 1 59
235984 1 6
235984 9 73
235984 20 84
235984 28 69
235984 29 53
235984 67 84
235984 84 88
236285 58 65
236285 76 78
236285 76 81
236285 78 81
236586 3 14
236586 19 24
236586 24 48
236586 53 70
236887 0 24
236887 32 91
236887 57 60
237188 8 37
237188 37 82
237188 37 58
237188 58 82
237489 3 72
237489 8 83
237489 14 44
237489 29 53
237489 44 51
237790 50 86
237790 52 84
237790 52 75
237790 59 76
237790 75 84
238091 6 40
238091 24 45
238091 49 86
238091 57 60
238392 9 62
238392 29 69
238392 29 53
238392 50 74
238392 53 69
238392 55 79
238693 11 44
238994 28 30
239295 4 79
239295 9 29
239295 27 81
239295 57 88
239596 1 59
239596 1 88
239596 1 84
239596 11 24
239596 12 88
239596 15 88
239596 23 69
239596 24 55
239596 50 86
239596 84 88
239897 24 28
239897 29 53
239897 55 74
239897 76 81
240198 2 71
240198 14 58
240198 14 39
240198 14 24
240198 37 82
240198 39 58
240198 53 70
240499 5 39
240499 14 58
240499 40 88
240499 49 55
240800 7 16
240800 29 53
241101 9 62
241101 15 33
241101 44 52
241101 62 73
241402 9 62
241402 28 69
241402 30 66
241402 52 75
241703 4 86
241703 29 53
241703 37 58
242004 29 53
242305 30 53
242305 58 72
242305 58 85
242305 80 85
242606 22 85
242606 61 69
242606 63 70
242907 17 34
242907 17 68
242907 28 70
243208 18 37
243208 53 70
243509 24 58
243509 32 80
243509 67 76
243810 11 86
243810 12 86
243810 76 78
244111 22 64
244111 24 48
244412 15 33
244412 22 85
244412 22 32
244412 28 66
244412 53 63
244412 58 72
244713 17 18
244713 45 65
244713 49 52
244713 52 86
245014 7 78
245014 8 26
245014 14 24
245014 14 64
245014 17 68
245014 29 53
245315 7 16
245315 7 25
245315 16 25
245315 17 18
245315 30 66
245616 16 78
245616 28 73
245616 53 63
245616 61 71
245616 70 73
245616 75 79
245917 1 88
245917 5 51
245917 5 18
245917 7 88
245917 29 53
245917 39 51
245917 49 67
245917 55 86
246218 3 51
246218 3 23
246218 23 49
246218 28 69
246218 42 51
246218 52 75
246218 80 90
246519 11 44
246519 44 53
246519 53 70
246820 23 69
247121 8 26
247121 14 44
247121 52 79
247422 11 57
247422 22 64
247422 56 57
247723 21 69
247723 21 61
247723 61 69
248024 9 66
248024 9 62
248024 30 66
248024 50 74
248024 58 72
248325 8 82
248325 9 19
248325 9 62
248325 22 39
248325 22 64
248325 38 44
248626 1 16
248626 15 16
248626 25 49
248626 55 79
248927 2 15
248927 3 14
248927 3 44
248927 9 73
248927 9 62
248927 11 44
248927 19 73
248927 29 63
248927 62 73
248927 62 66
249228 9 62
249228 11 44
249529 49 84
249830 8 26
249830 21 61
249830 22 64
250131 3 65
250131 9 73
250131 17 51
250131 51 68
250432 3 58
250432 25 86
250432 37 58
250432 53 77
250733 3 58
250733 30 53
251034 45 72
251335 50 84
251636 35 51
251636 35 84
251636 44 51
251636 45 51
251636 53 70
251636 56 88
251636 57 88
251937 1 7
251937 1 40
251937 7 40
251937 33 59
252238 6 40
252238 7 76
252539 12 64
252539 12 45
252539 12 58
252539 17 18
252539 18 68
252539 34 58
252539 45 58
252539 64 77
252840 1 76
252840 35 79
252840 77 82
253141 29 53
253141 52 86
253442 8 26
253442 31 71
253442 42 59
253442 53 63
253743 53 69
253743 61 69
254044 7 58
254044 7 25
254044 21 69
254044 25 58
254044 27 76
254044 28 66
254044 75 79
254044 76 78
254345 0 65
254345 14 65
254345 39 45
254646 1 16
254646 7 88
254646 9 62
254646 35 79
254646 35 52
254646 35 36
254646 35 84
254646 36 79
254646 76 88
254947 25 84
254947 64 77
254947 75 79
255248 11 23
255248 17 18
255248 23 69
255248 35 74
255248 62 73
255549 15 33
255850 12 59
255850 50 86
255850 75 84
256151 42 51
256151 46 60
256452 25 87
256753 5 72
256753 5 37
256753 5 22
256753 16 45
256753 18 72
256753 22 37
256753 22 26
256753 26 72
256753 26 37
256753 26 71
256753 28 73
256753 37 72
256753 60 81
256753 60 88
257054 17 18
257054 45 65
257355 9 73
257355 17 18
257355 35 75
257355 39 90
257656 0 24
257656 0 14
257656 14 24
257656 14 48
257656 22 77
257656 24 48
257656 45 48
257957 3 5
257957 11 48
257957 11 24
257957 57 88
258258 15 33
258559 7 12
258559 33 84
258559 72 85
258559 79 88
258860 23 29
258860 28 29
258860 29 53
258860 35 52
259161 24 31
259161 24 48
259161 31 48
259161 71 83
259462 7 25
259462 16 25
259462 30 66
259763 0 24
259763 4 84
259763 35 52
259763 55 79
260064 9 73
260064 9 69
260064 29 53
260064 49 52
260064 55 79
260064 67 76
260365 24 48
260365 26 31
260365 35 75
260666 12 78
260666 58 65
260666 84 89
260967 49 55
260967 50 86
261268 8 26
261268 53 63
261569 0 14
261569 29 53
261569 37 58
261870 22 64
261870 24 48
261870 77 82
262171 7 84
262171 35 86
262171 35 50
262171 37 80
262171 37 50
262171 38 86
262171 50 75
262171 50 80
262472 35 75
262472 39 58
262472 79 88
262773 49 55
263074 1 6
263074 1 59
263074 1 88
263074 7 81
263074 29 53
263375 24 48
263375 35 52
263375 39 45
263375 57 62
263676 9 69
263676 9 63
263676 24 48
263676 28 70
263676 37 65
263676 53 70
263676 61 62
263977 7 88
263977 26 52
264278 9 62
264278 9 17
264278 24 48
264278 76 88
264579 3 5
264579 29 73
264579 50 86
264880 24 48
264880 31 32
265181 15 33
265181 46 76
265181 60 81
