0 7 56
0 9 73
301 22 64
301 27 57
301 44 51
301 77 82
602 21 69
602 24 45
903 14 58
903 21 61
1204 29 53
1505 24 48
1505 29 53
1505 35 75
1806 24 48
1806 42 84
1806 52 84
1806 53 63
2107 45 72
2408 5 44
2408 11 44
2408 28 69
2408 29 70
2408 44 51
2709 7 27
2709 27 57
2709 57 60
3010 24 32
3311 39 72
3311 42 72
3311 42 58
3311 58 72
3612 21 69
3612 29 63
3913 0 14
4214 7 76
4515 9 69
4515 9 63
4515 24 48
4515 28 70
4515 37 65
4515 53 70
4515 61 62
4816 9 62
4816 17 18
4816 29 61
4816 44 51
4816 50 86
4816 79 87
5117 0 48
5117 8 90
5117 9 80
5117 9 30
5117 15 67
5117 24 48
5117 30 53
5117 53 73
5117 53 62
5418 3 37
5418 5 34
5719 14 24
5719 21 69
5719 29 53
5719 85 91
6020 11 23
6321 29 63
6622 21 59
6923 14 48
6923 23 30
6923 24 48
6923 39 58
6923 45 58
6923 45 72
6923 58 72
7224 9 23
7224 9 73
7224 14 24
7224 24 48
7525 3 22
7525 11 24
7525 42 79
7525 52 79
7525 55 79
7826 0 14
7826 18 45
7826 35 52
8127 29 53
8127 50 86
8127 51 65
8428 49 55
8428 50 86
8729 28 53
8729 44 51
9030 1 33
9030 14 37
9030 64 77
9331 29 53
9331 29 63
9632 14 48
9632 29 53
9632 53 70
9632 53 66
9632 59 76
9933 12 27
9933 17 34
10234 8 26
10234 50 74
10535 7 25
10535 16 25
10535 30 66
10836 5 18
10836 9 53
10836 12 44
10836 12 77
10836 39 65
10836 39 58
10836 44 65
10836 58 65
11137 32 80
11137 45 83
11137 50 74
11137 55 79
11137 58 72
11438 24 48
11739 22 32
12040 0 14
12040 3 14
12040 8 90
12040 9 69
12040 16 84
12040 17 18
12040 30 53
12040 65 82
12341 11 26
12341 35 75
12642 19 78
12642 21 63
12642 29 53
12943 18 22
12943 22 85
12943 28 66
12943 80 85
13244 7 58
13244 21 84
13244 24 45
13244 28 62
13244 56 60
13545 7 58
13846 18 37
13846 23 30
14147 5 18
14147 8 26
14448 23 69
14448 23 30
14448 29 53
14448 30 63
14448 30 53
14749 9 62
14749 13 88
14749 21 88
14749 29 53
14749 29 69
14749 45 83
14749 50 74
14749 55 79
15050 5 72
15050 30 66
15050 32 91
15050 34 72
15050 53 63
15351 11 44
15351 44 53
15351 53 70
15652 17 68
15652 17 34
15652 34 68
15652 35 75
15652 35 36
15652 36 75
15652 75 86
15953 1 10
15953 1 16
15953 1 33
15953 2 10
15953 2 6
15953 5 39
15953 6 10
15953 6 40
15953 6 27
15953 10 38
15953 10 40
15953 10 16
15953 12 44
15953 12 77
15953 16 33
15953 17 18
15953 24 48
15953 27 40
15953 38 45
15953 38 85
15953 39 65
15953 45 85
16254 1 76
16254 37 58
16555 23 53
16555 35 52
16555 44 77
16555 56 84
16856 12 60
16856 35 75
17157 35 55
17157 50 74
17458 22 64
17458 24 48
17458 44 51
17458 77 82
17759 9 73
17759 17 84
17759 24 28
17759 29 53
18060 12 58
18060 43 58
18060 44 45
18060 79 88
18361 29 53
18662 3 53
18662 22 32
18662 22 45
18662 28 70
18662 44 51
18662 53 70
18662 53 61
18963 7 25
18963 9 66
18963 9 72
18963 22 64
18963 35 52
19264 18 47
19264 18 37
19264 58 65
19565 24 48
19565 29 30
19565 30 53
19565 30 63
19866 14 50
19866 22 64
19866 44 86
20167 1 84
20167 5 18
20167 6 84
20167 7 84
20167 20 84
20167 28 30
20167 29 53
20167 32 38
20167 33 84
20167 67 84
20167 81 84
20167 84 88
20468 5 39
20468 14 58
20468 40 88
20468 49 55
20769 23 29
21070 8 26
21070 44 51
21371 11 44
21371 24 63
21371 37 82
21371 86 91
21672 35 75
21672 35 52
21672 52 75
21973 29 53
21973 44 51
22274 6 7
22274 8 14
22274 9 62
22274 14 37
22274 35 75
22575 23 30
22575 29 63
22575 37 77
22575 55 86
22876 22 64
22876 40 88
22876 44 51
22876 67 78
23177 38 58
23177 59 78
23177 76 78
23478 29 53
23478 35 49
23478 52 86
23478 57 60
23478 74 86
23779 7 76
23779 8 26
23779 15 33
23779 23 29
23779 29 53
23779 53 63
24080 3 19
24080 3 14
24080 9 14
24080 19 42
24080 29 63
24381 9 63
24682 19 76
24682 22 64
24682 35 79
24682 77 82
24983 9 62
24983 50 74
24983 58 72
25284 17 68
25284 50 86
25585 0 45
25585 29 53
25585 37 58
25585 37 47
25886 3 80
26187 2 15
26187 9 73
26187 20 40
26187 44 70
26488 21 76
26789 14 71
26789 44 51
26789 50 86
27090 24 48
27090 29 69
27090 66 69
27391 24 48
27391 35 75
27391 46 84
27692 5 85
27692 5 72
27692 55 86
27692 72 80
27692 80 85
27993 9 62
27993 28 29
28294 15 60
28595 2 15
28595 2 33
28595 9 73
28595 9 62
28595 15 72
28595 29 63
28595 40 75
28595 50 75
28595 58 86
28595 58 78
28595 58 59
28595 59 78
28595 72 86
28595 72 78
28595 72 75
28595 75 86
28896 3 44
28896 44 51
28896 77 82
29197 14 37
29197 29 53
29498 9 28
29498 9 63
29498 9 69
29498 28 69
29498 28 70
29799 0 48
29799 9 69
29799 9 43
29799 15 67
29799 28 69
29799 44 51
29799 52 75
29799 62 73
29799 69 73
30100 7 84
30100 35 86
30100 35 50
30100 37 80
30100 37 50
30100 38 86
30100 50 75
30100 50 80
30401 7 78
30401 8 26
30401 14 24
30401 14 64
30401 17 68
30401 29 53
30702 30 53
30702 58 72
30702 58 85
30702 80 85
31003 17 18
31304 11 69
31304 11 23
31304 23 69
31304 53 63
31605 11 24
31605 23 30
31605 49 55
31906 9 73
31906 28 53
31906 50 74
32207 9 28
32207 9 63
32207 28 69
32207 37 77
32508 14 24
32508 14 58
32508 24 58
32809 52 79
33110 29 63
33411 16 59
33411 29 63
33411 50 59
33411 59 76
33712 11 57
33712 22 64
33712 56 57
34013 21 84
34013 23 29
34013 51 65
34314 58 72
34314 64 77
34615 24 48
34615 26 31
34615 35 75
34615 37 91
34916 53 70
35217 28 84
35217 35 75
35217 55 75
35518 0 24
35518 17 18
35518 79 87
35518 84 87
35819 17 34
35819 17 68
35819 28 70
36120 14 39
36120 14 58
36421 17 18
36421 29 63
36722 24 48
37023 7 27
37324 29 70
37324 44 72
37324 53 70
37625 40 56
37926 11 84
37926 12 84
37926 16 33
37926 29 53
37926 42 43
37926 44 45
37926 49 84
37926 49 58
37926 49 64
37926 58 84
37926 64 77
37926 79 88
38227 9 62
38227 9 73
38227 17 18
38227 50 74
38227 53 69
38528 14 37
38528 37 58
38528 44 51
38829 12 59
38829 50 86
38829 75 84
39130 0 48
39130 9 63
39130 52 87
39431 8 26
39431 14 44
39732 14 24
39732 29 63
39732 35 75
39732 59 76
40033 8 26
40033 26 80
40033 31 58
40033 39 85
40033 80 91
40334 1 84
40334 5 18
40334 15 88
40334 15 40
40334 15 84
40334 18 32
40334 22 32
40334 23 69
40334 28 30
40334 29 53
40334 59 88
40334 59 84
40334 62 75
40334 81 84
40334 84 88
40635 9 62
40635 17 68
40635 18 68
40936 9 62
40936 9 77
40936 28 73
40936 44 51
41237 22 72
41237 28 69
41538 4 79
41538 16 84
41839 5 18
41839 7 33
41839 29 90
41839 44 51
41839 45 64
41839 81 88
42140 2 88
42140 40 88
42140 40 84
42140 84 88
42441 28 53
42441 42 43
42742 29 53
42742 52 87
43043 58 65
43043 76 84
43344 29 53
43645 29 53
43946 31 71
44247 4 79
44247 9 29
44247 27 81
44247 57 88
44548 8 26
44548 53 63
44849 7 25
44849 24 48
44849 28 69
45150 17 18
45150 29 53
45451 31 71
45451 44 51
45451 53 63
45752 3 8
45752 14 85
45752 19 79
45752 24 48
45752 45 65
46053 1 16
46053 15 16
46053 25 49
46053 55 79
46354 9 62
46354 12 16
46354 35 75
46354 57 60
46354 57 88
46354 58 90
46655 8 26
46655 9 62
46655 29 53
46655 36 55
46655 36 79
46655 55 79
46956 9 63
46956 9 73
46956 9 28
46956 9 69
46956 24 48
46956 28 70
46956 37 65
46956 53 70
46956 61 62
47257 0 65
47257 14 65
47257 39 45
47558 0 45
47558 29 91
47558 29 53
47558 53 63
47859 8 26
47859 22 91
47859 24 48
47859 42 43
47859 48 49
47859 53 70
47859 79 88
48160 9 73
48160 9 62
48461 24 45
48461 29 53
48461 44 51
48762 39 58
48762 49 58
48762 49 79
48762 49 88
48762 79 88
48762 79 84
49063 8 85
49063 8 37
49063 9 62
49063 50 75
49063 59 76
49364 7 58
49364 15 33
49364 60 81
49665 35 75
49665 45 58
49966 4 55
50267 11 23
50267 23 69
50267 53 63
50568 1 78
50568 3 5
50568 29 63
50869 29 63
50869 62 73
51170 8 26
51170 28 70
51471 12 44
51471 17 56
51772 22 64
51772 42 52
52073 29 53
52374 35 79
52374 77 82
52675 35 75
52675 44 51
52976 11 24
52976 11 51
52976 17 68
52976 22 64
52976 27 51
52976 27 68
53277 29 53
53277 35 75
53277 42 50
53578 7 12
53578 22 91
53578 24 32
53578 33 84
53578 79 88
53578 85 91
53879 2 15
53879 2 3
53879 24 48
53879 35 75
54180 9 23
54180 9 62
54481 34 84
54481 50 74
54481 58 72
54481 80 85
54782 6 88
54782 18 37
54782 22 85
54782 23 69
54782 28 62
55083 23 29
55083 29 63
55083 31 71
55083 52 79
55384 34 86
55685 9 51
55685 9 39
55685 9 62
55685 39 51
55986 9 62
55986 9 69
55986 9 66
55986 28 69
55986 29 30
55986 30 66
55986 37 58
55986 37 77
55986 64 82
55986 65 82
56287 5 11
56287 8 85
56287 9 62
56287 29 53
56287 38 45
56287 40 41
56588 5 24
56588 7 16
56588 8 26
56588 14 90
56588 18 37
56889 9 62
56889 14 24
56889 18 47
56889 19 58
56889 21 69
56889 58 72
57190 3 72
57190 52 79
57190 62 73
57190 79 86
57491 5 18
57491 7 16
57491 9 29
57491 22 32
57491 52 55
57491 55 74
57792 2 71
57792 14 58
57792 14 39
57792 14 24
57792 37 82
57792 39 58
57792 53 70
58093 0 24
58093 22 38
58093 24 45
58093 25 28
58093 25 53
58093 27 57
58093 28 53
58093 53 69
58093 67 76
58394 6 10
58394 16 46
58394 44 51
58394 57 88
58695 29 53
58695 36 79
58695 36 55
58695 55 79
58996 9 62
58996 38 58
58996 38 45
58996 45 58
59297 24 48
59297 26 31
59297 35 75
59598 24 45
59598 29 53
59598 37 58
59598 44 51
59598 67 76
59899 2 15
59899 5 11
59899 14 19
59899 17 18
59899 19 79
59899 42 79
60200 3 5
60200 29 63
60200 29 73
60200 50 88
60501 9 62
60802 20 35
60802 39 45
60802 42 79
61103 50 86
61103 56 84
61404 29 70
61705 3 14
61705 9 62
61705 9 28
61705 9 44
61705 34 44
61705 44 45
62006 21 42
62006 22 38
62006 24 45
62006 25 28
62006 27 57
62006 53 70
62307 29 53
62307 52 86
62608 22 64
62608 61 69
62909 1 40
62909 1 6
62909 6 60
62909 27 84
62909 44 65
62909 58 65
63210 9 28
63210 12 84
63210 55 87
63511 42 51
63511 46 60
63812 50 84
64113 1 84
64113 1 59
64113 1 6
64113 9 73
64113 20 84
64113 28 69
64113 29 53
64113 67 84
64113 84 88
64414 7 88
64414 8 26
64414 53 63
64715 24 48
64715 24 45
64715 29 63
64715 29 70
64715 39 45
64715 42 65
64715 45 72
64715 45 48
65016 0 14
65317 2 6
65317 2 10
65317 5 39
65317 6 10
65317 7 16
65317 9 62
65317 14 82
65317 21 56
65317 45 58
65618 2 10
65618 2 6
65618 5 51
65618 6 10
65618 11 14
65618 14 34
65618 27 46
65618 44 51
65919 9 62
65919 28 69
65919 30 66
65919 52 75
66220 2 10
66220 3 14
66220 6 10
66220 11 14
66220 44 51
66521 24 28
66521 29 53
66521 55 74
66521 76 81
66822 21 84
66822 24 48
66822 55 79
67123 7 46
67123 17 68
67424 23 30
67725 29 53
67725 37 58
67725 62 69
68026 0 24
68026 5 34
68327 52 79
68628 17 18
68628 21 56
68628 21 59
68628 24 48
68628 32 58
68929 6 12
68929 6 26
68929 7 46
68929 9 62
68929 9 26
68929 12 46
68929 14 24
69230 1 59
69230 22 38
69230 29 53
69230 29 30
69230 29 66
69230 30 53
69230 75 79
69531 40 88
69531 55 74
69832 0 48
69832 4 50
69832 9 73
69832 9 62
69832 15 67
69832 52 75
69832 53 66
70133 14 32
70434 1 6
70434 1 33
70434 1 40
70434 1 10
70434 6 40
70434 10 40
70434 12 44
70434 18 68
70434 24 48
70434 33 40
70735 14 24
70735 27 56
70735 27 60
70735 28 53
70735 29 53
70735 29 70
70735 45 65
70735 65 72
71036 11 44
71036 25 75
71337 23 69
71638 24 58
71939 29 53
72240 9 63
72240 9 73
72541 14 18
72541 25 58
72541 29 53
72541 35 75
72541 50 75
72541 56 60
72842 4 86
72842 52 86
73143 9 73
73143 11 23
73143 17 18
73143 22 85
73444 9 62
73444 9 19
73444 12 58
73444 22 64
73444 24 48
73444 29 53
73444 53 63
73745 3 5
73745 29 73
73745 50 86
74046 58 65
74046 76 78
74046 76 81
74046 78 81
74347 2 33
74347 24 87
74347 58 62
74648 2 15
74648 3 14
74648 3 44
74648 9 73
74648 9 62
74648 11 44
74648 19 73
74648 29 63
74648 62 73
74648 62 66
74949 18 37
74949 53 70
75250 9 62
75250 29 53
75551 20 84
75551 35 52
75551 35 84
75551 55 79
75551 56 87
75551 56 84
75852 19 79
75852 21 61
75852 24 45
75852 27 57
75852 28 69
75852 44 51
75852 53 66
75852 61 66
75852 79 87
76153 0 14
76153 9 62
76153 29 53
76454 7 81
76454 14 45
76454 57 60
76755 7 76
76755 9 63
77056 29 63
77056 55 79
77357 44 51
77357 55 79
77658 5 37
77658 5 13
77658 5 74
77658 9 62
77658 74 81
77959 17 18
78260 18 90
78260 23 30
78260 35 75
78260 46 84
78260 50 86
78260 50 60
78260 57 88
78260 62 73
78561 27 60
78561 50 75
78862 5 54
78862 7 59
78862 9 62
78862 62 69
79163 28 62
79163 28 29
79163 29 53
79464 3 72
79464 8 83
79464 14 44
79464 29 53
79464 44 51
79765 19 73
79765 52 75
80066 50 86
80066 52 84
80066 52 75
80066 59 76
80066 75 84
80367 3 11
80367 28 76
80367 57 76
80668 7 84
80668 16 84
80668 25 84
80668 64 77
80969 1 16
80969 8 26
81270 0 48
81270 0 14
81270 9 62
81270 18 68
81571 45 65
81571 56 86
81571 56 84
81571 84 86
81872 17 18
81872 45 65
81872 49 52
81872 52 86
82173 0 14
82173 12 88
82173 31 51
82173 51 71
82474 34 84
82474 35 75
82474 50 86
82474 55 74
82775 35 75
82775 39 58
82775 79 88
83076 9 62
83076 12 77
83076 12 44
83076 12 58
83076 24 48
83076 27 46
83076 27 65
83076 27 57
83076 39 65
83076 39 58
83076 46 56
83076 46 57
83076 53 70
83076 58 65
83377 21 56
83377 36 50
83678 14 72
83678 30 73
83678 30 69
83678 53 69
83979 11 24
83979 19 59
83979 37 72
83979 59 76
83979 70 73
84280 44 51
84280 57 62
84581 5 37
84581 35 75
84581 35 49
84581 46 57
84882 5 37
84882 24 31
84882 31 48
85183 0 14
85183 5 22
85183 5 37
85183 5 72
85183 22 26
85183 22 37
85183 22 34
85183 26 37
85183 26 72
85183 34 37
85183 37 72
85183 40 84
85183 40 78
85183 60 88
85183 81 88
85484 4 50
85484 9 62
85484 23 30
85484 30 44
85484 35 52
85484 46 49
85484 49 86
85484 53 70
85785 9 73
85785 9 30
85785 9 29
85785 29 63
85785 29 62
85785 61 63
85785 63 66
86086 5 18
86086 12 44
86086 12 77
86086 12 64
86086 24 48
86086 39 65
86086 64 77
86387 28 84
86387 28 43
86387 39 51
86688 9 63
86688 28 70
86688 28 53
86688 53 70
86688 61 62
86989 24 48
86989 28 70
86989 57 76
87290 29 53
87591 14 58
87591 53 66
87892 28 69
87892 53 70
88193 17 18
88193 18 68
88193 24 48
88193 32 58
88494 15 33
88494 25 55
88494 56 60
88795 9 66
88795 9 62
88795 30 66
88795 50 74
88795 58 72
89096 21 61
89096 22 64
89096 57 88
89397 3 80
89397 28 53
89397 49 55
89698 17 68
89999 9 62
89999 29 30
89999 50 86
90300 4 79
90300 37 58
90300 75 79
90601 7 25
90601 35 84
90601 45 70
90601 52 84
90902 28 84
91203 21 56
91203 24 48
91504 5 18
91805 28 69
91805 46 89
92106 11 38
92106 29 53
92106 62 73
92106 69 70
92106 84 88
92407 7 12
92407 29 53
92407 45 83
92407 50 74
92708 28 69
92708 37 82
93009 0 48
93009 8 90
93009 16 84
93009 29 53
93310 44 51
93310 58 65
93611 0 14
93611 7 16
93611 8 90
93611 8 60
93611 9 62
93611 9 69
93611 17 68
93912 11 23
93912 21 30
93912 23 69
93912 37 58
93912 74 86
94213 4 50
94213 9 62
94213 9 73
94213 15 67
94213 28 69
94213 44 51
94213 52 75
94514 0 24
94514 17 68
94815 7 50
95116 34 84
95116 35 75
95116 35 50
95116 37 84
95116 49 86
95116 50 74
95116 58 84
95116 75 86
95417 19 59
95417 19 76
95417 24 45
95417 25 47
95417 27 57
95417 28 69
95718 14 22
96019 9 29
96019 11 48
96019 24 48
96019 27 81
96019 57 88
96019 74 86
96320 9 43
96320 9 73
96320 15 67
96320 23 69
96320 30 66
96320 52 75
96320 55 86
96621 8 26
96621 9 62
96621 9 28
96621 28 73
96621 28 62
96621 50 52
96621 50 86
96922 64 77
97223 2 10
97223 6 84
97223 10 16
97223 10 33
97223 11 84
97223 12 44
97223 24 31
97223 33 44
97223 39 51
97223 51 58
97223 51 65
97223 58 65
97223 67 84
97524 7 25
97524 7 16
97524 16 25
97524 30 66
97524 61 69
97825 0 24
97825 0 14
97825 14 24
97825 14 48
97825 22 77
97825 24 48
97825 45 48
98126 0 24
98126 0 48
98126 9 62
98126 15 67
98126 16 59
98126 23 30
98126 24 48
98126 28 30
98126 44 51
98126 52 75
98427 9 73
98427 35 50
98427 50 86
98427 50 84
98728 3 5
98728 11 48
98728 11 24
98728 57 88
99029 24 31
99029 24 48
99029 31 48
99029 71 83
99330 3 85
99330 50 86
99631 12 77
99631 12 84
99631 26 32
99631 57 60
99631 77 84
99932 9 29
100233 14 48
100233 14 24
100233 24 48
100534 2 60
100534 7 33
100534 11 56
100534 28 53
100534 44 51
100534 53 70
100534 58 65
100835 28 30
101136 29 70
101136 29 69
101136 29 53
101136 53 63
101136 59 78
101136 85 91
101437 5 72
101437 50 74
101437 53 69
101437 55 79
101738 15 33
102039 35 75
102039 35 52
102340 3 83
102340 3 43
102340 44 51
102641 11 44
102641 11 30
102641 24 48
102942 9 62
103243 7 59
103243 8 90
103243 24 48
103243 79 86
103544 2 15
103544 23 30
103845 29 63
104146 9 73
104146 14 24
104146 59 76
104447 5 14
104447 6 88
104447 14 24
104447 28 30
104748 9 73
104748 63 70
105049 8 26
105049 9 62
105049 21 84
105350 9 30
105350 19 62
105350 21 56
105350 22 64
105350 77 82
105651 21 61
105651 24 45
105651 30 66
105651 69 73
105952 8 26
105952 26 32
105952 38 90
105952 38 85
105952 58 90
105952 58 85
105952 85 90
106253 29 53
106253 35 49
106253 37 84
106253 58 84
106554 7 88
106554 9 62
106554 52 75
106855 0 14
106855 41 79
106855 53 69
106855 77 82
107156 44 51
107156 88 89
107457 28 84
107457 39 51
107758 3 44
107758 22 64
107758 44 51
107758 45 58
108059 53 70
108360 32 85
108360 50 86
108661 0 14
108661 0 3
108661 3 14
108661 7 78
108962 8 30
108962 8 90
108962 9 73
108962 15 67
108962 52 75
108962 53 73
109263 0 48
109263 8 16
109263 8 90
109263 16 84
109263 29 53
109263 29 30
109564 3 22
109564 28 66
109564 28 69
109865 29 53
110166 2 10
110166 2 40
110166 2 6
110166 6 10
110166 21 88
110166 44 51
110467 17 18
110467 45 65
110768 11 77
110768 17 34
110768 22 48
110768 27 81
110768 27 48
110768 27 77
110768 27 64
110768 48 64
110768 64 77
110768 85 90
111069 9 62
111069 35 75
111370 39 51
111671 35 50
111671 42 50
111972 9 62
111972 18 90
111972 23 30
111972 50 57
111972 50 86
112273 7 25
112273 22 64
112273 49 84
112273 50 84
112273 50 52
112273 52 84
112574 50 86
112875 9 30
112875 24 48
112875 31 91
112875 32 88
112875 66 69
113176 6 40
113176 24 45
113176 49 86
113176 57 60
113477 45 58
113477 45 72
113477 63 70
113477 64 77
113778 9 46
113778 55 84
114079 8 54
114079 8 32
114079 22 37
114079 22 72
114079 22 26
114079 22 91
114079 26 37
114079 29 53
114079 37 72
114079 37 90
114380 20 84
114380 29 63
114380 37 58
114380 59 76
114681 3 24
114681 14 45
114681 24 29
114681 24 53
114681 24 28
114681 29 53
114681 44 51
114982 11 24
114982 53 73
115283 23 53
115283 28 69
115283 35 52
115283 46 50
115283 50 86
115283 53 70
115584 12 78
115584 58 65
115584 84 89
115885 7 16
115885 7 58
116186 29 53
116186 29 63
116186 45 65
116186 45 85
116186 58 65
116487 5 85
116487 76 78
116788 1 88
116788 5 51
116788 5 18
116788 7 88
116788 29 53
116788 39 51
116788 49 67
116788 55 86
117089 17 18
117089 22 32
117089 35 75
117089 39 90
117089 79 87
117390 22 80
117390 28 69
117390 53 70
117691 22 64
117691 35 52
117691 44 51
117691 46 89
117992 8 39
117992 8 85
117992 9 62
117992 9 19
117992 37 58
117992 38 45
118293 5 14
118293 37 58
118293 44 45
118594 0 24
118594 9 62
118594 15 67
118594 52 75
118594 62 73
118895 6 40
118895 9 30
118895 9 29
118895 28 29
118895 28 53
118895 29 53
119196 0 24
119196 4 86
119196 9 69
119196 21 84
119196 24 48
119196 61 62
119497 7 46
119497 17 34
119497 17 18
119497 17 46
119497 32 85
119497 32 38
119497 35 75
119497 64 77
119798 8 16
119798 28 69
120099 0 24
120099 1 15
120099 29 63
120099 55 79
120099 56 84
120400 23 49
120400 25 49
120400 28 69
120400 37 77
120400 52 75
120400 53 61
120701 14 47
120701 32 38
121002 37 58
121002 53 61
121002 53 70
121303 25 86
121303 29 53
121303 50 86
121604 5 11
121604 5 72
121905 12 64
121905 12 45
121905 12 58
121905 17 18
121905 18 68
121905 34 58
121905 45 58
121905 64 77
122206 9 62
122206 9 73
122206 50 86
122507 28 84
122808 11 84
122808 14 71
122808 37 58
122808 50 86
123109 1 76
123109 22 64
123109 24 48
123109 27 76
123109 44 51
123109 52 87
123109 77 82
123410 4 86
123410 29 53
123410 37 58
123711 24 69
123711 28 69
124012 7 88
124012 26 52
124313 24 48
124313 35 52
124313 39 45
124313 57 62
124614 9 62
124614 9 17
124614 24 48
124614 76 88
124915 17 68
124915 22 85
124915 26 37
124915 28 70
124915 37 72
124915 55 86
125216 29 53
125216 50 74
125216 52 86
125517 4 50
125517 7 57
125517 8 26
125517 9 62
125517 13 50
125517 14 37
125517 32 80
125517 37 90
125818 14 58
125818 21 76
125818 25 79
126119 5 72
126119 5 37
126119 5 22
126119 16 45
126119 18 72
126119 22 37
126119 22 26
126119 26 72
126119 26 37
126119 26 71
126119 28 73
126119 37 72
126119 60 81
126119 60 88
126420 7 12
126420 33 84
126420 72 85
126420 79 88
126721 29 53
127022 9 28
127022 9 63
127323 7 88
127624 49 84
127925 22 85
127925 61 69
127925 63 70
128226 11 48
128226 57 76
128226 58 65
128527 56 84
128828 24 28
128828 29 53
128828 55 74
128828 76 81
129129 16 25
129129 52 87
129430 9 30
129430 9 28
129430 9 53
129430 28 30
129430 28 73
129430 29 53
129430 44 51
129731 8 26
129731 50 74
129731 53 69
130032 5 37
130032 5 18
130032 14 77
130032 18 37
130032 64 77
130333 29 53
130333 49 86
130333 59 76
130634 5 39
130634 8 84
130634 9 31
130634 24 48
130634 29 53
130634 46 84
130935 2 15
130935 2 48
130935 15 48
130935 24 49
130935 35 75
130935 48 49
131236 28 70
131537 3 45
131838 5 14
132139 51 54
132139 63 89
132440 17 18
132440 28 30
132440 64 77
132741 14 24
132741 76 78
133042 14 44
133042 14 22
133343 37 58
133343 50 86
133644 5 75
133945 11 44
134246 28 69
134246 29 63
134547 5 34
134547 29 63
134547 53 63
134848 16 84
135149 8 26
135149 14 44
135149 52 79
135450 4 52
135450 7 88
135450 9 73
135450 9 62
135450 29 53
135450 52 55
135450 55 79
135751 29 63
135751 50 84
135751 58 65
135751 59 76
135751 76 81
136052 35 51
136052 35 84
136052 44 51
136052 45 51
136052 53 70
136052 56 88
136052 57 88
136353 0 14
136353 8 26
136353 9 62
136353 12 32
136353 17 51
136353 21 56
136353 25 39
136353 39 51
136353 56 60
136654 1 88
136654 9 62
136654 9 73
136654 16 88
136654 28 73
136654 29 73
136654 35 52
136654 37 77
136654 53 73
136654 62 73
136955 49 55
137256 7 25
137256 16 25
137256 50 86
137557 12 78
137858 15 33
137858 35 75
137858 49 50
137858 52 55
138159 5 72
138159 9 62
138159 49 86
138159 49 55
138159 55 86
138460 28 70
138460 38 39
138761 62 73
138761 71 83
139062 14 24
139363 45 65
139363 52 86
139664 5 84
139664 22 77
139664 24 48
139965 4 74
139965 24 48
139965 26 71
139965 29 53
139965 35 75
140266 28 69
140266 29 53
140567 9 62
140567 29 69
140567 29 53
140567 50 74
140567 53 69
140567 55 79
140868 7 21
140868 7 78
140868 17 68
140868 21 78
140868 29 53
140868 36 50
141169 9 28
141169 9 69
141169 9 63
141169 17 68
141169 28 73
141169 28 70
141169 28 30
141169 28 69
141169 30 62
141169 35 75
141169 53 62
141169 53 70
141169 61 62
141470 7 16
141470 29 53
141771 8 79
141771 21 69
141771 29 63
142072 3 68
142072 29 63
142373 53 70
142674 5 37
142674 5 34
142674 7 27
142674 7 88
142674 23 30
142674 27 88
142674 30 34
142674 34 37
142975 37 58
142975 44 52
143276 32 38
143577 5 14
143577 29 70
143577 44 51
143878 24 48
143878 31 32
144179 5 24
144179 5 65
144179 9 66
144179 9 13
144179 24 32
144179 57 60
144480 9 66
144480 14 48
144480 24 32
144480 59 76
144781 21 46
144781 24 48
144781 26 31
144781 75 79
145082 27 60
145082 29 63
145082 37 58
145082 50 75
145383 4 49
145383 29 53
145383 57 88
145684 14 72
145684 28 53
145985 5 37
145985 9 62
145985 9 73
145985 24 48
145985 24 77
145985 24 74
146286 5 72
146286 28 69
146286 49 55
146286 49 86
146286 55 86
146587 22 85
146888 8 50
146888 9 62
146888 38 45
146888 50 75
147189 1 59
147189 1 88
147189 1 84
147189 11 24
147189 12 88
147189 15 88
147189 23 69
147189 24 55
147189 50 86
147189 84 88
147490 29 53
147791 0 24
148092 22 85
148092 46 89
148393 37 77
148393 42 76
148393 49 55
148393 55 86
148694 12 58
148694 58 72
148694 59 78
148995 9 62
148995 22 85
148995 29 53
148995 32 38
149296 62 73
149597 53 62
149597 76 78
149898 18 34
149898 21 66
149898 29 69
149898 50 74
149898 55 79
149898 57 60
150199 9 69
150199 9 66
150199 9 62
150199 12 57
150199 29 53
150199 50 74
150199 62 69
150199 80 85
150500 0 65
150500 0 14
150500 22 64
150500 24 48
150500 44 51
150801 29 63
151102 2 12
151102 12 72
151102 58 72
151102 59 78
151102 65 72
151403 5 51
151403 5 35
151403 14 39
151403 17 51
151403 27 35
151403 27 75
151403 35 75
151403 51 68
151704 39 58
151704 65 84
151704 79 84
151704 79 88
152005 28 70
152306 14 24
152306 28 84
152306 39 51
152607 15 33
152607 25 86
152908 14 37
152908 35 87
152908 35 52
153209 11 86
153209 12 86
153209 76 78
153510 17 68
153510 42 50
153811 14 58
153811 21 61
153811 21 76
154112 23 29
154112 55 74
154413 9 73
154413 17 18
154413 35 75
154413 39 90
154714 29 53
155015 35 75
155015 62 73
155316 0 45
155316 3 5
155316 9 29
155316 9 30
155316 9 70
155316 9 28
155617 9 62
155617 29 53
155617 57 88
155918 9 73
155918 50 86
156219 7 78
156219 28 69
156219 46 60
156219 49 86
156219 49 55
156219 55 86
156520 9 63
156520 9 28
156520 61 62
156821 9 62
156821 29 53
157122 14 85
157122 23 69
157122 23 31
157122 27 75
157122 31 69
157423 1 65
157423 8 39
157423 8 85
157423 9 62
157423 12 29
157423 14 45
157423 22 51
157423 29 63
157423 38 45
157423 41 86
157423 50 75
157423 53 70
157423 61 90
157423 75 79
157724 22 64
157724 24 48
158025 4 52
158025 14 24
158025 21 69
158025 29 53
158326 7 88
158326 7 27
158326 7 57
158326 27 88
158326 27 77
158326 27 58
158326 58 77
158627 0 48
158627 9 73
158627 9 62
158627 15 67
158627 52 75
158928 21 76
158928 21 69
158928 22 85
159229 7 84
159229 24 84
159229 27 84
159229 33 84
159229 51 58
159530 1 6
159530 1 59
159530 1 88
159530 7 81
159530 29 53
159831 22 64
159831 45 85
159831 45 65
159831 65 85
160132 12 44
160132 12 58
160132 12 77
160132 24 48
160132 58 65
160433 3 5
160433 9 62
160433 9 29
160433 11 24
160433 11 48
160433 18 37
160433 24 48
160734 5 80
160734 5 18
160734 18 80
161035 17 80
161035 21 84
161035 24 48
161035 35 75
161035 46 84
161336 9 73
161336 49 73
161336 50 86
161336 57 60
161637 5 11
161637 11 24
161637 14 48
161637 19 59
161637 19 76
161637 28 73
161637 29 53
161637 39 51
161637 70 73
161938 3 18
161938 7 58
161938 12 15
161938 15 33
162239 2 15
162239 3 14
162239 7 50
162239 9 62
162239 9 73
162540 15 33
162841 1 16
162841 1 59
162841 16 59
162841 49 55
162841 55 79
163142 21 84
163443 3 5
163443 5 18
163443 11 24
163443 18 22
163443 79 84
163744 15 33
163744 23 61
164045 3 58
164045 25 86
164045 37 58
164045 53 77
164346 0 24
164346 5 34
164346 23 29
164346 29 30
164647 1 16
164647 7 88
164647 9 62
164647 35 79
164647 35 52
164647 35 36
164647 35 84
164647 36 79
164647 76 88
164948 29 63
165249 12 44
165550 5 72
165550 5 37
165550 22 26
165550 22 37
165550 22 72
165550 26 37
165550 26 72
165550 29 53
165550 37 72
165550 53 63
165851 4 41
165851 27 57
165851 28 69
166152 21 69
166152 58 85
166453 0 45
166453 7 78
166453 7 21
166453 14 24
166453 21 78
166453 29 53
166754 37 58
167055 7 27
167055 27 60
167055 27 57
167055 28 61
167055 29 53
167055 49 74
167055 57 60
167356 8 26
167356 42 43
167356 53 63
167657 29 63
167958 12 59
168259 5 18
168259 5 11
168259 62 73
168560 14 58
168560 21 61
168861 16 76
168861 32 38
169162 9 63
169162 28 70
169162 35 75
169463 21 56
169463 22 64
169463 24 48
169463 35 79
169463 77 82
169764 37 58
169764 44 51
170065 24 48
170366 7 84
170366 44 65
170667 1 59
170667 6 88
170667 32 38
170968 5 85
170968 5 80
170968 21 84
170968 28 69
171269 1 78
171269 9 19
171269 9 73
171269 19 42
171269 19 50
171269 58 72
171269 62 73
171570 8 82
171570 9 19
171570 9 62
171570 22 39
171570 22 64
171570 38 44
171871 21 28
171871 29 53
171871 67 78
172172 1 7
172172 9 73
172172 14 51
172172 23 53
172172 23 73
172172 23 29
172172 28 53
172172 28 73
172172 28 29
172172 29 53
172473 7 78
172473 7 59
172473 20 52
172473 20 35
172473 28 40
172473 28 73
172473 35 52
172473 35 84
172473 35 87
172473 40 84
172473 42 79
172473 52 84
172473 56 87
172473 56 84
172774 28 29
172774 29 70
173075 15 33
173376 4 50
173376 14 24
173376 21 69
173376 29 53
173376 45 58
173677 24 45
173677 55 79
173677 69 73
173978 16 84
173978 28 69
173978 32 38
173978 35 50
173978 37 82
173978 37 77
173978 45 65
174279 1 27
174279 1 7
174279 6 27
174279 6 7
174279 27 33
174279 29 63
174279 37 58
174279 44 65
174580 5 22
174580 23 61
174881 8 26
174881 9 62
174881 9 73
174881 69 73
175182 8 26
175182 49 74
175483 1 12
175483 5 45
175483 9 73
175483 9 62
175784 7 12
175784 23 29
176085 0 14
176085 14 37
176085 17 18
176085 28 30
176085 37 82
176386 24 31
176386 31 48
176386 81 88
176687 9 62
176687 15 33
176687 60 81
176687 76 88
176988 8 26
176988 9 62
176988 52 84
177289 1 88
177289 9 62
177289 27 88
177289 28 69
177289 29 53
177590 7 16
177590 7 25
177590 16 25
177590 30 66
177891 7 16
177891 7 84
177891 7 25
177891 16 84
177891 16 25
177891 25 84
177891 50 84
178192 9 62
178192 15 33
178192 44 52
178192 62 73
178493 4 86
178493 29 53
178794 1 7
178794 17 18
178794 55 79
178794 75 79
179095 15 33
179095 46 76
179095 60 81
179396 6 40
179396 7 58
179396 15 33
179396 38 45
179396 44 52
179697 8 26
179697 31 71
179697 42 59
179697 53 63
179998 23 29
179998 28 29
179998 29 53
179998 35 52
180299 2 15
180299 17 18
180299 35 75
180600 7 88
180600 22 64
180600 24 48
180600 59 67
180600 61 66
180600 77 82
180901 17 68
180901 36 50
181202 9 62
181202 38 58
181202 38 45
181202 59 78
181202 76 78
181503 0 14
181503 53 70
181503 60 79
181804 29 63
181804 56 84
182105 9 62
182105 16 76
182105 17 68
182105 21 61
182105 24 37
182105 35 75
182105 42 75
182105 45 90
182105 55 79
182105 59 76
182406 69 70
182707 0 24
182707 19 42
182707 19 50
182707 20 35
182707 22 32
182707 55 79
182707 84 87
183008 29 70
183309 2 15
183309 7 16
183309 7 12
183309 12 16
183610 16 61
183610 23 53
183610 28 69
183610 30 53
183911 18 37
183911 29 53
183911 35 55
183911 39 72
183911 80 85
184212 6 58
184212 6 7
184212 7 58
184212 29 53
184513 17 68
184513 18 34
184513 35 75
184513 36 75
184814 12 43
185115 53 63
185416 9 73
185416 9 62
185416 50 74
185717 9 62
185717 20 31
185717 24 31
185717 24 48
185717 31 48
185717 71 83
186018 9 73
186018 29 63
186319 29 53
186620 9 62
186620 9 19
186620 14 37
186620 19 44
186620 21 61
186620 22 64
186620 29 53
186620 44 45
186620 44 58
186620 44 60
186620 59 76
186921 1 33
186921 1 2
186921 1 6
186921 2 6
186921 2 10
186921 6 33
186921 10 84
186921 16 53
186921 16 70
186921 33 44
186921 39 51
186921 51 58
186921 51 65
186921 53 70
186921 56 84
186921 58 65
186921 67 84
187222 7 16
187222 29 53
187523 1 88
187523 1 59
187523 22 32
187824 3 85
187824 22 85
188125 7 58
188125 21 69
188125 36 50
188125 76 78
188426 36 55
188727 28 66
188727 42 51
188727 46 60
188727 53 70
189028 1 7
189028 1 40
189028 7 40
189028 33 59
189329 23 30
189329 45 72
189329 45 65
189329 49 74
189329 49 55
189329 50 86
189329 52 84
189329 65 72
189329 69 73
189630 3 5
189630 29 63
189931 9 73
189931 29 63
190232 9 66
190232 9 62
190232 9 73
190232 11 84
190232 62 73
190533 29 53
190533 53 73
190834 12 42
191135 0 14
191135 7 78
191135 9 62
191135 21 84
191135 21 56
191135 29 53
191135 52 87
191436 29 53
191737 9 62
191737 29 53
191737 37 58
191737 50 74
192038 7 12
192038 22 32
192339 11 84
192339 18 47
192339 18 37
192339 58 65
192640 14 58
192640 14 37
192640 22 91
192640 23 30
192640 38 80
192640 38 91
192640 85 91
192941 9 73
192941 28 84
192941 28 76
192941 76 84
193242 14 24
193242 22 77
193242 24 48
193543 22 38
193844 5 14
193844 9 62
193844 29 53
193844 37 58
194145 9 66
194145 34 84
194145 35 75
194145 67 84
194446 1 7
194446 1 27
194446 6 40
194446 7 27
194446 9 62
194446 29 53
194446 55 74
194747 1 12
194747 9 73
194747 9 62
194747 51 71
195048 63 70
195349 9 62
195349 77 82
195650 11 44
195650 24 48
195951 45 65
196252 8 58
196252 14 58
196252 19 27
196252 27 50
196252 27 84
196252 27 35
196252 27 52
196252 27 75
196252 27 65
196252 27 72
196252 35 75
196252 35 38
196252 35 37
196252 35 45
196252 45 58
196252 45 72
196252 58 72
196553 14 24
196854 28 73
196854 62 73
196854 67 84
196854 67 76
197155 9 66
197155 14 24
197155 24 58
197155 28 84
197456 7 84
197456 8 26
197456 21 84
197456 31 71
197757 17 18
198058 11 44
198058 25 86
198058 35 75
198058 35 52
198058 52 75
198359 29 53
198359 37 58
198359 50 86
198359 51 65
198660 7 12
198660 29 53
198961 17 68
198961 29 53
198961 57 60
199262 1 16
199262 2 15
199262 31 71
199262 33 40
199563 4 52
199563 8 26
199563 28 29
199563 29 70
199563 37 77
199563 38 39
199864 1 33
199864 1 7
199864 5 72
199864 11 72
199864 14 37
199864 24 45
199864 37 58
199864 58 65
200165 12 88
200165 22 85
200165 55 74
200466 9 28
200466 15 60
200466 16 76
200466 21 60
200466 28 62
200466 35 50
200466 38 90
200466 50 75
200466 85 90
200767 45 65
200767 50 86
200767 55 74
201068 2 88
201068 3 44
201068 7 58
201369 3 68
201369 28 69
201369 37 77
201369 52 75
201369 62 73
201670 8 26
201670 29 91
201670 39 58
201670 42 43
201670 42 50
201971 4 86
201971 9 62
201971 24 48
202272 6 10
202272 6 12
202272 11 58
202272 11 16
202272 39 65
202272 40 57
202272 44 51
202272 44 45
202272 45 51
202272 51 58
202272 51 65
202272 53 70
202272 57 88
202272 58 65
202272 79 84
202272 84 86
202573 15 33
202573 50 86
202573 60 81
202573 76 88
202874 2 84
202874 3 68
202874 8 90
202874 9 30
202874 9 62
202874 24 48
202874 52 75
202874 62 73
203175 9 73
203175 9 19
203175 33 88
203175 50 75
203476 28 69
203476 29 70
203476 44 51
203777 1 16
203777 35 52
203777 35 84
204078 22 77
204078 22 64
204379 7 16
204379 7 25
204379 16 25
204379 17 18
204379 30 66
204680 3 83
204680 29 53
204680 50 74
204981 11 23
205282 1 78
205282 3 14
205282 21 84
205282 28 73
205282 29 70
205282 45 65
205583 22 32
205583 24 48
205884 12 58
205884 12 56
205884 17 34
205884 50 75
205884 56 58
206185 3 22
206185 5 18
206185 11 24
206185 22 64
206185 50 86
206185 55 79
206486 14 72
206486 14 34
206486 14 85
206486 24 48
206486 27 75
206486 27 35
206486 35 75
206787 23 30
206787 49 74
206787 49 55
206787 55 74
206787 69 73
207088 3 51
207088 3 23
207088 23 49
207088 28 69
207088 42 51
207088 52 75
207088 80 90
207389 15 33
207389 22 85
207389 28 66
207389 44 51
207389 53 63
207690 20 40
207690 29 53
207690 50 86
207991 55 79
208292 24 58
208292 28 84
208292 28 62
208593 3 18
208593 9 62
208593 18 65
208593 29 53
208593 45 58
208894 23 30
208894 24 48
209195 9 73
209195 9 62
209195 14 51
209195 29 53
209195 49 55
209496 0 14
209496 7 16
209496 8 60
209496 15 67
209496 28 29
209797 3 14
209797 14 37
209797 16 84
209797 17 18
209797 50 75
210098 14 24
210098 50 55
210399 30 57
210399 51 90
210399 52 75
210399 56 59
210399 58 65
210399 59 78
210700 3 37
210700 8 26
210700 22 37
210700 23 30
210700 25 49
210700 29 63
210700 37 90
210700 53 61
211001 7 88
211001 17 51
211001 29 53
211001 29 63
211001 39 51
211001 53 63
211001 53 69
211001 66 69
211302 17 18
211302 22 58
211302 22 32
211302 32 58
211603 9 62
211603 14 24
211603 25 79
211603 25 88
211603 38 51
211603 39 51
211603 45 58
211603 51 65
211603 51 72
211603 58 72
211603 65 72
211603 66 70
211904 2 28
211904 2 39
211904 11 34
211904 28 38
211904 61 86
211904 77 86
212205 15 33
212205 22 85
212205 22 32
212205 28 66
212205 53 63
212205 58 72
212506 9 73
212506 29 69
212506 29 53
212506 37 58
212506 50 74
212506 53 69
212807 58 59
212807 59 76
212807 59 78
212807 60 81
212807 76 88
213108 9 62
213409 0 48
213409 7 12
213409 9 63
213409 9 28
213409 32 71
213409 37 58
213710 8 26
213710 23 30
213710 23 53
213710 29 53
213710 30 53
213710 39 58
214011 9 62
214011 29 53
214011 57 88
214312 53 69
214312 61 69
214613 8 26
214613 53 63
214914 3 72
214914 22 38
214914 22 32
215215 0 24
215516 15 33
215516 44 52
215817 19 86
216118 24 59
216118 29 53
216118 45 90
216118 53 63
216419 9 63
216720 9 62
216720 11 44
217021 9 62
217021 23 30
217021 39 51
217021 42 76
217021 49 55
217322 7 46
217322 17 18
217322 42 43
217322 45 58
217623 19 28
217623 35 75
217623 45 65
217924 5 21
217924 21 84
218225 52 79
218526 24 48
218526 52 75
218526 69 70
218827 36 50
219128 14 58
219128 21 40
219128 47 58
219429 19 75
219429 19 50
219429 27 60
219429 35 75
219429 35 50
219429 50 75
219429 50 52
219429 52 75
219730 11 44
220031 50 74
220031 53 69
220332 3 65
220332 9 73
220332 17 51
220332 51 68
220633 35 75
220633 76 84
220934 26 32
221235 11 23
221235 23 69
221235 45 58
221536 3 14
221536 19 24
221536 24 48
221536 53 70
221837 21 84
221837 22 85
222138 20 35
222138 39 45
222138 42 79
222138 52 84
222138 56 84
222439 23 30
222439 29 53
222439 29 30
222439 35 52
222439 43 45
222439 44 51
222740 8 26
222740 22 71
222740 38 85
222740 38 90
222740 39 65
222740 58 85
222740 72 90
223041 9 73
223041 9 69
223041 29 53
223041 49 52
223041 55 79
223041 67 76
223342 11 58
223342 12 44
223342 12 72
223342 28 53
223342 35 50
223342 43 58
223342 44 58
223342 44 56
223342 53 70
223342 56 58
223342 56 65
223643 17 18
223643 22 32
223643 32 38
223944 9 62
223944 9 45
223944 12 57
223944 13 50
223944 14 85
223944 14 24
223944 27 75
223944 45 61
223944 45 83
223944 50 74
224245 7 58
224245 29 53
224245 35 48
224245 49 52
224245 55 79
224546 3 14
224546 7 88
224546 9 63
224546 9 28
224847 28 66
225148 24 48
225148 29 30
225148 30 63
225148 47 58
225449 7 58
225449 24 35
225449 24 48
225449 29 53
225449 49 52
225449 55 79
225750 4 48
225750 7 76
225750 8 34
225750 8 90
225750 11 24
225750 12 16
225750 27 81
225750 27 76
225750 35 75
226051 3 14
226051 4 86
226051 7 12
226051 7 76
226051 9 28
226352 7 78
226352 29 53
226653 37 84
226954 5 39
226954 24 48
226954 35 86
226954 35 52
227255 14 65
227255 14 45
227255 22 64
227255 29 53
227255 39 58
227255 39 85
227255 46 89
227255 58 85
227255 58 65
227556 5 18
227556 66 69
227857 9 60
227857 15 33
227857 35 75
228158 29 63
228158 50 86
228459 29 53
228459 49 52
228760 27 60
228760 29 63
229061 17 18
229061 32 38
229362 9 62
229663 14 58
229663 22 38
229964 25 36
229964 53 63
230265 11 26
230265 35 75
230566 9 62
230566 19 73
230566 29 73
230566 29 63
230566 56 84
230867 14 22
230867 14 39
230867 21 84
230867 30 90
230867 59 78
231168 5 72
231168 12 44
231168 58 65
231469 45 72
231770 24 44
231770 29 63
232071 6 40
232071 7 76
232372 9 19
232372 9 62
232372 9 73
232372 19 73
232372 45 65
232372 62 73
232673 67 84
232974 22 64
232974 24 48
232974 77 82
233275 2 39
233275 5 48
233275 12 48
233275 12 14
233275 12 20
233275 14 20
233275 14 58
233275 14 78
233275 20 58
233275 20 78
233275 24 87
233275 29 39
233275 31 58
233275 58 78
233576 21 27
233576 21 59
233576 34 45
233576 54 71
233877 65 91
234178 24 58
234178 32 80
234178 67 76
234479 7 78
234479 16 25
234479 27 60
234780 17 18
234780 22 32
234780 79 87
234780 84 87
235081 5 18
235081 16 88
235081 28 73
235081 29 53
235081 39 51
235081 49 86
235081 49 55
235382 3 24
235382 15 33
235382 23 30
235382 28 29
235382 44 51
235382 53 63
235683 17 18
235683 79 87
235984 9 63
235984 9 28
236285 53 66
236586 19 62
236586 22 64
236586 77 82
236887 8 90
236887 8 58
236887 45 58
237188 25 87
237489 29 53
237489 37 58
237489 69 70
237790 22 64
237790 24 48
237790 37 58
238091 0 51
238091 4 36
238091 17 18
238091 26 65
238091 29 53
238091 45 72
238392 1 2
238392 1 78
238392 2 10
238392 6 10
238392 7 78
238392 21 76
238392 77 82
238693 5 72
238693 7 58
238693 9 23
238693 29 53
238693 49 52
238994 21 84
238994 30 66
238994 55 86
239295 49 55
239295 49 86
239295 50 86
239295 52 55
239596 25 87
239897 14 58
239897 59 76
240198 17 68
240198 17 34
240198 28 45
240198 44 45
240499 0 24
240499 4 84
240499 35 52
240499 55 79
240800 52 79
241101 11 48
241101 44 58
241101 49 84
241101 50 74
241101 75 88
241101 79 88
241402 29 63
241402 50 86
241703 21 69
241703 21 61
241703 61 69
242004 7 78
242004 9 69
242004 9 29
242004 29 63
242305 11 23
242305 17 18
242305 23 69
242305 35 74
242305 62 73
242606 12 88
242606 17 18
242606 55 74
242907 24 48
242907 46 84
242907 74 79
243208 28 53
243208 44 51
243509 16 78
243509 28 73
243509 53 63
243509 61 71
243509 70 73
243509 75 79
243810 29 53
243810 30 62
243810 49 52
244111 14 47
244111 45 72
244412 28 69
244713 28 62
244713 29 53
244713 45 85
244713 45 65
245014 22 64
245014 77 82
245315 25 84
245315 64 77
245315 75 79
245616 7 78
245616 20 35
245616 29 73
245616 29 61
245616 35 52
245616 56 87
245616 56 84
245616 63 70
245616 84 87
245917 7 58
245917 7 25
245917 21 69
245917 25 58
245917 27 76
245917 28 66
245917 75 79
245917 76 78
246218 9 30
246218 29 53
246218 30 62
246218 37 77
246218 52 84
246519 22 50
246519 27 58
246820 28 70
247121 0 24
247121 5 24
247121 12 58
247121 39 58
247121 79 88
247422 27 73
247422 29 53
247422 37 84
247422 49 86
247422 49 50
247723 9 62
247723 22 32
247723 76 78
248024 11 48
248024 12 49
248024 49 67
248024 58 65
248024 60 89
248325 4 87
248325 9 62
248325 22 85
248325 29 53
248325 36 50
248325 84 89
248626 15 33
248927 17 68
248927 28 69
248927 29 53
248927 37 82
248927 44 51
249228 2 28
249228 5 22
249228 22 85
249529 21 46
249529 21 26
249529 24 48
249529 26 31
249529 49 79
249830 6 40
249830 7 16
250131 7 58
250131 9 73
250131 24 35
250131 29 53
250131 35 48
250131 42 55
250131 49 52
250131 55 79
250432 6 40
250432 9 73
250432 9 61
250432 50 86
250733 9 73
250733 16 88
250733 21 69
250733 22 64
250733 53 70
251034 8 26
251034 21 61
251034 22 64
251335 0 48
251335 16 84
251335 24 48
251335 29 53
251636 8 37
251636 37 82
251636 37 58
251636 58 82
251937 0 14
251937 16 59
251937 53 69
252238 15 27
252238 23 30
252238 29 71
252238 37 58
252539 0 24
252539 32 91
252539 57 60
252840 12 16
252840 27 81
252840 39 57
252840 50 86
253141 2 28
253141 5 22
253141 23 61
253442 22 64
253442 28 57
253442 37 58
253743 24 48
253743 46 84
253743 79 86
254044 50 74
254345 3 58
254345 30 53
254646 7 86
254646 25 35
254947 0 14
254947 7 16
254947 8 60
254947 8 90
254947 9 62
254947 53 66
255248 29 53
255248 37 58
255248 44 51
255549 7 12
255549 38 69
255850 9 73
256151 22 64
256151 30 66
256151 44 86
256151 58 65
256452 0 24
256452 35 49
256452 45 58
256452 50 86
256452 55 74
256753 5 47
256753 9 28
256753 9 63
256753 9 69
256753 9 73
256753 9 62
256753 24 48
256753 28 73
257054 28 69
257355 9 62
257656 7 25
257656 21 79
257656 24 48
257656 24 45
257656 28 69
257957 22 85
257957 61 69
257957 76 78
258258 28 69
258258 29 53
258258 37 82
258258 44 51
258559 7 58
258559 19 76
258559 21 69
258559 28 73
258559 59 76
258860 8 26
258860 85 90
259161 67 84
259462 42 86
259462 55 86
259763 28 70
259763 39 72
259763 72 90
260064 29 53
260064 46 89
260365 4 86
260365 9 63
260365 52 87
260666 0 14
260666 29 53
260666 37 58
260967 35 75
260967 55 86
261268 29 53
261268 37 58
261268 44 51
261569 9 53
261569 29 53
261569 37 58
261569 50 86
261569 53 73
261569 53 66
261569 62 73
261870 18 37
261870 29 53
261870 39 51
262171 12 76
262171 22 64
262171 35 79
262171 38 45
262171 56 76
262472 1 76
262472 35 79
262472 77 82
262773 9 73
263074 8 26
263074 9 28
263074 9 62
263074 22 64
263074 28 73
263375 35 52
263676 15 33
263977 7 27
263977 8 17
263977 8 51
263977 8 39
263977 8 14
263977 14 51
263977 14 90
263977 19 51
263977 39 51
263977 51 90
264278 0 24
264278 42 44
264278 55 79
264278 56 84
264278 56 87
264278 75 79
264579 8 26
264579 44 51
264880 21 69
264880 29 53
264880 75 79
265181 52 79
