0 11 48
0 44 58
0 49 84
0 50 74
0 75 88
0 79 88
301 3 24
301 15 33
301 23 30
301 28 29
301 44 51
301 53 63
602 29 63
903 7 25
903 24 48
903 28 69
1204 17 18
1204 22 32
1204 79 87
1204 84 87
1505 29 53
1505 36 79
1505 36 55
1505 55 79
1806 29 53
2107 9 62
2107 50 74
2107 58 72
2408 9 73
2408 29 69
2408 29 53
2408 37 58
2408 50 74
2408 53 69
2709 5 24
2709 5 65
2709 9 66
2709 9 13
2709 24 32
2709 57 60
3010 9 62
3010 29 30
3010 50 86
3311 9 63
3311 28 70
3311 28 53
3311 53 70
3311 61 62
3612 0 14
3612 3 14
3612 8 90
3612 9 69
3612 16 84
3612 17 18
3612 30 53
3612 65 82
3913 14 48
3913 29 53
3913 53 70
3913 53 66
3913 59 76
4214 1 84
4214 5 18
4214 6 84
4214 7 84
4214 20 84
4214 28 30
4214 29 53
4214 32 38
4214 33 84
4214 67 84
4214 81 84
4214 84 88
4515 9 73
4515 11 23
4515 17 18
4515 22 85
4816 14 71
4816 44 51
4816 50 86
5117 9 28
5117 12 84
5117 55 87
5418 28 70
5719 9 63
6020 5 72
6020 50 74
6020 53 69
6020 55 79
6321 9 73
6321 17 84
6321 24 28
6321 29 53
6622 14 24
6622 14 58
6622 24 58
6923 23 30
6923 45 72
6923 45 65
6923 49 74
6923 49 55
6923 50 86
6923 52 84
6923 65 72
6923 69 73
7224 21 76
7525 9 62
7525 18 90
7525 23 30
7525 50 57
7525 50 86
7826 5 11
7826 11 24
7826 14 48
7826 19 59
7826 19 76
7826 28 73
7826 29 53
7826 39 51
7826 70 73
8127 0 45
8127 29 53
8127 37 58
8127 37 47
8428 24 48
8428 29 30
8428 30 63
8428 47 58
8729 45 72
9030 37 58
9030 44 51
9331 29 53
9331 37 58
9331 44 51
9632 0 14
9632 12 88
9632 31 51
9632 51 71
9933 29 53
9933 35 75
9933 42 50
10234 2 15
10234 5 11
10234 14 19
10234 17 18
10234 19 79
10234 42 79
10535 28 53
10535 44 51
10836 14 58
10836 22 38
11137 58 59
11137 59 76
11137 59 78
11137 60 81
11137 76 88
11438 1 59
11438 6 88
11438 32 38
11739 9 73
11739 9 19
11739 33 88
11739 50 75
12040 38 58
12040 59 78
12040 76 78
12341 7 78
12341 8 26
12341 14 24
12341 14 64
12341 17 68
12341 29 53
12642 11 23
12642 17 18
12642 23 69
12642 35 74
12642 62 73
12943 0 48
12943 4 50
12943 9 73
12943 9 62
12943 15 67
12943 52 75
12943 53 66
13244 25 36
13244 53 63
13545 24 48
13545 26 31
13545 35 75
13846 15 33
13846 22 85
13846 28 66
13846 44 51
13846 53 63
14147 5 37
14147 5 34
14147 7 27
14147 7 88
14147 23 30
14147 27 88
14147 30 34
14147 34 37
14448 67 84
14749 5 72
14749 30 66
14749 32 91
14749 34 72
14749 53 63
15050 21 84
15050 30 66
15050 55 86
15351 9 62
15351 9 19
15351 12 58
15351 22 64
15351 24 48
15351 29 53
15351 53 63
15652 23 30
15652 49 74
15652 49 55
15652 55 74
15652 69 73
15953 22 64
15953 45 85
15953 45 65
15953 65 85
16254 12 44
16254 12 58
16254 12 77
16254 24 48
16254 58 65
16555 9 30
16555 29 53
16555 30 62
16555 37 77
16555 52 84
16856 9 62
16856 9 73
16856 17 18
16856 50 74
16856 53 69
17157 34 86
17458 3 11
17458 28 76
17458 57 76
17759 24 48
17759 29 30
17759 30 53
17759 30 63
18060 5 11
18060 8 85
18060 9 62
18060 29 53
18060 38 45
18060 40 41
18361 50 74
18662 14 24
18662 50 55
18963 6 12
18963 6 26
18963 7 46
18963 9 62
18963 9 26
18963 12 46
18963 14 24
19264 12 59
19264 50 86
19264 75 84
19565 12 88
19565 17 18
19565 55 74
19866 7 84
19866 16 84
19866 25 84
19866 64 77
20167 67 84
20468 28 66
20769 7 27
21070 8 26
21070 26 32
21070 38 90
21070 38 85
21070 58 90
21070 58 85
21070 85 90
21371 9 62
21672 56 84
21973 35 75
21973 35 52
22274 7 12
22274 29 53
22575 15 33
22575 50 86
22575 60 81
22575 76 88
22876 7 12
22876 29 53
22876 45 83
22876 50 74
23177 5 44
23177 11 44
23177 28 69
23177 29 70
23177 44 51
23478 29 53
23478 29 63
23478 45 65
23478 45 85
23478 58 65
23779 17 18
23779 45 65
23779 49 52
23779 52 86
24080 0 65
24080 14 65
24080 39 45
24381 2 88
24381 40 88
24381 40 84
24381 84 88
24682 7 16
24682 7 25
24682 16 25
24682 30 66
24983 6 40
24983 9 73
24983 9 61
24983 50 86
25284 34 84
25284 35 75
25284 35 50
25284 37 84
25284 49 86
25284 50 74
25284 58 84
25284 75 86
25585 29 53
25886 14 72
25886 14 34
25886 14 85
25886 24 48
25886 27 75
25886 27 35
25886 35 75
26187 12 42
26488 1 6
26488 1 33
26488 1 40
26488 1 10
26488 6 40
26488 10 40
26488 12 44
26488 18 68
26488 24 48
26488 33 40
26789 35 79
26789 77 82
27090 22 32
27090 24 48
27391 9 62
27391 9 77
27391 28 73
27391 44 51
27692 5 39
27692 14 58
27692 40 88
27692 49 55
27993 16 76
27993 32 38
28294 11 23
28595 0 14
28595 16 59
28595 53 69
28896 29 53
28896 35 49
28896 37 84
28896 58 84
29197 12 59
29498 50 86
29799 28 53
29799 42 43
30100 9 62
30100 9 19
30100 14 37
30100 19 44
30100 21 61
30100 22 64
30100 29 53
30100 44 45
30100 44 58
30100 44 60
30100 59 76
30401 11 48
30401 12 49
30401 49 67
30401 58 65
30401 60 89
30702 11 86
30702 12 86
30702 76 78
31003 7 16
31003 29 53
31304 21 28
31304 29 53
31304 67 78
31605 14 39
31605 14 58
31906 5 34
31906 29 63
31906 53 63
32207 0 24
32207 5 24
32207 12 58
32207 39 58
32207 79 88
32508 9 63
32809 22 64
32809 61 69
33110 6 40
33110 24 45
33110 49 86
33110 57 60
33411 21 84
33712 23 30
33712 29 63
33712 37 77
33712 55 86
34013 1 16
34013 7 88
34013 9 62
34013 35 79
34013 35 52
34013 35 36
34013 35 84
34013 36 79
34013 76 88
34314 2 33
34314 24 87
34314 58 62
34615 1 88
34615 9 62
34615 9 73
34615 16 88
34615 28 73
34615 29 73
34615 35 52
34615 37 77
34615 53 73
34615 62 73
34916 1 88
34916 1 59
34916 22 32
35217 2 10
35217 3 14
35217 6 10
35217 11 14
35217 44 51
35518 7 76
35518 9 63
35819 5 14
35819 9 62
35819 29 53
35819 37 58
36120 11 58
36120 12 44
36120 12 72
36120 28 53
36120 35 50
36120 43 58
36120 44 58
36120 44 56
36120 53 70
36120 56 58
36120 56 65
36421 7 78
36421 7 59
36421 20 52
36421 20 35
36421 28 40
36421 28 73
36421 35 52
36421 35 84
36421 35 87
36421 40 84
36421 42 79
36421 52 84
36421 56 87
36421 56 84
36722 22 72
36722 28 69
37023 17 18
37023 18 68
37023 24 48
37023 32 58
37324 0 45
37324 3 5
37324 9 29
37324 9 30
37324 9 70
37324 9 28
37625 51 54
37625 63 89
37926 14 48
37926 23 30
37926 24 48
37926 39 58
37926 45 58
37926 45 72
37926 58 72
38227 0 48
38227 7 12
38227 9 63
38227 9 28
38227 32 71
38227 37 58
38528 28 66
38528 42 51
38528 46 60
38528 53 70
38829 15 33
39130 11 23
39130 21 30
39130 23 69
39130 37 58
39130 74 86
39431 6 40
39431 7 76
39732 21 56
39732 36 50
40033 1 84
40033 5 18
40033 15 88
40033 15 40
40033 15 84
40033 18 32
40033 22 32
40033 23 69
40033 28 30
40033 29 53
40033 59 88
40033 59 84
40033 62 75
40033 81 84
40033 84 88
40334 5 80
40334 5 18
40334 18 80
40635 4 79
40635 16 84
40936 52 79
41237 21 69
41237 21 61
41237 61 69
41538 7 78
41538 20 35
41538 29 73
41538 29 61
41538 35 52
41538 56 87
41538 56 84
41538 63 70
41538 84 87
41839 32 80
41839 45 83
41839 50 74
41839 55 79
41839 58 72
42140 31 71
42140 44 51
42140 53 63
42441 2 84
42441 3 68
42441 8 90
42441 9 30
42441 9 62
42441 24 48
42441 52 75
42441 62 73
42742 22 85
42742 61 69
42742 76 78
43043 15 33
43043 46 76
43043 60 81
43344 29 70
43645 2 10
43645 2 40
43645 2 6
43645 6 10
43645 21 88
43645 44 51
43946 0 14
43946 7 16
43946 8 60
43946 8 90
43946 9 62
43946 53 66
44247 9 62
44247 16 76
44247 17 68
44247 21 61
44247 24 37
44247 35 75
44247 42 75
44247 45 90
44247 55 79
44247 59 76
44548 3 51
44548 3 23
44548 23 49
44548 28 69
44548 42 51
44548 52 75
44548 80 90
44849 29 53
44849 35 49
44849 52 86
44849 57 60
44849 74 86
45150 9 73
45451 4 52
45451 7 88
45451 9 73
45451 9 62
45451 29 53
45451 52 55
45451 55 79
45752 22 64
45752 24 48
45752 37 58
46053 3 19
46053 3 14
46053 9 14
46053 19 42
46053 29 63
46354 29 63
46354 50 86
46655 28 84
46655 35 75
46655 55 75
46956 29 63
46956 62 73
47257 5 18
47257 66 69
47558 9 28
47558 9 69
47558 9 63
47558 17 68
47558 28 73
47558 28 70
47558 28 30
47558 28 69
47558 30 62
47558 35 75
47558 53 62
47558 53 70
47558 61 62
47859 24 28
47859 29 53
47859 55 74
47859 76 81
48160 23 29
48160 29 63
48160 31 71
48160 52 79
48461 17 68
48461 42 50
48762 0 14
48762 7 16
48762 8 60
48762 15 67
48762 28 29
49063 3 37
49063 5 34
49364 29 53
49665 0 24
49665 5 34
49966 14 24
49966 22 77
49966 24 48
50267 1 16
50267 8 26
50568 29 53
50568 44 51
50869 9 73
50869 16 88
50869 21 69
50869 22 64
50869 53 70
51170 24 48
51170 29 53
51170 35 75
51471 0 14
51471 18 45
51471 35 52
51772 9 62
51772 29 69
51772 29 53
51772 50 74
51772 53 69
51772 55 79
52073 7 46
52073 17 18
52073 42 43
52073 45 58
52374 45 65
52374 52 86
52675 17 68
52675 50 86
52976 3 5
52976 5 18
52976 11 24
52976 18 22
52976 79 84
53277 28 69
53277 29 70
53277 44 51
53578 1 7
53578 1 27
53578 6 40
53578 7 27
53578 9 62
53578 29 53
53578 55 74
53879 1 6
53879 1 59
53879 1 88
53879 7 81
53879 29 53
54180 11 44
54180 24 63
54180 37 82
54180 86 91
54481 29 53
54481 29 63
54782 35 75
54782 45 58
55083 17 18
55384 22 85
55685 22 64
55685 35 52
55685 44 51
55685 46 89
55986 29 63
55986 56 84
56287 34 84
56287 50 74
56287 58 72
56287 80 85
56588 14 58
56588 21 61
56588 21 76
56889 45 65
57190 5 37
57190 5 13
57190 5 74
57190 9 62
57190 74 81
57491 4 86
57491 9 62
57491 24 48
57792 7 84
57792 35 86
57792 35 50
57792 37 80
57792 37 50
57792 38 86
57792 50 75
57792 50 80
58093 17 68
58394 9 62
58394 77 82
58695 7 88
58695 7 27
58695 7 57
58695 27 88
58695 27 77
58695 27 58
58695 58 77
58996 35 75
58996 39 58
58996 79 88
59297 9 66
59297 14 24
59297 24 58
59297 28 84
59598 28 69
59598 29 63
59899 9 62
60200 29 53
60501 7 58
60501 15 33
60501 60 81
60802 7 25
60802 22 64
60802 49 84
60802 50 84
60802 50 52
60802 52 84
61103 11 69
61103 11 23
61103 23 69
61103 53 63
61404 28 62
61404 29 53
61404 45 85
61404 45 65
61705 3 5
61705 9 62
61705 9 29
61705 11 24
61705 11 48
61705 18 37
61705 24 48
62006 35 75
62006 44 51
62307 3 22
62307 11 24
62307 42 79
62307 52 79
62307 55 79
62608 3 44
62608 44 51
62608 77 82
62909 37 58
62909 50 86
63210 9 73
63511 7 84
63511 8 26
63511 21 84
63511 31 71
63812 12 78
63812 58 65
63812 84 89
64113 15 33
64414 0 65
64414 0 14
64414 22 64
64414 24 48
64414 44 51
64715 8 30
64715 8 90
64715 9 73
64715 15 67
64715 52 75
64715 53 73
65016 28 69
65016 29 53
65317 18 22
65317 22 85
65317 28 66
65317 80 85
65618 15 33
65618 23 61
65919 12 27
65919 17 34
66220 2 15
66220 3 14
66220 7 50
66220 9 62
66220 9 73
66521 9 73
66521 28 84
66521 28 76
66521 76 84
66822 21 42
66822 22 38
66822 24 45
66822 25 28
66822 27 57
66822 53 70
67123 7 46
67123 17 68
67424 9 69
67424 9 63
67424 24 48
67424 28 70
67424 37 65
67424 53 70
67424 61 62
67725 7 81
67725 14 45
67725 57 60
68026 7 58
68026 7 25
68026 21 69
68026 25 58
68026 27 76
68026 28 66
68026 75 79
68026 76 78
68327 1 33
68327 14 37
68327 64 77
68628 27 73
68628 29 53
68628 37 84
68628 49 86
68628 49 50
68929 8 26
68929 9 28
68929 9 62
68929 22 64
68929 28 73
69230 52 79
69531 19 76
69531 22 64
69531 35 79
69531 77 82
69832 4 86
69832 29 53
69832 37 58
70133 26 32
70434 2 6
70434 2 10
70434 5 39
70434 6 10
70434 7 16
70434 9 62
70434 14 82
70434 21 56
70434 45 58
70735 4 50
70735 9 62
70735 9 73
70735 15 67
70735 28 69
70735 44 51
70735 52 75
71036 7 12
71036 22 32
71337 12 78
71638 27 60
71638 29 63
71638 37 58
71638 50 75
71939 52 79
72240 9 73
72240 9 69
72240 29 53
72240 49 52
72240 55 79
72240 67 76
72541 62 73
72541 71 83
72842 23 30
72842 29 53
72842 29 30
72842 35 52
72842 43 45
72842 44 51
73143 14 24
73143 21 69
73143 29 53
73143 85 91
73444 3 68
73444 28 69
73444 37 77
73444 52 75
73444 62 73
73745 2 12
73745 12 72
73745 58 72
73745 59 78
73745 65 72
74046 2 10
74046 6 84
74046 10 16
74046 10 33
74046 11 84
74046 12 44
74046 24 31
74046 33 44
74046 39 51
74046 51 58
74046 51 65
74046 58 65
74046 67 84
74347 11 44
74648 0 14
74949 9 63
74949 9 28
74949 61 62
75250 5 37
75250 5 18
75250 14 77
75250 18 37
75250 64 77
75551 3 58
75551 25 86
75551 37 58
75551 53 77
75852 29 53
75852 49 52
76153 2 28
76153 2 39
76153 11 34
76153 28 38
76153 61 86
76153 77 86
76454 7 16
76454 7 58
76755 23 53
76755 28 69
76755 35 52
76755 46 50
76755 50 86
76755 53 70
77056 29 63
77056 50 86
77357 14 72
77357 28 53
77658 8 26
77658 21 61
77658 22 64
77959 14 32
78260 14 58
78260 21 61
78561 34 84
78561 35 75
78561 50 86
78561 55 74
78862 14 85
78862 23 69
78862 23 31
78862 27 75
78862 31 69
79163 1 16
79163 1 59
79163 16 59
79163 49 55
79163 55 79
79464 19 78
79464 21 63
79464 29 53
79765 15 33
80066 29 63
80367 1 12
80367 9 73
80367 9 62
80367 51 71
80668 24 48
80668 26 31
80668 35 75
80668 37 91
80969 12 58
80969 12 56
80969 17 34
80969 50 75
80969 56 58
81270 18 34
81270 21 66
81270 29 69
81270 50 74
81270 55 79
81270 57 60
81571 2 15
81571 2 48
81571 15 48
81571 24 49
81571 35 75
81571 48 49
81872 9 62
81872 15 33
81872 60 81
81872 76 88
82173 7 76
82474 8 26
82474 53 63
82775 8 26
82775 9 62
82775 9 28
82775 28 73
82775 28 62
82775 50 52
82775 50 86
83076 8 26
83076 44 51
83377 21 61
83377 22 64
83377 57 88
83678 7 46
83678 17 34
83678 17 18
83678 17 46
83678 32 85
83678 32 38
83678 35 75
83678 64 77
83979 0 24
83979 17 18
83979 79 87
83979 84 87
84280 37 77
84280 42 76
84280 49 55
84280 55 86
84581 53 70
84882 7 84
84882 24 84
84882 27 84
84882 33 84
84882 51 58
85183 9 62
85183 14 24
85183 18 47
85183 19 58
85183 21 69
85183 58 72
85484 28 53
85484 44 51
85785 1 40
85785 1 6
85785 6 60
85785 27 84
85785 44 65
85785 58 65
86086 0 14
86086 7 78
86086 9 62
86086 21 84
86086 21 56
86086 29 53
86086 52 87
86387 1 7
86387 9 73
86387 14 51
86387 23 53
86387 23 73
86387 23 29
86387 28 53
86387 28 73
86387 28 29
86387 29 53
86688 18 47
86688 18 37
86688 58 65
86989 14 58
86989 53 66
87290 4 49
87290 29 53
87290 57 88
87591 9 63
87591 9 73
87591 9 28
87591 9 69
87591 24 48
87591 28 70
87591 37 65
87591 53 70
87591 61 62
87892 9 69
87892 9 66
87892 9 62
87892 12 57
87892 29 53
87892 50 74
87892 62 69
87892 80 85
88193 11 44
88193 25 75
88494 21 69
88494 29 53
88494 75 79
88795 9 62
88795 22 85
88795 29 53
88795 32 38
89096 8 79
89096 21 69
89096 29 63
89397 3 45
89698 64 77
89999 15 33
89999 22 85
89999 22 32
89999 28 66
89999 53 63
89999 58 72
90300 11 23
90300 23 69
90300 53 63
90601 23 29
90601 28 29
90601 29 53
90601 35 52
90902 15 33
91203 3 72
91203 8 83
91203 14 44
91203 29 53
91203 44 51
91504 21 84
91504 24 48
91504 55 79
91805 24 32
92106 21 27
92106 21 59
92106 34 45
92106 54 71
92407 8 39
92407 8 85
92407 9 62
92407 9 19
92407 37 58
92407 38 45
92708 45 72
93009 9 62
93009 38 58
93009 38 45
93009 59 78
93009 76 78
93310 58 65
93310 76 78
93310 76 81
93310 78 81
93611 17 68
93611 29 53
93611 57 60
93912 14 48
93912 14 24
93912 24 48
94213 25 87
94514 8 26
94514 9 62
94514 52 84
94815 16 84
94815 28 69
94815 32 38
94815 35 50
94815 37 82
94815 37 77
94815 45 65
95116 5 11
95116 5 72
95417 55 79
95718 53 63
96019 7 78
96019 9 69
96019 9 29
96019 29 63
96320 17 34
96320 17 68
96320 28 70
96621 3 80
96922 16 25
96922 52 87
97223 14 44
97223 14 22
97524 3 5
97524 29 73
97524 50 86
97825 5 72
97825 12 44
97825 58 65
98126 9 29
98427 2 15
98427 2 33
98427 9 73
98427 9 62
98427 15 72
98427 29 63
98427 40 75
98427 50 75
98427 58 86
98427 58 78
98427 58 59
98427 59 78
98427 72 86
98427 72 78
98427 72 75
98427 75 86
98728 1 16
98728 15 16
98728 25 49
98728 55 79
99029 4 48
99029 7 76
99029 8 34
99029 8 90
99029 11 24
99029 12 16
99029 27 81
99029 27 76
99029 35 75
99330 9 62
99330 17 18
99330 29 61
99330 44 51
99330 50 86
99330 79 87
99631 24 48
99631 35 52
99631 39 45
99631 57 62
99932 9 23
99932 9 73
99932 14 24
99932 24 48
100233 4 50
100233 14 24
100233 21 69
100233 29 53
100233 45 58
100534 53 70
100835 4 86
100835 9 63
100835 52 87
101136 8 26
101136 14 44
101437 9 62
101437 23 30
101437 39 51
101437 42 76
101437 49 55
101738 63 70
102039 3 14
102039 19 24
102039 24 48
102039 53 70
102340 49 55
102340 49 86
102340 50 86
102340 52 55
102641 24 48
102641 35 75
102641 46 84
102942 29 63
103243 0 48
103243 0 14
103243 9 62
103243 18 68
103544 8 26
103544 44 51
103845 22 64
103845 77 82
104146 11 48
104146 57 76
104146 58 65
104447 7 58
104447 9 73
104447 24 35
104447 29 53
104447 35 48
104447 42 55
104447 49 52
104447 55 79
104748 18 37
104748 29 53
104748 35 55
104748 39 72
104748 80 85
105049 12 88
105049 22 85
105049 55 74
105350 7 25
105350 16 25
105350 30 66
105651 39 58
105651 65 84
105651 79 84
105651 79 88
105952 12 58
105952 43 58
105952 44 45
105952 79 88
106253 9 66
106253 9 62
106253 9 73
106253 11 84
106253 62 73
106554 0 48
106554 8 90
106554 16 84
106554 29 53
106855 8 26
106855 42 43
106855 53 63
107156 9 63
107156 28 70
107156 35 75
107457 8 16
107457 28 69
107758 5 72
107758 7 58
107758 9 23
107758 29 53
107758 49 52
108059 24 58
108360 2 15
108360 17 18
108360 35 75
108661 9 62
108661 29 53
108661 57 88
108962 8 26
108962 9 62
108962 29 53
108962 36 55
108962 36 79
108962 55 79
109263 7 88
109263 17 51
109263 29 53
109263 29 63
109263 39 51
109263 53 63
109263 53 69
109263 66 69
109564 22 50
109564 27 58
109865 21 69
109865 29 63
110166 0 14
110166 41 79
110166 53 69
110166 77 82
110467 22 64
110467 27 57
110467 44 51
110467 77 82
110768 18 37
110768 53 70
111069 9 62
111069 9 17
111069 24 48
111069 76 88
111370 9 62
111370 29 53
111370 37 58
111370 50 74
111671 4 86
111671 52 86
111972 2 71
111972 14 58
111972 14 39
111972 14 24
111972 37 82
111972 39 58
111972 53 70
112273 7 27
112273 27 57
112273 57 60
112574 0 24
112574 4 84
112574 35 52
112574 55 79
112875 3 53
112875 22 32
112875 22 45
112875 28 70
112875 44 51
112875 53 70
112875 53 61
113176 4 74
113176 24 48
113176 26 71
113176 29 53
113176 35 75
113477 9 73
113477 35 50
113477 50 86
113477 50 84
113778 3 68
113778 29 63
114079 4 87
114079 9 62
114079 22 85
114079 29 53
114079 36 50
114079 84 89
114380 50 86
114380 56 84
114681 1 78
114681 9 19
114681 9 73
114681 19 42
114681 19 50
114681 58 72
114681 62 73
114982 4 86
114982 29 53
115283 53 70
115584 18 37
115584 23 30
115885 0 48
115885 8 90
115885 9 80
115885 9 30
115885 15 67
115885 24 48
115885 30 53
115885 53 73
115885 53 62
116186 9 62
116186 29 53
116487 21 69
116487 24 45
116788 14 47
116788 45 72
117089 21 84
117089 22 85
117390 22 32
117691 29 53
117992 29 53
117992 53 73
118293 8 26
118293 23 30
118293 23 53
118293 29 53
118293 30 53
118293 39 58
118594 8 90
118594 8 58
118594 45 58
118895 5 14
118895 6 88
118895 14 24
118895 28 30
119196 4 52
119196 8 26
119196 28 29
119196 29 70
119196 37 77
119196 38 39
119497 9 63
119497 9 28
119798 9 73
119798 9 30
119798 9 29
119798 29 63
119798 29 62
119798 61 63
119798 63 66
120099 22 64
120099 40 88
120099 44 51
120099 67 78
120400 17 18
120400 28 30
120400 64 77
120701 24 31
120701 24 48
120701 31 48
120701 71 83
121002 29 53
121002 50 74
121002 52 86
121303 49 55
121604 5 37
121604 35 75
121604 35 49
121604 46 57
121905 5 54
121905 7 59
121905 9 62
121905 62 69
122206 22 85
122206 61 69
122206 63 70
122507 23 29
122808 5 22
122808 23 61
123109 1 27
123109 1 7
123109 6 27
123109 6 7
123109 27 33
123109 29 63
123109 37 58
123109 44 65
123410 24 48
123410 42 84
123410 52 84
123410 53 63
123711 17 18
123711 32 38
124012 3 72
124012 22 38
124012 22 32
124313 2 60
124313 7 33
124313 11 56
124313 28 53
124313 44 51
124313 53 70
124313 58 65
124614 5 37
124614 24 31
124614 31 48
124915 17 18
124915 79 87
125216 9 66
125216 9 62
125216 30 66
125216 50 74
125216 58 72
125517 44 51
125517 57 62
125818 9 62
125818 12 77
125818 12 44
125818 12 58
125818 24 48
125818 27 46
125818 27 65
125818 27 57
125818 39 65
125818 39 58
125818 46 56
125818 46 57
125818 53 70
125818 58 65
126119 37 84
126420 17 18
126420 21 56
126420 21 59
126420 24 48
126420 32 58
126721 14 24
126721 27 56
126721 27 60
126721 28 53
126721 29 53
126721 29 70
126721 45 65
126721 65 72
127022 0 24
127022 9 62
127022 15 67
127022 52 75
127022 62 73
127323 8 26
127323 50 74
127624 29 70
127624 29 69
127624 29 53
127624 53 63
127624 59 78
127624 85 91
127925 14 58
127925 59 76
128226 9 73
128226 63 70
128527 8 37
128527 37 82
128527 37 58
128527 58 82
128828 7 88
128828 22 64
128828 24 48
128828 59 67
128828 61 66
128828 77 82
129129 28 62
129129 28 29
129129 29 53
129430 1 16
129430 35 52
129430 35 84
129731 11 24
129731 19 59
129731 37 72
129731 59 76
129731 70 73
130032 2 15
130032 2 3
130032 24 48
130032 35 75
130333 28 70
130634 42 86
130634 55 86
130935 8 26
130935 49 74
131236 17 18
131537 6 40
131537 7 58
131537 15 33
131537 38 45
131537 44 52
131838 7 59
131838 8 90
131838 24 48
131838 79 86
132139 11 26
132139 35 75
132440 0 14
132440 53 70
132440 60 79
132741 1 12
132741 5 45
132741 9 73
132741 9 62
133042 14 58
133042 21 76
133042 25 79
133343 3 22
133343 5 18
133343 11 24
133343 22 64
133343 50 86
133343 55 79
133644 7 27
133644 8 17
133644 8 51
133644 8 39
133644 8 14
133644 14 51
133644 14 90
133644 19 51
133644 39 51
133644 51 90
133945 5 18
133945 8 26
134246 8 82
134246 9 19
134246 9 62
134246 22 39
134246 22 64
134246 38 44
134547 7 58
134547 24 35
134547 24 48
134547 29 53
134547 49 52
134547 55 79
134848 3 5
134848 29 63
134848 29 73
134848 50 88
135149 5 39
135149 8 84
135149 9 31
135149 24 48
135149 29 53
135149 46 84
135450 9 62
135450 29 53
135751 21 46
135751 24 48
135751 26 31
135751 75 79
136052 37 58
136052 53 61
136052 53 70
136353 7 56
136353 9 73
136654 4 79
136654 37 58
136654 75 79
136955 5 72
136955 5 37
136955 22 26
136955 22 37
136955 22 72
136955 26 37
136955 26 72
136955 29 53
136955 37 72
136955 53 63
137256 23 30
137557 9 73
137557 9 62
137557 14 51
137557 29 53
137557 49 55
137858 5 85
137858 76 78
138159 5 39
138159 24 48
138159 35 86
138159 35 52
138460 15 27
138460 23 30
138460 29 71
138460 37 58
138761 24 31
138761 31 48
138761 81 88
139062 28 84
139363 9 73
139363 50 86
139664 29 53
139965 3 18
139965 9 62
139965 18 65
139965 29 53
139965 45 58
140266 17 18
140567 1 65
140567 8 39
140567 8 85
140567 9 62
140567 12 29
140567 14 45
140567 22 51
140567 29 63
140567 38 45
140567 41 86
140567 50 75
140567 53 70
140567 61 90
140567 75 79
140868 9 62
140868 14 24
140868 25 79
140868 25 88
140868 38 51
140868 39 51
140868 45 58
140868 51 65
140868 51 72
140868 58 72
140868 65 72
140868 66 70
141169 7 12
141169 38 69
141470 21 76
141470 21 69
141470 22 85
141771 12 58
141771 58 72
141771 59 78
142072 53 66
142373 11 44
142373 24 48
142674 35 75
142674 62 73
142975 16 84
143276 7 88
143276 8 26
143276 53 63
143577 0 24
143577 0 48
143577 9 62
143577 15 67
143577 16 59
143577 23 30
143577 24 48
143577 28 30
143577 44 51
143577 52 75
143878 7 12
143878 33 84
143878 72 85
143878 79 88
144179 24 48
144480 69 70
144781 1 78
144781 3 5
144781 29 63
145082 0 14
145082 0 3
145082 3 14
145082 7 78
145383 24 48
145383 46 84
145383 74 79
145684 53 69
145684 61 69
145985 22 64
145985 42 52
146286 24 69
146286 28 69
146587 65 91
146888 3 65
146888 9 73
146888 17 51
146888 51 68
147189 4 52
147189 14 24
147189 21 69
147189 29 53
147490 17 68
147490 17 34
147490 34 68
147490 35 75
147490 35 36
147490 36 75
147490 75 86
147791 11 44
147791 11 30
147791 24 48
148092 29 63
148393 7 12
148393 22 91
148393 24 32
148393 33 84
148393 79 88
148393 85 91
148694 21 56
148694 22 64
148694 24 48
148694 35 79
148694 77 82
148995 7 76
148995 8 26
148995 15 33
148995 23 29
148995 29 53
148995 53 63
149296 9 30
149296 9 28
149296 9 53
149296 28 30
149296 28 73
149296 29 53
149296 44 51
149597 2 15
149597 7 16
149597 7 12
149597 12 16
149898 3 14
149898 14 37
149898 16 84
149898 17 18
149898 50 75
150199 17 68
150199 28 69
150199 29 53
150199 37 82
150199 44 51
150500 3 5
150500 11 48
150500 11 24
150500 57 88
150801 0 24
150801 35 49
150801 45 58
150801 50 86
150801 55 74
151102 28 69
151102 37 82
151403 15 33
151403 25 86
151704 35 75
151704 76 84
152005 29 63
152005 55 79
152306 7 86
152306 25 35
152607 5 37
152607 9 62
152607 9 73
152607 24 48
152607 24 77
152607 24 74
152908 22 80
152908 28 69
152908 53 70
153209 1 16
153209 2 15
153209 31 71
153209 33 40
153510 4 50
153510 7 57
153510 8 26
153510 9 62
153510 13 50
153510 14 37
153510 32 80
153510 37 90
153811 21 46
153811 21 26
153811 24 48
153811 26 31
153811 49 79
154112 9 19
154112 9 62
154112 9 73
154112 19 73
154112 45 65
154112 62 73
154413 3 37
154413 8 26
154413 22 37
154413 23 30
154413 25 49
154413 29 63
154413 37 90
154413 53 61
154714 24 48
154714 24 45
154714 29 63
154714 29 70
154714 39 45
154714 42 65
154714 45 72
154714 45 48
155015 0 24
155015 5 34
155015 23 29
155015 29 30
155316 28 84
155617 17 18
155617 22 58
155617 22 32
155617 32 58
155918 8 26
155918 14 44
155918 52 79
156219 0 14
156219 14 37
156219 17 18
156219 28 30
156219 37 82
156520 7 25
156520 16 25
156520 50 86
156821 8 26
156821 31 71
156821 42 59
156821 53 63
157122 1 33
157122 1 7
157122 5 72
157122 11 72
157122 14 37
157122 24 45
157122 37 58
157122 58 65
157423 24 58
157423 28 84
157423 28 62
157724 30 53
157724 58 72
157724 58 85
157724 80 85
158025 2 15
158025 23 30
158326 6 40
158326 9 30
158326 9 29
158326 28 29
158326 28 53
158326 29 53
158627 9 62
158627 38 58
158627 38 45
158627 45 58
158928 2 10
158928 2 6
158928 5 51
158928 6 10
158928 11 14
158928 14 34
158928 27 46
158928 44 51
159229 9 30
159229 19 62
159229 21 56
159229 22 64
159229 77 82
159530 28 70
159530 38 39
159831 0 48
159831 9 69
159831 9 43
159831 15 67
159831 28 69
159831 44 51
159831 52 75
159831 62 73
159831 69 73
160132 1 7
160132 1 40
160132 7 40
160132 33 59
160433 24 58
160433 32 80
160433 67 76
160734 0 24
160734 19 42
160734 19 50
160734 20 35
160734 22 32
160734 55 79
160734 84 87
161035 7 58
161035 29 53
161035 35 48
161035 49 52
161035 55 79
161336 0 24
161336 42 44
161336 55 79
161336 56 84
161336 56 87
161336 75 79
161637 12 76
161637 22 64
161637 35 79
161637 38 45
161637 56 76
161938 50 86
161938 52 84
161938 52 75
161938 59 76
161938 75 84
162239 14 22
162540 14 22
162540 14 39
162540 21 84
162540 30 90
162540 59 78
162841 5 14
163142 7 21
163142 7 78
163142 17 68
163142 21 78
163142 29 53
163142 36 50
163443 9 62
163443 15 33
163443 44 52
163443 62 73
163744 0 14
163744 8 26
163744 9 62
163744 12 32
163744 17 51
163744 21 56
163744 25 39
163744 39 51
163744 56 60
164045 3 80
164045 28 53
164045 49 55
164346 19 28
164346 35 75
164346 45 65
164647 32 38
164948 3 8
164948 14 85
164948 19 79
164948 24 48
164948 45 65
165249 29 70
165550 53 62
165550 76 78
165851 5 18
165851 7 33
165851 29 90
165851 44 51
165851 45 64
165851 81 88
166152 1 2
166152 1 78
166152 2 10
166152 6 10
166152 7 78
166152 21 76
166152 77 82
166453 29 53
166453 37 58
166453 50 86
166453 51 65
166754 17 18
166754 29 63
167055 9 23
167055 9 62
167356 28 69
167657 11 84
167657 18 47
167657 18 37
167657 58 65
167958 7 25
167958 7 16
167958 16 25
167958 30 66
167958 61 69
168259 12 64
168259 12 45
168259 12 58
168259 17 18
168259 18 68
168259 34 58
168259 45 58
168259 64 77
168560 9 62
168560 22 32
168560 76 78
168861 9 63
168861 9 73
169162 9 73
169162 49 73
169162 50 86
169162 57 60
169463 22 77
169463 22 64
169764 29 63
170065 25 86
170065 29 53
170065 50 86
170366 11 24
170366 23 30
170366 49 55
170667 17 18
170667 45 65
170968 18 90
170968 23 30
170968 35 75
170968 46 84
170968 50 86
170968 50 60
170968 57 88
170968 62 73
171269 7 58
171269 21 84
171269 24 45
171269 28 62
171269 56 60
171570 19 59
171570 19 76
171570 24 45
171570 25 47
171570 27 57
171570 28 69
171871 11 24
171871 53 73
172172 9 51
172172 9 39
172172 9 62
172172 39 51
172473 4 79
172473 9 29
172473 27 81
172473 57 88
172774 6 7
172774 8 14
172774 9 62
172774 14 37
172774 35 75
173075 35 75
173075 35 52
173075 52 75
173376 7 25
173376 9 66
173376 9 72
173376 22 64
173376 35 52
173677 9 60
173677 15 33
173677 35 75
173978 7 78
173978 16 25
173978 27 60
174279 1 76
174279 35 79
174279 77 82
174580 5 72
174580 5 37
174580 5 22
174580 16 45
174580 18 72
174580 22 37
174580 22 26
174580 26 72
174580 26 37
174580 26 71
174580 28 73
174580 37 72
174580 60 81
174580 60 88
174881 23 53
174881 35 52
174881 44 77
174881 56 84
175182 9 62
175182 29 53
175182 57 88
175483 12 44
175784 8 26
175784 28 70
176085 9 53
176085 29 53
176085 37 58
176085 50 86
176085 53 73
176085 53 66
176085 62 73
176386 45 65
176386 50 86
176386 55 74
176687 42 51
176687 46 60
176988 9 62
176988 9 45
176988 12 57
176988 13 50
176988 14 85
176988 14 24
176988 27 75
176988 45 61
176988 45 83
176988 50 74
177289 11 44
177590 0 24
177590 1 15
177590 29 63
177590 55 79
177590 56 84
177891 36 50
178192 36 55
178493 5 51
178493 5 35
178493 14 39
178493 17 51
178493 27 35
178493 27 75
178493 35 75
178493 51 68
178794 19 75
178794 19 50
178794 27 60
178794 35 75
178794 35 50
178794 50 75
178794 50 52
178794 52 75
179095 28 84
179095 39 51
179396 14 24
179396 76 78
179697 8 26
179697 53 63
179998 0 51
179998 4 36
179998 17 18
179998 26 65
179998 29 53
179998 45 72
180299 8 26
180299 9 62
180299 21 84
180600 0 24
180901 28 70
180901 39 72
180901 72 90
181202 3 14
181202 9 62
181202 9 28
181202 9 44
181202 34 44
181202 44 45
181503 5 18
181503 9 53
181503 12 44
181503 12 77
181503 39 65
181503 39 58
181503 44 65
181503 58 65
181804 5 24
181804 7 16
181804 8 26
181804 14 90
181804 18 37
182105 14 24
182105 28 84
182105 39 51
182406 58 65
182406 76 84
182707 30 57
182707 51 90
182707 52 75
182707 56 59
182707 58 65
182707 59 78
183008 9 66
183008 14 48
183008 24 32
183008 59 76
183309 9 62
183309 9 69
183309 9 66
183309 28 69
183309 29 30
183309 30 66
183309 37 58
183309 37 77
183309 64 82
183309 65 82
183610 0 48
183610 9 63
183610 52 87
183911 5 18
183911 12 44
183911 12 77
183911 12 64
183911 24 48
183911 39 65
183911 64 77
184212 19 86
184513 14 50
184513 22 64
184513 44 86
184814 22 64
184814 24 48
184814 44 51
184814 77 82
185115 29 53
185115 50 86
185115 51 65
185416 11 23
185416 23 69
185416 45 58
185717 37 58
185717 44 52
186018 14 18
186018 25 58
186018 29 53
186018 35 75
186018 50 75
186018 56 60
186319 11 38
186319 29 53
186319 62 73
186319 69 70
186319 84 88
186620 17 80
186620 21 84
186620 24 48
186620 35 75
186620 46 84
186921 29 53
187222 14 37
187222 29 53
187523 24 48
187824 19 79
187824 21 61
187824 24 45
187824 27 57
187824 28 69
187824 44 51
187824 53 66
187824 61 66
187824 79 87
188125 3 44
188125 22 64
188125 44 51
188125 45 58
188426 7 25
188426 35 84
188426 45 70
188426 52 84
188727 9 73
188727 9 62
188727 50 74
189028 5 85
189028 5 80
189028 21 84
189028 28 69
189329 9 28
189329 9 63
189329 9 69
189329 28 69
189329 28 70
189630 11 84
189630 12 84
189630 16 33
189630 29 53
189630 42 43
189630 44 45
189630 49 84
189630 49 58
189630 49 64
189630 58 84
189630 64 77
189630 79 88
189931 27 60
189931 29 63
190232 15 33
190232 35 75
190232 49 50
190232 52 55
190533 3 5
190533 29 63
190834 1 10
190834 1 16
190834 1 33
190834 2 10
190834 2 6
190834 5 39
190834 6 10
190834 6 40
190834 6 27
190834 10 38
190834 10 40
190834 10 16
190834 12 44
190834 12 77
190834 16 33
190834 17 18
190834 24 48
190834 27 40
190834 38 45
190834 38 85
190834 39 65
190834 45 85
191135 44 51
191135 55 79
191436 52 79
191737 32 85
191737 50 86
192038 11 84
192038 14 71
192038 37 58
192038 50 86
192339 9 28
192339 15 60
192339 16 76
192339 21 60
192339 28 62
192339 35 50
192339 38 90
192339 50 75
192339 85 90
192640 8 26
192640 50 74
192640 53 69
192941 7 16
192941 29 53
193242 17 68
193242 36 50
193543 1 76
193543 37 58
193844 3 14
193844 4 86
193844 7 12
193844 7 76
193844 9 28
194145 12 44
194145 17 56
194446 8 26
194446 29 91
194446 39 58
194446 42 43
194446 42 50
194747 28 29
194747 29 70
195048 29 53
195048 37 58
195048 69 70
195349 24 48
195650 11 57
195650 22 64
195650 56 57
195951 17 68
195951 18 34
195951 35 75
195951 36 75
196252 24 44
196252 29 63
196553 8 58
196553 14 58
196553 19 27
196553 27 50
196553 27 84
196553 27 35
196553 27 52
196553 27 75
196553 27 65
196553 27 72
196553 35 75
196553 35 38
196553 35 37
196553 35 45
196553 45 58
196553 45 72
196553 58 72
196854 3 24
196854 14 45
196854 24 29
196854 24 53
196854 24 28
196854 29 53
196854 44 51
197155 2 15
197155 9 73
197155 20 40
197155 44 70
197456 5 18
197757 7 84
197757 44 65
198058 0 45
198058 7 78
198058 7 21
198058 14 24
198058 21 78
198058 29 53
198359 6 10
198359 16 46
198359 44 51
198359 57 88
198660 18 37
198660 29 53
198660 39 51
198961 1 59
198961 1 88
198961 1 84
198961 11 24
198961 12 88
198961 15 88
198961 23 69
198961 24 55
198961 50 86
198961 84 88
199262 0 48
199262 16 84
199262 24 48
199262 29 53
199563 0 24
199563 0 14
199563 14 24
199563 14 48
199563 22 77
199563 24 48
199563 45 48
199864 5 18
199864 16 88
199864 28 73
199864 29 53
199864 39 51
199864 49 86
199864 49 55
200165 9 29
200165 11 48
200165 24 48
200165 27 81
200165 57 88
200165 74 86
200466 28 69
200767 35 50
200767 42 50
201068 1 33
201068 1 2
201068 1 6
201068 2 6
201068 2 10
201068 6 33
201068 10 84
201068 16 53
201068 16 70
201068 33 44
201068 39 51
201068 51 58
201068 51 65
201068 53 70
201068 56 84
201068 58 65
201068 67 84
201369 29 70
201369 44 72
201369 53 70
201670 9 62
201670 9 73
201670 50 86
201971 12 43
202272 0 48
202272 9 73
202272 9 62
202272 15 67
202272 52 75
202573 0 24
202874 24 48
202874 29 69
202874 66 69
203175 8 26
203175 22 71
203175 38 85
203175 38 90
203175 39 65
203175 58 85
203175 72 90
203476 1 7
203476 17 18
203476 55 79
203476 75 79
203777 5 85
203777 5 72
203777 55 86
203777 72 80
203777 80 85
204078 28 69
204078 29 53
204078 37 82
204078 44 51
204379 21 56
204379 24 48
204680 14 24
204680 29 63
204680 35 75
204680 59 76
204981 5 14
204981 29 70
204981 44 51
205282 19 73
205282 52 75
205583 29 63
205583 50 84
205583 58 65
205583 59 76
205583 76 81
205884 35 52
206185 9 46
206185 55 84
206486 7 25
206486 21 79
206486 24 48
206486 24 45
206486 28 69
206787 22 38
207088 16 59
207088 29 63
207088 50 59
207088 59 76
207389 17 18
207389 22 32
207389 35 75
207389 39 90
207389 79 87
207690 7 12
207690 23 29
207991 52 79
208292 37 58
208593 14 58
208593 21 40
208593 47 58
208894 0 14
208894 29 53
208894 37 58
209195 11 24
209195 11 51
209195 17 68
209195 22 64
209195 27 51
209195 27 68
209496 58 72
209496 64 77
209797 9 73
209797 17 18
209797 35 75
209797 39 90
210098 3 58
210098 30 53
210399 5 14
210399 37 58
210399 44 45
210700 9 62
210700 28 29
211001 11 77
211001 17 34
211001 22 48
211001 27 81
211001 27 48
211001 27 77
211001 27 64
211001 48 64
211001 64 77
211001 85 90
211302 9 62
211302 35 75
211603 24 45
211603 55 79
211603 69 73
211904 35 75
211904 55 86
212205 0 14
212205 7 16
212205 8 90
212205 8 60
212205 9 62
212205 9 69
212205 17 68
212506 20 84
212506 35 52
212506 35 84
212506 55 79
212506 56 87
212506 56 84
212807 22 64
212807 28 57
212807 37 58
213108 9 62
213108 13 88
213108 21 88
213108 29 53
213108 29 69
213108 45 83
213108 50 74
213108 55 79
213409 17 18
213409 29 53
213710 22 64
213710 24 48
214011 9 28
214011 9 63
214011 28 69
214011 37 77
214312 39 72
214312 42 72
214312 42 58
214312 58 72
214613 14 58
214613 21 61
214914 31 71
215215 29 53
215516 11 23
215817 4 55
216118 7 58
216419 0 24
216419 17 68
216720 15 33
217021 40 56
217322 14 58
217322 14 37
217322 22 91
217322 23 30
217322 38 80
217322 38 91
217322 85 91
217623 23 69
217623 23 30
217623 29 53
217623 30 63
217623 30 53
217924 9 73
217924 14 24
217924 59 76
218225 28 70
218526 24 45
218526 29 53
218526 44 51
218827 23 69
219128 9 62
219128 17 68
219128 18 68
219429 9 28
219429 9 63
219730 1 59
219730 22 38
219730 29 53
219730 29 30
219730 29 66
219730 30 53
219730 75 79
220031 6 40
220031 7 16
220332 14 37
220332 37 58
220332 44 51
220633 29 53
220934 29 53
221235 29 53
221235 37 58
221235 62 69
221536 35 51
221536 35 84
221536 44 51
221536 45 51
221536 53 70
221536 56 88
221536 57 88
221837 0 45
221837 29 91
221837 29 53
221837 53 63
222138 9 62
222138 19 73
222138 29 73
222138 29 63
222138 56 84
222439 5 84
222439 22 77
222439 24 48
222740 7 50
223041 49 55
223041 50 86
223342 29 53
223643 28 73
223643 62 73
223643 67 84
223643 67 76
223944 2 15
223944 3 14
223944 3 44
223944 9 73
223944 9 62
223944 11 44
223944 19 73
223944 29 63
223944 62 73
223944 62 66
224245 9 62
224245 28 69
224245 30 66
224245 52 75
224546 8 26
224546 9 62
224546 9 73
224546 69 73
224847 8 26
224847 85 90
225148 14 72
225148 30 73
225148 30 69
225148 53 69
225449 16 61
225449 23 53
225449 28 69
225449 30 53
225750 9 62
225750 20 31
225750 24 31
225750 24 48
225750 31 48
225750 71 83
226051 3 85
226051 22 85
226352 29 53
226352 37 58
226352 44 51
226653 8 54
226653 8 32
226653 22 37
226653 22 72
226653 22 26
226653 22 91
226653 26 37
226653 29 53
226653 37 72
226653 37 90
226954 5 75
227255 24 28
227255 29 53
227255 55 74
227255 76 81
227556 2 28
227556 5 22
227556 23 61
227857 9 62
228158 7 58
228158 19 76
228158 21 69
228158 28 73
228158 59 76
228459 1 84
228459 1 59
228459 1 6
228459 9 73
228459 20 84
228459 28 69
228459 29 53
228459 67 84
228459 84 88
228760 12 77
228760 12 84
228760 26 32
228760 57 60
228760 77 84
229061 14 37
229061 35 87
229061 35 52
229362 5 72
229362 9 62
229362 49 86
229362 49 55
229362 55 86
229663 9 43
229663 9 73
229663 15 67
229663 23 69
229663 30 66
229663 52 75
229663 55 86
229964 24 59
229964 29 53
229964 45 90
229964 53 63
230265 45 65
230265 56 86
230265 56 84
230265 84 86
230566 9 73
230566 9 62
230867 9 62
230867 12 16
230867 35 75
230867 57 60
230867 57 88
230867 58 90
231168 23 29
231168 55 74
231469 3 83
231469 3 43
231469 44 51
231770 7 16
231770 7 25
231770 16 25
231770 17 18
231770 30 66
232071 14 65
232071 14 45
232071 22 64
232071 29 53
232071 39 58
232071 39 85
232071 46 89
232071 58 85
232071 58 65
232372 3 14
232372 7 88
232372 9 63
232372 9 28
232673 9 73
232673 28 53
232673 50 74
232974 39 51
233275 3 85
233275 50 86
233576 6 88
233576 18 37
233576 22 85
233576 23 69
233576 28 62
233877 0 24
233877 32 91
233877 57 60
234178 28 84
234178 28 43
234178 39 51
234479 25 87
234780 6 10
234780 6 12
234780 11 58
234780 11 16
234780 39 65
234780 40 57
234780 44 51
234780 44 45
234780 45 51
234780 51 58
234780 51 65
234780 53 70
234780 57 88
234780 58 65
234780 79 84
234780 84 86
235081 9 73
235081 29 63
235382 8 85
235382 8 37
235382 9 62
235382 50 75
235382 59 76
235683 27 60
235683 50 75
235984 7 78
235984 29 53
236285 1 78
236285 3 14
236285 21 84
236285 28 73
236285 29 70
236285 45 65
236586 5 21
236586 21 84
236887 9 62
237188 12 60
237188 35 75
237489 12 16
237489 27 81
237489 39 57
237489 50 86
237790 29 53
238091 24 48
238091 46 84
238091 79 86
238392 5 18
238392 7 16
238392 9 29
238392 22 32
238392 52 55
238392 55 74
238693 28 69
238693 53 70
238994 7 58
238994 21 69
238994 36 50
238994 76 78
239295 28 69
239295 46 89
239596 7 27
239596 27 60
239596 27 57
239596 28 61
239596 29 53
239596 49 74
239596 57 60
239897 35 55
239897 50 74
240198 20 35
240198 39 45
240198 42 79
240198 52 84
240198 56 84
240499 7 78
240499 28 69
240499 46 60
240499 49 86
240499 49 55
240499 55 86
240800 4 41
240800 27 57
240800 28 69
241101 20 40
241101 29 53
241101 50 86
241402 0 48
241402 8 16
241402 8 90
241402 16 84
241402 29 53
241402 29 30
241703 21 59
242004 7 88
242004 26 52
242305 24 48
242305 31 32
242606 14 24
242907 39 58
242907 49 58
242907 49 79
242907 49 88
242907 79 88
242907 79 84
243208 24 48
243208 52 75
243208 69 70
243509 2 28
243509 5 22
243509 22 85
243810 6 58
243810 6 7
243810 7 58
243810 29 53
244111 3 72
244111 52 79
244111 62 73
244111 79 86
244412 8 26
244412 22 91
244412 24 48
244412 42 43
244412 48 49
244412 53 70
244412 79 88
244713 62 73
245014 0 14
245014 9 62
245014 29 53
245315 7 88
245315 9 62
245315 52 75
245616 0 24
245616 4 86
245616 9 69
245616 21 84
245616 24 48
245616 61 62
245917 3 83
245917 29 53
245917 50 74
246218 0 14
246218 5 22
246218 5 37
246218 5 72
246218 22 26
246218 22 37
246218 22 34
246218 26 37
246218 26 72
246218 34 37
246218 37 72
246218 40 84
246218 40 78
246218 60 88
246218 81 88
246519 0 14
246820 5 72
246820 28 69
246820 49 55
246820 49 86
246820 55 86
247121 7 16
247121 7 84
247121 7 25
247121 16 84
247121 16 25
247121 25 84
247121 50 84
247422 49 84
247723 17 68
247723 22 85
247723 26 37
247723 28 70
247723 37 72
247723 55 86
248024 28 30
248325 15 33
248325 44 52
248626 3 18
248626 7 58
248626 12 15
248626 15 33
248927 24 48
248927 28 70
248927 57 76
249228 0 24
249228 22 38
249228 24 45
249228 25 28
249228 25 53
249228 27 57
249228 28 53
249228 53 69
249228 67 76
249529 11 26
249529 35 75
249830 23 49
249830 25 49
249830 28 69
249830 37 77
249830 52 75
249830 53 61
250131 29 53
250131 30 62
250131 49 52
250432 44 51
250432 58 65
250733 17 68
250733 17 34
250733 28 45
250733 44 45
251034 1 88
251034 9 62
251034 27 88
251034 28 69
251034 29 53
251335 9 62
251335 11 44
251636 22 64
251636 30 66
251636 44 86
251636 58 65
251937 29 53
251937 46 89
252238 14 24
252539 2 88
252539 3 44
252539 7 58
252840 15 60
253141 9 73
253141 29 63
253442 5 47
253442 9 28
253442 9 63
253442 9 69
253442 9 73
253442 9 62
253442 24 48
253442 28 73
253743 2 39
253743 5 48
253743 12 48
253743 12 14
253743 12 20
253743 14 20
253743 14 58
253743 14 78
253743 20 58
253743 20 78
253743 24 87
253743 29 39
253743 31 58
253743 58 78
254044 19 62
254044 22 64
254044 77 82
254345 1 88
254345 5 51
254345 5 18
254345 7 88
254345 29 53
254345 39 51
254345 49 67
254345 55 86
254646 7 88
254947 20 84
254947 29 63
254947 37 58
254947 59 76
255248 44 51
255248 88 89
255549 50 74
255549 53 69
255850 11 44
255850 25 86
255850 35 75
255850 35 52
255850 52 75
256151 21 84
256151 23 29
256151 51 65
256452 45 58
256452 45 72
256452 63 70
256452 64 77
256753 8 50
256753 9 62
256753 38 45
256753 50 75
257054 21 69
257054 58 85
257355 20 35
257355 39 45
257355 42 79
257656 22 64
257656 24 48
257656 77 82
257957 9 62
258258 25 84
258258 64 77
258258 75 79
258559 29 53
258559 49 86
258559 59 76
258860 5 18
258860 5 11
258860 62 73
259161 11 44
259161 44 53
259161 53 70
259462 9 30
259462 24 48
259462 31 91
259462 32 88
259462 66 69
259763 29 53
260064 21 61
260064 24 45
260064 30 66
260064 69 73
260365 17 18
260365 22 32
260365 32 38
260666 40 88
260666 55 74
260967 29 53
260967 52 87
261268 29 53
261268 52 86
261569 16 78
261569 28 73
261569 53 63
261569 61 71
261569 70 73
261569 75 79
261870 14 47
261870 32 38
262171 23 30
262171 24 48
262472 15 33
262472 25 55
262472 56 60
262773 50 84
263074 3 22
263074 28 66
263074 28 69
263375 1 76
263375 22 64
263375 24 48
263375 27 76
263375 44 51
263375 52 87
263375 77 82
263676 22 85
263676 46 89
263977 29 63
264278 9 66
264278 34 84
264278 35 75
264278 67 84
264579 24 45
264579 29 53
264579 37 58
264579 44 51
264579 67 76
264880 8 26
264880 26 80
264880 31 58
264880 39 85
264880 80 91
265181 4 50
265181 9 62
265181 23 30
265181 30 44
265181 35 52
265181 46 49
265181 49 86
265181 53 70
