0 29 53
0 37 58
0 44 51
301 3 45
602 17 68
602 17 34
602 34 68
602 35 75
602 35 36
602 36 75
602 75 86
903 21 69
903 29 53
903 75 79
1204 26 32
1505 0 48
1505 16 84
1505 24 48
1505 29 53
1806 1 6
1806 1 59
1806 1 88
1806 7 81
1806 29 53
2107 2 39
2107 5 48
2107 12 48
2107 12 14
2107 12 20
2107 14 20
2107 14 58
2107 14 78
2107 20 58
2107 20 78
2107 24 87
2107 29 39
2107 31 58
2107 58 78
2408 14 24
2709 53 70
3010 37 77
3010 42 76
3010 49 55
3010 55 86
3311 29 53
3612 21 84
3612 30 66
3612 55 86
3913 9 62
3913 38 58
3913 38 45
3913 59 78
3913 76 78
4214 1 59
4214 6 88
4214 32 38
4515 28 84
4816 19 75
4816 19 50
4816 27 60
4816 35 75
4816 35 50
4816 50 75
4816 50 52
4816 52 75
5117 5 72
5117 9 62
5117 49 86
5117 49 55
5117 55 86
5418 0 14
5418 7 16
5418 8 60
5418 15 67
5418 28 29
5719 0 48
5719 8 90
5719 9 80
5719 9 30
5719 15 67
5719 24 48
5719 30 53
5719 53 73
5719 53 62
6020 6 12
6020 6 26
6020 7 46
6020 9 62
6020 9 26
6020 12 46
6020 14 24
6321 9 63
6622 21 76
6622 21 69
6622 22 85
6923 3 72
6923 22 38
6923 22 32
7224 8 26
7224 31 71
7224 42 59
7224 53 63
7525 4 52
7525 8 26
7525 28 29
7525 29 70
7525 37 77
7525 38 39
7826 37 58
7826 53 61
7826 53 70
8127 17 18
8428 0 14
8428 41 79
8428 53 69
8428 77 82
8729 5 18
8729 9 53
8729 12 44
8729 12 77
8729 39 65
8729 39 58
8729 44 65
8729 58 65
9030 14 24
9030 27 56
9030 27 60
9030 28 53
9030 29 53
9030 29 70
9030 45 65
9030 65 72
9331 7 25
9331 21 79
9331 24 48
9331 24 45
9331 28 69
9632 9 62
9632 9 73
9632 17 18
9632 50 74
9632 53 69
9933 8 58
9933 14 58
9933 19 27
9933 27 50
9933 27 84
9933 27 35
9933 27 52
9933 27 75
9933 27 65
9933 27 72
9933 35 75
9933 35 38
9933 35 37
9933 35 45
9933 45 58
9933 45 72
9933 58 72
10234 3 5
10234 29 63
10234 29 73
10234 50 88
10535 14 37
10535 37 58
10535 44 51
10836 69 70
11137 1 7
11137 1 40
11137 7 40
11137 33 59
11438 29 53
11438 49 86
11438 59 76
11739 24 45
11739 55 79
11739 69 73
12040 5 18
12040 7 33
12040 29 90
12040 44 51
12040 45 64
12040 81 88
12341 36 55
12642 35 50
12642 42 50
12943 0 24
12943 0 48
12943 9 62
12943 15 67
12943 16 59
12943 23 30
12943 24 48
12943 28 30
12943 44 51
12943 52 75
13244 17 18
13244 21 56
13244 21 59
13244 24 48
13244 32 58
13545 9 30
13545 24 48
13545 31 91
13545 32 88
13545 66 69
13846 34 86
14147 9 73
14448 15 33
14448 50 86
14448 60 81
14448 76 88
14749 12 88
14749 22 85
14749 55 74
15050 22 64
15050 30 66
15050 44 86
15050 58 65
15351 15 33
15652 7 12
15652 33 84
15652 72 85
15652 79 88
15953 21 56
15953 22 64
15953 24 48
15953 35 79
15953 77 82
16254 12 64
16254 12 45
16254 12 58
16254 17 18
16254 18 68
16254 34 58
16254 45 58
16254 64 77
16555 5 14
16555 37 58
16555 44 45
16856 11 23
16856 17 18
16856 23 69
16856 35 74
16856 62 73
17157 29 53
17157 49 52
17458 5 84
17458 22 77
17458 24 48
17759 14 47
17759 45 72
18060 7 25
18060 16 25
18060 30 66
18361 20 84
18361 35 52
18361 35 84
18361 55 79
18361 56 87
18361 56 84
18662 14 58
18662 21 61
18662 21 76
18963 23 29
19264 29 63
19565 8 54
19565 8 32
19565 22 37
19565 22 72
19565 22 26
19565 22 91
19565 26 37
19565 29 53
19565 37 72
19565 37 90
19866 2 15
19866 23 30
20167 0 24
20468 0 14
20468 53 70
20468 60 79
20769 0 14
21070 17 18
21371 29 53
21672 50 86
21973 0 24
22274 0 14
22274 7 16
22274 8 60
22274 8 90
22274 9 62
22274 53 66
22575 29 53
22575 36 79
22575 36 55
22575 55 79
22876 9 73
22876 9 69
22876 29 53
22876 49 52
22876 55 79
22876 67 76
23177 9 63
23177 9 73
23177 9 28
23177 9 69
23177 24 48
23177 28 70
23177 37 65
23177 53 70
23177 61 62
23478 7 16
23478 7 84
23478 7 25
23478 16 84
23478 16 25
23478 25 84
23478 50 84
23779 11 44
23779 25 75
24080 0 14
24080 8 26
24080 9 62
24080 12 32
24080 17 51
24080 21 56
24080 25 39
24080 39 51
24080 56 60
24381 24 48
24381 26 31
24381 35 75
24381 37 91
24682 8 30
24682 8 90
24682 9 73
24682 15 67
24682 52 75
24682 53 73
24983 20 35
24983 39 45
24983 42 79
24983 52 84
24983 56 84
25284 18 22
25284 22 85
25284 28 66
25284 80 85
25585 24 48
25585 24 45
25585 29 63
25585 29 70
25585 39 45
25585 42 65
25585 45 72
25585 45 48
25886 63 70
26187 5 85
26187 5 80
26187 21 84
26187 28 69
26488 22 64
26488 28 57
26488 37 58
26789 35 75
26789 39 58
26789 79 88
27090 5 18
27090 5 11
27090 62 73
27391 7 58
27391 19 76
27391 21 69
27391 28 73
27391 59 76
27692 29 70
27993 14 58
27993 21 61
28294 53 70
28595 28 70
28896 15 33
29197 32 38
29498 1 84
29498 5 18
29498 15 88
29498 15 40
29498 15 84
29498 18 32
29498 22 32
29498 23 69
29498 28 30
29498 29 53
29498 59 88
29498 59 84
29498 62 75
29498 81 84
29498 84 88
29799 1 84
29799 1 59
29799 1 6
29799 9 73
29799 20 84
29799 28 69
29799 29 53
29799 67 84
29799 84 88
30100 7 27
30100 27 57
30100 57 60
30401 1 88
30401 5 51
30401 5 18
30401 7 88
30401 29 53
30401 39 51
30401 49 67
30401 55 86
30702 7 25
30702 9 66
30702 9 72
30702 22 64
30702 35 52
31003 23 30
31003 24 48
31304 5 72
31304 5 37
31304 5 22
31304 16 45
31304 18 72
31304 22 37
31304 22 26
31304 26 72
31304 26 37
31304 26 71
31304 28 73
31304 37 72
31304 60 81
31304 60 88
31605 37 84
31906 14 24
31906 76 78
32207 23 30
32207 49 74
32207 49 55
32207 55 74
32207 69 73
32508 21 28
32508 29 53
32508 67 78
32809 1 76
32809 37 58
33110 9 62
33110 29 69
33110 29 53
33110 50 74
33110 53 69
33110 55 79
33411 11 48
33411 57 76
33411 58 65
33712 24 48
33712 31 32
34013 28 84
34013 39 51
34314 17 18
34314 18 68
34314 24 48
34314 32 58
34615 3 80
34916 29 53
35217 9 62
35518 7 88
35518 7 27
35518 7 57
35518 27 88
35518 27 77
35518 27 58
35518 58 77
35819 29 53
36120 5 54
36120 7 59
36120 9 62
36120 62 69
36421 29 63
36421 50 86
36722 23 29
36722 55 74
37023 5 37
37023 5 13
37023 5 74
37023 9 62
37023 74 81
37324 9 62
37324 9 19
37324 14 37
37324 19 44
37324 21 61
37324 22 64
37324 29 53
37324 44 45
37324 44 58
37324 44 60
37324 59 76
37625 28 66
37926 23 69
38227 17 68
38227 22 85
38227 26 37
38227 28 70
38227 37 72
38227 55 86
38528 17 68
38528 18 34
38528 35 75
38528 36 75
38829 30 53
38829 58 72
38829 58 85
38829 80 85
39130 11 44
39130 25 86
39130 35 75
39130 35 52
39130 52 75
39431 2 15
39431 17 18
39431 35 75
39732 6 40
39732 7 16
40033 0 48
40033 9 69
40033 9 43
40033 15 67
40033 28 69
40033 44 51
40033 52 75
40033 62 73
40033 69 73
40334 24 48
40334 46 84
40334 74 79
40635 7 78
40635 8 26
40635 14 24
40635 14 64
40635 17 68
40635 29 53
40936 28 69
40936 29 53
41237 11 26
41237 35 75
41538 3 14
41538 14 37
41538 16 84
41538 17 18
41538 50 75
41839 1 76
41839 22 64
41839 24 48
41839 27 76
41839 44 51
41839 52 87
41839 77 82
42140 9 62
42140 9 17
42140 24 48
42140 76 88
42441 2 15
42441 2 3
42441 24 48
42441 35 75
42742 1 84
42742 5 18
42742 6 84
42742 7 84
42742 20 84
42742 28 30
42742 29 53
42742 32 38
42742 33 84
42742 67 84
42742 81 84
42742 84 88
43043 7 27
43043 8 17
43043 8 51
43043 8 39
43043 8 14
43043 14 51
43043 14 90
43043 19 51
43043 39 51
43043 51 90
43344 7 88
43344 22 64
43344 24 48
43344 59 67
43344 61 66
43344 77 82
43645 24 48
43645 29 30
43645 30 53
43645 30 63
43946 11 84
43946 18 47
43946 18 37
43946 58 65
44247 11 23
44548 15 33
44849 6 58
44849 6 7
44849 7 58
44849 29 53
45150 22 64
45150 24 48
45150 44 51
45150 77 82
45451 19 76
45451 22 64
45451 35 79
45451 77 82
45752 9 69
45752 9 66
45752 9 62
45752 12 57
45752 29 53
45752 50 74
45752 62 69
45752 80 85
46053 9 63
46053 28 70
46053 35 75
46354 7 84
46354 8 26
46354 21 84
46354 31 71
46655 2 12
46655 12 72
46655 58 72
46655 59 78
46655 65 72
46956 1 12
46956 9 73
46956 9 62
46956 51 71
47257 22 64
47257 40 88
47257 44 51
47257 67 78
47558 12 58
47558 12 56
47558 17 34
47558 50 75
47558 56 58
47859 8 26
47859 28 70
48160 0 24
48160 1 15
48160 29 63
48160 55 79
48160 56 84
48461 11 38
48461 29 53
48461 62 73
48461 69 70
48461 84 88
48762 50 86
48762 52 84
48762 52 75
48762 59 76
48762 75 84
49063 9 23
49063 9 62
49364 9 19
49364 9 62
49364 9 73
49364 19 73
49364 45 65
49364 62 73
49665 3 14
49665 7 88
49665 9 63
49665 9 28
49966 4 55
50267 39 58
50267 49 58
50267 49 79
50267 49 88
50267 79 88
50267 79 84
50568 8 26
50568 50 74
50568 53 69
50869 5 18
50869 16 88
50869 28 73
50869 29 53
50869 39 51
50869 49 86
50869 49 55
51170 29 53
51170 50 74
51170 52 86
51471 29 53
51471 37 58
51471 44 51
51772 5 11
51772 5 72
52073 17 68
52073 17 34
52073 28 45
52073 44 45
52374 9 73
52374 11 23
52374 17 18
52374 22 85
52675 3 14
52675 9 62
52675 9 28
52675 9 44
52675 34 44
52675 44 45
52976 9 29
53277 21 84
53277 23 29
53277 51 65
53578 2 15
53578 3 14
53578 3 44
53578 9 73
53578 9 62
53578 11 44
53578 19 73
53578 29 63
53578 62 73
53578 62 66
53879 8 26
53879 53 63
54180 5 72
54180 5 37
54180 22 26
54180 22 37
54180 22 72
54180 26 37
54180 26 72
54180 29 53
54180 37 72
54180 53 63
54481 5 72
54481 7 58
54481 9 23
54481 29 53
54481 49 52
54782 11 84
54782 12 84
54782 16 33
54782 29 53
54782 42 43
54782 44 45
54782 49 84
54782 49 58
54782 49 64
54782 58 84
54782 64 77
54782 79 88
55083 50 74
55083 53 69
55384 3 68
55384 28 69
55384 37 77
55384 52 75
55384 62 73
55685 9 62
55685 18 90
55685 23 30
55685 50 57
55685 50 86
55986 11 57
55986 22 64
55986 56 57
56287 21 56
56287 24 48
56588 3 18
56588 7 58
56588 12 15
56588 15 33
56889 7 25
56889 35 84
56889 45 70
56889 52 84
57190 44 51
57190 57 62
57491 22 64
57491 27 57
57491 44 51
57491 77 82
57792 22 32
57792 24 48
58093 11 26
58093 35 75
58394 1 78
58394 3 5
58394 29 63
58695 18 47
58695 18 37
58695 58 65
58996 5 80
58996 5 18
58996 18 80
59297 7 88
59598 7 27
59598 27 60
59598 27 57
59598 28 61
59598 29 53
59598 49 74
59598 57 60
59899 17 18
59899 29 63
60200 19 59
60200 19 76
60200 24 45
60200 25 47
60200 27 57
60200 28 69
60501 22 64
60501 45 85
60501 45 65
60501 65 85
60802 24 48
60802 29 30
60802 30 63
60802 47 58
61103 9 62
61103 12 16
61103 35 75
61103 57 60
61103 57 88
61103 58 90
61404 8 50
61404 9 62
61404 38 45
61404 50 75
61705 23 29
61705 28 29
61705 29 53
61705 35 52
62006 24 48
62307 1 76
62307 35 79
62307 77 82
62608 24 31
62608 24 48
62608 31 48
62608 71 83
62909 65 91
63210 0 14
63210 7 16
63210 8 90
63210 8 60
63210 9 62
63210 9 69
63210 17 68
63511 38 58
63511 59 78
63511 76 78
63812 5 11
63812 11 24
63812 14 48
63812 19 59
63812 19 76
63812 28 73
63812 29 53
63812 39 51
63812 70 73
64113 11 86
64113 12 86
64113 76 78
64414 7 16
64414 7 25
64414 16 25
64414 30 66
64715 5 47
64715 9 28
64715 9 63
64715 9 69
64715 9 73
64715 9 62
64715 24 48
64715 28 73
65016 0 14
65016 14 37
65016 17 18
65016 28 30
65016 37 82
65317 3 65
65317 9 73
65317 17 51
65317 51 68
65618 12 58
65618 58 72
65618 59 78
65919 4 74
65919 24 48
65919 26 71
65919 29 53
65919 35 75
66220 24 48
66220 28 70
66220 57 76
66521 34 84
66521 35 75
66521 50 86
66521 55 74
66822 3 72
66822 8 83
66822 14 44
66822 29 53
66822 44 51
67123 4 52
67123 7 88
67123 9 73
67123 9 62
67123 29 53
67123 52 55
67123 55 79
67424 11 44
67424 44 53
67424 53 70
67725 6 88
67725 18 37
67725 22 85
67725 23 69
67725 28 62
68026 9 66
68026 14 48
68026 24 32
68026 59 76
68327 22 64
68327 42 52
68628 29 53
68628 53 73
68929 39 51
69230 24 31
69230 31 48
69230 81 88
69531 0 24
69531 17 68
69832 14 58
69832 21 76
69832 25 79
70133 28 69
70133 29 53
70133 37 82
70133 44 51
70434 1 65
70434 8 39
70434 8 85
70434 9 62
70434 12 29
70434 14 45
70434 22 51
70434 29 63
70434 38 45
70434 41 86
70434 50 75
70434 53 70
70434 61 90
70434 75 79
70735 7 84
70735 16 84
70735 25 84
70735 64 77
71036 9 73
71036 17 18
71036 35 75
71036 39 90
71337 7 88
71337 26 52
71638 28 84
71939 9 62
71939 16 76
71939 17 68
71939 21 61
71939 24 37
71939 35 75
71939 42 75
71939 45 90
71939 55 79
71939 59 76
72240 9 66
72240 9 62
72240 30 66
72240 50 74
72240 58 72
72541 17 68
72541 28 69
72541 29 53
72541 37 82
72541 44 51
72842 16 84
72842 28 69
72842 32 38
72842 35 50
72842 37 82
72842 37 77
72842 45 65
73143 14 72
73143 30 73
73143 30 69
73143 53 69
73444 7 56
73444 9 73
73745 4 86
73745 29 53
74046 8 82
74046 9 19
74046 9 62
74046 22 39
74046 22 64
74046 38 44
74347 9 73
74347 16 88
74347 21 69
74347 22 64
74347 53 70
74648 18 37
74648 29 53
74648 39 51
74949 24 48
75250 29 53
75551 1 16
75551 8 26
75852 0 14
76153 28 29
76153 29 70
76454 9 73
76454 14 24
76454 59 76
76755 7 58
76755 21 84
76755 24 45
76755 28 62
76755 56 60
77056 4 50
77056 14 24
77056 21 69
77056 29 53
77056 45 58
77357 7 25
77357 16 25
77357 50 86
77658 3 14
77658 19 24
77658 24 48
77658 53 70
77959 0 48
77959 9 73
77959 9 62
77959 15 67
77959 52 75
78260 28 30
78561 11 24
78561 11 51
78561 17 68
78561 22 64
78561 27 51
78561 27 68
78862 28 70
78862 39 72
78862 72 90
79163 0 24
79163 5 34
79163 23 29
79163 29 30
79464 51 54
79464 63 89
79765 3 5
79765 11 48
79765 11 24
79765 57 88
80066 14 48
80066 14 24
80066 24 48
80367 9 43
80367 9 73
80367 15 67
80367 23 69
80367 30 66
80367 52 75
80367 55 86
80668 5 21
80668 21 84
80969 45 65
80969 50 86
80969 55 74
81270 14 58
81270 53 66
81571 28 69
81571 29 70
81571 44 51
81872 0 24
81872 42 44
81872 55 79
81872 56 84
81872 56 87
81872 75 79
82173 52 79
82474 55 79
82775 25 36
82775 53 63
83076 23 53
83076 28 69
83076 35 52
83076 46 50
83076 50 86
83076 53 70
83377 35 79
83377 77 82
83678 17 18
83678 22 32
83678 32 38
83979 14 18
83979 25 58
83979 29 53
83979 35 75
83979 50 75
83979 56 60
84280 14 24
84581 7 84
84581 44 65
84882 29 70
84882 44 72
84882 53 70
85183 5 14
85183 6 88
85183 14 24
85183 28 30
85484 7 12
85484 38 69
85785 0 24
85785 4 84
85785 35 52
85785 55 79
86086 1 16
86086 1 59
86086 16 59
86086 49 55
86086 55 79
86387 15 33
86387 25 86
86688 7 88
86688 9 62
86688 52 75
86989 23 49
86989 25 49
86989 28 69
86989 37 77
86989 52 75
86989 53 61
87290 29 53
87591 15 33
87591 22 85
87591 22 32
87591 28 66
87591 53 63
87591 58 72
87892 37 58
88193 25 87
88494 11 44
88795 29 53
89096 14 58
89096 59 76
89397 29 53
89698 58 65
89698 76 78
89698 76 81
89698 78 81
89999 12 78
89999 58 65
89999 84 89
90300 29 53
90300 35 49
90300 52 86
90300 57 60
90300 74 86
90601 1 7
90601 1 27
90601 6 40
90601 7 27
90601 9 62
90601 29 53
90601 55 74
90902 9 62
90902 9 45
90902 12 57
90902 13 50
90902 14 85
90902 14 24
90902 27 75
90902 45 61
90902 45 83
90902 50 74
91203 8 26
91203 53 63
91504 17 68
91504 36 50
91805 29 70
92106 0 24
92106 9 62
92106 15 67
92106 52 75
92106 62 73
92407 28 84
92407 28 43
92407 39 51
92708 14 24
92708 22 77
92708 24 48
93009 8 79
93009 21 69
93009 29 63
93310 11 44
93310 24 63
93310 37 82
93310 86 91
93611 9 60
93611 15 33
93611 35 75
93912 5 85
93912 76 78
94213 7 86
94213 25 35
94514 23 30
94514 29 53
94514 29 30
94514 35 52
94514 43 45
94514 44 51
94815 2 15
94815 2 48
94815 15 48
94815 24 49
94815 35 75
94815 48 49
95116 9 28
95116 9 69
95116 9 63
95116 17 68
95116 28 73
95116 28 70
95116 28 30
95116 28 69
95116 30 62
95116 35 75
95116 53 62
95116 53 70
95116 61 62
95417 21 61
95417 22 64
95417 57 88
95718 52 79
96019 8 26
96019 9 28
96019 9 62
96019 22 64
96019 28 73
96320 17 18
96320 29 53
96621 0 45
96621 3 5
96621 9 29
96621 9 30
96621 9 70
96621 9 28
96922 21 69
96922 29 63
97223 29 53
97223 37 58
97223 50 86
97223 51 65
97524 29 53
97524 52 87
97825 7 58
98126 7 16
98126 7 25
98126 16 25
98126 17 18
98126 30 66
98427 16 25
98427 52 87
98728 4 41
98728 27 57
98728 28 69
99029 31 71
99029 44 51
99029 53 63
99330 1 33
99330 14 37
99330 64 77
99631 9 62
99631 29 30
99631 50 86
99932 29 53
100233 9 62
100534 8 37
100534 37 82
100534 37 58
100534 58 82
100835 17 34
100835 17 68
100835 28 70
101136 9 62
101136 23 30
101136 39 51
101136 42 76
101136 49 55
101437 5 18
101437 12 44
101437 12 77
101437 12 64
101437 24 48
101437 39 65
101437 64 77
101738 29 53
101738 44 51
102039 25 86
102039 29 53
102039 50 86
102340 22 85
102340 61 69
102340 63 70
102641 12 44
102942 7 76
103243 28 69
103243 37 82
103544 3 19
103544 3 14
103544 9 14
103544 19 42
103544 29 63
103845 7 16
103845 29 53
104146 1 7
104146 9 73
104146 14 51
104146 23 53
104146 23 73
104146 23 29
104146 28 53
104146 28 73
104146 28 29
104146 29 53
104447 17 68
104447 50 86
104748 29 53
104748 52 86
105049 2 15
105049 3 14
105049 7 50
105049 9 62
105049 9 73
105350 7 16
105350 7 58
105651 9 28
105651 9 63
105952 27 73
105952 29 53
105952 37 84
105952 49 86
105952 49 50
106253 24 58
106253 32 80
106253 67 76
106554 4 87
106554 9 62
106554 22 85
106554 29 53
106554 36 50
106554 84 89
106855 29 63
106855 56 84
107156 28 69
107457 8 26
107457 14 44
107457 52 79
107758 11 77
107758 17 34
107758 22 48
107758 27 81
107758 27 48
107758 27 77
107758 27 64
107758 48 64
107758 64 77
107758 85 90
108059 17 18
108059 28 30
108059 64 77
108360 29 53
108360 30 62
108360 49 52
108661 3 44
108661 44 51
108661 77 82
108962 5 37
108962 9 62
108962 9 73
108962 24 48
108962 24 77
108962 24 74
109263 3 22
109263 28 66
109263 28 69
109564 24 48
109865 29 63
110166 3 22
110166 5 18
110166 11 24
110166 22 64
110166 50 86
110166 55 79
110467 9 63
110467 9 73
110768 35 75
110768 35 52
111069 3 72
111069 52 79
111069 62 73
111069 79 86
111370 21 27
111370 21 59
111370 34 45
111370 54 71
111671 8 26
111671 26 32
111671 38 90
111671 38 85
111671 58 90
111671 58 85
111671 85 90
111972 7 25
111972 24 48
111972 28 69
112273 1 88
112273 9 62
112273 9 73
112273 16 88
112273 28 73
112273 29 73
112273 35 52
112273 37 77
112273 53 73
112273 62 73
112574 15 33
112875 9 62
112875 29 53
112875 37 58
112875 50 74
113176 23 30
113477 62 73
113477 71 83
113778 35 75
113778 44 51
114079 17 18
114079 32 38
114380 9 62
114380 12 77
114380 12 44
114380 12 58
114380 24 48
114380 27 46
114380 27 65
114380 27 57
114380 39 65
114380 39 58
114380 46 56
114380 46 57
114380 53 70
114380 58 65
114681 3 53
114681 22 32
114681 22 45
114681 28 70
114681 44 51
114681 53 70
114681 53 61
114982 5 44
114982 11 44
114982 28 69
114982 29 70
114982 44 51
115283 7 84
115283 35 86
115283 35 50
115283 37 80
115283 37 50
115283 38 86
115283 50 75
115283 50 80
115584 44 51
115584 88 89
115885 5 14
116186 28 62
116186 29 53
116186 45 85
116186 45 65
116487 29 53
116788 3 68
116788 29 63
117089 9 53
117089 29 53
117089 37 58
117089 50 86
117089 53 73
117089 53 66
117089 62 73
117390 6 40
117390 7 76
117691 21 84
117691 22 85
117992 0 14
117992 7 78
117992 9 62
117992 21 84
117992 21 56
117992 29 53
117992 52 87
118293 1 33
118293 1 7
118293 5 72
118293 11 72
118293 14 37
118293 24 45
118293 37 58
118293 58 65
118594 21 56
118594 36 50
118895 7 27
119196 14 65
119196 14 45
119196 22 64
119196 29 53
119196 39 58
119196 39 85
119196 46 89
119196 58 85
119196 58 65
119497 14 22
119497 14 39
119497 21 84
119497 30 90
119497 59 78
119798 3 37
119798 8 26
119798 22 37
119798 23 30
119798 25 49
119798 29 63
119798 37 90
119798 53 61
120099 7 58
120099 29 53
120099 35 48
120099 49 52
120099 55 79
120400 22 72
120400 28 69
120701 29 63
121002 11 69
121002 11 23
121002 23 69
121002 53 63
121303 0 24
121303 17 18
121303 79 87
121303 84 87
121604 58 72
121604 64 77
121905 17 18
122206 50 84
122507 9 23
122507 9 73
122507 14 24
122507 24 48
122808 4 86
122808 9 63
122808 52 87
123109 7 58
123109 21 69
123109 36 50
123109 76 78
123410 3 58
123410 30 53
123711 0 24
123711 32 91
123711 57 60
124012 1 16
124012 15 16
124012 25 49
124012 55 79
124313 1 40
124313 1 6
124313 6 60
124313 27 84
124313 44 65
124313 58 65
124614 15 33
124614 44 52
124915 3 37
124915 5 34
125216 7 58
125216 15 33
125216 60 81
125517 0 48
125517 7 12
125517 9 63
125517 9 28
125517 32 71
125517 37 58
125818 53 69
125818 61 69
126119 9 62
126119 19 73
126119 29 73
126119 29 63
126119 56 84
126420 8 16
126420 28 69
126721 14 72
126721 14 34
126721 14 85
126721 24 48
126721 27 75
126721 27 35
126721 35 75
127022 17 18
127022 45 65
127022 49 52
127022 52 86
127323 1 12
127323 5 45
127323 9 73
127323 9 62
127624 7 84
127624 24 84
127624 27 84
127624 33 84
127624 51 58
127925 5 18
127925 66 69
128226 9 73
128527 7 76
128527 8 26
128527 15 33
128527 23 29
128527 29 53
128527 53 63
128828 9 73
128828 29 63
129129 53 66
129430 5 37
129430 5 34
129430 7 27
129430 7 88
129430 23 30
129430 27 88
129430 30 34
129430 34 37
129731 1 7
129731 17 18
129731 55 79
129731 75 79
130032 3 8
130032 14 85
130032 19 79
130032 24 48
130032 45 65
130333 21 61
130333 24 45
130333 30 66
130333 69 73
130634 22 85
130634 61 69
130634 76 78
130935 4 50
130935 9 62
130935 9 73
130935 15 67
130935 28 69
130935 44 51
130935 52 75
131236 22 85
131236 46 89
131537 58 59
131537 59 76
131537 59 78
131537 60 81
131537 76 88
131838 32 80
131838 45 83
131838 50 74
131838 55 79
131838 58 72
132139 2 15
132139 7 16
132139 7 12
132139 12 16
132440 0 65
132440 14 65
132440 39 45
132741 29 53
132741 29 63
132741 45 65
132741 45 85
132741 58 65
133042 0 51
133042 4 36
133042 17 18
133042 26 65
133042 29 53
133042 45 72
133343 12 43
133644 16 78
133644 28 73
133644 53 63
133644 61 71
133644 70 73
133644 75 79
133945 12 58
133945 43 58
133945 44 45
133945 79 88
134246 28 66
134246 42 51
134246 46 60
134246 53 70
134547 7 12
134547 29 53
134547 45 83
134547 50 74
134848 3 11
134848 28 76
134848 57 76
135149 0 24
135149 0 14
135149 14 24
135149 14 48
135149 22 77
135149 24 48
135149 45 48
135450 21 69
135450 21 61
135450 61 69
135751 17 18
135751 79 87
136052 24 32
136353 28 69
136353 46 89
136654 8 26
136654 22 71
136654 38 85
136654 38 90
136654 39 65
136654 58 85
136654 72 90
136955 9 69
136955 9 63
136955 24 48
136955 28 70
136955 37 65
136955 53 70
136955 61 62
137256 0 14
137256 0 3
137256 3 14
137256 7 78
137557 14 44
137557 14 22
137858 35 75
137858 62 73
138159 37 58
138159 44 52
138460 2 84
138460 3 68
138460 8 90
138460 9 30
138460 9 62
138460 24 48
138460 52 75
138460 62 73
138761 45 72
139062 28 84
139062 35 75
139062 55 75
139363 7 88
139363 8 26
139363 53 63
139664 45 65
139965 0 14
139965 9 62
139965 29 53
140266 12 77
140266 12 84
140266 26 32
140266 57 60
140266 77 84
140567 9 28
140567 12 84
140567 55 87
140868 7 12
140868 22 32
141169 21 59
141470 45 72
141771 0 24
141771 19 42
141771 19 50
141771 20 35
141771 22 32
141771 55 79
141771 84 87
142072 5 72
142072 12 44
142072 58 65
142373 8 26
142373 14 44
142674 9 66
142674 14 24
142674 24 58
142674 28 84
142975 24 28
142975 29 53
142975 55 74
142975 76 81
143276 1 88
143276 9 62
143276 27 88
143276 28 69
143276 29 53
143577 9 62
143577 9 19
143577 12 58
143577 22 64
143577 24 48
143577 29 53
143577 53 63
143878 16 76
143878 32 38
144179 9 62
144179 50 74
144179 58 72
144480 22 80
144480 28 69
144480 53 70
144781 9 73
144781 29 69
144781 29 53
144781 37 58
144781 50 74
144781 53 69
145082 7 88
145082 17 51
145082 29 53
145082 29 63
145082 39 51
145082 53 63
145082 53 69
145082 66 69
145383 24 69
145383 28 69
145684 29 53
145684 50 86
145684 51 65
145985 29 53
146286 4 50
146286 9 62
146286 23 30
146286 30 44
146286 35 52
146286 46 49
146286 49 86
146286 53 70
146587 62 73
146888 3 83
146888 3 43
146888 44 51
147189 14 48
147189 29 53
147189 53 70
147189 53 66
147189 59 76
147490 5 24
147490 7 16
147490 8 26
147490 14 90
147490 18 37
147791 37 58
147791 50 86
148092 2 15
148092 9 73
148092 20 40
148092 44 70
148393 29 53
148694 7 78
148694 28 69
148694 46 60
148694 49 86
148694 49 55
148694 55 86
148995 24 48
148995 29 53
148995 35 75
149296 2 28
149296 5 22
149296 22 85
149597 14 24
149597 28 84
149597 39 51
149898 11 24
149898 53 73
150199 29 63
150199 50 84
150199 58 65
150199 59 76
150199 76 81
150500 0 48
150500 9 63
150500 52 87
150801 5 85
150801 5 72
150801 55 86
150801 72 80
150801 80 85
151102 53 63
151403 8 39
151403 8 85
151403 9 62
151403 9 19
151403 37 58
151403 38 45
151704 9 62
151704 35 75
152005 9 73
152005 9 62
152005 50 74
152306 36 50
152607 6 40
152607 9 73
152607 9 61
152607 50 86
152908 21 46
152908 24 48
152908 26 31
152908 75 79
153209 28 62
153209 28 29
153209 29 53
153510 24 45
153510 29 53
153510 44 51
153811 49 55
154112 12 60
154112 35 75
154413 14 58
154413 21 61
154714 45 58
154714 45 72
154714 63 70
154714 64 77
155015 11 84
155015 14 71
155015 37 58
155015 50 86
155316 9 28
155316 9 63
155316 28 69
155316 37 77
155617 14 24
155617 50 55
155918 20 84
155918 29 63
155918 37 58
155918 59 76
156219 2 10
156219 6 84
156219 10 16
156219 10 33
156219 11 84
156219 12 44
156219 24 31
156219 33 44
156219 39 51
156219 51 58
156219 51 65
156219 58 65
156219 67 84
156520 9 63
156520 9 28
156520 61 62
156821 2 10
156821 3 14
156821 6 10
156821 11 14
156821 44 51
157122 9 62
157122 28 29
157423 9 73
157423 50 86
157724 12 59
157724 50 86
157724 75 84
158025 1 59
158025 22 38
158025 29 53
158025 29 30
158025 29 66
158025 30 53
158025 75 79
158326 9 62
158326 17 18
158326 29 61
158326 44 51
158326 50 86
158326 79 87
158627 29 53
158627 29 63
158928 24 48
158928 26 31
158928 35 75
159229 67 84
159530 20 40
159530 29 53
159530 50 86
159831 44 51
159831 55 79
160132 3 51
160132 3 23
160132 23 49
160132 28 69
160132 42 51
160132 52 75
160132 80 90
160433 0 45
160433 7 78
160433 7 21
160433 14 24
160433 21 78
160433 29 53
160734 21 46
160734 21 26
160734 24 48
160734 26 31
160734 49 79
161035 7 58
161035 9 73
161035 24 35
161035 29 53
161035 35 48
161035 42 55
161035 49 52
161035 55 79
161336 11 24
161336 19 59
161336 37 72
161336 59 76
161336 70 73
161637 28 70
161938 15 60
162239 16 59
162239 29 63
162239 50 59
162239 59 76
162540 14 48
162540 23 30
162540 24 48
162540 39 58
162540 45 58
162540 45 72
162540 58 72
162841 18 37
162841 29 53
162841 35 55
162841 39 72
162841 80 85
163142 29 70
163142 29 69
163142 29 53
163142 53 63
163142 59 78
163142 85 91
163443 23 69
163443 23 30
163443 29 53
163443 30 63
163443 30 53
163744 52 79
164045 7 58
164045 24 35
164045 24 48
164045 29 53
164045 49 52
164045 55 79
164346 5 72
164346 28 69
164346 49 55
164346 49 86
164346 55 86
164647 15 33
164647 23 61
164948 2 60
164948 7 33
164948 11 56
164948 28 53
164948 44 51
164948 53 70
164948 58 65
165249 5 11
165249 8 85
165249 9 62
165249 29 53
165249 38 45
165249 40 41
165550 7 76
165550 9 63
165851 24 44
165851 29 63
166152 49 55
166152 50 86
166453 7 12
166453 23 29
166754 9 28
166754 9 63
166754 9 69
166754 28 69
166754 28 70
167055 17 80
167055 21 84
167055 24 48
167055 35 75
167055 46 84
167356 0 45
167356 29 91
167356 29 53
167356 53 63
167657 5 75
167958 14 47
167958 32 38
168259 5 39
168259 14 58
168259 40 88
168259 49 55
168560 8 26
168560 49 74
168861 12 88
168861 17 18
168861 55 74
169162 16 84
169463 9 62
169463 29 53
169764 8 26
169764 9 62
169764 21 84
170065 5 37
170065 24 31
170065 31 48
170366 5 72
170366 30 66
170366 32 91
170366 34 72
170366 53 63
170667 6 10
170667 16 46
170667 44 51
170667 57 88
170968 17 18
170968 22 32
170968 35 75
170968 39 90
170968 79 87
171269 23 30
171269 29 63
171269 37 77
171269 55 86
171570 8 26
171570 44 51
171871 9 62
171871 14 24
171871 25 79
171871 25 88
171871 38 51
171871 39 51
171871 45 58
171871 51 65
171871 51 72
171871 58 72
171871 65 72
171871 66 70
172172 23 30
172172 45 72
172172 45 65
172172 49 74
172172 49 55
172172 50 86
172172 52 84
172172 65 72
172172 69 73
172473 5 34
172473 29 63
172473 53 63
172774 3 22
172774 11 24
172774 42 79
172774 52 79
172774 55 79
173075 9 63
173376 35 75
173376 76 84
173677 9 73
173677 9 62
173978 53 62
173978 76 78
174279 22 64
174279 24 48
174279 77 82
174580 0 14
174580 12 88
174580 31 51
174580 51 71
174881 0 14
174881 18 45
174881 35 52
175182 21 69
175182 24 45
175483 8 26
175483 9 62
175483 9 28
175483 28 73
175483 28 62
175483 50 52
175483 50 86
175784 7 59
175784 8 90
175784 24 48
175784 79 86
176085 0 48
176085 0 14
176085 9 62
176085 18 68
176386 11 23
176386 23 69
176386 45 58
176687 5 18
176687 8 26
176988 2 88
176988 3 44
176988 7 58
177289 28 70
177590 24 45
177590 29 53
177590 37 58
177590 44 51
177590 67 76
177891 8 90
177891 8 58
177891 45 58
178192 8 26
178192 9 62
178192 9 73
178192 69 73
178493 8 26
178493 9 62
178493 52 84
178794 14 72
178794 28 53
179095 0 24
179095 5 34
179396 7 78
179396 9 69
179396 9 29
179396 29 63
179697 29 63
179998 11 23
180299 9 73
180299 28 84
180299 28 76
180299 76 84
180600 6 40
180600 24 45
180600 49 86
180600 57 60
180901 24 48
180901 29 69
180901 66 69
181202 24 48
181202 35 52
181202 39 45
181202 57 62
181503 0 24
181503 5 24
181503 12 58
181503 39 58
181503 79 88
181804 14 58
181804 22 38
182105 24 48
182105 42 84
182105 52 84
182105 53 63
182406 9 63
182406 9 28
182707 11 44
182707 11 30
182707 24 48
183008 9 30
183008 9 28
183008 9 53
183008 28 30
183008 28 73
183008 29 53
183008 44 51
183309 5 24
183309 5 65
183309 9 66
183309 9 13
183309 24 32
183309 57 60
183610 34 84
183610 35 75
183610 35 50
183610 37 84
183610 49 86
183610 50 74
183610 58 84
183610 75 86
183911 9 62
183911 22 85
183911 29 53
183911 32 38
184212 9 73
184212 28 53
184212 50 74
184513 22 85
184814 5 39
184814 8 84
184814 9 31
184814 24 48
184814 29 53
184814 46 84
185115 7 46
185115 17 68
185416 9 62
185416 38 58
185416 38 45
185416 45 58
185717 9 62
185717 29 53
186018 5 14
186018 9 62
186018 29 53
186018 37 58
186319 9 62
186319 77 82
186620 11 48
186620 44 58
186620 49 84
186620 50 74
186620 75 88
186620 79 88
186921 2 28
186921 2 39
186921 11 34
186921 28 38
186921 61 86
186921 77 86
187222 9 73
187222 29 63
187523 17 68
187523 42 50
187824 23 29
187824 29 63
187824 31 71
187824 52 79
188125 7 46
188125 17 34
188125 17 18
188125 17 46
188125 32 85
188125 32 38
188125 35 75
188125 64 77
188426 22 77
188426 22 64
188727 7 78
188727 16 25
188727 27 60
189028 17 18
189028 22 32
189028 79 87
189028 84 87
189329 3 80
189329 28 53
189329 49 55
189630 6 40
189630 9 30
189630 9 29
189630 28 29
189630 28 53
189630 29 53
189931 22 32
190232 24 58
190533 2 15
190533 2 33
190533 9 73
190533 9 62
190533 15 72
190533 29 63
190533 40 75
190533 50 75
190533 58 86
190533 58 78
190533 58 59
190533 59 78
190533 72 86
190533 72 78
190533 72 75
190533 75 86
190834 37 58
190834 44 51
191135 8 26
191135 50 74
191436 5 51
191436 5 35
191436 14 39
191436 17 51
191436 27 35
191436 27 75
191436 35 75
191436 51 68
191737 2 88
191737 40 88
191737 40 84
191737 84 88
192038 14 58
192038 21 40
192038 47 58
192339 5 18
192339 7 16
192339 9 29
192339 22 32
192339 52 55
192339 55 74
192640 14 22
192941 49 84
193242 3 24
193242 15 33
193242 23 30
193242 28 29
193242 44 51
193242 53 63
193543 34 84
193543 50 74
193543 58 72
193543 80 85
193844 64 77
194145 19 86
194446 9 73
194446 9 19
194446 33 88
194446 50 75
194747 9 46
194747 55 84
195048 0 65
195048 0 14
195048 22 64
195048 24 48
195048 44 51
195349 3 44
195349 22 64
195349 44 51
195349 45 58
195650 67 84
195951 19 79
195951 21 61
195951 24 45
195951 27 57
195951 28 69
195951 44 51
195951 53 66
195951 61 66
195951 79 87
196252 9 62
196252 29 53
196252 57 88
196553 29 53
196553 37 58
196553 62 69
196854 1 59
196854 1 88
196854 1 84
196854 11 24
196854 12 88
196854 15 88
196854 23 69
196854 24 55
196854 50 86
196854 84 88
197155 21 84
197456 1 78
197456 3 14
197456 21 84
197456 28 73
197456 29 70
197456 45 65
197757 1 27
197757 1 7
197757 6 27
197757 6 7
197757 27 33
197757 29 63
197757 37 58
197757 44 65
198058 0 48
198058 8 16
198058 8 90
198058 16 84
198058 29 53
198058 29 30
198359 1 16
198359 35 52
198359 35 84
198660 25 87
198961 32 85
198961 50 86
199262 9 62
199262 11 44
199563 3 14
199563 4 86
199563 7 12
199563 7 76
199563 9 28
199864 30 57
199864 51 90
199864 52 75
199864 56 59
199864 58 65
199864 59 78
200165 2 10
200165 2 6
200165 5 51
200165 6 10
200165 11 14
200165 14 34
200165 27 46
200165 44 51
200466 29 63
200466 55 79
200767 24 48
200767 46 84
200767 79 86
201068 18 37
201068 23 30
201369 2 28
201369 5 22
201369 23 61
201670 14 24
201670 14 58
201670 24 58
201971 9 29
201971 11 48
201971 24 48
201971 27 81
201971 57 88
201971 74 86
202272 0 14
202272 29 53
202272 37 58
202573 29 63
202573 50 86
202874 8 26
202874 29 91
202874 39 58
202874 42 43
202874 42 50
203175 3 85
203175 22 85
203476 35 51
203476 35 84
203476 44 51
203476 45 51
203476 53 70
203476 56 88
203476 57 88
203777 18 34
203777 21 66
203777 29 69
203777 50 74
203777 55 79
203777 57 60
204078 1 2
204078 1 78
204078 2 10
204078 6 10
204078 7 78
204078 21 76
204078 77 82
204379 4 49
204379 29 53
204379 57 88
204680 4 50
204680 7 57
204680 8 26
204680 9 62
204680 13 50
204680 14 37
204680 32 80
204680 37 90
204981 7 78
204981 7 59
204981 20 52
204981 20 35
204981 28 40
204981 28 73
204981 35 52
204981 35 84
204981 35 87
204981 40 84
204981 42 79
204981 52 84
204981 56 87
204981 56 84
205282 9 73
205282 35 50
205282 50 86
205282 50 84
205583 22 64
205583 35 52
205583 44 51
205583 46 89
205884 11 48
205884 12 49
205884 49 67
205884 58 65
205884 60 89
206185 3 5
206185 5 18
206185 11 24
206185 18 22
206185 79 84
206486 1 6
206486 1 33
206486 1 40
206486 1 10
206486 6 40
206486 10 40
206486 12 44
206486 18 68
206486 24 48
206486 33 40
206787 9 62
206787 20 31
206787 24 31
206787 24 48
206787 31 48
206787 71 83
207088 4 52
207088 14 24
207088 21 69
207088 29 53
207389 27 60
207389 29 63
207690 14 32
207991 23 53
207991 35 52
207991 44 77
207991 56 84
208292 31 71
208593 7 12
208593 22 91
208593 24 32
208593 33 84
208593 79 88
208593 85 91
208894 29 53
208894 35 49
208894 37 84
208894 58 84
209195 35 75
209195 45 58
209496 29 53
209496 46 89
209797 9 62
209797 9 77
209797 28 73
209797 44 51
210098 14 58
210098 14 37
210098 22 91
210098 23 30
210098 38 80
210098 38 91
210098 85 91
210399 8 85
210399 8 37
210399 9 62
210399 50 75
210399 59 76
210700 1 33
210700 1 2
210700 1 6
210700 2 6
210700 2 10
210700 6 33
210700 10 84
210700 16 53
210700 16 70
210700 33 44
210700 39 51
210700 51 58
210700 51 65
210700 53 70
210700 56 84
210700 58 65
210700 67 84
211001 15 33
211302 2 71
211302 14 58
211302 14 39
211302 14 24
211302 37 82
211302 39 58
211302 53 70
211603 24 59
211603 29 53
211603 45 90
211603 53 63
211904 18 90
211904 23 30
211904 35 75
211904 46 84
211904 50 86
211904 50 60
211904 57 88
211904 62 73
212205 16 61
212205 23 53
212205 28 69
212205 30 53
212506 29 53
212506 35 75
212506 42 50
212807 14 50
212807 22 64
212807 44 86
213108 11 44
213409 27 60
213409 29 63
213409 37 58
213409 50 75
213710 9 62
213710 17 68
213710 18 68
214011 5 18
214312 28 69
214312 53 70
214613 9 73
214613 63 70
214914 0 48
214914 8 90
214914 16 84
214914 29 53
215215 22 64
215215 24 48
215516 19 62
215516 22 64
215516 77 82
215817 52 79
216118 8 26
216118 23 30
216118 23 53
216118 29 53
216118 30 53
216118 39 58
216419 0 14
216419 16 59
216419 53 69
216720 0 14
216720 3 14
216720 8 90
216720 9 69
216720 16 84
216720 17 18
216720 30 53
216720 65 82
217021 3 85
217021 50 86
217322 9 28
217322 15 60
217322 16 76
217322 21 60
217322 28 62
217322 35 50
217322 38 90
217322 50 75
217322 85 90
217623 22 64
217623 61 69
217924 7 25
217924 7 16
217924 16 25
217924 30 66
217924 61 69
218225 12 59
218526 9 66
218526 34 84
218526 35 75
218526 67 84
218827 9 62
218827 9 73
218827 50 86
219128 35 55
219128 50 74
219429 11 44
219429 24 48
219730 9 62
220031 17 18
220031 45 65
220332 45 65
220332 52 86
220633 9 51
220633 9 39
220633 9 62
220633 39 51
220934 11 23
220934 23 69
220934 53 63
221235 24 28
221235 29 53
221235 55 74
221235 76 81
221536 9 62
221837 14 24
221837 21 69
221837 29 53
221837 85 91
222138 29 63
222138 62 73
222439 3 5
222439 29 63
222740 8 26
222740 9 62
222740 29 53
222740 36 55
222740 36 79
222740 55 79
223041 12 16
223041 27 81
223041 39 57
223041 50 86
223342 9 73
223342 9 62
223342 14 51
223342 29 53
223342 49 55
223643 1 16
223643 2 15
223643 31 71
223643 33 40
223944 1 78
223944 9 19
223944 9 73
223944 19 42
223944 19 50
223944 58 72
223944 62 73
224245 7 16
224245 29 53
224546 9 30
224546 19 62
224546 21 56
224546 22 64
224546 77 82
224847 21 76
225148 4 79
225148 9 29
225148 27 81
225148 57 88
225449 0 24
225449 22 38
225449 24 45
225449 25 28
225449 25 53
225449 27 57
225449 28 53
225449 53 69
225449 67 76
225750 7 78
225750 20 35
225750 29 73
225750 29 61
225750 35 52
225750 56 87
225750 56 84
225750 63 70
225750 84 87
226051 2 33
226051 24 87
226051 58 62
226352 3 18
226352 9 62
226352 18 65
226352 29 53
226352 45 58
226653 9 62
226653 29 53
226653 57 88
226954 0 45
226954 29 53
226954 37 58
226954 37 47
227255 15 33
227255 46 76
227255 60 81
227556 17 68
227857 0 24
227857 4 86
227857 9 69
227857 21 84
227857 24 48
227857 61 62
228158 6 40
228158 7 58
228158 15 33
228158 38 45
228158 44 52
228459 8 26
228459 22 91
228459 24 48
228459 42 43
228459 48 49
228459 53 70
228459 79 88
228760 8 26
228760 21 61
228760 22 64
229061 50 86
229061 56 84
229362 15 33
229362 35 75
229362 49 50
229362 52 55
229663 12 42
229964 22 64
229964 24 48
229964 37 58
230265 35 75
230265 55 86
230566 2 10
230566 2 40
230566 2 6
230566 6 10
230566 21 88
230566 44 51
230867 39 58
230867 65 84
230867 79 84
230867 79 88
231168 5 39
231168 24 48
231168 35 86
231168 35 52
231469 39 72
231469 42 72
231469 42 58
231469 58 72
231770 5 37
231770 5 18
231770 14 77
231770 18 37
231770 64 77
232071 7 50
232372 18 37
232372 53 70
232673 24 48
232673 52 75
232673 69 70
232974 11 58
232974 12 44
232974 12 72
232974 28 53
232974 35 50
232974 43 58
232974 44 58
232974 44 56
232974 53 70
232974 56 58
232974 56 65
233275 7 25
233275 22 64
233275 49 84
233275 50 84
233275 50 52
233275 52 84
233576 4 48
233576 7 76
233576 8 34
233576 8 90
233576 11 24
233576 12 16
233576 27 81
233576 27 76
233576 35 75
233877 44 51
233877 58 65
234178 11 23
234178 21 30
234178 23 69
234178 37 58
234178 74 86
234479 14 37
234479 29 53
234780 1 16
234780 7 88
234780 9 62
234780 35 79
234780 35 52
234780 35 36
234780 35 84
234780 36 79
234780 76 88
235081 40 56
235382 9 62
235683 5 14
235683 29 70
235683 44 51
235984 6 7
235984 8 14
235984 9 62
235984 14 37
235984 35 75
236285 12 76
236285 22 64
236285 35 79
236285 38 45
236285 56 76
236586 9 62
236586 14 24
236586 18 47
236586 19 58
236586 21 69
236586 58 72
236887 4 79
236887 16 84
237188 4 86
237188 29 53
237188 37 58
237489 0 14
237489 5 22
237489 5 37
237489 5 72
237489 22 26
237489 22 37
237489 22 34
237489 26 37
237489 26 72
237489 34 37
237489 37 72
237489 40 84
237489 40 78
237489 60 88
237489 81 88
237790 9 30
237790 29 53
237790 30 62
237790 37 77
237790 52 84
238091 7 46
238091 17 18
238091 42 43
238091 45 58
238392 42 86
238392 55 86
238693 19 28
238693 35 75
238693 45 65
238994 21 84
238994 24 48
238994 55 79
239295 49 55
239295 49 86
239295 50 86
239295 52 55
239596 27 60
239596 50 75
239897 11 24
239897 23 30
239897 49 55
240198 0 48
240198 4 50
240198 9 73
240198 9 62
240198 15 67
240198 52 75
240198 53 66
240499 9 66
240499 9 62
240499 9 73
240499 11 84
240499 62 73
240800 21 42
240800 22 38
240800 24 45
240800 25 28
240800 27 57
240800 53 70
241101 15 27
241101 23 30
241101 29 71
241101 37 58
241402 8 26
241402 26 80
241402 31 58
241402 39 85
241402 80 91
241703 9 62
241703 9 69
241703 9 66
241703 28 69
241703 29 30
241703 30 66
241703 37 58
241703 37 77
241703 64 82
241703 65 82
242004 7 12
242004 29 53
242305 22 38
242606 19 78
242606 21 63
242606 29 53
242907 5 72
242907 50 74
242907 53 69
242907 55 79
243208 3 5
243208 29 73
243208 50 86
243509 5 37
243509 35 75
243509 35 49
243509 46 57
243810 28 73
243810 62 73
243810 67 84
243810 67 76
244111 17 18
244111 22 58
244111 22 32
244111 32 58
244412 17 68
244412 29 53
244412 57 60
244713 9 62
244713 15 33
244713 60 81
244713 76 88
245014 4 86
245014 52 86
245315 28 69
245315 29 63
245616 58 65
245616 76 84
245917 8 26
245917 44 51
246218 3 5
246218 9 62
246218 9 29
246218 11 24
246218 11 48
246218 18 37
246218 24 48
246519 53 70
246820 7 81
246820 14 45
246820 57 60
247121 9 73
247121 49 73
247121 50 86
247121 57 60
247422 24 48
247422 35 75
247422 46 84
247723 2 6
247723 2 10
247723 5 39
247723 6 10
247723 7 16
247723 9 62
247723 14 82
247723 21 56
247723 45 58
248024 9 63
248024 28 70
248024 28 53
248024 53 70
248024 61 62
248325 9 62
248325 13 88
248325 21 88
248325 29 53
248325 29 69
248325 45 83
248325 50 74
248325 55 79
248626 25 84
248626 64 77
248626 75 79
248927 29 63
249228 12 27
249228 17 34
249529 3 58
249529 25 86
249529 37 58
249529 53 77
249830 1 88
249830 1 59
249830 22 32
250131 9 73
250131 17 84
250131 24 28
250131 29 53
250432 29 53
250432 37 58
250432 69 70
250733 0 24
250733 35 49
250733 45 58
250733 50 86
250733 55 74
251034 28 53
251034 42 43
251335 3 83
251335 29 53
251335 50 74
251636 12 44
251636 12 58
251636 12 77
251636 24 48
251636 58 65
251937 56 84
252238 4 86
252238 9 62
252238 24 48
252539 12 78
252840 6 10
252840 6 12
252840 11 58
252840 11 16
252840 39 65
252840 40 57
252840 44 51
252840 44 45
252840 45 51
252840 51 58
252840 51 65
252840 53 70
252840 57 88
252840 58 65
252840 79 84
252840 84 86
253141 22 64
253141 77 82
253442 45 65
253442 56 86
253442 56 84
253442 84 86
253743 14 39
253743 14 58
254044 9 62
254044 28 69
254044 30 66
254044 52 75
254345 9 62
254345 22 32
254345 76 78
254646 28 69
254947 52 79
255248 4 79
255248 37 58
255248 75 79
255549 42 51
255549 46 60
255850 28 70
255850 38 39
256151 24 58
256151 28 84
256151 28 62
256452 28 53
256452 44 51
256753 22 50
256753 27 58
257054 14 37
257054 35 87
257054 35 52
257355 50 74
257656 15 33
257656 22 85
257656 28 66
257656 44 51
257656 53 63
257957 5 22
257957 23 61
258258 2 15
258258 5 11
258258 14 19
258258 17 18
258258 19 79
258258 42 79
258559 29 63
258860 29 53
259161 12 44
259161 17 56
259462 21 69
259462 58 85
259763 7 58
259763 7 25
259763 21 69
259763 25 58
259763 27 76
259763 28 66
259763 75 79
259763 76 78
260064 9 62
260064 15 33
260064 44 52
260064 62 73
260365 7 78
260365 29 53
260666 14 85
260666 23 69
260666 23 31
260666 27 75
260666 31 69
260967 14 71
260967 44 51
260967 50 86
261268 35 52
261569 40 88
261569 55 74
261870 35 75
261870 35 52
261870 52 75
262171 28 53
262171 44 51
262472 7 21
262472 7 78
262472 17 68
262472 21 78
262472 29 53
262472 36 50
262773 19 73
262773 52 75
263074 9 73
263074 9 30
263074 9 29
263074 29 63
263074 29 62
263074 61 63
263074 63 66
263375 14 24
263375 29 63
263375 35 75
263375 59 76
263676 15 33
263676 25 55
263676 56 60
263977 20 35
263977 39 45
263977 42 79
264278 8 26
264278 85 90
264579 1 10
264579 1 16
264579 1 33
264579 2 10
264579 2 6
264579 5 39
264579 6 10
264579 6 40
264579 6 27
264579 10 38
264579 10 40
264579 10 16
264579 12 44
264579 12 77
264579 16 33
264579 17 18
264579 24 48
264579 27 40
264579 38 45
264579 38 85
264579 39 65
264579 45 85
264880 3 24
264880 14 45
264880 24 29
264880 24 53
264880 24 28
264880 29 53
264880 44 51
265181 8 26
265181 42 43
265181 53 63
