0 162 182
0 162 183
0.501 76 89
0.501 76 90
1.0019999999999998 36 44
1.0019999999999998 36 45
1.5029999999999997 129 136
1.5029999999999997 129 137
2.0039999999999996 35 47
2.0039999999999996 36 37
2.5049999999999994 142 161
2.5049999999999994 142 173
3.0059999999999993 107 121
3.0059999999999993 107 122
3.5069999999999992 139 146
3.5069999999999992 139 147
4.008 81 82
4.008 81 83
4.509 58 65
4.509 58 66
5.010000000000001 142 159
5.010000000000001 142 160
5.511000000000001 123 135
5.511000000000001 123 136
6.012000000000001 3 14
6.012000000000001 3 15
6.513000000000002 25 26
6.513000000000002 25 27
7.014000000000002 111 113
7.014000000000002 111 114
7.515000000000002 54 66
7.515000000000002 54 67
8.016000000000002 101 102
8.016000000000002 101 103
8.517000000000001 48 71
8.517000000000001 48 72
9.018 99 107
9.018 100 101
9.519 6 7
9.519 6 8
10.02 18 20
10.02 18 21
10.520999999999999 49 138
10.520999999999999 50 51
11.021999999999998 186 189
11.021999999999998 186 190
11.522999999999998 94 103
11.522999999999998 94 104
12.023999999999997 43 47
12.023999999999997 44 45
12.524999999999997 35 37
12.524999999999997 35 38
13.025999999999996 90 91
13.025999999999996 90 92
13.526999999999996 177 180
13.526999999999996 177 181
14.027999999999995 132 133
14.027999999999995 132 134
14.528999999999995 111 115
14.528999999999995 111 116
15.029999999999994 153 155
15.029999999999994 153 156
15.530999999999993 53 70
15.530999999999993 53 85
16.031999999999993 141 180
16.031999999999993 141 181
16.532999999999994 25 28
16.532999999999994 25 29
17.033999999999995 144 156
17.033999999999995 144 157
17.534999999999997 76 85
17.534999999999997 76 86
18.035999999999998 187 199
18.035999999999998 188 189
18.537 20 29
18.537 20 30
19.038 72 85
19.038 72 86
19.539 50 72
19.539 50 73
20.040000000000003 38 43
20.040000000000003 38 44
20.541000000000004 33 36
20.541000000000004 33 37
21.042000000000005 110 118
21.042000000000005 110 119
21.543000000000006 53 55
21.543000000000006 53 65
22.044000000000008 160 161
22.044000000000008 160 174
22.54500000000001 74 92
22.54500000000001 74 93
23.04600000000001 143 177
23.04600000000001 143 178
23.54700000000001 141 143
23.54700000000001 141 144
24.048000000000012 184 198
24.048000000000012 184 199
24.549000000000014 145 157
24.549000000000014 145 158
25.050000000000015 139 183
25.050000000000015 139 184
25.551000000000016 3 16
25.551000000000016 3 17
26.052000000000017 141 174
26.052000000000017 141 175
26.55300000000002 140 174
26.55300000000002 140 175
27.05400000000002 7 14
27.05400000000002 7 15
27.55500000000002 56 65
27.55500000000002 56 66
28.056000000000022 96 100
28.056000000000022 96 101
28.557000000000023 54 91
28.557000000000023 54 92
29.058000000000025 77 87
29.058000000000025 77 88
29.559000000000026 115 116
29.559000000000026 115 117
30.060000000000027 77 91
30.060000000000027 77 92
30.56100000000003 5 6
30.56100000000003 5 7
31.06200000000003 32 36
31.06200000000003 32 37
31.56300000000003 11 14
31.56300000000003 11 15
32.06400000000003 56 88
32.06400000000003 56 89
32.565000000000026 128 129
32.565000000000026 128 130
33.066000000000024 42 47
33.066000000000024 43 44
33.56700000000002 168 171
33.56700000000002 168 172
34.06800000000002 125 128
34.06800000000002 125 129
34.56900000000002 32 46
34.56900000000002 32 47
35.070000000000014 141 154
35.070000000000014 141 155
35.57100000000001 84 85
35.57100000000001 85 86
36.07200000000001 50 86
36.07200000000001 50 87
36.57300000000001 48 49
36.57300000000001 48 52
37.074000000000005 149 182
37.074000000000005 149 183
37.575 149 158
37.575 149 159
38.076 165 173
38.076 165 174
38.577 138 184
38.577 138 199
39.077999999999996 160 183
39.077999999999996 161 162
39.57899999999999 8 14
39.57899999999999 8 15
40.07999999999999 88 92
40.07999999999999 89 90
40.58099999999999 125 126
40.58099999999999 125 127
41.08199999999999 49 72
41.08199999999999 49 73
41.582999999999984 192 198
41.582999999999984 192 199
42.08399999999998 144 177
42.08399999999998 144 178
42.58499999999998 34 39
42.58499999999998 34 40
43.08599999999998 109 120
43.08599999999998 109 121
43.586999999999975 186 199
43.586999999999975 187 188
44.08799999999997 135 137
44.08799999999997 136 137
44.58899999999997 140 156
44.58899999999997 140 157
45.08999999999997 115 120
45.08999999999997 115 121
45.590999999999966 139 153
45.590999999999966 139 154
46.09199999999996 109 110
46.09199999999996 109 111
46.59299999999996 145 155
46.59299999999996 145 156
47.09399999999996 146 179
47.09399999999996 146 180
47.594999999999956 74 90
47.594999999999956 74 91
48.095999999999954 126 138
48.095999999999954 127 128
48.59699999999995 18 24
48.59699999999995 18 25
49.09799999999995 35 39
49.09799999999995 35 40
49.59899999999995 79 82
49.59899999999995 79 83
50.099999999999945 75 92
50.099999999999945 75 93
50.60099999999994 164 179
50.60099999999994 164 180
51.10199999999994 175 183
51.10199999999994 176 177
51.60299999999994 47 93
51.60299999999994 47 94
52.103999999999935 140 142
52.103999999999935 140 143
52.60499999999993 2 3
52.60499999999993 3 4
53.10599999999993 39 43
53.10599999999993 39 44
53.60699999999993 29 30
53.60699999999993 30 31
54.107999999999926 197 198
54.107999999999926 198 199
54.608999999999924 190 199
54.608999999999924 191 192
55.10999999999992 43 45
55.10999999999992 43 46
55.61099999999992 36 40
55.61099999999992 36 41
56.11199999999992 40 46
56.11199999999992 40 47
56.612999999999914 110 112
56.612999999999914 110 113
57.11399999999991 70 71
57.11399999999991 70 85
57.61499999999991 187 193
57.61499999999991 187 194
58.11599999999991 143 179
58.11599999999991 143 180
58.616999999999905 51 88
58.616999999999905 51 89
59.1179999999999 101 106
59.1179999999999 102 103
59.6189999999999 139 163
59.6189999999999 139 172
60.1199999999999 73 86
60.1199999999999 73 87
60.620999999999896 17 24
60.620999999999896 17 25
61.12199999999989 5 16
61.12199999999989 5 17
61.62299999999989 151 152
61.62299999999989 151 153
62.12399999999989 12 14
62.12399999999989 12 15
62.624999999999886 55 90
62.624999999999886 55 91
63.125999999999884 3 31
63.125999999999884 3 47
63.62699999999988 77 93
63.62699999999988 78 79
64.12799999999989 11 16
64.12799999999989 12 13
64.62899999999989 133 134
64.62899999999989 133 135
65.1299999999999 193 198
65.1299999999999 193 199
65.6309999999999 26 28
65.6309999999999 26 29
66.1319999999999 61 63
66.1319999999999 61 64
66.63299999999991 181 182
66.63299999999991 182 183
67.13399999999992 21 23
67.13399999999992 21 24
67.63499999999992 163 179
67.63499999999992 163 180
68.13599999999992 104 105
68.13599999999992 104 106
68.63699999999993 150 153
68.63699999999993 150 154
69.13799999999993 97 100
69.13799999999993 97 101
69.63899999999994 69 88
69.63899999999994 69 89
70.13999999999994 113 119
70.13999999999994 113 120
70.64099999999995 37 46
70.64099999999995 37 47
71.14199999999995 48 57
71.14199999999995 48 58
71.64299999999996 167 173
71.64299999999996 167 174
72.14399999999996 55 86
72.14399999999996 55 87
72.64499999999997 143 159
72.64499999999997 143 160
73.14599999999997 96 98
73.14599999999997 96 99
73.64699999999998 144 158
73.64699999999998 144 159
74.14799999999998 142 143
74.14799999999998 142 144
74.64899999999999 131 137
74.64899999999999 131 138
75.14999999999999 188 194
75.14999999999999 188 195
75.651 74 75
75.651 74 83
76.152 63 65
76.152 64 65
76.653 140 184
76.653 141 142
77.15400000000001 87 93
77.15400000000001 88 89
77.65500000000002 146 177
77.65500000000002 146 178
78.15600000000002 102 106
78.15600000000002 103 104
78.65700000000002 71 88
78.65700000000002 71 89
79.15800000000003 37 38
79.15800000000003 37 39
79.65900000000003 166 170
79.65900000000003 166 171
80.16000000000004 78 84
80.16000000000004 78 85
80.66100000000004 141 176
80.66100000000004 141 177
81.16200000000005 152 157
81.16200000000005 153 154
81.66300000000005 73 88
81.66300000000005 73 89
82.16400000000006 49 70
82.16400000000006 49 71
82.66500000000006 95 97
82.66500000000006 95 98
83.16600000000007 128 135
83.16600000000007 128 136
83.66700000000007 102 104
83.66700000000007 102 105
84.16800000000008 75 76
84.16800000000008 75 83
84.66900000000008 140 172
84.66900000000008 140 173
85.17000000000009 161 183
85.17000000000009 162 163
85.67100000000009 86 87
85.67100000000009 86 90
86.1720000000001 5 14
86.1720000000001 5 15
86.6730000000001 185 190
86.6730000000001 185 191
87.1740000000001 99 103
87.1740000000001 99 104
87.67500000000011 159 160
87.67500000000011 159 177
88.17600000000012 148 180
88.17600000000012 148 181
88.67700000000012 86 93
88.67700000000012 87 88
89.17800000000013 103 105
89.17800000000013 103 106
89.67900000000013 165 177
89.67900000000013 165 178
90.18000000000013 42 43
90.18000000000013 42 44
90.68100000000014 101 104
90.68100000000014 101 105
91.18200000000014 47 107
91.18200000000014 47 121
91.68300000000015 49 56
91.68300000000015 49 57
92.18400000000015 18 30
92.18400000000015 18 31
92.68500000000016 123 133
92.68500000000016 123 134
93.18600000000016 142 147
93.18600000000016 142 148
93.68700000000017 34 45
93.68700000000017 34 46
94.18800000000017 49 50
94.18800000000017 49 51
94.68900000000018 34 41
94.68900000000018 34 42
95.19000000000018 54 70
95.19000000000018 54 86
95.69100000000019 34 35
95.69100000000019 34 36
96.19200000000019 147 182
96.19200000000019 147 183
96.6930000000002 37 40
96.6930000000002 37 41
97.1940000000002 156 157
97.1940000000002 157 158
97.6950000000002 6 9
97.6950000000002 6 10
98.19600000000021 36 46
98.19600000000021 36 47
98.69700000000022 141 162
98.69700000000022 141 173
99.19800000000022 147 159
99.19800000000022 147 160
99.69900000000023 78 86
99.69900000000023 78 91
100.20000000000023 96 104
100.20000000000023 96 105
100.70100000000023 62 63
100.70100000000023 62 64
101.20200000000024 39 45
101.20200000000024 39 46
101.70300000000024 166 179
101.70300000000024 166 180
102.20400000000025 146 157
102.20400000000025 146 158
102.70500000000025 166 183
102.70500000000025 167 168
103.20600000000026 110 114
103.20600000000026 110 115
103.70700000000026 4 16
103.70700000000026 4 17
104.20800000000027 108 115
104.20800000000027 108 116
104.70900000000027 52 68
104.70900000000027 52 69
105.21000000000028 77 83
105.21000000000028 77 84
105.71100000000028 116 119
105.71100000000028 116 120
106.21200000000029 125 130
106.21200000000029 125 131
106.71300000000029 80 83
106.71300000000029 80 84
107.2140000000003 125 132
107.2140000000003 125 133
107.7150000000003 190 191
107.7150000000003 190 192
108.2160000000003 125 134
108.2160000000003 125 135
108.71700000000031 150 155
108.71700000000031 150 156
109.21800000000032 34 47
109.21800000000032 35 36
109.71900000000032 105 106
109.71900000000032 106 107
110.22000000000033 108 113
110.22000000000033 108 114
110.72100000000033 52 53
110.72100000000033 52 54
111.22200000000034 71 86
111.22200000000034 71 87
111.72300000000034 69 86
111.72300000000034 69 87
112.22400000000034 72 93
112.22400000000034 73 74
112.72500000000035 122 136
112.72500000000035 122 137
113.22600000000035 173 174
113.22600000000035 174 175
113.72700000000036 112 115
113.72700000000036 112 116
114.22800000000036 40 44
114.22800000000036 40 45
114.72900000000037 145 159
114.72900000000037 145 160
115.23000000000037 55 88
115.23000000000037 55 89
115.73100000000038 160 179
115.73100000000038 160 180
116.23200000000038 117 119
116.23200000000038 117 120
116.73300000000039 49 66
116.73300000000039 49 67
117.23400000000039 58 92
117.23400000000039 58 93
117.7350000000004 177 182
117.7350000000004 177 183
118.2360000000004 49 74
118.2360000000004 49 84
118.7370000000004 57 93
118.7370000000004 58 59
119.23800000000041 108 121
119.23800000000041 108 122
119.73900000000042 168 173
119.73900000000042 168 174
120.24000000000042 150 151
120.24000000000042 150 152
120.74100000000043 0 1
120.74100000000043 1 2
121.24200000000043 149 154
121.24200000000043 149 155
121.74300000000044 50 68
121.74300000000044 50 69
122.24400000000044 50 92
122.24400000000044 50 93
122.74500000000045 158 159
122.74500000000045 158 183
123.24600000000045 5 8
123.24600000000045 5 9
123.74700000000045 73 84
123.74700000000045 73 85
124.24800000000046 51 71
124.24800000000046 51 72
124.74900000000046 52 64
124.74900000000046 52 65
125.25000000000047 48 89
125.25000000000047 48 90
125.75100000000047 50 70
125.75100000000047 50 71
126.25200000000048 18 28
126.25200000000048 18 29
126.75300000000048 128 131
126.75300000000048 128 132
127.25400000000049 76 93
127.25400000000049 77 78
127.75500000000049 78 82
127.75500000000049 78 83
128.2560000000005 147 180
128.2560000000005 147 181
128.75700000000052 56 67
128.75700000000052 56 68
129.25800000000052 48 69
129.25800000000052 48 70
129.75900000000053 167 182
129.75900000000053 167 183
130.26000000000053 71 72
130.26000000000053 71 85
130.76100000000054 126 130
130.76100000000054 126 131
131.26200000000054 71 90
131.26200000000054 71 91
131.76300000000055 96 106
131.76300000000055 96 107
132.26400000000055 50 56
132.26400000000055 50 57
132.76500000000055 154 155
132.76500000000055 155 156
133.26600000000056 121 122
133.26600000000056 122 123
133.76700000000056 178 181
133.76700000000056 178 182
134.26800000000057 167 171
134.26800000000057 167 172
134.76900000000057 143 183
134.76900000000057 144 145
135.27000000000058 186 191
135.27000000000058 186 192
135.77100000000058 140 178
135.77100000000058 140 179
136.2720000000006 95 107
136.2720000000006 96 97
136.7730000000006 49 52
136.7730000000006 49 53
137.2740000000006 184 192
137.2740000000006 184 193
137.7750000000006 79 80
137.7750000000006 79 81
138.2760000000006 6 13
138.2760000000006 6 14
138.7770000000006 10 15
138.7770000000006 10 16
139.27800000000062 139 173
139.27800000000062 139 174
139.77900000000062 174 183
139.77900000000062 175 176
140.28000000000063 131 133
140.28000000000063 131 134
140.78100000000063 49 89
140.78100000000063 49 90
141.28200000000064 37 42
141.28200000000064 37 43
141.78300000000064 74 86
141.78300000000064 74 87
142.28400000000065 51 57
142.28400000000065 51 64
142.78500000000065 116 117
142.78500000000065 116 118
143.28600000000066 51 84
143.28600000000066 51 85
143.78700000000066 159 178
143.78700000000066 159 179
144.28800000000066 77 89
144.28800000000066 77 90
144.78900000000067 161 179
144.78900000000067 161 180
145.29000000000067 20 27
145.29000000000067 20 28
145.79100000000068 76 77
145.79100000000068 76 82
146.29200000000068 49 87
146.29200000000068 49 88
146.7930000000007 148 159
146.7930000000007 148 179
147.2940000000007 48 83
147.2940000000007 48 84
147.7950000000007 189 190
147.7950000000007 189 191
148.2960000000007 189 194
148.2960000000007 189 195
148.7970000000007 142 182
148.7970000000007 142 183
149.2980000000007 180 181
149.2980000000007 180 182
149.79900000000072 38 45
149.79900000000072 38 46
150.30000000000072 162 174
150.30000000000072 162 175
150.80100000000073 114 116
150.80100000000073 114 117
151.30200000000073 6 11
151.30200000000073 6 12
151.80300000000074 109 116
151.80300000000074 109 117
152.30400000000074 192 194
152.30400000000074 192 195
152.80500000000075 146 181
152.80500000000075 146 182
153.30600000000075 191 195
153.30600000000075 191 196
153.80700000000076 143 175
153.80700000000076 143 176
154.30800000000076 55 65
154.30800000000076 55 66
154.80900000000076 48 67
154.80900000000076 48 68
155.31000000000077 143 144
155.31000000000077 143 145
155.81100000000077 38 39
155.81100000000077 38 40
156.31200000000078 159 180
156.31200000000078 159 181
156.81300000000078 54 93
156.81300000000078 55 56
157.3140000000008 112 117
157.3140000000008 112 118
157.8150000000008 123 127
157.8150000000008 123 128
158.3160000000008 123 131
158.3160000000008 123 132
158.8170000000008 19 28
158.8170000000008 19 29
159.3180000000008 166 172
159.3180000000008 166 173
159.8190000000008 185 188
159.8190000000008 185 189
160.32000000000082 165 179
160.32000000000082 165 180
160.82100000000082 21 25
160.82100000000082 21 26
161.32200000000083 60 63
161.32200000000083 60 64
161.82300000000083 95 105
161.82300000000083 95 106
162.32400000000084 132 135
162.32400000000084 132 136
162.82500000000084 97 104
162.82500000000084 97 105
163.32600000000085 41 44
163.32600000000085 41 45
163.82700000000085 60 67
163.82700000000085 61 62
164.32800000000086 51 55
164.32800000000086 51 56
164.82900000000086 139 140
164.82900000000086 139 143
165.33000000000087 192 196
165.33000000000087 192 197
165.83100000000087 70 86
165.83100000000087 70 87
166.33200000000087 94 138
166.33200000000087 95 96
166.83300000000088 56 90
166.83300000000088 56 91
167.33400000000088 27 29
167.33400000000088 27 30
167.8350000000009 140 154
167.8350000000009 140 155
168.3360000000009 70 90
168.3360000000009 70 91
168.8370000000009 142 178
168.8370000000009 142 179
169.3380000000009 127 131
169.3380000000009 127 132
169.8390000000009 56 57
169.8390000000009 56 64
170.3400000000009 23 26
170.3400000000009 23 27
170.84100000000092 86 91
170.84100000000092 86 92
171.34200000000092 97 98
171.34200000000092 97 99
171.84300000000093 118 120
171.84300000000093 118 121
172.34400000000093 33 44
172.34400000000093 33 45
172.84500000000094 52 93
172.84500000000094 53 54
173.34600000000094 96 102
173.34600000000094 96 103
173.84700000000095 49 91
173.84700000000095 49 92
174.34800000000095 57 58
174.34800000000095 57 63
174.84900000000096 68 93
174.84900000000096 69 70
175.35000000000096 51 65
175.35000000000096 51 66
175.85100000000097 122 132
175.85100000000097 122 133
176.35200000000097 129 132
176.35200000000097 129 133
176.85300000000097 39 41
176.85300000000097 39 42
177.35400000000098 53 86
177.35400000000098 53 87
177.85500000000098 65 66
177.85500000000098 66 67
178.356000000001 124 131
178.356000000001 124 132
178.857000000001 73 90
178.857000000001 73 91
179.358000000001 123 129
179.358000000001 123 130
179.859000000001 60 61
179.859000000001 60 62
180.360000000001 56 69
180.360000000001 56 87
180.861000000001 141 182
180.861000000001 141 183
181.36200000000102 20 21
181.36200000000102 20 22
181.86300000000102 165 171
181.86300000000102 165 172
182.36400000000103 111 121
182.36400000000103 111 122
182.86500000000103 107 108
182.86500000000103 107 120
183.36600000000104 161 175
183.36600000000104 161 176
183.86700000000104 185 196
183.86700000000104 185 197
184.36800000000105 48 55
184.36800000000105 48 56
184.86900000000105 41 46
184.86900000000105 41 47
185.37000000000106 34 37
185.37000000000106 34 38
185.87100000000106 176 180
185.87100000000106 176 181
186.37200000000107 48 85
186.37200000000107 48 86
186.87300000000107 57 68
186.87300000000107 57 69
187.37400000000108 19 30
187.37400000000108 19 31
187.87500000000108 97 106
187.87500000000108 97 107
188.37600000000108 139 175
188.37600000000108 139 176
188.8770000000011 179 181
188.8770000000011 179 182
189.3780000000011 35 43
189.3780000000011 35 44
189.8790000000011 127 135
189.8790000000011 127 136
190.3800000000011 186 197
190.3800000000011 186 198
190.8810000000011 49 85
190.8810000000011 49 86
191.3820000000011 126 136
191.3820000000011 126 137
191.88300000000112 139 148
191.88300000000112 139 149
192.38400000000112 19 22
192.38400000000112 19 23
192.88500000000113 51 69
192.88500000000113 51 70
193.38600000000113 9 13
193.38600000000113 9 14
193.88700000000114 139 157
193.88700000000114 139 158
194.38800000000114 194 197
194.38800000000114 194 198
194.88900000000115 163 181
194.88900000000115 163 182
195.39000000000115 141 147
195.39000000000115 141 148
195.89100000000116 160 177
195.89100000000116 160 178
196.39200000000116 25 30
196.39200000000116 26 27
196.89300000000117 33 46
196.89300000000117 33 47
197.39400000000117 51 92
197.39400000000117 51 93
197.89500000000118 145 179
197.89500000000118 145 180
198.39600000000118 4 10
198.39600000000118 4 11
198.89700000000119 188 192
198.89700000000119 188 193
199.3980000000012 146 159
199.3980000000012 146 160
199.8990000000012 80 81
199.8990000000012 80 82
200.4000000000012 68 91
200.4000000000012 68 92
200.9010000000012 166 181
200.9010000000012 166 182
201.4020000000012 152 155
201.4020000000012 152 156
201.9030000000012 142 145
201.9030000000012 142 146
202.40400000000122 52 91
202.40400000000122 52 92
202.90500000000122 110 116
202.90500000000122 110 117
203.40600000000123 48 87
203.40600000000123 48 88
203.90700000000123 145 177
203.90700000000123 145 178
204.40800000000124 125 138
204.40800000000124 126 127
204.90900000000124 32 40
204.90900000000124 32 41
205.41000000000125 59 67
205.41000000000125 59 68
205.91100000000125 48 122
205.91100000000125 48 138
206.41200000000126 74 84
206.41200000000126 74 85
206.91300000000126 87 89
206.91300000000126 87 90
207.41400000000127 47 91
207.41400000000127 47 92
207.91500000000127 169 170
207.91500000000127 169 171
208.41600000000128 163 177
208.41600000000128 163 178
208.91700000000128 140 158
208.91700000000128 140 159
209.41800000000129 21 31
209.41800000000129 22 23
209.9190000000013 164 175
209.9190000000013 164 176
210.4200000000013 148 157
210.4200000000013 148 158
210.9210000000013 195 197
210.9210000000013 195 198
211.4220000000013 194 195
211.4220000000013 194 196
211.9230000000013 7 10
211.9230000000013 7 11
212.4240000000013 140 176
212.4240000000013 140 177
212.92500000000132 22 26
212.92500000000132 22 27
213.42600000000132 57 91
213.42600000000132 57 92
213.92700000000133 72 89
213.92700000000133 72 90
214.42800000000133 61 65
214.42800000000133 61 66
214.92900000000134 7 16
214.92900000000134 8 9
215.43000000000134 40 42
215.43000000000134 40 43
215.93100000000135 142 180
215.93100000000135 142 181
216.43200000000135 89 91
216.43200000000135 89 92
216.93300000000136 54 55
216.93300000000136 54 65
217.43400000000136 139 179
217.43400000000136 139 180
217.93500000000137 79 84
217.93500000000137 79 85
218.43600000000137 11 12
218.43600000000137 11 13
218.93700000000138 163 175
218.93700000000138 163 176
219.43800000000138 138 182
219.43800000000138 138 183
219.93900000000139 128 137
219.93900000000139 128 138
220.4400000000014 124 133
220.4400000000014 124 134
220.9410000000014 4 5
220.9410000000014 4 7
221.4420000000014 167 175
221.4420000000014 167 181
221.9430000000014 99 101
221.9430000000014 99 102
222.4440000000014 171 172
222.4440000000014 172 173
222.94500000000141 162 176
222.94500000000141 162 177
223.44600000000142 17 47
223.44600000000142 18 19
223.94700000000142 140 180
223.94700000000142 140 181
224.44800000000143 175 181
224.44800000000143 175 182
224.94900000000143 114 120
224.94900000000143 114 121
225.45000000000144 48 65
225.45000000000144 48 66
225.95100000000144 147 178
225.95100000000144 147 179
226.45200000000145 39 47
226.45200000000145 40 41
226.95300000000145 122 130
226.95300000000145 122 131
227.45400000000146 140 160
227.45400000000146 140 161
227.95500000000146 184 190
227.95500000000146 184 191
228.45600000000147 163 173
228.45600000000147 163 174
228.95700000000147 114 118
228.95700000000147 114 119
229.45800000000148 8 12
229.45800000000148 8 13
229.95900000000148 94 107
229.95900000000148 94 122
230.4600000000015 57 64
230.4600000000015 57 65
230.9610000000015 76 87
230.9610000000015 76 88
231.4620000000015 122 138
231.4620000000015 123 124
231.9630000000015 19 20
231.9630000000015 19 21
232.4640000000015 33 40
232.4640000000015 33 41
232.9650000000015 160 181
232.9650000000015 160 182
233.46600000000151 142 174
233.46600000000151 142 175
233.96700000000152 7 8
233.96700000000152 7 9
234.46800000000152 142 176
234.46800000000152 142 177
234.96900000000153 143 157
234.96900000000153 143 158
235.47000000000153 23 28
235.47000000000153 23 29
235.97100000000154 50 52
235.97100000000154 50 53
236.47200000000154 95 103
236.47200000000154 95 104
236.97300000000155 38 41
236.97300000000155 38 42
237.47400000000155 23 24
237.47400000000155 23 25
237.97500000000156 188 198
237.97500000000156 188 199
238.47600000000156 141 178
238.47600000000156 141 179
238.97700000000157 196 198
238.97700000000157 196 199
239.47800000000157 123 125
239.47800000000157 123 126
239.97900000000158 49 54
239.97900000000158 49 55
240.48000000000158 195 199
240.48000000000158 196 197
240.9810000000016 193 194
240.9810000000016 193 195
241.4820000000016 109 118
241.4820000000016 109 119
241.9830000000016 109 112
241.9830000000016 109 113
242.4840000000016 94 105
242.4840000000016 94 106
242.9850000000016 133 138
242.9850000000016 134 135
243.4860000000016 75 90
243.4860000000016 75 91
243.98700000000161 35 45
243.98700000000161 35 46
244.48800000000162 33 34
244.48800000000162 33 35
244.98900000000162 140 182
244.98900000000162 140 183
245.49000000000163 115 118
245.49000000000163 115 119
245.99100000000163 59 60
245.99100000000163 59 62
246.49200000000164 132 137
246.49200000000164 132 138
246.99300000000164 163 183
246.99300000000164 164 165
247.49400000000165 49 68
247.49400000000165 49 69
247.99500000000165 144 146
247.99500000000165 144 155
248.49600000000166 10 13
248.49600000000166 10 14
248.99700000000166 189 196
248.99700000000166 189 197
249.49800000000167 129 130
249.49800000000167 129 131
249.99900000000167 98 107
249.99900000000167 99 100
250.50000000000168 48 93
250.50000000000168 48 94
251.00100000000168 165 181
251.00100000000168 165 182
251.5020000000017 147 155
251.5020000000017 147 156
252.0030000000017 52 89
252.0030000000017 52 90
252.5040000000017 110 120
252.5040000000017 110 121
253.0050000000017 78 80
253.0050000000017 78 81
253.5060000000017 77 81
253.5060000000017 77 82
254.0070000000017 51 67
254.0070000000017 51 68
254.50800000000172 49 64
254.50800000000172 49 65
255.00900000000172 70 92
255.00900000000172 70 93
255.51000000000172 53 88
255.51000000000172 53 89
256.0110000000017 174 181
256.0110000000017 174 182
256.51200000000165 144 183
256.51200000000165 145 146
257.0130000000016 24 29
257.0130000000016 24 30
257.5140000000016 76 91
257.5140000000016 76 92
258.0150000000016 159 182
258.0150000000016 159 183
258.51600000000155 189 192
258.51600000000155 189 193
259.01700000000153 187 189
259.01700000000153 187 190
259.5180000000015 186 195
259.5180000000015 186 196
260.0190000000015 57 89
260.0190000000015 57 90
260.52000000000146 187 191
260.52000000000146 187 192
261.02100000000144 142 155
261.02100000000144 142 156
261.5220000000014 21 27
261.5220000000014 21 28
262.0230000000014 112 121
262.0230000000014 113 114
262.52400000000137 139 181
262.52400000000137 139 182
263.02500000000134 31 46
263.02500000000134 31 47
263.5260000000013 188 196
263.5260000000013 188 197
264.0270000000013 50 66
264.0270000000013 50 67
264.52800000000127 175 179
264.52800000000127 175 180
265.02900000000125 17 28
265.02900000000125 17 29
265.5300000000012 16 17
265.5300000000012 17 18
266.0310000000012 53 68
266.0310000000012 53 69
266.5320000000012 177 178
266.5320000000012 177 179
267.03300000000115 141 160
267.03300000000115 141 161
267.53400000000113 107 138
267.53400000000113 108 109
268.0350000000011 52 70
268.0350000000011 52 71
268.5360000000011 52 87
268.5360000000011 52 88
269.03700000000106 160 175
269.03700000000106 160 176
269.53800000000103 186 187
269.53800000000103 186 188
270.039000000001 178 179
270.039000000001 178 180
270.540000000001 47 122
270.540000000001 47 138
271.04100000000096 7 12
271.04100000000096 7 13
271.54200000000094 141 156
271.54200000000094 141 157
272.0430000000009 146 175
272.0430000000009 146 176
272.5440000000009 111 117
272.5440000000009 111 118
273.04500000000087 128 133
273.04500000000087 128 134
273.54600000000084 5 10
273.54600000000084 5 11
274.0470000000008 50 90
274.0470000000008 50 91
274.5480000000008 88 90
274.5480000000008 88 91
275.0490000000008 143 155
275.0490000000008 143 156
275.55000000000075 10 11
275.55000000000075 10 12
276.0510000000007 139 161
276.0510000000007 139 162
276.5520000000007 24 27
276.5520000000007 24 28
277.0530000000007 49 93
277.0530000000007 49 94
277.55400000000066 46 47
277.55400000000066 47 48
278.05500000000063 31 44
278.05500000000063 31 45
278.5560000000006 144 160
278.5560000000006 144 174
279.0570000000006 5 12
279.0570000000006 5 13
279.55800000000056 109 114
279.55800000000056 109 115
280.05900000000054 130 136
280.05900000000054 130 137
280.5600000000005 100 106
280.5600000000005 100 107
281.0610000000005 130 138
281.0610000000005 131 132
281.56200000000047 137 138
281.56200000000047 138 139
282.06300000000044 91 92
282.06300000000044 92 93
282.5640000000004 125 136
282.5640000000004 125 137
283.0650000000004 190 193
283.0650000000004 190 194
283.5660000000004 4 12
283.5660000000004 4 13
284.06700000000035 51 90
284.06700000000035 51 91
284.5680000000003 51 53
284.5680000000003 51 54
285.0690000000003 48 91
285.0690000000003 48 92
285.5700000000003 75 88
285.5700000000003 75 89
286.07100000000025 75 86
286.07100000000025 75 87
286.57200000000023 148 149
286.57200000000023 148 154
287.0730000000002 82 83
287.0730000000002 83 84
287.5740000000002 141 145
287.5740000000002 141 146
288.07500000000016 67 68
288.07500000000016 68 69
288.57600000000014 32 42
288.57600000000014 32 43
289.0770000000001 94 101
289.0770000000001 94 102
289.5780000000001 113 115
289.5780000000001 113 116
290.07900000000006 4 14
290.07900000000006 4 15
290.58000000000004 76 83
290.58000000000004 76 84
291.081 14 15
291.081 15 16
291.582 167 169
291.582 167 170
292.08299999999997 95 101
292.08299999999997 95 102
292.58399999999995 165 183
292.58399999999995 166 167
293.0849999999999 22 30
293.0849999999999 22 31
293.5859999999999 112 113
293.5859999999999 112 114
294.0869999999999 87 91
294.0869999999999 87 92
294.58799999999985 93 94
294.58799999999985 94 95
295.0889999999998 142 157
295.0889999999998 142 158
295.5899999999998 69 90
295.5899999999998 69 91
296.0909999999998 60 65
296.0909999999998 60 66
296.59199999999976 71 92
296.59199999999976 71 93
297.09299999999973 162 172
297.09299999999973 162 173
297.5939999999997 183 184
297.5939999999997 184 185
298.0949999999997 72 91
298.0949999999997 72 92
298.59599999999966 140 148
298.59599999999966 140 149
299.09699999999964 53 90
299.09699999999964 53 91
299.5979999999996 191 193
299.5979999999996 191 194
300.0989999999996 75 84
300.0989999999996 75 85
300.59999999999957 122 134
300.59999999999957 122 135
301.10099999999954 141 158
301.10099999999954 141 159
301.6019999999995 169 172
301.6019999999995 169 173
302.1029999999995 184 194
302.1029999999995 184 195
302.6039999999995 164 173
302.6039999999995 164 174
303.10499999999945 50 84
303.10499999999945 50 85
303.6059999999994 145 181
303.6059999999994 145 182
304.1069999999994 53 92
304.1069999999994 53 93
304.6079999999994 193 196
304.6079999999994 193 197
305.10899999999936 185 194
305.10899999999936 185 195
305.60999999999933 54 68
305.60999999999933 54 69
306.1109999999993 186 193
306.1109999999993 186 194
306.6119999999993 54 87
306.6119999999993 54 88
307.11299999999926 138 180
307.11299999999926 138 181
307.61399999999924 134 138
307.61399999999924 135 136
308.1149999999992 108 117
308.1149999999992 108 118
308.6159999999992 144 179
308.6159999999992 144 180
309.11699999999917 41 42
309.11699999999917 41 43
309.61799999999914 176 178
309.61799999999914 176 179
310.1189999999991 78 92
310.1189999999991 78 93
310.6199999999991 36 38
310.6199999999991 36 39
311.12099999999907 17 30
311.12099999999907 17 31
311.62199999999905 185 198
311.62199999999905 185 199
312.122999999999 22 28
312.122999999999 22 29
312.623999999999 74 88
312.623999999999 74 89
313.124999999999 152 153
313.124999999999 152 154
313.62599999999895 140 144
313.62599999999895 140 145
314.12699999999893 151 154
314.12699999999893 151 155
314.6279999999989 22 24
314.6279999999989 22 25
315.1289999999989 111 119
315.1289999999989 111 120
315.62999999999886 53 66
315.62999999999886 53 67
316.13099999999883 119 120
316.13099999999883 120 121
316.6319999999988 110 122
316.6319999999988 111 112
317.1329999999988 50 54
317.1329999999988 50 55
317.63399999999876 49 107
317.63399999999876 49 122
318.13499999999874 62 65
318.13499999999874 63 64
318.6359999999987 144 175
318.6359999999987 144 176
319.1369999999987 20 31
319.1369999999987 21 22
319.63799999999867 48 73
319.63799999999867 48 74
320.13899999999865 59 65
320.13899999999865 59 66
320.6399999999986 98 99
320.6399999999986 98 100
321.1409999999986 48 53
321.1409999999986 48 54
321.6419999999986 55 67
321.6419999999986 55 68
322.14299999999855 49 58
322.14299999999855 49 63
322.6439999999985 48 63
322.6439999999985 48 64
323.1449999999985 124 129
323.1449999999985 124 130
323.6459999999985 48 107
323.6459999999985 48 121
324.14699999999846 33 38
324.14699999999846 33 39
324.64799999999843 190 195
324.64799999999843 190 196
325.1489999999984 191 199
325.1489999999984 192 193
325.6499999999984 70 88
325.6499999999984 70 89
326.15099999999836 50 94
326.15099999999836 51 52
326.65199999999834 170 171
326.65199999999834 170 172
327.1529999999983 97 102
327.1529999999983 97 103
327.6539999999983 148 155
327.6539999999983 148 156
328.15499999999827 99 105
328.15499999999827 99 106
328.65599999999824 51 86
328.65599999999824 51 87
329.1569999999982 3 12
329.1569999999982 3 13
329.6579999999982 95 99
329.6579999999982 95 100
330.1589999999982 50 88
330.1589999999982 50 89
330.65999999999815 184 196
330.65999999999815 184 197
331.1609999999981 164 177
331.1609999999981 164 178
331.6619999999981 20 25
331.6619999999981 20 26
332.1629999999981 52 66
332.1629999999981 52 67
332.66399999999805 57 66
332.66399999999805 57 67
333.16499999999803 130 132
333.16499999999803 130 133
333.665999999998 50 64
333.665999999998 50 65
334.166999999998 123 137
334.166999999998 123 138
334.66799999999796 17 26
334.66799999999796 17 27
335.16899999999794 148 182
335.16899999999794 148 183
335.6699999999979 194 199
335.6699999999979 195 196
336.1709999999979 144 181
336.1709999999979 144 182
336.67199999999787 59 63
336.67199999999787 59 64
337.17299999999784 143 161
337.17299999999784 143 174
337.6739999999978 178 183
337.6739999999978 179 180
338.1749999999978 33 42
338.1749999999978 33 43
338.67599999999777 188 190
338.67599999999777 188 191
339.17699999999775 139 177
339.17699999999775 139 178
339.6779999999977 145 183
339.6779999999977 146 147
340.1789999999977 42 45
340.1789999999977 42 46
340.6799999999977 189 198
340.6799999999977 189 199
341.18099999999765 127 133
341.18099999999765 127 134
341.68199999999763 124 137
341.68199999999763 124 138
342.1829999999976 55 69
342.1829999999976 55 70
342.6839999999976 146 155
342.6839999999976 146 156
343.18499999999756 164 171
343.18499999999756 164 172
343.68599999999753 124 127
343.68599999999753 124 128
344.1869999999975 55 92
344.1869999999975 55 93
344.6879999999975 4 8
344.6879999999975 4 9
345.18899999999746 143 181
345.18899999999746 143 182
345.68999999999744 133 136
345.68999999999744 133 137
346.1909999999974 187 197
346.1909999999974 187 198
346.6919999999974 56 92
346.6919999999974 56 93
347.19299999999737 109 122
347.19299999999737 110 111
347.69399999999735 9 15
347.69399999999735 9 16
348.1949999999973 20 23
348.1949999999973 20 24
348.6959999999973 124 135
348.6959999999973 124 136
349.1969999999973 38 47
349.1969999999973 39 40
349.69799999999725 161 173
349.69799999999725 161 174
350.1989999999972 72 87
350.1989999999972 72 88
350.6999999999972 149 156
350.6999999999972 149 157
351.2009999999972 139 199
351.2009999999972 140 141
351.70199999999716 98 105
351.70199999999716 98 106
352.20299999999713 36 42
352.20299999999713 36 43
352.7039999999971 8 10
352.7039999999971 8 11
353.2049999999971 24 25
353.2049999999971 24 26
353.70599999999706 147 157
353.70599999999706 147 158
354.20699999999704 32 38
354.20699999999704 32 39
354.707999999997 147 176
354.707999999997 147 177
355.208999999997 185 186
355.208999999997 185 187
355.70999999999697 150 157
355.70999999999697 150 158
356.21099999999694 129 138
356.21099999999694 130 131
356.7119999999969 117 121
356.7119999999969 118 119
357.2129999999969 163 164
357.2129999999969 163 172
357.7139999999969 77 85
357.7139999999969 77 86
358.21499999999685 166 174
358.21499999999685 166 175
358.7159999999968 31 32
358.7159999999968 31 43
359.2169999999968 69 92
359.2169999999968 69 93
359.7179999999968 72 73
359.7179999999968 72 84
360.21899999999675 37 44
360.21899999999675 37 45
360.71999999999673 8 16
360.71999999999673 9 10
361.2209999999967 140 146
361.2209999999967 140 147
361.7219999999967 58 63
361.7219999999967 58 64
362.22299999999666 185 192
362.22299999999666 185 193
362.72399999999664 126 128
362.72399999999664 126 129
363.2249999999966 98 103
363.2249999999966 98 104
363.7259999999966 187 195
363.7259999999966 187 196
364.22699999999656 21 29
364.22699999999656 21 30
364.72799999999654 129 134
364.72799999999654 129 135
365.2289999999965 127 137
365.2289999999965 127 138
365.7299999999965 191 197
365.7299999999965 191 198
366.23099999999647 112 119
366.23099999999647 112 120
366.73199999999645 151 156
366.73199999999645 151 157
367.2329999999964 73 92
367.2329999999964 73 93
367.7339999999964 113 121
367.7339999999964 114 115
368.2349999999964 162 180
368.2349999999964 162 181
368.73599999999635 131 135
368.73599999999635 131 136
369.2369999999963 127 129
369.2369999999963 127 130
369.7379999999963 162 178
369.7379999999963 162 179
370.2389999999963 18 26
370.2389999999963 18 27
370.73999999999626 26 30
370.73999999999626 27 28
371.24099999999623 165 175
371.24099999999623 165 176
371.7419999999962 164 183
371.7419999999962 165 166
372.2429999999962 23 30
372.2429999999962 23 31
372.74399999999616 190 197
372.74399999999616 190 198
373.24499999999614 44 46
373.24499999999614 45 46
373.7459999999961 52 85
373.7459999999961 52 86
374.2469999999961 145 175
374.2469999999961 145 176
374.74799999999607 19 26
374.74799999999607 19 27
375.24899999999604 100 104
375.24899999999604 100 105
375.749999999996 139 159
375.749999999996 139 160
376.250999999996 52 55
376.250999999996 52 56
376.751999999996 161 177
376.751999999996 161 178
377.25299999999595 126 132
377.25299999999595 126 133
377.7539999999959 161 181
377.7539999999959 161 182
378.2549999999959 124 125
378.2549999999959 124 126
378.7559999999959 146 183
378.7559999999959 147 148
379.25699999999586 18 22
379.25699999999586 18 23
379.75799999999583 168 169
379.75799999999583 168 170
380.2589999999958 13 14
380.2589999999958 13 15
380.7599999999958 32 33
380.7599999999958 32 35
381.26099999999576 19 24
381.26099999999576 19 25
381.76199999999574 166 176
381.76199999999574 166 178
382.2629999999957 139 155
382.2629999999957 139 156
382.7639999999957 116 121
382.7639999999957 117 118
383.26499999999567 34 43
383.26499999999567 34 44
383.76599999999564 6 15
383.76599999999564 6 16
384.2669999999956 164 181
384.2669999999956 164 182
384.7679999999956 176 182
384.7679999999956 176 183
385.2689999999956 32 44
385.2689999999956 32 45
385.76999999999555 140 162
385.76999999999555 140 163
386.2709999999955 108 119
386.2709999999955 108 120
386.7719999999955 98 101
386.7719999999955 98 102
387.2729999999955 149 150
387.2729999999955 149 153
387.77399999999545 100 102
387.77399999999545 100 103
388.27499999999543 134 136
388.27499999999543 134 137
388.7759999999954 130 134
388.7759999999954 130 135
389.2769999999954 9 11
389.2769999999954 9 12
389.77799999999536 58 67
389.77799999999536 58 68
390.27899999999534 28 29
390.27899999999534 28 30
390.7799999999953 35 41
390.7799999999953 35 42
391.2809999999953 126 134
391.2809999999953 126 135
391.78199999999526 143 146
391.78199999999526 143 147
392.28299999999524 113 117
392.28299999999524 113 118
392.7839999999952 54 89
392.7839999999952 54 90
393.2849999999952 139 144
393.2849999999952 139 145
