0 53 90
0 53 91
1.5 127 137
1.5 127 138
3.0 21 23
3.0 21 24
4.5 185 196
4.5 185 197
6.0 122 136
6.0 122 137
7.5 164 173
7.5 164 174
9.0 139 163
9.0 139 172
10.5 49 91
10.5 49 92
12.0 7 16
12.0 8 9
13.5 166 172
13.5 166 173
15.0 52 66
15.0 52 67
16.5 18 24
16.5 18 25
18.0 109 112
18.0 109 113
19.5 75 86
19.5 75 87
21.0 152 155
21.0 152 156
22.5 98 99
22.5 98 100
24.0 52 93
24.0 53 54
25.5 152 153
25.5 152 154
27.0 31 32
27.0 31 43
28.5 149 156
28.5 149 157
30.0 150 155
30.0 150 156
31.5 49 50
31.5 49 51
33.0 190 199
33.0 191 192
34.5 139 159
34.5 139 160
36.0 95 101
36.0 95 102
37.5 25 28
37.5 25 29
39.0 17 24
39.0 17 25
40.5 44 46
40.5 45 46
42.0 98 107
42.0 99 100
43.5 49 93
43.5 49 94
45.0 137 138
45.0 138 139
46.5 74 84
46.5 74 85
48.0 59 65
48.0 59 66
49.5 37 46
49.5 37 47
51.0 146 159
51.0 146 160
52.5 33 38
52.5 33 39
54.0 48 91
54.0 48 92
55.5 176 182
55.5 176 183
57.0 9 15
57.0 9 16
58.5 101 106
58.5 102 103
60.0 147 176
60.0 147 177
61.5 147 178
61.5 147 179
63.0 151 154
63.0 151 155
64.5 69 92
64.5 69 93
66.0 146 181
66.0 146 182
67.5 14 15
67.5 15 16
69.0 35 47
69.0 36 37
70.5 186 193
70.5 186 194
72.0 77 85
72.0 77 86
73.5 77 83
73.5 77 84
75.0 47 122
75.0 47 138
76.5 51 90
76.5 51 91
78.0 129 130
78.0 129 131
79.5 49 87
79.5 49 88
81.0 139 173
81.0 139 174
82.5 175 181
82.5 175 182
84.0 54 70
84.0 54 86
85.5 141 176
85.5 141 177
87.0 148 149
87.0 148 154
88.5 185 194
88.5 185 195
90.0 128 129
90.0 128 130
91.5 48 89
91.5 48 90
93.0 94 105
93.0 94 106
94.5 52 64
94.5 52 65
96.0 20 25
96.0 20 26
97.5 48 93
97.5 48 94
99.0 50 86
99.0 50 87
100.5 53 86
100.5 53 87
102.0 48 65
102.0 48 66
103.5 61 63
103.5 61 64
105.0 63 65
105.0 64 65
106.5 127 131
106.5 127 132
108.0 139 199
108.0 140 141
109.5 177 180
109.5 177 181
111.0 95 97
111.0 95 98
112.5 36 42
112.5 36 43
114.0 50 54
114.0 50 55
115.5 163 183
115.5 164 165
117.0 75 88
117.0 75 89
118.5 161 177
118.5 161 178
120.0 54 89
120.0 54 90
121.5 116 121
121.5 117 118
123.0 49 64
123.0 49 65
124.5 78 82
124.5 78 83
126.0 161 173
126.0 161 174
127.5 39 47
127.5 40 41
129.0 114 116
129.0 114 117
130.5 110 118
130.5 110 119
132.0 87 93
132.0 88 89
133.5 100 104
133.5 100 105
135.0 8 16
135.0 9 10
136.5 113 117
136.5 113 118
138.0 111 115
138.0 111 116
139.5 73 88
139.5 73 89
141.0 48 122
141.0 48 138
142.5 40 46
142.5 40 47
144.0 54 66
144.0 54 67
145.5 141 162
145.5 141 173
147.0 145 177
147.0 145 178
148.5 70 86
148.5 70 87
150.0 144 181
150.0 144 182
151.5 171 172
151.5 172 173
153.0 59 60
153.0 59 62
154.5 31 46
154.5 31 47
156.0 73 84
156.0 73 85
157.5 19 22
157.5 19 23
159.0 148 157
159.0 148 158
160.5 70 71
160.5 70 85
162.0 169 172
162.0 169 173
163.5 58 92
163.5 58 93
165.0 129 138
165.0 130 131
166.5 142 176
166.5 142 177
168.0 115 118
168.0 115 119
169.5 96 102
169.5 96 103
171.0 185 192
171.0 185 193
172.5 167 171
172.5 167 172
174.0 126 136
174.0 126 137
175.5 152 157
175.5 153 154
177.0 147 182
177.0 147 183
178.5 56 92
178.5 56 93
180.0 131 137
180.0 131 138
181.5 35 37
181.5 35 38
183.0 71 92
183.0 71 93
184.5 125 128
184.5 125 129
186.0 147 180
186.0 147 181
187.5 126 132
187.5 126 133
189.0 142 155
189.0 142 156
190.5 166 183
190.5 167 168
192.0 150 153
192.0 150 154
193.5 149 158
193.5 149 159
195.0 86 91
195.0 86 92
196.5 129 134
196.5 129 135
198.0 133 136
198.0 133 137
199.5 113 121
199.5 114 115
201.0 57 64
201.0 57 65
202.5 11 14
202.5 11 15
204.0 118 120
204.0 118 121
205.5 117 119
205.5 117 120
207.0 145 175
207.0 145 176
208.5 143 144
208.5 143 145
210.0 32 44
210.0 32 45
211.5 49 107
211.5 49 122
213.0 23 30
213.0 23 31
214.5 5 6
214.5 5 7
216.0 25 26
216.0 25 27
217.5 124 137
217.5 124 138
219.0 142 182
219.0 142 183
220.5 160 181
220.5 160 182
222.0 126 138
222.0 127 128
223.5 71 86
223.5 71 87
225.0 99 103
225.0 99 104
226.5 10 11
226.5 10 12
228.0 48 73
228.0 48 74
229.5 49 138
229.5 50 51
231.0 50 52
231.0 50 53
232.5 146 157
232.5 146 158
234.0 97 102
234.0 97 103
235.5 187 191
235.5 187 192
237.0 8 14
237.0 8 15
238.5 159 182
238.5 159 183
240.0 150 157
240.0 150 158
241.5 23 26
241.5 23 27
243.0 38 39
243.0 38 40
244.5 132 135
244.5 132 136
246.0 140 142
246.0 140 143
247.5 50 56
247.5 50 57
249.0 56 57
249.0 56 64
250.5 59 63
250.5 59 64
252.0 140 156
252.0 140 157
253.5 55 90
253.5 55 91
255.0 133 138
255.0 134 135
256.5 146 177
256.5 146 178
258.0 191 199
258.0 192 193
259.5 51 65
259.5 51 66
261.0 191 195
261.0 191 196
262.5 163 177
262.5 163 178
264.0 72 91
264.0 72 92
265.5 48 57
265.5 48 58
267.0 50 64
267.0 50 65
268.5 102 106
268.5 103 104
270.0 51 88
270.0 51 89
271.5 35 45
271.5 35 46
273.0 53 68
273.0 53 69
274.5 141 143
274.5 141 144
276.0 71 72
276.0 71 85
277.5 4 8
277.5 4 9
279.0 189 192
279.0 189 193
280.5 49 56
280.5 49 57
282.0 2 3
282.0 3 4
283.5 140 182
283.5 140 183
285.0 49 68
285.0 49 69
286.5 128 135
286.5 128 136
288.0 33 34
288.0 33 35
289.5 113 115
289.5 113 116
291.0 60 61
291.0 60 62
292.5 57 58
292.5 57 63
294.0 76 87
294.0 76 88
295.5 107 138
295.5 108 109
297.0 186 191
297.0 186 192
298.5 111 121
298.5 111 122
300.0 9 13
300.0 9 14
301.5 36 46
301.5 36 47
303.0 141 180
303.0 141 181
304.5 19 28
304.5 19 29
306.0 65 66
306.0 66 67
307.5 150 151
307.5 150 152
309.0 183 184
309.0 184 185
310.5 108 115
310.5 108 116
312.0 164 177
312.0 164 178
313.5 138 182
313.5 138 183
315.0 71 88
315.0 71 89
316.5 141 178
316.5 141 179
318.0 139 181
318.0 139 182
319.5 4 5
319.5 4 7
321.0 109 120
321.0 109 121
322.5 184 196
322.5 184 197
324.0 19 20
324.0 19 21
325.5 143 177
325.5 143 178
327.0 95 107
327.0 96 97
328.5 6 11
328.5 6 12
330.0 52 53
330.0 52 54
331.5 5 14
331.5 5 15
333.0 139 148
333.0 139 149
334.5 40 44
334.5 40 45
336.0 72 87
336.0 72 88
337.5 190 195
337.5 190 196
339.0 191 193
339.0 191 194
340.5 112 119
340.5 112 120
342.0 17 28
342.0 17 29
343.5 57 68
343.5 57 69
345.0 189 190
345.0 189 191
346.5 6 15
346.5 6 16
348.0 125 130
348.0 125 131
349.5 82 83
349.5 83 84
351.0 111 117
351.0 111 118
352.5 142 180
352.5 142 181
354.0 98 101
354.0 98 102
355.5 48 85
355.5 48 86
357.0 46 47
357.0 47 48
358.5 115 116
358.5 115 117
360.0 143 159
360.0 143 160
361.5 70 88
361.5 70 89
363.0 124 125
363.0 124 126
364.5 151 152
364.5 151 153
366.0 187 189
366.0 187 190
367.5 190 197
367.5 190 198
369.0 60 65
369.0 60 66
370.5 34 47
370.5 35 36
372.0 131 135
372.0 131 136
373.5 122 134
373.5 122 135
375.0 74 90
375.0 74 91
376.5 7 10
376.5 7 11
378.0 123 137
378.0 123 138
379.5 103 105
379.5 103 106
381.0 20 27
381.0 20 28
382.5 145 157
382.5 145 158
384.0 22 30
384.0 22 31
385.5 125 134
385.5 125 135
387.0 110 120
387.0 110 121
388.5 161 183
388.5 162 163
390.0 50 84
390.0 50 85
391.5 194 199
391.5 195 196
393.0 21 25
393.0 21 26
394.5 164 183
394.5 165 166
396.0 32 38
396.0 32 39
397.5 109 110
397.5 109 111
399.0 176 180
399.0 176 181
400.5 196 198
400.5 196 199
402.0 32 36
402.0 32 37
403.5 126 134
403.5 126 135
405.0 60 63
405.0 60 64
406.5 43 47
406.5 44 45
408.0 105 106
408.0 106 107
409.5 72 73
409.5 72 84
411.0 144 158
411.0 144 159
412.5 140 146
412.5 140 147
414.0 34 37
414.0 34 38
415.5 166 181
415.5 166 182
417.0 6 13
417.0 6 14
418.5 161 179
418.5 161 180
420.0 123 131
420.0 123 132
421.5 21 31
421.5 22 23
423.0 80 83
423.0 80 84
424.5 127 129
424.5 127 130
426.0 33 40
426.0 33 41
427.5 97 104
427.5 97 105
429.0 108 117
429.0 108 118
430.5 188 192
430.5 188 193
432.0 29 30
432.0 30 31
433.5 135 137
433.5 136 137
435.0 52 89
435.0 52 90
436.5 56 90
436.5 56 91
438.0 116 117
438.0 116 118
439.5 164 179
439.5 164 180
441.0 122 132
441.0 122 133
442.5 72 85
442.5 72 86
444.0 109 116
444.0 109 117
445.5 129 136
445.5 129 137
447.0 107 121
447.0 107 122
448.5 116 119
448.5 116 120
450.0 50 68
450.0 50 69
451.5 143 175
451.5 143 176
453.0 138 180
453.0 138 181
454.5 117 121
454.5 118 119
456.0 56 69
456.0 56 87
457.5 38 41
457.5 38 42
459.0 62 63
459.0 62 64
460.5 53 55
460.5 53 65
462.0 53 88
462.0 53 89
463.5 34 35
463.5 34 36
465.0 162 176
465.0 162 177
466.5 96 104
466.5 96 105
468.0 176 178
468.0 176 179
469.5 53 92
469.5 53 93
471.0 178 183
471.0 179 180
472.5 70 90
472.5 70 91
474.0 142 147
474.0 142 148
475.5 168 173
475.5 168 174
477.0 139 140
477.0 139 143
478.5 52 91
478.5 52 92
480.0 33 44
480.0 33 45
481.5 55 92
481.5 55 93
483.0 21 27
483.0 21 28
484.5 144 160
484.5 144 174
486.0 141 154
486.0 141 155
487.5 140 174
487.5 140 175
489.0 168 169
489.0 168 170
490.5 40 42
490.5 40 43
492.0 126 128
492.0 126 129
493.5 193 198
493.5 193 199
495.0 97 98
495.0 97 99
496.5 77 81
496.5 77 82
498.0 35 41
498.0 35 42
499.5 47 91
499.5 47 92
501.0 140 172
501.0 140 173
502.5 26 30
502.5 27 28
504.0 188 198
504.0 188 199
505.5 143 146
505.5 143 147
507.0 38 47
507.0 39 40
508.5 18 20
508.5 18 21
510.0 34 45
510.0 34 46
511.5 79 80
511.5 79 81
513.0 163 181
513.0 163 182
514.5 170 171
514.5 170 172
516.0 139 146
516.0 139 147
517.5 54 68
517.5 54 69
519.0 54 91
519.0 54 92
520.5 165 171
520.5 165 172
522.0 32 40
522.0 32 41
523.5 51 84
523.5 51 85
525.0 125 136
525.0 125 137
526.5 48 71
526.5 48 72
528.0 144 177
528.0 144 178
529.5 177 182
529.5 177 183
531.0 24 29
531.0 24 30
532.5 189 194
532.5 189 195
534.0 108 121
534.0 108 122
535.5 19 30
535.5 19 31
537.0 41 46
537.0 41 47
538.5 195 199
538.5 196 197
540.0 142 159
540.0 142 160
541.5 95 105
541.5 95 106
543.0 55 69
543.0 55 70
544.5 19 26
544.5 19 27
546.0 109 118
546.0 109 119
547.5 3 14
547.5 3 15
549.0 141 156
549.0 141 157
550.5 127 133
550.5 127 134
552.0 143 155
552.0 143 156
553.5 48 67
553.5 48 68
555.0 146 183
555.0 147 148
556.5 145 179
556.5 145 180
558.0 39 45
558.0 39 46
559.5 35 43
559.5 35 44
561.0 142 178
561.0 142 179
562.5 51 57
562.5 51 64
564.0 4 16
564.0 4 17
565.5 140 176
565.5 140 177
567.0 57 91
567.0 57 92
568.5 130 136
568.5 130 137
570.0 8 10
570.0 8 11
571.5 37 42
571.5 37 43
573.0 60 67
573.0 61 62
574.5 74 88
574.5 74 89
576.0 4 14
576.0 4 15
577.5 24 25
577.5 24 26
579.0 144 183
579.0 145 146
580.5 158 159
580.5 158 183
582.0 49 54
582.0 49 55
583.5 72 89
583.5 72 90
585.0 174 181
585.0 174 182
586.5 33 46
586.5 33 47
588.0 156 157
588.0 157 158
589.5 101 102
589.5 101 103
591.0 185 188
591.0 185 189
592.5 161 175
592.5 161 176
594.0 160 177
594.0 160 178
595.5 101 104
595.5 101 105
597.0 144 156
597.0 144 157
598.5 34 39
598.5 34 40
600.0 140 160
600.0 140 161
601.5 5 10
601.5 5 11
603.0 51 71
603.0 51 72
604.5 124 129
604.5 124 130
606.0 76 83
606.0 76 84
607.5 48 55
607.5 48 56
609.0 193 194
609.0 193 195
610.5 7 14
610.5 7 15
612.0 166 176
612.0 166 178
613.5 163 179
613.5 163 180
615.0 49 70
615.0 49 71
616.5 113 119
616.5 113 120
618.0 32 42
618.0 32 43
619.5 174 183
619.5 175 176
621.0 132 137
621.0 132 138
622.5 7 12
622.5 7 13
624.0 149 150
624.0 149 153
625.5 8 12
625.5 8 13
627.0 98 105
627.0 98 106
628.5 123 129
628.5 123 130
630.0 76 77
630.0 76 82
631.5 114 120
631.5 114 121
633.0 17 47
633.0 18 19
634.5 159 178
634.5 159 179
636.0 126 130
636.0 126 131
637.5 77 87
637.5 77 88
639.0 184 194
639.0 184 195
640.5 163 173
640.5 163 174
642.0 185 186
642.0 185 187
643.5 114 118
643.5 114 119
645.0 143 179
645.0 143 180
646.5 187 193
646.5 187 194
648.0 78 86
648.0 78 91
649.5 142 145
649.5 142 146
651.0 73 90
651.0 73 91
652.5 48 53
652.5 48 54
654.0 10 15
654.0 10 16
655.5 20 29
655.5 20 30
657.0 50 90
657.0 50 91
658.5 165 175
658.5 165 176
660.0 163 175
660.0 163 176
661.5 52 85
661.5 52 86
663.0 86 87
663.0 86 90
664.5 37 44
664.5 37 45
666.0 69 86
666.0 69 87
667.5 112 115
667.5 112 116
669.0 42 45
669.0 42 46
670.5 153 155
670.5 153 156
672.0 71 90
672.0 71 91
673.5 178 181
673.5 178 182
675.0 48 107
675.0 48 121
676.5 52 87
676.5 52 88
678.0 147 157
678.0 147 158
679.5 42 47
679.5 43 44
681.0 51 67
681.0 51 68
682.5 32 46
682.5 32 47
684.0 194 195
684.0 194 196
685.5 68 91
685.5 68 92
687.0 186 199
687.0 187 188
688.5 185 198
688.5 185 199
690.0 22 28
690.0 22 29
691.5 76 93
691.5 77 78
693.0 52 70
693.0 52 71
694.5 167 175
694.5 167 181
696.0 42 43
696.0 42 44
697.5 187 195
697.5 187 196
699.0 7 8
699.0 7 9
700.5 141 174
700.5 141 175
702.0 34 43
702.0 34 44
703.5 141 158
703.5 141 159
705.0 132 133
705.0 132 134
706.5 165 183
706.5 166 167
708.0 72 93
708.0 73 74
709.5 186 189
709.5 186 190
711.0 197 198
711.0 198 199
712.5 142 174
712.5 142 175
714.0 49 52
714.0 49 53
715.5 195 197
715.5 195 198
717.0 94 101
717.0 94 102
718.5 47 93
718.5 47 94
720.0 159 180
720.0 159 181
721.5 164 175
721.5 164 176
723.0 11 12
723.0 11 13
724.5 89 91
724.5 89 92
726.0 52 68
726.0 52 69
727.5 143 183
727.5 144 145
729.0 178 179
729.0 178 180
730.5 167 169
730.5 167 170
732.0 168 171
732.0 168 172
733.5 128 133
733.5 128 134
735.0 48 87
735.0 48 88
736.5 142 157
736.5 142 158
738.0 77 93
738.0 78 79
739.5 20 23
739.5 20 24
741.0 96 100
741.0 96 101
742.5 142 143
742.5 142 144
744.0 162 178
744.0 162 179
745.5 51 92
745.5 51 93
747.0 55 67
747.0 55 68
748.5 75 92
748.5 75 93
750.0 188 194
750.0 188 195
751.5 164 181
751.5 164 182
753.0 39 43
753.0 39 44
754.5 123 125
754.5 123 126
756.0 19 24
756.0 19 25
757.5 48 63
757.5 48 64
759.0 3 12
759.0 3 13
760.5 51 53
760.5 51 54
762.0 55 86
762.0 55 87
763.5 166 174
763.5 166 175
765.0 26 28
765.0 26 29
766.5 110 122
766.5 111 112
768.0 125 132
768.0 125 133
769.5 139 183
769.5 139 184
771.0 99 101
771.0 99 102
772.5 130 138
772.5 131 132
774.0 59 67
774.0 59 68
775.5 80 81
775.5 80 82
777.0 33 42
777.0 33 43
778.5 145 159
778.5 145 160
780.0 50 66
780.0 50 67
781.5 5 16
781.5 5 17
783.0 146 179
783.0 146 180
784.5 61 65
784.5 61 66
786.0 84 85
786.0 85 86
787.5 192 196
787.5 192 197
789.0 186 197
789.0 186 198
790.5 88 90
790.5 88 91
792.0 49 85
792.0 49 86
793.5 50 94
793.5 51 52
795.0 48 69
795.0 48 70
796.5 188 196
796.5 188 197
798.0 169 170
798.0 169 171
799.5 58 65
799.5 58 66
801.0 146 175
801.0 146 176
802.5 68 93
802.5 69 70
804.0 147 159
804.0 147 160
805.5 55 88
805.5 55 89
807.0 133 134
807.0 133 135
808.5 10 13
808.5 10 14
810.0 99 107
810.0 100 101
811.5 70 92
811.5 70 93
813.0 6 9
813.0 6 10
814.5 73 86
814.5 73 87
816.0 57 93
816.0 58 59
817.5 34 41
817.5 34 42
819.0 140 162
819.0 140 163
820.5 69 90
820.5 69 91
822.0 166 179
822.0 166 180
823.5 49 89
823.5 49 90
825.0 55 65
825.0 55 66
826.5 3 31
826.5 3 47
828.0 141 182
828.0 141 183
829.5 41 44
829.5 41 45
831.0 124 133
831.0 124 134
832.5 50 88
832.5 50 89
834.0 165 179
834.0 165 180
835.5 173 174
835.5 174 175
837.0 100 106
837.0 100 107
838.5 74 86
838.5 74 87
840.0 112 113
840.0 112 114
841.5 145 155
841.5 145 156
843.0 139 175
843.0 139 176
844.5 90 91
844.5 90 92
846.0 149 182
846.0 149 183
847.5 179 181
847.5 179 182
849.0 37 38
849.0 37 39
850.5 141 160
850.5 141 161
852.0 148 159
852.0 148 179
853.5 162 182
853.5 162 183
855.0 74 75
855.0 74 83
856.5 110 116
856.5 110 117
858.0 76 91
858.0 76 92
859.5 140 180
859.5 140 181
861.0 104 105
861.0 104 106
862.5 125 126
862.5 125 127
864.0 94 107
864.0 94 122
865.5 143 161
865.5 143 174
867.0 162 172
867.0 162 173
868.5 13 14
868.5 13 15
870.0 98 103
870.0 98 104
871.5 35 39
871.5 35 40
873.0 128 131
873.0 128 132
874.5 58 67
874.5 58 68
876.0 75 90
876.0 75 91
877.5 144 175
877.5 144 176
879.0 0 1
879.0 1 2
880.5 4 12
880.5 4 13
882.0 18 30
882.0 18 31
883.5 165 173
883.5 165 174
885.0 177 178
885.0 177 179
886.5 122 130
886.5 122 131
888.0 184 192
888.0 184 193
889.5 74 92
889.5 74 93
891.0 97 106
891.0 97 107
892.5 141 145
892.5 141 146
894.0 193 196
894.0 193 197
895.5 112 117
895.5 112 118
897.0 6 7
897.0 6 8
898.5 147 155
898.5 147 156
900.0 187 199
900.0 188 189
901.5 49 74
901.5 49 84
903.0 25 30
903.0 26 27
904.5 148 182
904.5 148 183
906.0 130 134
906.0 130 135
907.5 17 26
907.5 17 27
909.0 48 83
909.0 48 84
910.5 165 177
910.5 165 178
912.0 52 55
912.0 52 56
913.5 112 121
913.5 113 114
915.0 159 160
915.0 159 177
916.5 192 194
916.5 192 195
918.0 186 195
918.0 186 196
919.5 56 88
919.5 56 89
921.0 39 41
921.0 39 42
922.5 76 89
922.5 76 90
924.0 96 98
924.0 96 99
925.5 121 122
925.5 122 123
927.0 48 49
927.0 48 52
928.5 49 58
928.5 49 63
930.0 138 184
930.0 138 199
931.5 9 11
931.5 9 12
933.0 43 45
933.0 43 46
934.5 57 66
934.5 57 67
936.0 33 36
936.0 33 37
937.5 79 84
937.5 79 85
939.0 140 178
939.0 140 179
940.5 140 144
940.5 140 145
942.0 81 82
942.0 81 83
943.5 134 138
943.5 135 136
945.0 187 197
945.0 187 198
946.5 51 69
946.5 51 70
948.0 123 135
948.0 123 136
949.5 50 92
949.5 50 93
951.0 194 197
951.0 194 198
952.5 140 148
952.5 140 149
954.0 56 65
954.0 56 66
955.5 108 119
955.5 108 120
957.0 76 85
957.0 76 86
958.5 143 157
958.5 143 158
960.0 79 82
960.0 79 83
961.5 111 113
961.5 111 114
963.0 162 174
963.0 162 175
964.5 192 198
964.5 192 199
966.0 145 183
966.0 146 147
967.5 110 112
967.5 110 113
969.0 124 131
969.0 124 132
970.5 148 180
970.5 148 181
972.0 122 138
972.0 123 124
973.5 95 103
973.5 95 104
975.0 17 30
975.0 17 31
976.5 189 196
976.5 189 197
978.0 131 133
978.0 131 134
979.5 143 181
979.5 143 182
981.0 167 173
981.0 167 174
982.5 24 27
982.5 24 28
984.0 86 93
984.0 87 88
985.5 32 33
985.5 32 35
987.0 115 120
987.0 115 121
988.5 20 31
988.5 21 22
990.0 146 155
990.0 146 156
991.5 139 177
991.5 139 178
993.0 110 114
993.0 110 115
994.5 96 106
994.5 96 107
996.0 50 72
996.0 50 73
997.5 87 91
997.5 87 92
999.0 37 40
999.0 37 41
1000.5 41 42
1000.5 41 43
1002.0 102 104
1002.0 102 105
1003.5 51 55
1003.5 51 56
1005.0 67 68
1005.0 68 69
1006.5 129 132
1006.5 129 133
1008.0 58 63
1008.0 58 64
1009.5 28 29
1009.5 28 30
1011.0 12 14
1011.0 12 15
1012.5 184 190
1012.5 184 191
1014.0 77 89
1014.0 77 90
1015.5 109 114
1015.5 109 115
1017.0 53 70
1017.0 53 85
1018.5 94 103
1018.5 94 104
1020.0 18 26
1020.0 18 27
1021.5 54 87
1021.5 54 88
1023.0 23 28
1023.0 23 29
1024.5 18 22
1024.5 18 23
1026.0 139 153
1026.0 139 154
1027.5 167 182
1027.5 167 183
1029.0 77 91
1029.0 77 92
1030.5 78 80
1030.5 78 81
1032.0 134 136
1032.0 134 137
1033.5 139 179
1033.5 139 180
1035.0 151 156
1035.0 151 157
1036.5 164 171
1036.5 164 172
1038.0 141 147
1038.0 141 148
1039.5 73 92
1039.5 73 93
1041.0 140 184
1041.0 141 142
1042.5 53 66
1042.5 53 67
1044.0 175 179
1044.0 175 180
1045.5 144 146
1045.5 144 155
1047.0 49 72
1047.0 49 73
1048.5 191 197
1048.5 191 198
1050.0 20 21
1050.0 20 22
1051.5 125 138
1051.5 126 127
1053.0 148 155
1053.0 148 156
1054.5 139 144
1054.5 139 145
1056.0 161 181
1056.0 161 182
1057.5 144 179
1057.5 144 180
1059.0 54 93
1059.0 55 56
1060.5 38 43
1060.5 38 44
1062.0 160 179
1062.0 160 180
1063.5 123 127
1063.5 123 128
1065.0 88 92
1065.0 89 90
1066.5 69 88
1066.5 69 89
1068.0 49 66
1068.0 49 67
1069.5 93 94
1069.5 94 95
1071.0 180 181
1071.0 180 182
1072.5 181 182
1072.5 182 183
1074.0 3 16
1074.0 3 17
1075.5 154 155
1075.5 155 156
1077.0 16 17
1077.0 17 18
1078.5 124 135
1078.5 124 136
1080.0 124 127
1080.0 124 128
1081.5 175 183
1081.5 176 177
1083.0 38 45
1083.0 38 46
1084.5 111 119
1084.5 111 120
1086.0 160 183
1086.0 161 162
1087.5 185 190
1087.5 185 191
1089.0 189 198
1089.0 189 199
1090.5 21 29
1090.5 21 30
1092.0 149 154
1092.0 149 155
1093.5 123 133
1093.5 123 134
1095.0 186 187
1095.0 186 188
1096.5 5 12
1096.5 5 13
1098.0 99 105
1098.0 99 106
1099.5 51 86
1099.5 51 87
1101.0 22 26
1101.0 22 27
1102.5 162 180
1102.5 162 181
1104.0 190 193
1104.0 190 194
1105.5 145 181
1105.5 145 182
1107.0 107 108
1107.0 107 120
1108.5 188 190
1108.5 188 191
1110.0 31 44
1110.0 31 45
1111.5 139 161
1111.5 139 162
1113.0 62 65
1113.0 63 64
1114.5 140 154
1114.5 140 155
1116.0 75 84
1116.0 75 85
1117.5 160 161
1117.5 160 174
1119.0 27 29
1119.0 27 30
1120.5 163 164
1120.5 163 172
1122.0 78 84
1122.0 78 85
1123.5 160 175
1123.5 160 176
1125.0 97 100
1125.0 97 101
1126.5 108 113
1126.5 108 114
1128.0 5 8
1128.0 5 9
1129.5 119 120
1129.5 120 121
1131.0 23 24
1131.0 23 25
1132.5 190 191
1132.5 190 192
1134.0 166 170
1134.0 166 171
1135.5 165 181
1135.5 165 182
1137.0 50 70
1137.0 50 71
1138.5 140 158
1138.5 140 159
1140.0 142 161
1140.0 142 173
1141.5 36 38
1141.5 36 39
1143.0 91 92
1143.0 92 93
1144.5 78 92
1144.5 78 93
1146.0 18 28
1146.0 18 29
1147.5 100 102
1147.5 100 103
1149.0 54 55
1149.0 54 65
1150.5 87 89
1150.5 87 90
1152.0 139 157
1152.0 139 158
1153.5 95 99
1153.5 95 100
1155.0 109 122
1155.0 110 111
1156.5 130 132
1156.5 130 133
1158.0 11 16
1158.0 12 13
1159.5 127 135
1159.5 127 136
1161.0 56 67
1161.0 56 68
1162.5 22 24
1162.5 22 25
1164.0 4 10
1164.0 4 11
1165.5 128 137
1165.5 128 138
1167.0 184 198
1167.0 184 199
1168.5 47 107
1168.5 47 121
1170.0 36 40
1170.0 36 41
1171.5 94 138
1171.5 95 96
1173.0 75 76
1173.0 75 83
1174.5 139 155
1174.5 139 156
1176.0 36 44
1176.0 36 45
1177.5 57 89
1177.5 57 90
