0 141 178
0 141 179
1.5 52 89
1.5 52 90
3.0 95 97
3.0 95 98
4.5 17 26
4.5 17 27
6.0 176 178
6.0 176 179
7.5 166 183
7.5 167 168
9.0 55 92
9.0 55 93
10.5 152 157
10.5 153 154
12.0 122 134
12.0 122 135
13.5 5 16
13.5 5 17
15.0 158 159
15.0 158 183
16.5 72 85
16.5 72 86
18.0 123 135
18.0 123 136
19.5 176 182
19.5 176 183
21.0 131 133
21.0 131 134
22.5 36 38
22.5 36 39
24.0 13 14
24.0 13 15
25.5 139 144
25.5 139 145
27.0 59 60
27.0 59 62
28.5 75 84
28.5 75 85
30.0 49 70
30.0 49 71
31.5 40 44
31.5 40 45
33.0 144 179
33.0 144 180
34.5 51 88
34.5 51 89
36.0 111 115
36.0 111 116
37.5 50 52
37.5 50 53
39.0 140 176
39.0 140 177
40.5 38 43
40.5 38 44
42.0 164 179
42.0 164 180
43.5 56 88
43.5 56 89
45.0 38 41
45.0 38 42
46.5 35 47
46.5 36 37
48.0 6 7
48.0 6 8
49.5 161 183
49.5 162 163
51.0 34 39
51.0 34 40
52.5 132 133
52.5 132 134
54.0 56 67
54.0 56 68
55.5 140 160
55.5 140 161
57.0 90 91
57.0 90 92
58.5 49 107
58.5 49 122
60.0 76 77
60.0 76 82
61.5 5 10
61.5 5 11
63.0 141 143
63.0 141 144
64.5 74 84
64.5 74 85
66.0 34 47
66.0 35 36
67.5 52 53
67.5 52 54
69.0 35 37
69.0 35 38
70.5 148 155
70.5 148 156
72.0 184 198
72.0 184 199
73.5 167 169
73.5 167 170
75.0 190 197
75.0 190 198
76.5 114 120
76.5 114 121
78.0 23 24
78.0 23 25
79.5 147 176
79.5 147 177
81.0 129 134
81.0 129 135
82.5 38 45
82.5 38 46
84.0 141 162
84.0 141 173
85.5 71 88
85.5 71 89
87.0 118 120
87.0 118 121
88.5 146 179
88.5 146 180
90.0 49 50
90.0 49 51
91.5 139 163
91.5 139 172
93.0 72 91
93.0 72 92
94.5 161 179
94.5 161 180
96.0 69 88
96.0 69 89
97.5 53 88
97.5 53 89
99.0 197 198
99.0 198 199
100.5 32 33
100.5 32 35
102.0 108 115
102.0 108 116
103.5 86 87
103.5 86 90
105.0 49 58
105.0 49 63
106.5 98 99
106.5 98 100
108.0 9 15
108.0 9 16
109.5 131 135
109.5 131 136
111.0 60 67
111.0 61 62
112.5 150 151
112.5 150 152
114.0 109 110
114.0 109 111
115.5 142 147
115.5 142 148
117.0 191 195
117.0 191 196
118.5 191 193
118.5 191 194
120.0 33 34
120.0 33 35
121.5 76 93
121.5 77 78
123.0 80 83
123.0 80 84
124.5 108 121
124.5 108 122
126.0 17 28
126.0 17 29
127.5 194 199
127.5 195 196
129.0 181 182
129.0 182 183
130.5 53 92
130.5 53 93
132.0 134 136
132.0 134 137
133.5 76 83
133.5 76 84
135.0 139 140
135.0 139 143
136.5 143 159
136.5 143 160
138.0 123 131
138.0 123 132
139.5 76 89
139.5 76 90
141.0 189 192
141.0 189 193
142.5 102 106
142.5 103 104
144.0 47 91
144.0 47 92
145.5 77 93
145.5 78 79
147.0 126 132
147.0 126 133
148.5 165 173
148.5 165 174
150.0 78 80
150.0 78 81
151.5 3 14
151.5 3 15
153.0 149 158
153.0 149 159
154.5 186 195
154.5 186 196
156.0 74 92
156.0 74 93
157.5 54 91
157.5 54 92
159.0 87 93
159.0 88 89
160.5 187 197
160.5 187 198
162.0 40 46
162.0 40 47
163.5 6 13
163.5 6 14
165.0 7 16
165.0 8 9
166.5 163 164
166.5 163 172
168.0 143 161
168.0 143 174
169.5 140 180
169.5 140 181
171.0 139 181
171.0 139 182
172.5 112 117
172.5 112 118
174.0 123 127
174.0 123 128
175.5 100 106
175.5 100 107
177.0 8 16
177.0 9 10
178.5 32 40
178.5 32 41
180.0 19 30
180.0 19 31
181.5 140 172
181.5 140 173
183.0 41 46
183.0 41 47
184.5 139 199
184.5 140 141
186.0 97 102
186.0 97 103
187.5 14 15
187.5 15 16
189.0 186 197
189.0 186 198
190.5 185 190
190.5 185 191
192.0 51 86
192.0 51 87
193.5 140 174
193.5 140 175
195.0 166 170
195.0 166 171
196.5 54 70
196.5 54 86
198.0 144 183
198.0 145 146
199.5 24 25
199.5 24 26
201.0 101 102
201.0 101 103
202.5 163 183
202.5 164 165
204.0 160 179
204.0 160 180
205.5 110 116
205.5 110 117
207.0 20 23
207.0 20 24
208.5 87 91
208.5 87 92
210.0 25 26
210.0 25 27
211.5 141 156
211.5 141 157
213.0 125 126
213.0 125 127
214.5 142 182
214.5 142 183
216.0 185 188
216.0 185 189
217.5 34 45
217.5 34 46
219.0 52 85
219.0 52 86
220.5 31 44
220.5 31 45
222.0 109 122
222.0 110 111
223.5 5 12
223.5 5 13
225.0 193 198
225.0 193 199
226.5 103 105
226.5 103 106
228.0 70 90
228.0 70 91
229.5 34 35
229.5 34 36
231.0 140 154
231.0 140 155
232.5 142 155
232.5 142 156
234.0 109 118
234.0 109 119
235.5 55 65
235.5 55 66
237.0 50 64
237.0 50 65
238.5 37 46
238.5 37 47
240.0 165 175
240.0 165 176
241.5 20 29
241.5 20 30
243.0 57 68
243.0 57 69
244.5 116 121
244.5 117 118
246.0 175 183
246.0 176 177
247.5 148 180
247.5 148 181
249.0 190 193
249.0 190 194
250.5 65 66
250.5 66 67
252.0 144 146
252.0 144 155
253.5 149 156
253.5 149 157
255.0 49 68
255.0 49 69
256.5 160 161
256.5 160 174
258.0 127 131
258.0 127 132
259.5 48 87
259.5 48 88
261.0 78 84
261.0 78 85
262.5 177 180
262.5 177 181
264.0 77 91
264.0 77 92
265.5 171 172
265.5 172 173
267.0 70 88
267.0 70 89
268.5 142 143
268.5 142 144
270.0 49 85
270.0 49 86
271.5 124 137
271.5 124 138
273.0 146 157
273.0 146 158
274.5 129 136
274.5 129 137
276.0 53 86
276.0 53 87
277.5 11 14
277.5 11 15
279.0 6 11
279.0 6 12
280.5 114 116
280.5 114 117
282.0 144 175
282.0 144 176
283.5 73 90
283.5 73 91
285.0 32 42
285.0 32 43
286.5 35 45
286.5 35 46
288.0 93 94
288.0 94 95
289.5 177 178
289.5 177 179
291.0 152 155
291.0 152 156
292.5 63 65
292.5 64 65
294.0 115 116
294.0 115 117
295.5 55 88
295.5 55 89
297.0 47 107
297.0 47 121
298.5 50 90
298.5 50 91
300.0 36 44
300.0 36 45
301.5 125 132
301.5 125 133
303.0 126 138
303.0 127 128
304.5 119 120
304.5 120 121
306.0 163 179
306.0 163 180
307.5 122 130
307.5 122 131
309.0 139 146
309.0 139 147
310.5 144 177
310.5 144 178
312.0 169 172
312.0 169 173
313.5 140 148
313.5 140 149
315.0 161 173
315.0 161 174
316.5 160 177
316.5 160 178
318.0 51 57
318.0 51 64
319.5 51 84
319.5 51 85
321.0 37 40
321.0 37 41
322.5 11 12
322.5 11 13
324.0 62 63
324.0 62 64
325.5 108 117
325.5 108 118
327.0 107 138
327.0 108 109
328.5 125 138
328.5 126 127
330.0 54 89
330.0 54 90
331.5 56 65
331.5 56 66
333.0 167 175
333.0 167 181
334.5 127 135
334.5 127 136
336.0 163 175
336.0 163 176
337.5 89 91
337.5 89 92
339.0 50 94
339.0 51 52
340.5 152 153
340.5 152 154
342.0 52 66
342.0 52 67
343.5 31 46
343.5 31 47
345.0 126 134
345.0 126 135
346.5 164 175
346.5 164 176
348.0 160 183
348.0 161 162
349.5 21 25
349.5 21 26
351.0 52 55
351.0 52 56
352.5 126 128
352.5 126 129
354.0 48 63
354.0 48 64
355.5 95 107
355.5 96 97
357.0 168 169
357.0 168 170
358.5 140 182
358.5 140 183
360.0 26 28
360.0 26 29
361.5 72 73
361.5 72 84
363.0 96 100
363.0 96 101
364.5 141 182
364.5 141 183
366.0 160 181
366.0 160 182
367.5 55 90
367.5 55 91
369.0 70 86
369.0 70 87
370.5 12 14
370.5 12 15
372.0 147 182
372.0 147 183
373.5 147 180
373.5 147 181
375.0 50 84
375.0 50 85
376.5 96 98
376.5 96 99
378.0 151 152
378.0 151 153
379.5 109 116
379.5 109 117
381.0 4 16
381.0 4 17
382.5 166 179
382.5 166 180
384.0 27 29
384.0 27 30
385.5 67 68
385.5 68 69
387.0 16 17
387.0 17 18
388.5 86 91
388.5 86 92
390.0 33 42
390.0 33 43
391.5 140 156
391.5 140 157
393.0 140 184
393.0 141 142
394.5 37 42
394.5 37 43
396.0 100 102
396.0 100 103
397.5 144 156
397.5 144 157
399.0 74 88
399.0 74 89
400.5 95 105
400.5 95 106
402.0 57 91
402.0 57 92
403.5 56 90
403.5 56 91
405.0 60 65
405.0 60 66
406.5 96 106
406.5 96 107
408.0 24 27
408.0 24 28
409.5 9 11
409.5 9 12
411.0 97 104
411.0 97 105
412.5 146 159
412.5 146 160
414.0 56 57
414.0 56 64
415.5 185 198
415.5 185 199
417.0 123 133
417.0 123 134
418.5 191 199
418.5 192 193
420.0 145 179
420.0 145 180
421.5 51 67
421.5 51 68
423.0 110 120
423.0 110 121
424.5 42 47
424.5 43 44
426.0 143 183
426.0 144 145
427.5 186 189
427.5 186 190
429.0 75 88
429.0 75 89
430.5 57 93
430.5 58 59
432.0 194 197
432.0 194 198
433.5 159 182
433.5 159 183
435.0 185 196
435.0 185 197
436.5 79 84
436.5 79 85
438.0 44 46
438.0 45 46
439.5 146 155
439.5 146 156
441.0 22 30
441.0 22 31
442.5 99 107
442.5 100 101
444.0 33 36
444.0 33 37
445.5 167 171
445.5 167 172
447.0 7 10
447.0 7 11
448.5 32 46
448.5 32 47
450.0 41 44
450.0 41 45
451.5 146 177
451.5 146 178
453.0 73 88
453.0 73 89
454.5 40 42
454.5 40 43
456.0 186 199
456.0 187 188
457.5 109 114
457.5 109 115
459.0 48 53
459.0 48 54
460.5 50 92
460.5 50 93
462.0 177 182
462.0 177 183
463.5 141 147
463.5 141 148
465.0 144 158
465.0 144 159
466.5 48 65
466.5 48 66
468.0 71 92
468.0 71 93
469.5 185 194
469.5 185 195
471.0 178 179
471.0 178 180
472.5 99 105
472.5 99 106
474.0 154 155
474.0 155 156
475.5 58 67
475.5 58 68
477.0 50 70
477.0 50 71
478.5 128 131
478.5 128 132
480.0 18 28
480.0 18 29
481.5 142 176
481.5 142 177
483.0 140 142
483.0 140 143
484.5 97 106
484.5 97 107
486.0 21 29
486.0 21 30
487.5 51 69
487.5 51 70
489.0 138 182
489.0 138 183
490.5 150 153
490.5 150 154
492.0 52 93
492.0 53 54
493.5 163 173
493.5 163 174
495.0 139 161
495.0 139 162
496.5 79 80
496.5 79 81
498.0 132 137
498.0 132 138
499.5 110 112
499.5 110 113
501.0 50 66
501.0 50 67
502.5 78 82
502.5 78 83
504.0 130 134
504.0 130 135
505.5 74 86
505.5 74 87
507.0 49 56
507.0 49 57
508.5 141 180
508.5 141 181
510.0 95 101
510.0 95 102
511.5 184 196
511.5 184 197
513.0 46 47
513.0 47 48
514.5 76 87
514.5 76 88
516.0 99 101
516.0 99 102
517.5 169 170
517.5 169 171
519.0 146 181
519.0 146 182
520.5 23 28
520.5 23 29
522.0 48 49
522.0 48 52
523.5 130 136
523.5 130 137
525.0 110 118
525.0 110 119
526.5 77 89
526.5 77 90
528.0 142 145
528.0 142 146
529.5 164 173
529.5 164 174
531.0 141 174
531.0 141 175
532.5 49 87
532.5 49 88
534.0 179 181
534.0 179 182
535.5 48 73
535.5 48 74
537.0 51 55
537.0 51 56
538.5 47 93
538.5 47 94
540.0 53 68
540.0 53 69
541.5 98 107
541.5 99 100
543.0 61 63
543.0 61 64
544.5 52 87
544.5 52 88
546.0 49 52
546.0 49 53
547.5 166 172
547.5 166 173
549.0 184 192
549.0 184 193
550.5 151 156
550.5 151 157
552.0 48 93
552.0 48 94
553.5 128 137
553.5 128 138
555.0 102 104
555.0 102 105
556.5 192 194
556.5 192 195
558.0 175 179
558.0 175 180
559.5 95 103
559.5 95 104
561.0 145 175
561.0 145 176
562.5 81 82
562.5 81 83
564.0 78 92
564.0 78 93
565.5 139 155
565.5 139 156
567.0 49 54
567.0 49 55
568.5 135 137
568.5 136 137
570.0 165 171
570.0 165 172
571.5 35 41
571.5 35 42
573.0 84 85
573.0 85 86
574.5 35 39
574.5 35 40
576.0 48 55
576.0 48 56
577.5 33 40
577.5 33 41
579.0 19 28
579.0 19 29
580.5 22 24
580.5 22 25
582.0 110 122
582.0 111 112
583.5 19 20
583.5 19 21
585.0 108 119
585.0 108 120
586.5 190 195
586.5 190 196
588.0 156 157
588.0 157 158
589.5 28 29
589.5 28 30
591.0 19 24
591.0 19 25
592.5 99 103
592.5 99 104
594.0 147 157
594.0 147 158
595.5 57 89
595.5 57 90
597.0 8 12
597.0 8 13
598.5 94 103
598.5 94 104
600.0 6 15
600.0 6 16
601.5 140 144
601.5 140 145
603.0 164 171
603.0 164 172
604.5 124 129
604.5 124 130
606.0 34 37
606.0 34 38
607.5 21 27
607.5 21 28
609.0 96 102
609.0 96 103
610.5 86 93
610.5 87 88
612.0 117 121
612.0 118 119
613.5 5 14
613.5 5 15
615.0 61 65
615.0 61 66
616.5 143 157
616.5 143 158
618.0 139 159
618.0 139 160
619.5 33 46
619.5 33 47
621.0 10 15
621.0 10 16
622.5 189 194
622.5 189 195
624.0 189 190
624.0 189 191
625.5 142 157
625.5 142 158
627.0 53 55
627.0 53 65
628.5 59 63
628.5 59 64
630.0 51 65
630.0 51 66
631.5 55 67
631.5 55 68
633.0 68 91
633.0 68 92
634.5 37 44
634.5 37 45
636.0 52 91
636.0 52 92
637.5 114 118
637.5 114 119
639.0 127 133
639.0 127 134
640.5 141 158
640.5 141 159
642.0 7 14
642.0 7 15
643.5 24 29
643.5 24 30
645.0 187 199
645.0 188 189
646.5 76 85
646.5 76 86
648.0 188 198
648.0 188 199
649.5 38 47
649.5 39 40
651.0 42 45
651.0 42 46
652.5 50 88
652.5 50 89
654.0 164 183
654.0 165 166
655.5 112 121
655.5 113 114
657.0 189 196
657.0 189 197
658.5 39 41
658.5 39 42
660.0 170 171
660.0 170 172
661.5 130 132
661.5 130 133
663.0 60 63
663.0 60 64
664.5 141 154
664.5 141 155
666.0 56 69
666.0 56 87
667.5 34 41
667.5 34 42
669.0 129 138
669.0 130 131
670.5 52 68
670.5 52 69
672.0 49 72
672.0 49 73
673.5 25 30
673.5 26 27
675.0 101 106
675.0 102 103
676.5 140 158
676.5 140 159
678.0 39 43
678.0 39 44
679.5 111 117
679.5 111 118
681.0 23 26
681.0 23 27
682.5 48 122
682.5 48 138
684.0 4 12
684.0 4 13
685.5 145 181
685.5 145 182
687.0 145 177
687.0 145 178
688.5 50 54
688.5 50 55
690.0 126 136
690.0 126 137
691.5 49 93
691.5 49 94
693.0 51 90
693.0 51 91
694.5 107 121
694.5 107 122
696.0 142 159
696.0 142 160
697.5 56 92
697.5 56 93
699.0 39 45
699.0 39 46
700.5 112 119
700.5 112 120
702.0 57 66
702.0 57 67
703.5 168 173
703.5 168 174
705.0 163 181
705.0 163 182
706.5 137 138
706.5 138 139
708.0 139 148
708.0 139 149
709.5 58 65
709.5 58 66
711.0 145 155
711.0 145 156
712.5 196 198
712.5 196 199
714.0 115 118
714.0 115 119
715.5 146 183
715.5 147 148
717.0 96 104
717.0 96 105
718.5 20 21
718.5 20 22
720.0 41 42
720.0 41 43
721.5 8 14
721.5 8 15
723.0 127 137
723.0 127 138
724.5 7 12
724.5 7 13
726.0 164 177
726.0 164 178
727.5 111 113
727.5 111 114
729.0 139 177
729.0 139 178
730.5 57 58
730.5 57 63
732.0 69 92
732.0 69 93
733.5 129 132
733.5 129 133
735.0 143 175
735.0 143 176
736.5 54 66
736.5 54 67
738.0 107 108
738.0 107 120
739.5 162 180
739.5 162 181
741.0 165 183
741.0 166 167
742.5 116 119
742.5 116 120
744.0 3 31
744.0 3 47
745.5 8 10
745.5 8 11
747.0 50 86
747.0 50 87
748.5 91 92
748.5 92 93
750.0 159 160
750.0 159 177
751.5 82 83
751.5 83 84
753.0 166 181
753.0 166 182
754.5 187 195
754.5 187 196
756.0 75 92
756.0 75 93
757.5 50 56
757.5 50 57
759.0 115 120
759.0 115 121
760.5 183 184
760.5 184 185
762.0 122 138
762.0 123 124
763.5 49 89
763.5 49 90
765.0 70 92
765.0 70 93
766.5 127 129
766.5 127 130
768.0 185 192
768.0 185 193
769.5 193 196
769.5 193 197
771.0 34 43
771.0 34 44
772.5 125 134
772.5 125 135
774.0 54 68
774.0 54 69
775.5 55 86
775.5 55 87
777.0 123 129
777.0 123 130
778.5 75 76
778.5 75 83
780.0 35 43
780.0 35 44
781.5 126 130
781.5 126 131
783.0 5 6
783.0 5 7
784.5 150 155
784.5 150 156
786.0 113 115
786.0 113 116
787.5 186 193
787.5 186 194
789.0 58 92
789.0 58 93
790.5 132 135
790.5 132 136
792.0 124 135
792.0 124 136
793.5 36 42
793.5 36 43
795.0 68 93
795.0 69 70
796.5 190 199
796.5 191 192
798.0 148 159
798.0 148 179
799.5 147 178
799.5 147 179
801.0 147 155
801.0 147 156
802.5 18 26
802.5 18 27
804.0 10 11
804.0 10 12
805.5 175 181
805.5 175 182
807.0 143 144
807.0 143 145
808.5 123 137
808.5 123 138
810.0 184 194
810.0 184 195
811.5 195 199
811.5 196 197
813.0 3 16
813.0 3 17
814.5 19 22
814.5 19 23
816.0 54 55
816.0 54 65
817.5 29 30
817.5 30 31
819.0 180 181
819.0 180 182
820.5 187 189
820.5 187 190
822.0 20 31
822.0 21 22
823.5 143 181
823.5 143 182
825.0 71 90
825.0 71 91
826.5 4 10
826.5 4 11
828.0 48 71
828.0 48 72
829.5 18 30
829.5 18 31
831.0 9 13
831.0 9 14
832.5 122 132
832.5 122 133
834.0 48 57
834.0 48 58
835.5 98 105
835.5 98 106
837.0 188 190
837.0 188 191
838.5 124 131
838.5 124 132
840.0 74 90
840.0 74 91
841.5 178 183
841.5 179 180
843.0 21 31
843.0 22 23
844.5 62 65
844.5 63 64
846.0 188 196
846.0 188 197
847.5 52 70
847.5 52 71
849.0 194 195
849.0 194 196
850.5 53 90
850.5 53 91
852.0 94 107
852.0 94 122
853.5 148 149
853.5 148 154
855.0 164 181
855.0 164 182
856.5 50 72
856.5 50 73
858.0 51 53
858.0 51 54
859.5 143 146
859.5 143 147
861.0 48 107
861.0 48 121
862.5 150 157
862.5 150 158
864.0 7 8
864.0 7 9
865.5 43 47
865.5 44 45
867.0 129 130
867.0 129 131
868.5 128 129
868.5 128 130
870.0 49 66
870.0 49 67
871.5 54 87
871.5 54 88
873.0 97 98
873.0 97 99
874.5 140 146
874.5 140 147
876.0 72 87
876.0 72 88
877.5 125 136
877.5 125 137
879.0 142 180
879.0 142 181
880.5 148 182
880.5 148 183
882.0 18 22
882.0 18 23
883.5 48 67
883.5 48 68
885.0 26 30
885.0 27 28
886.5 48 83
886.5 48 84
888.0 49 74
888.0 49 84
889.5 173 174
889.5 174 175
891.0 167 182
891.0 167 183
892.5 70 71
892.5 70 85
894.0 140 162
894.0 140 163
895.5 18 20
895.5 18 21
897.0 38 39
897.0 38 40
898.5 139 175
898.5 139 176
900.0 133 136
900.0 133 137
901.5 141 176
901.5 141 177
903.0 162 182
903.0 162 183
904.5 139 179
904.5 139 180
906.0 20 25
906.0 20 26
907.5 139 173
907.5 139 174
909.0 48 85
909.0 48 86
910.5 133 138
910.5 134 135
912.0 31 32
912.0 31 43
913.5 98 103
913.5 98 104
915.0 94 101
915.0 94 102
916.5 32 36
916.5 32 37
918.0 139 157
918.0 139 158
919.5 113 121
919.5 114 115
921.0 161 175
921.0 161 176
922.5 187 193
922.5 187 194
924.0 36 46
924.0 36 47
925.5 104 105
925.5 104 106
927.0 73 92
927.0 73 93
928.5 77 83
928.5 77 84
930.0 116 117
930.0 116 118
931.5 162 174
931.5 162 175
933.0 151 154
933.0 151 155
934.5 159 180
934.5 159 181
936.0 110 114
936.0 110 115
937.5 58 63
937.5 58 64
939.0 42 43
939.0 42 44
940.5 160 175
940.5 160 176
942.0 140 178
942.0 140 179
943.5 50 68
943.5 50 69
945.0 121 122
945.0 122 123
946.5 21 23
946.5 21 24
948.0 0 1
948.0 1 2
949.5 47 122
949.5 47 138
951.0 32 38
951.0 32 39
952.5 144 181
952.5 144 182
954.0 51 92
954.0 51 93
955.5 18 24
955.5 18 25
957.0 145 159
957.0 145 160
958.5 191 197
958.5 191 198
960.0 53 66
960.0 53 67
961.5 49 91
961.5 49 92
963.0 32 44
963.0 32 45
964.5 53 70
964.5 53 85
966.0 22 26
966.0 22 27
967.5 188 194
967.5 188 195
969.0 143 179
969.0 143 180
970.5 48 89
970.5 48 90
972.0 88 90
972.0 88 91
973.5 138 184
973.5 138 199
975.0 145 157
975.0 145 158
976.5 111 121
976.5 111 122
978.0 43 45
978.0 43 46
979.5 109 120
979.5 109 121
981.0 3 12
981.0 3 13
982.5 162 172
982.5 162 173
984.0 133 134
984.0 133 135
985.5 190 191
985.5 190 192
987.0 69 90
987.0 69 91
988.5 72 93
988.5 73 74
990.0 159 178
990.0 159 179
991.5 75 90
991.5 75 91
993.0 141 145
993.0 141 146
994.5 5 8
994.5 5 9
996.0 33 38
996.0 33 39
997.5 128 135
997.5 128 136
999.0 17 30
999.0 17 31
1000.5 117 119
1000.5 117 120
1002.0 108 113
1002.0 108 114
1003.5 60 61
1003.5 60 62
1005.0 100 104
1005.0 100 105
1006.5 48 69
1006.5 48 70
1008.0 192 196
1008.0 192 197
1009.5 142 178
1009.5 142 179
1011.0 112 113
1011.0 112 114
1012.5 4 5
1012.5 4 7
1014.0 57 64
1014.0 57 65
1015.5 113 119
1015.5 113 120
1017.0 124 133
1017.0 124 134
1018.5 33 44
1018.5 33 45
1020.0 88 92
1020.0 89 90
1021.5 176 180
1021.5 176 181
1023.0 71 72
1023.0 71 85
1024.5 153 155
1024.5 153 156
1026.0 161 181
1026.0 161 182
1027.5 49 138
1027.5 50 51
1029.0 186 187
1029.0 186 188
1030.5 139 183
1030.5 139 184
1032.0 39 47
1032.0 40 41
1033.5 162 176
1033.5 162 177
1035.0 193 194
1035.0 193 195
1036.5 168 171
1036.5 168 172
1038.0 98 101
1038.0 98 102
1039.5 95 99
1039.5 95 100
1041.0 112 115
1041.0 112 116
1042.5 109 112
1042.5 109 113
1044.0 138 180
1044.0 138 181
1045.5 105 106
1045.5 106 107
1047.0 188 192
1047.0 188 193
1048.5 166 174
1048.5 166 175
1050.0 125 128
1050.0 125 129
1051.5 77 87
1051.5 77 88
1053.0 125 130
1053.0 125 131
1054.5 76 91
1054.5 76 92
1056.0 189 198
1056.0 189 199
1057.5 78 86
1057.5 78 91
1059.0 143 177
1059.0 143 178
1060.5 149 182
1060.5 149 183
1062.0 145 183
1062.0 146 147
1063.5 4 8
1063.5 4 9
1065.0 174 181
1065.0 174 182
1066.5 124 127
1066.5 124 128
1068.0 72 89
1068.0 72 90
1069.5 77 85
1069.5 77 86
1071.0 161 177
1071.0 161 178
1072.5 51 71
1072.5 51 72
1074.0 178 181
1074.0 178 182
1075.5 192 198
1075.5 192 199
1077.0 166 176
1077.0 166 178
1078.5 73 86
1078.5 73 87
1080.0 165 177
1080.0 165 178
1081.5 142 161
1081.5 142 173
1083.0 10 13
1083.0 10 14
1084.5 123 125
1084.5 123 126
1086.0 122 136
1086.0 122 137
1087.5 163 177
1087.5 163 178
1089.0 71 86
1089.0 71 87
1090.5 6 9
1090.5 6 10
1092.0 130 138
1092.0 131 132
1093.5 134 138
1093.5 135 136
1095.0 147 159
1095.0 147 160
1096.5 73 84
1096.5 73 85
1098.0 87 89
1098.0 87 90
1099.5 101 104
1099.5 101 105
1101.0 143 155
1101.0 143 156
1102.5 2 3
1102.5 3 4
1104.0 94 138
1104.0 95 96
1105.5 17 47
1105.5 18 19
1107.0 59 67
1107.0 59 68
1108.5 97 100
1108.5 97 101
1110.0 48 91
1110.0 48 92
1111.5 49 64
1111.5 49 65
1113.0 149 150
1113.0 149 153
1114.5 23 30
1114.5 23 31
1116.0 146 175
1116.0 146 176
1117.5 17 24
1117.5 17 25
1119.0 79 82
1119.0 79 83
1120.5 25 28
1120.5 25 29
1122.0 111 119
1122.0 111 120
1123.5 185 186
1123.5 185 187
1125.0 113 117
1125.0 113 118
1126.5 74 75
1126.5 74 83
1128.0 124 125
1128.0 124 126
1129.5 148 157
1129.5 148 158
1131.0 131 137
1131.0 131 138
1132.5 77 81
1132.5 77 82
1134.0 52 64
1134.0 52 65
1135.5 144 160
1135.5 144 174
1137.0 139 153
1137.0 139 154
1138.5 75 86
1138.5 75 87
1140.0 19 26
1140.0 19 27
1141.5 22 28
1141.5 22 29
1143.0 165 181
1143.0 165 182
1144.5 69 86
1144.5 69 87
1146.0 11 16
1146.0 12 13
1147.5 37 38
1147.5 37 39
1149.0 59 65
1149.0 59 66
1150.5 54 93
1150.5 55 56
1152.0 184 190
1152.0 184 191
1153.5 187 191
1153.5 187 192
1155.0 55 69
1155.0 55 70
1156.5 142 174
1156.5 142 175
1158.0 174 183
1158.0 175 176
1159.5 149 154
1159.5 149 155
1161.0 20 27
1161.0 20 28
1162.5 80 81
1162.5 80 82
1164.0 141 160
1164.0 141 161
1165.5 186 191
1165.5 186 192
1167.0 36 40
1167.0 36 41
1168.5 128 133
1168.5 128 134
1170.0 165 179
1170.0 165 180
1171.5 94 105
1171.5 94 106
1173.0 4 14
1173.0 4 15
1174.5 195 197
1174.5 195 198
1176.0 167 173
1176.0 167 174
1177.5 162 178
1177.5 162 179
