0 33 37
0 33 38
1.5 183 190
1.5 183 191
3.0 17 19
3.0 17 20
4.5 155 171
4.5 155 172
6.0 125 129
6.0 125 130
7.5 32 57
7.5 32 68
9.0 36 74
9.0 36 75
10.5 15 20
10.5 15 21
12.0 39 47
12.0 39 48
13.5 17 29
13.5 17 30
15.0 143 146
15.0 143 147
16.5 14 15
16.5 14 20
18.0 76 77
18.0 77 78
19.5 121 129
19.5 121 130
21.0 30 45
21.0 30 46
22.5 93 103
22.5 93 104
24.0 149 181
24.0 149 182
25.5 121 123
25.5 121 124
27.0 91 98
27.0 91 99
28.5 30 49
28.5 30 50
30.0 23 29
30.0 24 25
31.5 82 89
31.5 82 90
33.0 120 122
33.0 120 123
34.5 79 90
34.5 80 81
36.0 176 178
36.0 176 179
37.5 150 173
37.5 150 174
39.0 153 154
39.0 153 155
40.5 57 77
40.5 58 59
42.0 159 165
42.0 159 166
43.5 157 174
43.5 157 175
45.0 39 74
45.0 39 75
46.5 85 87
46.5 85 88
48.0 171 182
48.0 172 173
49.5 155 181
49.5 155 182
51.0 187 188
51.0 187 189
52.5 93 97
52.5 93 98
54.0 30 53
54.0 30 54
55.5 119 124
55.5 119 125
57.0 99 100
57.0 99 101
58.5 30 117
58.5 30 118
60.0 54 74
60.0 54 75
61.5 153 170
61.5 153 171
63.0 194 198
63.0 194 199
64.5 31 32
64.5 31 33
66.0 144 145
66.0 144 146
67.5 148 177
67.5 148 178
69.0 138 145
69.0 138 146
70.5 6 8
70.5 6 9
72.0 60 70
72.0 60 71
73.5 72 74
73.5 72 75
75.0 153 172
75.0 153 173
76.5 140 148
76.5 141 142
78.0 95 100
78.0 95 101
79.5 150 157
79.5 150 158
81.0 152 169
81.0 152 170
82.5 140 144
82.5 140 145
84.0 158 177
84.0 158 178
85.5 155 179
85.5 155 180
87.0 22 29
87.0 23 24
88.5 178 181
88.5 179 180
90.0 154 181
90.0 154 182
91.5 191 198
91.5 191 199
93.0 22 25
93.0 22 26
94.5 43 49
94.5 44 45
96.0 19 29
96.0 20 21
97.5 149 150
97.5 149 152
99.0 122 131
99.0 122 132
100.5 159 169
100.5 159 178
102.0 34 55
102.0 34 69
103.5 92 98
103.5 92 99
105.0 141 147
105.0 142 143
106.5 18 29
106.5 19 20
108.0 107 111
108.0 107 112
109.5 183 194
109.5 183 195
111.0 124 129
111.0 124 130
112.5 149 175
112.5 149 176
114.0 94 97
114.0 94 98
115.5 148 167
115.5 148 168
117.0 55 56
117.0 55 69
118.5 39 76
118.5 39 77
120.0 149 171
120.0 149 172
121.5 80 88
121.5 80 89
123.0 41 50
123.0 42 43
124.5 109 112
124.5 109 113
126.0 30 55
126.0 30 56
127.5 119 128
127.5 119 129
129.0 163 164
129.0 163 165
130.5 136 144
130.5 136 145
132.0 36 72
132.0 36 73
133.5 177 180
133.5 177 181
135.0 33 73
135.0 33 74
136.5 93 99
136.5 93 100
138.0 18 21
138.0 18 22
139.5 77 91
139.5 77 104
141.0 20 24
141.0 20 25
142.5 3 4
142.5 4 5
144.0 31 132
144.0 31 148
145.5 126 128
145.5 126 129
147.0 172 178
147.0 172 179
148.5 15 30
148.5 16 17
150.0 87 88
150.0 87 89
151.5 108 110
151.5 108 111
153.0 182 198
153.0 182 199
154.5 79 88
154.5 79 89
156.0 21 22
156.0 21 23
157.5 152 156
157.5 152 157
159.0 111 115
159.0 111 116
160.5 52 70
160.5 52 71
162.0 30 51
162.0 30 52
163.5 81 87
163.5 81 88
165.0 148 173
165.0 148 174
166.5 159 167
166.5 159 168
168.0 16 22
168.0 16 23
169.5 157 176
169.5 157 177
171.0 153 182
171.0 154 155
172.5 105 113
172.5 105 114
174.0 120 124
174.0 120 125
175.5 120 128
175.5 120 129
177.0 49 50
177.0 50 51
178.5 19 27
178.5 19 28
180.0 37 48
180.0 37 49
181.5 107 109
181.5 107 110
183.0 113 116
183.0 114 115
184.5 37 75
184.5 37 76
186.0 36 37
186.0 36 47
187.5 6 10
187.5 6 11
189.0 65 66
189.0 65 67
190.5 150 175
190.5 150 176
192.0 135 140
192.0 135 141
193.5 158 168
193.5 158 169
195.0 30 131
195.0 30 132
196.5 101 102
196.5 102 103
198.0 154 167
198.0 154 168
199.5 134 141
199.5 134 142
201.0 182 196
201.0 182 197
202.5 119 122
202.5 119 123
204.0 41 46
204.0 41 47
205.5 32 77
205.5 33 34
207.0 94 95
207.0 94 96
208.5 108 116
208.5 108 117
210.0 59 70
210.0 59 71
211.5 33 77
211.5 34 35
213.0 176 180
213.0 176 181
214.5 13 14
214.5 13 30
216.0 150 151
216.0 150 152
217.5 153 156
217.5 153 157
219.0 149 157
219.0 149 158
220.5 15 22
220.5 15 23
222.0 158 179
222.0 158 180
223.5 15 26
223.5 15 27
225.0 30 72
225.0 30 73
226.5 151 158
226.5 151 165
228.0 185 196
228.0 185 197
229.5 31 47
229.5 31 48
231.0 175 179
231.0 175 180
232.5 125 127
232.5 125 128
234.0 151 172
234.0 151 173
235.5 188 189
235.5 188 197
237.0 151 166
237.0 151 167
238.5 141 145
238.5 141 146
240.0 55 70
240.0 55 71
241.5 25 28
241.5 25 29
243.0 120 130
243.0 120 131
244.5 58 70
244.5 58 71
246.0 31 40
246.0 31 41
247.5 111 117
247.5 112 113
249.0 98 102
249.0 98 103
250.5 53 74
250.5 53 75
252.0 119 126
252.0 119 127
253.5 162 166
253.5 162 167
255.0 109 114
255.0 109 115
256.5 34 70
256.5 34 71
258.0 104 117
258.0 104 118
259.5 98 100
259.5 98 101
261.0 40 41
261.0 40 46
262.5 161 182
262.5 162 163
264.0 36 52
264.0 36 53
265.5 150 179
265.5 150 180
267.0 123 124
267.0 123 125
268.5 196 198
268.5 197 198
270.0 36 76
270.0 36 77
271.5 149 169
271.5 149 170
273.0 149 159
273.0 149 164
274.5 149 179
274.5 149 180
276.0 134 135
276.0 134 136
277.5 4 13
277.5 5 6
279.0 60 61
279.0 60 67
280.5 160 166
280.5 160 167
282.0 106 117
282.0 107 108
283.5 148 165
283.5 148 166
285.0 30 68
285.0 30 69
286.5 5 9
286.5 5 10
288.0 132 145
288.0 132 146
289.5 152 177
289.5 152 178
291.0 32 40
291.0 32 46
292.5 136 148
292.5 137 138
294.0 7 8
294.0 7 9
295.5 11 12
295.5 12 13
297.0 56 74
297.0 56 75
298.5 182 190
298.5 182 191
300.0 58 76
300.0 58 77
301.5 56 76
301.5 56 77
303.0 133 143
303.0 133 144
304.5 93 95
304.5 93 96
306.0 31 51
306.0 31 52
307.5 169 182
307.5 170 171
309.0 82 87
309.0 82 88
310.5 79 84
310.5 79 85
312.0 151 170
312.0 151 171
313.5 151 178
313.5 151 179
315.0 168 182
315.0 169 170
316.5 137 139
316.5 137 140
318.0 160 180
318.0 160 181
319.5 53 54
319.5 53 69
321.0 148 169
321.0 148 170
322.5 32 36
322.5 32 37
324.0 18 25
324.0 18 26
325.5 36 50
325.5 36 51
327.0 54 76
327.0 54 77
328.5 22 23
328.5 22 24
330.0 122 127
330.0 122 128
331.5 19 25
331.5 19 26
333.0 62 69
333.0 62 70
334.5 16 18
334.5 16 19
336.0 137 147
336.0 137 148
337.5 81 89
337.5 81 90
339.0 52 74
339.0 52 75
340.5 187 196
340.5 187 197
342.0 34 51
342.0 34 52
343.5 42 50
343.5 43 44
345.0 172 180
345.0 172 181
346.5 142 144
346.5 142 145
348.0 147 148
348.0 148 149
349.5 94 101
349.5 94 102
351.0 84 90
351.0 85 86
352.5 132 147
352.5 132 148
354.0 32 71
354.0 32 72
355.5 15 28
355.5 15 29
357.0 182 194
357.0 182 195
358.5 55 72
358.5 55 73
360.0 37 52
360.0 37 70
361.5 34 74
361.5 34 75
363.0 174 179
363.0 174 180
364.5 33 47
364.5 33 48
366.0 192 197
366.0 192 198
367.5 34 36
367.5 34 37
369.0 20 28
369.0 20 29
370.5 109 116
370.5 109 117
372.0 157 180
372.0 157 181
373.5 186 189
373.5 186 190
375.0 69 70
375.0 70 71
376.5 161 167
376.5 161 168
378.0 61 71
378.0 61 72
379.5 177 178
379.5 177 179
381.0 152 175
381.0 152 176
382.5 149 177
382.5 149 178
384.0 37 71
384.0 37 72
385.5 118 132
385.5 118 148
387.0 51 73
387.0 51 74
388.5 79 82
388.5 79 83
390.0 94 103
390.0 94 104
391.5 88 89
391.5 89 90
393.0 121 131
393.0 121 132
394.5 153 166
394.5 153 167
396.0 175 181
396.0 176 177
397.5 151 182
397.5 152 153
399.0 83 90
399.0 84 85
400.5 80 82
400.5 80 83
402.0 190 198
402.0 190 199
403.5 152 179
403.5 152 180
405.0 194 196
405.0 194 197
406.5 172 176
406.5 172 177
408.0 148 181
408.0 148 182
409.5 120 132
409.5 121 122
411.0 39 49
411.0 39 50
412.5 133 141
412.5 133 142
414.0 145 147
414.0 146 147
415.5 92 96
415.5 92 97
417.0 142 146
417.0 142 147
418.5 158 181
418.5 158 182
420.0 34 49
420.0 34 50
421.5 153 168
421.5 153 169
423.0 33 51
423.0 33 52
424.5 78 87
424.5 78 88
426.0 148 171
426.0 148 172
427.5 62 71
427.5 62 74
429.0 1 2
429.0 2 3
430.5 63 70
430.5 64 65
432.0 174 177
432.0 174 178
433.5 173 179
433.5 173 180
435.0 16 26
435.0 16 27
436.5 106 111
436.5 106 112
438.0 106 113
438.0 106 114
439.5 14 27
439.5 14 28
441.0 39 72
441.0 39 73
442.5 61 62
442.5 61 66
444.0 59 60
444.0 59 67
445.5 24 28
445.5 24 29
447.0 138 141
447.0 138 142
448.5 31 45
448.5 31 46
450.0 15 16
450.0 15 17
451.5 150 169
451.5 150 170
453.0 57 75
453.0 57 76
454.5 61 75
454.5 61 76
456.0 60 72
456.0 60 73
457.5 152 154
457.5 152 155
459.0 5 11
459.0 5 12
460.5 137 145
460.5 137 146
462.0 70 75
462.0 70 76
463.5 185 189
463.5 185 190
465.0 14 25
465.0 14 26
466.5 91 100
466.5 91 101
468.0 156 167
468.0 156 168
469.5 183 184
469.5 183 185
471.0 14 21
471.0 14 22
472.5 78 89
472.5 78 90
474.0 154 179
474.0 154 180
475.5 31 117
475.5 31 118
477.0 71 72
477.0 71 73
478.5 174 175
478.5 174 176
480.0 185 191
480.0 185 195
481.5 105 117
481.5 105 118
483.0 52 76
483.0 52 77
484.5 124 125
484.5 124 126
486.0 32 55
486.0 32 56
487.5 95 98
487.5 95 99
489.0 33 39
489.0 33 46
490.5 192 195
490.5 192 196
492.0 186 196
492.0 186 197
493.5 15 24
493.5 15 25
495.0 5 13
495.0 6 7
496.5 31 182
496.5 32 33
498.0 124 127
498.0 124 128
499.5 171 174
499.5 171 175
501.0 17 25
501.0 17 26
502.5 118 128
502.5 118 129
504.0 30 47
504.0 30 48
505.5 28 29
505.5 29 30
507.0 193 195
507.0 193 196
508.5 178 179
508.5 178 180
510.0 136 138
510.0 136 139
511.5 57 69
511.5 57 70
513.0 138 139
513.0 138 140
514.5 133 134
514.5 133 136
516.0 79 86
516.0 79 87
517.5 184 195
517.5 184 196
519.0 148 175
519.0 148 176
520.5 33 69
520.5 33 70
522.0 139 144
522.0 139 145
523.5 31 49
523.5 31 50
525.0 170 181
525.0 170 182
526.5 103 104
526.5 104 105
528.0 110 117
528.0 111 112
529.5 111 113
529.5 111 114
531.0 60 68
531.0 60 69
532.5 173 175
532.5 173 176
534.0 34 53
534.0 34 54
535.5 33 75
535.5 33 76
537.0 33 71
537.0 33 72
538.5 112 114
538.5 112 115
540.0 35 52
540.0 35 53
541.5 170 179
541.5 170 180
543.0 42 48
543.0 42 49
544.5 18 23
544.5 18 24
546.0 30 148
546.0 30 182
547.5 95 102
547.5 95 103
549.0 133 145
549.0 133 146
550.5 106 109
550.5 106 110
552.0 17 21
552.0 17 22
553.5 138 143
553.5 138 144
555.0 55 74
555.0 55 75
556.5 85 89
556.5 86 87
558.0 120 126
558.0 120 127
559.5 96 103
559.5 97 98
561.0 183 198
561.0 183 199
562.5 80 86
562.5 80 87
564.0 31 72
564.0 31 73
565.5 132 143
565.5 132 144
567.0 104 113
567.0 104 114
568.5 21 26
568.5 21 27
570.0 22 27
570.0 22 28
571.5 81 85
571.5 81 86
573.0 186 198
573.0 186 199
574.5 14 29
574.5 14 30
576.0 38 74
576.0 38 75
577.5 161 163
577.5 161 164
579.0 193 199
579.0 194 195
580.5 97 101
580.5 97 102
582.0 38 72
582.0 38 73
583.5 71 76
583.5 72 73
585.0 112 116
585.0 112 117
586.5 65 68
586.5 66 67
588.0 58 68
588.0 58 69
589.5 33 53
589.5 33 54
591.0 7 10
591.0 7 11
592.5 188 198
592.5 188 199
594.0 33 55
594.0 33 56
595.5 55 76
595.5 55 77
597.0 17 23
597.0 17 24
598.5 78 91
598.5 78 104
600.0 151 168
600.0 151 169
601.5 37 77
601.5 38 39
603.0 151 180
603.0 151 181
604.5 8 9
604.5 8 10
606.0 118 119
606.0 118 125
607.5 81 83
607.5 81 84
609.0 32 38
609.0 32 39
610.5 21 24
610.5 21 25
612.0 149 167
612.0 149 168
613.5 59 74
613.5 59 75
615.0 139 146
615.0 139 147
616.5 191 196
616.5 191 197
618.0 163 166
618.0 164 165
619.5 26 29
619.5 27 28
621.0 183 196
621.0 183 197
622.5 185 187
622.5 185 188
624.0 31 76
624.0 31 77
625.5 92 100
625.5 92 101
627.0 139 140
627.0 139 141
628.5 127 130
628.5 127 131
630.0 30 74
630.0 30 75
631.5 113 114
631.5 113 115
633.0 151 176
633.0 151 177
634.5 32 69
634.5 32 70
636.0 134 147
636.0 134 148
637.5 31 36
637.5 31 37
639.0 54 70
639.0 54 71
640.5 31 90
640.5 31 91
642.0 18 19
642.0 18 20
643.5 106 107
643.5 106 108
645.0 157 170
645.0 157 171
646.5 82 85
646.5 82 86
648.0 40 47
648.0 40 48
649.5 160 161
649.5 160 163
651.0 9 11
651.0 9 12
652.5 165 166
652.5 166 167
654.0 136 142
654.0 136 143
655.5 58 72
655.5 58 73
657.0 61 69
657.0 61 70
658.5 133 139
658.5 133 140
660.0 184 199
660.0 185 186
661.5 32 47
661.5 32 48
663.0 40 76
663.0 40 77
664.5 30 31
664.5 30 37
666.0 56 70
666.0 56 71
667.5 83 84
667.5 83 85
669.0 190 196
669.0 190 197
670.5 160 164
670.5 160 165
672.0 193 197
672.0 193 198
673.5 90 91
673.5 90 148
675.0 157 158
675.0 157 165
676.5 57 73
676.5 57 74
678.0 153 174
678.0 153 175
679.5 156 171
679.5 156 172
681.0 42 44
681.0 42 45
682.5 172 174
682.5 172 175
684.0 24 26
684.0 24 27
685.5 38 76
685.5 38 77
687.0 105 109
687.0 105 110
688.5 185 198
688.5 185 199
690.0 158 164
690.0 158 165
691.5 72 76
691.5 73 74
693.0 149 173
693.0 149 174
694.5 150 153
694.5 150 154
696.0 83 88
696.0 83 89
697.5 18 27
697.5 18 28
699.0 44 46
699.0 44 47
700.5 52 72
700.5 52 73
702.0 8 13
702.0 9 10
703.5 151 154
703.5 151 155
705.0 110 111
705.0 110 112
706.5 183 186
706.5 183 187
708.0 160 168
708.0 160 169
709.5 116 117
709.5 117 118
711.0 122 129
711.0 122 130
712.5 156 177
712.5 156 178
714.0 53 76
714.0 53 77
715.5 40 51
715.5 40 75
717.0 149 165
717.0 149 166
718.5 26 27
718.5 26 28
720.0 107 117
720.0 108 109
721.5 45 47
721.5 46 47
723.0 34 76
723.0 34 77
724.5 135 136
724.5 135 137
726.0 158 166
726.0 158 167
727.5 63 64
727.5 63 65
729.0 80 90
729.0 81 82
730.5 135 142
730.5 135 143
732.0 99 102
732.0 99 103
733.5 30 90
733.5 30 91
735.0 154 169
735.0 154 170
736.5 35 76
736.5 35 77
738.0 126 130
738.0 126 131
739.5 119 120
739.5 119 121
741.0 23 27
741.0 23 28
742.5 195 198
742.5 196 197
744.0 78 132
744.0 78 148
745.5 19 21
745.5 19 22
747.0 155 156
747.0 155 166
748.5 60 76
748.5 60 77
750.0 192 199
750.0 193 194
751.5 82 83
751.5 82 84
753.0 36 48
753.0 36 49
754.5 154 177
754.5 154 178
756.0 158 170
756.0 158 176
757.5 31 38
757.5 31 39
759.0 62 65
759.0 62 66
760.5 110 113
760.5 110 114
762.0 32 49
762.0 32 50
763.5 134 145
763.5 134 146
765.0 78 79
765.0 78 84
766.5 130 131
766.5 131 132
768.0 155 175
768.0 155 176
769.5 150 159
769.5 150 164
771.0 62 75
771.0 62 76
772.5 151 174
772.5 151 175
774.0 124 131
774.0 125 126
775.5 35 38
775.5 35 47
777.0 184 189
777.0 184 190
778.5 189 190
778.5 189 196
780.0 96 101
780.0 96 102
781.5 34 72
781.5 34 73
783.0 51 77
783.0 52 53
784.5 37 73
784.5 37 74
786.0 20 26
786.0 20 27
787.5 192 193
787.5 192 194
789.0 105 115
789.0 105 116
790.5 150 177
790.5 150 178
792.0 150 167
792.0 150 168
793.5 95 96
793.5 95 97
795.0 154 175
795.0 154 176
796.5 156 179
796.5 156 180
798.0 159 179
798.0 159 180
799.5 153 180
799.5 153 181
801.0 59 72
801.0 59 73
802.5 184 185
802.5 184 186
804.0 38 47
804.0 38 48
805.5 157 182
805.5 158 159
807.0 156 157
807.0 156 166
808.5 137 141
808.5 137 142
810.0 152 173
810.0 152 174
811.5 96 99
811.5 96 100
813.0 128 129
813.0 128 130
814.5 84 86
814.5 84 87
816.0 107 113
816.0 107 114
817.5 14 23
817.5 14 24
819.0 39 51
819.0 39 52
820.5 134 139
820.5 134 140
822.0 33 49
822.0 33 50
823.5 133 137
823.5 133 138
825.0 94 99
825.0 94 100
826.5 73 75
826.5 73 76
828.0 16 20
828.0 16 21
829.5 152 167
829.5 152 168
831.0 151 156
831.0 151 157
832.5 151 152
832.5 151 153
834.0 56 57
834.0 56 69
835.5 92 104
835.5 93 94
837.0 118 130
837.0 118 131
838.5 93 101
838.5 93 102
840.0 10 11
840.0 10 12
841.5 39 40
841.5 39 46
843.0 155 167
843.0 155 168
844.5 32 51
844.5 32 52
846.0 83 86
846.0 83 87
847.5 184 193
847.5 184 194
849.0 155 169
849.0 155 170
850.5 86 88
850.5 86 89
852.0 184 197
852.0 184 198
853.5 135 148
853.5 136 137
855.0 171 172
855.0 171 173
856.5 171 178
856.5 171 179
858.0 119 130
858.0 119 131
859.5 54 55
859.5 54 69
861.0 40 49
861.0 40 50
862.5 186 187
862.5 186 188
864.0 159 181
864.0 159 182
865.5 47 48
865.5 48 49
867.0 136 140
867.0 136 141
868.5 77 89
868.5 77 90
870.0 51 75
870.0 51 76
871.5 141 143
871.5 141 144
873.0 53 70
873.0 53 71
874.5 171 176
874.5 171 177
876.0 110 115
876.0 110 116
877.5 195 196
877.5 195 197
879.0 43 47
879.0 43 48
880.5 92 94
880.5 92 95
882.0 156 173
882.0 156 174
883.5 135 144
883.5 135 145
885.0 19 23
885.0 19 24
886.5 34 38
886.5 34 39
888.0 171 180
888.0 171 181
889.5 97 103
889.5 98 99
891.0 105 111
891.0 105 112
892.5 198 199
894.0 38 70
894.0 38 71
895.5 63 66
895.5 63 67
897.0 30 38
897.0 30 39
898.5 97 99
898.5 97 100
900.0 35 74
900.0 35 75
901.5 174 181
901.5 175 176
903.0 4 11
903.0 4 12
904.5 109 110
904.5 109 111
906.0 127 128
906.0 127 129
907.5 139 142
907.5 139 143
909.0 108 114
909.0 108 115
910.5 105 106
910.5 105 108
912.0 161 165
912.0 161 166
913.5 149 153
913.5 149 154
915.0 104 115
915.0 104 116
916.5 136 146
916.5 136 147
918.0 42 46
918.0 42 47
919.5 34 47
919.5 34 48
921.0 35 70
921.0 35 71
922.5 36 70
922.5 36 71
924.0 91 102
924.0 91 103
925.5 54 72
925.5 54 73
927.0 17 27
927.0 17 28
928.5 35 50
928.5 35 51
930.0 6 12
930.0 6 13
931.5 30 40
931.5 30 41
933.0 162 164
933.0 162 165
934.5 137 143
934.5 137 144
936.0 189 197
936.0 189 198
937.5 107 115
937.5 107 116
939.0 106 115
939.0 106 116
940.5 31 70
940.5 31 71
942.0 8 11
942.0 8 12
943.5 91 104
943.5 91 132
945.0 184 187
945.0 184 188
946.5 114 116
946.5 115 116
948.0 135 138
948.0 135 139
949.5 140 142
949.5 140 143
951.0 134 137
951.0 134 138
952.5 170 175
952.5 170 176
954.0 152 171
954.0 152 172
955.5 74 75
955.5 75 76
957.0 154 156
957.0 154 166
958.5 30 103
958.5 30 104
960.0 157 168
960.0 157 169
961.5 157 178
961.5 157 179
963.0 154 171
963.0 154 172
964.5 104 132
964.5 104 148
966.0 123 130
966.0 123 131
967.5 35 48
967.5 35 49
969.0 79 80
969.0 79 81
970.5 16 30
970.5 17 18
972.0 154 173
972.0 154 174
973.5 31 53
973.5 31 54
975.0 123 126
975.0 123 127
976.5 150 171
976.5 150 172
978.0 182 192
978.0 182 193
979.5 179 181
979.5 180 181
981.0 32 53
981.0 32 54
982.5 31 68
982.5 31 69
984.0 32 75
984.0 32 76
985.5 152 165
985.5 152 166
987.0 59 68
987.0 59 69
988.5 32 34
988.5 32 35
990.0 133 147
990.0 133 148
991.5 16 24
991.5 16 25
993.0 38 49
993.0 38 50
994.5 187 198
994.5 187 199
996.0 150 155
996.0 150 156
997.5 7 12
997.5 7 13
999.0 156 181
999.0 156 182
1000.5 16 28
1000.5 16 29
1002.0 35 72
1002.0 35 73
1003.5 30 57
1003.5 30 58
1005.0 43 45
1005.0 43 46
1006.5 35 36
1006.5 35 37
1008.0 121 127
1008.0 121 128
1009.5 31 34
1009.5 31 35
1011.0 53 72
1011.0 53 73
1012.5 31 74
1012.5 31 75
1014.0 181 182
1014.0 182 183
1015.5 118 126
1015.5 118 127
1017.0 21 28
1017.0 21 29
1018.5 15 18
1018.5 15 19
1020.0 30 76
1020.0 30 77
1021.5 51 52
1021.5 51 72
1023.0 60 74
1023.0 60 75
1024.5 149 155
1024.5 149 156
1026.0 71 74
1026.0 71 75
1027.5 150 181
1027.5 150 182
1029.0 169 178
1029.0 169 179
1030.5 38 51
1030.5 38 52
1032.0 30 70
1032.0 30 71
1033.5 35 54
1033.5 35 69
1035.0 91 148
1035.0 92 93
1036.5 170 177
1036.5 170 178
1038.0 31 55
1038.0 31 56
1039.5 100 101
1039.5 100 102
1041.0 119 132
1041.0 120 121
1042.5 61 73
1042.5 61 74
1044.0 153 178
1044.0 153 179
1045.5 168 180
1045.5 168 181
1047.0 183 192
1047.0 183 193
1048.5 183 188
1048.5 183 189
1050.0 123 128
1050.0 123 129
1051.5 23 25
1051.5 23 26
1053.0 59 76
1053.0 59 77
1054.5 56 72
1054.5 56 73
1056.0 122 125
1056.0 122 126
1057.5 37 50
1057.5 37 51
1059.0 157 166
1059.0 157 167
1060.5 91 92
1060.5 91 97
1062.0 57 71
1062.0 57 72
1063.5 96 97
1063.5 96 98
1065.0 167 168
1065.0 168 169
1066.5 64 68
1066.5 64 69
1068.0 134 143
1068.0 134 144
1069.5 108 112
1069.5 108 113
1071.0 148 179
1071.0 148 180
1072.5 78 85
1072.5 78 86
1074.0 128 131
1074.0 129 130
1075.5 150 165
1075.5 150 166
1077.0 20 22
1077.0 20 23
1078.5 153 176
1078.5 153 177
1080.0 152 181
1080.0 152 182
1081.5 159 160
1081.5 159 164
1083.0 155 177
1083.0 155 178
1084.5 138 147
1084.5 138 148
1086.0 41 42
1086.0 41 45
1087.5 92 102
1087.5 92 103
1089.0 33 35
1089.0 33 36
1090.5 189 199
1090.5 190 191
1092.0 121 125
1092.0 121 126
1093.5 172 182
1093.5 173 174
1095.0 77 132
1095.0 77 148
1096.5 135 146
1096.5 135 147
1098.0 156 169
1098.0 156 170
1099.5 62 67
1099.5 62 68
1101.0 125 131
1101.0 126 127
1102.5 156 175
1102.5 156 176
1104.0 25 26
1104.0 25 27
1105.5 67 68
1105.5 68 69
1107.0 169 180
1107.0 169 181
1108.5 84 88
1108.5 84 89
1110.0 175 177
1110.0 175 178
1111.5 139 148
1111.5 140 141
1113.0 173 181
1113.0 173 182
1114.5 0 1
1114.5 0 2
1116.0 63 68
1116.0 63 69
1117.5 122 123
1117.5 122 124
1119.0 61 77
1119.0 62 63
1120.5 144 147
1120.5 145 146
1122.0 57 58
1122.0 57 68
1123.5 160 182
1123.5 161 162
1125.0 80 84
1125.0 80 85
1126.5 140 146
1126.5 140 147
1128.0 61 67
1128.0 61 68
1129.5 184 191
1129.5 184 192
1131.0 191 192
1131.0 191 195
1132.5 41 48
1132.5 41 49
1134.0 44 48
1134.0 45 46
1135.5 31 103
1135.5 31 104
1137.0 132 133
1137.0 132 142
1138.5 173 177
1138.5 173 178
1140.0 37 38
1140.0 37 47
1141.5 155 173
1141.5 155 174
1143.0 58 74
1143.0 58 75
1144.5 31 57
1144.5 31 58
1146.0 64 66
1146.0 64 67
1147.5 143 144
1147.5 143 145
1149.0 32 73
1149.0 32 74
