0 163 164
0 163 165
1.5 0 15
1.5 1 2
3.0 27 38
3.0 27 39
4.5 71 93
4.5 71 94
6.0 125 129
6.0 125 130
7.5 143 174
7.5 143 175
9.0 41 53
9.0 41 54
10.5 82 85
10.5 82 86
12.0 159 174
12.0 159 175
13.5 41 49
13.5 41 50
15.0 7 10
15.0 7 11
16.5 44 53
16.5 45 46
18.0 154 162
18.0 154 163
19.5 61 91
19.5 61 92
21.0 35 38
21.0 35 39
22.5 113 134
22.5 113 135
24.0 114 132
24.0 114 133
25.5 172 173
25.5 173 174
27.0 83 88
27.0 83 89
28.5 29 42
28.5 29 43
30.0 39 44
30.0 39 45
31.5 36 51
31.5 36 52
33.0 39 42
33.0 39 43
34.5 113 128
34.5 113 129
36.0 154 176
36.0 154 177
37.5 75 90
37.5 75 91
39.0 106 138
39.0 106 139
40.5 155 156
40.5 155 157
42.0 67 88
42.0 67 89
43.5 64 100
43.5 65 66
45.0 80 83
45.0 80 84
46.5 162 167
46.5 162 168
48.0 41 47
48.0 41 48
49.5 33 52
49.5 33 53
51.0 118 123
51.0 118 124
52.5 154 156
52.5 154 157
54.0 30 53
54.0 30 54
55.5 79 82
55.5 79 83
57.0 123 132
57.0 123 133
58.5 102 140
58.5 103 104
60.0 39 54
60.0 39 55
61.5 117 133
61.5 117 134
63.0 144 166
63.0 144 167
64.5 118 119
64.5 118 120
66.0 190 199
66.0 191 192
67.5 69 74
67.5 69 75
69.0 147 166
69.0 147 167
70.5 30 45
70.5 30 46
72.0 81 87
72.0 81 88
73.5 28 41
73.5 28 42
75.0 105 128
75.0 105 129
76.5 101 137
76.5 101 138
78.0 66 80
78.0 66 81
79.5 30 49
79.5 30 50
81.0 161 165
81.0 161 166
82.5 159 166
82.5 159 167
84.0 62 92
84.0 62 93
85.5 48 49
85.5 48 50
87.0 159 170
87.0 159 171
88.5 159 160
88.5 159 161
90.0 33 44
90.0 33 45
91.5 105 132
91.5 105 133
93.0 140 177
93.0 140 178
94.5 143 170
94.5 143 171
96.0 33 54
96.0 33 55
97.5 122 133
97.5 122 134
99.0 36 57
99.0 37 38
100.5 34 42
100.5 34 43
102.0 162 171
102.0 162 172
103.5 154 158
103.5 154 159
105.0 33 48
105.0 33 49
106.5 195 199
106.5 196 197
108.0 71 77
108.0 71 78
109.5 84 89
109.5 84 90
111.0 28 57
111.0 28 58
112.5 167 168
112.5 167 169
114.0 22 52
114.0 22 53
115.5 187 198
115.5 187 199
117.0 107 132
117.0 107 133
118.5 37 39
118.5 37 40
120.0 151 171
120.0 151 172
121.5 80 91
121.5 80 92
123.0 28 35
123.0 28 36
124.5 74 80
124.5 74 81
126.0 0 1
126.0 0 2
127.5 153 160
127.5 153 161
129.0 158 159
129.0 158 160
130.5 65 84
130.5 65 85
132.0 158 169
132.0 158 170
133.5 108 127
133.5 108 128
135.0 78 83
135.0 78 84
136.5 26 44
136.5 26 45
138.0 120 129
138.0 120 130
139.5 115 120
139.5 115 121
141.0 143 172
141.0 143 173
142.5 106 118
142.5 106 119
144.0 37 51
144.0 37 52
145.5 155 176
145.5 155 177
147.0 152 161
147.0 152 162
148.5 67 96
148.5 67 97
150.0 147 164
150.0 147 165
151.5 101 131
151.5 101 132
153.0 149 166
153.0 149 167
154.5 68 93
154.5 68 94
156.0 42 47
156.0 42 48
157.5 30 41
157.5 30 42
159.0 79 86
159.0 79 87
160.5 21 22
160.5 21 50
162.0 145 174
162.0 145 175
163.5 96 97
163.5 97 98
165.0 56 57
165.0 57 58
166.5 24 52
166.5 24 53
168.0 103 140
168.0 104 105
169.5 165 169
169.5 165 170
171.0 109 130
171.0 109 131
172.5 75 80
172.5 75 81
174.0 113 118
174.0 113 119
175.5 72 75
175.5 72 76
177.0 26 58
177.0 26 59
178.5 106 134
178.5 106 135
180.0 24 56
180.0 24 57
181.5 157 159
181.5 157 160
183.0 119 122
183.0 119 123
184.5 40 53
184.5 40 54
186.0 149 152
186.0 149 153
187.5 1 13
187.5 1 14
189.0 116 121
189.0 116 122
190.5 3 4
190.5 3 5
192.0 33 46
192.0 33 47
193.5 109 122
193.5 109 123
195.0 36 47
195.0 36 48
196.5 110 139
196.5 111 112
198.0 25 60
198.0 26 27
199.5 67 98
199.5 67 99
201.0 123 124
201.0 123 125
202.5 27 50
202.5 27 51
204.0 105 136
204.0 105 137
205.5 105 140
205.5 106 107
207.0 26 54
207.0 26 55
208.5 44 47
208.5 44 48
210.0 151 159
210.0 151 160
211.5 28 51
211.5 28 52
213.0 107 130
213.0 107 131
214.5 75 84
214.5 75 85
216.0 141 177
216.0 141 178
217.5 104 138
217.5 104 139
219.0 188 197
219.0 188 198
220.5 108 109
220.5 108 114
222.0 69 94
222.0 69 95
223.5 126 127
223.5 126 128
225.0 146 166
225.0 146 167
226.5 144 178
226.5 144 179
228.0 107 126
228.0 107 127
229.5 64 92
229.5 64 93
231.0 160 165
231.0 160 166
232.5 114 116
232.5 114 117
234.0 109 126
234.0 109 127
235.5 150 161
235.5 150 162
237.0 29 50
237.0 29 51
238.5 117 135
238.5 117 136
240.0 47 50
240.0 47 51
241.5 110 137
241.5 110 138
243.0 153 164
243.0 153 165
244.5 63 94
244.5 63 95
246.0 108 123
246.0 108 124
247.5 157 169
247.5 157 170
249.0 34 40
249.0 34 41
250.5 112 117
250.5 112 118
252.0 102 132
252.0 102 133
253.5 113 136
253.5 113 137
255.0 36 45
255.0 36 46
256.5 108 131
256.5 108 132
258.0 28 53
258.0 28 54
259.5 124 131
259.5 124 132
261.0 158 165
261.0 158 166
262.5 152 163
262.5 152 164
264.0 81 83
264.0 81 84
265.5 149 176
265.5 149 177
267.0 66 94
267.0 66 95
268.5 39 46
268.5 39 47
270.0 119 120
270.0 119 121
271.5 71 87
271.5 71 88
273.0 32 53
273.0 32 54
274.5 142 176
274.5 142 177
276.0 2 3
276.0 2 4
277.5 119 134
277.5 119 135
279.0 35 48
279.0 35 49
280.5 32 57
280.5 32 58
282.0 62 96
282.0 62 97
283.5 47 48
283.5 47 49
285.0 111 129
285.0 111 130
286.5 163 170
286.5 163 171
288.0 115 122
288.0 115 123
289.5 154 166
289.5 154 167
291.0 67 94
291.0 67 95
292.5 104 122
292.5 104 123
294.0 76 97
294.0 77 78
295.5 29 54
295.5 29 55
297.0 146 174
297.0 146 175
298.5 120 133
298.5 120 134
300.0 163 172
300.0 163 173
301.5 149 178
301.5 149 179
303.0 190 197
303.0 190 198
304.5 122 123
304.5 122 124
306.0 66 92
306.0 66 93
307.5 31 39
307.5 31 40
309.0 116 131
309.0 116 132
310.5 157 163
310.5 157 164
312.0 68 91
312.0 68 92
313.5 114 118
313.5 114 119
315.0 188 195
315.0 188 196
316.5 108 137
316.5 108 138
318.0 75 92
318.0 75 93
319.5 35 50
319.5 35 51
321.0 29 32
321.0 29 33
322.5 157 175
322.5 157 176
324.0 70 89
324.0 70 90
325.5 54 55
325.5 55 56
327.0 0 11
327.0 0 12
328.5 23 52
328.5 23 53
330.0 160 173
330.0 160 174
331.5 22 56
331.5 22 57
333.0 75 86
333.0 75 87
334.5 76 85
334.5 76 86
336.0 26 40
336.0 26 41
337.5 128 131
337.5 129 130
339.0 162 173
339.0 162 174
340.5 39 48
340.5 39 49
342.0 124 125
342.0 124 126
343.5 35 54
343.5 35 55
345.0 142 143
345.0 142 167
346.5 194 199
346.5 195 196
348.0 110 113
348.0 110 114
349.5 69 80
349.5 69 81
351.0 140 141
351.0 140 174
352.5 36 37
352.5 36 38
354.0 29 46
354.0 29 47
355.5 153 172
355.5 153 173
357.0 0 3
357.0 0 4
358.5 147 174
358.5 147 175
360.0 42 53
360.0 42 54
361.5 147 170
361.5 147 171
363.0 110 133
363.0 110 134
364.5 34 38
364.5 34 39
366.0 37 47
366.0 37 48
367.5 37 43
367.5 37 44
369.0 74 82
369.0 74 83
370.5 151 173
370.5 151 174
372.0 27 48
372.0 27 49
373.5 76 87
373.5 76 88
375.0 107 134
375.0 107 135
376.5 158 163
376.5 158 164
378.0 25 52
378.0 25 53
379.5 74 76
379.5 74 77
381.0 103 124
381.0 103 125
382.5 70 97
382.5 70 98
384.0 108 115
384.0 108 116
385.5 111 131
385.5 111 132
387.0 117 131
387.0 117 132
388.5 8 9
388.5 8 10
390.0 4 9
390.0 4 10
391.5 98 99
391.5 99 100
393.0 66 78
393.0 66 79
394.5 22 48
394.5 22 49
396.0 68 69
396.0 68 74
397.5 4 5
397.5 4 6
399.0 27 52
399.0 27 53
400.5 42 49
400.5 42 50
402.0 64 84
402.0 64 85
403.5 121 123
403.5 121 124
405.0 70 73
405.0 70 74
406.5 150 155
406.5 150 156
408.0 35 52
408.0 35 53
409.5 1 11
409.5 1 12
411.0 24 54
411.0 24 55
412.5 36 41
412.5 36 42
414.0 66 100
414.0 67 68
415.5 141 142
415.5 141 170
417.0 34 56
417.0 34 57
418.5 121 133
418.5 121 134
420.0 69 76
420.0 69 77
421.5 160 171
421.5 160 172
423.0 155 164
423.0 155 165
424.5 148 171
424.5 148 172
426.0 143 180
426.0 144 145
427.5 117 127
427.5 117 128
429.0 150 177
429.0 150 178
430.5 107 122
430.5 107 123
432.0 21 55
432.0 21 56
433.5 71 85
433.5 71 86
435.0 78 95
435.0 78 96
436.5 110 119
436.5 110 120
438.0 117 123
438.0 117 124
439.5 20 55
439.5 20 56
441.0 72 87
441.0 72 88
442.5 150 169
442.5 150 170
444.0 162 165
444.0 162 166
445.5 152 159
445.5 152 160
447.0 32 39
447.0 32 40
448.5 64 82
448.5 64 83
450.0 2 5
450.0 2 6
451.5 107 136
451.5 107 137
453.0 86 89
453.0 86 90
454.5 66 86
454.5 66 87
456.0 160 163
456.0 160 164
457.5 67 92
457.5 67 93
459.0 48 51
459.0 49 50
460.5 160 169
460.5 160 170
462.0 43 52
462.0 43 53
463.5 72 85
463.5 72 86
465.0 75 82
465.0 75 83
466.5 111 119
466.5 111 120
468.0 109 132
468.0 109 133
469.5 31 45
469.5 31 46
471.0 69 82
471.0 69 83
472.5 109 124
472.5 109 125
474.0 29 52
474.0 29 53
475.5 132 133
475.5 133 134
477.0 116 125
477.0 116 126
478.5 27 36
478.5 27 37
480.0 191 195
480.0 191 196
481.5 174 175
481.5 175 176
483.0 76 95
483.0 76 96
484.5 0 9
484.5 0 10
486.0 114 126
486.0 114 127
487.5 124 129
487.5 124 130
489.0 126 131
489.0 126 132
490.5 71 79
490.5 71 80
492.0 2 13
492.0 2 14
493.5 78 79
493.5 78 80
495.0 191 199
495.0 192 193
496.5 79 94
496.5 79 95
498.0 27 58
498.0 27 59
499.5 108 129
499.5 108 130
501.0 73 78
501.0 73 79
502.5 114 130
502.5 114 131
504.0 156 175
504.0 156 176
505.5 148 149
505.5 148 154
507.0 119 124
507.0 119 125
508.5 130 131
508.5 131 132
510.0 153 154
510.0 153 155
511.5 120 125
511.5 120 126
513.0 63 96
513.0 63 97
514.5 144 174
514.5 144 175
516.0 108 135
516.0 108 136
517.5 37 41
517.5 37 42
519.0 156 163
519.0 156 164
520.5 77 81
520.5 77 82
522.0 153 170
522.0 153 171
523.5 148 159
523.5 148 160
525.0 37 45
525.0 37 46
526.5 149 160
526.5 149 161
528.0 120 135
528.0 121 122
529.5 34 46
529.5 34 47
531.0 151 167
531.0 151 168
532.5 106 140
532.5 107 108
534.0 38 55
534.0 38 56
535.5 110 125
535.5 110 126
537.0 80 95
537.0 81 82
538.5 100 139
538.5 100 140
540.0 35 44
540.0 35 45
541.5 147 156
541.5 147 157
543.0 69 88
543.0 69 89
544.5 60 95
544.5 60 96
546.0 140 175
546.0 140 176
547.5 161 167
547.5 161 168
549.0 67 90
549.0 67 91
550.5 60 99
550.5 60 100
552.0 73 90
552.0 73 91
553.5 159 164
553.5 159 165
555.0 80 81
555.0 80 82
556.5 61 97
556.5 61 98
558.0 69 92
558.0 69 93
559.5 110 131
559.5 110 132
561.0 148 167
561.0 148 168
562.5 127 130
562.5 127 131
564.0 147 162
564.0 147 163
565.5 30 39
565.5 30 40
567.0 148 179
567.0 149 150
568.5 109 118
568.5 109 119
570.0 28 47
570.0 28 48
571.5 153 162
571.5 153 163
573.0 23 56
573.0 23 57
574.5 36 53
574.5 36 54
576.0 136 137
576.0 137 138
577.5 102 134
577.5 102 135
579.0 145 172
579.0 145 173
580.5 20 59
580.5 20 60
582.0 1 3
582.0 1 4
583.5 25 46
583.5 25 47
585.0 85 89
585.0 85 90
586.5 28 59
586.5 29 30
588.0 105 124
588.0 105 125
589.5 77 85
589.5 77 86
591.0 67 80
591.0 67 81
592.5 73 74
592.5 73 75
594.0 39 50
594.0 39 51
595.5 150 167
595.5 150 168
597.0 109 120
597.0 109 121
598.5 162 169
598.5 162 170
600.0 147 176
600.0 147 177
601.5 67 76
601.5 67 77
603.0 154 160
603.0 154 161
604.5 81 85
604.5 81 86
606.0 52 53
606.0 53 54
607.5 25 56
607.5 25 57
609.0 75 76
609.0 75 77
610.5 166 167
610.5 166 168
612.0 111 125
612.0 111 126
613.5 142 172
613.5 142 173
615.0 194 195
615.0 194 196
616.5 107 118
616.5 107 119
618.0 77 93
618.0 77 94
619.5 193 194
619.5 193 195
621.0 120 123
621.0 120 124
622.5 143 164
622.5 143 165
624.0 113 116
624.0 113 117
625.5 77 95
625.5 77 96
627.0 60 61
627.0 60 94
628.5 142 174
628.5 142 175
630.0 42 43
630.0 42 44
631.5 165 167
631.5 165 168
633.0 25 42
633.0 25 43
634.5 151 169
634.5 151 170
636.0 76 77
636.0 76 78
637.5 3 10
637.5 3 11
639.0 30 59
639.0 31 32
640.5 116 117
640.5 116 118
642.0 115 130
642.0 115 131
643.5 188 189
643.5 188 194
645.0 150 179
645.0 151 152
646.5 159 172
646.5 159 173
648.0 38 53
648.0 38 54
649.5 155 162
649.5 155 163
651.0 103 138
651.0 103 139
652.5 27 56
652.5 27 57
654.0 115 128
654.0 115 129
655.5 78 81
655.5 78 82
657.0 110 115
657.0 110 116
658.5 143 176
658.5 143 177
660.0 150 171
660.0 150 172
661.5 111 135
661.5 111 136
663.0 155 170
663.0 155 171
664.5 21 53
664.5 21 54
666.0 77 91
666.0 77 92
667.5 27 40
667.5 27 41
669.0 82 87
669.0 82 88
670.5 32 51
670.5 32 52
672.0 151 155
672.0 151 156
673.5 73 88
673.5 73 89
675.0 2 11
675.0 2 12
676.5 102 128
676.5 102 129
678.0 126 129
678.0 126 130
679.5 31 37
679.5 31 38
681.0 62 94
681.0 62 95
682.5 148 165
682.5 148 166
684.0 72 89
684.0 72 90
685.5 22 23
685.5 22 47
687.0 3 6
687.0 3 7
688.5 147 178
688.5 147 179
690.0 157 167
690.0 157 168
691.5 182 183
691.5 183 184
693.0 43 50
693.0 43 51
694.5 156 173
694.5 156 174
696.0 38 41
696.0 38 42
697.5 144 162
697.5 144 163
699.0 117 119
699.0 117 120
700.5 146 162
700.5 146 163
702.0 74 88
702.0 74 89
703.5 26 60
703.5 27 28
705.0 74 94
705.0 74 95
706.5 155 168
706.5 155 169
708.0 33 58
708.0 34 35
709.5 43 46
709.5 43 47
711.0 134 135
711.0 135 136
712.5 26 42
712.5 26 43
714.0 140 179
714.0 140 180
715.5 128 129
715.5 128 130
717.0 153 166
717.0 153 167
718.5 62 90
718.5 62 91
720.0 6 9
720.0 6 10
721.5 145 176
721.5 145 177
723.0 79 92
723.0 79 93
724.5 112 119
724.5 112 120
726.0 157 165
726.0 157 166
727.5 74 90
727.5 74 91
729.0 50 51
729.0 51 52
730.5 68 83
730.5 68 84
732.0 165 171
732.0 165 172
733.5 62 98
733.5 62 99
735.0 184 185
735.0 185 186
736.5 104 124
736.5 104 125
738.0 31 57
738.0 31 58
739.5 4 7
739.5 4 8
741.0 118 129
741.0 118 130
742.5 27 42
742.5 27 43
744.0 78 85
744.0 78 86
745.5 142 170
745.5 142 171
747.0 104 132
747.0 104 133
748.5 142 180
748.5 143 144
750.0 145 170
750.0 145 171
751.5 63 84
751.5 63 85
753.0 36 49
753.0 36 50
754.5 82 93
754.5 82 94
756.0 72 81
756.0 72 82
757.5 66 98
757.5 66 99
759.0 149 164
759.0 149 165
760.5 76 91
760.5 76 92
762.0 116 123
762.0 116 124
763.5 72 83
763.5 72 84
765.0 143 178
765.0 143 179
766.5 39 52
766.5 39 53
768.0 74 96
768.0 74 97
769.5 149 170
769.5 149 171
771.0 46 51
771.0 46 52
772.5 45 47
772.5 45 48
774.0 87 88
774.0 87 89
775.5 146 178
775.5 146 179
777.0 104 134
777.0 104 135
778.5 32 55
778.5 32 56
780.0 83 92
780.0 83 93
781.5 113 138
781.5 114 115
783.0 146 158
783.0 146 159
784.5 32 47
784.5 32 48
786.0 75 78
786.0 75 79
787.5 40 49
787.5 40 50
789.0 66 82
789.0 66 83
790.5 116 137
790.5 117 118
792.0 157 171
792.0 157 172
793.5 103 134
793.5 103 135
795.0 69 72
795.0 69 73
796.5 115 116
796.5 115 117
798.0 141 179
798.0 141 180
799.5 110 111
799.5 110 112
801.0 196 198
801.0 196 199
802.5 189 194
802.5 189 195
804.0 149 158
804.0 149 159
805.5 122 125
805.5 122 126
807.0 71 81
807.0 71 82
808.5 42 51
808.5 42 52
810.0 68 99
810.0 69 70
811.5 114 136
811.5 114 137
813.0 161 173
813.0 161 174
814.5 119 132
814.5 119 133
816.0 25 50
816.0 25 51
817.5 31 33
817.5 31 34
819.0 32 45
819.0 32 46
820.5 0 13
820.5 0 14
822.0 25 40
822.0 25 41
823.5 64 96
823.5 64 97
825.0 72 91
825.0 72 92
826.5 163 168
826.5 163 169
828.0 92 93
828.0 93 94
829.5 36 55
829.5 36 56
831.0 155 172
831.0 155 173
832.5 112 115
832.5 112 116
834.0 83 84
834.0 83 85
835.5 162 163
835.5 162 164
837.0 118 121
837.0 118 122
838.5 24 46
838.5 24 47
840.0 24 42
840.0 24 43
841.5 113 120
841.5 113 121
843.0 166 171
843.0 166 172
844.5 33 38
844.5 33 39
846.0 28 39
846.0 28 40
847.5 155 174
847.5 155 175
849.0 152 157
849.0 152 158
850.5 4 11
850.5 4 12
852.0 116 119
852.0 116 120
853.5 115 136
853.5 115 137
855.0 113 126
855.0 113 127
856.5 150 173
856.5 150 174
858.0 30 51
858.0 30 52
859.5 66 90
859.5 66 91
861.0 4 13
861.0 5 6
862.5 63 90
862.5 63 91
864.0 33 50
864.0 33 51
865.5 144 168
865.5 144 169
867.0 31 53
867.0 31 54
868.5 63 98
868.5 63 99
870.0 120 121
870.0 120 122
871.5 84 93
871.5 85 86
873.0 153 156
873.0 153 157
874.5 70 87
874.5 70 88
876.0 110 123
876.0 110 124
877.5 104 136
877.5 104 137
879.0 121 129
879.0 121 130
880.5 5 9
880.5 5 10
882.0 28 29
882.0 28 34
883.5 71 73
883.5 71 74
885.0 27 54
885.0 27 55
886.5 78 91
886.5 78 92
888.0 46 49
888.0 46 50
889.5 70 81
889.5 70 82
891.0 30 47
891.0 30 48
892.5 26 46
892.5 26 47
894.0 86 91
894.0 86 92
895.5 108 117
895.5 108 118
897.0 30 43
897.0 30 44
898.5 193 198
898.5 193 199
900.0 159 162
900.0 159 163
901.5 20 57
901.5 20 58
903.0 62 100
903.0 63 64
904.5 40 55
904.5 41 42
906.0 153 174
906.0 153 175
907.5 108 119
907.5 108 120
909.0 143 166
909.0 143 167
910.5 155 158
910.5 155 159
912.0 168 171
912.0 169 170
913.5 33 40
913.5 33 41
915.0 35 42
915.0 35 43
916.5 164 167
916.5 164 168
918.0 152 155
918.0 152 156
919.5 100 137
919.5 100 138
921.0 36 43
921.0 36 44
922.5 152 165
922.5 152 166
924.0 77 87
924.0 77 88
925.5 65 94
925.5 65 95
927.0 72 95
927.0 72 96
928.5 73 86
928.5 73 87
930.0 123 128
930.0 123 129
931.5 34 44
931.5 34 45
933.0 65 92
933.0 65 93
934.5 176 177
934.5 177 178
936.0 149 156
936.0 149 157
937.5 156 167
937.5 156 168
939.0 159 168
939.0 159 169
940.5 198 199
942.0 106 126
942.0 106 127
943.5 150 153
943.5 150 154
945.0 111 121
945.0 111 122
946.5 117 125
946.5 117 126
948.0 148 163
948.0 148 164
949.5 34 36
949.5 34 37
951.0 68 75
951.0 68 76
952.5 37 55
952.5 37 56
954.0 27 46
954.0 27 47
955.5 30 35
955.5 30 36
957.0 151 161
957.0 151 162
958.5 24 44
958.5 24 45
960.0 152 153
960.0 152 154
961.5 61 62
961.5 61 90
963.0 141 175
963.0 141 176
964.5 43 44
964.5 43 45
966.0 144 180
966.0 145 146
967.5 73 98
967.5 74 75
969.0 30 31
969.0 30 32
970.5 101 133
970.5 101 134
972.0 69 96
972.0 69 97
973.5 34 52
973.5 34 53
975.0 111 127
975.0 111 128
976.5 65 90
976.5 65 91
978.0 72 77
978.0 72 78
979.5 31 35
979.5 31 36
981.0 5 7
981.0 5 8
982.5 103 130
982.5 103 131
984.0 160 161
984.0 160 162
985.5 36 39
985.5 36 40
987.0 145 164
987.0 145 165
988.5 156 161
988.5 156 162
990.0 80 89
990.0 80 90
991.5 112 113
991.5 112 114
993.0 102 138
993.0 102 139
994.5 106 128
994.5 106 129
996.0 1 9
996.0 1 10
997.5 29 56
997.5 29 57
999.0 161 171
999.0 161 172
1000.5 113 114
1000.5 113 115
1002.0 73 82
1002.0 73 83
1003.5 83 86
1003.5 83 87
1005.0 152 175
1005.0 152 176
1006.5 35 46
1006.5 35 47
1008.0 29 34
1008.0 29 35
1009.5 143 168
1009.5 143 169
1011.0 148 173
1011.0 148 174
1012.5 88 91
1012.5 89 90
1014.0 187 196
1014.0 187 197
1015.5 32 37
1015.5 32 38
1017.0 64 94
1017.0 64 95
1018.5 145 160
1018.5 145 161
1020.0 33 36
1020.0 33 37
1021.5 112 137
1021.5 112 138
1023.0 105 126
1023.0 105 127
1024.5 68 79
1024.5 68 80
1026.0 1 5
1026.0 1 6
1027.5 108 125
1027.5 108 126
1029.0 147 168
1029.0 147 169
1030.5 23 54
1030.5 23 55
1032.0 21 57
1032.0 21 58
1033.5 105 134
1033.5 105 135
1035.0 123 126
1035.0 123 127
1036.5 127 128
1036.5 127 129
1038.0 67 86
1038.0 67 87
1039.5 79 80
1039.5 79 81
1041.0 31 51
1041.0 31 52
1042.5 66 96
1042.5 66 97
1044.0 24 60
1044.0 25 26
1045.5 75 96
1045.5 75 97
1047.0 76 83
1047.0 76 84
1048.5 180 181
1048.5 181 182
1050.0 6 11
1050.0 6 12
1051.5 156 165
1051.5 156 166
1053.0 10 11
1053.0 11 12
1054.5 12 13
1054.5 13 14
1056.0 115 134
1056.0 115 135
1057.5 21 51
1057.5 21 52
1059.0 81 89
1059.0 81 90
1060.5 122 131
1060.5 122 132
1062.0 155 166
1062.0 155 167
1063.5 23 58
1063.5 23 59
1065.0 120 127
1065.0 120 128
1066.5 5 11
1066.5 5 12
1068.0 153 178
1068.0 154 155
1069.5 150 157
1069.5 150 158
1071.0 151 177
1071.0 151 178
1072.5 68 81
1072.5 68 82
1074.0 68 85
1074.0 68 86
1075.5 112 135
1075.5 112 136
1077.0 2 9
1077.0 2 10
1078.5 153 176
1078.5 153 177
1080.0 85 91
1080.0 85 92
1081.5 68 95
1081.5 68 96
1083.0 105 130
1083.0 105 131
1084.5 38 47
1084.5 38 48
1086.0 35 56
1086.0 35 57
1087.5 156 157
1087.5 156 158
1089.0 106 130
1089.0 106 131
1090.5 117 129
1090.5 117 130
1092.0 164 169
1092.0 164 170
1093.5 109 138
1093.5 109 139
1095.0 63 92
1095.0 63 93
1096.5 23 48
1096.5 23 49
1098.0 44 51
1098.0 44 52
1099.5 116 127
1099.5 116 128
1101.0 70 99
1101.0 71 72
1102.5 37 49
1102.5 37 50
1104.0 78 89
1104.0 78 90
1105.5 193 196
1105.5 193 197
1107.0 61 99
1107.0 61 100
1108.5 112 133
1108.5 112 134
1110.0 44 45
1110.0 44 46
1111.5 160 167
1111.5 160 168
1113.0 190 191
1113.0 190 192
1114.5 38 49
1114.5 38 50
1116.0 44 49
1116.0 44 50
1117.5 81 93
1117.5 81 94
1119.0 82 83
1119.0 82 84
1120.5 22 58
1120.5 22 59
1122.0 105 138
1122.0 105 139
1123.5 45 49
1123.5 45 50
1125.0 103 132
1125.0 103 133
1126.5 82 89
1126.5 82 90
1128.0 153 158
1128.0 153 159
1129.5 79 90
1129.5 79 91
1131.0 84 85
1131.0 84 86
1132.5 70 79
1132.5 70 80
1134.0 147 158
1134.0 147 159
1135.5 62 88
1135.5 62 89
1137.0 145 166
1137.0 145 167
1138.5 122 127
1138.5 122 128
1140.0 23 46
1140.0 23 47
1141.5 31 41
1141.5 31 42
1143.0 194 197
1143.0 194 198
1144.5 170 171
1144.5 171 172
1146.0 161 169
1146.0 161 170
1147.5 31 47
1147.5 31 48
1149.0 112 129
1149.0 112 130
1150.5 73 96
1150.5 73 97
1152.0 145 168
1152.0 145 169
1153.5 158 167
1153.5 158 168
1155.0 85 87
1155.0 85 88
1156.5 150 163
1156.5 150 164
1158.0 163 166
1158.0 163 167
1159.5 26 48
1159.5 26 49
1161.0 121 131
1161.0 121 132
1162.5 150 175
1162.5 150 176
1164.0 70 83
1164.0 70 84
1165.5 28 45
1165.5 28 46
1167.0 35 36
1167.0 35 37
1168.5 40 43
1168.5 40 44
1170.0 66 84
1170.0 66 85
1171.5 195 197
1171.5 195 198
1173.0 148 161
1173.0 148 162
1174.5 192 196
1174.5 192 197
1176.0 106 124
1176.0 106 125
1177.5 108 133
1177.5 108 134
1179.0 122 129
1179.0 122 130
1180.5 22 50
1180.5 22 51
1182.0 149 168
1182.0 149 169
1183.5 65 88
1183.5 65 89
1185.0 28 37
1185.0 28 38
1186.5 25 48
1186.5 25 49
1188.0 80 93
1188.0 80 94
1189.5 192 194
1189.5 192 195
1191.0 113 122
1191.0 113 123
1192.5 144 170
1192.5 144 171
1194.0 32 33
1194.0 32 34
1195.5 189 198
1195.5 189 199
1197.0 38 43
1197.0 38 44
1198.5 29 36
1198.5 29 37
1200.0 18 19
1200.0 19 20
1201.5 191 193
1201.5 191 194
1203.0 147 172
1203.0 147 173
1204.5 146 172
1204.5 146 173
1206.0 164 173
1206.0 165 166
1207.5 146 170
1207.5 146 171
1209.0 30 57
1209.0 30 58
1210.5 34 54
1210.5 34 55
1212.0 106 132
1212.0 106 133
1213.5 22 60
1213.5 23 24
1215.0 107 120
1215.0 107 121
1216.5 58 59
1216.5 59 60
1218.0 33 42
1218.0 33 43
1219.5 115 124
1219.5 115 125
1221.0 148 175
1221.0 148 176
1222.5 3 12
1222.5 3 13
1224.0 81 91
1224.0 81 92
1225.5 157 173
1225.5 157 174
1227.0 111 123
1227.0 111 124
1228.5 28 49
1228.5 28 50
1230.0 103 136
1230.0 103 137
1231.5 72 93
1231.5 72 94
1233.0 23 50
1233.0 23 51
1234.5 106 122
1234.5 106 123
1236.0 112 125
1236.0 112 126
1237.5 115 118
1237.5 115 119
1239.0 105 122
1239.0 105 123
1240.5 118 127
1240.5 118 128
1242.0 114 120
1242.0 114 121
1243.5 109 134
1243.5 109 135
1245.0 30 37
1245.0 30 38
1246.5 142 168
1246.5 142 169
1248.0 77 79
1248.0 77 80
1249.5 61 93
1249.5 61 94
1251.0 29 38
1251.0 29 39
1252.5 109 136
1252.5 109 137
1254.0 77 83
1254.0 77 84
1255.5 76 81
1255.5 76 82
1257.0 31 55
1257.0 31 56
1258.5 110 127
1258.5 110 128
1260.0 160 175
1260.0 161 162
1261.5 41 51
1261.5 41 52
1263.0 148 155
1263.0 148 156
1264.5 29 58
1264.5 29 59
1266.0 23 60
1266.0 24 25
1267.5 67 82
1267.5 67 83
1269.0 28 43
1269.0 28 44
1270.5 2 7
1270.5 2 8
1272.0 109 128
1272.0 109 129
1273.5 82 91
1273.5 82 92
1275.0 72 73
1275.0 72 74
1276.5 80 85
1276.5 80 86
1278.0 167 170
1278.0 167 171
1279.5 107 138
1279.5 107 139
1281.0 77 89
1281.0 77 90
1282.5 146 176
1282.5 146 177
1284.0 115 126
1284.0 115 127
1285.5 114 128
1285.5 114 129
1287.0 31 43
1287.0 31 44
1288.5 101 102
1288.5 101 130
1290.0 106 136
1290.0 106 137
1291.5 151 157
1291.5 151 158
1293.0 75 88
1293.0 75 89
1294.5 151 165
1294.5 151 166
1296.0 154 170
1296.0 154 171
1297.5 32 43
1297.5 32 44
1299.0 68 87
1299.0 68 88
1300.5 26 52
1300.5 26 53
1302.0 69 90
1302.0 69 91
1303.5 118 125
1303.5 118 126
1305.0 100 135
1305.0 100 136
1306.5 74 78
1306.5 74 79
1308.0 38 51
1308.0 38 52
1309.5 101 135
1309.5 101 136
1311.0 110 129
1311.0 110 130
1312.5 103 126
1312.5 103 127
1314.0 154 164
1314.0 154 165
1315.5 16 17
1315.5 17 18
1317.0 40 41
1317.0 40 42
1318.5 188 199
1318.5 189 190
1320.0 22 54
1320.0 22 55
1321.5 25 54
1321.5 25 55
1323.0 147 160
1323.0 147 161
1324.5 149 154
1324.5 149 155
1326.0 80 87
1326.0 80 88
1327.5 151 153
1327.5 151 154
1329.0 46 47
1329.0 46 48
1330.5 121 127
1330.5 121 128
1332.0 34 48
1332.0 34 49
1333.5 26 38
1333.5 26 39
1335.0 161 163
1335.0 161 164
1336.5 6 7
1336.5 6 8
1338.0 69 98
1338.0 69 99
1339.5 149 172
1339.5 149 173
1341.0 144 164
1341.0 144 165
1342.5 118 131
1342.5 118 132
1344.0 64 98
1344.0 64 99
1345.5 178 179
1345.5 179 180
1347.0 70 75
1347.0 70 76
1348.5 69 84
1348.5 69 85
1350.0 83 90
1350.0 83 91
1351.5 141 173
1351.5 141 174
1353.0 31 49
1353.0 31 50
1354.5 23 44
1354.5 23 45
1356.0 63 88
1356.0 63 89
1357.5 118 133
1357.5 118 134
1359.0 70 93
1359.0 70 94
1360.5 74 86
1360.5 74 87
1362.0 71 95
1362.0 71 96
1363.5 29 48
1363.5 29 49
1365.0 0 7
1365.0 0 8
1366.5 104 130
1366.5 104 131
1368.0 119 126
1368.0 119 127
1369.5 70 91
1369.5 70 92
1371.0 29 44
1371.0 29 45
1372.5 63 100
1372.5 64 65
1374.0 158 175
1374.0 158 176
1375.5 86 87
1375.5 86 88
1377.0 70 95
1377.0 70 96
1378.5 111 115
1378.5 111 116
1380.0 189 192
1380.0 189 193
1381.5 73 80
1381.5 73 81
1383.0 197 198
1383.0 197 199
1384.5 33 56
1384.5 33 57
1386.0 124 133
1386.0 125 126
1387.5 107 124
1387.5 107 125
1389.0 186 199
1389.0 187 188
1390.5 191 197
1390.5 191 198
1392.0 7 8
1392.0 7 9
1393.5 30 33
1393.5 30 34
1395.0 73 76
1395.0 73 77
1396.5 74 92
1396.5 74 93
1398.0 26 50
1398.0 26 51
1399.5 65 80
1399.5 65 81
1401.0 65 98
1401.0 65 99
1402.5 125 131
1402.5 125 132
1404.0 67 84
1404.0 67 85
1405.5 150 159
1405.5 150 160
1407.0 38 45
1407.0 38 46
1408.5 125 127
1408.5 125 128
1410.0 0 5
1410.0 0 6
1411.5 146 168
1411.5 146 169
1413.0 152 173
1413.0 152 174
1414.5 71 97
1414.5 71 98
1416.0 156 159
1416.0 156 160
1417.5 73 84
1417.5 73 85
1419.0 156 169
1419.0 156 170
1420.5 101 139
1420.5 101 140
1422.0 109 116
1422.0 109 117
1423.5 111 117
1423.5 111 118
1425.0 64 90
1425.0 64 91
1426.5 61 95
1426.5 61 96
1428.0 145 178
1428.0 145 179
1429.5 78 93
1429.5 78 94
1431.0 107 116
1431.0 107 117
1432.5 116 133
1432.5 116 134
1434.0 108 139
1434.0 109 110
1435.5 35 40
1435.5 35 41
1437.0 60 97
1437.0 60 98
1438.5 149 162
1438.5 149 163
1440.0 71 83
1440.0 71 84
1441.5 76 93
1441.5 76 94
1443.0 43 48
1443.0 43 49
1444.5 113 124
1444.5 113 125
1446.0 27 44
1446.0 27 45
1447.5 20 21
1447.5 20 54
1449.0 164 171
1449.0 164 172
1450.5 32 49
1450.5 32 50
1452.0 105 120
1452.0 105 121
1453.5 65 86
1453.5 65 87
1455.0 145 180
1455.0 146 147
1456.5 8 11
1456.5 9 10
1458.0 164 165
1458.0 164 166
1459.5 62 63
1459.5 62 87
1461.0 76 89
1461.0 76 90
1462.5 107 128
1462.5 107 129
1464.0 65 100
1464.0 66 67
1465.5 112 123
1465.5 112 124
1467.0 148 157
1467.0 148 158
1468.5 192 198
1468.5 192 199
1470.0 72 79
1470.0 72 80
1471.5 45 51
1471.5 45 52
1473.0 114 134
1473.0 114 135
1474.5 34 50
1474.5 34 51
1476.0 123 130
1476.0 123 131
1477.5 111 113
1477.5 111 114
1479.0 88 89
1479.0 88 90
1480.5 32 41
1480.5 32 42
1482.0 112 127
1482.0 112 128
1483.5 21 59
1483.5 21 60
1485.0 28 55
1485.0 28 56
1486.5 186 187
1486.5 186 198
1488.0 65 96
1488.0 65 97
1489.5 115 132
1489.5 115 133
1491.0 110 135
1491.0 110 136
1492.5 67 78
1492.5 67 79
1494.0 63 86
1494.0 63 87
1495.5 87 90
1495.5 87 91
1497.0 32 35
1497.0 32 36
1498.5 141 171
1498.5 141 172
1500.0 73 94
1500.0 73 95
1501.5 120 131
1501.5 120 132
1503.0 118 135
1503.0 118 136
1504.5 76 79
1504.5 76 80
1506.0 109 114
1506.0 109 115
1507.5 150 151
1507.5 150 152
1509.0 104 140
1509.0 105 106
1510.5 114 122
1510.5 114 123
1512.0 74 84
1512.0 74 85
1513.5 151 175
1513.5 151 176
1515.0 73 92
1515.0 73 93
1516.5 72 97
1516.5 72 98
1518.0 103 128
1518.0 103 129
1519.5 25 58
1519.5 25 59
1521.0 154 172
1521.0 154 173
1522.5 70 77
1522.5 70 78
1524.0 29 40
1524.0 29 41
1525.5 149 174
1525.5 149 175
1527.0 104 128
1527.0 104 129
1528.5 148 177
1528.5 148 178
1530.0 39 40
1530.0 39 41
1531.5 102 136
1531.5 102 137
1533.0 106 120
1533.0 106 121
1534.5 113 130
1534.5 113 131
1536.0 154 168
1536.0 154 169
1537.5 30 55
1537.5 30 56
1539.0 64 86
1539.0 64 87
1540.5 168 169
1540.5 168 170
1542.0 156 177
1542.0 157 158
1543.5 84 87
1543.5 84 88
1545.0 109 112
1545.0 109 113
1546.5 119 128
1546.5 119 129
1548.0 71 75
1548.0 71 76
1549.5 153 168
1549.5 153 169
1551.0 1 7
1551.0 1 8
1552.5 66 88
1552.5 66 89
1554.0 116 129
1554.0 116 130
1555.5 152 177
1555.5 152 178
1557.0 190 195
1557.0 190 196
1558.5 111 137
1558.5 111 138
1560.0 146 160
1560.0 146 161
1561.5 146 164
1561.5 146 165
1563.0 69 86
1563.0 69 87
1564.5 75 94
1564.5 75 95
1566.0 189 196
1566.0 189 197
1567.5 158 173
1567.5 158 174
1569.0 40 45
1569.0 40 46
1570.5 33 34
1570.5 33 35
1572.0 40 51
1572.0 40 52
1573.5 79 88
1573.5 79 89
1575.0 102 103
1575.0 102 127
1576.5 70 71
1576.5 70 72
1578.0 94 95
1578.0 95 96
1579.5 68 77
1579.5 68 78
1581.0 108 121
1581.0 108 122
1582.5 70 85
1582.5 70 86
1584.0 65 82
1584.0 65 83
1585.5 90 91
1585.5 91 92
1587.0 146 180
1587.0 147 148
1588.5 111 133
1588.5 111 134
1590.0 69 78
1590.0 69 79
1591.5 152 171
1591.5 152 172
1593.0 114 124
1593.0 114 125
1594.5 25 44
1594.5 25 45
1596.0 24 50
1596.0 24 51
1597.5 112 131
1597.5 112 132
1599.0 3 8
1599.0 3 9
1600.5 155 160
1600.5 155 161
1602.0 71 91
1602.0 71 92
1603.5 102 130
1603.5 102 131
1605.0 152 167
1605.0 152 168
1606.5 145 162
1606.5 145 163
1608.0 150 165
1608.0 150 166
1609.5 158 171
1609.5 158 172
1611.0 158 161
1611.0 158 162
1612.5 68 89
1612.5 68 90
1614.0 110 121
1614.0 110 122
1615.5 144 176
1615.5 144 177
1617.0 157 161
1617.0 157 162
1618.5 144 172
1618.5 144 173
1620.0 121 125
1620.0 121 126
1621.5 78 87
1621.5 78 88
1623.0 100 101
1623.0 100 134
1624.5 79 84
1624.5 79 85
1626.0 42 45
1626.0 42 46
1627.5 151 163
1627.5 151 164
1629.0 156 171
1629.0 156 172
1630.5 24 48
1630.5 24 49
1632.0 152 169
1632.0 152 170
1633.5 71 89
1633.5 71 90
1635.0 84 91
1635.0 84 92
1636.5 119 130
1636.5 119 131
1638.0 104 126
1638.0 104 127
1639.5 26 56
1639.5 26 57
1641.0 113 132
1641.0 113 133
1642.5 117 121
1642.5 117 122
1644.0 24 58
1644.0 24 59
1645.5 166 169
1645.5 166 170
1647.0 138 139
1647.0 139 140
1648.5 68 97
1648.5 68 98
1650.0 124 127
1650.0 124 128
1651.5 38 39
1651.5 38 40
1653.0 142 178
1653.0 142 179
1654.5 110 117
1654.5 110 118
1656.0 116 135
1656.0 116 136
1657.5 40 47
1657.5 40 48
1659.0 154 174
1659.0 154 175
1660.5 14 15
1660.5 15 16
1662.0 64 88
1662.0 64 89
1663.5 41 43
1663.5 41 44
1665.0 190 193
1665.0 190 194
1666.5 41 45
1666.5 41 46
1668.0 112 121
1668.0 112 122
1669.5 148 169
1669.5 148 170
1671.0 37 53
1671.0 37 54
