0 20 27
0 20 28
1.5 72 84
1.5 72 85
3.0 9 10
3.0 10 11
4.5 19 33
4.5 19 34
6.0 119 133
6.0 119 134
7.5 122 130
7.5 122 131
9.0 62 85
9.0 62 86
10.5 49 51
10.5 49 52
12.0 174 185
12.0 175 176
13.5 144 146
13.5 144 147
15.0 140 153
15.0 140 154
16.5 2 7
16.5 3 4
18.0 153 157
18.0 153 158
19.5 13 14
19.5 13 28
21.0 94 104
21.0 94 105
22.5 170 180
22.5 170 181
24.0 0 3
24.0 0 4
25.5 68 77
25.5 68 78
27.0 24 33
27.0 25 26
28.5 44 54
28.5 44 55
30.0 140 155
30.0 140 156
31.5 18 20
31.5 18 21
33.0 89 90
33.0 89 102
34.5 44 50
34.5 44 51
36.0 22 30
36.0 22 31
37.5 42 55
37.5 42 56
39.0 125 126
39.0 125 127
40.5 95 96
40.5 95 97
42.0 41 59
42.0 41 60
43.5 70 80
43.5 70 81
45.0 91 97
45.0 91 98
46.5 15 37
46.5 16 17
48.0 96 107
48.0 96 108
49.5 39 51
49.5 39 52
51.0 70 84
51.0 70 85
52.5 56 57
52.5 57 58
54.0 18 36
54.0 19 20
55.5 68 85
55.5 68 86
57.0 93 105
57.0 93 106
58.5 74 84
58.5 75 76
60.0 18 28
60.0 18 29
61.5 48 57
61.5 48 58
63.0 137 138
63.0 137 160
64.5 145 150
64.5 145 151
66.0 22 24
66.0 22 25
67.5 119 125
67.5 119 126
69.0 171 175
69.0 171 176
70.5 68 81
70.5 68 82
72.0 120 125
72.0 120 126
73.5 113 130
73.5 113 131
75.0 19 29
75.0 19 30
76.5 66 86
76.5 66 87
78.0 21 31
78.0 21 32
79.5 22 34
79.5 23 24
81.0 141 157
81.0 141 158
82.5 122 124
82.5 122 125
84.0 138 162
84.0 138 187
85.5 64 80
85.5 64 81
87.0 66 78
87.0 66 79
88.5 71 83
88.5 71 84
90.0 195 199
90.0 196 197
91.5 151 153
91.5 151 154
93.0 91 101
93.0 91 102
94.5 1 2
94.5 1 3
96.0 38 39
96.0 38 53
97.5 144 156
97.5 144 157
99.0 91 99
99.0 91 100
100.5 40 51
100.5 40 52
102.0 43 53
102.0 43 54
103.5 178 181
103.5 178 182
105.0 43 49
105.0 43 50
106.5 148 159
106.5 148 160
108.0 176 183
108.0 176 184
109.5 67 79
109.5 67 80
111.0 92 102
111.0 92 103
112.5 117 128
112.5 117 129
114.0 68 69
114.0 68 70
115.5 143 144
115.5 143 145
117.0 143 158
117.0 143 159
118.5 69 74
118.5 69 75
120.0 65 81
120.0 65 82
121.5 19 31
121.5 19 32
123.0 63 83
123.0 63 84
124.5 103 105
124.5 103 106
126.0 163 186
126.0 163 187
127.5 100 106
127.5 100 107
129.0 75 77
129.0 75 78
130.5 172 173
130.5 172 174
132.0 41 47
132.0 41 48
133.5 196 198
133.5 196 199
135.0 116 117
135.0 116 123
136.5 76 82
136.5 76 83
138.0 141 149
138.0 141 150
139.5 12 187
139.5 12 188
141.0 65 75
141.0 65 76
142.5 25 29
142.5 25 30
144.0 20 25
144.0 20 26
145.5 21 35
145.5 22 23
147.0 166 182
147.0 166 183
148.5 137 187
148.5 137 188
150.0 99 109
150.0 100 101
151.5 95 110
151.5 95 111
153.0 165 186
153.0 165 187
154.5 71 85
154.5 72 73
156.0 102 108
156.0 103 104
157.5 171 185
157.5 171 186
159.0 29 31
159.0 30 31
160.5 92 98
160.5 92 99
162.0 142 155
162.0 142 156
163.5 127 132
163.5 127 133
165.0 19 25
165.0 19 26
166.5 21 27
166.5 21 28
168.0 42 49
168.0 42 50
169.5 169 173
169.5 169 174
171.0 69 78
171.0 69 79
172.5 112 188
172.5 113 114
174.0 45 52
174.0 45 53
175.5 45 50
175.5 45 51
177.0 49 55
177.0 49 56
178.5 89 109
178.5 89 110
180.0 87 111
180.0 87 112
181.5 140 161
181.5 140 162
183.0 114 134
183.0 114 135
184.5 117 130
184.5 117 131
186.0 176 177
186.0 176 178
187.5 67 83
187.5 67 84
189.0 15 23
189.0 15 24
190.5 60 61
190.5 61 62
192.0 13 31
192.0 13 32
193.5 139 157
193.5 139 158
195.0 62 188
195.0 63 64
196.5 66 76
196.5 66 77
198.0 49 59
198.0 50 51
199.5 66 74
199.5 66 75
201.0 65 79
201.0 65 80
202.5 94 100
202.5 94 101
204.0 147 159
204.0 147 160
205.5 16 35
205.5 16 36
207.0 42 61
207.0 43 44
208.5 38 58
208.5 38 59
210.0 13 37
210.0 14 15
211.5 148 155
211.5 148 156
213.0 93 111
213.0 94 95
214.5 73 80
214.5 73 81
216.0 93 97
216.0 93 98
217.5 41 55
217.5 41 56
219.0 20 21
219.0 20 22
220.5 122 132
220.5 122 133
222.0 17 30
222.0 17 31
223.5 37 58
223.5 37 59
225.0 43 51
225.0 43 52
226.5 166 184
226.5 166 185
228.0 43 59
228.0 43 60
229.5 16 31
229.5 16 32
231.0 118 137
231.0 119 120
232.5 54 56
232.5 55 56
234.0 120 121
234.0 120 122
235.5 128 129
235.5 128 130
237.0 145 156
237.0 145 157
238.5 144 152
238.5 144 153
240.0 116 124
240.0 116 125
241.5 89 103
241.5 89 104
243.0 143 156
243.0 143 157
244.5 41 42
244.5 41 46
246.0 93 103
246.0 93 104
247.5 15 29
247.5 15 30
249.0 146 151
249.0 146 152
250.5 17 22
250.5 17 23
252.0 193 196
252.0 193 197
253.5 15 33
253.5 15 34
255.0 124 127
255.0 124 128
256.5 46 50
256.5 46 51
258.0 72 76
258.0 72 77
259.5 19 35
259.5 19 36
261.0 0 5
261.0 0 6
262.5 28 30
262.5 28 31
264.0 52 57
264.0 53 54
265.5 73 76
265.5 73 77
267.0 122 126
267.0 122 127
268.5 38 60
268.5 38 61
270.0 100 102
270.0 100 103
271.5 151 159
271.5 152 153
273.0 163 164
273.0 163 181
274.5 67 75
274.5 67 76
276.0 65 87
276.0 66 67
277.5 146 157
277.5 146 158
279.0 24 31
279.0 24 32
280.5 3 5
280.5 3 6
282.0 18 34
282.0 18 35
283.5 69 70
283.5 69 71
285.0 14 25
285.0 14 26
286.5 17 36
286.5 18 19
288.0 177 180
288.0 177 181
289.5 21 33
289.5 21 34
291.0 143 160
291.0 143 161
292.5 116 134
292.5 116 135
294.0 49 53
294.0 49 54
295.5 143 148
295.5 143 149
297.0 66 84
297.0 66 85
298.5 115 136
298.5 115 137
300.0 162 187
300.0 162 188
301.5 67 73
301.5 67 74
303.0 67 77
303.0 67 78
304.5 145 158
304.5 145 159
306.0 46 52
306.0 46 53
307.5 139 155
307.5 139 156
309.0 90 106
309.0 90 107
310.5 2 3
310.5 2 4
312.0 144 160
312.0 144 161
313.5 101 102
313.5 101 103
315.0 19 23
315.0 19 24
316.5 168 169
316.5 168 170
318.0 120 135
318.0 120 136
319.5 118 131
319.5 118 132
321.0 46 58
321.0 46 59
322.5 121 136
322.5 122 123
324.0 88 105
324.0 88 106
325.5 16 29
325.5 16 30
327.0 167 178
327.0 167 179
328.5 169 183
328.5 169 184
330.0 127 130
330.0 127 131
331.5 96 101
331.5 96 102
333.0 118 129
333.0 118 130
334.5 11 12
334.5 12 13
336.0 67 68
336.0 67 70
337.5 104 106
337.5 104 107
339.0 147 155
339.0 147 156
340.5 92 108
340.5 92 109
342.0 62 63
342.0 62 82
343.5 17 26
343.5 17 27
345.0 94 98
345.0 94 99
346.5 71 77
346.5 71 78
348.0 16 21
348.0 16 22
349.5 128 131
349.5 128 132
351.0 145 148
351.0 145 149
352.5 181 182
352.5 182 183
354.0 165 178
354.0 165 179
355.5 117 118
355.5 117 121
357.0 99 107
357.0 99 108
358.5 68 83
358.5 68 84
360.0 46 60
360.0 47 48
361.5 12 163
361.5 12 186
363.0 149 156
363.0 149 157
364.5 69 84
364.5 69 85
366.0 167 174
366.0 167 175
367.5 37 38
367.5 37 57
369.0 157 158
369.0 158 159
370.5 167 172
370.5 167 173
372.0 20 23
372.0 20 24
373.5 166 176
373.5 166 177
375.0 98 106
375.0 98 107
376.5 198 199
378.0 22 28
378.0 22 29
379.5 154 157
379.5 155 156
381.0 126 130
381.0 126 131
382.5 47 59
382.5 47 60
384.0 170 184
384.0 170 185
385.5 112 162
385.5 112 187
387.0 164 180
387.0 164 181
388.5 117 136
388.5 117 137
390.0 47 57
390.0 47 58
391.5 22 26
391.5 22 27
393.0 48 55
393.0 48 56
394.5 18 32
394.5 18 33
396.0 120 133
396.0 120 134
397.5 21 23
397.5 21 24
399.0 52 55
399.0 52 56
400.5 146 161
400.5 147 148
402.0 52 53
402.0 52 54
403.5 99 101
403.5 99 102
405.0 41 49
405.0 41 50
406.5 111 112
406.5 112 113
408.0 70 86
408.0 71 72
409.5 67 85
409.5 67 86
411.0 14 35
411.0 14 36
412.5 169 181
412.5 169 182
414.0 97 100
414.0 97 101
415.5 120 131
415.5 120 132
417.0 112 136
417.0 112 137
418.5 117 122
418.5 117 123
420.0 115 132
420.0 115 133
421.5 91 107
421.5 91 108
423.0 44 58
423.0 44 59
424.5 91 103
424.5 91 104
426.0 117 124
426.0 117 125
427.5 31 32
427.5 32 33
429.0 163 188
429.0 164 165
430.5 70 72
430.5 70 73
432.0 18 22
432.0 18 23
433.5 14 33
433.5 14 34
435.0 90 112
435.0 91 92
436.5 65 83
436.5 65 84
438.0 45 54
438.0 45 55
439.5 23 29
439.5 23 30
441.0 118 125
441.0 118 126
442.5 13 33
442.5 13 34
444.0 28 32
444.0 29 30
445.5 170 176
445.5 170 177
447.0 63 85
447.0 63 86
448.5 114 136
448.5 114 137
450.0 166 174
450.0 166 175
451.5 22 32
451.5 22 33
453.0 117 132
453.0 117 133
454.5 42 51
454.5 42 52
456.0 113 136
456.0 113 137
457.5 115 130
457.5 115 131
459.0 20 31
459.0 20 32
460.5 97 108
460.5 97 109
462.0 112 134
462.0 112 135
463.5 40 49
463.5 40 50
465.0 76 78
465.0 76 79
466.5 94 110
466.5 94 111
468.0 42 59
468.0 42 60
469.5 77 78
469.5 77 79
471.0 97 98
471.0 97 99
472.5 62 163
472.5 62 187
474.0 123 134
474.0 123 135
475.5 0 1
475.5 0 2
477.0 70 76
477.0 70 77
478.5 50 54
478.5 50 55
480.0 73 84
480.0 74 75
481.5 43 47
481.5 43 48
483.0 168 179
483.0 168 180
484.5 45 60
484.5 46 47
486.0 169 179
486.0 169 180
487.5 146 153
487.5 146 154
489.0 95 104
489.0 95 105
490.5 40 53
490.5 40 54
492.0 119 131
492.0 119 132
493.5 138 188
493.5 139 140
495.0 42 53
495.0 42 54
496.5 147 151
496.5 147 152
498.0 63 87
498.0 64 65
499.5 145 154
499.5 145 155
501.0 72 80
501.0 72 81
502.5 27 28
502.5 27 29
504.0 176 179
504.0 176 180
505.5 40 55
505.5 40 56
507.0 77 82
507.0 78 79
508.5 79 81
508.5 80 81
510.0 47 53
510.0 47 54
511.5 37 112
511.5 37 137
513.0 178 183
513.0 179 180
514.5 148 149
514.5 148 150
516.0 64 78
516.0 64 79
517.5 139 153
517.5 139 154
519.0 92 93
519.0 92 95
520.5 21 29
520.5 21 30
522.0 41 51
522.0 41 52
523.5 168 175
523.5 168 176
525.0 118 135
525.0 118 136
526.5 101 108
526.5 102 103
528.0 88 107
528.0 88 108
529.5 90 100
529.5 90 101
531.0 97 102
531.0 97 103
532.5 152 158
532.5 153 154
534.0 187 188
534.0 188 189
535.5 92 100
535.5 92 101
537.0 64 82
537.0 64 83
538.5 123 130
538.5 123 131
540.0 192 198
540.0 192 199
541.5 120 123
541.5 120 124
543.0 21 25
543.0 21 26
544.5 25 33
544.5 26 27
546.0 99 103
546.0 99 104
547.5 14 31
547.5 14 32
549.0 105 106
549.0 106 107
550.5 45 48
550.5 45 49
552.0 89 105
552.0 89 106
553.5 141 153
553.5 141 154
555.0 118 121
555.0 118 122
556.5 98 100
556.5 98 101
558.0 144 158
558.0 144 159
559.5 174 179
559.5 174 180
561.0 13 35
561.0 13 36
562.5 27 32
562.5 28 29
564.0 19 21
564.0 19 22
565.5 93 99
565.5 93 100
567.0 24 29
567.0 24 30
568.5 166 186
568.5 166 187
570.0 37 60
570.0 37 61
571.5 115 134
571.5 115 135
573.0 143 162
573.0 144 145
574.5 153 155
574.5 153 156
576.0 37 187
576.0 37 188
577.5 12 35
577.5 12 36
579.0 123 128
579.0 123 129
580.5 90 108
580.5 90 109
582.0 15 27
582.0 15 28
583.5 141 155
583.5 141 156
585.0 47 49
585.0 47 50
586.5 165 184
586.5 165 185
588.0 64 84
588.0 64 85
589.5 65 66
589.5 65 74
591.0 69 76
591.0 69 77
592.5 41 61
592.5 41 62
594.0 95 102
594.0 95 103
595.5 44 60
595.5 44 61
597.0 177 178
597.0 177 179
598.5 19 27
598.5 19 28
600.0 96 99
600.0 96 100
601.5 114 128
601.5 114 129
603.0 155 157
603.0 156 157
604.5 101 104
604.5 101 105
606.0 94 106
606.0 94 107
607.5 109 110
607.5 110 111
609.0 88 89
609.0 88 104
610.5 140 159
610.5 140 160
612.0 20 35
612.0 21 22
613.5 75 81
613.5 75 82
615.0 71 79
615.0 71 80
616.5 25 27
616.5 25 28
618.0 172 181
618.0 172 182
619.5 114 132
619.5 114 133
621.0 62 87
621.0 62 112
622.5 144 150
622.5 144 151
624.0 167 168
624.0 167 171
625.5 145 146
625.5 145 147
627.0 146 147
627.0 146 148
628.5 17 18
628.5 17 19
630.0 51 53
630.0 51 54
631.5 135 136
631.5 136 137
633.0 169 177
633.0 169 178
634.5 68 79
634.5 68 80
636.0 48 53
636.0 48 54
637.5 23 33
637.5 23 34
639.0 133 134
639.0 134 135
640.5 142 149
640.5 142 150
642.0 102 106
642.0 102 107
643.5 39 57
643.5 39 58
645.0 145 152
645.0 145 153
646.5 42 43
646.5 42 44
648.0 125 130
648.0 125 131
649.5 152 154
649.5 152 155
651.0 47 51
651.0 47 52
652.5 88 111
652.5 88 112
654.0 119 129
654.0 119 130
655.5 25 31
655.5 25 32
657.0 163 184
657.0 163 185
658.5 168 171
658.5 168 172
660.0 124 129
660.0 124 130
661.5 174 175
661.5 174 176
663.0 96 103
663.0 96 104
664.5 42 57
664.5 42 58
666.0 92 110
666.0 92 111
667.5 17 24
667.5 17 25
669.0 119 121
669.0 119 122
670.5 161 162
670.5 162 163
672.0 121 126
672.0 121 127
673.5 85 86
673.5 86 87
675.0 96 109
675.0 96 110
676.5 171 179
676.5 171 180
678.0 15 35
678.0 15 36
679.5 170 182
679.5 170 183
681.0 189 190
681.0 190 191
682.5 24 27
682.5 24 28
684.0 87 109
684.0 87 110
685.5 100 104
685.5 100 105
687.0 44 52
687.0 44 53
688.5 193 198
688.5 193 199
690.0 44 46
690.0 44 47
691.5 69 82
691.5 69 83
693.0 115 126
693.0 115 127
694.5 170 174
694.5 170 175
696.0 66 82
696.0 66 83
697.5 123 132
697.5 123 133
699.0 23 25
699.0 23 26
700.5 92 96
700.5 92 97
702.0 164 184
702.0 164 185
703.5 165 182
703.5 165 183
705.0 168 181
705.0 168 182
706.5 17 32
706.5 17 33
708.0 122 134
708.0 122 135
709.5 174 177
709.5 174 178
711.0 124 131
711.0 124 132
712.5 64 76
712.5 64 77
714.0 116 126
714.0 116 127
715.5 167 176
715.5 167 177
717.0 41 53
717.0 41 54
718.5 50 52
718.5 50 53
720.0 45 56
720.0 45 57
721.5 173 182
721.5 173 183
723.0 63 79
723.0 63 80
724.5 168 185
724.5 168 186
726.0 150 153
726.0 150 154
727.5 1 4
727.5 1 5
729.0 0 7
729.0 0 8
730.5 194 195
730.5 194 196
732.0 16 23
732.0 16 24
733.5 141 161
733.5 141 162
735.0 140 157
735.0 140 158
736.5 143 146
736.5 143 147
738.0 170 178
738.0 170 179
739.5 45 58
739.5 45 59
741.0 17 34
741.0 17 35
742.5 62 137
742.5 62 162
744.0 39 53
744.0 39 54
745.5 41 57
745.5 41 58
747.0 69 86
747.0 70 71
748.5 102 104
748.5 102 105
750.0 146 159
750.0 146 160
751.5 119 135
751.5 119 136
753.0 167 182
753.0 167 183
754.5 174 181
754.5 174 182
756.0 170 172
756.0 170 173
757.5 172 179
757.5 172 180
759.0 140 151
759.0 140 152
760.5 121 130
760.5 121 131
762.0 121 134
762.0 121 135
763.5 67 81
763.5 67 82
765.0 146 155
765.0 146 156
766.5 1 6
766.5 1 7
768.0 45 46
768.0 45 47
769.5 121 128
769.5 121 129
771.0 7 8
771.0 8 9
772.5 74 80
772.5 74 81
774.0 72 82
774.0 72 83
775.5 116 130
775.5 116 131
777.0 124 125
777.0 124 126
778.5 121 132
778.5 121 133
780.0 146 149
780.0 146 150
781.5 93 95
781.5 93 96
783.0 93 109
783.0 93 110
784.5 49 57
784.5 49 58
786.0 147 149
786.0 147 150
787.5 97 106
787.5 97 107
789.0 168 177
789.0 168 178
790.5 151 155
790.5 151 156
792.0 175 179
792.0 175 180
793.5 129 130
793.5 129 131
795.0 18 30
795.0 18 31
796.5 119 127
796.5 119 128
798.0 149 154
798.0 149 155
799.5 167 186
799.5 167 187
801.0 46 54
801.0 46 55
802.5 89 111
802.5 89 112
804.0 78 82
804.0 79 80
805.5 173 180
805.5 173 181
807.0 172 177
807.0 172 178
808.5 38 56
808.5 38 57
810.0 5 6
810.0 6 7
811.5 139 161
811.5 139 162
813.0 15 25
813.0 15 26
814.5 127 128
814.5 127 129
816.0 66 72
816.0 66 73
817.5 164 188
817.5 165 166
819.0 39 55
819.0 39 56
820.5 138 160
820.5 138 161
822.0 166 178
822.0 166 179
823.5 115 116
823.5 115 125
825.0 74 78
825.0 74 79
826.5 65 77
826.5 65 78
828.0 64 86
828.0 64 87
829.5 14 29
829.5 14 30
831.0 151 157
831.0 151 158
832.5 168 187
832.5 169 170
834.0 150 151
834.0 150 152
835.5 58 59
835.5 59 60
837.0 46 48
837.0 46 49
838.5 178 179
838.5 178 180
840.0 124 133
840.0 124 134
841.5 92 104
841.5 92 105
843.0 70 78
843.0 70 79
844.5 12 37
844.5 12 62
846.0 171 177
846.0 171 178
847.5 98 108
847.5 98 109
849.0 148 153
849.0 148 154
850.5 94 96
850.5 94 97
852.0 53 57
852.0 54 55
853.5 169 175
853.5 169 176
855.0 42 47
855.0 42 48
856.5 180 181
856.5 180 182
858.0 12 137
858.0 12 162
859.5 174 183
859.5 174 184
861.0 152 156
861.0 152 157
862.5 172 175
862.5 172 176
864.0 46 56
864.0 46 57
865.5 26 28
865.5 26 29
867.0 94 108
867.0 94 109
868.5 169 185
868.5 169 186
870.0 43 45
870.0 43 46
871.5 96 105
871.5 96 106
873.0 15 31
873.0 15 32
874.5 38 54
874.5 38 55
876.0 27 30
876.0 27 31
877.5 176 181
877.5 176 182
879.0 96 97
879.0 96 98
880.5 71 73
880.5 71 74
882.0 125 134
882.0 126 127
883.5 95 98
883.5 95 99
885.0 116 128
885.0 116 129
886.5 47 55
886.5 47 56
888.0 51 55
888.0 51 56
889.5 24 25
889.5 24 26
891.0 123 126
891.0 123 127
892.5 100 108
892.5 100 109
894.0 120 127
894.0 120 128
895.5 164 182
895.5 164 183
897.0 126 132
897.0 126 133
898.5 185 186
898.5 186 187
900.0 62 83
900.0 62 84
901.5 39 61
901.5 39 62
903.0 117 134
903.0 117 135
904.5 77 80
904.5 77 81
906.0 75 79
906.0 75 80
907.5 175 177
907.5 175 178
909.0 43 57
909.0 43 58
910.5 40 57
910.5 40 58
912.0 51 57
912.0 51 58
913.5 35 36
913.5 36 37
915.0 166 180
915.0 166 181
916.5 74 76
916.5 74 77
918.0 139 159
918.0 139 160
919.5 147 153
919.5 147 154
921.0 91 111
921.0 91 112
922.5 191 192
922.5 191 199
924.0 142 143
924.0 142 146
925.5 91 109
925.5 91 110
927.0 99 105
927.0 99 106
928.5 141 159
928.5 141 160
930.0 194 199
930.0 195 196
931.5 92 112
931.5 93 94
933.0 150 157
933.0 150 158
934.5 67 71
934.5 67 72
936.0 165 176
936.0 165 177
937.5 144 154
937.5 144 155
939.0 172 183
939.0 172 184
940.5 23 31
940.5 23 32
942.0 173 178
942.0 173 179
943.5 159 160
943.5 160 161
945.0 14 37
945.0 15 16
946.5 90 102
946.5 90 103
948.0 118 133
948.0 118 134
949.5 97 110
949.5 98 99
951.0 83 84
951.0 84 85
952.5 175 181
952.5 175 182
954.0 12 33
954.0 12 34
955.5 26 32
955.5 26 33
957.0 50 58
957.0 51 52
958.5 87 88
958.5 87 108
960.0 90 91
960.0 90 99
961.5 71 75
961.5 71 76
963.0 149 158
963.0 149 159
964.5 68 71
964.5 68 72
966.0 115 128
966.0 115 129
967.5 122 128
967.5 122 129
969.0 147 157
969.0 147 158
970.5 173 176
970.5 173 177
972.0 125 132
972.0 125 133
973.5 92 106
973.5 92 107
975.0 18 24
975.0 18 25
976.5 165 180
976.5 165 181
978.0 70 74
978.0 70 75
979.5 12 87
979.5 12 112
981.0 142 157
981.0 142 158
982.5 195 197
982.5 195 198
984.0 87 187
984.0 87 188
985.5 126 128
985.5 126 129
987.0 175 183
987.0 175 184
988.5 170 186
988.5 171 172
990.0 142 147
990.0 142 148
991.5 137 161
991.5 137 162
993.0 89 107
993.0 89 108
994.5 173 184
994.5 173 185
996.0 171 183
996.0 171 184
997.5 143 150
997.5 143 151
999.0 138 156
999.0 138 157
1000.5 13 29
1000.5 13 30
1002.0 118 119
1002.0 118 120
1003.5 150 159
1003.5 151 152
1005.0 90 104
1005.0 90 105
1006.5 18 26
1006.5 18 27
1008.0 116 132
1008.0 116 133
1009.5 143 154
1009.5 143 155
1011.0 44 48
1011.0 44 49
1012.5 107 108
1012.5 108 109
1014.0 171 181
1014.0 171 182
1015.5 121 122
1015.5 121 123
1017.0 172 185
1017.0 172 186
1018.5 163 182
1018.5 163 183
1020.0 39 59
1020.0 39 60
1021.5 101 106
1021.5 101 107
1023.0 129 132
1023.0 130 131
1024.5 140 141
1024.5 140 150
1026.0 177 182
1026.0 177 183
1027.5 40 59
1027.5 40 60
1029.0 4 5
1029.0 4 6
1030.5 69 72
1030.5 69 73
1032.0 2 5
1032.0 2 6
1033.5 98 104
1033.5 98 105
1035.0 113 134
1035.0 113 135
1036.5 144 148
1036.5 144 149
1038.0 37 162
1038.0 37 163
1039.5 123 124
1039.5 123 125
1041.0 119 123
1041.0 119 124
1042.5 71 81
1042.5 71 82
1044.0 169 187
1044.0 170 171
1045.5 116 136
1045.5 116 137
1047.0 73 74
1047.0 73 75
1048.5 164 186
1048.5 164 187
1050.0 12 31
1050.0 12 32
1051.5 138 158
1051.5 138 159
1053.0 72 74
1053.0 72 75
1054.5 73 82
1054.5 73 83
1056.0 95 108
1056.0 95 109
1057.5 142 159
1057.5 142 160
1059.0 16 33
1059.0 16 34
1060.5 169 171
1060.5 169 172
1062.0 98 110
1062.0 99 100
1063.5 142 153
1063.5 142 154
1065.0 118 127
1065.0 118 128
1066.5 68 75
1066.5 68 76
1068.0 63 81
1068.0 63 82
1069.5 141 142
1069.5 141 148
1071.0 70 82
1071.0 70 83
1072.5 40 61
1072.5 40 62
1074.0 88 109
1074.0 88 110
1075.5 73 78
1075.5 73 79
1077.0 68 73
1077.0 68 74
1078.5 17 28
1078.5 17 29
1080.0 114 130
1080.0 114 131
1081.5 138 139
1081.5 138 155
1083.0 48 59
1083.0 49 50
1084.5 142 151
1084.5 142 152
1086.0 33 34
1086.0 34 35
1087.5 17 20
1087.5 17 21
1089.0 113 132
1089.0 113 133
1090.5 91 105
1090.5 91 106
1092.0 179 181
1092.0 179 182
1093.5 125 128
1093.5 125 129
1095.0 43 55
1095.0 43 56
1096.5 98 102
1096.5 98 103
1098.0 143 152
1098.0 143 153
1099.5 145 160
1099.5 145 161
1101.0 38 62
1101.0 39 40
1102.5 26 30
1102.5 26 31
1104.0 168 183
1104.0 168 184
1105.5 78 80
1105.5 78 81
1107.0 148 151
1107.0 148 152
1108.5 149 152
1108.5 149 153
1110.0 141 151
1110.0 141 152
1111.5 69 80
1111.5 69 81
1113.0 23 27
1113.0 23 28
1114.5 171 173
1114.5 171 174
1116.0 118 123
1116.0 118 124
1117.5 192 193
1117.5 192 197
1119.0 94 102
1119.0 94 103
1120.5 148 157
1120.5 148 158
1122.0 167 184
1122.0 167 185
1123.5 194 197
1123.5 194 198
1125.0 149 150
1125.0 149 151
1126.5 76 80
1126.5 76 81
1128.0 95 100
1128.0 95 101
1129.5 66 80
1129.5 66 81
1131.0 90 110
1131.0 90 111
1132.5 81 82
1132.5 82 83
1134.0 48 51
1134.0 48 52
1135.5 142 161
1135.5 142 162
1137.0 20 29
1137.0 20 30
1138.5 75 83
1138.5 76 77
1140.0 193 194
1140.0 193 195
1141.5 93 107
1141.5 93 108
1143.0 40 41
1143.0 40 48
1144.5 20 33
1144.5 20 34
1146.0 166 167
1146.0 166 173
1147.5 154 155
1147.5 154 156
1149.0 16 25
1149.0 16 26
1150.5 87 137
1150.5 87 162
1152.0 121 124
1152.0 121 125
1153.5 43 61
1153.5 44 45
1155.0 164 178
1155.0 164 179
1156.5 120 129
1156.5 120 130
1158.0 93 101
1158.0 93 102
1159.5 97 104
1159.5 97 105
1161.0 53 55
1161.0 53 56
1162.5 95 106
1162.5 95 107
1164.0 197 198
1164.0 197 199
1165.5 72 78
1165.5 72 79
1167.0 131 132
1167.0 132 133
1168.5 37 62
1168.5 37 87
1170.0 65 85
1170.0 65 86
1171.5 173 174
1171.5 173 175
1173.0 117 126
1173.0 117 127
1174.5 167 180
1174.5 167 181
1176.0 114 115
1176.0 114 127
1177.5 14 27
1177.5 14 28
1179.0 16 27
1179.0 16 28
1180.5 42 45
1180.5 42 46
1182.0 113 187
1182.0 113 188
1183.5 74 82
1183.5 74 83
1185.0 50 56
1185.0 50 57
1186.5 103 107
1186.5 104 105
1188.0 150 155
1188.0 150 156
1189.5 48 49
1189.5 48 50
1191.0 183 184
1191.0 184 185
1192.5 168 173
1192.5 168 174
1194.0 44 56
1194.0 44 57
