0 172 179
0 172 180
1.5 196 199
1.5 197 198
3.0 168 180
3.0 168 181
4.5 17 34
4.5 17 35
6.0 140 157
6.0 140 158
7.5 178 184
7.5 179 180
9.0 41 51
9.0 41 52
10.5 170 185
10.5 170 186
12.0 70 84
12.0 70 85
13.5 119 135
13.5 119 136
15.0 22 28
15.0 22 29
16.5 93 112
16.5 93 113
18.0 40 62
18.0 40 63
19.5 102 104
19.5 102 105
21.0 142 155
21.0 142 156
22.5 120 129
22.5 120 130
24.0 19 31
24.0 19 32
25.5 151 160
25.5 152 153
27.0 117 136
27.0 117 137
28.5 174 184
28.5 174 185
30.0 41 42
30.0 41 50
31.5 2 4
31.5 2 5
33.0 169 173
33.0 169 174
34.5 151 154
34.5 151 155
36.0 126 130
36.0 126 131
37.5 18 25
37.5 18 26
39.0 114 135
39.0 114 136
40.5 147 155
40.5 147 156
42.0 120 133
42.0 120 134
43.5 2 6
43.5 2 7
45.0 18 33
45.0 18 34
46.5 172 175
46.5 172 176
48.0 149 161
48.0 150 151
49.5 18 29
49.5 18 30
51.0 77 83
51.0 77 84
52.5 97 107
52.5 97 108
54.0 172 181
54.0 172 182
55.5 41 59
55.5 41 60
57.0 75 84
57.0 75 85
58.5 93 100
58.5 93 101
60.0 19 27
60.0 19 28
61.5 65 83
61.5 65 84
63.0 140 155
63.0 140 156
64.5 50 55
64.5 50 56
66.0 68 76
66.0 68 77
67.5 19 33
67.5 19 34
69.0 120 123
69.0 120 124
70.5 172 173
70.5 172 174
72.0 127 134
72.0 128 129
73.5 195 196
73.5 195 197
75.0 118 136
75.0 118 137
76.5 100 101
76.5 100 102
78.0 143 157
78.0 143 158
79.5 45 48
79.5 45 49
81.0 3 7
81.0 3 8
82.5 173 185
82.5 173 186
84.0 66 88
84.0 67 68
85.5 69 71
85.5 69 72
87.0 124 136
87.0 125 126
88.5 149 159
88.5 149 160
90.0 175 181
90.0 175 182
91.5 47 60
91.5 47 61
93.0 16 32
93.0 16 33
94.5 67 81
94.5 67 82
96.0 40 54
96.0 40 55
97.5 67 75
97.5 67 76
99.0 63 84
99.0 63 85
100.5 147 151
100.5 147 152
102.0 98 110
102.0 98 111
103.5 146 162
103.5 147 148
105.0 42 54
105.0 42 55
106.5 47 54
106.5 47 55
108.0 79 82
108.0 79 83
109.5 129 131
109.5 129 132
111.0 179 183
111.0 179 184
112.5 73 74
112.5 73 75
114.0 146 148
114.0 146 149
115.5 69 83
115.5 69 84
117.0 42 56
117.0 42 57
118.5 48 61
118.5 49 50
120.0 38 138
120.0 38 163
121.5 44 51
121.5 44 52
123.0 121 135
123.0 121 136
124.5 172 183
124.5 172 184
126.0 65 81
126.0 65 82
127.5 45 46
127.5 45 47
129.0 147 153
129.0 147 154
130.5 44 47
130.5 44 48
132.0 167 185
132.0 167 186
133.5 171 178
133.5 171 179
135.0 19 37
135.0 20 21
136.5 143 149
136.5 143 150
138.0 181 183
138.0 182 183
139.5 91 104
139.5 91 105
141.0 19 29
141.0 19 30
142.5 174 186
142.5 175 176
144.0 71 86
144.0 71 87
145.5 16 26
145.5 16 27
147.0 68 69
147.0 68 71
148.5 49 59
148.5 49 60
150.0 42 48
150.0 42 49
151.5 39 57
151.5 39 58
153.0 13 14
153.0 13 32
154.5 96 112
154.5 97 98
156.0 156 158
156.0 157 158
157.5 145 150
157.5 145 151
159.0 0 5
159.0 0 6
160.5 40 58
160.5 40 59
162.0 171 172
162.0 171 173
163.5 75 76
163.5 75 77
165.0 168 182
165.0 168 183
166.5 46 60
166.5 46 61
168.0 144 150
168.0 144 151
169.5 138 189
169.5 139 140
171.0 75 82
171.0 75 83
172.5 54 57
172.5 54 58
174.0 25 34
174.0 25 35
175.5 122 124
175.5 122 125
177.0 43 55
177.0 43 56
178.5 178 180
178.5 178 181
180.0 21 26
180.0 21 27
181.5 96 110
181.5 96 111
183.0 175 185
183.0 175 186
184.5 99 108
184.5 99 109
186.0 121 137
186.0 122 123
187.5 74 80
187.5 74 81
189.0 116 136
189.0 116 137
190.5 43 51
190.5 43 52
192.0 43 59
192.0 43 60
193.5 116 126
193.5 116 127
195.0 98 106
195.0 98 107
196.5 170 183
196.5 170 184
198.0 116 138
198.0 117 118
199.5 38 189
199.5 39 40
201.0 99 106
201.0 99 107
202.5 69 87
202.5 70 71
204.0 66 78
204.0 66 79
205.5 72 77
205.5 72 78
207.0 118 132
207.0 118 133
208.5 35 36
208.5 36 37
210.0 93 108
210.0 93 109
211.5 150 156
211.5 150 157
213.0 97 105
213.0 97 106
214.5 95 100
214.5 95 101
216.0 14 32
216.0 14 33
217.5 154 158
217.5 154 159
219.0 42 62
219.0 42 63
220.5 20 36
220.5 20 37
222.0 97 111
222.0 98 99
223.5 173 179
223.5 173 180
225.0 19 21
225.0 19 22
226.5 37 38
226.5 38 39
228.0 119 129
228.0 119 130
229.5 51 52
229.5 51 53
231.0 92 107
231.0 92 108
232.5 41 63
232.5 42 43
234.0 152 158
234.0 152 159
235.5 92 113
235.5 93 94
237.0 47 50
237.0 47 51
238.5 129 133
238.5 130 131
240.0 117 134
240.0 117 135
241.5 15 28
241.5 15 29
243.0 73 76
243.0 73 77
244.5 69 73
244.5 69 74
246.0 141 153
246.0 141 154
247.5 64 88
247.5 65 66
249.0 148 159
249.0 148 160
250.5 70 72
250.5 70 73
252.0 45 50
252.0 45 51
253.5 100 105
253.5 100 106
255.0 146 158
255.0 146 159
256.5 175 183
256.5 175 184
258.0 120 127
258.0 120 128
259.5 146 150
259.5 146 151
261.0 147 161
261.0 147 162
262.5 183 184
262.5 184 185
264.0 168 184
264.0 168 185
265.5 9 10
265.5 10 11
267.0 119 131
267.0 119 132
268.5 114 189
268.5 115 116
270.0 121 131
270.0 121 132
271.5 164 185
271.5 164 186
273.0 51 56
273.0 51 57
274.5 187 188
274.5 188 189
276.0 74 82
276.0 74 83
277.5 169 183
277.5 169 184
279.0 66 80
279.0 66 81
280.5 64 84
280.5 64 85
282.0 97 103
282.0 97 104
283.5 148 149
283.5 148 150
285.0 141 157
285.0 141 158
286.5 165 189
286.5 166 167
288.0 4 5
288.0 4 6
289.5 109 110
289.5 110 111
291.0 124 134
291.0 124 135
292.5 50 51
292.5 50 52
294.0 127 130
294.0 127 131
295.5 176 185
295.5 177 178
297.0 52 55
297.0 52 56
298.5 122 128
298.5 122 129
300.0 96 102
300.0 96 103
301.5 145 148
301.5 145 149
303.0 140 141
303.0 140 154
304.5 147 157
304.5 147 158
306.0 115 134
306.0 115 135
307.5 146 154
307.5 146 155
309.0 102 106
309.0 102 107
310.5 48 49
310.5 48 50
312.0 118 126
312.0 118 127
313.5 68 86
313.5 68 87
315.0 117 130
315.0 117 131
316.5 124 132
316.5 124 133
318.0 100 109
318.0 100 110
319.5 189 190
319.5 190 191
321.0 94 97
321.0 94 98
322.5 73 80
322.5 73 81
324.0 20 34
324.0 20 35
325.5 39 55
325.5 39 56
327.0 88 112
327.0 88 113
328.5 65 77
328.5 65 78
330.0 20 32
330.0 20 33
331.5 1 5
331.5 1 6
333.0 70 74
333.0 70 75
334.5 98 104
334.5 98 105
336.0 193 199
336.0 194 195
337.5 139 163
337.5 139 164
339.0 41 61
339.0 41 62
340.5 21 24
340.5 21 25
342.0 173 183
342.0 173 184
343.5 14 34
343.5 14 35
345.0 1 3
345.0 1 4
346.5 24 34
346.5 24 35
348.0 135 136
348.0 136 137
349.5 44 55
349.5 44 56
351.0 71 72
351.0 71 73
352.5 95 96
352.5 95 97
354.0 72 75
354.0 72 76
355.5 73 84
355.5 73 85
357.0 78 83
357.0 78 84
358.5 71 78
358.5 71 79
360.0 13 188
360.0 13 189
361.5 25 30
361.5 25 31
363.0 49 51
363.0 49 52
364.5 149 151
364.5 149 152
366.0 113 189
366.0 114 115
367.5 46 58
367.5 46 59
369.0 119 127
369.0 119 128
370.5 92 105
370.5 92 106
372.0 118 130
372.0 118 131
373.5 115 136
373.5 115 137
375.0 113 138
375.0 113 163
376.5 54 55
376.5 54 56
378.0 166 181
378.0 166 182
379.5 90 110
379.5 90 111
381.0 41 57
381.0 41 58
382.5 143 151
382.5 143 152
384.0 78 79
384.0 78 80
385.5 118 138
385.5 119 120
387.0 141 159
387.0 141 160
388.5 141 163
388.5 142 143
390.0 122 130
390.0 122 131
391.5 15 36
391.5 15 37
393.0 95 108
393.0 95 109
394.5 71 82
394.5 71 83
396.0 142 163
396.0 143 144
397.5 120 131
397.5 120 132
399.0 70 82
399.0 70 83
400.5 42 52
400.5 42 53
402.0 144 152
402.0 144 153
403.5 119 137
403.5 119 138
405.0 167 179
405.0 167 180
406.5 152 156
406.5 152 157
408.0 119 123
408.0 119 124
409.5 116 130
409.5 116 131
411.0 146 152
411.0 146 153
412.5 74 76
412.5 74 77
414.0 176 177
414.0 176 178
415.5 119 125
415.5 119 126
417.0 70 76
417.0 70 77
418.5 117 124
418.5 117 125
420.0 53 55
420.0 53 56
421.5 105 106
421.5 105 107
423.0 51 54
423.0 51 55
424.5 68 84
424.5 68 85
426.0 101 104
426.0 101 105
427.5 13 63
427.5 13 88
429.0 145 154
429.0 145 155
430.5 124 128
430.5 124 129
432.0 67 87
432.0 67 88
433.5 177 179
433.5 177 180
435.0 19 23
435.0 19 24
436.5 122 134
436.5 122 135
438.0 91 106
438.0 91 107
439.5 80 81
439.5 80 82
441.0 4 7
441.0 5 6
442.5 64 80
442.5 64 81
444.0 120 135
444.0 120 136
445.5 63 86
445.5 63 87
447.0 72 81
447.0 72 82
448.5 76 85
448.5 77 78
450.0 115 132
450.0 115 133
451.5 125 135
451.5 126 127
453.0 101 108
453.0 101 109
454.5 96 104
454.5 96 105
456.0 30 31
456.0 30 32
457.5 76 79
457.5 76 80
459.0 15 38
459.0 16 17
460.5 172 187
460.5 173 174
462.0 71 80
462.0 71 81
463.5 88 164
463.5 88 188
465.0 47 58
465.0 47 59
466.5 97 101
466.5 97 102
468.0 150 152
468.0 150 153
469.5 174 182
469.5 174 183
471.0 164 165
471.0 164 182
472.5 178 182
472.5 178 183
474.0 119 133
474.0 119 134
475.5 139 159
475.5 139 160
477.0 23 29
477.0 23 30
478.5 0 3
478.5 0 4
480.0 148 161
480.0 149 150
481.5 116 128
481.5 116 129
483.0 197 199
483.0 198 199
484.5 168 186
484.5 168 187
486.0 3 5
486.0 3 6
487.5 90 108
487.5 90 109
489.0 169 179
489.0 169 180
490.5 91 102
490.5 91 103
492.0 92 93
492.0 92 98
493.5 21 34
493.5 21 35
495.0 99 100
495.0 99 101
496.5 20 24
496.5 20 25
498.0 7 8
498.0 8 9
499.5 144 160
499.5 144 161
501.0 23 25
501.0 23 26
502.5 58 59
502.5 59 60
504.0 123 132
504.0 123 133
505.5 165 183
505.5 165 184
507.0 45 52
507.0 45 53
508.5 137 138
508.5 138 139
510.0 101 102
510.0 101 103
511.5 22 30
511.5 22 31
513.0 142 157
513.0 142 158
514.5 45 56
514.5 45 57
516.0 94 99
516.0 94 100
517.5 114 133
517.5 114 134
519.0 43 57
519.0 43 58
520.5 145 162
520.5 146 147
522.0 22 34
522.0 22 35
523.5 77 81
523.5 77 82
525.0 167 181
525.0 167 182
526.5 155 156
526.5 155 157
528.0 120 121
528.0 120 122
529.5 88 189
529.5 89 90
531.0 24 28
531.0 24 29
532.5 50 53
532.5 50 54
534.0 153 155
534.0 153 156
535.5 195 198
535.5 195 199
537.0 38 60
537.0 38 61
538.5 171 184
538.5 171 185
540.0 153 157
540.0 153 158
541.5 173 177
541.5 173 178
543.0 72 79
543.0 72 80
544.5 47 48
544.5 47 49
546.0 55 56
546.0 55 57
547.5 23 31
547.5 23 32
549.0 17 30
549.0 17 31
550.5 167 187
550.5 167 188
552.0 101 110
552.0 102 103
553.5 142 161
553.5 142 162
555.0 56 57
555.0 57 58
556.5 88 138
556.5 88 163
558.0 123 136
558.0 124 125
559.5 86 87
559.5 87 88
561.0 21 32
561.0 21 33
562.5 165 187
562.5 165 188
564.0 94 101
564.0 94 102
565.5 41 55
565.5 41 56
567.0 17 36
567.0 17 37
568.5 84 85
568.5 85 86
570.0 146 160
570.0 146 161
571.5 111 112
571.5 112 113
573.0 176 181
573.0 176 182
574.5 76 77
574.5 76 78
576.0 38 62
576.0 38 63
577.5 165 185
577.5 165 186
579.0 72 85
579.0 72 86
580.5 78 81
580.5 78 82
582.0 17 28
582.0 17 29
583.5 166 179
583.5 166 180
585.0 102 108
585.0 102 109
586.5 147 159
586.5 147 160
588.0 162 163
588.0 163 164
589.5 63 164
589.5 63 188
591.0 142 149
591.0 142 150
592.5 18 31
592.5 18 32
594.0 144 158
594.0 144 159
595.5 191 192
595.5 192 193
597.0 180 181
597.0 180 182
598.5 174 178
598.5 174 179
600.0 48 55
600.0 48 56
601.5 52 53
601.5 52 54
603.0 43 44
603.0 43 46
604.5 66 82
604.5 66 83
606.0 23 27
606.0 23 28
607.5 63 88
607.5 63 113
609.0 115 128
609.0 115 129
610.5 45 54
610.5 45 55
612.0 169 171
612.0 169 172
613.5 170 179
613.5 170 180
615.0 73 86
615.0 74 75
616.5 44 49
616.5 44 50
618.0 97 109
618.0 97 110
619.5 140 163
619.5 141 142
621.0 20 22
621.0 20 23
622.5 166 187
622.5 166 188
624.0 38 164
624.0 38 188
625.5 145 146
625.5 145 147
627.0 93 102
627.0 93 103
628.5 124 126
628.5 124 127
630.0 117 126
630.0 117 127
631.5 95 98
631.5 95 99
633.0 93 104
633.0 93 105
634.5 94 107
634.5 94 108
636.0 29 32
636.0 29 33
637.5 151 158
637.5 151 159
639.0 126 128
639.0 126 129
640.5 5 7
640.5 6 7
642.0 13 35
642.0 13 36
643.5 79 80
643.5 79 81
645.0 18 27
645.0 18 28
646.5 26 29
646.5 26 30
648.0 99 102
648.0 99 103
649.5 98 100
649.5 98 101
651.0 48 51
651.0 48 52
652.5 139 157
652.5 139 158
654.0 45 62
654.0 46 47
655.5 131 132
655.5 132 133
657.0 16 38
657.0 17 18
658.5 166 183
658.5 166 184
660.0 40 60
660.0 40 61
661.5 164 187
661.5 164 188
663.0 1 7
663.0 1 8
664.5 175 179
664.5 175 180
666.0 14 30
666.0 14 31
667.5 22 36
667.5 23 24
669.0 148 155
669.0 148 156
670.5 177 181
670.5 177 182
672.0 170 171
672.0 170 172
673.5 49 55
673.5 49 56
675.0 38 58
675.0 38 59
676.5 143 163
676.5 144 145
678.0 171 176
678.0 171 177
679.5 118 122
679.5 118 123
681.0 103 106
681.0 103 107
682.5 18 21
682.5 18 22
684.0 92 99
684.0 92 100
685.5 98 108
685.5 98 109
687.0 95 102
687.0 95 103
688.5 94 109
688.5 94 110
690.0 138 164
690.0 138 188
691.5 68 74
691.5 68 75
693.0 13 33
693.0 13 34
694.5 168 176
694.5 168 177
696.0 94 103
696.0 94 104
697.5 194 198
697.5 194 199
699.0 144 156
699.0 144 157
700.5 94 111
700.5 94 112
702.0 126 132
702.0 126 133
703.5 139 188
703.5 139 189
705.0 128 132
705.0 128 133
706.5 18 23
706.5 18 24
708.0 17 22
708.0 17 23
709.5 166 177
709.5 166 178
711.0 67 79
711.0 67 80
712.5 121 127
712.5 121 128
714.0 69 81
714.0 69 82
715.5 118 134
715.5 118 135
717.0 90 91
717.0 90 103
718.5 143 159
718.5 143 160
720.0 117 132
720.0 117 133
721.5 0 7
721.5 0 8
723.0 167 183
723.0 167 184
724.5 152 160
724.5 153 154
726.0 147 149
726.0 147 150
727.5 70 80
727.5 70 81
729.0 63 138
729.0 63 163
730.5 16 36
730.5 16 37
732.0 171 182
732.0 171 183
733.5 101 106
733.5 101 107
735.0 1 9
735.0 2 3
736.5 166 185
736.5 166 186
738.0 67 83
738.0 67 84
739.5 96 100
739.5 96 101
741.0 175 177
741.0 175 178
742.5 16 24
742.5 16 25
744.0 123 126
744.0 123 127
745.5 26 33
745.5 26 34
747.0 69 75
747.0 69 76
748.5 194 196
748.5 194 197
750.0 122 132
750.0 122 133
751.5 180 183
751.5 181 182
753.0 41 53
753.0 41 54
754.5 185 186
754.5 186 187
756.0 72 83
756.0 72 84
757.5 66 76
757.5 66 77
759.0 171 180
759.0 171 181
760.5 91 112
760.5 91 113
762.0 17 24
762.0 17 25
763.5 16 28
763.5 16 29
765.0 100 107
765.0 100 108
766.5 141 151
766.5 141 152
768.0 167 177
768.0 167 178
769.5 50 59
769.5 50 60
771.0 43 53
771.0 43 54
772.5 164 189
772.5 165 166
774.0 71 84
774.0 71 85
775.5 99 110
775.5 99 111
777.0 145 160
777.0 145 161
778.5 19 25
778.5 19 26
780.0 143 147
780.0 143 148
781.5 89 110
781.5 89 111
783.0 73 78
783.0 73 79
784.5 121 123
784.5 121 124
786.0 115 138
786.0 116 117
787.5 141 161
787.5 141 162
789.0 66 67
789.0 66 75
790.5 165 181
790.5 165 182
792.0 48 57
792.0 48 58
793.5 127 128
793.5 127 129
795.0 43 61
795.0 43 62
796.5 26 31
796.5 26 32
798.0 92 101
798.0 92 102
799.5 70 86
799.5 70 87
801.0 44 57
801.0 44 58
802.5 39 61
802.5 39 62
804.0 21 22
804.0 21 23
805.5 142 159
805.5 142 160
807.0 167 175
807.0 167 176
808.5 94 95
808.5 94 96
810.0 93 106
810.0 93 107
811.5 121 125
811.5 121 126
813.0 146 156
813.0 146 157
814.5 93 96
814.5 93 97
816.0 126 134
816.0 126 135
817.5 67 85
817.5 67 86
819.0 95 112
819.0 96 97
820.5 93 110
820.5 93 111
822.0 95 104
822.0 95 105
823.5 45 58
823.5 45 59
825.0 177 183
825.0 177 184
826.5 99 104
826.5 99 105
828.0 27 28
828.0 27 29
829.5 91 110
829.5 91 111
831.0 169 185
831.0 169 186
832.5 165 179
832.5 165 180
834.0 171 174
834.0 171 175
835.5 170 177
835.5 170 178
837.0 46 48
837.0 46 49
838.5 168 174
838.5 168 175
840.0 44 61
840.0 44 62
841.5 46 50
841.5 46 51
843.0 22 32
843.0 22 33
844.5 27 30
844.5 27 31
846.0 125 129
846.0 125 130
847.5 67 73
847.5 67 74
849.0 140 159
849.0 140 160
850.5 15 26
850.5 15 27
852.0 40 52
852.0 40 53
853.5 140 161
853.5 140 162
855.0 21 28
855.0 21 29
856.5 68 88
856.5 69 70
858.0 95 106
858.0 95 107
859.5 179 181
859.5 179 182
861.0 193 194
861.0 193 198
862.5 74 84
862.5 74 85
864.0 16 30
864.0 16 31
865.5 117 138
865.5 118 119
867.0 170 181
867.0 170 182
868.5 105 108
868.5 106 107
870.0 71 76
870.0 71 77
871.5 176 179
871.5 176 180
873.0 18 19
873.0 18 20
874.5 71 74
874.5 71 75
876.0 120 125
876.0 120 126
877.5 47 56
877.5 47 57
879.0 114 131
879.0 114 132
880.5 170 175
880.5 170 176
882.0 15 32
882.0 15 33
883.5 118 128
883.5 118 129
885.0 16 34
885.0 16 35
886.5 119 121
886.5 119 122
888.0 20 28
888.0 20 29
889.5 143 153
889.5 143 154
891.0 66 84
891.0 66 85
892.5 172 177
892.5 172 178
894.0 144 146
894.0 144 147
895.5 169 175
895.5 169 176
897.0 14 38
897.0 15 16
898.5 144 154
898.5 144 155
900.0 18 37
900.0 19 20
901.5 38 88
901.5 38 113
903.0 43 49
903.0 43 50
904.5 28 30
904.5 28 31
906.0 144 148
906.0 144 149
907.5 66 86
907.5 66 87
909.0 88 89
909.0 88 109
910.5 24 30
910.5 24 31
912.0 26 27
912.0 26 28
913.5 177 185
913.5 178 179
915.0 107 108
915.0 108 109
916.5 150 160
916.5 150 161
918.0 149 155
918.0 149 156
919.5 13 163
919.5 13 164
921.0 68 78
921.0 68 79
922.5 130 132
922.5 130 133
924.0 125 131
924.0 125 132
925.5 100 103
925.5 100 104
927.0 51 58
927.0 51 59
928.5 143 155
928.5 143 156
930.0 114 164
930.0 114 188
931.5 145 152
931.5 145 153
933.0 64 86
933.0 64 87
934.5 104 105
934.5 104 106
936.0 95 110
936.0 95 111
937.5 48 59
937.5 48 60
939.0 88 110
939.0 88 111
940.5 80 83
940.5 81 82
942.0 153 159
942.0 154 155
943.5 154 156
943.5 154 157
945.0 152 154
945.0 152 155
946.5 90 112
946.5 90 113
948.0 75 80
948.0 75 81
949.5 14 15
949.5 14 29
951.0 169 187
951.0 169 188
952.5 67 77
952.5 67 78
954.0 13 37
954.0 13 38
955.5 52 57
955.5 52 58
957.0 42 60
957.0 42 61
958.5 144 162
958.5 144 163
960.0 92 111
960.0 92 112
961.5 15 30
961.5 15 31
963.0 151 156
963.0 151 157
964.5 164 183
964.5 164 184
966.0 120 137
966.0 121 122
967.5 39 59
967.5 39 60
969.0 46 54
969.0 46 55
970.5 97 99
970.5 97 100
972.0 24 26
972.0 24 27
973.5 11 12
973.5 12 13
975.0 42 50
975.0 42 51
976.5 39 63
976.5 40 41
978.0 69 79
978.0 69 80
979.5 113 136
979.5 113 137
981.0 22 26
981.0 22 27
982.5 25 26
982.5 25 27
984.0 133 134
984.0 134 135
985.5 142 153
985.5 142 154
987.0 96 98
987.0 96 99
988.5 148 153
988.5 148 154
990.0 170 187
990.0 170 188
991.5 92 103
991.5 92 104
993.0 96 108
993.0 96 109
994.5 123 130
994.5 123 131
996.0 166 189
996.0 167 168
997.5 93 98
997.5 93 99
999.0 64 82
999.0 64 83
1000.5 49 53
1000.5 49 54
1002.0 125 127
1002.0 125 128
1003.5 22 24
1003.5 22 25
1005.0 168 178
1005.0 168 179
1006.5 118 124
1006.5 118 125
1008.0 91 92
1008.0 91 101
1009.5 65 79
1009.5 65 80
1011.0 158 159
1011.0 159 160
1012.5 14 36
1012.5 14 37
1014.0 196 197
1014.0 196 198
1015.5 20 30
1015.5 20 31
1017.0 176 183
1017.0 176 184
1018.5 0 9
1018.5 1 2
1020.0 48 53
1020.0 48 54
1021.5 24 32
1021.5 24 33
1023.0 23 35
1023.0 24 25
1024.5 173 187
1024.5 174 175
1026.0 89 106
1026.0 89 107
1027.5 123 124
1027.5 123 125
1029.0 33 34
1029.0 34 35
1030.5 128 130
1030.5 128 131
1032.0 125 133
1032.0 125 134
1033.5 116 134
1033.5 116 135
1035.0 89 108
1035.0 89 109
1036.5 40 56
1036.5 40 57
1038.0 121 129
1038.0 121 130
1039.5 115 130
1039.5 115 131
1041.0 149 157
1041.0 149 158
1042.5 49 57
1042.5 49 58
1044.0 123 134
1044.0 123 135
1045.5 0 1
1045.5 0 2
1047.0 69 77
1047.0 69 78
1048.5 44 59
1048.5 44 60
1050.0 116 132
1050.0 116 133
1051.5 74 78
1051.5 74 79
1053.0 113 164
1053.0 113 188
1054.5 170 173
1054.5 170 174
1056.0 96 106
1056.0 96 107
1057.5 19 35
1057.5 19 36
1059.0 98 102
1059.0 98 103
1060.5 63 189
1060.5 64 65
1062.0 141 155
1062.0 141 156
1063.5 150 158
1063.5 150 159
1065.0 121 133
1065.0 121 134
1066.5 168 188
1066.5 169 170
1068.0 77 79
1068.0 77 80
1069.5 169 181
1069.5 169 182
1071.0 20 26
1071.0 20 27
1072.5 151 152
1072.5 151 153
1074.0 104 107
1074.0 104 108
1075.5 148 151
1075.5 148 152
1077.0 76 81
1077.0 76 82
1078.5 148 157
1078.5 148 158
1080.0 53 57
1080.0 53 58
1081.5 23 33
1081.5 23 34
1083.0 172 185
1083.0 172 186
1084.5 94 105
1084.5 94 106
1086.0 90 106
1086.0 90 107
1087.5 28 32
1087.5 28 33
1089.0 72 73
1089.0 72 74
1090.5 90 104
1090.5 90 105
1092.0 29 30
1092.0 29 31
1093.5 68 72
1093.5 68 73
1095.0 68 80
1095.0 68 81
1096.5 47 52
1096.5 47 53
1098.0 46 56
1098.0 46 57
1099.5 173 181
1099.5 173 182
1101.0 149 153
1101.0 149 154
1102.5 173 175
1102.5 173 176
1104.0 31 32
1104.0 32 33
1105.5 127 132
1105.5 127 133
1107.0 46 52
1107.0 46 53
1108.5 27 32
1108.5 27 33
1110.0 17 26
1110.0 17 27
1111.5 43 47
1111.5 43 48
1113.0 150 154
1113.0 150 155
1114.5 113 114
1114.5 113 135
1116.0 91 108
1116.0 91 109
1117.5 138 162
1117.5 138 163
1119.0 122 126
1119.0 122 127
1120.5 50 57
1120.5 50 58
1122.0 75 78
1122.0 75 79
1123.5 114 137
1123.5 114 138
1125.0 171 186
1125.0 171 187
1126.5 128 134
1126.5 129 130
1128.0 18 35
1128.0 18 36
1129.5 45 60
1129.5 45 61
1131.0 44 45
1131.0 44 46
1132.5 82 83
1132.5 83 84
1134.0 103 104
1134.0 103 105
1135.5 76 83
1135.5 76 84
1137.0 139 161
1137.0 139 162
1138.5 65 87
1138.5 65 88
1140.0 123 128
1140.0 123 129
1141.5 42 58
1141.5 42 59
1143.0 145 156
1143.0 145 157
1144.5 124 130
1144.5 124 131
1146.0 17 32
1146.0 17 33
1147.5 25 32
1147.5 25 33
1149.0 92 109
1149.0 92 110
1150.5 155 158
1150.5 156 157
1152.0 60 61
1152.0 61 62
1153.5 44 53
1153.5 44 54
1155.0 168 169
1155.0 168 173
1156.5 160 161
1156.5 161 162
1158.0 145 158
1158.0 145 159
1159.5 69 85
1159.5 69 86
1161.0 2 8
1161.0 3 4
1162.5 142 151
1162.5 142 152
1164.0 174 176
1164.0 174 177
1165.5 174 180
1165.5 174 181
1167.0 52 59
1167.0 53 54
1168.5 122 136
1168.5 122 137
1170.0 21 30
1170.0 21 31
1171.5 62 63
1171.5 63 64
1173.0 21 36
1173.0 22 23
1174.5 27 34
1174.5 28 29
1176.0 169 177
1176.0 169 178
1177.5 68 82
1177.5 68 83
1179.0 13 113
1179.0 13 138
1180.5 89 188
1180.5 89 189
1182.0 143 161
1182.0 143 162
1183.5 117 128
1183.5 117 129
1185.0 15 34
1185.0 15 35
1186.5 25 28
1186.5 25 29
1188.0 103 108
1188.0 103 109
1189.5 73 82
1189.5 73 83
1191.0 70 78
1191.0 70 79
1192.5 89 112
1192.5 89 113
1194.0 65 85
1194.0 65 86
