0 195 196
0 195 197
1.5 13 30
1.5 13 31
3.0 66 67
3.0 66 68
4.5 132 140
4.5 132 141
6.0 67 69
6.0 67 70
7.5 40 46
7.5 40 47
9.0 143 189
9.0 143 190
10.5 108 133
10.5 108 134
12.0 129 140
12.0 129 141
13.5 95 106
13.5 95 107
15.0 39 42
15.0 39 43
16.5 145 187
16.5 145 188
18.0 39 44
18.0 39 45
19.5 114 137
19.5 114 138
21.0 116 117
21.0 116 126
22.5 153 159
22.5 153 160
24.0 154 157
24.0 154 158
25.5 119 125
25.5 119 126
27.0 166 171
27.0 166 172
28.5 130 139
28.5 130 140
30.0 11 35
30.0 11 36
31.5 177 184
31.5 177 185
33.0 20 34
33.0 20 35
34.5 142 188
34.5 142 189
36.0 83 88
36.0 83 89
37.5 79 82
37.5 79 83
39.0 117 134
39.0 117 135
40.5 54 59
40.5 54 60
42.0 118 128
42.0 118 129
43.5 2 6
43.5 2 7
45.0 110 111
45.0 110 112
46.5 142 154
46.5 142 155
48.0 100 106
48.0 100 107
49.5 94 101
49.5 94 102
51.0 142 174
51.0 142 175
52.5 132 138
52.5 132 139
54.0 109 119
54.0 109 124
55.5 132 142
55.5 133 134
57.0 20 32
57.0 20 33
58.5 38 47
58.5 38 48
60.0 118 126
60.0 118 127
61.5 39 48
61.5 39 49
63.0 98 107
63.0 98 108
64.5 149 160
64.5 149 161
66.0 163 173
66.0 163 174
67.5 151 159
67.5 151 160
69.0 135 139
69.0 135 140
70.5 54 63
70.5 54 64
72.0 144 156
72.0 144 157
73.5 21 33
73.5 21 34
75.0 97 103
75.0 97 104
76.5 127 128
76.5 128 129
78.0 86 88
78.0 86 89
79.5 144 162
79.5 144 163
81.0 116 129
81.0 116 130
82.5 66 77
82.5 67 68
84.0 69 74
84.0 69 75
85.5 121 127
85.5 121 128
87.0 180 188
87.0 181 182
88.5 129 138
88.5 129 139
90.0 150 151
90.0 150 156
91.5 63 64
91.5 64 65
93.0 40 50
93.0 41 42
94.5 176 185
94.5 176 186
96.0 162 173
96.0 162 174
97.5 164 171
97.5 164 172
99.0 99 100
99.0 99 101
100.5 80 82
100.5 80 83
102.0 196 199
102.0 197 198
103.5 37 92
103.5 37 108
105.0 115 116
105.0 115 126
106.5 144 154
106.5 144 155
108.0 32 36
108.0 33 34
109.5 101 107
109.5 102 103
111.0 119 120
111.0 119 124
112.5 177 186
112.5 177 187
114.0 65 71
114.0 65 72
115.5 139 141
115.5 140 141
117.0 67 73
117.0 67 74
118.5 147 189
118.5 147 190
120.0 138 139
120.0 138 140
121.5 109 141
121.5 109 142
123.0 161 162
123.0 161 173
124.5 92 103
124.5 92 104
126.0 135 141
126.0 136 137
127.5 55 60
127.5 55 61
129.0 0 11
129.0 0 35
130.5 38 45
130.5 38 46
132.0 66 69
132.0 66 70
133.5 145 158
133.5 145 159
135.0 92 107
135.0 92 108
136.5 27 28
136.5 28 29
138.0 19 36
138.0 19 37
139.5 112 141
139.5 112 142
141.0 143 187
141.0 143 188
142.5 18 32
142.5 18 33
144.0 19 34
144.0 19 35
145.5 74 76
145.5 75 76
147.0 145 160
147.0 145 161
148.5 93 101
148.5 93 102
150.0 130 141
150.0 130 142
151.5 123 126
151.5 124 125
153.0 37 51
153.0 37 64
154.5 110 131
154.5 110 132
156.0 14 15
156.0 14 29
157.5 113 138
157.5 113 139
159.0 31 32
159.0 31 33
160.5 168 169
160.5 168 170
162.0 152 160
162.0 153 154
163.5 131 140
163.5 131 141
165.0 114 116
165.0 114 126
166.5 69 76
166.5 69 77
168.0 22 29
168.0 22 30
169.5 34 35
169.5 35 36
171.0 53 55
171.0 53 56
172.5 120 121
172.5 120 123
174.0 59 62
174.0 59 63
175.5 109 135
175.5 109 136
177.0 108 131
177.0 108 132
178.5 15 36
178.5 15 37
180.0 153 157
180.0 153 158
181.5 110 135
181.5 110 136
183.0 145 189
183.0 145 190
184.5 148 158
184.5 148 159
186.0 96 100
186.0 96 101
187.5 142 176
187.5 142 185
189.0 112 116
189.0 112 117
190.5 103 104
190.5 103 105
192.0 79 86
192.0 79 87
193.5 56 57
193.5 56 58
195.0 80 86
195.0 80 87
196.5 147 187
196.5 147 188
198.0 147 159
198.0 147 160
199.5 97 101
199.5 97 102
201.0 145 173
201.0 145 174
202.5 88 91
202.5 89 90
204.0 68 76
204.0 68 77
205.5 179 186
205.5 179 187
207.0 41 43
207.0 41 44
208.5 55 58
208.5 55 59
210.0 83 86
210.0 83 87
211.5 108 141
211.5 108 142
213.0 21 35
213.0 21 36
214.5 65 75
214.5 65 76
216.0 47 48
216.0 47 49
217.5 95 104
217.5 95 105
219.0 71 73
219.0 71 74
220.5 112 137
220.5 112 138
222.0 80 84
222.0 80 85
223.5 40 42
223.5 40 43
225.0 132 136
225.0 132 137
226.5 178 187
226.5 178 188
228.0 109 127
228.0 109 128
229.5 40 48
229.5 40 49
231.0 162 175
231.0 162 189
232.5 42 45
232.5 42 46
234.0 81 83
234.0 81 84
235.5 165 166
235.5 165 168
237.0 93 105
237.0 93 106
238.5 143 170
238.5 143 171
240.0 115 139
240.0 115 140
241.5 69 70
241.5 69 71
243.0 15 16
243.0 15 29
244.5 21 37
244.5 22 23
246.0 48 49
246.0 49 50
247.5 86 90
247.5 86 91
249.0 137 138
249.0 137 139
250.5 143 191
250.5 144 145
252.0 142 170
252.0 142 171
253.5 107 108
253.5 108 109
255.0 134 139
255.0 134 140
256.5 60 61
256.5 60 62
258.0 192 193
258.0 193 194
259.5 144 146
259.5 144 147
261.0 120 124
261.0 120 125
262.5 149 156
262.5 149 157
264.0 73 74
264.0 73 75
265.5 180 182
265.5 180 183
267.0 21 31
267.0 21 32
268.5 111 136
268.5 111 137
270.0 146 158
270.0 146 159
271.5 150 161
271.5 151 152
273.0 120 128
273.0 120 129
274.5 1 8
274.5 1 9
276.0 108 125
276.0 108 126
277.5 55 62
277.5 55 63
279.0 111 114
279.0 111 115
280.5 161 189
280.5 162 163
282.0 169 172
282.0 170 171
283.5 3 5
283.5 3 6
285.0 70 71
285.0 70 72
286.5 105 107
286.5 106 107
288.0 148 149
288.0 148 157
289.5 84 91
289.5 85 86
291.0 118 124
291.0 118 125
292.5 38 92
292.5 38 108
294.0 100 108
294.0 101 102
295.5 83 90
295.5 83 91
297.0 0 36
297.0 0 37
298.5 15 32
298.5 15 33
300.0 53 59
300.0 53 60
301.5 108 137
301.5 108 138
303.0 96 102
303.0 96 103
304.5 110 119
304.5 110 124
306.0 84 85
306.0 84 86
307.5 116 133
307.5 116 134
309.0 134 137
309.0 134 138
310.5 93 99
310.5 93 100
312.0 120 142
312.0 121 122
313.5 20 30
313.5 20 31
315.0 16 36
315.0 16 37
316.5 19 28
316.5 19 29
318.0 119 139
318.0 119 140
319.5 146 147
319.5 146 148
321.0 143 150
321.0 143 151
322.5 112 131
322.5 112 132
324.0 110 117
324.0 110 118
325.5 164 173
325.5 164 174
327.0 178 179
327.0 178 184
328.5 13 34
328.5 13 35
330.0 31 34
330.0 31 35
331.5 18 28
331.5 18 29
333.0 54 57
333.0 54 58
334.5 121 125
334.5 121 126
336.0 181 185
336.0 181 186
337.5 52 56
337.5 52 57
339.0 78 92
339.0 78 108
340.5 70 73
340.5 70 74
342.0 181 187
342.0 182 183
343.5 130 137
343.5 130 138
345.0 18 34
345.0 18 35
346.5 109 117
346.5 109 118
348.0 167 170
348.0 167 171
349.5 145 175
349.5 145 186
351.0 146 188
351.0 146 189
352.5 65 69
352.5 65 70
354.0 12 36
354.0 12 37
355.5 42 43
355.5 42 44
357.0 109 113
357.0 109 114
358.5 165 173
358.5 165 174
360.0 111 128
360.0 111 129
361.5 136 138
361.5 136 139
363.0 147 149
363.0 147 156
364.5 66 75
364.5 66 76
366.0 116 127
366.0 116 128
367.5 54 55
367.5 54 56
369.0 111 134
369.0 111 135
370.5 179 188
370.5 180 181
372.0 96 108
372.0 97 98
373.5 37 49
373.5 37 50
375.0 113 130
375.0 113 131
376.5 110 139
376.5 110 140
378.0 94 95
378.0 94 96
379.5 111 112
379.5 111 113
381.0 128 142
381.0 129 130
382.5 56 61
382.5 56 62
384.0 143 162
384.0 143 163
385.5 1 2
385.5 1 5
387.0 176 189
387.0 177 178
388.5 97 107
388.5 97 108
390.0 104 105
390.0 104 106
391.5 56 59
391.5 56 60
393.0 57 61
393.0 57 62
394.5 143 156
394.5 143 157
396.0 193 199
396.0 194 195
397.5 33 35
397.5 33 36
399.0 25 26
399.0 25 27
400.5 111 130
400.5 111 131
402.0 109 133
402.0 109 134
403.5 163 175
403.5 164 165
405.0 51 58
405.0 51 59
406.5 131 138
406.5 131 139
408.0 190 191
408.0 191 192
409.5 43 48
409.5 43 49
411.0 43 50
411.0 44 45
412.5 182 186
412.5 183 184
414.0 108 127
414.0 108 128
415.5 51 62
415.5 51 63
417.0 151 157
417.0 151 158
418.5 179 182
418.5 179 183
420.0 143 160
420.0 143 161
421.5 82 83
421.5 82 84
423.0 55 56
423.0 55 57
424.5 21 27
424.5 21 28
426.0 171 172
426.0 172 173
427.5 115 129
427.5 115 130
429.0 110 127
429.0 110 128
430.5 17 18
430.5 17 28
432.0 14 32
432.0 14 33
433.5 19 32
433.5 19 33
435.0 143 152
435.0 143 153
436.5 95 98
436.5 95 99
438.0 141 142
438.0 142 143
439.5 11 33
439.5 11 34
441.0 194 198
441.0 194 199
442.5 113 126
442.5 113 127
444.0 115 137
444.0 115 138
445.5 114 139
445.5 114 140
447.0 143 174
447.0 143 175
448.5 104 107
448.5 105 106
450.0 16 32
450.0 16 33
451.5 132 134
451.5 132 135
453.0 151 161
453.0 152 153
454.5 2 8
454.5 2 9
456.0 142 186
456.0 142 187
457.5 142 158
457.5 142 159
459.0 167 168
459.0 167 169
460.5 18 36
460.5 18 37
462.0 109 129
462.0 109 130
463.5 165 169
463.5 165 170
465.0 15 34
465.0 15 35
466.5 111 138
466.5 111 139
468.0 144 160
468.0 144 161
469.5 19 30
469.5 19 31
471.0 23 30
471.0 24 25
472.5 43 44
472.5 43 45
474.0 121 142
474.0 122 123
475.5 110 141
475.5 110 142
477.0 83 84
477.0 83 85
478.5 128 140
478.5 128 141
480.0 101 105
480.0 101 106
481.5 157 158
481.5 158 159
483.0 167 172
483.0 167 173
484.5 21 29
484.5 21 30
486.0 111 118
486.0 111 125
487.5 41 45
487.5 41 46
489.0 96 98
489.0 96 99
490.5 195 198
490.5 195 199
492.0 137 140
492.0 137 141
493.5 118 139
493.5 118 140
495.0 109 131
495.0 109 132
496.5 68 70
496.5 68 71
498.0 84 87
498.0 84 88
499.5 114 127
499.5 114 128
501.0 81 89
501.0 81 90
502.5 18 30
502.5 18 31
504.0 94 103
504.0 94 104
505.5 82 85
505.5 82 86
507.0 93 107
507.0 93 108
508.5 53 63
508.5 53 64
510.0 115 127
510.0 115 128
511.5 144 171
511.5 144 172
513.0 112 127
513.0 112 128
514.5 152 156
514.5 152 157
516.0 72 74
516.0 72 75
517.5 112 125
517.5 112 126
519.0 145 156
519.0 145 157
520.5 143 176
520.5 143 186
522.0 39 40
522.0 39 41
523.5 112 133
523.5 112 134
525.0 40 44
525.0 40 45
526.5 82 91
526.5 82 92
528.0 20 28
528.0 20 29
529.5 115 131
529.5 115 132
531.0 147 174
531.0 147 175
532.5 22 25
532.5 22 26
534.0 58 62
534.0 58 63
535.5 155 157
535.5 155 158
537.0 182 184
537.0 182 185
538.5 78 79
538.5 78 85
540.0 38 39
540.0 38 44
541.5 111 140
541.5 111 141
543.0 71 77
543.0 72 73
544.5 0 9
544.5 0 10
546.0 23 26
546.0 23 27
547.5 145 147
547.5 145 148
549.0 144 158
549.0 144 159
550.5 57 63
550.5 58 59
552.0 92 93
552.0 92 102
553.5 46 48
553.5 46 49
555.0 117 126
555.0 117 127
556.5 78 88
556.5 78 89
558.0 13 32
558.0 13 33
559.5 65 66
559.5 65 68
561.0 39 46
561.0 39 47
562.5 119 141
562.5 119 142
564.0 100 102
564.0 100 103
565.5 98 105
565.5 98 106
567.0 12 34
567.0 12 35
568.5 142 190
568.5 142 191
570.0 17 31
570.0 17 32
571.5 23 28
571.5 23 29
573.0 112 129
573.0 112 130
574.5 176 187
574.5 176 188
576.0 108 135
576.0 108 136
577.5 96 104
577.5 96 105
579.0 144 173
579.0 144 174
580.5 3 7
580.5 3 8
582.0 45 47
582.0 45 48
583.5 112 139
583.5 112 140
585.0 76 77
585.0 77 78
586.5 113 142
586.5 114 115
588.0 145 149
588.0 145 150
589.5 24 28
589.5 24 29
591.0 24 26
591.0 24 27
592.5 44 50
592.5 45 46
594.0 143 144
594.0 143 145
595.5 123 124
595.5 123 125
597.0 145 162
597.0 145 172
598.5 19 20
598.5 19 27
600.0 143 146
600.0 143 147
601.5 154 155
601.5 154 156
603.0 98 99
603.0 98 100
604.5 184 185
604.5 185 186
606.0 42 47
606.0 42 48
607.5 52 60
607.5 52 61
609.0 39 50
609.0 40 41
610.5 163 171
610.5 163 172
612.0 85 89
612.0 85 90
613.5 68 74
613.5 68 75
615.0 118 141
615.0 118 142
616.5 20 21
616.5 20 27
618.0 131 142
618.0 132 133
619.5 120 126
619.5 120 127
621.0 146 162
621.0 146 172
622.5 166 169
622.5 166 170
624.0 30 35
624.0 30 36
625.5 44 46
625.5 44 47
627.0 111 142
627.0 112 113
628.5 65 77
628.5 65 78
630.0 99 102
630.0 99 103
631.5 38 49
631.5 38 50
633.0 54 61
633.0 54 62
634.5 16 17
634.5 16 29
636.0 114 133
636.0 114 134
637.5 64 75
637.5 64 76
639.0 143 148
639.0 143 149
640.5 115 135
640.5 115 136
642.0 119 129
642.0 119 138
643.5 96 106
643.5 96 107
645.0 133 139
645.0 133 140
646.5 23 24
646.5 23 25
648.0 110 133
648.0 110 134
649.5 66 73
649.5 66 74
651.0 12 30
651.0 12 31
652.5 101 103
652.5 101 104
654.0 93 94
654.0 93 96
655.5 11 12
655.5 11 32
657.0 134 135
657.0 134 136
658.5 90 91
658.5 91 92
660.0 13 14
660.0 13 29
661.5 66 71
661.5 66 72
663.0 138 141
663.0 139 140
664.5 7 8
664.5 8 9
666.0 188 189
666.0 189 190
667.5 114 141
667.5 114 142
669.0 117 118
669.0 117 125
670.5 58 60
670.5 58 61
672.0 71 75
672.0 71 76
673.5 173 174
673.5 174 175
675.0 16 34
675.0 16 35
676.5 144 148
676.5 144 149
678.0 143 172
678.0 143 173
679.5 64 77
679.5 64 78
681.0 16 30
681.0 16 31
682.5 114 129
682.5 114 130
684.0 95 96
684.0 95 97
685.5 80 90
685.5 80 91
687.0 179 184
687.0 179 185
688.5 178 185
688.5 178 186
690.0 68 72
690.0 68 73
691.5 144 188
691.5 144 189
693.0 156 157
693.0 156 158
694.5 94 97
694.5 94 98
696.0 57 59
696.0 57 60
697.5 181 183
697.5 181 184
699.0 100 104
699.0 100 105
700.5 70 77
700.5 71 72
702.0 51 52
702.0 51 57
703.5 111 132
703.5 111 133
705.0 131 136
705.0 131 137
706.5 118 130
706.5 118 136
708.0 146 149
708.0 146 150
709.5 29 30
709.5 30 31
711.0 108 129
711.0 108 130
712.5 25 28
712.5 26 27
714.0 148 189
714.0 149 150
715.5 111 126
715.5 111 127
717.0 17 37
717.0 18 19
718.5 148 160
718.5 148 161
720.0 180 186
720.0 180 187
721.5 125 126
721.5 126 127
723.0 147 157
723.0 147 158
724.5 116 141
724.5 116 142
726.0 14 30
726.0 14 31
727.5 79 90
727.5 79 91
729.0 52 54
729.0 52 55
730.5 2 10
730.5 3 4
732.0 119 127
732.0 119 128
733.5 175 189
733.5 176 177
735.0 17 33
735.0 17 34
736.5 117 130
736.5 117 131
738.0 5 7
738.0 6 7
739.5 87 90
739.5 87 91
741.0 186 187
741.0 187 188
742.5 143 154
742.5 143 155
744.0 165 171
744.0 165 172
745.5 2 4
745.5 2 5
747.0 116 135
747.0 116 136
748.5 4 8
748.5 5 6
750.0 110 137
750.0 110 138
751.5 0 7
751.5 0 8
753.0 102 104
753.0 102 105
754.5 114 131
754.5 114 132
756.0 134 141
756.0 135 136
757.5 79 84
757.5 79 85
759.0 110 125
759.0 110 126
760.5 183 185
760.5 183 186
762.0 53 61
762.0 53 62
763.5 133 137
763.5 133 138
765.0 78 90
765.0 78 91
766.5 53 57
766.5 53 58
768.0 99 106
768.0 99 107
769.5 84 89
769.5 84 90
771.0 166 167
771.0 166 168
772.5 129 142
772.5 130 131
774.0 67 75
774.0 67 76
775.5 152 158
775.5 152 159
777.0 146 175
777.0 146 187
778.5 79 88
778.5 79 89
780.0 103 106
780.0 103 107
781.5 93 97
781.5 93 98
783.0 196 197
783.0 196 198
784.5 144 152
784.5 144 153
786.0 44 48
786.0 44 49
787.5 113 128
787.5 113 129
789.0 130 135
789.0 130 136
790.5 88 89
790.5 88 90
792.0 115 133
792.0 115 134
793.5 80 88
793.5 80 89
795.0 153 155
795.0 153 156
796.5 117 142
796.5 118 119
798.0 95 102
798.0 95 103
799.5 51 108
799.5 52 53
801.0 117 140
801.0 117 141
802.5 80 92
802.5 81 82
804.0 146 190
804.0 147 148
805.5 122 126
805.5 122 127
807.0 69 72
807.0 69 73
808.5 81 87
808.5 81 88
810.0 135 137
810.0 135 138
811.5 12 32
811.5 12 33
813.0 113 116
813.0 113 117
814.5 109 115
814.5 109 116
816.0 22 31
816.0 22 34
817.5 51 64
817.5 51 92
819.0 151 155
819.0 151 156
820.5 81 91
820.5 81 92
822.0 82 89
822.0 82 90
823.5 177 188
823.5 177 189
825.0 36 37
825.0 37 38
826.5 108 139
826.5 108 140
828.0 20 36
828.0 20 37
829.5 144 190
829.5 145 146
831.0 110 129
831.0 110 130
832.5 50 51
832.5 50 108
834.0 113 140
834.0 113 141
835.5 99 108
835.5 100 101
837.0 143 158
837.0 143 159
838.5 122 124
838.5 122 125
840.0 144 175
840.0 144 176
841.5 97 99
841.5 97 100
843.0 65 73
843.0 65 74
844.5 113 114
844.5 113 115
846.0 142 150
846.0 142 151
847.5 0 1
847.5 0 6
849.0 142 160
849.0 142 161
850.5 43 46
850.5 43 47
852.0 154 159
852.0 155 156
853.5 161 174
853.5 161 175
855.0 79 80
855.0 79 81
856.5 22 27
856.5 22 28
858.0 72 76
858.0 72 77
859.5 78 86
859.5 78 87
861.0 38 51
861.0 38 64
862.5 131 134
862.5 131 135
864.0 142 162
864.0 142 163
865.5 1 10
865.5 2 3
867.0 97 105
867.0 97 106
868.5 136 140
868.5 136 141
870.0 144 150
870.0 144 151
871.5 114 135
871.5 114 136
873.0 41 49
873.0 41 50
874.5 152 154
874.5 152 155
876.0 85 87
876.0 85 88
877.5 116 137
877.5 116 138
879.0 17 29
879.0 17 30
880.5 81 85
880.5 81 86
882.0 110 115
882.0 110 116
883.5 21 22
883.5 21 26
885.0 115 141
885.0 115 142
886.5 64 73
886.5 64 74
888.0 117 128
888.0 117 129
889.5 17 35
889.5 17 36
891.0 142 172
891.0 142 173
892.5 175 176
892.5 175 186
894.0 52 64
894.0 53 54
895.5 73 76
895.5 74 75
897.0 175 187
897.0 175 188
898.5 168 171
898.5 168 172
900.0 109 139
900.0 109 140
901.5 117 138
901.5 117 139
903.0 131 132
903.0 131 133
904.5 169 170
904.5 169 171
906.0 15 30
906.0 15 31
907.5 144 186
907.5 144 187
909.0 82 87
909.0 82 88
910.5 116 139
910.5 116 140
912.0 94 107
912.0 94 108
913.5 150 157
913.5 150 158
915.0 142 156
915.0 142 157
916.5 93 103
916.5 93 104
918.0 92 105
918.0 92 106
919.5 64 92
919.5 64 108
921.0 116 131
921.0 116 132
922.5 120 140
922.5 120 141
924.0 159 160
924.0 160 161
925.5 113 134
925.5 113 135
927.0 70 75
927.0 70 76
928.5 102 106
928.5 102 107
930.0 94 105
930.0 94 106
931.5 146 173
931.5 146 174
933.0 95 108
933.0 96 97
934.5 146 160
934.5 146 161
936.0 109 110
936.0 109 112
937.5 111 116
937.5 111 117
939.0 112 135
939.0 112 136
940.5 146 156
940.5 146 157
942.0 148 173
942.0 148 174
943.5 51 60
943.5 51 61
945.0 118 137
945.0 118 138
946.5 109 137
946.5 109 138
948.0 94 99
948.0 94 100
949.5 149 158
949.5 149 159
951.0 142 152
951.0 142 153
952.5 110 113
952.5 110 114
954.0 67 77
954.0 68 69
955.5 149 174
955.5 149 175
957.0 85 91
957.0 86 87
958.5 166 173
958.5 166 174
960.0 4 6
960.0 4 7
961.5 98 101
961.5 98 102
963.0 45 49
963.0 46 47
964.5 147 161
964.5 147 173
966.0 148 175
966.0 148 188
967.5 98 103
967.5 98 104
969.0 32 34
969.0 32 35
970.5 149 188
970.5 149 189
972.0 178 189
972.0 179 180
973.5 117 136
973.5 117 137
975.0 87 88
975.0 87 89
976.5 121 123
976.5 121 124
978.0 197 199
978.0 198 199
979.5 1 6
979.5 1 7
981.0 79 92
981.0 80 81
982.5 163 164
982.5 163 170
984.0 13 36
984.0 13 37
985.5 11 37
985.5 12 13
987.0 52 62
987.0 52 63
988.5 14 36
988.5 14 37
990.0 112 114
990.0 112 115
991.5 67 71
991.5 67 72
993.0 180 184
993.0 180 185
994.5 164 169
994.5 164 170
996.0 99 104
996.0 99 105
997.5 41 47
997.5 41 48
999.0 113 132
999.0 113 133
1000.5 162 171
1000.5 162 172
1002.0 59 60
1002.0 59 61
1003.5 133 141
1003.5 133 142
1005.0 56 63
1005.0 57 58
1006.5 31 36
1006.5 32 33
1008.0 109 125
1008.0 109 126
1009.5 3 9
1009.5 4 5
1011.0 95 100
1011.0 95 101
1012.5 9 10
1012.5 10 11
1014.0 145 151
1014.0 145 155
1015.5 61 62
1015.5 62 63
1017.0 113 136
1017.0 113 137
1018.5 133 135
1018.5 133 136
1020.0 14 34
1020.0 14 35
1021.5 22 35
1021.5 22 36
1023.0 42 49
1023.0 42 50
1024.5 52 58
1024.5 52 59
1026.0 150 159
1026.0 150 160
