0 20 70
1.5 104 112
1.5 104 113
3.0 152 157
3.0 152 158
4.5 94 120
4.5 94 121
6.0 191 197
6.0 191 198
7.5 20 65
9.0 193 198
9.0 193 199
10.5 14 20
12.0 136 148
12.0 136 149
13.5 20 21
15.0 116 121
15.0 116 122
16.5 20 52
16.5 20 53
18.0 148 165
18.0 148 166
19.5 148 163
19.5 148 164
21.0 149 158
21.0 149 159
22.5 110 119
22.5 110 120
24.0 130 167
24.0 130 168
25.5 145 158
25.5 145 159
27.0 16 20
28.5 190 193
28.5 190 194
30.0 177 193
30.0 177 194
31.5 20 61
33.0 20 65
34.5 138 155
34.5 138 156
36.0 20 74
37.5 131 165
37.5 131 166
39.0 99 108
39.0 99 109
40.5 181 184
40.5 181 185
42.0 109 116
42.0 109 117
43.5 20 76
45.0 18 20
46.5 182 197
46.5 182 198
48.0 179 187
48.0 179 188
49.5 136 170
49.5 137 138
51.0 93 118
51.0 93 119
52.5 176 190
52.5 176 191
54.0 11 20
55.5 20 68
57.0 146 149
57.0 146 150
58.5 20 57
60.0 20 32
61.5 151 157
61.5 151 158
63.0 20 54
64.5 140 151
64.5 140 152
66.0 20 28
67.5 186 199
67.5 187 188
69.0 198 199
70.5 20 26
72.0 145 166
72.0 145 167
73.5 189 192
73.5 189 193
75.0 144 150
75.0 144 151
76.5 20 55
78.0 141 153
78.0 141 154
79.5 101 121
79.5 101 122
81.0 140 167
81.0 140 168
82.5 17 20
84.0 20 25
85.5 20 65
87.0 158 159
87.0 158 160
88.5 20 58
90.0 20 68
91.5 184 186
91.5 184 187
93.0 20 26
94.5 183 193
94.5 183 194
96.0 147 163
96.0 147 164
97.5 148 149
97.5 148 150
99.0 94 116
99.0 94 117
100.5 103 120
100.5 103 121
102.0 120 121
102.0 121 122
103.5 186 191
103.5 186 192
105.0 14 20
106.5 153 162
106.5 153 163
108.0 91 125
108.0 91 126
109.5 16 20
111.0 20 26
112.5 20 27
114.0 178 196
114.0 178 197
115.5 20 75
117.0 191 193
117.0 191 194
118.5 137 158
118.5 137 159
120.0 105 116
120.0 105 117
121.5 98 123
121.5 98 124
123.0 20 37
124.5 20 59
126.0 13 20
127.5 10 20
129.0 115 121
129.0 115 122
130.5 113 122
130.5 113 123
132.0 182 183
132.0 182 184
133.5 154 163
133.5 155 156
135.0 20 66
136.5 124 125
136.5 125 126
138.0 17 20
139.5 107 117
139.5 107 118
141.0 140 149
141.0 140 150
142.5 173 197
142.5 173 198
144.0 140 153
144.0 140 154
145.5 15 20
147.0 94 112
147.0 94 113
148.5 104 114
148.5 104 115
150.0 20 20
151.5 138 149
151.5 138 150
153.0 131 163
153.0 131 164
154.5 20 69
156.0 20 26
157.5 103 116
157.5 103 117
159.0 14 20
160.5 177 189
160.5 177 190
162.0 20 58
163.5 149 160
163.5 149 161
165.0 179 183
165.0 179 184
166.5 102 111
166.5 102 112
168.0 133 162
168.0 133 163
169.5 111 113
169.5 111 114
171.0 101 115
171.0 101 116
172.5 17 20
174.0 143 168
174.0 144 145
175.5 181 188
175.5 181 189
177.0 142 153
177.0 142 154
178.5 20 71
180.0 20 63
181.5 100 123
181.5 100 124
183.0 146 153
183.0 146 154
184.5 103 124
184.5 103 125
186.0 20 32
187.5 102 115
187.5 102 116
189.0 175 193
189.0 175 194
190.5 20 21
192.0 144 166
192.0 144 167
193.5 20 69
195.0 108 117
195.0 108 118
196.5 105 106
196.5 105 107
198.0 20 70
199.5 141 163
199.5 141 164
201.0 20 52
202.5 20 59
204.0 184 198
204.0 184 199
205.5 188 194
205.5 188 195
207.0 153 156
207.0 153 157
208.5 20 62
210.0 20 26
211.5 20 40
211.5 20 41
213.0 20 59
214.5 146 155
214.5 146 156
216.0 20 59
217.5 18 20
219.0 20 65
220.5 134 154
220.5 134 155
222.0 103 106
222.0 103 107
223.5 134 164
223.5 134 165
225.0 20 36
226.5 17 20
228.0 96 122
228.0 96 123
229.5 20 25
231.0 141 157
231.0 141 158
232.5 180 196
232.5 180 197
234.0 19 20
235.5 133 170
235.5 134 135
237.0 20 63
238.5 15 20
240.0 97 128
240.0 97 129
241.5 141 149
241.5 141 150
243.0 20 23
244.5 20 29
246.0 110 117
246.0 110 118
247.5 107 123
247.5 107 124
249.0 99 122
249.0 99 123
250.5 15 20
252.0 179 191
252.0 179 192
253.5 112 117
253.5 112 118
255.0 174 194
255.0 174 195
256.5 158 161
256.5 159 160
258.0 14 20
259.5 133 156
259.5 133 157
261.0 18 20
262.5 137 160
262.5 137 161
264.0 143 146
264.0 143 147
265.5 102 123
265.5 102 124
267.0 144 160
267.0 144 161
268.5 20 58
270.0 136 158
270.0 136 159
271.5 122 123
271.5 123 124
273.0 151 161
273.0 151 162
274.5 112 115
274.5 112 116
276.0 11 20
277.5 102 109
277.5 102 110
279.0 20 42
279.0 20 43
280.5 106 125
280.5 106 126
282.0 147 151
282.0 147 152
283.5 98 125
283.5 98 126
285.0 92 93
285.0 92 117
286.5 20 59
288.0 106 119
288.0 106 120
289.5 20 25
291.0 141 151
291.0 141 152
292.5 15 20
294.0 188 196
294.0 188 197
295.5 132 133
295.5 132 157
297.0 20 63
298.5 98 115
298.5 98 116
300.0 20 20
301.5 153 158
301.5 153 159
303.0 134 168
303.0 134 169
304.5 102 121
304.5 102 122
306.0 2 3
306.0 3 4
307.5 105 124
307.5 105 125
309.0 96 114
309.0 96 115
310.5 20 73
312.0 117 120
312.0 117 121
313.5 142 151
313.5 142 152
315.0 19 20
316.5 20 72
318.0 20 73
319.5 107 125
319.5 107 126
321.0 147 155
321.0 147 156
322.5 20 61
324.0 20 64
325.5 20 67
327.0 20 60
328.5 20 48
328.5 20 49
330.0 155 159
330.0 155 160
331.5 20 53
333.0 145 148
333.0 145 149
334.5 20 56
336.0 98 99
336.0 98 104
337.5 20 62
339.0 132 166
339.0 132 167
340.5 101 119
340.5 101 120
342.0 183 191
342.0 183 192
343.5 97 122
343.5 97 123
345.0 20 51
346.5 145 162
346.5 145 163
348.0 135 152
348.0 135 153
349.5 20 60
351.0 20 71
352.5 10 20
354.0 20 25
355.5 20 88
355.5 20 89
357.0 20 64
358.5 20 63
360.0 108 125
360.0 108 126
361.5 20 63
363.0 6 7
363.0 7 8
364.5 20 32
366.0 154 161
366.0 154 162
367.5 20 55
369.0 20 33
370.5 20 54
372.0 99 128
372.0 99 129
373.5 12 20
375.0 19 20
376.5 103 112
376.5 103 113
378.0 110 121
378.0 110 122
379.5 178 190
379.5 178 191
381.0 139 160
381.0 139 161
382.5 20 63
384.0 139 164
384.0 139 165
385.5 99 116
385.5 99 117
387.0 138 145
387.0 138 146
388.5 139 142
388.5 139 143
390.0 20 52
391.5 135 170
391.5 136 137
393.0 20 57
394.5 20 20
396.0 20 35
397.5 132 170
397.5 133 134
399.0 20 24
400.5 8 9
400.5 9 10
402.0 166 167
402.0 167 168
403.5 95 126
403.5 95 127
405.0 137 166
405.0 137 167
406.5 13 20
408.0 145 156
408.0 145 157
409.5 15 20
411.0 20 62
412.5 139 156
412.5 139 157
414.0 107 111
414.0 107 112
415.5 148 159
415.5 148 160
417.0 106 107
417.0 106 108
418.5 184 192
418.5 184 193
420.0 149 152
420.0 149 153
421.5 132 162
421.5 132 163
423.0 139 148
423.0 139 149
424.5 130 131
424.5 130 164
426.0 192 198
426.0 192 199
427.5 10 20
429.0 116 119
429.0 116 120
430.5 175 195
430.5 175 196
432.0 20 75
433.5 96 120
433.5 96 121
435.0 100 105
435.0 100 106
436.5 20 24
438.0 114 119
438.0 114 120
439.5 94 122
439.5 94 123
441.0 99 112
441.0 99 113
442.5 97 114
442.5 97 115
444.0 145 160
444.0 145 161
445.5 194 199
445.5 195 196
447.0 20 20
448.5 131 161
448.5 131 162
450.0 144 154
450.0 144 155
451.5 20 20
453.0 175 199
453.0 176 177
454.5 20 58
456.0 97 118
456.0 97 119
457.5 175 176
457.5 175 190
459.0 20 61
460.5 147 165
460.5 147 166
462.0 96 126
462.0 96 127
463.5 20 31
465.0 20 33
466.5 183 185
466.5 183 186
468.0 94 130
468.0 95 96
469.5 107 113
469.5 107 114
471.0 91 121
471.0 91 122
472.5 110 123
472.5 110 124
474.0 97 126
474.0 97 127
475.5 20 28
477.0 195 199
477.0 196 197
478.5 160 161
478.5 161 162
480.0 0 1
480.0 1 2
481.5 17 20
483.0 184 196
483.0 184 197
484.5 143 156
484.5 143 157
486.0 20 70
487.5 20 62
489.0 13 20
490.5 140 157
490.5 140 158
492.0 98 119
492.0 98 120
493.5 20 74
495.0 134 152
495.0 134 153
496.5 179 180
496.5 179 182
498.0 149 156
498.0 149 157
499.5 176 198
499.5 176 199
501.0 20 21
502.5 20 66
504.0 155 157
504.0 155 158
505.5 191 195
505.5 191 196
507.0 20 51
508.5 18 20
510.0 133 168
510.0 133 169
511.5 181 194
511.5 181 195
513.0 20 56
514.5 20 35
516.0 138 167
516.0 138 168
517.5 15 20
519.0 100 111
519.0 100 112
520.5 20 29
522.0 95 122
522.0 95 123
523.5 104 110
523.5 104 111
525.0 20 23
526.5 20 60
528.0 134 156
528.0 134 157
529.5 20 68
531.0 141 165
531.0 141 166
532.5 181 198
532.5 181 199
534.0 20 61
535.5 110 125
535.5 111 112
537.0 14 20
538.5 20 27
540.0 112 121
540.0 112 122
541.5 20 52
543.0 193 194
543.0 193 195
544.5 20 74
546.0 108 113
546.0 108 114
547.5 110 115
547.5 110 116
549.0 184 190
549.0 184 191
550.5 91 92
550.5 91 120
552.0 20 64
553.5 15 20
555.0 153 154
555.0 153 155
556.5 154 155
556.5 154 156
558.0 98 129
558.0 99 100
559.5 138 153
559.5 138 154
561.0 20 62
562.5 151 155
562.5 151 156
564.0 140 165
564.0 140 166
565.5 20 69
567.0 185 192
567.0 185 193
568.5 20 56
570.0 174 196
570.0 174 197
571.5 118 119
571.5 118 120
573.0 20 67
574.5 16 20
576.0 20 74
577.5 15 20
579.0 20 31
580.5 178 192
580.5 178 193
582.0 142 147
582.0 142 148
583.5 109 112
583.5 109 113
585.0 20 62
586.5 20 20
588.0 105 118
588.0 105 119
589.5 16 20
591.0 98 117
591.0 98 118
592.5 20 21
594.0 20 27
595.5 93 120
595.5 93 121
597.0 20 32
598.5 104 116
598.5 104 117
600.0 102 119
600.0 102 120
601.5 135 166
601.5 135 167
603.0 20 64
604.5 142 161
604.5 142 162
606.0 110 111
606.0 110 112
607.5 104 122
607.5 104 123
609.0 111 119
609.0 111 120
610.5 20 34
612.0 173 174
612.0 173 194
613.5 136 152
613.5 136 153
615.0 20 66
616.5 143 144
616.5 143 145
618.0 20 60
619.5 20 59
621.0 20 60
621.0 20 61
622.5 106 115
622.5 106 116
624.0 20 54
625.5 20 66
627.0 20 68
628.5 150 165
628.5 151 152
630.0 20 66
631.5 20 50
633.0 20 51
634.5 192 196
634.5 192 197
636.0 20 68
637.5 189 196
637.5 189 197
639.0 181 186
639.0 181 187
640.5 20 68
642.0 187 189
642.0 187 190
643.5 20 72
645.0 20 24
646.5 138 163
646.5 138 164
648.0 13 20
649.5 137 146
649.5 137 147
651.0 11 20
652.5 20 68
654.0 146 147
654.0 146 148
655.5 109 110
655.5 109 111
657.0 108 111
657.0 108 112
658.5 96 112
658.5 96 113
660.0 93 124
660.0 93 125
661.5 20 66
663.0 16 20
664.5 100 119
664.5 100 120
666.0 92 128
666.0 92 129
667.5 20 60
669.0 92 118
669.0 92 119
670.5 153 160
670.5 153 161
672.0 97 106
672.0 97 107
673.5 20 34
675.0 12 20
676.5 140 155
676.5 140 156
678.0 20 56
679.5 186 195
679.5 186 196
681.0 20 29
682.5 188 198
682.5 188 199
684.0 20 31
685.5 113 118
685.5 113 119
687.0 134 158
687.0 134 159
688.5 172 173
688.5 172 197
690.0 12 20
691.5 20 61
693.0 183 199
693.0 184 185
694.5 101 127
694.5 101 128
696.0 16 20
697.5 186 197
697.5 186 198
699.0 20 61
700.5 20 50
702.0 20 62
703.5 134 170
703.5 135 136
705.0 147 157
705.0 147 158
706.5 20 59
708.0 19 20
709.5 115 119
709.5 115 120
711.0 20 25
712.5 90 127
712.5 90 128
714.0 20 31
715.5 20 20
717.0 146 157
717.0 146 158
718.5 99 126
718.5 99 127
720.0 90 125
720.0 90 126
721.5 140 163
721.5 140 164
723.0 106 117
723.0 106 118
724.5 20 54
726.0 20 25
727.5 20 67
729.0 19 20
730.5 139 154
730.5 139 155
732.0 20 59
733.5 101 113
733.5 101 114
735.0 178 194
735.0 178 195
736.5 20 21
738.0 20 58
739.5 180 186
739.5 180 187
741.0 180 184
741.0 180 185
742.5 187 199
742.5 188 189
744.0 109 120
744.0 109 121
745.5 18 20
747.0 140 145
747.0 140 146
748.5 141 145
748.5 141 146
750.0 95 114
750.0 95 115
751.5 20 59
753.0 20 65
754.5 20 30
756.0 175 191
756.0 175 192
757.5 141 143
757.5 141 144
759.0 174 192
759.0 174 193
760.5 139 162
760.5 139 163
762.0 20 77
763.5 14 20
763.5 15 20
765.0 95 128
765.0 95 129
766.5 20 63
768.0 98 127
768.0 98 128
769.5 19 20
771.0 140 141
771.0 140 142
772.5 92 122
772.5 92 123
774.0 114 115
774.0 114 116
775.5 105 122
775.5 105 123
777.0 20 55
778.5 20 23
780.0 141 147
780.0 141 148
781.5 179 185
781.5 179 186
783.0 180 188
783.0 180 189
784.5 150 153
784.5 150 154
786.0 99 118
786.0 99 119
787.5 148 153
787.5 148 154
789.0 20 90
789.0 90 124
790.5 148 161
790.5 148 162
792.0 12 20
793.5 179 197
793.5 179 198
795.0 20 54
795.0 20 55
796.5 134 162
796.5 134 163
798.0 20 22
799.5 140 159
799.5 140 160
801.0 20 58
802.5 97 124
802.5 97 125
804.0 182 193
804.0 182 194
805.5 20 64
807.0 20 53
808.5 20 55
810.0 102 117
810.0 102 118
811.5 20 60
813.0 20 69
814.5 20 52
816.0 20 22
817.5 19 20
819.0 20 56
820.5 149 150
820.5 149 151
822.0 20 66
823.5 105 126
823.5 105 127
825.0 172 198
825.0 172 199
826.5 20 57
828.0 96 116
828.0 96 117
829.5 11 20
831.0 179 195
831.0 179 196
832.5 20 26
834.0 100 113
834.0 100 114
835.5 20 27
837.0 135 164
837.0 135 165
838.5 182 199
838.5 183 184
840.0 145 146
840.0 145 147
841.5 130 169
841.5 130 170
843.0 20 69
844.5 94 114
844.5 94 115
846.0 133 154
846.0 133 155
847.5 20 34
849.0 20 56
850.5 20 24
852.0 100 115
852.0 100 116
853.5 149 162
853.5 149 163
855.0 18 20
856.5 20 67
858.0 20 29
859.5 136 162
859.5 136 163
861.0 97 108
861.0 97 109
862.5 18 20
864.0 20 24
865.5 111 117
865.5 111 118
867.0 20 52
868.5 147 149
868.5 147 150
870.0 95 124
870.0 95 125
871.5 132 164
871.5 132 165
873.0 141 159
873.0 141 160
874.5 98 109
874.5 98 110
876.0 20 69
877.5 152 153
877.5 152 154
879.0 14 20
880.5 183 195
880.5 183 196
882.0 20 59
883.5 20 50
885.0 20 25
886.5 110 113
886.5 110 114
888.0 186 189
888.0 186 190
889.5 20 30
891.0 19 20
892.5 142 165
892.5 142 166
894.0 178 198
894.0 178 199
895.5 20 23
897.0 20 29
898.5 177 195
898.5 177 196
900.0 146 159
900.0 146 160
901.5 180 192
901.5 180 193
903.0 20 76
904.5 96 118
904.5 96 119
906.0 20 21
907.5 103 118
907.5 103 119
909.0 19 20
910.5 12 20
912.0 19 20
913.5 148 151
913.5 148 152
915.0 20 52
916.5 20 61
918.0 138 139
918.0 138 144
919.5 152 161
919.5 152 162
921.0 20 55
922.5 20 53
924.0 97 116
924.0 97 117
925.5 113 116
925.5 113 117
927.0 20 58
928.5 139 168
928.5 139 169
930.0 20 55
931.5 103 126
931.5 103 127
933.0 20 64
934.5 20 58
936.0 18 20
937.5 112 123
937.5 112 124
939.0 20 71
940.5 20 30
942.0 100 125
942.0 100 126
943.5 109 118
943.5 109 119
945.0 190 199
945.0 191 192
946.5 13 20
948.0 104 118
948.0 104 119
949.5 137 156
949.5 137 157
951.0 20 58
952.5 176 196
952.5 176 197
954.0 20 68
955.5 20 20
957.0 20 57
958.5 20 22
960.0 102 113
960.0 102 114
961.5 20 58
961.5 20 59
963.0 108 115
963.0 108 116
964.5 95 112
964.5 95 113
966.0 128 129
966.0 129 130
967.5 140 147
967.5 140 148
969.0 103 128
969.0 104 105
970.5 20 22
972.0 94 126
972.0 94 127
973.5 118 121
973.5 119 120
975.0 18 20
975.0 19 20
976.5 141 167
976.5 141 168
978.0 20 29
979.5 20 24
981.0 20 69
982.5 20 25
984.0 20 22
985.5 20 37
987.0 187 195
987.0 187 196
988.5 142 143
988.5 142 144
990.0 20 24
991.5 20 34
993.0 177 199
993.0 178 179
994.5 136 168
994.5 136 169
996.0 156 161
996.0 156 162
997.5 146 165
997.5 146 166
999.0 20 29
1000.5 106 109
1000.5 106 110
1002.0 191 199
1002.0 192 193
1003.5 13 20
1005.0 20 24
1006.5 138 157
1006.5 138 158
1008.0 90 129
1008.0 90 130
1009.5 114 121
1009.5 114 122
1011.0 20 66
1012.5 187 197
1012.5 187 198
1014.0 20 55
1015.5 20 61
1017.0 20 30
1018.5 143 154
1018.5 143 155
1020.0 93 130
1020.0 94 95
1021.5 103 108
1021.5 103 109
1023.0 94 124
1023.0 94 125
1024.5 146 163
1024.5 146 164
1026.0 99 102
1026.0 99 103
1027.5 17 20
1029.0 106 127
1029.0 107 108
1030.5 184 188
1030.5 184 189
1032.0 20 62
1033.5 15 20
1035.0 20 73
1036.5 20 73
1038.0 186 193
1038.0 186 194
1039.5 20 20
1041.0 126 127
1041.0 127 128
1042.5 18 20
1044.0 194 195
1044.0 194 196
1045.5 18 20
1047.0 20 54
1048.5 145 150
1048.5 145 151
1050.0 189 198
1050.0 189 199
1051.5 20 68
1053.0 20 54
1054.5 136 154
1054.5 136 155
1056.0 148 155
1056.0 148 156
1057.5 103 122
1057.5 103 123
1059.0 177 191
1059.0 177 192
1060.5 94 118
1060.5 94 119
1062.0 16 20
1063.5 20 23
1065.0 17 20
1066.5 20 60
1068.0 183 187
1068.0 183 188
1069.5 20 23
1071.0 109 124
1071.0 109 125
1072.5 106 123
1072.5 106 124
1074.0 20 62
1075.5 133 164
1075.5 133 165
1077.0 131 169
1077.0 131 170
1078.5 20 55
1080.0 181 196
1080.0 181 197
1081.5 20 21
1083.0 20 59
1084.5 20 64
1086.0 20 28
1087.5 185 198
1087.5 185 199
1089.0 179 199
1089.0 180 181
1090.5 189 190
1090.5 189 191
1092.0 20 65
1093.5 193 196
1093.5 193 197
1095.0 20 27
1096.5 157 160
1096.5 157 161
1098.0 95 130
1098.0 96 97
1099.5 20 60
1101.0 177 197
1101.0 177 198
1102.5 186 187
1102.5 186 188
1104.0 135 158
1104.0 135 159
1105.5 140 143
1105.5 140 144
1107.0 98 111
1107.0 98 112
1108.5 17 20
1110.0 188 192
1110.0 188 193
1111.5 20 56
1113.0 176 192
1113.0 176 193
1114.5 188 190
1114.5 188 191
1116.0 20 65
1117.5 16 20
1119.0 144 152
1119.0 144 153
1120.5 20 72
1122.0 20 27
1123.5 20 58
1125.0 20 74
1125.0 20 75
1126.5 20 67
1128.0 20 57
1129.5 173 199
1129.5 174 175
1131.0 181 190
1131.0 181 191
1132.5 14 20
1134.0 137 168
1134.0 137 169
1135.5 20 69
1137.0 185 194
1137.0 185 195
1138.5 137 150
1138.5 137 151
1140.0 113 114
1140.0 113 115
1141.5 20 65
1143.0 151 153
1143.0 151 154
1144.5 97 120
1144.5 97 121
1146.0 20 72
1147.5 179 193
1147.5 179 194
1149.0 135 156
1149.0 135 157
1150.5 20 66
1150.5 20 67
1152.0 20 20
1153.5 149 164
1153.5 149 165
1155.0 139 166
1155.0 139 167
1156.5 197 198
1156.5 197 199
1158.0 20 71
1159.5 20 30
1161.0 14 20
1162.5 138 169
1162.5 139 140
1164.0 182 185
1164.0 182 186
1165.5 20 56
1165.5 20 57
1167.0 20 54
1168.5 20 84
1168.5 20 85
1170.0 12 20
1171.5 17 20
1173.0 144 162
1173.0 144 163
1174.5 13 20
1176.0 20 36
1177.5 104 106
1177.5 104 107
1179.0 182 189
1179.0 182 190
1180.5 20 56
1182.0 101 125
1182.0 101 126
1183.5 20 32
1185.0 99 104
1185.0 99 105
1186.5 99 120
1186.5 99 121
1188.0 20 60
1189.5 150 161
1189.5 150 162
1191.0 189 194
1191.0 189 195
1192.5 98 121
1192.5 98 122
1194.0 20 26
1194.0 20 27
1195.5 133 166
1195.5 133 167
1197.0 102 103
1197.0 102 104
1198.5 20 46
1198.5 20 47
1200.0 98 107
1200.0 98 108
1201.5 102 105
1201.5 102 106
1203.0 132 158
1203.0 132 159
1204.5 20 63
1206.0 20 22
1207.5 20 61
1209.0 20 70
1210.5 20 33
1212.0 20 28
1213.5 104 124
1213.5 104 125
1215.0 95 116
1215.0 95 117
1216.5 138 147
1216.5 138 148
1218.0 93 116
1218.0 93 117
1219.5 20 73
1221.0 147 161
1221.0 147 162
1222.5 4 5
1222.5 5 6
1224.0 20 20
1225.5 151 163
1225.5 151 164
1227.0 139 152
1227.0 139 153
1228.5 20 22
1230.0 92 126
1230.0 92 127
1231.5 20 26
1233.0 11 20
1234.5 178 184
1234.5 178 185
1236.0 100 103
1236.0 100 104
1237.5 13 20
1239.0 20 21
1240.5 20 63
1240.5 20 64
1242.0 182 191
1242.0 182 192
1243.5 184 194
1243.5 184 195
1245.0 99 114
1245.0 99 115
1246.5 20 71
1248.0 20 21
1249.5 20 20
1251.0 145 164
1251.0 145 165
1252.5 139 144
1252.5 139 145
1254.0 146 167
1254.0 147 148
1255.5 20 65
1257.0 178 186
1257.0 178 187
1258.5 141 161
1258.5 141 162
1260.0 95 118
1260.0 95 119
1261.5 107 119
1261.5 107 120
1263.0 182 187
1263.0 182 188
1264.5 20 53
1266.0 142 155
1266.0 142 156
1267.5 20 78
1269.0 20 65
1270.5 20 30
1272.0 20 21
1273.5 20 22
1275.0 20 60
1276.5 15 20
1278.0 97 112
1278.0 97 113
1279.5 20 75
1281.0 142 145
1281.0 142 146
1282.5 20 86
1282.5 20 87
1284.0 20 38
1284.0 20 39
1285.5 180 182
1285.5 180 183
1287.0 20 63
1288.5 136 156
1288.5 136 157
1290.0 113 120
1290.0 113 121
1291.5 93 114
1291.5 93 115
1293.0 20 52
1294.5 20 55
1296.0 142 159
1296.0 142 160
1297.5 137 148
1297.5 137 149
1299.0 100 107
1299.0 100 108
1300.5 20 53
1302.0 20 33
1303.5 91 129
1303.5 91 130
1305.0 13 20
1305.0 14 20
1306.5 20 57
1308.0 20 64
1309.5 20 24
1311.0 20 62
1312.5 111 123
1312.5 111 124
1314.0 150 159
1314.0 150 160
1315.5 144 148
1315.5 144 149
1317.0 105 120
1317.0 105 121
1318.5 147 159
1318.5 147 160
1320.0 20 50
1321.5 20 67
1323.0 20 59
1324.5 144 158
1324.5 144 159
1326.0 96 108
1326.0 96 109
1327.5 20 55
1329.0 185 196
1329.0 185 197
1330.5 101 117
1330.5 101 118
1332.0 136 166
1332.0 136 167
1333.5 20 58
1335.0 134 160
1335.0 134 161
1336.5 111 115
1336.5 111 116
1338.0 95 110
1338.0 95 111
1339.5 105 112
1339.5 105 113
1341.0 20 58
1342.5 10 20
1344.0 20 57
1345.5 20 64
1347.0 20 64
1348.5 100 127
1348.5 100 128
1350.0 107 115
1350.0 107 116
1351.5 101 103
1351.5 101 104
1353.0 20 70
1354.5 20 38
1356.0 99 106
1356.0 99 107
1357.5 130 165
1357.5 130 166
1359.0 20 20
1359.0 20 21
1360.5 106 113
1360.5 106 114
1362.0 97 110
1362.0 97 111
1363.5 20 61
1365.0 20 60
1366.5 15 20
1366.5 16 20
1368.0 16 20
1369.5 20 78
1369.5 20 79
1371.0 180 190
1371.0 180 191
1372.5 132 168
1372.5 132 169
1374.0 114 123
1374.0 115 116
1375.5 106 121
1375.5 106 122
1377.0 20 63
1378.5 100 109
1378.5 100 110
1380.0 111 121
1380.0 111 122
1381.5 143 150
1381.5 143 151
1383.0 101 123
1383.0 101 124
1384.5 20 30
1386.0 112 119
1386.0 112 120
1387.5 20 23
1389.0 20 25
1390.5 154 157
1390.5 154 158
1392.0 139 150
1392.0 139 151
1393.5 162 163
1393.5 163 164
1395.0 150 157
1395.0 150 158
1396.5 144 164
1396.5 144 165
1398.0 104 126
1398.0 104 127
1399.5 137 164
1399.5 137 165
1401.0 102 125
1401.0 102 126
1402.5 152 163
1402.5 152 164
1404.0 156 157
1404.0 156 158
1405.5 20 66
1407.0 20 54
1408.5 138 165
1408.5 138 166
1410.0 20 53
1411.5 105 108
1411.5 105 109
1413.0 20 53
1414.5 20 27
1416.0 103 114
1416.0 103 115
1417.5 20 57
1419.0 190 191
1419.0 190 192
1420.5 98 113
1420.5 98 114
1422.0 93 122
1422.0 93 123
1423.5 100 129
1423.5 101 102
1425.0 98 105
1425.0 98 106
1426.5 155 161
1426.5 155 162
1428.0 179 189
1428.0 179 190
1429.5 20 53
1431.0 136 160
1431.0 136 161
1432.5 92 130
1432.5 93 94
1434.0 135 168
1434.0 135 169
1435.5 20 76
1437.0 149 154
1437.0 149 155
1438.5 136 164
1438.5 136 165
1440.0 175 197
1440.0 175 198
1441.5 133 158
1441.5 133 159
1443.0 102 107
1443.0 102 108
1444.5 147 153
1444.5 147 154
1446.0 142 167
1446.0 142 168
1447.5 20 51
1449.0 101 107
1449.0 101 108
1450.5 138 151
1450.5 138 152
1452.0 20 44
1452.0 20 45
1453.5 139 158
1453.5 139 159
1455.0 20 55
1455.0 20 56
1456.5 95 120
1456.5 95 121
1458.0 20 67
1459.5 150 155
1459.5 150 156
1461.0 133 160
1461.0 133 161
1462.5 16 20
1464.0 100 121
1464.0 100 122
1465.5 18 20
1467.0 16 20
1468.5 96 128
1468.5 96 129
1470.0 115 117
1470.0 115 118
1471.5 154 159
1471.5 154 160
1473.0 20 22
1474.5 20 59
1476.0 16 20
1476.0 17 20
1477.5 17 20
1479.0 20 27
1480.5 185 186
1480.5 185 187
1482.0 20 22
1483.5 20 61
1485.0 96 130
1485.0 97 98
1486.5 106 111
1486.5 106 112
1488.0 20 64
1489.5 177 178
1489.5 177 186
1491.0 20 27
1492.5 150 163
1492.5 150 164
1494.0 12 20
1495.5 96 110
1495.5 96 111
1497.0 20 23
1498.5 112 113
1498.5 112 114
1500.0 20 20
1501.5 132 160
1501.5 132 161
1503.0 109 114
1503.0 109 115
1504.5 183 189
1504.5 183 190
1506.0 101 105
1506.0 101 106
1507.5 20 65
1509.0 20 56
1510.5 135 160
1510.5 135 161
1512.0 20 21
1513.5 20 31
1515.0 94 128
1515.0 94 129
1516.5 107 109
1516.5 107 110
1518.0 18 20
1519.5 19 20
1521.0 142 163
1521.0 142 164
1522.5 143 166
1522.5 143 167
1524.0 117 118
1524.0 117 119
1525.5 20 57
1527.0 180 194
1527.0 180 195
1528.5 190 195
1528.5 190 196
1530.0 103 110
1530.0 103 111
1531.5 137 162
1531.5 137 163
1533.0 20 56
1534.5 20 51
1536.0 140 161
1536.0 140 162
1537.5 196 198
1537.5 196 199
1539.0 20 21
1540.5 20 31
1542.0 134 166
1542.0 134 167
1543.5 99 124
1543.5 99 125
1545.0 151 159
1545.0 151 160
1546.5 20 60
1548.0 20 82
1548.0 20 83
1549.5 116 117
1549.5 116 118
1551.0 143 158
1551.0 143 159
1552.5 108 109
1552.5 108 110
1554.0 143 148
1554.0 143 149
1555.5 20 22
1557.0 105 110
1557.0 105 111
1558.5 17 20
1560.0 168 169
1560.0 169 170
1561.5 20 33
1563.0 170 171
1563.0 171 172
1564.5 20 67
1566.0 20 34
1566.0 20 35
1567.5 181 182
1567.5 181 183
1569.0 131 132
1569.0 131 160
1570.5 102 127
1570.5 102 128
1572.0 20 28
1573.5 20 22
1575.0 176 188
1575.0 176 189
1576.5 182 195
1576.5 182 196
1578.0 176 194
1578.0 176 195
1579.5 138 161
1579.5 138 162
1581.0 99 110
1581.0 99 111
1582.5 14 20
1584.0 103 104
1584.0 103 105
1585.5 108 123
1585.5 108 124
1587.0 93 128
1587.0 93 129
1588.5 20 62
1590.0 146 151
1590.0 146 152
1591.5 92 120
1591.5 92 121
1593.0 20 72
1594.5 192 194
1594.5 192 195
1596.0 109 122
1596.0 109 123
1597.5 12 20
1597.5 13 20
1599.0 20 62
1600.5 20 63
1602.0 20 28
1603.5 143 152
1603.5 143 153
1605.0 20 61
1606.5 138 159
1606.5 138 160
1608.0 114 117
1608.0 114 118
1609.5 185 190
1609.5 185 191
1611.0 144 156
1611.0 144 157
1612.5 19 20
1614.0 150 151
1614.0 150 152
1615.5 136 150
1615.5 136 151
1617.0 145 154
1617.0 145 155
1618.5 180 198
1618.5 180 199
1620.0 20 58
1621.5 104 108
1621.5 104 109
1623.0 101 109
1623.0 101 110
1624.5 20 62
1626.0 185 188
1626.0 185 189
1627.5 20 71
1629.0 20 59
1630.5 11 20
1632.0 137 154
1632.0 137 155
1633.5 135 162
1633.5 135 163
1635.0 20 60
1636.5 20 57
1638.0 20 25
1639.5 20 77
1641.0 20 28
1642.5 20 57
1644.0 177 187
1644.0 177 188
1645.5 20 24
1647.0 20 67
1648.5 96 124
1648.5 96 125
1650.0 19 20
1651.5 143 160
1651.5 143 161
1653.0 20 24
1654.5 107 121
1654.5 107 122
1656.0 20 53
1656.0 20 54
1657.5 20 54
1659.0 152 155
1659.0 152 156
1660.5 91 127
1660.5 91 128
1662.0 156 159
1662.0 156 160
1663.5 20 25
1665.0 20 35
1666.5 108 119
1666.5 108 120
1668.0 194 197
1668.0 194 198
1669.5 178 188
1669.5 178 189
1671.0 20 23
1672.5 20 70
1674.0 143 162
1674.0 143 163
1675.5 20 70
1677.0 144 146
1677.0 144 147
1678.5 152 159
1678.5 152 160
1680.0 20 61
1681.5 135 154
1681.5 135 155
1683.0 187 191
1683.0 187 192
1684.5 108 121
1684.5 108 122
1686.0 181 192
1686.0 181 193
1687.5 100 117
1687.5 100 118
1689.0 105 114
1689.0 105 115
1690.5 187 193
1690.5 187 194
1692.0 20 70
1692.0 20 71
1693.5 20 26
1695.0 17 20
1696.5 139 146
1696.5 139 147
1698.0 20 28
1699.5 143 164
1699.5 143 165
1701.0 146 161
1701.0 146 162
1702.5 20 23
1704.0 140 169
1704.0 141 142
1705.5 20 36
1707.0 20 30
1707.0 20 31
1708.5 20 63
1710.0 148 157
1710.0 148 158
1711.5 20 60
1713.0 104 120
1713.0 104 121
1714.5 20 56
1716.0 20 21
1717.5 20 23
1719.0 145 152
1719.0 145 153
1720.5 141 155
1720.5 141 156
1722.0 137 152
1722.0 137 153
1723.5 20 29
1725.0 135 150
1725.0 135 151
1726.5 131 167
1726.5 131 168
1728.0 20 72
1729.5 174 198
1729.5 174 199
1731.0 20 26
1732.5 20 23
1732.5 20 24
1734.0 18 20
1735.5 20 32
1737.0 183 197
1737.0 183 198
1738.5 20 22
1740.0 92 124
1740.0 92 125
1741.5 190 197
1741.5 190 198
1743.0 142 149
1743.0 142 150
1744.5 173 195
1744.5 173 196
1746.0 20 20
1747.5 195 197
1747.5 195 198
1749.0 20 66
1750.5 91 123
1750.5 91 124
1752.0 101 111
1752.0 101 112
1753.5 20 80
1753.5 20 81
1755.0 20 57
1756.5 19 20
1758.0 20 28
1759.5 157 158
1759.5 157 159
1761.0 100 101
1761.0 100 102
1762.5 20 51
1764.0 20 23
1765.5 93 126
1765.5 93 127
1767.0 164 165
1767.0 165 166
1768.5 20 26
1770.0 142 157
1770.0 142 158
