0 143 150
0 143 151
1.5 151 153
1.5 151 154
3.0 185 196
3.0 185 197
4.5 92 130
4.5 93 94
6.0 176 196
6.0 176 197
7.5 135 162
7.5 135 163
9.0 20 63
10.5 20 61
12.0 20 64
13.5 99 122
13.5 99 123
15.0 20 21
16.5 190 191
16.5 190 192
18.0 118 119
18.0 118 120
19.5 181 194
19.5 181 195
21.0 107 109
21.0 107 110
22.5 103 118
22.5 103 119
24.0 20 54
25.5 20 58
27.0 20 53
28.5 99 108
28.5 99 109
30.0 16 20
31.5 186 199
31.5 187 188
33.0 16 20
34.5 8 9
34.5 9 10
36.0 18 20
37.5 109 120
37.5 109 121
39.0 135 168
39.0 135 169
40.5 20 71
42.0 12 20
43.5 20 69
45.0 152 163
45.0 152 164
46.5 100 123
46.5 100 124
48.0 20 63
49.5 101 111
49.5 101 112
51.0 138 169
51.0 139 140
52.5 20 76
54.0 20 59
55.5 140 163
55.5 140 164
57.0 180 182
57.0 180 183
58.5 153 160
58.5 153 161
60.0 143 164
60.0 143 165
61.5 20 24
63.0 19 20
64.5 20 31
66.0 175 199
66.0 176 177
67.5 173 197
67.5 173 198
69.0 20 66
70.5 105 118
70.5 105 119
72.0 20 32
73.5 20 22
75.0 20 48
75.0 20 49
76.5 132 162
76.5 132 163
78.0 20 63
79.5 147 165
79.5 147 166
81.0 96 122
81.0 96 123
82.5 139 154
82.5 139 155
84.0 182 191
84.0 182 192
85.5 20 20
87.0 14 20
88.5 109 114
88.5 109 115
90.0 179 183
90.0 179 184
91.5 20 64
93.0 20 22
94.5 136 160
94.5 136 161
96.0 20 67
97.5 14 20
99.0 91 123
99.0 91 124
100.5 98 115
100.5 98 116
102.0 97 128
102.0 97 129
103.5 14 20
105.0 179 193
105.0 179 194
106.5 20 22
108.0 20 56
109.5 173 195
109.5 173 196
111.0 138 139
111.0 138 144
112.5 97 126
112.5 97 127
114.0 20 61
115.5 20 54
117.0 145 166
117.0 145 167
118.5 20 90
118.5 90 124
120.0 20 24
121.5 143 160
121.5 143 161
123.0 20 62
124.5 20 24
126.0 147 151
126.0 147 152
127.5 175 176
127.5 175 190
129.0 108 109
129.0 108 110
130.5 101 121
130.5 101 122
132.0 20 67
133.5 143 162
133.5 143 163
135.0 20 63
135.0 20 64
136.5 111 119
136.5 111 120
138.0 20 46
138.0 20 47
139.5 173 199
139.5 174 175
141.0 142 145
141.0 142 146
142.5 20 63
144.0 152 157
144.0 152 158
145.5 19 20
147.0 98 109
147.0 98 110
148.5 131 163
148.5 131 164
150.0 98 123
150.0 98 124
151.5 17 20
153.0 13 20
154.5 4 5
154.5 5 6
156.0 20 62
157.5 140 141
157.5 140 142
159.0 154 157
159.0 154 158
160.5 109 110
160.5 109 111
162.0 20 65
163.5 183 189
163.5 183 190
165.0 150 161
165.0 150 162
166.5 142 143
166.5 142 144
168.0 14 20
169.5 91 127
169.5 91 128
171.0 112 121
171.0 112 122
172.5 20 22
174.0 190 193
174.0 190 194
175.5 144 164
175.5 144 165
177.0 184 196
177.0 184 197
178.5 137 156
178.5 137 157
180.0 20 63
181.5 184 186
181.5 184 187
183.0 101 115
183.0 101 116
184.5 181 198
184.5 181 199
186.0 182 189
186.0 182 190
187.5 141 165
187.5 141 166
189.0 18 20
189.0 19 20
190.5 151 161
190.5 151 162
192.0 18 20
193.5 20 31
195.0 137 162
195.0 137 163
196.5 17 20
198.0 177 178
198.0 177 186
199.5 20 67
201.0 20 22
202.5 132 158
202.5 132 159
204.0 187 189
204.0 187 190
205.5 141 167
205.5 141 168
207.0 182 185
207.0 182 186
208.5 105 106
208.5 105 107
210.0 20 66
211.5 20 30
213.0 141 161
213.0 141 162
214.5 148 155
214.5 148 156
216.0 20 28
217.5 147 149
217.5 147 150
219.0 184 188
219.0 184 189
220.5 104 120
220.5 104 121
222.0 20 58
223.5 92 118
223.5 92 119
225.0 20 30
226.5 0 1
226.5 1 2
228.0 15 20
229.5 20 21
231.0 113 116
231.0 113 117
232.5 166 167
232.5 167 168
234.0 176 198
234.0 176 199
235.5 124 125
235.5 125 126
237.0 20 60
238.5 108 111
238.5 108 112
240.0 20 65
241.5 17 20
243.0 103 120
243.0 103 121
244.5 164 165
244.5 165 166
246.0 152 161
246.0 152 162
247.5 18 20
249.0 114 115
249.0 114 116
250.5 104 110
250.5 104 111
252.0 20 21
253.5 98 125
253.5 98 126
255.0 20 65
256.5 20 56
258.0 103 104
258.0 103 105
259.5 153 162
259.5 153 163
261.0 111 117
261.0 111 118
262.5 103 124
262.5 103 125
264.0 182 187
264.0 182 188
265.5 100 129
265.5 101 102
267.0 20 52
268.5 104 112
268.5 104 113
270.0 180 192
270.0 180 193
271.5 20 72
273.0 145 152
273.0 145 153
274.5 140 147
274.5 140 148
276.0 139 150
276.0 139 151
277.5 133 168
277.5 133 169
279.0 105 124
279.0 105 125
280.5 20 74
282.0 20 27
283.5 95 122
283.5 95 123
285.0 141 163
285.0 141 164
286.5 106 113
286.5 106 114
288.0 93 124
288.0 93 125
289.5 20 72
291.0 142 149
291.0 142 150
292.5 135 170
292.5 136 137
294.0 14 20
295.5 103 112
295.5 103 113
297.0 20 24
298.5 20 21
300.0 135 164
300.0 135 165
301.5 191 199
301.5 192 193
303.0 20 20
304.5 15 20
306.0 13 20
307.5 100 117
307.5 100 118
309.0 99 120
309.0 99 121
310.5 103 114
310.5 103 115
312.0 182 199
312.0 183 184
313.5 182 197
313.5 182 198
315.0 98 111
315.0 98 112
316.5 20 26
316.5 20 27
318.0 134 162
318.0 134 163
319.5 19 20
321.0 189 198
321.0 189 199
322.5 18 20
324.0 20 22
325.5 138 161
325.5 138 162
327.0 182 195
327.0 182 196
328.5 150 159
328.5 150 160
330.0 20 56
331.5 158 159
331.5 158 160
333.0 148 151
333.0 148 152
334.5 139 152
334.5 139 153
336.0 93 120
336.0 93 121
337.5 180 196
337.5 180 197
339.0 15 20
340.5 99 118
340.5 99 119
342.0 13 20
342.0 14 20
343.5 101 117
343.5 101 118
345.0 20 56
345.0 20 57
346.5 20 24
348.0 147 157
348.0 147 158
349.5 20 23
351.0 146 167
351.0 147 148
352.5 195 199
352.5 196 197
354.0 146 157
354.0 146 158
355.5 175 197
355.5 175 198
357.0 20 21
358.5 20 23
360.0 20 21
361.5 20 23
363.0 20 78
363.0 20 79
364.5 18 20
366.0 16 20
367.5 20 20
367.5 20 21
369.0 93 122
369.0 93 123
370.5 137 158
370.5 137 159
372.0 97 106
372.0 97 107
373.5 20 27
375.0 179 185
375.0 179 186
376.5 12 20
378.0 20 24
379.5 20 65
381.0 11 20
382.5 151 163
382.5 151 164
384.0 177 197
384.0 177 198
385.5 153 156
385.5 153 157
387.0 20 70
388.5 178 184
388.5 178 185
390.0 180 186
390.0 180 187
391.5 122 123
391.5 123 124
393.0 144 146
393.0 144 147
394.5 118 121
394.5 119 120
396.0 156 161
396.0 156 162
397.5 146 161
397.5 146 162
399.0 90 127
399.0 90 128
400.5 177 189
400.5 177 190
402.0 141 147
402.0 141 148
403.5 92 122
403.5 92 123
405.0 101 123
405.0 101 124
406.5 104 108
406.5 104 109
408.0 144 150
408.0 144 151
409.5 149 164
409.5 149 165
411.0 149 154
411.0 149 155
412.5 18 20
414.0 20 68
415.5 20 61
417.0 20 25
418.5 20 27
420.0 99 102
420.0 99 103
421.5 138 157
421.5 138 158
423.0 189 196
423.0 189 197
424.5 20 20
426.0 20 76
427.5 135 158
427.5 135 159
429.0 20 61
430.5 20 55
430.5 20 56
432.0 20 68
433.5 20 60
435.0 20 23
436.5 20 66
438.0 153 158
438.0 153 159
439.5 111 113
439.5 111 114
441.0 155 157
441.0 155 158
442.5 95 120
442.5 95 121
444.0 14 20
445.5 101 107
445.5 101 108
447.0 20 59
448.5 98 105
448.5 98 106
450.0 20 71
451.5 20 32
453.0 134 154
453.0 134 155
454.5 97 112
454.5 97 113
456.0 113 120
456.0 113 121
457.5 20 73
459.0 140 167
459.0 140 168
460.5 187 197
460.5 187 198
462.0 174 198
462.0 174 199
463.5 20 67
465.0 134 156
465.0 134 157
466.5 20 69
468.0 95 118
468.0 95 119
469.5 20 33
471.0 99 110
471.0 99 111
472.5 156 159
472.5 156 160
474.0 100 109
474.0 100 110
475.5 94 112
475.5 94 113
477.0 148 163
477.0 148 164
478.5 20 54
480.0 20 36
481.5 20 25
483.0 142 159
483.0 142 160
484.5 94 130
484.5 95 96
486.0 135 154
486.0 135 155
487.5 20 23
489.0 20 24
490.5 20 66
492.0 13 20
493.5 20 65
495.0 97 110
495.0 97 111
496.5 178 188
496.5 178 189
498.0 15 20
499.5 20 32
501.0 192 198
501.0 192 199
502.5 20 20
504.0 20 24
505.5 178 194
505.5 178 195
507.0 177 195
507.0 177 196
508.5 135 152
508.5 135 153
510.0 16 20
511.5 154 159
511.5 154 160
513.0 20 71
514.5 20 22
516.0 99 112
516.0 99 113
517.5 20 57
519.0 145 148
519.0 145 149
520.5 20 58
522.0 110 123
522.0 110 124
523.5 188 194
523.5 188 195
525.0 12 20
526.5 96 116
526.5 96 117
528.0 20 58
529.5 185 186
529.5 185 187
531.0 20 59
532.5 137 152
532.5 137 153
534.0 181 182
534.0 181 183
535.5 17 20
537.0 20 51
538.5 20 73
540.0 20 25
541.5 115 121
541.5 115 122
543.0 20 21
544.5 100 103
544.5 100 104
546.0 149 158
546.0 149 159
547.5 102 107
547.5 102 108
549.0 180 190
549.0 180 191
550.5 19 20
552.0 114 121
552.0 114 122
553.5 136 162
553.5 136 163
555.0 102 111
555.0 102 112
556.5 20 35
558.0 91 121
558.0 91 122
559.5 20 72
561.0 18 20
562.5 113 118
562.5 113 119
564.0 20 61
565.5 136 152
565.5 136 153
567.0 184 198
567.0 184 199
568.5 150 153
568.5 150 154
570.0 102 121
570.0 102 122
571.5 102 105
571.5 102 106
573.0 147 161
573.0 147 162
574.5 192 196
574.5 192 197
576.0 20 72
577.5 136 150
577.5 136 151
579.0 189 192
579.0 189 193
580.5 20 31
582.0 17 20
583.5 11 20
585.0 183 199
585.0 184 185
586.5 133 156
586.5 133 157
588.0 179 199
588.0 180 181
589.5 20 59
591.0 107 113
591.0 107 114
592.5 138 153
592.5 138 154
594.0 20 57
595.5 144 154
595.5 144 155
597.0 20 60
597.0 20 61
598.5 20 69
600.0 139 160
600.0 139 161
601.5 20 34
603.0 138 151
603.0 138 152
604.5 142 165
604.5 142 166
606.0 110 121
606.0 110 122
607.5 106 119
607.5 106 120
609.0 20 82
609.0 20 83
610.5 135 156
610.5 135 157
612.0 20 68
613.5 130 165
613.5 130 166
615.0 178 186
615.0 178 187
616.5 189 194
616.5 189 195
618.0 103 128
618.0 104 105
619.5 20 60
621.0 96 112
621.0 96 113
622.5 20 70
624.0 99 126
624.0 99 127
625.5 175 195
625.5 175 196
627.0 16 20
628.5 114 117
628.5 114 118
630.0 91 129
630.0 91 130
631.5 20 64
633.0 20 51
634.5 101 125
634.5 101 126
636.0 20 72
637.5 20 54
639.0 20 26
640.5 20 57
642.0 106 107
642.0 106 108
643.5 20 22
645.0 138 165
645.0 138 166
646.5 20 53
646.5 20 54
648.0 96 124
648.0 96 125
649.5 105 126
649.5 105 127
651.0 102 109
651.0 102 110
652.5 20 78
654.0 103 106
654.0 103 107
655.5 188 190
655.5 188 191
657.0 143 166
657.0 143 167
658.5 96 114
658.5 96 115
660.0 144 148
660.0 144 149
661.5 20 70
663.0 20 36
664.5 106 123
664.5 106 124
666.0 93 128
666.0 93 129
667.5 96 128
667.5 96 129
669.0 105 110
669.0 105 111
670.5 138 147
670.5 138 148
672.0 178 196
672.0 178 197
673.5 97 118
673.5 97 119
675.0 134 160
675.0 134 161
676.5 20 58
678.0 181 190
678.0 181 191
679.5 140 145
679.5 140 146
681.0 144 156
681.0 144 157
682.5 20 61
684.0 20 26
685.5 176 192
685.5 176 193
687.0 20 56
688.5 16 20
688.5 17 20
690.0 20 62
691.5 99 104
691.5 99 105
693.0 150 157
693.0 150 158
694.5 102 127
694.5 102 128
696.0 20 20
697.5 20 30
699.0 133 154
699.0 133 155
700.5 133 160
700.5 133 161
702.0 20 37
703.5 20 66
705.0 20 55
706.5 148 157
706.5 148 158
708.0 111 115
708.0 111 116
709.5 20 76
711.0 178 192
711.0 178 193
712.5 20 60
714.0 20 68
715.5 135 150
715.5 135 151
717.0 130 169
717.0 130 170
718.5 133 162
718.5 133 163
720.0 98 127
720.0 98 128
721.5 94 126
721.5 94 127
723.0 139 142
723.0 139 143
724.5 20 61
726.0 18 20
727.5 20 68
729.0 20 35
730.5 20 65
732.0 93 126
732.0 93 127
733.5 140 157
733.5 140 158
735.0 150 165
735.0 151 152
736.5 12 20
738.0 184 192
738.0 184 193
739.5 11 20
741.0 17 20
742.5 116 121
742.5 116 122
744.0 110 119
744.0 110 120
745.5 198 199
747.0 20 23
747.0 20 24
748.5 104 124
748.5 104 125
750.0 18 20
751.5 95 126
751.5 95 127
753.0 20 64
754.5 155 159
754.5 155 160
756.0 20 57
757.5 20 59
759.0 20 59
760.5 93 130
760.5 94 95
762.0 132 164
762.0 132 165
763.5 134 158
763.5 134 159
765.0 19 20
766.5 11 20
768.0 20 29
769.5 20 40
769.5 20 41
771.0 20 62
772.5 144 158
772.5 144 159
774.0 20 57
775.5 20 62
777.0 20 28
778.5 142 161
778.5 142 162
780.0 20 70
781.5 146 159
781.5 146 160
783.0 20 53
784.5 100 101
784.5 100 102
786.0 180 198
786.0 180 199
787.5 151 159
787.5 151 160
789.0 20 58
789.0 20 59
790.5 137 150
790.5 137 151
792.0 98 121
792.0 98 122
793.5 115 117
793.5 115 118
795.0 102 125
795.0 102 126
796.5 20 22
798.0 107 119
798.0 107 120
799.5 133 158
799.5 133 159
801.0 12 20
802.5 131 165
802.5 131 166
804.0 20 55
805.5 175 191
805.5 175 192
807.0 15 20
808.5 150 155
808.5 150 156
810.0 20 29
811.5 179 189
811.5 179 190
813.0 179 191
813.0 179 192
814.5 20 56
816.0 20 64
817.5 20 55
819.0 20 30
820.5 98 113
820.5 98 114
822.0 20 26
823.5 20 60
825.0 20 59
826.5 140 153
826.5 140 154
828.0 98 119
828.0 98 120
829.5 18 20
831.0 20 66
832.5 94 116
832.5 94 117
834.0 112 123
834.0 112 124
835.5 100 115
835.5 100 116
837.0 20 88
837.0 20 89
838.5 147 153
838.5 147 154
840.0 20 44
840.0 20 45
841.5 20 30
843.0 106 109
843.0 106 110
844.5 20 55
846.0 20 34
847.5 98 107
847.5 98 108
849.0 136 164
849.0 136 165
850.5 20 63
852.0 20 58
853.5 16 20
855.0 179 180
855.0 179 182
856.5 20 50
858.0 94 120
858.0 94 121
859.5 95 124
859.5 95 125
861.0 20 61
862.5 112 113
862.5 112 114
864.0 20 29
865.5 20 64
867.0 19 20
868.5 98 117
868.5 98 118
870.0 117 118
870.0 117 119
871.5 107 115
871.5 107 116
873.0 179 195
873.0 179 196
874.5 142 153
874.5 142 154
876.0 181 196
876.0 181 197
877.5 112 119
877.5 112 120
879.0 20 34
880.5 180 188
880.5 180 189
882.0 181 192
882.0 181 193
883.5 158 161
883.5 159 160
885.0 136 166
885.0 136 167
886.5 145 162
886.5 145 163
888.0 20 28
889.5 194 199
889.5 195 196
891.0 146 165
891.0 146 166
892.5 20 34
892.5 20 35
894.0 141 155
894.0 141 156
895.5 176 194
895.5 176 195
897.0 20 59
898.5 154 163
898.5 155 156
900.0 101 113
900.0 101 114
901.5 18 20
903.0 183 197
903.0 183 198
904.5 20 60
906.0 146 153
906.0 146 154
907.5 20 69
909.0 183 191
909.0 183 192
910.5 20 64
912.0 20 67
913.5 20 27
915.0 100 121
915.0 100 122
916.5 20 29
918.0 188 198
918.0 188 199
919.5 112 115
919.5 112 116
921.0 20 84
921.0 20 85
922.5 145 154
922.5 145 155
924.0 20 63
925.5 20 23
927.0 106 125
927.0 106 126
928.5 12 20
930.0 142 157
930.0 142 158
931.5 102 113
931.5 102 114
933.0 139 156
933.0 139 157
934.5 20 67
936.0 131 161
936.0 131 162
937.5 20 21
939.0 148 159
939.0 148 160
940.5 20 66
942.0 20 51
943.5 145 164
943.5 145 165
945.0 20 20
946.5 20 58
948.0 184 194
948.0 184 195
949.5 20 61
951.0 20 26
952.5 116 119
952.5 116 120
954.0 20 57
955.5 20 32
957.0 13 20
958.5 20 52
960.0 20 59
961.5 20 69
963.0 143 168
963.0 144 145
964.5 186 195
964.5 186 196
966.0 100 125
966.0 100 126
967.5 108 117
967.5 108 118
969.0 20 52
970.5 20 23
972.0 20 75
973.5 20 23
975.0 191 195
975.0 191 196
976.5 11 20
978.0 20 51
979.5 110 117
979.5 110 118
981.0 191 193
981.0 191 194
982.5 20 23
984.0 20 55
985.5 92 120
985.5 92 121
987.0 138 163
987.0 138 164
988.5 96 110
988.5 96 111
990.0 154 161
990.0 154 162
991.5 103 116
991.5 103 117
993.0 20 65
994.5 20 56
996.0 20 68
997.5 105 120
997.5 105 121
999.0 20 73
1000.5 20 67
1002.0 189 190
1002.0 189 191
1003.5 142 163
1003.5 142 164
1005.0 138 155
1005.0 138 156
1006.5 185 194
1006.5 185 195
1008.0 20 60
1009.5 20 24
1011.0 92 126
1011.0 92 127
1012.5 20 20
1014.0 96 126
1014.0 96 127
1015.5 20 74
1017.0 176 190
1017.0 176 191
1018.5 191 197
1018.5 191 198
1020.0 20 52
1021.5 20 21
1023.0 20 28
1024.5 144 162
1024.5 144 163
1026.0 20 62
1027.5 145 146
1027.5 145 147
1029.0 20 28
1030.5 100 127
1030.5 100 128
1032.0 19 20
1033.5 20 36
1035.0 20 53
1036.5 20 25
1038.0 20 33
1039.5 20 65
1041.0 20 60
1042.5 147 159
1042.5 147 160
1044.0 20 29
1045.5 20 57
1047.0 137 166
1047.0 137 167
1048.5 20 22
1050.0 20 63
1051.5 20 67
1053.0 130 167
1053.0 130 168
1054.5 103 126
1054.5 103 127
1056.0 12 20
1057.5 137 160
1057.5 137 161
1059.0 20 20
1060.5 148 161
1060.5 148 162
1062.0 92 128
1062.0 92 129
1063.5 100 111
1063.5 100 112
1065.0 145 156
1065.0 145 157
1066.5 140 169
1066.5 141 142
1068.0 185 190
1068.0 185 191
1069.5 20 74
1071.0 20 32
1072.5 187 191
1072.5 187 192
1074.0 17 20
1075.5 97 122
1075.5 97 123
1077.0 15 20
1078.5 20 63
1080.0 18 20
1081.5 20 58
1083.0 187 193
1083.0 187 194
1084.5 99 114
1084.5 99 115
1086.0 17 20
1087.5 126 127
1087.5 127 128
1089.0 116 117
1089.0 116 118
1090.5 20 50
1092.0 96 118
1092.0 96 119
1093.5 20 71
1095.0 109 116
1095.0 109 117
1096.5 20 54
1098.0 20 53
1099.5 20 52
1101.0 15 20
1102.5 99 116
1102.5 99 117
1104.0 95 114
1104.0 95 115
1105.5 14 20
1107.0 190 199
1107.0 191 192
1108.5 140 155
1108.5 140 156
1110.0 150 151
1110.0 150 152
1111.5 109 122
1111.5 109 123
1113.0 177 187
1113.0 177 188
1114.5 19 20
1116.0 142 147
1116.0 142 148
1117.5 20 56
1119.0 98 99
1119.0 98 104
1120.5 94 122
1120.5 94 123
1122.0 20 68
1123.5 20 22
1125.0 20 71
1126.5 10 20
1128.0 20 32
1129.5 96 108
1129.5 96 109
1131.0 102 117
1131.0 102 118
1132.5 134 170
1132.5 135 136
1134.0 194 197
1134.0 194 198
1135.5 141 153
1135.5 141 154
1137.0 108 125
1137.0 108 126
1138.5 149 156
1138.5 149 157
1140.0 190 195
1140.0 190 196
1141.5 20 71
1143.0 176 188
1143.0 176 189
1144.5 18 20
1146.0 132 133
1146.0 132 157
1147.5 108 119
1147.5 108 120
1149.0 115 119
1149.0 115 120
1150.5 20 23
1152.0 98 129
1152.0 99 100
1153.5 141 149
1153.5 141 150
1155.0 131 169
1155.0 131 170
1156.5 111 123
1156.5 111 124
1158.0 20 20
1159.5 17 20
1161.0 149 150
1161.0 149 151
1162.5 141 159
1162.5 141 160
1164.0 6 7
1164.0 7 8
1165.5 96 120
1165.5 96 121
1167.0 93 114
1167.0 93 115
1168.5 146 151
1168.5 146 152
1170.0 183 195
1170.0 183 196
1171.5 20 54
1173.0 10 20
1174.5 145 158
1174.5 145 159
1176.0 19 20
1177.5 104 118
1177.5 104 119
1179.0 149 160
1179.0 149 161
1180.5 20 64
1182.0 20 59
1183.5 140 151
1183.5 140 152
1185.0 20 65
1186.5 133 170
1186.5 134 135
1188.0 20 26
1189.5 20 72
1191.0 111 121
1191.0 111 122
1192.5 20 70
1194.0 101 109
1194.0 101 110
1195.5 95 128
1195.5 95 129
1197.0 154 155
1197.0 154 156
1198.5 95 130
1198.5 96 97
1200.0 20 25
1201.5 195 197
1201.5 195 198
1203.0 144 160
1203.0 144 161
1204.5 16 20
1206.0 143 156
1206.0 143 157
1207.5 15 20
1209.0 94 118
1209.0 94 119
1210.5 134 164
1210.5 134 165
1212.0 177 191
1212.0 177 192
1213.5 173 174
1213.5 173 194
1215.0 20 21
1216.5 168 169
1216.5 169 170
1218.0 102 123
1218.0 102 124
1219.5 186 189
1219.5 186 190
1221.0 13 20
1222.5 20 54
1224.0 20 57
1225.5 94 124
1225.5 94 125
1227.0 20 27
1228.5 107 121
1228.5 107 122
1230.0 20 62
1231.5 20 50
1233.0 20 30
1234.5 105 122
1234.5 105 123
1236.0 136 156
1236.0 136 157
1237.5 20 61
1239.0 143 146
1239.0 143 147
1240.5 20 23
1242.0 109 124
1242.0 109 125
1243.5 136 168
1243.5 136 169
1245.0 192 194
1245.0 192 195
1246.5 187 199
1246.5 188 189
1248.0 138 145
1248.0 138 146
1249.5 19 20
1251.0 20 56
1252.5 20 25
1254.0 141 143
1254.0 141 144
1255.5 185 188
1255.5 185 189
1257.0 20 52
1258.5 20 21
1260.0 17 20
1261.5 93 118
1261.5 93 119
1263.0 103 110
1263.0 103 111
1264.5 20 63
1266.0 20 68
1267.5 20 62
1269.0 20 20
1270.5 20 55
1272.0 20 26
1273.5 95 112
1273.5 95 113
1275.0 130 131
1275.0 130 164
1276.5 193 194
1276.5 193 195
1278.0 105 116
1278.0 105 117
1279.5 20 20
1281.0 20 74
1281.0 20 75
1282.5 139 148
1282.5 139 149
1284.0 20 26
1285.5 139 168
1285.5 139 169
1287.0 149 162
1287.0 149 163
1288.5 20 21
1290.0 157 160
1290.0 157 161
1291.5 20 25
1293.0 20 73
1294.5 20 38
1294.5 20 39
1296.0 20 23
1297.5 105 112
1297.5 105 113
1299.0 106 121
1299.0 106 122
1300.5 131 167
1300.5 131 168
1302.0 90 125
1302.0 90 126
1303.5 20 25
1305.0 137 148
1305.0 137 149
1306.5 20 20
1308.0 107 123
1308.0 107 124
1309.5 117 120
1309.5 117 121
1311.0 19 20
1312.5 146 149
1312.5 146 150
1314.0 20 70
1315.5 142 151
1315.5 142 152
1317.0 132 166
1317.0 132 167
1318.5 20 24
1320.0 20 27
1321.5 156 157
1321.5 156 158
1323.0 20 56
1324.5 20 53
1326.0 109 112
1326.0 109 113
1327.5 137 168
1327.5 137 169
1329.0 177 199
1329.0 178 179
1330.5 91 125
1330.5 91 126
1332.0 20 54
1333.5 20 55
1335.0 20 30
1336.5 180 194
1336.5 180 195
1338.0 20 51
1339.5 97 114
1339.5 97 115
1341.0 20 22
1342.5 20 51
1344.0 20 33
1345.5 188 192
1345.5 188 193
1347.0 143 154
1347.0 143 155
1348.5 99 124
1348.5 99 125
1350.0 110 111
1350.0 110 112
1351.5 187 195
1351.5 187 196
1353.0 20 56
1354.5 20 65
1356.0 11 20
1357.5 95 116
1357.5 95 117
1359.0 20 24
1360.5 20 60
1362.0 96 130
1362.0 97 98
1363.5 20 27
1365.0 170 171
1365.0 171 172
1366.5 20 25
1368.0 110 125
1368.0 111 112
1369.5 140 149
1369.5 140 150
1371.0 20 28
1372.5 181 184
1372.5 181 185
1374.0 155 161
1374.0 155 162
1375.5 145 150
1375.5 145 151
1377.0 104 126
1377.0 104 127
1378.5 138 167
1378.5 138 168
1380.0 20 63
1381.5 20 26
1383.0 19 20
1384.5 136 148
1384.5 136 149
1386.0 20 69
1387.5 196 198
1387.5 196 199
1389.0 146 155
1389.0 146 156
1390.5 179 197
1390.5 179 198
1392.0 14 20
1392.0 15 20
1393.5 20 28
1395.0 139 166
1395.0 139 167
1396.5 184 190
1396.5 184 191
1398.0 20 59
1399.5 20 60
1401.0 101 105
1401.0 101 106
1402.5 20 57
1404.0 137 146
1404.0 137 147
1405.5 100 119
1405.5 100 120
1407.0 193 196
1407.0 193 197
1408.5 102 115
1408.5 102 116
1410.0 2 3
1410.0 3 4
1411.5 193 198
1411.5 193 199
1413.0 146 147
1413.0 146 148
1414.5 20 38
1416.0 150 163
1416.0 150 164
1417.5 20 50
1419.0 20 58
1420.5 20 77
1422.0 128 129
1422.0 129 130
1423.5 20 25
1425.0 20 65
1426.5 101 119
1426.5 101 120
1428.0 20 80
1428.0 20 81
1429.5 90 129
1429.5 90 130
1431.0 174 196
1431.0 174 197
1432.5 181 186
1432.5 181 187
1434.0 20 52
1435.5 172 198
1435.5 172 199
1437.0 172 173
1437.0 172 197
1438.5 94 114
1438.5 94 115
1440.0 20 74
1441.5 99 106
1441.5 99 107
1443.0 186 191
1443.0 186 192
1444.5 20 37
1446.0 148 153
1446.0 148 154
1447.5 109 118
1447.5 109 119
1449.0 20 31
1450.5 20 57
1452.0 99 128
1452.0 99 129
1453.5 20 54
1455.0 162 163
1455.0 163 164
1456.5 15 20
1458.0 138 149
1458.0 138 150
1459.5 97 116
1459.5 97 117
1461.0 20 62
1462.5 134 166
1462.5 134 167
1464.0 190 197
1464.0 190 198
1465.5 152 153
1465.5 152 154
1467.0 97 108
1467.0 97 109
1468.5 20 86
1468.5 20 87
1470.0 108 113
1470.0 108 114
1471.5 143 152
1471.5 143 153
1473.0 104 116
1473.0 104 117
1474.5 149 152
1474.5 149 153
1476.0 101 103
1476.0 101 104
1477.5 147 163
1477.5 147 164
1479.0 20 42
1479.0 20 43
1480.5 141 145
1480.5 141 146
1482.0 20 63
1483.5 148 165
1483.5 148 166
1485.0 91 92
1485.0 91 120
1486.5 140 165
1486.5 140 166
1488.0 160 161
1488.0 161 162
1489.5 17 20
1491.0 20 58
1492.5 138 159
1492.5 138 160
1494.0 20 62
1495.5 16 20
1497.0 20 58
1498.5 108 123
1498.5 108 124
1500.0 137 154
1500.0 137 155
1501.5 100 113
1501.5 100 114
1503.0 133 164
1503.0 133 165
1504.5 97 124
1504.5 97 125
1506.0 19 20
1507.5 20 54
1507.5 20 55
1509.0 20 53
1510.5 186 193
1510.5 186 194
1512.0 107 111
1512.0 107 112
1513.5 20 59
1515.0 20 27
1516.5 132 160
1516.5 132 161
1518.0 107 117
1518.0 107 118
1519.5 182 193
1519.5 182 194
1521.0 20 58
1522.5 113 114
1522.5 113 115
1524.0 20 22
1525.5 20 30
1525.5 20 31
1527.0 101 127
1527.0 101 128
1528.5 179 187
1528.5 179 188
1530.0 142 167
1530.0 142 168
1531.5 20 66
1533.0 20 53
1534.5 143 148
1534.5 143 149
1536.0 20 55
1537.5 175 193
1537.5 175 194
1539.0 146 163
1539.0 146 164
1540.5 132 170
1540.5 133 134
1542.0 147 155
1542.0 147 156
1543.5 136 154
1543.5 136 155
1545.0 20 62
1546.5 183 187
1546.5 183 188
1548.0 20 35
1549.5 108 115
1549.5 108 116
1551.0 20 69
1552.5 15 20
1552.5 16 20
1554.0 93 116
1554.0 93 117
1555.5 180 184
1555.5 180 185
1557.0 137 164
1557.0 137 165
1558.5 20 64
1560.0 157 158
1560.0 157 159
1561.5 20 26
1563.0 20 25
1564.5 182 183
1564.5 182 184
1566.0 20 33
1567.5 186 187
1567.5 186 188
1569.0 13 20
1570.5 183 193
1570.5 183 194
1572.0 178 198
1572.0 178 199
1573.5 20 75
1575.0 134 152
1575.0 134 153
1576.5 144 166
1576.5 144 167
1578.0 20 59
1579.5 97 120
1579.5 97 121
1581.0 20 52
1581.0 20 53
1582.5 140 161
1582.5 140 162
1584.0 188 196
1584.0 188 197
1585.5 194 195
1585.5 194 196
1587.0 20 59
1588.5 103 122
1588.5 103 123
1590.0 20 21
1591.5 20 55
1593.0 20 56
1594.5 16 20
1596.0 20 60
1597.5 20 73
1599.0 139 158
1599.0 139 159
1600.5 20 68
1602.0 13 20
1603.5 107 125
1603.5 107 126
1605.0 20 61
1606.5 102 119
1606.5 102 120
1608.0 20 33
1609.5 14 20
1611.0 100 107
1611.0 100 108
1612.5 114 119
1612.5 114 120
1614.0 186 197
1614.0 186 198
1615.5 135 160
1615.5 135 161
1617.0 20 57
1618.5 19 20
1620.0 141 157
1620.0 141 158
1621.5 20 75
1623.0 106 127
1623.0 107 108
1624.5 104 114
1624.5 104 115
1626.0 20 34
1627.5 143 144
1627.5 143 145
1629.0 141 151
1629.0 141 152
1630.5 113 122
1630.5 113 123
1632.0 140 159
1632.0 140 160
1633.5 20 61
1635.0 106 115
1635.0 106 116
1636.5 139 144
1636.5 139 145
1638.0 20 69
1639.5 94 128
1639.5 94 129
1641.0 112 117
1641.0 112 118
1642.5 20 66
1644.0 139 146
1644.0 139 147
1645.5 20 58
1647.0 102 103
1647.0 102 104
1648.5 95 110
1648.5 95 111
1650.0 100 105
1650.0 100 106
1651.5 136 170
1651.5 137 138
1653.0 135 166
1653.0 135 167
1654.5 110 113
1654.5 110 114
1656.0 108 121
1656.0 108 122
1657.5 114 123
1657.5 115 116
1659.0 20 29
1660.5 20 20
1662.0 104 122
1662.0 104 123
1663.5 174 194
1663.5 174 195
1665.0 104 106
1665.0 104 107
1666.5 183 185
1666.5 183 186
1668.0 92 124
1668.0 92 125
1669.5 142 155
1669.5 142 156
1671.0 120 121
1671.0 121 122
1672.5 20 64
1674.0 20 66
1674.0 20 67
1675.5 20 77
1677.0 110 115
1677.0 110 116
1678.5 10 20
1680.0 12 20
1680.0 13 20
1681.5 143 158
1681.5 143 159
1683.0 151 157
1683.0 151 158
1684.5 10 20
1686.0 20 27
1687.5 20 28
1689.0 148 149
1689.0 148 150
1690.5 134 168
1690.5 134 169
1692.0 20 70
1693.5 197 198
1693.5 197 199
1695.0 131 132
1695.0 131 160
1696.5 16 20
1698.0 14 20
1699.5 20 31
1701.0 20 55
1702.5 20 57
1704.0 174 192
1704.0 174 193
1705.5 15 20
1707.0 133 166
1707.0 133 167
1708.5 20 60
1710.0 152 155
1710.0 152 156
1711.5 20 20
1713.0 105 108
1713.0 105 109
1714.5 177 193
1714.5 177 194
1716.0 13 20
1717.5 153 154
1717.5 153 155
1719.0 132 168
1719.0 132 169
1720.5 140 143
1720.5 140 144
1722.0 92 93
1722.0 92 117
1723.5 105 114
1723.5 105 115
1725.0 17 20
1726.5 185 198
1726.5 185 199
1728.0 20 60
1729.5 20 64
1731.0 151 155
1731.0 151 156
1732.5 20 62
1734.0 16 20
1735.5 20 61
1737.0 20 29
1738.5 178 190
1738.5 178 191
1740.0 106 111
1740.0 106 112
1741.5 20 60
1743.0 20 66
1744.5 139 164
1744.5 139 165
1746.0 20 28
1747.5 152 159
1747.5 152 160
1749.0 103 108
1749.0 103 109
1750.5 20 31
1752.0 144 152
1752.0 144 153
1753.5 20 70
1753.5 20 71
1755.0 136 158
1755.0 136 159
1756.5 145 160
1756.5 145 161
1758.0 20 26
1759.5 139 162
1759.5 139 163
1761.0 20 29
1762.5 20 53
1764.0 185 192
1764.0 185 193
1765.5 106 117
1765.5 106 118
1767.0 20 67
1768.5 20 62
1770.0 181 188
1770.0 181 189
