0 62 95
0 62 96
1.5 60 102
1.5 60 103
3.0 61 63
3.0 61 64
4.5 97 103
4.5 98 99
6.0 86 93
6.0 86 94
7.5 50 56
7.5 50 57
9.0 75 76
9.0 76 77
10.5 175 187
10.5 175 188
12.0 153 165
12.0 153 166
13.5 139 144
13.5 139 145
15.0 150 168
15.0 150 169
16.5 135 136
16.5 135 137
18.0 59 60
18.0 59 61
19.5 132 148
19.5 133 134
21.0 171 183
21.0 171 184
22.5 15 18
22.5 15 19
24.0 134 145
24.0 134 146
25.5 115 116
25.5 116 117
27.0 152 169
27.0 152 170
28.5 103 104
28.5 104 105
30.0 52 53
30.0 52 54
31.5 135 144
31.5 135 145
33.0 176 182
33.0 176 183
34.5 70 75
34.5 70 76
36.0 84 102
36.0 84 103
37.5 175 183
37.5 175 184
39.0 45 49
39.0 45 50
40.5 155 167
40.5 155 168
42.0 59 68
42.0 59 73
43.5 18 22
43.5 18 23
45.0 138 143
45.0 138 144
46.5 28 30
46.5 28 31
48.0 47 52
48.0 47 53
49.5 110 116
49.5 110 117
51.0 59 99
51.0 59 100
52.5 139 140
52.5 139 141
54.0 18 26
54.0 19 20
55.5 61 96
55.5 61 97
57.0 120 130
57.0 120 131
58.5 176 180
58.5 176 181
60.0 67 76
60.0 67 77
61.5 68 73
61.5 68 74
63.0 119 122
63.0 119 123
64.5 59 64
64.5 59 65
66.0 153 193
66.0 154 155
67.5 142 147
67.5 142 148
69.0 108 115
69.0 108 116
70.5 56 57
70.5 57 58
72.0 135 148
72.0 136 137
73.5 64 101
73.5 64 102
75.0 134 137
75.0 134 138
76.5 80 81
76.5 80 95
78.0 141 147
78.0 141 148
79.5 151 190
79.5 151 191
81.0 153 187
81.0 153 188
82.5 105 107
82.5 105 108
84.0 85 86
84.0 85 93
85.5 58 79
85.5 58 80
87.0 150 184
87.0 150 185
88.5 155 185
88.5 155 186
90.0 58 83
90.0 58 84
91.5 166 167
91.5 167 168
93.0 111 114
93.0 111 115
94.5 185 191
94.5 185 192
96.0 150 194
96.0 151 152
97.5 124 130
97.5 124 131
99.0 120 122
99.0 120 123
100.5 52 57
100.5 53 54
102.0 33 36
102.0 33 37
103.5 170 171
103.5 170 184
105.0 99 101
105.0 99 102
106.5 125 126
106.5 125 127
108.0 157 169
108.0 157 170
109.5 175 185
109.5 175 186
111.0 33 40
111.0 33 41
112.5 123 127
112.5 123 128
114.0 71 73
114.0 71 74
115.5 119 130
115.5 119 131
117.0 96 97
117.0 96 100
118.5 58 117
118.5 58 131
120.0 136 146
120.0 136 147
121.5 149 155
121.5 149 156
123.0 66 79
123.0 66 97
124.5 169 170
124.5 169 187
126.0 108 113
126.0 108 114
127.5 17 22
127.5 17 23
129.0 62 76
129.0 62 77
130.5 162 163
130.5 162 164
132.0 119 120
132.0 119 121
133.5 156 169
133.5 156 170
135.0 60 98
135.0 60 99
136.5 8 11
136.5 8 12
138.0 111 116
138.0 112 113
139.5 104 148
139.5 105 106
141.0 152 167
141.0 152 168
142.5 35 40
142.5 36 37
144.0 30 39
144.0 30 40
145.5 150 186
145.5 150 187
147.0 149 172
147.0 149 173
148.5 65 77
148.5 65 78
150.0 46 56
150.0 46 57
151.5 21 22
151.5 21 23
153.0 65 96
153.0 65 97
154.5 104 111
154.5 104 112
156.0 24 25
156.0 25 26
157.5 58 95
157.5 58 96
159.0 16 23
159.0 16 24
160.5 43 44
160.5 43 45
162.0 79 98
162.0 79 99
163.5 106 112
163.5 106 113
165.0 151 188
165.0 151 189
166.5 121 125
166.5 121 126
168.0 150 154
168.0 150 155
169.5 172 188
169.5 172 189
171.0 133 137
171.0 133 138
172.5 139 146
172.5 139 147
174.0 82 103
174.0 83 84
175.5 151 166
175.5 151 167
177.0 30 35
177.0 30 36
178.5 67 74
178.5 67 75
180.0 125 130
180.0 125 131
181.5 138 141
181.5 138 142
183.0 108 109
183.0 108 110
184.5 59 62
184.5 59 63
186.0 15 26
186.0 15 27
187.5 186 188
187.5 186 189
189.0 66 100
189.0 66 101
190.5 153 189
190.5 153 190
192.0 128 130
192.0 128 131
193.5 124 128
193.5 124 129
195.0 190 191
195.0 190 192
196.5 64 103
196.5 65 66
198.0 62 99
198.0 62 100
199.5 158 159
199.5 158 164
201.0 58 59
201.0 58 62
202.5 137 145
202.5 137 146
204.0 65 75
204.0 65 76
205.5 43 52
205.5 43 53
207.0 49 53
207.0 49 54
208.5 152 171
208.5 152 183
210.0 6 10
210.0 6 11
211.5 0 3
211.5 1 2
213.0 156 165
213.0 156 166
214.5 36 40
214.5 37 38
216.0 174 187
216.0 174 188
217.5 158 192
217.5 158 193
219.0 151 157
219.0 151 158
220.5 66 102
220.5 66 103
222.0 16 19
222.0 16 20
223.5 44 51
223.5 44 52
225.0 59 78
225.0 59 79
226.5 27 36
226.5 27 37
228.0 126 129
228.0 126 130
229.5 153 171
229.5 153 184
231.0 153 156
231.0 153 157
232.5 159 164
232.5 159 165
234.0 169 190
234.0 169 191
235.5 6 8
235.5 6 9
237.0 58 63
237.0 58 64
238.5 151 168
238.5 151 169
240.0 152 188
240.0 152 189
241.5 59 76
241.5 59 77
243.0 162 167
243.0 163 164
244.5 62 103
244.5 63 64
246.0 47 50
246.0 47 51
247.5 149 188
247.5 149 189
249.0 86 101
249.0 86 102
250.5 84 94
250.5 84 95
252.0 126 131
252.0 127 128
253.5 61 65
253.5 61 66
255.0 105 117
255.0 106 107
256.5 160 161
256.5 160 162
258.0 14 20
258.0 14 21
259.5 80 102
259.5 80 103
261.0 87 95
261.0 87 96
262.5 171 193
262.5 172 173
264.0 60 74
264.0 60 75
265.5 49 55
265.5 49 56
267.0 134 135
267.0 134 136
268.5 60 96
268.5 60 97
270.0 59 74
270.0 59 75
271.5 134 147
271.5 134 148
273.0 67 78
273.0 67 79
274.5 78 103
274.5 79 80
276.0 122 131
276.0 123 124
277.5 136 138
277.5 136 139
279.0 42 56
279.0 42 57
280.5 64 76
280.5 64 77
282.0 14 24
282.0 14 25
283.5 186 192
283.5 186 193
285.0 79 96
285.0 79 97
286.5 28 32
286.5 28 33
288.0 150 190
288.0 150 191
289.5 30 31
289.5 30 32
291.0 58 73
291.0 58 74
292.5 149 190
292.5 149 191
294.0 134 143
294.0 134 144
295.5 176 184
295.5 176 185
297.0 13 22
297.0 13 23
298.5 170 191
298.5 170 192
300.0 72 73
300.0 72 74
301.5 105 111
301.5 105 112
303.0 68 77
303.0 68 78
304.5 153 185
304.5 153 186
306.0 59 97
306.0 59 98
307.5 153 191
307.5 153 192
309.0 28 40
309.0 28 41
310.5 159 192
310.5 159 193
312.0 172 192
312.0 172 193
313.5 34 39
313.5 34 40
315.0 154 166
315.0 154 167
316.5 57 103
316.5 57 104
318.0 186 190
318.0 186 191
319.5 120 132
319.5 121 122
321.0 28 38
321.0 28 39
322.5 196 199
322.5 197 198
324.0 61 102
324.0 61 103
325.5 68 102
325.5 68 103
327.0 122 127
327.0 122 128
328.5 34 37
328.5 34 38
330.0 149 166
330.0 149 167
331.5 195 196
331.5 195 197
333.0 16 21
333.0 16 22
334.5 19 23
334.5 19 24
336.0 23 24
336.0 23 25
337.5 58 67
337.5 58 68
339.0 62 65
339.0 62 66
340.5 49 51
340.5 49 52
342.0 154 187
342.0 154 188
343.5 107 110
343.5 107 111
345.0 67 101
345.0 67 102
346.5 148 190
346.5 148 191
348.0 139 142
348.0 139 143
349.5 151 153
349.5 151 154
351.0 42 46
351.0 42 47
352.5 83 94
352.5 83 95
354.0 14 18
354.0 14 19
355.5 121 123
355.5 121 124
357.0 43 54
357.0 43 55
358.5 71 75
358.5 71 76
360.0 113 115
360.0 113 116
361.5 57 132
361.5 57 148
363.0 63 102
363.0 63 103
364.5 120 126
364.5 120 127
366.0 59 66
366.0 59 67
367.5 80 98
367.5 80 99
369.0 66 98
369.0 66 99
370.5 45 51
370.5 45 52
372.0 31 37
372.0 31 38
373.5 120 128
373.5 120 129
375.0 39 40
375.0 40 41
376.5 176 191
376.5 176 192
378.0 29 34
378.0 29 35
379.5 73 75
379.5 74 75
381.0 178 179
381.0 178 180
382.5 33 34
382.5 33 35
384.0 118 127
384.0 118 128
385.5 61 81
385.5 61 82
387.0 77 78
387.0 78 79
388.5 159 166
388.5 159 167
390.0 110 114
390.0 110 115
391.5 136 142
391.5 136 143
393.0 98 102
393.0 99 100
394.5 164 165
394.5 165 166
396.0 104 115
396.0 104 116
397.5 129 130
397.5 130 131
399.0 151 184
399.0 151 185
400.5 154 189
400.5 154 190
402.0 109 111
402.0 109 112
403.5 64 97
403.5 64 98
405.0 45 53
405.0 45 54
406.5 61 98
406.5 61 99
408.0 62 74
408.0 62 75
409.5 42 43
409.5 42 45
411.0 158 167
411.0 158 168
412.5 158 169
412.5 158 189
414.0 172 184
414.0 172 185
415.5 62 78
415.5 62 79
417.0 155 193
417.0 156 157
418.5 133 139
418.5 133 140
420.0 61 94
420.0 61 95
421.5 41 54
421.5 41 55
423.0 64 65
423.0 64 75
424.5 29 30
424.5 29 31
426.0 196 197
426.0 196 198
427.5 88 90
427.5 88 91
429.0 138 145
429.0 138 146
430.5 133 145
430.5 133 146
432.0 47 48
432.0 47 49
433.5 174 189
433.5 174 190
435.0 121 127
435.0 121 128
436.5 70 77
436.5 71 72
438.0 43 48
438.0 43 49
439.5 49 57
439.5 50 51
441.0 140 146
441.0 140 147
442.5 32 36
442.5 32 37
444.0 179 180
444.0 179 181
445.5 149 184
445.5 149 185
447.0 46 48
447.0 46 49
448.5 20 23
448.5 20 24
450.0 42 54
450.0 42 55
451.5 79 100
451.5 79 101
453.0 114 115
453.0 114 116
454.5 155 189
454.5 155 190
456.0 106 108
456.0 106 109
457.5 62 97
457.5 62 98
459.0 63 65
459.0 63 75
460.5 134 139
460.5 134 140
462.0 35 36
462.0 35 37
463.5 60 82
463.5 60 83
465.0 119 126
465.0 119 127
466.5 54 56
466.5 55 56
468.0 142 145
468.0 142 146
469.5 172 182
469.5 172 183
471.0 31 35
471.0 31 36
472.5 181 182
472.5 182 183
474.0 97 99
474.0 97 100
475.5 27 38
475.5 27 39
477.0 48 49
477.0 48 50
478.5 109 115
478.5 109 116
480.0 134 141
480.0 134 142
481.5 63 96
481.5 63 97
483.0 27 34
483.0 27 35
484.5 173 183
484.5 173 184
486.0 4 5
486.0 5 6
487.5 144 146
487.5 144 147
489.0 85 94
489.0 85 95
490.5 121 129
490.5 121 130
492.0 53 55
492.0 53 56
493.5 151 155
493.5 151 156
495.0 46 54
495.0 46 55
496.5 43 50
496.5 43 51
498.0 150 158
498.0 150 159
499.5 60 66
499.5 60 67
501.0 8 9
501.0 8 10
502.5 141 143
502.5 141 144
504.0 65 100
504.0 65 101
505.5 152 153
505.5 152 154
507.0 15 20
507.0 15 21
508.5 44 57
508.5 45 46
510.0 67 99
510.0 67 100
511.5 82 83
511.5 82 94
513.0 7 11
513.0 7 12
514.5 30 41
514.5 31 32
516.0 87 99
516.0 87 100
517.5 58 77
517.5 58 78
519.0 79 102
519.0 79 103
520.5 171 187
520.5 171 188
522.0 41 56
522.0 41 57
523.5 149 157
523.5 149 158
525.0 155 191
525.0 155 192
526.5 88 102
526.5 88 103
528.0 156 167
528.0 156 168
529.5 155 187
529.5 155 188
531.0 185 193
531.0 186 187
532.5 135 138
532.5 135 139
534.0 42 48
534.0 42 49
535.5 153 154
535.5 153 155
537.0 10 11
537.0 11 12
538.5 60 80
538.5 60 81
540.0 179 182
540.0 179 183
541.5 83 102
541.5 83 103
543.0 51 56
543.0 51 57
544.5 188 193
544.5 189 190
546.0 15 16
546.0 15 17
547.5 118 125
547.5 118 126
549.0 158 165
549.0 158 166
550.5 58 97
550.5 58 98
552.0 160 163
552.0 160 164
553.5 35 38
553.5 35 39
555.0 171 189
555.0 171 190
556.5 105 113
556.5 105 114
558.0 14 26
558.0 14 27
559.5 157 190
559.5 157 191
561.0 132 140
561.0 132 141
562.5 150 172
562.5 150 173
564.0 83 100
564.0 83 101
565.5 107 116
565.5 107 117
567.0 20 21
567.0 20 22
568.5 154 193
568.5 155 156
570.0 150 182
570.0 150 183
571.5 85 96
571.5 85 97
573.0 174 185
573.0 174 186
574.5 122 129
574.5 122 130
576.0 174 191
576.0 174 192
577.5 107 114
577.5 107 115
579.0 150 152
579.0 150 153
580.5 177 179
580.5 177 180
582.0 86 97
582.0 86 98
583.5 149 153
583.5 149 154
585.0 81 82
585.0 81 95
586.5 51 54
586.5 51 55
588.0 17 18
588.0 17 19
589.5 28 34
589.5 28 35
591.0 59 103
591.0 59 104
592.5 160 165
592.5 160 166
594.0 157 192
594.0 157 193
595.5 61 77
595.5 61 78
597.0 87 103
597.0 88 89
598.5 45 47
598.5 45 48
600.0 69 77
600.0 69 78
601.5 48 53
601.5 48 54
603.0 151 164
603.0 151 165
604.5 78 101
604.5 78 102
606.0 58 65
606.0 58 66
607.5 61 79
607.5 61 80
609.0 109 117
609.0 110 111
610.5 48 55
610.5 48 56
612.0 60 76
612.0 60 77
613.5 36 38
613.5 36 39
615.0 191 192
615.0 192 193
616.5 69 73
616.5 69 74
618.0 157 188
618.0 157 189
619.5 175 189
619.5 175 190
621.0 29 40
621.0 29 41
622.5 84 100
622.5 84 101
624.0 61 75
624.0 61 76
625.5 150 170
625.5 150 171
627.0 48 51
627.0 48 52
628.5 177 181
628.5 177 182
630.0 14 22
630.0 14 23
631.5 147 148
631.5 148 149
633.0 42 52
633.0 42 53
634.5 180 181
634.5 180 182
636.0 154 156
636.0 154 165
637.5 80 96
637.5 80 97
639.0 175 193
639.0 176 177
640.5 197 199
640.5 198 199
642.0 58 75
642.0 58 76
643.5 195 198
643.5 195 199
645.0 92 93
645.0 93 94
646.5 50 52
646.5 50 53
648.0 155 165
648.0 155 166
649.5 159 160
649.5 159 163
651.0 17 20
651.0 17 21
652.5 89 94
652.5 89 95
654.0 135 142
654.0 135 143
655.5 173 174
655.5 173 182
657.0 168 169
657.0 168 193
658.5 136 148
658.5 137 138
660.0 121 131
660.0 121 132
661.5 57 117
661.5 57 131
663.0 149 159
663.0 149 163
664.5 85 102
664.5 85 103
666.0 133 143
666.0 133 144
667.5 101 102
667.5 102 103
669.0 152 165
669.0 152 166
670.5 178 183
670.5 178 184
672.0 60 100
672.0 60 101
673.5 63 80
673.5 63 95
675.0 83 98
675.0 83 99
676.5 176 193
676.5 177 178
678.0 172 186
678.0 172 187
679.5 46 52
679.5 46 53
681.0 26 27
681.0 27 28
682.5 52 55
682.5 52 56
684.0 2 3
684.0 3 4
685.5 60 62
685.5 60 63
687.0 63 98
687.0 63 99
688.5 176 189
688.5 176 190
690.0 32 34
690.0 32 35
691.5 118 129
691.5 118 130
693.0 137 147
693.0 137 148
694.5 106 110
694.5 106 111
696.0 157 165
696.0 157 166
697.5 67 68
697.5 67 73
699.0 87 93
699.0 87 94
700.5 59 82
700.5 59 83
702.0 41 42
702.0 41 53
703.5 15 22
703.5 15 23
705.0 150 192
705.0 150 193
706.5 122 125
706.5 122 126
708.0 59 80
708.0 59 81
709.5 133 141
709.5 133 142
711.0 13 24
711.0 13 25
712.5 15 24
712.5 15 25
714.0 151 186
714.0 151 187
715.5 81 100
715.5 81 101
717.0 27 57
717.0 28 29
718.5 67 103
718.5 68 69
720.0 87 101
720.0 87 102
721.5 188 189
721.5 188 190
723.0 44 47
723.0 44 48
724.5 176 186
724.5 176 188
726.0 149 186
726.0 149 187
727.5 14 15
727.5 14 17
729.0 89 90
729.0 89 91
730.5 58 103
730.5 58 104
732.0 59 148
732.0 60 61
733.5 53 57
733.5 54 55
735.0 156 187
735.0 156 188
736.5 61 67
736.5 61 74
738.0 137 139
738.0 137 140
739.5 112 114
739.5 112 115
741.0 156 189
741.0 156 190
742.5 174 193
742.5 175 176
744.0 123 125
744.0 123 126
745.5 66 75
745.5 66 76
747.0 138 147
747.0 138 148
748.5 38 39
748.5 38 40
750.0 151 172
750.0 151 183
751.5 69 75
751.5 69 76
753.0 31 39
753.0 31 40
754.5 82 95
754.5 82 96
756.0 152 155
756.0 152 156
757.5 63 100
757.5 63 101
759.0 149 192
759.0 149 193
760.5 16 25
760.5 16 26
762.0 106 116
762.0 106 117
763.5 140 148
763.5 141 142
765.0 153 167
765.0 153 168
766.5 72 75
766.5 73 74
768.0 13 41
768.0 13 57
769.5 80 100
769.5 80 101
771.0 65 102
771.0 65 103
772.5 42 50
772.5 42 51
774.0 140 144
774.0 140 145
775.5 70 73
775.5 70 74
777.0 173 185
777.0 173 186
778.5 58 132
778.5 58 148
780.0 63 78
780.0 63 79
781.5 5 12
781.5 6 7
783.0 145 147
783.0 146 147
784.5 47 56
784.5 47 57
786.0 132 144
786.0 132 145
787.5 59 101
787.5 59 102
789.0 161 162
789.0 161 163
790.5 171 185
790.5 171 186
792.0 107 112
792.0 107 113
793.5 81 102
793.5 81 103
795.0 119 128
795.0 119 129
796.5 150 188
796.5 150 189
798.0 90 91
798.0 90 92
799.5 170 187
799.5 170 188
801.0 173 187
801.0 173 188
802.5 44 53
802.5 44 54
804.0 157 186
804.0 157 187
805.5 81 98
805.5 81 99
807.0 118 123
807.0 118 124
808.5 84 98
808.5 84 99
810.0 108 117
810.0 109 110
811.5 133 135
811.5 133 136
813.0 96 101
813.0 96 102
814.5 156 191
814.5 156 192
816.0 18 20
816.0 18 21
817.5 105 115
817.5 105 116
819.0 43 46
819.0 43 47
820.5 135 146
820.5 135 147
822.0 66 77
822.0 66 78
823.5 83 96
823.5 83 97
825.0 0 1
825.0 0 2
826.5 7 9
826.5 7 10
828.0 22 24
828.0 22 25
829.5 152 184
829.5 152 185
831.0 172 190
831.0 172 191
832.5 124 126
832.5 124 127
834.0 178 181
834.0 178 182
835.5 82 97
835.5 82 98
837.0 105 109
837.0 105 110
838.5 150 164
838.5 150 165
840.0 189 191
840.0 189 192
841.5 119 132
841.5 120 121
843.0 13 26
843.0 13 27
844.5 151 192
844.5 151 193
846.0 177 185
846.0 177 191
847.5 58 101
847.5 58 102
849.0 31 41
849.0 32 33
850.5 152 192
850.5 152 193
852.0 137 143
852.0 137 144
853.5 19 21
853.5 19 22
855.0 57 101
855.0 57 102
856.5 160 167
856.5 160 168
858.0 60 104
858.0 61 62
859.5 120 124
859.5 120 125
861.0 154 191
861.0 154 192
862.5 187 192
862.5 187 193
864.0 155 169
864.0 155 170
865.5 64 99
865.5 64 100
867.0 46 50
867.0 46 51
868.5 84 96
868.5 84 97
870.0 100 101
870.0 100 102
871.5 123 131
871.5 124 125
873.0 51 52
873.0 51 53
874.5 58 81
874.5 58 82
876.0 141 145
876.0 141 146
877.5 16 17
877.5 16 18
879.0 48 57
879.0 49 50
880.5 65 79
880.5 65 80
882.0 37 39
882.0 37 40
883.5 87 91
883.5 87 92
885.0 149 194
885.0 150 151
886.5 149 164
886.5 149 165
888.0 87 97
888.0 87 98
889.5 140 142
889.5 140 143
891.0 177 183
891.0 177 184
892.5 60 78
892.5 60 79
894.0 127 131
894.0 128 129
895.5 59 117
895.5 59 132
897.0 193 194
897.0 194 195
898.5 149 168
898.5 149 169
900.0 64 78
900.0 64 79
901.5 111 112
901.5 111 113
903.0 84 85
903.0 84 93
904.5 152 157
904.5 152 158
906.0 86 103
906.0 87 88
907.5 118 131
907.5 118 132
909.0 156 193
909.0 157 158
910.5 188 191
910.5 188 192
912.0 154 170
912.0 154 184
913.5 117 131
913.5 117 132
915.0 132 142
915.0 132 143
916.5 125 128
916.5 125 129
918.0 98 100
918.0 98 101
919.5 19 25
919.5 19 26
921.0 183 184
921.0 184 185
922.5 138 139
922.5 138 140
924.0 152 186
924.0 152 187
925.5 170 185
925.5 170 186
927.0 31 33
927.0 31 34
928.5 88 92
928.5 88 93
930.0 34 35
930.0 34 36
931.5 122 123
931.5 122 124
933.0 28 36
933.0 28 37
934.5 154 185
934.5 154 186
936.0 148 192
936.0 148 193
937.5 117 148
937.5 118 119
939.0 104 113
939.0 104 114
940.5 59 95
940.5 59 96
942.0 88 96
942.0 88 101
943.5 44 55
943.5 44 56
945.0 47 54
945.0 47 55
946.5 108 111
946.5 108 112
948.0 60 64
948.0 60 65
949.5 69 70
949.5 69 72
951.0 136 144
951.0 136 145
952.5 66 67
952.5 66 74
954.0 32 40
954.0 32 41
955.5 17 26
955.5 18 19
957.0 174 181
957.0 174 182
958.5 85 98
958.5 85 99
960.0 112 116
960.0 113 114
961.5 62 63
961.5 62 64
963.0 94 95
963.0 95 96
964.5 21 24
964.5 21 25
966.0 62 101
966.0 62 102
967.5 30 37
967.5 30 38
969.0 20 25
969.0 20 26
970.5 143 144
970.5 143 145
972.0 169 192
972.0 169 193
973.5 85 100
973.5 85 101
975.0 86 87
975.0 86 92
976.5 139 148
976.5 140 141
978.0 148 194
978.0 149 150
979.5 158 190
979.5 158 191
981.0 150 166
981.0 150 167
982.5 81 96
982.5 81 97
984.0 150 156
984.0 150 157
985.5 61 100
985.5 61 101
987.0 171 191
987.0 171 192
988.5 152 190
988.5 152 191
990.0 58 99
990.0 58 100
991.5 187 188
991.5 187 189
993.0 27 40
993.0 27 41
994.5 133 147
994.5 133 148
996.0 156 185
996.0 156 186
997.5 142 143
997.5 142 144
999.0 169 188
999.0 169 189
1000.5 153 169
1000.5 153 170
1002.0 63 76
1002.0 63 77
1003.5 45 55
1003.5 45 56
1005.0 162 165
1005.0 162 166
1006.5 126 127
1006.5 126 128
1008.0 89 92
1008.0 89 93
1009.5 70 71
1009.5 70 72
1011.0 58 93
1011.0 58 94
1012.5 91 92
1012.5 91 93
1014.0 173 189
1014.0 173 190
1015.5 173 191
1015.5 173 192
1017.0 5 10
1017.0 5 11
1018.5 159 168
1018.5 159 169
1020.0 18 24
1020.0 18 25
1021.5 132 146
1021.5 132 147
1023.0 131 132
1023.0 132 133
1024.5 45 57
1024.5 46 47
1026.0 119 124
1026.0 119 125
1027.5 163 165
1027.5 163 166
1029.0 175 181
1029.0 175 182
1030.5 184 191
1030.5 184 192
1032.0 29 32
1032.0 29 33
1033.5 157 167
1033.5 157 168
1035.0 127 129
1035.0 127 130
1036.5 175 191
1036.5 175 192
1038.0 12 13
1038.0 13 14
1039.5 106 114
1039.5 106 115
1041.0 60 94
1041.0 60 95
1042.5 29 38
1042.5 29 39
1044.0 170 189
1044.0 170 190
1045.5 185 189
1045.5 185 190
1047.0 154 168
1047.0 154 169
1048.5 109 113
1048.5 109 114
1050.0 177 192
1050.0 177 193
1051.5 33 38
1051.5 33 39
1053.0 144 148
1053.0 145 146
1054.5 68 75
1054.5 68 76
1056.0 149 170
1056.0 149 171
1057.5 82 101
1057.5 82 102
1059.0 161 164
1059.0 161 165
1060.5 32 38
1060.5 32 39
1062.0 170 193
1062.0 171 172
1063.5 86 95
1063.5 86 96
1065.0 161 166
1065.0 161 167
1066.5 104 117
1066.5 104 132
1068.0 110 112
1068.0 110 113
1069.5 9 10
1069.5 9 11
1071.0 123 129
1071.0 123 130
1072.5 30 33
1072.5 30 34
1074.0 184 193
1074.0 185 186
1075.5 174 183
1075.5 174 184
1077.0 173 193
1077.0 174 175
1078.5 59 84
1078.5 59 94
1080.0 149 182
1080.0 149 183
1081.5 151 170
1081.5 151 171
1083.0 43 56
1083.0 43 57
1084.5 90 93
1084.5 90 94
1086.0 86 99
1086.0 86 100
1087.5 21 26
1087.5 22 23
1089.0 107 108
1089.0 107 109
1090.5 62 80
1090.5 62 81
1092.0 88 94
1092.0 88 95
1093.5 143 148
1093.5 144 145
1095.0 97 101
1095.0 97 102
1096.5 117 118
1096.5 117 130
1098.0 137 141
1098.0 137 142
1099.5 17 24
1099.5 17 25
1101.0 135 140
1101.0 135 141
1102.5 64 80
1102.5 64 96
1104.0 29 36
1104.0 29 37
1105.5 6 12
1105.5 7 8
1107.0 136 140
1107.0 136 141
1108.5 187 190
1108.5 187 191
1110.0 50 54
1110.0 50 55
1111.5 44 45
1111.5 44 46
1113.0 96 103
1113.0 97 98
1114.5 82 99
1114.5 82 100
1116.0 143 146
1116.0 143 147
1117.5 44 49
1117.5 44 50
1119.0 65 98
1119.0 65 99
