0 154 166
0 154 167
1.5 45 55
1.5 45 56
3.0 148 194
3.0 149 150
4.5 106 114
4.5 106 115
6.0 159 164
6.0 159 165
7.5 62 74
7.5 62 75
9.0 175 183
9.0 175 184
10.5 108 109
10.5 108 110
12.0 46 52
12.0 46 53
13.5 89 92
13.5 89 93
15.0 88 92
15.0 88 93
16.5 185 189
16.5 185 190
18.0 170 189
18.0 170 190
19.5 109 117
19.5 110 111
21.0 120 126
21.0 120 127
22.5 96 97
22.5 96 100
24.0 36 40
24.0 37 38
25.5 45 51
25.5 45 52
27.0 158 192
27.0 158 193
28.5 180 181
28.5 180 182
30.0 173 193
30.0 174 175
31.5 108 115
31.5 108 116
33.0 122 123
33.0 122 124
34.5 124 130
34.5 124 131
36.0 64 97
36.0 64 98
37.5 156 193
37.5 157 158
39.0 42 46
39.0 42 47
40.5 57 117
40.5 57 131
42.0 80 96
42.0 80 97
43.5 43 52
43.5 43 53
45.0 159 192
45.0 159 193
46.5 133 139
46.5 133 140
48.0 85 86
48.0 85 93
49.5 78 103
49.5 79 80
51.0 107 114
51.0 107 115
52.5 136 144
52.5 136 145
54.0 42 52
54.0 42 53
55.5 52 57
55.5 53 54
57.0 13 26
57.0 13 27
58.5 123 125
58.5 123 126
60.0 121 129
60.0 121 130
61.5 21 22
61.5 21 23
63.0 125 128
63.0 125 129
64.5 59 148
64.5 60 61
66.0 178 183
66.0 178 184
67.5 57 132
67.5 57 148
69.0 83 96
69.0 83 97
70.5 132 142
70.5 132 143
72.0 86 103
72.0 87 88
73.5 29 40
73.5 29 41
75.0 170 191
75.0 170 192
76.5 58 65
76.5 58 66
78.0 14 18
78.0 14 19
79.5 176 182
79.5 176 183
81.0 8 11
81.0 8 12
82.5 150 184
82.5 150 185
84.0 85 102
84.0 85 103
85.5 176 184
85.5 176 185
87.0 10 11
87.0 11 12
88.5 195 198
88.5 195 199
90.0 141 145
90.0 141 146
91.5 152 184
91.5 152 185
93.0 27 38
93.0 27 39
94.5 49 51
94.5 49 52
96.0 31 37
96.0 31 38
97.5 59 82
97.5 59 83
99.0 176 186
99.0 176 188
100.5 41 56
100.5 41 57
102.0 151 184
102.0 151 185
103.5 30 41
103.5 31 32
105.0 121 125
105.0 121 126
106.5 16 19
106.5 16 20
108.0 119 130
108.0 119 131
109.5 6 8
109.5 6 9
111.0 82 101
111.0 82 102
112.5 16 17
112.5 16 18
114.0 62 78
114.0 62 79
115.5 43 50
115.5 43 51
117.0 123 131
117.0 124 125
118.5 119 120
118.5 119 121
120.0 27 40
120.0 27 41
121.5 156 169
121.5 156 170
123.0 160 161
123.0 160 162
124.5 134 147
124.5 134 148
126.0 149 172
126.0 149 173
127.5 158 190
127.5 158 191
129.0 44 57
129.0 45 46
130.5 67 78
130.5 67 79
132.0 150 186
132.0 150 187
133.5 150 170
133.5 150 171
135.0 20 21
135.0 20 22
136.5 49 55
136.5 49 56
138.0 144 146
138.0 144 147
139.5 108 117
139.5 109 110
141.0 60 102
141.0 60 103
142.5 152 167
142.5 152 168
144.0 44 55
144.0 44 56
145.5 33 38
145.5 33 39
147.0 150 154
147.0 150 155
148.5 154 156
148.5 154 165
150.0 88 102
150.0 88 103
151.5 38 39
151.5 38 40
153.0 17 24
153.0 17 25
154.5 77 78
154.5 78 79
156.0 16 21
156.0 16 22
157.5 128 130
157.5 128 131
159.0 62 99
159.0 62 100
160.5 106 110
160.5 106 111
162.0 149 188
162.0 149 189
163.5 60 100
163.5 60 101
165.0 90 93
165.0 90 94
166.5 196 197
166.5 196 198
168.0 81 100
168.0 81 101
169.5 120 128
169.5 120 129
171.0 127 131
171.0 128 129
172.5 92 93
172.5 93 94
174.0 16 23
174.0 16 24
175.5 79 100
175.5 79 101
177.0 57 103
177.0 57 104
178.5 109 111
178.5 109 112
180.0 174 187
180.0 174 188
181.5 41 54
181.5 41 55
183.0 191 192
183.0 192 193
184.5 104 111
184.5 104 112
186.0 153 187
186.0 153 188
187.5 18 24
187.5 18 25
189.0 65 96
189.0 65 97
190.5 59 103
190.5 59 104
192.0 18 20
192.0 18 21
193.5 85 94
193.5 85 95
195.0 39 40
195.0 40 41
196.5 45 53
196.5 45 54
198.0 70 73
198.0 70 74
199.5 118 127
199.5 118 128
201.0 37 39
201.0 37 40
202.5 14 26
202.5 14 27
204.0 110 116
204.0 110 117
205.5 30 31
205.5 30 32
207.0 154 189
207.0 154 190
208.5 56 57
208.5 57 58
210.0 43 56
210.0 43 57
211.5 67 74
211.5 67 75
213.0 58 83
213.0 58 84
214.5 160 165
214.5 160 166
216.0 61 65
216.0 61 66
217.5 149 192
217.5 149 193
219.0 0 3
219.0 1 2
220.5 6 10
220.5 6 11
222.0 169 188
222.0 169 189
223.5 66 100
223.5 66 101
225.0 58 73
225.0 58 74
226.5 58 97
226.5 58 98
228.0 136 142
228.0 136 143
229.5 186 190
229.5 186 191
231.0 177 192
231.0 177 193
232.5 171 191
232.5 171 192
234.0 98 102
234.0 99 100
235.5 172 192
235.5 172 193
237.0 69 75
237.0 69 76
238.5 59 80
238.5 59 81
240.0 150 164
240.0 150 165
241.5 111 112
241.5 111 113
243.0 32 34
243.0 32 35
244.5 91 92
244.5 91 93
246.0 136 146
246.0 136 147
247.5 136 140
247.5 136 141
249.0 119 132
249.0 120 121
250.5 15 16
250.5 15 17
252.0 156 167
252.0 156 168
253.5 13 22
253.5 13 23
255.0 106 108
255.0 106 109
256.5 62 65
256.5 62 66
258.0 80 102
258.0 80 103
259.5 135 136
259.5 135 137
261.0 59 60
261.0 59 61
262.5 88 96
262.5 88 101
264.0 155 193
264.0 156 157
265.5 157 192
265.5 157 193
267.0 33 40
267.0 33 41
268.5 134 139
268.5 134 140
270.0 15 22
270.0 15 23
271.5 161 164
271.5 161 165
273.0 174 193
273.0 175 176
274.5 186 192
274.5 186 193
276.0 35 38
276.0 35 39
277.5 123 129
277.5 123 130
279.0 153 171
279.0 153 184
280.5 47 50
280.5 47 51
282.0 158 169
282.0 158 189
283.5 64 80
283.5 64 96
285.0 58 117
285.0 58 131
286.5 16 25
286.5 16 26
288.0 163 165
288.0 163 166
289.5 104 148
289.5 105 106
291.0 169 190
291.0 169 191
292.5 46 50
292.5 46 51
294.0 118 123
294.0 118 124
295.5 63 76
295.5 63 77
297.0 67 68
297.0 67 73
298.5 0 1
298.5 0 2
300.0 14 22
300.0 14 23
301.5 60 96
301.5 60 97
303.0 17 26
303.0 18 19
304.5 44 49
304.5 44 50
306.0 46 54
306.0 46 55
307.5 58 93
307.5 58 94
309.0 97 103
309.0 98 99
310.5 86 95
310.5 86 96
312.0 178 181
312.0 178 182
313.5 169 170
313.5 169 187
315.0 12 13
315.0 13 14
316.5 68 77
316.5 68 78
318.0 79 96
318.0 79 97
319.5 134 143
319.5 134 144
321.0 63 78
321.0 63 79
322.5 123 127
322.5 123 128
324.0 150 172
324.0 150 173
325.5 149 155
325.5 149 156
327.0 58 77
327.0 58 78
328.5 171 193
328.5 172 173
330.0 118 129
330.0 118 130
331.5 70 77
331.5 71 72
333.0 81 82
333.0 81 95
334.5 57 101
334.5 57 102
336.0 134 137
336.0 134 138
337.5 145 147
337.5 146 147
339.0 82 83
339.0 82 94
340.5 8 9
340.5 8 10
342.0 151 192
342.0 151 193
343.5 141 147
343.5 141 148
345.0 108 113
345.0 108 114
346.5 143 144
346.5 143 145
348.0 29 32
348.0 29 33
349.5 84 94
349.5 84 95
351.0 50 52
351.0 50 53
352.5 139 146
352.5 139 147
354.0 44 53
354.0 44 54
355.5 52 53
355.5 52 54
357.0 139 144
357.0 139 145
358.5 64 103
358.5 65 66
360.0 152 165
360.0 152 166
361.5 67 76
361.5 67 77
363.0 47 52
363.0 47 53
364.5 83 102
364.5 83 103
366.0 162 167
366.0 163 164
367.5 124 126
367.5 124 127
369.0 114 115
369.0 114 116
370.5 157 190
370.5 157 191
372.0 136 138
372.0 136 139
373.5 60 82
373.5 60 83
375.0 58 75
375.0 58 76
376.5 32 40
376.5 32 41
378.0 118 131
378.0 118 132
379.5 106 116
379.5 106 117
381.0 157 169
381.0 157 170
382.5 151 164
382.5 151 165
384.0 33 36
384.0 33 37
385.5 155 169
385.5 155 170
387.0 50 54
387.0 50 55
388.5 154 185
388.5 154 186
390.0 161 166
390.0 161 167
391.5 161 162
391.5 161 163
393.0 49 53
393.0 49 54
394.5 61 100
394.5 61 101
396.0 143 146
396.0 143 147
397.5 48 57
397.5 49 50
399.0 138 143
399.0 138 144
400.5 94 95
400.5 95 96
402.0 96 101
402.0 96 102
403.5 117 148
403.5 118 119
405.0 34 37
405.0 34 38
406.5 160 167
406.5 160 168
408.0 174 191
408.0 174 192
409.5 61 67
409.5 61 74
411.0 144 148
411.0 145 146
412.5 151 186
412.5 151 187
414.0 42 48
414.0 42 49
415.5 47 56
415.5 47 57
417.0 104 115
417.0 104 116
418.5 105 117
418.5 106 107
420.0 157 188
420.0 157 189
421.5 113 115
421.5 113 116
423.0 62 80
423.0 62 81
424.5 196 199
424.5 197 198
426.0 63 80
426.0 63 95
427.5 188 191
427.5 188 192
429.0 15 18
429.0 15 19
430.5 197 199
430.5 198 199
432.0 100 101
432.0 100 102
433.5 155 189
433.5 155 190
435.0 66 75
435.0 66 76
436.5 59 64
436.5 59 65
438.0 106 112
438.0 106 113
439.5 65 79
439.5 65 80
441.0 64 101
441.0 64 102
442.5 104 117
442.5 104 132
444.0 61 102
444.0 61 103
445.5 121 131
445.5 121 132
447.0 172 184
447.0 172 185
448.5 134 145
448.5 134 146
450.0 81 102
450.0 81 103
451.5 17 22
451.5 17 23
453.0 110 114
453.0 110 115
454.5 152 188
454.5 152 189
456.0 30 35
456.0 30 36
457.5 60 76
457.5 60 77
459.0 14 15
459.0 14 17
460.5 125 126
460.5 125 127
462.0 173 187
462.0 173 188
463.5 2 3
463.5 3 4
465.0 47 48
465.0 47 49
466.5 29 36
466.5 29 37
468.0 35 36
468.0 35 37
469.5 69 77
469.5 69 78
471.0 133 145
471.0 133 146
472.5 172 188
472.5 172 189
474.0 44 47
474.0 44 48
475.5 41 42
475.5 41 53
477.0 63 65
477.0 63 75
478.5 43 48
478.5 43 49
480.0 122 131
480.0 123 124
481.5 151 155
481.5 151 156
483.0 150 194
483.0 151 152
484.5 135 146
484.5 135 147
486.0 122 129
486.0 122 130
487.5 65 77
487.5 65 78
489.0 83 94
489.0 83 95
490.5 148 190
490.5 148 191
492.0 29 34
492.0 29 35
493.5 138 145
493.5 138 146
495.0 59 95
495.0 59 96
496.5 79 98
496.5 79 99
498.0 133 141
498.0 133 142
499.5 118 125
499.5 118 126
501.0 87 103
501.0 88 89
502.5 176 193
502.5 177 178
504.0 52 55
504.0 52 56
505.5 34 39
505.5 34 40
507.0 119 124
507.0 119 125
508.5 152 171
508.5 152 183
510.0 149 190
510.0 149 191
511.5 138 139
511.5 138 140
513.0 51 56
513.0 51 57
514.5 143 148
514.5 144 145
516.0 47 54
516.0 47 55
517.5 132 148
517.5 133 134
519.0 44 51
519.0 44 52
520.5 58 81
520.5 58 82
522.0 133 137
522.0 133 138
523.5 154 168
523.5 154 169
525.0 171 185
525.0 171 186
526.5 19 23
526.5 19 24
528.0 132 140
528.0 132 141
529.5 48 51
529.5 48 52
531.0 108 111
531.0 108 112
532.5 59 76
532.5 59 77
534.0 175 189
534.0 175 190
535.5 42 43
535.5 42 45
537.0 173 183
537.0 173 184
538.5 105 111
538.5 105 112
540.0 32 38
540.0 32 39
541.5 121 123
541.5 121 124
543.0 137 141
543.0 137 142
544.5 51 52
544.5 51 53
546.0 188 193
546.0 189 190
547.5 82 97
547.5 82 98
549.0 61 77
549.0 61 78
550.5 97 99
550.5 97 100
552.0 60 98
552.0 60 99
553.5 42 56
553.5 42 57
555.0 46 56
555.0 46 57
556.5 59 62
556.5 59 63
558.0 150 182
558.0 150 183
559.5 58 99
559.5 58 100
561.0 150 188
561.0 150 189
562.5 141 143
562.5 141 144
564.0 58 95
564.0 58 96
565.5 51 54
565.5 51 55
567.0 60 80
567.0 60 81
568.5 63 100
568.5 63 101
570.0 153 191
570.0 153 192
571.5 58 67
571.5 58 68
573.0 29 30
573.0 29 31
574.5 151 188
574.5 151 189
576.0 142 147
576.0 142 148
577.5 75 76
577.5 76 77
579.0 90 91
579.0 90 92
580.5 58 132
580.5 58 148
582.0 85 96
582.0 85 97
583.5 18 26
583.5 19 20
585.0 34 35
585.0 34 36
586.5 98 100
586.5 98 101
588.0 72 73
588.0 72 74
589.5 149 186
589.5 149 187
591.0 147 148
591.0 148 149
592.5 60 78
592.5 60 79
594.0 59 97
594.0 59 98
595.5 154 191
595.5 154 192
597.0 26 27
597.0 27 28
598.5 86 99
598.5 86 100
600.0 151 172
600.0 151 183
601.5 30 33
601.5 30 34
603.0 151 157
603.0 151 158
604.5 164 165
604.5 165 166
606.0 30 39
606.0 30 40
607.5 122 127
607.5 122 128
609.0 66 98
609.0 66 99
610.5 149 168
610.5 149 169
612.0 45 57
612.0 46 47
613.5 155 185
613.5 155 186
615.0 64 78
615.0 64 79
616.5 166 167
616.5 167 168
618.0 58 79
618.0 58 80
619.5 151 170
619.5 151 171
621.0 65 100
621.0 65 101
622.5 20 23
622.5 20 24
624.0 17 18
624.0 17 19
625.5 152 186
625.5 152 187
627.0 149 170
627.0 149 171
628.5 179 180
628.5 179 181
630.0 175 187
630.0 175 188
631.5 119 126
631.5 119 127
633.0 83 100
633.0 83 101
634.5 156 191
634.5 156 192
636.0 43 46
636.0 43 47
637.5 153 193
637.5 154 155
639.0 14 24
639.0 14 25
640.5 87 99
640.5 87 100
642.0 33 34
642.0 33 35
643.5 15 26
643.5 15 27
645.0 175 191
645.0 175 192
646.5 183 184
646.5 184 185
648.0 120 124
648.0 120 125
649.5 72 75
649.5 73 74
651.0 29 38
651.0 29 39
652.5 62 103
652.5 63 64
654.0 170 193
654.0 171 172
655.5 73 75
655.5 74 75
657.0 60 94
657.0 60 95
658.5 135 144
658.5 135 145
660.0 112 114
660.0 112 115
661.5 132 146
661.5 132 147
663.0 149 184
663.0 149 185
664.5 84 100
664.5 84 101
666.0 43 44
666.0 43 45
667.5 59 74
667.5 59 75
669.0 104 113
669.0 104 114
670.5 27 57
670.5 28 29
672.0 48 49
672.0 48 50
673.5 89 94
673.5 89 95
675.0 101 102
675.0 102 103
676.5 176 180
676.5 176 181
678.0 139 142
678.0 139 143
679.5 60 104
679.5 61 62
681.0 65 98
681.0 65 99
682.5 21 26
682.5 22 23
684.0 109 113
684.0 109 114
685.5 84 96
685.5 84 97
687.0 105 115
687.0 105 116
688.5 86 97
688.5 86 98
690.0 81 96
690.0 81 97
691.5 61 98
691.5 61 99
693.0 140 148
693.0 141 142
694.5 152 169
694.5 152 170
696.0 132 144
696.0 132 145
697.5 154 193
697.5 155 156
699.0 119 122
699.0 119 123
700.5 80 98
700.5 80 99
702.0 177 181
702.0 177 182
703.5 150 166
703.5 150 167
705.0 150 156
705.0 150 157
706.5 157 165
706.5 157 166
708.0 59 101
708.0 59 102
709.5 78 101
709.5 78 102
711.0 66 77
711.0 66 78
712.5 66 102
712.5 66 103
714.0 58 103
714.0 58 104
715.5 112 116
715.5 113 114
717.0 97 101
717.0 97 102
718.5 154 187
718.5 154 188
720.0 126 131
720.0 127 128
721.5 135 148
721.5 136 137
723.0 157 186
723.0 157 187
724.5 42 50
724.5 42 51
726.0 149 153
726.0 149 154
727.5 20 25
727.5 20 26
729.0 53 57
729.0 54 55
730.5 24 25
730.5 25 26
732.0 154 170
732.0 154 184
733.5 153 167
733.5 153 168
735.0 107 110
735.0 107 111
736.5 176 191
736.5 176 192
738.0 61 94
738.0 61 95
739.5 87 95
739.5 87 96
741.0 137 145
741.0 137 146
742.5 63 102
742.5 63 103
744.0 87 91
744.0 87 92
745.5 117 131
745.5 117 132
747.0 31 33
747.0 31 34
748.5 62 63
748.5 62 64
750.0 142 143
750.0 142 144
751.5 155 191
751.5 155 192
753.0 173 174
753.0 173 182
754.5 67 99
754.5 67 100
756.0 177 183
756.0 177 184
757.5 174 181
757.5 174 182
759.0 15 24
759.0 15 25
760.5 119 128
760.5 119 129
762.0 188 189
762.0 188 190
763.5 133 147
763.5 133 148
765.0 105 107
765.0 105 108
766.5 82 99
766.5 82 100
768.0 64 99
768.0 64 100
769.5 137 147
769.5 137 148
771.0 156 165
771.0 156 166
772.5 172 182
772.5 172 183
774.0 175 193
774.0 176 177
775.5 84 98
775.5 84 99
777.0 151 190
777.0 151 191
778.5 6 12
778.5 7 8
780.0 150 192
780.0 150 193
781.5 149 159
781.5 149 163
783.0 150 190
783.0 150 191
784.5 125 130
784.5 125 131
786.0 177 179
786.0 177 180
787.5 135 140
787.5 135 141
789.0 58 101
789.0 58 102
790.5 107 108
790.5 107 109
792.0 69 73
792.0 69 74
793.5 155 187
793.5 155 188
795.0 189 191
795.0 189 192
796.5 86 101
796.5 86 102
798.0 158 159
798.0 158 164
799.5 68 102
799.5 68 103
801.0 82 95
801.0 82 96
802.5 19 25
802.5 19 26
804.0 184 193
804.0 185 186
805.5 84 102
805.5 84 103
807.0 28 32
807.0 28 33
808.5 87 101
808.5 87 102
810.0 50 56
810.0 50 57
811.5 184 191
811.5 184 192
813.0 46 48
813.0 46 49
814.5 137 139
814.5 137 140
816.0 129 130
816.0 130 131
817.5 120 132
817.5 121 122
819.0 142 145
819.0 142 146
820.5 31 39
820.5 31 40
822.0 23 24
822.0 23 25
823.5 48 53
823.5 48 54
825.0 107 112
825.0 107 113
826.5 126 127
826.5 126 128
828.0 53 55
828.0 53 56
829.5 28 38
829.5 28 39
831.0 152 190
831.0 152 191
832.5 66 79
832.5 66 97
834.0 109 115
834.0 109 116
835.5 15 20
835.5 15 21
837.0 61 75
837.0 61 76
838.5 153 154
838.5 153 155
840.0 83 98
840.0 83 99
841.5 153 169
841.5 153 170
843.0 135 138
843.0 135 139
844.5 174 183
844.5 174 184
846.0 155 165
846.0 155 166
847.5 67 103
847.5 68 69
849.0 139 148
849.0 140 141
850.5 153 185
850.5 153 186
852.0 89 90
852.0 89 91
853.5 32 36
853.5 32 37
855.0 60 62
855.0 60 63
856.5 70 75
856.5 70 76
858.0 159 166
858.0 159 167
859.5 62 95
859.5 62 96
861.0 134 141
861.0 134 142
862.5 149 166
862.5 149 167
864.0 151 168
864.0 151 169
865.5 105 113
865.5 105 114
867.0 79 102
867.0 79 103
868.5 61 96
868.5 61 97
870.0 120 122
870.0 120 123
871.5 62 101
871.5 62 102
873.0 190 191
873.0 190 192
874.5 149 164
874.5 149 165
876.0 185 193
876.0 186 187
877.5 173 191
877.5 173 192
879.0 159 168
879.0 159 169
880.5 158 165
880.5 158 166
882.0 151 153
882.0 151 154
883.5 115 116
883.5 116 117
885.0 140 144
885.0 140 145
886.5 59 84
886.5 59 94
888.0 187 192
888.0 187 193
889.5 140 146
889.5 140 147
891.0 13 41
891.0 13 57
892.5 85 98
892.5 85 99
894.0 171 183
894.0 171 184
895.5 59 68
895.5 59 73
897.0 68 73
897.0 68 74
898.5 49 57
898.5 50 51
900.0 172 186
900.0 172 187
901.5 156 185
901.5 156 186
903.0 43 54
903.0 43 55
904.5 87 97
904.5 87 98
906.0 136 148
906.0 137 138
907.5 69 70
907.5 69 72
909.0 80 81
909.0 80 95
910.5 148 192
910.5 148 193
912.0 14 20
912.0 14 21
913.5 170 187
913.5 170 188
915.0 124 128
915.0 124 129
916.5 170 185
916.5 170 186
918.0 7 11
918.0 7 12
919.5 149 194
919.5 150 151
921.0 59 78
921.0 59 79
922.5 62 97
922.5 62 98
924.0 63 98
924.0 63 99
925.5 159 160
925.5 159 163
927.0 107 116
927.0 107 117
928.5 61 63
928.5 61 64
930.0 59 99
930.0 59 100
931.5 111 114
931.5 111 115
933.0 7 9
933.0 7 10
934.5 175 185
934.5 175 186
936.0 65 75
936.0 65 76
937.5 134 135
937.5 134 136
939.0 60 66
939.0 60 67
940.5 18 22
940.5 18 23
942.0 186 188
942.0 186 189
943.5 193 194
943.5 194 195
945.0 171 187
945.0 171 188
946.5 63 96
946.5 63 97
948.0 185 191
948.0 185 192
949.5 150 168
949.5 150 169
951.0 187 188
951.0 187 189
952.5 171 189
952.5 171 190
954.0 168 169
954.0 168 193
955.5 138 141
955.5 138 142
957.0 140 142
957.0 140 143
958.5 111 116
958.5 112 113
960.0 31 35
960.0 31 36
961.5 28 36
961.5 28 37
963.0 28 34
963.0 28 35
964.5 64 76
964.5 64 77
966.0 105 109
966.0 105 110
967.5 177 185
967.5 177 191
969.0 173 189
969.0 173 190
970.5 68 75
970.5 68 76
972.0 58 63
972.0 58 64
973.5 133 135
973.5 133 136
975.0 121 127
975.0 121 128
976.5 151 166
976.5 151 167
978.0 54 56
978.0 55 56
979.5 64 65
979.5 64 75
981.0 131 132
981.0 132 133
982.5 59 66
982.5 59 67
984.0 22 24
984.0 22 25
985.5 28 30
985.5 28 31
987.0 162 163
987.0 162 164
988.5 27 34
988.5 27 35
990.0 71 73
990.0 71 74
991.5 45 47
991.5 45 48
993.0 153 189
993.0 153 190
994.5 45 49
994.5 45 50
996.0 150 152
996.0 150 153
997.5 170 171
997.5 170 184
999.0 71 75
999.0 71 76
1000.5 87 93
1000.5 87 94
1002.0 19 21
1002.0 19 22
1003.5 126 129
1003.5 126 130
1005.0 179 182
1005.0 179 183
1006.5 80 100
1006.5 80 101
1008.0 174 189
1008.0 174 190
1009.5 60 64
1009.5 60 65
1011.0 155 167
1011.0 155 168
1012.5 152 155
1012.5 152 156
1014.0 31 41
1014.0 32 33
1015.5 103 104
1015.5 104 105
1017.0 4 5
1017.0 5 6
1018.5 82 103
1018.5 83 84
1020.0 17 20
1020.0 17 21
1021.5 133 143
1021.5 133 144
1023.0 62 76
1023.0 62 77
1024.5 175 181
1024.5 175 182
1026.0 153 165
1026.0 153 166
1027.5 42 54
1027.5 42 55
1029.0 153 156
1029.0 153 157
1030.5 122 125
1030.5 122 126
1032.0 195 196
1032.0 195 197
1033.5 58 59
1033.5 58 62
1035.0 156 187
1035.0 156 188
1036.5 150 158
1036.5 150 159
1038.0 117 118
1038.0 117 130
1039.5 86 93
1039.5 86 94
1041.0 84 85
1041.0 84 93
1042.5 60 74
1042.5 60 75
1044.0 135 142
1044.0 135 143
1045.5 137 143
1045.5 137 144
1047.0 156 189
1047.0 156 190
1048.5 120 130
1048.5 120 131
1050.0 85 100
1050.0 85 101
1051.5 27 36
1051.5 27 37
1053.0 36 38
1053.0 36 39
1054.5 81 98
1054.5 81 99
1056.0 162 165
1056.0 162 166
1057.5 160 163
1057.5 160 164
1059.0 187 190
1059.0 187 191
1060.5 61 81
1060.5 61 82
1062.0 158 167
1062.0 158 168
1063.5 176 189
1063.5 176 190
1065.0 48 55
1065.0 48 56
1066.5 138 147
1066.5 138 148
1068.0 59 117
1068.0 59 132
1069.5 152 157
1069.5 152 158
1071.0 61 79
1071.0 61 80
1072.5 96 103
1072.5 97 98
1074.0 157 167
1074.0 157 168
1075.5 149 157
1075.5 149 158
1077.0 9 10
1077.0 9 11
1078.5 21 24
1078.5 21 25
1080.0 13 24
1080.0 13 25
1081.5 127 129
1081.5 127 130
1083.0 88 90
1083.0 88 91
1084.5 44 45
1084.5 44 46
1086.0 152 192
1086.0 152 193
1087.5 139 140
1087.5 139 141
1089.0 86 87
1089.0 86 92
1090.5 66 67
1090.5 66 74
1092.0 35 40
1092.0 36 37
1093.5 5 12
1093.5 6 7
1095.0 172 190
1095.0 172 191
1096.5 99 101
1096.5 99 102
1098.0 5 10
1098.0 5 11
1099.5 169 192
1099.5 169 193
1101.0 30 37
1101.0 30 38
1102.5 110 112
1102.5 110 113
1104.0 178 179
1104.0 178 180
1105.5 149 182
1105.5 149 183
1107.0 88 94
1107.0 88 95
1108.5 70 71
1108.5 70 72
1110.0 67 101
1110.0 67 102
1111.5 181 182
1111.5 182 183
1113.0 173 185
1113.0 173 186
1114.5 174 185
1114.5 174 186
1116.0 28 40
1116.0 28 41
1117.5 65 102
1117.5 65 103
1119.0 152 153
1119.0 152 154
