0 170 191
0 170 192
1.5 5 12
1.5 6 7
3.0 80 102
3.0 80 103
4.5 118 127
4.5 118 128
6.0 185 189
6.0 185 190
7.5 82 95
7.5 82 96
9.0 139 148
9.0 140 141
10.5 117 148
10.5 118 119
12.0 154 185
12.0 154 186
13.5 154 170
13.5 154 184
15.0 195 198
15.0 195 199
16.5 139 140
16.5 139 141
18.0 104 117
18.0 104 132
19.5 142 147
19.5 142 148
21.0 63 98
21.0 63 99
22.5 122 129
22.5 122 130
24.0 119 124
24.0 119 125
25.5 84 102
25.5 84 103
27.0 191 192
27.0 192 193
28.5 48 49
28.5 48 50
30.0 30 35
30.0 30 36
31.5 42 52
31.5 42 53
33.0 175 187
33.0 175 188
34.5 149 159
34.5 149 163
36.0 61 75
36.0 61 76
37.5 119 126
37.5 119 127
39.0 155 167
39.0 155 168
40.5 172 184
40.5 172 185
42.0 109 115
42.0 109 116
43.5 136 142
43.5 136 143
45.0 161 166
45.0 161 167
46.5 59 99
46.5 59 100
48.0 125 130
48.0 125 131
49.5 98 102
49.5 99 100
51.0 60 76
51.0 60 77
52.5 43 48
52.5 43 49
54.0 28 32
54.0 28 33
55.5 58 65
55.5 58 66
57.0 174 183
57.0 174 184
58.5 153 171
58.5 153 184
60.0 186 190
60.0 186 191
61.5 6 12
61.5 7 8
63.0 176 180
63.0 176 181
64.5 61 94
64.5 61 95
66.0 88 92
66.0 88 93
67.5 62 65
67.5 62 66
69.0 97 101
69.0 97 102
70.5 185 191
70.5 185 192
72.0 20 25
72.0 20 26
73.5 170 185
73.5 170 186
75.0 170 171
75.0 170 184
76.5 31 37
76.5 31 38
78.0 111 112
78.0 111 113
79.5 155 185
79.5 155 186
81.0 140 148
81.0 141 142
82.5 62 63
82.5 62 64
84.0 108 117
84.0 109 110
85.5 71 75
85.5 71 76
87.0 132 142
87.0 132 143
88.5 49 57
88.5 50 51
90.0 135 148
90.0 136 137
91.5 85 96
91.5 85 97
93.0 173 174
93.0 173 182
94.5 32 34
94.5 32 35
96.0 153 169
96.0 153 170
97.5 45 55
97.5 45 56
99.0 59 62
99.0 59 63
100.5 145 147
100.5 146 147
102.0 97 103
102.0 98 99
103.5 70 77
103.5 71 72
105.0 80 96
105.0 80 97
106.5 88 96
106.5 88 101
108.0 187 192
108.0 187 193
109.5 51 54
109.5 51 55
111.0 28 40
111.0 28 41
112.5 172 190
112.5 172 191
114.0 15 16
114.0 15 17
115.5 177 192
115.5 177 193
117.0 59 76
117.0 59 77
118.5 153 191
118.5 153 192
120.0 15 24
120.0 15 25
121.5 153 165
121.5 153 166
123.0 139 142
123.0 139 143
124.5 177 183
124.5 177 184
126.0 132 140
126.0 132 141
127.5 141 145
127.5 141 146
129.0 58 103
129.0 58 104
130.5 127 131
130.5 128 129
132.0 14 24
132.0 14 25
133.5 62 97
133.5 62 98
135.0 173 183
135.0 173 184
136.5 71 73
136.5 71 74
138.0 66 98
138.0 66 99
139.5 49 53
139.5 49 54
141.0 159 192
141.0 159 193
142.5 184 193
142.5 185 186
144.0 68 73
144.0 68 74
145.5 14 26
145.5 14 27
147.0 136 140
147.0 136 141
148.5 150 164
148.5 150 165
150.0 87 99
150.0 87 100
151.5 43 52
151.5 43 53
153.0 170 187
153.0 170 188
154.5 137 139
154.5 137 140
156.0 171 189
156.0 171 190
157.5 106 108
157.5 106 109
159.0 43 56
159.0 43 57
160.5 105 117
160.5 106 107
162.0 78 103
162.0 79 80
163.5 154 193
163.5 155 156
165.0 149 186
165.0 149 187
166.5 30 31
166.5 30 32
168.0 69 75
168.0 69 76
169.5 121 131
169.5 121 132
171.0 85 102
171.0 85 103
172.5 86 103
172.5 87 88
174.0 83 94
174.0 83 95
175.5 60 104
175.5 61 62
177.0 62 80
177.0 62 81
178.5 2 3
178.5 3 4
180.0 157 167
180.0 157 168
181.5 60 78
181.5 60 79
183.0 59 78
183.0 59 79
184.5 105 113
184.5 105 114
186.0 150 156
186.0 150 157
187.5 155 189
187.5 155 190
189.0 80 98
189.0 80 99
190.5 18 24
190.5 18 25
192.0 46 48
192.0 46 49
193.5 91 92
193.5 91 93
195.0 42 54
195.0 42 55
196.5 65 100
196.5 65 101
198.0 186 188
198.0 186 189
199.5 149 192
199.5 149 193
201.0 148 190
201.0 148 191
202.5 106 114
202.5 106 115
204.0 41 56
204.0 41 57
205.5 151 166
205.5 151 167
207.0 137 143
207.0 137 144
208.5 5 10
208.5 5 11
210.0 39 40
210.0 40 41
211.5 62 101
211.5 62 102
213.0 67 76
213.0 67 77
214.5 184 191
214.5 184 192
216.0 171 191
216.0 171 192
217.5 86 99
217.5 86 100
219.0 68 102
219.0 68 103
220.5 58 77
220.5 58 78
222.0 112 116
222.0 113 114
223.5 30 37
223.5 30 38
225.0 6 8
225.0 6 9
226.5 173 187
226.5 173 188
228.0 26 27
228.0 27 28
229.5 181 182
229.5 182 183
231.0 149 170
231.0 149 171
232.5 133 145
232.5 133 146
234.0 17 24
234.0 17 25
235.5 176 182
235.5 176 183
237.0 137 145
237.0 137 146
238.5 62 78
238.5 62 79
240.0 110 112
240.0 110 113
241.5 64 103
241.5 65 66
243.0 17 22
243.0 17 23
244.5 157 186
244.5 157 187
246.0 87 93
246.0 87 94
247.5 29 36
247.5 29 37
249.0 85 100
249.0 85 101
250.5 108 111
250.5 108 112
252.0 180 181
252.0 180 182
253.5 45 57
253.5 46 47
255.0 65 79
255.0 65 80
256.5 140 146
256.5 140 147
258.0 62 99
258.0 62 100
259.5 122 125
259.5 122 126
261.0 87 97
261.0 87 98
262.5 134 141
262.5 134 142
264.0 65 102
264.0 65 103
265.5 132 148
265.5 133 134
267.0 121 127
267.0 121 128
268.5 160 167
268.5 160 168
270.0 151 172
270.0 151 183
271.5 15 20
271.5 15 21
273.0 58 95
273.0 58 96
274.5 135 146
274.5 135 147
276.0 60 62
276.0 60 63
277.5 0 3
277.5 1 2
279.0 61 100
279.0 61 101
280.5 134 145
280.5 134 146
282.0 63 80
282.0 63 95
283.5 42 46
283.5 42 47
285.0 86 93
285.0 86 94
286.5 19 23
286.5 19 24
288.0 41 54
288.0 41 55
289.5 134 143
289.5 134 144
291.0 58 101
291.0 58 102
292.5 37 39
292.5 37 40
294.0 160 165
294.0 160 166
295.5 42 43
295.5 42 45
297.0 82 83
297.0 82 94
298.5 174 181
298.5 174 182
300.0 90 93
300.0 90 94
301.5 87 103
301.5 88 89
303.0 111 116
303.0 112 113
304.5 159 166
304.5 159 167
306.0 42 48
306.0 42 49
307.5 157 165
307.5 157 166
309.0 18 20
309.0 18 21
310.5 78 101
310.5 78 102
312.0 123 127
312.0 123 128
313.5 172 186
313.5 172 187
315.0 162 167
315.0 163 164
316.5 43 46
316.5 43 47
318.0 66 79
318.0 66 97
319.5 152 157
319.5 152 158
321.0 67 68
321.0 67 73
322.5 46 54
322.5 46 55
324.0 61 65
324.0 61 66
325.5 195 196
325.5 195 197
327.0 67 99
327.0 67 100
328.5 157 190
328.5 157 191
330.0 60 82
330.0 60 83
331.5 109 113
331.5 109 114
333.0 49 51
333.0 49 52
334.5 118 125
334.5 118 126
336.0 62 103
336.0 63 64
337.5 70 75
337.5 70 76
339.0 32 40
339.0 32 41
340.5 47 56
340.5 47 57
342.0 158 165
342.0 158 166
343.5 149 182
343.5 149 183
345.0 29 38
345.0 29 39
346.5 133 147
346.5 133 148
348.0 7 9
348.0 7 10
349.5 141 147
349.5 141 148
351.0 197 199
351.0 198 199
352.5 59 80
352.5 59 81
354.0 97 99
354.0 97 100
355.5 158 169
355.5 158 189
357.0 14 15
357.0 14 17
358.5 19 21
358.5 19 22
360.0 94 95
360.0 95 96
361.5 144 146
361.5 144 147
363.0 8 11
363.0 8 12
364.5 81 98
364.5 81 99
366.0 67 101
366.0 67 102
367.5 135 140
367.5 135 141
369.0 158 190
369.0 158 191
370.5 35 36
370.5 35 37
372.0 133 141
372.0 133 142
373.5 125 128
373.5 125 129
375.0 173 189
375.0 173 190
376.5 29 32
376.5 29 33
378.0 174 191
378.0 174 192
379.5 60 66
379.5 60 67
381.0 150 166
381.0 150 167
382.5 48 55
382.5 48 56
384.0 150 158
384.0 150 159
385.5 150 154
385.5 150 155
387.0 79 98
387.0 79 99
388.5 24 25
388.5 25 26
390.0 108 109
390.0 108 110
391.5 133 137
391.5 133 138
393.0 160 163
393.0 160 164
394.5 70 73
394.5 70 74
396.0 151 184
396.0 151 185
397.5 89 92
397.5 89 93
399.0 43 44
399.0 43 45
400.5 84 100
400.5 84 101
402.0 143 148
402.0 144 145
403.5 34 35
403.5 34 36
405.0 150 182
405.0 150 183
406.5 47 54
406.5 47 55
408.0 140 144
408.0 140 145
409.5 14 18
409.5 14 19
411.0 150 188
411.0 150 189
412.5 44 49
412.5 44 50
414.0 60 100
414.0 60 101
415.5 172 188
415.5 172 189
417.0 84 85
417.0 84 93
418.5 132 144
418.5 132 145
420.0 66 67
420.0 66 74
421.5 150 186
421.5 150 187
423.0 171 183
423.0 171 184
424.5 152 167
424.5 152 168
426.0 137 141
426.0 137 142
427.5 67 74
427.5 67 75
429.0 79 100
429.0 79 101
430.5 57 103
430.5 57 104
432.0 190 191
432.0 190 192
433.5 60 102
433.5 60 103
435.0 53 57
435.0 54 55
436.5 66 100
436.5 66 101
438.0 58 75
438.0 58 76
439.5 30 33
439.5 30 34
441.0 35 38
441.0 35 39
442.5 149 188
442.5 149 189
444.0 152 192
444.0 152 193
445.5 149 184
445.5 149 185
447.0 143 144
447.0 143 145
448.5 174 187
448.5 174 188
450.0 156 185
450.0 156 186
451.5 149 194
451.5 150 151
453.0 44 47
453.0 44 48
454.5 31 39
454.5 31 40
456.0 46 50
456.0 46 51
457.5 59 117
457.5 59 132
459.0 152 165
459.0 152 166
460.5 42 56
460.5 42 57
462.0 176 191
462.0 176 192
463.5 179 182
463.5 179 183
465.0 171 185
465.0 171 186
466.5 151 157
466.5 151 158
468.0 149 153
468.0 149 154
469.5 176 193
469.5 177 178
471.0 44 45
471.0 44 46
472.5 62 76
472.5 62 77
474.0 63 78
474.0 63 79
475.5 61 102
475.5 61 103
477.0 152 186
477.0 152 187
478.5 154 156
478.5 154 165
480.0 118 129
480.0 118 130
481.5 169 170
481.5 169 187
483.0 27 38
483.0 27 39
484.5 119 120
484.5 119 121
486.0 119 128
486.0 119 129
487.5 115 116
487.5 116 117
489.0 150 190
489.0 150 191
490.5 61 81
490.5 61 82
492.0 133 143
492.0 133 144
493.5 134 139
493.5 134 140
495.0 189 191
495.0 189 192
496.5 104 148
496.5 105 106
498.0 13 41
498.0 13 57
499.5 41 42
499.5 41 53
501.0 188 191
501.0 188 192
502.5 153 187
502.5 153 188
504.0 65 77
504.0 65 78
505.5 135 136
505.5 135 137
507.0 152 153
507.0 152 154
508.5 28 30
508.5 28 31
510.0 123 125
510.0 123 126
511.5 10 11
511.5 11 12
513.0 151 188
513.0 151 189
514.5 81 96
514.5 81 97
516.0 61 79
516.0 61 80
517.5 32 38
517.5 32 39
519.0 154 189
519.0 154 190
520.5 142 143
520.5 142 144
522.0 86 97
522.0 86 98
523.5 135 138
523.5 135 139
525.0 109 111
525.0 109 112
526.5 176 186
526.5 176 188
528.0 50 54
528.0 50 55
529.5 18 26
529.5 19 20
531.0 28 38
531.0 28 39
532.5 66 102
532.5 66 103
534.0 59 103
534.0 59 104
535.5 109 117
535.5 110 111
537.0 143 146
537.0 143 147
538.5 155 187
538.5 155 188
540.0 121 123
540.0 121 124
541.5 187 188
541.5 187 189
543.0 96 101
543.0 96 102
544.5 16 19
544.5 16 20
546.0 177 179
546.0 177 180
547.5 60 74
547.5 60 75
549.0 141 143
549.0 141 144
550.5 47 48
550.5 47 49
552.0 59 74
552.0 59 75
553.5 150 152
553.5 150 153
555.0 123 131
555.0 124 125
556.5 87 95
556.5 87 96
558.0 0 1
558.0 0 2
559.5 13 24
559.5 13 25
561.0 136 146
561.0 136 147
562.5 179 180
562.5 179 181
564.0 66 77
564.0 66 78
565.5 126 129
565.5 126 130
567.0 154 191
567.0 154 192
568.5 186 192
568.5 186 193
570.0 21 26
570.0 22 23
571.5 61 67
571.5 61 74
573.0 142 145
573.0 142 146
574.5 63 102
574.5 63 103
576.0 31 33
576.0 31 34
577.5 148 192
577.5 148 193
579.0 82 97
579.0 82 98
580.5 117 131
580.5 117 132
582.0 59 60
582.0 59 61
583.5 149 157
583.5 149 158
585.0 52 53
585.0 52 54
586.5 136 144
586.5 136 145
588.0 59 82
588.0 59 83
589.5 183 184
589.5 184 185
591.0 79 102
591.0 79 103
592.5 13 22
592.5 13 23
594.0 161 164
594.0 161 165
595.5 58 99
595.5 58 100
597.0 153 154
597.0 153 155
598.5 154 166
598.5 154 167
600.0 106 112
600.0 106 113
601.5 153 185
601.5 153 186
603.0 85 86
603.0 85 93
604.5 169 192
604.5 169 193
606.0 151 164
606.0 151 165
607.5 144 148
607.5 145 146
609.0 84 98
609.0 84 99
610.5 128 130
610.5 128 131
612.0 36 40
612.0 37 38
613.5 54 56
613.5 55 56
615.0 80 100
615.0 80 101
616.5 88 102
616.5 88 103
618.0 86 87
618.0 86 92
619.5 121 129
619.5 121 130
621.0 118 123
621.0 118 124
622.5 32 36
622.5 32 37
624.0 113 115
624.0 113 116
625.5 57 117
625.5 57 131
627.0 155 193
627.0 156 157
628.5 177 181
628.5 177 182
630.0 64 65
630.0 64 75
631.5 81 100
631.5 81 101
633.0 120 122
633.0 120 123
634.5 20 21
634.5 20 22
636.0 89 90
636.0 89 91
637.5 16 23
637.5 16 24
639.0 138 143
639.0 138 144
640.5 22 24
640.5 22 25
642.0 34 39
642.0 34 40
643.5 158 167
643.5 158 168
645.0 132 146
645.0 132 147
646.5 58 59
646.5 58 62
648.0 45 49
648.0 45 50
649.5 151 170
649.5 151 171
651.0 126 127
651.0 126 128
652.5 33 38
652.5 33 39
654.0 149 190
654.0 149 191
655.5 160 161
655.5 160 162
657.0 88 94
657.0 88 95
658.5 45 51
658.5 45 52
660.0 105 111
660.0 105 112
661.5 30 41
661.5 31 32
663.0 96 97
663.0 96 100
664.5 155 165
664.5 155 166
666.0 63 100
666.0 63 101
667.5 46 56
667.5 46 57
669.0 86 101
669.0 86 102
670.5 31 35
670.5 31 36
672.0 152 171
672.0 152 183
673.5 31 41
673.5 32 33
675.0 58 63
675.0 58 64
676.5 193 194
676.5 194 195
678.0 106 116
678.0 106 117
679.5 44 53
679.5 44 54
681.0 30 39
681.0 30 40
682.5 60 64
682.5 60 65
684.0 58 73
684.0 58 74
685.5 177 185
685.5 177 191
687.0 139 146
687.0 139 147
688.5 172 192
688.5 172 193
690.0 175 189
690.0 175 190
691.5 100 101
691.5 100 102
693.0 19 25
693.0 19 26
694.5 27 36
694.5 27 37
696.0 175 183
696.0 175 184
697.5 61 96
697.5 61 97
699.0 68 75
699.0 68 76
700.5 120 130
700.5 120 131
702.0 64 99
702.0 64 100
703.5 188 189
703.5 188 190
705.0 99 101
705.0 99 102
706.5 176 184
706.5 176 185
708.0 155 191
708.0 155 192
709.5 125 126
709.5 125 127
711.0 119 122
711.0 119 123
712.5 150 168
712.5 150 169
714.0 51 56
714.0 51 57
715.5 154 168
715.5 154 169
717.0 87 91
717.0 87 92
718.5 111 114
718.5 111 115
720.0 51 52
720.0 51 53
721.5 178 183
721.5 178 184
723.0 83 96
723.0 83 97
724.5 9 10
724.5 9 11
726.0 72 75
726.0 73 74
727.5 121 125
727.5 121 126
729.0 86 95
729.0 86 96
730.5 21 24
730.5 21 25
732.0 57 101
732.0 57 102
733.5 138 141
733.5 138 142
735.0 105 109
735.0 105 110
736.5 175 193
736.5 176 177
738.0 152 169
738.0 152 170
739.5 27 34
739.5 27 35
741.0 48 57
741.0 49 50
742.5 129 130
742.5 130 131
744.0 133 135
744.0 133 136
745.5 68 77
745.5 68 78
747.0 14 22
747.0 14 23
748.5 36 38
748.5 36 39
750.0 43 54
750.0 43 55
751.5 59 95
751.5 59 96
753.0 28 36
753.0 28 37
754.5 156 189
754.5 156 190
756.0 162 163
756.0 162 164
757.5 62 74
757.5 62 75
759.0 135 142
759.0 135 143
760.5 59 101
760.5 59 102
762.0 122 123
762.0 122 124
763.5 57 132
763.5 57 148
765.0 188 193
765.0 189 190
766.5 108 113
766.5 108 114
768.0 66 75
768.0 66 76
769.5 110 114
769.5 110 115
771.0 156 167
771.0 156 168
772.5 59 66
772.5 59 67
774.0 23 24
774.0 23 25
775.5 84 96
775.5 84 97
777.0 27 57
777.0 28 29
778.5 104 113
778.5 104 114
780.0 124 128
780.0 124 129
781.5 73 75
781.5 74 75
783.0 156 165
783.0 156 166
784.5 122 127
784.5 122 128
786.0 134 137
786.0 134 138
787.5 105 115
787.5 105 116
789.0 72 73
789.0 72 74
790.5 149 164
790.5 149 165
792.0 174 185
792.0 174 186
793.5 58 132
793.5 58 148
795.0 77 78
795.0 78 79
796.5 85 98
796.5 85 99
798.0 151 168
798.0 151 169
799.5 14 20
799.5 14 21
801.0 88 90
801.0 88 91
802.5 59 97
802.5 59 98
804.0 138 147
804.0 138 148
805.5 103 104
805.5 104 105
807.0 151 190
807.0 151 191
808.5 27 40
808.5 27 41
810.0 38 39
810.0 38 40
811.5 89 94
811.5 89 95
813.0 16 21
813.0 16 22
814.5 152 188
814.5 152 189
816.0 152 184
816.0 152 185
817.5 107 108
817.5 107 109
819.0 79 96
819.0 79 97
820.5 120 124
820.5 120 125
822.0 158 192
822.0 158 193
823.5 82 101
823.5 82 102
825.0 123 129
825.0 123 130
826.5 47 52
826.5 47 53
828.0 56 57
828.0 57 58
829.5 149 172
829.5 149 173
831.0 119 130
831.0 119 131
832.5 163 165
832.5 163 166
834.0 85 94
834.0 85 95
835.5 42 50
835.5 42 51
837.0 29 34
837.0 29 35
838.5 150 184
838.5 150 185
840.0 171 187
840.0 171 188
841.5 120 132
841.5 121 122
843.0 155 169
843.0 155 170
844.5 21 22
844.5 21 23
846.0 137 147
846.0 137 148
847.5 157 188
847.5 157 189
849.0 149 168
849.0 149 169
850.5 50 56
850.5 50 57
852.0 168 169
852.0 168 193
853.5 12 13
853.5 13 14
855.0 46 52
855.0 46 53
856.5 174 189
856.5 174 190
858.0 148 194
858.0 149 150
859.5 65 98
859.5 65 99
861.0 62 95
861.0 62 96
862.5 58 67
862.5 58 68
864.0 150 172
864.0 150 173
865.5 53 55
865.5 53 56
867.0 60 94
867.0 60 95
868.5 166 167
868.5 167 168
870.0 33 40
870.0 33 41
871.5 153 193
871.5 154 155
873.0 150 192
873.0 150 193
874.5 149 155
874.5 149 156
876.0 119 132
876.0 120 121
877.5 58 93
877.5 58 94
879.0 178 179
879.0 178 180
880.5 16 17
880.5 16 18
882.0 122 131
882.0 123 124
883.5 65 75
883.5 65 76
885.0 17 26
885.0 18 19
886.5 52 55
886.5 52 56
888.0 60 80
888.0 60 81
889.5 138 145
889.5 138 146
891.0 139 144
891.0 139 145
892.5 151 155
892.5 151 156
894.0 169 188
894.0 169 189
895.5 156 187
895.5 156 188
897.0 151 153
897.0 151 154
898.5 6 10
898.5 6 11
900.0 18 22
900.0 18 23
901.5 65 96
901.5 65 97
903.0 43 50
903.0 43 51
904.5 112 114
904.5 112 115
906.0 67 78
906.0 67 79
907.5 69 73
907.5 69 74
909.0 7 11
909.0 7 12
910.5 196 197
910.5 196 198
912.0 61 77
912.0 61 78
913.5 58 117
913.5 58 131
915.0 159 164
915.0 159 165
916.5 157 169
916.5 157 170
918.0 170 189
918.0 170 190
919.5 149 166
919.5 149 167
921.0 170 193
921.0 171 172
922.5 159 160
922.5 159 163
924.0 135 144
924.0 135 145
925.5 15 26
925.5 15 27
927.0 174 193
927.0 175 176
928.5 44 51
928.5 44 52
930.0 44 57
930.0 45 46
931.5 69 70
931.5 69 72
933.0 34 37
933.0 34 38
934.5 63 96
934.5 63 97
936.0 58 97
936.0 58 98
937.5 176 189
937.5 176 190
939.0 107 110
939.0 107 111
940.5 84 94
940.5 84 95
942.0 58 81
942.0 58 82
943.5 52 57
943.5 53 54
945.0 151 186
945.0 151 187
946.5 156 193
946.5 157 158
948.0 150 170
948.0 150 171
949.5 108 115
949.5 108 116
951.0 124 126
951.0 124 127
952.5 187 190
952.5 187 191
954.0 20 23
954.0 20 24
955.5 47 50
955.5 47 51
957.0 70 71
957.0 70 72
958.5 175 191
958.5 175 192
960.0 83 100
960.0 83 101
961.5 16 25
961.5 16 26
963.0 138 139
963.0 138 140
964.5 140 142
964.5 140 143
966.0 48 53
966.0 48 54
967.5 107 112
967.5 107 113
969.0 29 40
969.0 29 41
970.5 15 18
970.5 15 19
972.0 83 98
972.0 83 99
973.5 133 139
973.5 133 140
975.0 60 96
975.0 60 97
976.5 173 193
976.5 174 175
978.0 17 18
978.0 17 19
979.5 17 20
979.5 17 21
981.0 151 192
981.0 151 193
982.5 120 128
982.5 120 129
984.0 152 155
984.0 152 156
985.5 83 102
985.5 83 103
987.0 35 40
987.0 36 37
988.5 117 118
988.5 117 130
990.0 114 115
990.0 114 116
991.5 59 84
991.5 59 94
993.0 196 199
993.0 197 198
994.5 98 100
994.5 98 101
996.0 134 135
996.0 134 136
997.5 61 98
997.5 61 99
999.0 154 187
999.0 154 188
1000.5 153 189
1000.5 153 190
1002.0 175 181
1002.0 175 182
1003.5 126 131
1003.5 127 128
1005.0 105 107
1005.0 105 108
1006.5 44 55
1006.5 44 56
1008.0 153 167
1008.0 153 168
1009.5 8 9
1009.5 8 10
1011.0 158 159
1011.0 158 164
1012.5 64 101
1012.5 64 102
1014.0 101 102
1014.0 102 103
1015.5 64 78
1015.5 64 79
1017.0 63 65
1017.0 63 75
1018.5 15 22
1018.5 15 23
1020.0 58 83
1020.0 58 84
1021.5 59 68
1021.5 59 73
1023.0 4 5
1023.0 5 6
1024.5 64 97
1024.5 64 98
1026.0 156 169
1026.0 156 170
1027.5 87 101
1027.5 87 102
1029.0 59 64
1029.0 59 65
1030.5 136 148
1030.5 137 138
1032.0 50 52
1032.0 50 53
1033.5 173 191
1033.5 173 192
1035.0 81 102
1035.0 81 103
1036.5 96 103
1036.5 97 98
1038.0 127 129
1038.0 127 130
1039.5 45 47
1039.5 45 48
1041.0 106 110
1041.0 106 111
1042.5 157 192
1042.5 157 193
1044.0 45 53
1044.0 45 54
1045.5 104 111
1045.5 104 112
1047.0 172 182
1047.0 172 183
1048.5 63 76
1048.5 63 77
1050.0 33 34
1050.0 33 35
1051.5 49 55
1051.5 49 56
1053.0 161 162
1053.0 161 163
1054.5 164 165
1054.5 165 166
1056.0 29 30
1056.0 29 31
1057.5 80 81
1057.5 80 95
1059.0 59 148
1059.0 60 61
1060.5 104 115
1060.5 104 116
1062.0 33 36
1062.0 33 37
1063.5 60 98
1063.5 60 99
1065.0 162 165
1065.0 162 166
1066.5 169 190
1066.5 169 191
1068.0 118 131
1068.0 118 132
1069.5 152 190
1069.5 152 191
1071.0 90 91
1071.0 90 92
1072.5 81 82
1072.5 81 95
1074.0 147 148
1074.0 148 149
1075.5 82 103
1075.5 83 84
1077.0 134 147
1077.0 134 148
1078.5 110 116
1078.5 110 117
1080.0 107 114
1080.0 107 115
1081.5 13 26
1081.5 13 27
1083.0 67 103
1083.0 68 69
1084.5 178 181
1084.5 178 182
1086.0 64 80
1086.0 64 96
1087.5 75 76
1087.5 76 77
1089.0 64 76
1089.0 64 77
1090.5 28 34
1090.5 28 35
1092.0 92 93
1092.0 93 94
1093.5 61 63
1093.5 61 64
1095.0 156 191
1095.0 156 192
1096.5 171 193
1096.5 172 173
1098.0 120 126
1098.0 120 127
1099.5 150 194
1099.5 151 152
1101.0 124 130
1101.0 124 131
1102.5 69 77
1102.5 69 78
1104.0 185 193
1104.0 186 187
1105.5 136 138
1105.5 136 139
1107.0 175 185
1107.0 175 186
1108.5 159 168
1108.5 159 169
1110.0 153 156
1110.0 153 157
1111.5 82 99
1111.5 82 100
1113.0 173 185
1113.0 173 186
1114.5 131 132
1114.5 132 133
1116.0 58 79
1116.0 58 80
1117.5 107 116
1117.5 107 117
1119.0 48 51
1119.0 48 52
