0 117 124
0 118 119
0 118 120
0 118 121
0 118 122
0 118 123
0 118 124
0 119 120
0 119 121
0 119 122
0 119 123
0 120 121
0 120 122
0 120 123
0 121 122
0 122 123
0 123 124
0 124 125
0 125 126
0 126 127
0 127 128
0 128 129
0 128 149
0 128 150
0 128 151
0 128 152
0 128 153
0 128 178
0 129 130
0 129 146
0 129 147
301 0 1
301 1 2
301 2 3
301 2 27
301 2 28
301 2 52
301 2 53
301 2 77
301 2 78
301 2 102
301 2 103
301 2 127
301 2 128
301 2 152
301 2 153
301 2 177
301 2 178
301 3 4
301 3 21
301 3 22
301 3 23
301 3 24
301 3 25
301 3 26
301 3 27
301 3 28
301 3 53
301 3 78
301 3 102
301 3 103
301 3 127
602 11 19
602 11 20
602 11 21
602 11 22
602 11 23
602 11 24
602 11 25
602 11 26
602 12 13
602 12 14
602 12 15
602 12 16
602 12 17
602 12 18
602 12 19
602 12 20
602 12 21
602 12 22
602 12 23
602 12 24
602 12 25
602 12 26
602 13 14
602 13 15
602 13 16
602 13 17
602 13 18
602 13 19
602 13 20
602 13 21
602 13 22
903 131 153
903 132 133
903 132 138
903 132 139
903 132 140
903 132 141
903 132 142
903 132 143
903 132 144
903 132 145
903 132 146
903 132 147
903 132 148
903 132 149
903 132 150
903 132 151
903 132 152
903 132 153
903 133 134
903 133 136
903 133 137
903 133 138
903 133 139
903 133 140
903 133 141
903 133 142
903 133 143
903 133 144
903 133 145
903 133 146
903 133 147
1204 67 69
1204 67 70
1204 67 71
1204 67 72
1204 67 73
1204 67 74
1204 68 69
1204 68 70
1204 68 71
1204 68 72
1204 68 73
1204 69 70
1204 69 71
1204 69 72
1204 69 73
1204 70 71
1204 70 72
1204 71 72
1204 72 73
1204 73 74
1204 74 75
1204 75 76
1204 76 77
1204 77 78
1204 78 79
1204 78 98
1204 78 99
1204 78 100
1204 78 101
1204 78 102
1204 78 103
1505 184 186
1505 184 187
1505 184 188
1505 184 189
1505 184 190
1505 184 191
1505 184 192
1505 184 193
1505 184 194
1505 184 195
1505 184 196
1505 184 197
1505 184 198
1505 184 199
1505 185 186
1505 185 187
1505 185 188
1505 185 189
1505 185 190
1505 185 191
1505 185 192
1505 185 193
1505 185 194
1505 185 195
1505 185 196
1505 185 197
1505 185 198
1505 185 199
1505 186 187
1505 186 188
1505 186 189
1806 104 121
1806 104 122
1806 104 123
1806 104 124
1806 104 125
1806 104 126
1806 104 127
1806 104 128
1806 105 106
1806 105 117
1806 105 118
1806 105 119
1806 105 120
1806 105 121
1806 105 122
1806 105 123
1806 105 124
1806 105 125
1806 105 126
1806 105 127
1806 105 128
1806 106 107
1806 106 115
1806 106 116
1806 106 117
1806 106 118
1806 106 119
1806 106 120
1806 106 121
1806 106 122
1806 106 123
2107 13 23
2107 13 24
2107 13 25
2107 14 15
2107 14 16
2107 14 17
2107 14 18
2107 14 19
2107 14 20
2107 14 21
2107 14 22
2107 14 23
2107 14 24
2107 14 25
2107 15 16
2107 15 17
2107 15 18
2107 15 19
2107 15 20
2107 15 21
2107 15 22
2107 15 23
2107 15 24
2107 16 17
2107 16 18
2107 16 19
2107 16 20
2107 16 21
2107 16 22
2107 16 23
2107 16 24
2408 135 143
2408 135 144
2408 135 145
2408 135 146
2408 135 147
2408 135 148
2408 135 149
2408 135 150
2408 135 151
2408 135 152
2408 136 137
2408 136 138
2408 136 139
2408 136 140
2408 136 141
2408 136 142
2408 136 143
2408 136 144
2408 136 145
2408 136 146
2408 136 147
2408 136 148
2408 136 149
2408 136 150
2408 136 151
2408 136 152
2408 137 138
2408 137 139
2408 137 140
2408 137 141
2408 137 142
2709 160 174
2709 160 175
2709 160 176
2709 160 177
2709 161 162
2709 161 163
2709 161 164
2709 161 165
2709 161 166
2709 161 167
2709 161 168
2709 161 169
2709 161 170
2709 161 171
2709 161 172
2709 161 173
2709 161 174
2709 161 175
2709 161 176
2709 161 177
2709 162 163
2709 162 164
2709 162 165
2709 162 166
2709 162 167
2709 162 168
2709 162 169
2709 162 170
2709 162 171
2709 162 172
2709 162 173
3010 106 124
3010 106 125
3010 106 126
3010 106 127
3010 106 128
3010 107 108
3010 107 113
3010 107 114
3010 107 115
3010 107 116
3010 107 117
3010 107 118
3010 107 119
3010 107 120
3010 107 121
3010 107 122
3010 107 123
3010 107 124
3010 107 125
3010 107 126
3010 107 127
3010 107 128
3010 108 109
3010 108 111
3010 108 112
3010 108 113
3010 108 114
3010 108 115
3010 108 116
3010 108 117
3010 108 118
3311 34 46
3311 34 47
3311 34 48
3311 34 49
3311 34 50
3311 34 51
3311 34 52
3311 35 36
3311 35 37
3311 35 38
3311 35 39
3311 35 40
3311 35 41
3311 35 42
3311 35 43
3311 35 44
3311 35 45
3311 35 46
3311 35 47
3311 35 48
3311 35 49
3311 35 50
3311 35 51
3311 36 37
3311 36 38
3311 36 39
3311 36 40
3311 36 41
3311 36 42
3311 36 43
3311 36 44
3612 84 102
3612 85 86
3612 85 87
3612 85 88
3612 85 89
3612 85 90
3612 85 91
3612 85 92
3612 85 93
3612 85 94
3612 85 95
3612 85 96
3612 85 97
3612 85 98
3612 85 99
3612 85 100
3612 85 101
3612 85 102
3612 86 87
3612 86 88
3612 86 89
3612 86 90
3612 86 91
3612 86 92
3612 86 93
3612 86 94
3612 86 95
3612 86 96
3612 86 97
3612 86 98
3612 86 99
3913 83 89
3913 83 90
3913 83 91
3913 83 92
3913 83 93
3913 83 94
3913 83 95
3913 83 96
3913 83 97
3913 83 98
3913 83 99
3913 83 100
3913 83 101
3913 83 102
3913 84 85
3913 84 86
3913 84 87
3913 84 88
3913 84 89
3913 84 90
3913 84 91
3913 84 92
3913 84 93
3913 84 94
3913 84 95
3913 84 96
3913 84 97
3913 84 98
3913 84 99
3913 84 100
3913 84 101
4214 143 146
4214 143 147
4214 143 148
4214 143 149
4214 144 145
4214 144 146
4214 144 147
4214 144 148
4214 145 146
4214 145 147
4214 145 148
4214 146 147
4214 147 148
4214 148 149
4214 149 150
4214 150 151
4214 151 152
4214 152 153
4214 153 154
4214 153 175
4214 153 176
4214 153 177
4214 153 178
4214 154 155
4214 154 171
4214 154 172
4214 154 173
4214 154 174
4214 154 175
4214 154 176
4214 154 177
4515 3 128
4515 3 152
4515 3 153
4515 3 177
4515 3 178
4515 4 5
4515 4 18
4515 4 19
4515 4 20
4515 4 21
4515 4 22
4515 4 23
4515 4 24
4515 4 25
4515 4 26
4515 4 27
4515 4 28
4515 5 6
4515 5 16
4515 5 17
4515 5 18
4515 5 19
4515 5 20
4515 5 21
4515 5 22
4515 5 23
4515 5 24
4515 5 25
4515 5 26
4515 5 27
4515 6 7
4816 63 75
4816 64 65
4816 64 66
4816 64 67
4816 64 68
4816 64 69
4816 64 70
4816 64 71
4816 64 72
4816 64 73
4816 64 74
4816 64 75
4816 65 66
4816 65 67
4816 65 68
4816 65 69
4816 65 70
4816 65 71
4816 65 72
4816 65 73
4816 65 74
4816 65 75
4816 66 67
4816 66 68
4816 66 69
4816 66 70
4816 66 71
4816 66 72
4816 66 73
4816 66 74
4816 67 68
5117 9 20
5117 9 21
5117 9 22
5117 9 23
5117 9 24
5117 9 25
5117 9 26
5117 9 27
5117 10 11
5117 10 12
5117 10 13
5117 10 14
5117 10 15
5117 10 16
5117 10 17
5117 10 18
5117 10 19
5117 10 20
5117 10 21
5117 10 22
5117 10 23
5117 10 24
5117 10 25
5117 10 26
5117 11 12
5117 11 13
5117 11 14
5117 11 15
5117 11 16
5117 11 17
5117 11 18
5418 129 148
5418 129 149
5418 129 150
5418 129 151
5418 129 152
5418 129 153
5418 130 131
5418 130 143
5418 130 144
5418 130 145
5418 130 146
5418 130 147
5418 130 148
5418 130 149
5418 130 150
5418 130 151
5418 130 152
5418 130 153
5418 131 132
5418 131 141
5418 131 142
5418 131 143
5418 131 144
5418 131 145
5418 131 146
5418 131 147
5418 131 148
5418 131 149
5418 131 150
5418 131 151
5418 131 152
5719 7 26
5719 7 27
5719 8 9
5719 8 10
5719 8 11
5719 8 12
5719 8 13
5719 8 14
5719 8 15
5719 8 16
5719 8 17
5719 8 18
5719 8 19
5719 8 20
5719 8 21
5719 8 22
5719 8 23
5719 8 24
5719 8 25
5719 8 26
5719 8 27
5719 9 10
5719 9 11
5719 9 12
5719 9 13
5719 9 14
5719 9 15
5719 9 16
5719 9 17
5719 9 18
5719 9 19
6020 56 66
6020 56 67
6020 56 68
6020 56 69
6020 56 70
6020 56 71
6020 56 72
6020 56 73
6020 56 74
6020 56 75
6020 56 76
6020 56 77
6020 56 78
6020 57 58
6020 57 62
6020 57 63
6020 57 64
6020 57 65
6020 57 66
6020 57 67
6020 57 68
6020 57 69
6020 57 70
6020 57 71
6020 57 72
6020 57 73
6020 57 74
6020 57 75
6020 57 76
6020 57 77
6020 58 59
6321 154 178
6321 155 156
6321 155 168
6321 155 169
6321 155 170
6321 155 171
6321 155 172
6321 155 173
6321 155 174
6321 155 175
6321 155 176
6321 155 177
6321 155 178
6321 156 157
6321 156 166
6321 156 167
6321 156 168
6321 156 169
6321 156 170
6321 156 171
6321 156 172
6321 156 173
6321 156 174
6321 156 175
6321 156 176
6321 156 177
6321 156 178
6321 157 158
6321 157 164
6321 157 165
6321 157 166
6622 28 78
6622 28 103
6622 28 128
6622 28 153
6622 28 177
6622 28 178
6622 29 30
6622 29 44
6622 29 45
6622 29 46
6622 29 47
6622 29 48
6622 29 49
6622 29 50
6622 29 51
6622 29 52
6622 29 53
6622 30 31
6622 30 41
6622 30 42
6622 30 43
6622 30 44
6622 30 45
6622 30 46
6622 30 47
6622 30 48
6622 30 49
6622 30 50
6622 30 51
6622 30 52
6622 30 53
6923 36 45
6923 36 46
6923 36 47
6923 36 48
6923 36 49
6923 36 50
6923 36 51
6923 37 38
6923 37 39
6923 37 40
6923 37 41
6923 37 42
6923 37 43
6923 37 44
6923 37 45
6923 37 46
6923 37 47
6923 37 48
6923 37 49
6923 37 50
6923 37 51
6923 38 39
6923 38 40
6923 38 41
6923 38 42
6923 38 43
6923 38 44
6923 38 45
6923 38 46
6923 38 47
6923 38 48
7224 89 92
7224 89 93
7224 89 94
7224 89 95
7224 89 96
7224 89 97
7224 89 98
7224 89 99
7224 89 100
7224 90 91
7224 90 92
7224 90 93
7224 90 94
7224 90 95
7224 90 96
7224 90 97
7224 90 98
7224 90 99
7224 90 100
7224 91 92
7224 91 93
7224 91 94
7224 91 95
7224 91 96
7224 91 97
7224 91 98
7224 91 99
7224 92 93
7224 92 94
7224 92 95
7224 92 96
7525 17 18
7525 17 19
7525 17 20
7525 17 21
7525 17 22
7525 17 23
7525 18 19
7525 18 20
7525 18 21
7525 18 22
7525 18 23
7525 19 20
7525 19 21
7525 19 22
7525 20 21
7525 20 22
7525 21 22
7525 22 23
7525 23 24
7525 24 25
7525 25 26
7525 26 27
7525 27 28
7525 28 29
7525 28 47
7525 28 48
7525 28 49
7525 28 50
7525 28 51
7525 28 52
7525 28 53
7826 86 100
7826 86 101
7826 87 88
7826 87 89
7826 87 90
7826 87 91
7826 87 92
7826 87 93
7826 87 94
7826 87 95
7826 87 96
7826 87 97
7826 87 98
7826 87 99
7826 87 100
7826 87 101
7826 88 89
7826 88 90
7826 88 91
7826 88 92
7826 88 93
7826 88 94
7826 88 95
7826 88 96
7826 88 97
7826 88 98
7826 88 99
7826 88 100
7826 88 101
7826 89 90
7826 89 91
8127 169 171
8127 169 172
8127 169 173
8127 170 171
8127 170 172
8127 170 173
8127 171 172
8127 172 173
8127 173 174
8127 174 175
8127 175 176
8127 176 177
8127 177 178
8127 178 179
8127 179 180
8127 179 197
8127 179 198
8127 179 199
8127 180 181
8127 180 194
8127 180 195
8127 180 196
8127 180 197
8127 180 198
8127 180 199
8127 181 182
8127 181 191
8127 181 192
8127 181 193
8127 181 194
8127 181 195
8428 78 128
8428 78 153
8428 78 178
8428 79 80
8428 79 95
8428 79 96
8428 79 97
8428 79 98
8428 79 99
8428 79 100
8428 79 101
8428 79 102
8428 79 103
8428 80 81
8428 80 92
8428 80 93
8428 80 94
8428 80 95
8428 80 96
8428 80 97
8428 80 98
8428 80 99
8428 80 100
8428 80 101
8428 80 102
8428 80 103
8428 81 82
8428 81 90
8428 81 91
8428 81 92
8428 81 93
8729 110 114
8729 110 115
8729 110 116
8729 110 117
8729 110 118
8729 110 119
8729 110 120
8729 110 121
8729 110 122
8729 110 123
8729 110 124
8729 110 125
8729 110 126
8729 110 127
8729 111 112
8729 111 113
8729 111 114
8729 111 115
8729 111 116
8729 111 117
8729 111 118
8729 111 119
8729 111 120
8729 111 121
8729 111 122
8729 111 123
8729 111 124
8729 111 125
8729 111 126
8729 111 127
8729 112 113
9030 157 167
9030 157 168
9030 157 169
9030 157 170
9030 157 171
9030 157 172
9030 157 173
9030 157 174
9030 157 175
9030 157 176
9030 157 177
9030 157 178
9030 158 159
9030 158 162
9030 158 163
9030 158 164
9030 158 165
9030 158 166
9030 158 167
9030 158 168
9030 158 169
9030 158 170
9030 158 171
9030 158 172
9030 158 173
9030 158 174
9030 158 175
9030 158 176
9030 158 177
9030 158 178
9030 159 160
9331 108 119
9331 108 120
9331 108 121
9331 108 122
9331 108 123
9331 108 124
9331 108 125
9331 108 126
9331 108 127
9331 108 128
9331 109 110
9331 109 111
9331 109 112
9331 109 113
9331 109 114
9331 109 115
9331 109 116
9331 109 117
9331 109 118
9331 109 119
9331 109 120
9331 109 121
9331 109 122
9331 109 123
9331 109 124
9331 109 125
9331 109 126
9331 109 127
9331 110 111
9331 110 112
9331 110 113
9632 114 120
9632 114 121
9632 114 122
9632 114 123
9632 114 124
9632 114 125
9632 115 116
9632 115 117
9632 115 118
9632 115 119
9632 115 120
9632 115 121
9632 115 122
9632 115 123
9632 115 124
9632 115 125
9632 116 117
9632 116 118
9632 116 119
9632 116 120
9632 116 121
9632 116 122
9632 116 123
9632 116 124
9632 116 125
9632 117 118
9632 117 119
9632 117 120
9632 117 121
9632 117 122
9632 117 123
9933 92 97
9933 92 98
9933 92 99
9933 93 94
9933 93 95
9933 93 96
9933 93 97
9933 93 98
9933 94 95
9933 94 96
9933 94 97
9933 94 98
9933 95 96
9933 95 97
9933 96 97
9933 97 98
9933 98 99
9933 99 100
9933 100 101
9933 101 102
9933 102 103
9933 103 104
9933 103 124
9933 103 125
9933 103 126
9933 103 127
9933 103 128
9933 103 153
9933 103 178
9933 104 105
9933 104 120
10234 61 71
10234 61 72
10234 61 73
10234 61 74
10234 61 75
10234 61 76
10234 62 63
10234 62 64
10234 62 65
10234 62 66
10234 62 67
10234 62 68
10234 62 69
10234 62 70
10234 62 71
10234 62 72
10234 62 73
10234 62 74
10234 62 75
10234 62 76
10234 63 64
10234 63 65
10234 63 66
10234 63 67
10234 63 68
10234 63 69
10234 63 70
10234 63 71
10234 63 72
10234 63 73
10234 63 74
10535 58 60
10535 58 61
10535 58 62
10535 58 63
10535 58 64
10535 58 65
10535 58 66
10535 58 67
10535 58 68
10535 58 69
10535 58 70
10535 58 71
10535 58 72
10535 58 73
10535 58 74
10535 58 75
10535 58 76
10535 58 77
10535 59 60
10535 59 61
10535 59 62
10535 59 63
10535 59 64
10535 59 65
10535 59 66
10535 59 67
10535 59 68
10535 59 69
10535 59 70
10535 59 71
10535 59 72
10836 112 114
10836 112 115
10836 112 116
10836 112 117
10836 112 118
10836 112 119
10836 112 120
10836 112 121
10836 112 122
10836 112 123
10836 112 124
10836 112 125
10836 112 126
10836 113 114
10836 113 115
10836 113 116
10836 113 117
10836 113 118
10836 113 119
10836 113 120
10836 113 121
10836 113 122
10836 113 123
10836 113 124
10836 113 125
10836 113 126
10836 114 115
10836 114 116
10836 114 117
10836 114 118
10836 114 119
11137 38 49
11137 38 50
11137 39 40
11137 39 41
11137 39 42
11137 39 43
11137 39 44
11137 39 45
11137 39 46
11137 39 47
11137 39 48
11137 39 49
11137 39 50
11137 40 41
11137 40 42
11137 40 43
11137 40 44
11137 40 45
11137 40 46
11137 40 47
11137 40 48
11137 40 49
11137 41 42
11137 41 43
11137 41 44
11137 41 45
11137 41 46
11137 41 47
11137 41 48
11137 41 49
11137 42 43
11438 31 32
11438 31 39
11438 31 40
11438 31 41
11438 31 42
11438 31 43
11438 31 44
11438 31 45
11438 31 46
11438 31 47
11438 31 48
11438 31 49
11438 31 50
11438 31 51
11438 31 52
11438 32 33
11438 32 37
11438 32 38
11438 32 39
11438 32 40
11438 32 41
11438 32 42
11438 32 43
11438 32 44
11438 32 45
11438 32 46
11438 32 47
11438 32 48
11438 32 49
11438 32 50
11438 32 51
11739 186 190
11739 186 191
11739 186 192
11739 186 193
11739 186 194
11739 186 195
11739 186 196
11739 186 197
11739 186 198
11739 186 199
11739 187 188
11739 187 189
11739 187 190
11739 187 191
11739 187 192
11739 187 193
11739 187 194
11739 187 195
11739 187 196
11739 187 197
11739 187 198
11739 187 199
11739 188 189
11739 188 190
11739 188 191
11739 188 192
11739 188 193
11739 188 194
11739 188 195
11739 188 196
11739 188 197
12040 162 174
12040 162 175
12040 162 176
12040 162 177
12040 163 164
12040 163 165
12040 163 166
12040 163 167
12040 163 168
12040 163 169
12040 163 170
12040 163 171
12040 163 172
12040 163 173
12040 163 174
12040 163 175
12040 163 176
12040 164 165
12040 164 166
12040 164 167
12040 164 168
12040 164 169
12040 164 170
12040 164 171
12040 164 172
12040 164 173
12040 164 174
12040 164 175
12040 164 176
12040 165 166
12040 165 167
12341 6 13
12341 6 14
12341 6 15
12341 6 16
12341 6 17
12341 6 18
12341 6 19
12341 6 20
12341 6 21
12341 6 22
12341 6 23
12341 6 24
12341 6 25
12341 6 26
12341 6 27
12341 7 8
12341 7 11
12341 7 12
12341 7 13
12341 7 14
12341 7 15
12341 7 16
12341 7 17
12341 7 18
12341 7 19
12341 7 20
12341 7 21
12341 7 22
12341 7 23
12341 7 24
12341 7 25
12642 188 198
12642 188 199
12642 189 190
12642 189 191
12642 189 192
12642 189 193
12642 189 194
12642 189 195
12642 189 196
12642 189 197
12642 189 198
12642 189 199
12642 190 191
12642 190 192
12642 190 193
12642 190 194
12642 190 195
12642 190 196
12642 190 197
12642 190 198
12642 190 199
12642 191 192
12642 191 193
12642 191 194
12642 191 195
12642 191 196
12642 191 197
12642 191 198
12642 191 199
12642 192 193
12642 192 194
12943 32 52
12943 33 34
12943 33 35
12943 33 36
12943 33 37
12943 33 38
12943 33 39
12943 33 40
12943 33 41
12943 33 42
12943 33 43
12943 33 44
12943 33 45
12943 33 46
12943 33 47
12943 33 48
12943 33 49
12943 33 50
12943 33 51
12943 33 52
12943 34 35
12943 34 36
12943 34 37
12943 34 38
12943 34 39
12943 34 40
12943 34 41
12943 34 42
12943 34 43
12943 34 44
12943 34 45
13244 42 44
13244 42 45
13244 42 46
13244 42 47
13244 42 48
13244 43 44
13244 43 45
13244 43 46
13244 43 47
13244 43 48
13244 44 45
13244 44 46
13244 44 47
13244 45 46
13244 45 47
13244 46 47
13244 47 48
13244 48 49
13244 49 50
13244 50 51
13244 51 52
13244 52 53
13244 53 54
13244 53 72
13244 53 73
13244 53 74
13244 53 75
13244 53 76
13244 53 77
13244 53 78
13244 53 103
13545 53 128
13545 53 153
13545 53 178
13545 54 55
13545 54 69
13545 54 70
13545 54 71
13545 54 72
13545 54 73
13545 54 74
13545 54 75
13545 54 76
13545 54 77
13545 54 78
13545 55 56
13545 55 66
13545 55 67
13545 55 68
13545 55 69
13545 55 70
13545 55 71
13545 55 72
13545 55 73
13545 55 74
13545 55 75
13545 55 76
13545 55 77
13545 55 78
13545 56 57
13545 56 64
13545 56 65
13846 139 149
13846 139 150
13846 139 151
13846 140 141
13846 140 142
13846 140 143
13846 140 144
13846 140 145
13846 140 146
13846 140 147
13846 140 148
13846 140 149
13846 140 150
13846 141 142
13846 141 143
13846 141 144
13846 141 145
13846 141 146
13846 141 147
13846 141 148
13846 141 149
13846 141 150
13846 142 143
13846 142 144
13846 142 145
13846 142 146
13846 142 147
13846 142 148
13846 142 149
13846 143 144
13846 143 145
14147 137 143
14147 137 144
14147 137 145
14147 137 146
14147 137 147
14147 137 148
14147 137 149
14147 137 150
14147 137 151
14147 138 139
14147 138 140
14147 138 141
14147 138 142
14147 138 143
14147 138 144
14147 138 145
14147 138 146
14147 138 147
14147 138 148
14147 138 149
14147 138 150
14147 138 151
14147 139 140
14147 139 141
14147 139 142
14147 139 143
14147 139 144
14147 139 145
14147 139 146
14147 139 147
14147 139 148
14448 159 161
14448 159 162
14448 159 163
14448 159 164
14448 159 165
14448 159 166
14448 159 167
14448 159 168
14448 159 169
14448 159 170
14448 159 171
14448 159 172
14448 159 173
14448 159 174
14448 159 175
14448 159 176
14448 159 177
14448 159 178
14448 160 161
14448 160 162
14448 160 163
14448 160 164
14448 160 165
14448 160 166
14448 160 167
14448 160 168
14448 160 169
14448 160 170
14448 160 171
14448 160 172
14448 160 173
14749 59 73
14749 59 74
14749 59 75
14749 59 76
14749 59 77
14749 60 61
14749 60 62
14749 60 63
14749 60 64
14749 60 65
14749 60 66
14749 60 67
14749 60 68
14749 60 69
14749 60 70
14749 60 71
14749 60 72
14749 60 73
14749 60 74
14749 60 75
14749 60 76
14749 60 77
14749 61 62
14749 61 63
14749 61 64
14749 61 65
14749 61 66
14749 61 67
14749 61 68
14749 61 69
14749 61 70
15050 192 195
15050 192 196
15050 192 197
15050 192 198
15050 192 199
15050 193 194
15050 193 195
15050 193 196
15050 193 197
15050 193 198
15050 193 199
15050 194 195
15050 194 196
15050 194 197
15050 194 198
15050 194 199
15050 195 196
15050 195 197
15050 195 198
15050 196 197
15050 196 198
15050 197 198
15050 198 199
15351 133 148
15351 133 149
15351 133 150
15351 133 151
15351 133 152
15351 133 153
15351 134 135
15351 134 136
15351 134 137
15351 134 138
15351 134 139
15351 134 140
15351 134 141
15351 134 142
15351 134 143
15351 134 144
15351 134 145
15351 134 146
15351 134 147
15351 134 148
15351 134 149
15351 134 150
15351 134 151
15351 134 152
15351 135 136
15351 135 137
15351 135 138
15351 135 139
15351 135 140
15351 135 141
15351 135 142
15652 181 196
15652 181 197
15652 181 198
15652 181 199
15652 182 183
15652 182 189
15652 182 190
15652 182 191
15652 182 192
15652 182 193
15652 182 194
15652 182 195
15652 182 196
15652 182 197
15652 182 198
15652 182 199
15652 183 184
15652 183 187
15652 183 188
15652 183 189
15652 183 190
15652 183 191
15652 183 192
15652 183 193
15652 183 194
15652 183 195
15652 183 196
15652 183 197
15652 183 198
15652 183 199
15652 184 185
15953 81 94
15953 81 95
15953 81 96
15953 81 97
15953 81 98
15953 81 99
15953 81 100
15953 81 101
15953 81 102
15953 81 103
15953 82 83
15953 82 88
15953 82 89
15953 82 90
15953 82 91
15953 82 92
15953 82 93
15953 82 94
15953 82 95
15953 82 96
15953 82 97
15953 82 98
15953 82 99
15953 82 100
15953 82 101
15953 82 102
15953 82 103
15953 83 84
15953 83 86
15953 83 87
15953 83 88
16254 165 168
16254 165 169
16254 165 170
16254 165 171
16254 165 172
16254 165 173
16254 165 174
16254 165 175
16254 166 167
16254 166 168
16254 166 169
16254 166 170
16254 166 171
16254 166 172
16254 166 173
16254 166 174
16254 166 175
16254 167 168
16254 167 169
16254 167 170
16254 167 171
16254 167 172
16254 167 173
16254 167 174
16254 168 169
16254 168 170
16254 168 171
16254 168 172
16254 168 173
16254 168 174
16254 169 170
