0 186 190
0 186 191
0 186 192
0 186 193
0 186 194
0 186 195
0 186 196
0 186 197
0 186 198
0 186 199
0 187 188
0 187 189
0 187 190
0 187 191
0 187 192
0 187 193
0 187 194
0 187 195
0 187 196
0 187 197
0 187 198
0 187 199
0 188 189
0 188 190
0 188 191
0 188 192
0 188 193
0 188 194
0 188 195
0 188 196
0 188 197
301 13 23
301 13 24
301 13 25
301 14 15
301 14 16
301 14 17
301 14 18
301 14 19
301 14 20
301 14 21
301 14 22
301 14 23
301 14 24
301 14 25
301 15 16
301 15 17
301 15 18
301 15 19
301 15 20
301 15 21
301 15 22
301 15 23
301 15 24
301 16 17
301 16 18
301 16 19
301 16 20
301 16 21
301 16 22
301 16 23
301 16 24
602 108 119
602 108 120
602 108 121
602 108 122
602 108 123
602 108 124
602 108 125
602 108 126
602 108 127
602 108 128
602 109 110
602 109 111
602 109 112
602 109 113
602 109 114
602 109 115
602 109 116
602 109 117
602 109 118
602 109 119
602 109 120
602 109 121
602 109 122
602 109 123
602 109 124
602 109 125
602 109 126
602 109 127
602 110 111
602 110 112
602 110 113
903 184 186
903 184 187
903 184 188
903 184 189
903 184 190
903 184 191
903 184 192
903 184 193
903 184 194
903 184 195
903 184 196
903 184 197
903 184 198
903 184 199
903 185 186
903 185 187
903 185 188
903 185 189
903 185 190
903 185 191
903 185 192
903 185 193
903 185 194
903 185 195
903 185 196
903 185 197
903 185 198
903 185 199
903 186 187
903 186 188
903 186 189
1204 63 75
1204 64 65
1204 64 66
1204 64 67
1204 64 68
1204 64 69
1204 64 70
1204 64 71
1204 64 72
1204 64 73
1204 64 74
1204 64 75
1204 65 66
1204 65 67
1204 65 68
1204 65 69
1204 65 70
1204 65 71
1204 65 72
1204 65 73
1204 65 74
1204 65 75
1204 66 67
1204 66 68
1204 66 69
1204 66 70
1204 66 71
1204 66 72
1204 66 73
1204 66 74
1204 67 68
1505 160 174
1505 160 175
1505 160 176
1505 160 177
1505 161 162
1505 161 163
1505 161 164
1505 161 165
1505 161 166
1505 161 167
1505 161 168
1505 161 169
1505 161 170
1505 161 171
1505 161 172
1505 161 173
1505 161 174
1505 161 175
1505 161 176
1505 161 177
1505 162 163
1505 162 164
1505 162 165
1505 162 166
1505 162 167
1505 162 168
1505 162 169
1505 162 170
1505 162 171
1505 162 172
1505 162 173
1806 78 128
1806 78 153
1806 78 178
1806 79 80
1806 79 95
1806 79 96
1806 79 97
1806 79 98
1806 79 99
1806 79 100
1806 79 101
1806 79 102
1806 79 103
1806 80 81
1806 80 92
1806 80 93
1806 80 94
1806 80 95
1806 80 96
1806 80 97
1806 80 98
1806 80 99
1806 80 100
1806 80 101
1806 80 102
1806 80 103
1806 81 82
1806 81 90
1806 81 91
1806 81 92
1806 81 93
2107 92 97
2107 92 98
2107 92 99
2107 93 94
2107 93 95
2107 93 96
2107 93 97
2107 93 98
2107 94 95
2107 94 96
2107 94 97
2107 94 98
2107 95 96
2107 95 97
2107 96 97
2107 97 98
2107 98 99
2107 99 100
2107 100 101
2107 101 102
2107 102 103
2107 103 104
2107 103 124
2107 103 125
2107 103 126
2107 103 127
2107 103 128
2107 103 153
2107 103 178
2107 104 105
2107 104 120
2408 188 198
2408 188 199
2408 189 190
2408 189 191
2408 189 192
2408 189 193
2408 189 194
2408 189 195
2408 189 196
2408 189 197
2408 189 198
2408 189 199
2408 190 191
2408 190 192
2408 190 193
2408 190 194
2408 190 195
2408 190 196
2408 190 197
2408 190 198
2408 190 199
2408 191 192
2408 191 193
2408 191 194
2408 191 195
2408 191 196
2408 191 197
2408 191 198
2408 191 199
2408 192 193
2408 192 194
2709 42 44
2709 42 45
2709 42 46
2709 42 47
2709 42 48
2709 43 44
2709 43 45
2709 43 46
2709 43 47
2709 43 48
2709 44 45
2709 44 46
2709 44 47
2709 45 46
2709 45 47
2709 46 47
2709 47 48
2709 48 49
2709 49 50
2709 50 51
2709 51 52
2709 52 53
2709 53 54
2709 53 72
2709 53 73
2709 53 74
2709 53 75
2709 53 76
2709 53 77
2709 53 78
2709 53 103
3010 3 128
3010 3 152
3010 3 153
3010 3 177
3010 3 178
3010 4 5
3010 4 18
3010 4 19
3010 4 20
3010 4 21
3010 4 22
3010 4 23
3010 4 24
3010 4 25
3010 4 26
3010 4 27
3010 4 28
3010 5 6
3010 5 16
3010 5 17
3010 5 18
3010 5 19
3010 5 20
3010 5 21
3010 5 22
3010 5 23
3010 5 24
3010 5 25
3010 5 26
3010 5 27
3010 6 7
3311 36 45
3311 36 46
3311 36 47
3311 36 48
3311 36 49
3311 36 50
3311 36 51
3311 37 38
3311 37 39
3311 37 40
3311 37 41
3311 37 42
3311 37 43
3311 37 44
3311 37 45
3311 37 46
3311 37 47
3311 37 48
3311 37 49
3311 37 50
3311 37 51
3311 38 39
3311 38 40
3311 38 41
3311 38 42
3311 38 43
3311 38 44
3311 38 45
3311 38 46
3311 38 47
3311 38 48
3612 81 94
3612 81 95
3612 81 96
3612 81 97
3612 81 98
3612 81 99
3612 81 100
3612 81 101
3612 81 102
3612 81 103
3612 82 83
3612 82 88
3612 82 89
3612 82 90
3612 82 91
3612 82 92
3612 82 93
3612 82 94
3612 82 95
3612 82 96
3612 82 97
3612 82 98
3612 82 99
3612 82 100
3612 82 101
3612 82 102
3612 82 103
3612 83 84
3612 83 86
3612 83 87
3612 83 88
3913 159 161
3913 159 162
3913 159 163
3913 159 164
3913 159 165
3913 159 166
3913 159 167
3913 159 168
3913 159 169
3913 159 170
3913 159 171
3913 159 172
3913 159 173
3913 159 174
3913 159 175
3913 159 176
3913 159 177
3913 159 178
3913 160 161
3913 160 162
3913 160 163
3913 160 164
3913 160 165
3913 160 166
3913 160 167
3913 160 168
3913 160 169
3913 160 170
3913 160 171
3913 160 172
3913 160 173
4214 114 120
4214 114 121
4214 114 122
4214 114 123
4214 114 124
4214 114 125
4214 115 116
4214 115 117
4214 115 118
4214 115 119
4214 115 120
4214 115 121
4214 115 122
4214 115 123
4214 115 124
4214 115 125
4214 116 117
4214 116 118
4214 116 119
4214 116 120
4214 116 121
4214 116 122
4214 116 123
4214 116 124
4214 116 125
4214 117 118
4214 117 119
4214 117 120
4214 117 121
4214 117 122
4214 117 123
4515 104 121
4515 104 122
4515 104 123
4515 104 124
4515 104 125
4515 104 126
4515 104 127
4515 104 128
4515 105 106
4515 105 117
4515 105 118
4515 105 119
4515 105 120
4515 105 121
4515 105 122
4515 105 123
4515 105 124
4515 105 125
4515 105 126
4515 105 127
4515 105 128
4515 106 107
4515 106 115
4515 106 116
4515 106 117
4515 106 118
4515 106 119
4515 106 120
4515 106 121
4515 106 122
4515 106 123
4816 61 71
4816 61 72
4816 61 73
4816 61 74
4816 61 75
4816 61 76
4816 62 63
4816 62 64
4816 62 65
4816 62 66
4816 62 67
4816 62 68
4816 62 69
4816 62 70
4816 62 71
4816 62 72
4816 62 73
4816 62 74
4816 62 75
4816 62 76
4816 63 64
4816 63 65
4816 63 66
4816 63 67
4816 63 68
4816 63 69
4816 63 70
4816 63 71
4816 63 72
4816 63 73
4816 63 74
5117 56 66
5117 56 67
5117 56 68
5117 56 69
5117 56 70
5117 56 71
5117 56 72
5117 56 73
5117 56 74
5117 56 75
5117 56 76
5117 56 77
5117 56 78
5117 57 58
5117 57 62
5117 57 63
5117 57 64
5117 57 65
5117 57 66
5117 57 67
5117 57 68
5117 57 69
5117 57 70
5117 57 71
5117 57 72
5117 57 73
5117 57 74
5117 57 75
5117 57 76
5117 57 77
5117 58 59
5418 143 146
5418 143 147
5418 143 148
5418 143 149
5418 144 145
5418 144 146
5418 144 147
5418 144 148
5418 145 146
5418 145 147
5418 145 148
5418 146 147
5418 147 148
5418 148 149
5418 149 150
5418 150 151
5418 151 152
5418 152 153
5418 153 154
5418 153 175
5418 153 176
5418 153 177
5418 153 178
5418 154 155
5418 154 171
5418 154 172
5418 154 173
5418 154 174
5418 154 175
5418 154 176
5418 154 177
5719 84 102
5719 85 86
5719 85 87
5719 85 88
5719 85 89
5719 85 90
5719 85 91
5719 85 92
5719 85 93
5719 85 94
5719 85 95
5719 85 96
5719 85 97
5719 85 98
5719 85 99
5719 85 100
5719 85 101
5719 85 102
5719 86 87
5719 86 88
5719 86 89
5719 86 90
5719 86 91
5719 86 92
5719 86 93
5719 86 94
5719 86 95
5719 86 96
5719 86 97
5719 86 98
5719 86 99
6020 67 69
6020 67 70
6020 67 71
6020 67 72
6020 67 73
6020 67 74
6020 68 69
6020 68 70
6020 68 71
6020 68 72
6020 68 73
6020 69 70
6020 69 71
6020 69 72
6020 69 73
6020 70 71
6020 70 72
6020 71 72
6020 72 73
6020 73 74
6020 74 75
6020 75 76
6020 76 77
6020 77 78
6020 78 79
6020 78 98
6020 78 99
6020 78 100
6020 78 101
6020 78 102
6020 78 103
6321 7 26
6321 7 27
6321 8 9
6321 8 10
6321 8 11
6321 8 12
6321 8 13
6321 8 14
6321 8 15
6321 8 16
6321 8 17
6321 8 18
6321 8 19
6321 8 20
6321 8 21
6321 8 22
6321 8 23
6321 8 24
6321 8 25
6321 8 26
6321 8 27
6321 9 10
6321 9 11
6321 9 12
6321 9 13
6321 9 14
6321 9 15
6321 9 16
6321 9 17
6321 9 18
6321 9 19
6622 162 174
6622 162 175
6622 162 176
6622 162 177
6622 163 164
6622 163 165
6622 163 166
6622 163 167
6622 163 168
6622 163 169
6622 163 170
6622 163 171
6622 163 172
6622 163 173
6622 163 174
6622 163 175
6622 163 176
6622 164 165
6622 164 166
6622 164 167
6622 164 168
6622 164 169
6622 164 170
6622 164 171
6622 164 172
6622 164 173
6622 164 174
6622 164 175
6622 164 176
6622 165 166
6622 165 167
6923 0 1
6923 1 2
6923 2 3
6923 2 27
6923 2 28
6923 2 52
6923 2 53
6923 2 77
6923 2 78
6923 2 102
6923 2 103
6923 2 127
6923 2 128
6923 2 152
6923 2 153
6923 2 177
6923 2 178
6923 3 4
6923 3 21
6923 3 22
6923 3 23
6923 3 24
6923 3 25
6923 3 26
6923 3 27
6923 3 28
6923 3 53
6923 3 78
6923 3 102
6923 3 103
6923 3 127
7224 83 89
7224 83 90
7224 83 91
7224 83 92
7224 83 93
7224 83 94
7224 83 95
7224 83 96
7224 83 97
7224 83 98
7224 83 99
7224 83 100
7224 83 101
7224 83 102
7224 84 85
7224 84 86
7224 84 87
7224 84 88
7224 84 89
7224 84 90
7224 84 91
7224 84 92
7224 84 93
7224 84 94
7224 84 95
7224 84 96
7224 84 97
7224 84 98
7224 84 99
7224 84 100
7224 84 101
7525 34 46
7525 34 47
7525 34 48
7525 34 49
7525 34 50
7525 34 51
7525 34 52
7525 35 36
7525 35 37
7525 35 38
7525 35 39
7525 35 40
7525 35 41
7525 35 42
7525 35 43
7525 35 44
7525 35 45
7525 35 46
7525 35 47
7525 35 48
7525 35 49
7525 35 50
7525 35 51
7525 36 37
7525 36 38
7525 36 39
7525 36 40
7525 36 41
7525 36 42
7525 36 43
7525 36 44
7826 106 124
7826 106 125
7826 106 126
7826 106 127
7826 106 128
7826 107 108
7826 107 113
7826 107 114
7826 107 115
7826 107 116
7826 107 117
7826 107 118
7826 107 119
7826 107 120
7826 107 121
7826 107 122
7826 107 123
7826 107 124
7826 107 125
7826 107 126
7826 107 127
7826 107 128
7826 108 109
7826 108 111
7826 108 112
7826 108 113
7826 108 114
7826 108 115
7826 108 116
7826 108 117
7826 108 118
8127 139 149
8127 139 150
8127 139 151
8127 140 141
8127 140 142
8127 140 143
8127 140 144
8127 140 145
8127 140 146
8127 140 147
8127 140 148
8127 140 149
8127 140 150
8127 141 142
8127 141 143
8127 141 144
8127 141 145
8127 141 146
8127 141 147
8127 141 148
8127 141 149
8127 141 150
8127 142 143
8127 142 144
8127 142 145
8127 142 146
8127 142 147
8127 142 148
8127 142 149
8127 143 144
8127 143 145
8428 31 32
8428 31 39
8428 31 40
8428 31 41
8428 31 42
8428 31 43
8428 31 44
8428 31 45
8428 31 46
8428 31 47
8428 31 48
8428 31 49
8428 31 50
8428 31 51
8428 31 52
8428 32 33
8428 32 37
8428 32 38
8428 32 39
8428 32 40
8428 32 41
8428 32 42
8428 32 43
8428 32 44
8428 32 45
8428 32 46
8428 32 47
8428 32 48
8428 32 49
8428 32 50
8428 32 51
8729 58 60
8729 58 61
8729 58 62
8729 58 63
8729 58 64
8729 58 65
8729 58 66
8729 58 67
8729 58 68
8729 58 69
8729 58 70
8729 58 71
8729 58 72
8729 58 73
8729 58 74
8729 58 75
8729 58 76
8729 58 77
8729 59 60
8729 59 61
8729 59 62
8729 59 63
8729 59 64
8729 59 65
8729 59 66
8729 59 67
8729 59 68
8729 59 69
8729 59 70
8729 59 71
8729 59 72
9030 32 52
9030 33 34
9030 33 35
9030 33 36
9030 33 37
9030 33 38
9030 33 39
9030 33 40
9030 33 41
9030 33 42
9030 33 43
9030 33 44
9030 33 45
9030 33 46
9030 33 47
9030 33 48
9030 33 49
9030 33 50
9030 33 51
9030 33 52
9030 34 35
9030 34 36
9030 34 37
9030 34 38
9030 34 39
9030 34 40
9030 34 41
9030 34 42
9030 34 43
9030 34 44
9030 34 45
9331 89 92
9331 89 93
9331 89 94
9331 89 95
9331 89 96
9331 89 97
9331 89 98
9331 89 99
9331 89 100
9331 90 91
9331 90 92
9331 90 93
9331 90 94
9331 90 95
9331 90 96
9331 90 97
9331 90 98
9331 90 99
9331 90 100
9331 91 92
9331 91 93
9331 91 94
9331 91 95
9331 91 96
9331 91 97
9331 91 98
9331 91 99
9331 92 93
9331 92 94
9331 92 95
9331 92 96
9632 112 114
9632 112 115
9632 112 116
9632 112 117
9632 112 118
9632 112 119
9632 112 120
9632 112 121
9632 112 122
9632 112 123
9632 112 124
9632 112 125
9632 112 126
9632 113 114
9632 113 115
9632 113 116
9632 113 117
9632 113 118
9632 113 119
9632 113 120
9632 113 121
9632 113 122
9632 113 123
9632 113 124
9632 113 125
9632 113 126
9632 114 115
9632 114 116
9632 114 117
9632 114 118
9632 114 119
9933 135 143
9933 135 144
9933 135 145
9933 135 146
9933 135 147
9933 135 148
9933 135 149
9933 135 150
9933 135 151
9933 135 152
9933 136 137
9933 136 138
9933 136 139
9933 136 140
9933 136 141
9933 136 142
9933 136 143
9933 136 144
9933 136 145
9933 136 146
9933 136 147
9933 136 148
9933 136 149
9933 136 150
9933 136 151
9933 136 152
9933 137 138
9933 137 139
9933 137 140
9933 137 141
9933 137 142
10234 28 78
10234 28 103
10234 28 128
10234 28 153
10234 28 177
10234 28 178
10234 29 30
10234 29 44
10234 29 45
10234 29 46
10234 29 47
10234 29 48
10234 29 49
10234 29 50
10234 29 51
10234 29 52
10234 29 53
10234 30 31
10234 30 41
10234 30 42
10234 30 43
10234 30 44
10234 30 45
10234 30 46
10234 30 47
10234 30 48
10234 30 49
10234 30 50
10234 30 51
10234 30 52
10234 30 53
10535 38 49
10535 38 50
10535 39 40
10535 39 41
10535 39 42
10535 39 43
10535 39 44
10535 39 45
10535 39 46
10535 39 47
10535 39 48
10535 39 49
10535 39 50
10535 40 41
10535 40 42
10535 40 43
10535 40 44
10535 40 45
10535 40 46
10535 40 47
10535 40 48
10535 40 49
10535 41 42
10535 41 43
10535 41 44
10535 41 45
10535 41 46
10535 41 47
10535 41 48
10535 41 49
10535 42 43
10836 154 178
10836 155 156
10836 155 168
10836 155 169
10836 155 170
10836 155 171
10836 155 172
10836 155 173
10836 155 174
10836 155 175
10836 155 176
10836 155 177
10836 155 178
10836 156 157
10836 156 166
10836 156 167
10836 156 168
10836 156 169
10836 156 170
10836 156 171
10836 156 172
10836 156 173
10836 156 174
10836 156 175
10836 156 176
10836 156 177
10836 156 178
10836 157 158
10836 157 164
10836 157 165
10836 157 166
11137 165 168
11137 165 169
11137 165 170
11137 165 171
11137 165 172
11137 165 173
11137 165 174
11137 165 175
11137 166 167
11137 166 168
11137 166 169
11137 166 170
11137 166 171
11137 166 172
11137 166 173
11137 166 174
11137 166 175
11137 167 168
11137 167 169
11137 167 170
11137 167 171
11137 167 172
11137 167 173
11137 167 174
11137 168 169
11137 168 170
11137 168 171
11137 168 172
11137 168 173
11137 168 174
11137 169 170
11438 86 100
11438 86 101
11438 87 88
11438 87 89
11438 87 90
11438 87 91
11438 87 92
11438 87 93
11438 87 94
11438 87 95
11438 87 96
11438 87 97
11438 87 98
11438 87 99
11438 87 100
11438 87 101
11438 88 89
11438 88 90
11438 88 91
11438 88 92
11438 88 93
11438 88 94
11438 88 95
11438 88 96
11438 88 97
11438 88 98
11438 88 99
11438 88 100
11438 88 101
11438 89 90
11438 89 91
11739 131 153
11739 132 133
11739 132 138
11739 132 139
11739 132 140
11739 132 141
11739 132 142
11739 132 143
11739 132 144
11739 132 145
11739 132 146
11739 132 147
11739 132 148
11739 132 149
11739 132 150
11739 132 151
11739 132 152
11739 132 153
11739 133 134
11739 133 136
11739 133 137
11739 133 138
11739 133 139
11739 133 140
11739 133 141
11739 133 142
11739 133 143
11739 133 144
11739 133 145
11739 133 146
11739 133 147
12040 117 124
12040 118 119
12040 118 120
12040 118 121
12040 118 122
12040 118 123
12040 118 124
12040 119 120
12040 119 121
12040 119 122
12040 119 123
12040 120 121
12040 120 122
12040 120 123
12040 121 122
12040 122 123
12040 123 124
12040 124 125
12040 125 126
12040 126 127
12040 127 128
12040 128 129
12040 128 149
12040 128 150
12040 128 151
12040 128 152
12040 128 153
12040 128 178
12040 129 130
12040 129 146
12040 129 147
12341 181 196
12341 181 197
12341 181 198
12341 181 199
12341 182 183
12341 182 189
12341 182 190
12341 182 191
12341 182 192
12341 182 193
12341 182 194
12341 182 195
12341 182 196
12341 182 197
12341 182 198
12341 182 199
12341 183 184
12341 183 187
12341 183 188
12341 183 189
12341 183 190
12341 183 191
12341 183 192
12341 183 193
12341 183 194
12341 183 195
12341 183 196
12341 183 197
12341 183 198
12341 183 199
12341 184 185
12642 53 128
12642 53 153
12642 53 178
12642 54 55
12642 54 69
12642 54 70
12642 54 71
12642 54 72
12642 54 73
12642 54 74
12642 54 75
12642 54 76
12642 54 77
12642 54 78
12642 55 56
12642 55 66
12642 55 67
12642 55 68
12642 55 69
12642 55 70
12642 55 71
12642 55 72
12642 55 73
12642 55 74
12642 55 75
12642 55 76
12642 55 77
12642 55 78
12642 56 57
12642 56 64
12642 56 65
12943 6 13
12943 6 14
12943 6 15
12943 6 16
12943 6 17
12943 6 18
12943 6 19
12943 6 20
12943 6 21
12943 6 22
12943 6 23
12943 6 24
12943 6 25
12943 6 26
12943 6 27
12943 7 8
12943 7 11
12943 7 12
12943 7 13
12943 7 14
12943 7 15
12943 7 16
12943 7 17
12943 7 18
12943 7 19
12943 7 20
12943 7 21
12943 7 22
12943 7 23
12943 7 24
12943 7 25
13244 129 148
13244 129 149
13244 129 150
13244 129 151
13244 129 152
13244 129 153
13244 130 131
13244 130 143
13244 130 144
13244 130 145
13244 130 146
13244 130 147
13244 130 148
13244 130 149
13244 130 150
13244 130 151
13244 130 152
13244 130 153
13244 131 132
13244 131 141
13244 131 142
13244 131 143
13244 131 144
13244 131 145
13244 131 146
13244 131 147
13244 131 148
13244 131 149
13244 131 150
13244 131 151
13244 131 152
13545 9 20
13545 9 21
13545 9 22
13545 9 23
13545 9 24
13545 9 25
13545 9 26
13545 9 27
13545 10 11
13545 10 12
13545 10 13
13545 10 14
13545 10 15
13545 10 16
13545 10 17
13545 10 18
13545 10 19
13545 10 20
13545 10 21
13545 10 22
13545 10 23
13545 10 24
13545 10 25
13545 10 26
13545 11 12
13545 11 13
13545 11 14
13545 11 15
13545 11 16
13545 11 17
13545 11 18
13846 110 114
13846 110 115
13846 110 116
13846 110 117
13846 110 118
13846 110 119
13846 110 120
13846 110 121
13846 110 122
13846 110 123
13846 110 124
13846 110 125
13846 110 126
13846 110 127
13846 111 112
13846 111 113
13846 111 114
13846 111 115
13846 111 116
13846 111 117
13846 111 118
13846 111 119
13846 111 120
13846 111 121
13846 111 122
13846 111 123
13846 111 124
13846 111 125
13846 111 126
13846 111 127
13846 112 113
14147 59 73
14147 59 74
14147 59 75
14147 59 76
14147 59 77
14147 60 61
14147 60 62
14147 60 63
14147 60 64
14147 60 65
14147 60 66
14147 60 67
14147 60 68
14147 60 69
14147 60 70
14147 60 71
14147 60 72
14147 60 73
14147 60 74
14147 60 75
14147 60 76
14147 60 77
14147 61 62
14147 61 63
14147 61 64
14147 61 65
14147 61 66
14147 61 67
14147 61 68
14147 61 69
14147 61 70
14448 157 167
14448 157 168
14448 157 169
14448 157 170
14448 157 171
14448 157 172
14448 157 173
14448 157 174
14448 157 175
14448 157 176
14448 157 177
14448 157 178
14448 158 159
14448 158 162
14448 158 163
14448 158 164
14448 158 165
14448 158 166
14448 158 167
14448 158 168
14448 158 169
14448 158 170
14448 158 171
14448 158 172
14448 158 173
14448 158 174
14448 158 175
14448 158 176
14448 158 177
14448 158 178
14448 159 160
14749 169 171
14749 169 172
14749 169 173
14749 170 171
14749 170 172
14749 170 173
14749 171 172
14749 172 173
14749 173 174
14749 174 175
14749 175 176
14749 176 177
14749 177 178
14749 178 179
14749 179 180
14749 179 197
14749 179 198
14749 179 199
14749 180 181
14749 180 194
14749 180 195
14749 180 196
14749 180 197
14749 180 198
14749 180 199
14749 181 182
14749 181 191
14749 181 192
14749 181 193
14749 181 194
14749 181 195
15050 133 148
15050 133 149
15050 133 150
15050 133 151
15050 133 152
15050 133 153
15050 134 135
15050 134 136
15050 134 137
15050 134 138
15050 134 139
15050 134 140
15050 134 141
15050 134 142
15050 134 143
15050 134 144
15050 134 145
15050 134 146
15050 134 147
15050 134 148
15050 134 149
15050 134 150
15050 134 151
15050 134 152
15050 135 136
15050 135 137
15050 135 138
15050 135 139
15050 135 140
15050 135 141
15050 135 142
15351 17 18
15351 17 19
15351 17 20
15351 17 21
15351 17 22
15351 17 23
15351 18 19
15351 18 20
15351 18 21
15351 18 22
15351 18 23
15351 19 20
15351 19 21
15351 19 22
15351 20 21
15351 20 22
15351 21 22
15351 22 23
15351 23 24
15351 24 25
15351 25 26
15351 26 27
15351 27 28
15351 28 29
15351 28 47
15351 28 48
15351 28 49
15351 28 50
15351 28 51
15351 28 52
15351 28 53
15652 11 19
15652 11 20
15652 11 21
15652 11 22
15652 11 23
15652 11 24
15652 11 25
15652 11 26
15652 12 13
15652 12 14
15652 12 15
15652 12 16
15652 12 17
15652 12 18
15652 12 19
15652 12 20
15652 12 21
15652 12 22
15652 12 23
15652 12 24
15652 12 25
15652 12 26
15652 13 14
15652 13 15
15652 13 16
15652 13 17
15652 13 18
15652 13 19
15652 13 20
15652 13 21
15652 13 22
15953 192 195
15953 192 196
15953 192 197
15953 192 198
15953 192 199
15953 193 194
15953 193 195
15953 193 196
15953 193 197
15953 193 198
15953 193 199
15953 194 195
15953 194 196
15953 194 197
15953 194 198
15953 194 199
15953 195 196
15953 195 197
15953 195 198
15953 196 197
15953 196 198
15953 197 198
15953 198 199
16254 137 143
16254 137 144
16254 137 145
16254 137 146
16254 137 147
16254 137 148
16254 137 149
16254 137 150
16254 137 151
16254 138 139
16254 138 140
16254 138 141
16254 138 142
16254 138 143
16254 138 144
16254 138 145
16254 138 146
16254 138 147
16254 138 148
16254 138 149
16254 138 150
16254 138 151
16254 139 140
16254 139 141
16254 139 142
16254 139 143
16254 139 144
16254 139 145
16254 139 146
16254 139 147
16254 139 148
0 10 17
0 10 18
1.5 81 101
1.5 81 102
3.0 12 18
3.0 12 19
4.5 105 125
4.5 105 126
6.0 84 87
6.0 84 88
7.5 105 117
7.5 105 118
9.0 138 142
9.0 138 143
10.5 151 152
10.5 152 153
12.0 161 172
12.0 161 173
13.5 106 107
13.5 106 115
15.0 133 140
15.0 133 141
16.5 31 43
16.5 31 44
18.0 60 62
18.0 60 63
19.5 147 148
19.5 148 149
21.0 79 103
21.0 80 81
22.5 86 90
22.5 86 91
24.0 181 198
24.0 181 199
25.5 181 196
25.5 181 197
27.0 33 49
27.0 33 50
28.5 7 11
28.5 7 12
30.0 56 70
30.0 56 71
31.5 164 167
31.5 164 168
33.0 156 173
33.0 156 174
34.5 38 46
34.5 38 47
36.0 8 14
36.0 8 15
37.5 162 171
37.5 162 172
39.0 159 178
39.0 160 161
40.5 161 176
40.5 161 177
42.0 7 27
42.0 8 9
43.5 133 142
43.5 133 143
45.0 170 173
45.0 171 172
46.5 108 114
46.5 108 115
48.0 134 135
48.0 134 136
49.5 39 45
49.5 39 46
51.0 16 24
51.0 17 18
52.5 6 19
52.5 6 20
54.0 59 63
54.0 59 64
55.5 82 90
55.5 82 91
57.0 87 96
57.0 87 97
58.5 139 140
58.5 139 141
60.0 186 188
60.0 186 189
61.5 157 167
61.5 157 168
63.0 106 128
63.0 107 108
64.5 60 74
64.5 60 75
66.0 56 72
66.0 56 73
67.5 83 87
67.5 83 88
69.0 109 113
69.0 109 114
70.5 192 193
70.5 192 194
72.0 85 102
72.0 86 87
73.5 136 144
73.5 136 145
75.0 158 167
75.0 158 168
76.5 57 72
76.5 57 73
78.0 176 177
78.0 177 178
79.5 80 92
79.5 80 93
81.0 190 194
81.0 190 195
82.5 162 175
82.5 162 176
84.0 158 175
84.0 158 176
85.5 108 116
85.5 108 117
87.0 4 5
87.0 4 18
88.5 181 192
88.5 181 193
90.0 159 166
90.0 159 167
91.5 184 187
91.5 184 188
93.0 143 146
93.0 143 147
94.5 139 144
94.5 139 145
96.0 7 21
96.0 7 22
97.5 29 47
97.5 29 48
99.0 158 163
99.0 158 164
100.5 79 99
100.5 79 100
102.0 135 138
102.0 135 139
103.5 130 148
103.5 130 149
105.0 111 126
105.0 111 127
106.5 49 50
106.5 50 51
108.0 5 23
108.0 5 24
109.5 153 154
109.5 153 175
111.0 14 22
111.0 14 23
112.5 9 18
112.5 9 19
114.0 112 123
114.0 112 124
115.5 28 78
115.5 28 103
117.0 12 14
117.0 12 15
118.5 113 124
118.5 113 125
120.0 78 98
120.0 78 99
121.5 19 20
121.5 19 21
123.0 112 121
123.0 112 122
124.5 35 42
124.5 35 43
126.0 157 171
126.0 157 172
127.5 42 44
127.5 42 45
129.0 193 199
129.0 194 195
130.5 56 68
130.5 56 69
132.0 180 194
132.0 180 195
133.5 164 171
133.5 164 172
135.0 7 15
135.0 7 16
136.5 60 72
136.5 60 73
138.0 2 3
138.0 2 27
139.5 108 120
139.5 108 121
141.0 134 139
141.0 134 140
142.5 64 70
142.5 64 71
144.0 11 22
144.0 11 23
145.5 2 153
145.5 2 177
147.0 38 40
147.0 38 41
148.5 3 152
148.5 3 153
150.0 92 93
150.0 92 94
151.5 87 98
151.5 87 99
153.0 190 198
153.0 190 199
154.5 192 195
154.5 192 196
156.0 113 120
156.0 113 121
157.5 13 25
157.5 14 15
159.0 15 20
159.0 15 21
160.5 90 91
160.5 90 92
162.0 164 175
162.0 164 176
163.5 139 148
163.5 139 149
165.0 7 19
165.0 7 20
166.5 133 136
166.5 133 137
168.0 137 145
168.0 137 146
169.5 30 51
169.5 30 52
171.0 86 92
171.0 86 93
172.5 162 167
172.5 162 168
174.0 163 173
174.0 163 174
175.5 166 175
175.5 167 168
177.0 16 20
177.0 16 21
178.5 84 91
178.5 84 92
180.0 107 123
180.0 107 124
181.5 160 168
181.5 160 169
183.0 136 140
183.0 136 141
184.5 18 22
184.5 18 23
186.0 66 73
186.0 66 74
187.5 93 95
187.5 93 96
189.0 13 21
189.0 13 22
190.5 6 25
190.5 6 26
192.0 10 25
192.0 10 26
193.5 88 93
193.5 88 94
195.0 133 148
195.0 133 149
196.5 92 97
196.5 92 98
198.0 174 175
198.0 175 176
199.5 132 153
199.5 133 134
201.0 9 14
201.0 9 15
202.5 183 198
202.5 183 199
204.0 3 102
204.0 3 103
205.5 65 66
205.5 65 67
207.0 138 144
207.0 138 145
208.5 71 72
208.5 72 73
210.0 44 47
210.0 45 46
211.5 156 177
211.5 156 178
213.0 130 131
213.0 130 143
214.5 141 150
214.5 142 143
216.0 11 26
216.0 12 13
217.5 32 33
217.5 32 37
219.0 190 192
219.0 190 193
220.5 87 88
220.5 87 89
222.0 61 68
222.0 61 69
223.5 64 66
223.5 64 67
225.0 41 47
225.0 41 48
226.5 81 103
226.5 82 83
228.0 34 45
228.0 34 46
229.5 32 42
229.5 32 43
231.0 117 119
231.0 117 120
232.5 140 147
232.5 140 148
234.0 36 49
234.0 36 50
235.5 58 65
235.5 58 66
237.0 104 122
237.0 104 123
238.5 42 48
238.5 43 44
240.0 186 194
240.0 186 195
241.5 183 190
241.5 183 191
243.0 110 120
243.0 110 121
244.5 39 49
244.5 39 50
246.0 13 19
246.0 13 20
247.5 134 143
247.5 134 144
249.0 56 64
249.0 56 65
250.5 136 150
250.5 136 151
252.0 140 141
252.0 140 142
253.5 166 169
253.5 166 170
255.0 83 95
255.0 83 96
256.5 17 21
256.5 17 22
258.0 163 165
258.0 163 166
259.5 191 194
259.5 191 195
261.0 168 173
261.0 168 174
262.5 11 24
262.5 11 25
264.0 169 170
264.0 169 171
265.5 159 162
265.5 159 163
267.0 182 198
267.0 182 199
268.5 108 128
268.5 109 110
270.0 183 192
270.0 183 193
271.5 29 49
271.5 29 50
273.0 8 20
273.0 8 21
274.5 13 15
274.5 13 16
276.0 13 23
276.0 13 24
277.5 105 119
277.5 105 120
279.0 149 150
279.0 150 151
280.5 63 65
280.5 63 66
282.0 156 167
282.0 156 168
283.5 75 76
283.5 76 77
285.0 28 48
285.0 28 49
286.5 56 76
286.5 56 77
288.0 155 169
288.0 155 170
289.5 83 84
289.5 83 86
291.0 33 41
291.0 33 42
292.5 55 78
292.5 56 57
294.0 160 174
294.0 160 175
295.5 53 153
295.5 53 178
297.0 140 145
297.0 140 146
298.5 55 72
298.5 55 73
300.0 35 36
300.0 35 37
301.5 31 45
301.5 31 46
303.0 37 47
303.0 37 48
304.5 31 49
304.5 31 50
306.0 83 99
306.0 83 100
307.5 88 101
307.5 89 90
309.0 83 93
309.0 83 94
310.5 12 26
310.5 13 14
312.0 107 121
312.0 107 122
313.5 114 118
313.5 114 119
315.0 131 132
315.0 131 141
316.5 157 158
316.5 157 164
318.0 15 16
318.0 15 17
319.5 37 39
319.5 37 40
321.0 89 97
321.0 89 98
322.5 131 148
322.5 131 149
324.0 133 150
324.0 133 151
325.5 193 195
325.5 193 196
327.0 57 74
327.0 57 75
328.5 30 45
328.5 30 46
330.0 161 162
330.0 161 163
331.5 28 128
331.5 28 153
333.0 136 148
333.0 136 149
334.5 113 114
334.5 113 115
336.0 11 16
336.0 11 17
337.5 3 127
337.5 3 128
339.0 159 176
339.0 159 177
340.5 157 173
340.5 157 174
342.0 51 52
342.0 52 53
343.5 136 146
343.5 136 147
345.0 81 82
345.0 81 90
346.5 94 95
346.5 94 96
348.0 14 16
348.0 14 17
349.5 115 116
349.5 115 117
351.0 162 177
351.0 163 164
352.5 157 169
352.5 157 170
354.0 195 196
354.0 195 197
355.5 137 141
355.5 137 142
357.0 88 97
357.0 88 98
358.5 61 74
358.5 61 75
360.0 8 22
360.0 8 23
361.5 11 12
361.5 11 13
363.0 6 17
363.0 6 18
364.5 58 67
364.5 58 68
366.0 95 96
366.0 95 97
367.5 11 18
367.5 11 19
369.0 58 63
369.0 58 64
370.5 155 156
370.5 155 168
372.0 116 117
372.0 116 118
373.5 111 124
373.5 111 125
375.0 103 178
375.0 104 105
376.5 53 73
376.5 53 74
378.0 61 66
378.0 61 67
379.5 129 148
379.5 129 149
381.0 7 23
381.0 7 24
382.5 64 72
382.5 64 73
384.0 129 150
384.0 129 151
385.5 122 123
385.5 123 124
387.0 2 53
387.0 2 77
388.5 184 193
388.5 184 194
390.0 161 170
390.0 161 171
391.5 157 175
391.5 157 176
393.0 181 194
393.0 181 195
394.5 82 92
394.5 82 93
396.0 160 162
396.0 160 163
397.5 111 112
397.5 111 113
399.0 163 175
399.0 163 176
400.5 185 191
400.5 185 192
402.0 134 151
402.0 134 152
403.5 119 122
403.5 119 123
405.0 30 41
405.0 30 42
406.5 138 146
406.5 138 147
408.0 36 51
408.0 37 38
409.5 116 123
409.5 116 124
411.0 31 47
411.0 31 48
412.5 57 76
412.5 57 77
414.0 64 68
414.0 64 69
415.5 86 94
415.5 86 95
417.0 155 173
417.0 155 174
418.5 145 148
418.5 146 147
420.0 118 121
420.0 118 122
421.5 85 88
421.5 85 89
423.0 187 192
423.0 187 193
424.5 62 76
424.5 63 64
426.0 135 148
426.0 135 149
427.5 90 97
427.5 90 98
429.0 109 119
429.0 109 120
430.5 6 15
430.5 6 16
432.0 154 175
432.0 154 176
433.5 62 74
433.5 62 75
435.0 154 177
435.0 154 178
436.5 132 149
436.5 132 150
438.0 109 125
438.0 109 126
439.5 132 143
439.5 132 144
441.0 56 66
441.0 56 67
442.5 139 150
442.5 139 151
444.0 28 29
444.0 28 47
445.5 12 20
445.5 12 21
447.0 33 51
447.0 33 52
448.5 15 18
448.5 15 19
450.0 39 47
450.0 39 48
451.5 5 6
451.5 5 16
453.0 39 43
453.0 39 44
454.5 30 43
454.5 30 44
456.0 81 97
456.0 81 98
457.5 159 170
457.5 159 171
459.0 59 77
459.0 60 61
460.5 53 54
460.5 53 72
462.0 136 142
462.0 136 143
463.5 37 45
463.5 37 46
465.0 137 147
465.0 137 148
466.5 10 11
466.5 10 12
468.0 128 150
468.0 128 151
469.5 58 61
469.5 58 62
471.0 136 152
471.0 137 138
472.5 60 66
472.5 60 67
474.0 135 136
474.0 135 137
475.5 144 147
475.5 144 148
477.0 24 25
477.0 25 26
478.5 105 127
478.5 105 128
480.0 160 172
480.0 160 173
481.5 60 64
481.5 60 65
483.0 110 126
483.0 110 127
484.5 186 196
484.5 186 197
486.0 63 69
486.0 63 70
487.5 93 97
487.5 93 98
489.0 88 95
489.0 88 96
490.5 107 113
490.5 107 114
492.0 162 173
492.0 162 174
493.5 156 157
493.5 156 166
495.0 30 53
495.0 31 32
496.5 114 124
496.5 114 125
498.0 28 177
498.0 28 178
499.5 189 193
499.5 189 194
501.0 133 138
501.0 133 139
502.5 10 15
502.5 10 16
504.0 185 189
504.0 185 190
505.5 133 144
505.5 133 145
507.0 108 118
507.0 108 119
508.5 142 148
508.5 142 149
510.0 81 95
510.0 81 96
511.5 110 124
511.5 110 125
513.0 14 24
513.0 14 25
514.5 9 20
514.5 9 21
516.0 109 117
516.0 109 118
517.5 31 41
517.5 31 42
519.0 158 173
519.0 158 174
520.5 129 146
520.5 129 147
522.0 35 50
522.0 35 51
523.5 9 12
523.5 9 13
525.0 69 70
525.0 69 71
526.5 59 61
526.5 59 62
528.0 91 96
528.0 91 97
529.5 62 66
529.5 62 67
531.0 68 72
531.0 68 73
532.5 89 99
532.5 89 100
534.0 83 89
534.0 83 90
535.5 126 127
535.5 127 128
537.0 35 44
537.0 35 45
538.5 142 146
538.5 142 147
540.0 195 198
540.0 196 197
541.5 109 111
541.5 109 112
543.0 15 22
543.0 15 23
544.5 8 18
544.5 8 19
546.0 77 78
546.0 78 79
547.5 184 191
547.5 184 192
549.0 182 196
549.0 182 197
550.5 94 97
550.5 94 98
552.0 165 172
552.0 165 173
553.5 7 25
553.5 7 26
555.0 159 160
555.0 159 161
556.5 3 25
556.5 3 26
558.0 154 171
558.0 154 172
559.5 85 94
559.5 85 95
561.0 103 126
561.0 103 127
562.5 182 190
562.5 182 191
564.0 59 65
564.0 59 66
565.5 58 77
565.5 59 60
567.0 107 115
567.0 107 116
568.5 58 73
568.5 58 74
570.0 54 70
570.0 54 71
571.5 33 39
571.5 33 40
573.0 35 46
573.0 35 47
574.5 132 147
574.5 132 148
576.0 140 149
576.0 140 150
577.5 117 121
577.5 117 122
579.0 189 197
579.0 189 198
580.5 170 171
580.5 170 172
582.0 92 99
582.0 93 94
583.5 161 166
583.5 161 167
585.0 91 92
585.0 91 93
586.5 78 100
586.5 78 101
588.0 179 199
588.0 180 181
589.5 73 74
589.5 74 75
591.0 5 27
591.0 6 7
592.5 145 146
592.5 145 147
594.0 32 44
594.0 32 45
595.5 143 144
595.5 143 145
597.0 105 121
597.0 105 122
598.5 91 94
598.5 91 95
600.0 57 68
600.0 57 69
601.5 111 122
601.5 111 123
603.0 179 197
603.0 179 198
604.5 17 23
604.5 18 19
606.0 142 144
606.0 142 145
607.5 140 143
607.5 140 144
609.0 196 198
609.0 197 198
610.5 57 62
610.5 57 63
612.0 161 174
612.0 161 175
613.5 106 126
613.5 106 127
615.0 188 191
615.0 188 192
616.5 2 178
616.5 3 4
618.0 85 86
618.0 85 87
619.5 86 96
619.5 86 97
621.0 15 24
621.0 16 17
622.5 89 93
622.5 89 94
624.0 187 198
624.0 187 199
625.5 139 142
625.5 139 143
627.0 44 45
627.0 44 46
628.5 184 195
628.5 184 196
630.0 5 17
630.0 5 18
631.5 132 145
631.5 132 146
633.0 165 166
633.0 165 167
634.5 38 48
634.5 38 49
636.0 106 120
636.0 106 121
637.5 2 103
637.5 2 127
639.0 183 184
639.0 183 187
640.5 4 27
640.5 4 28
642.0 20 22
642.0 21 22
643.5 158 177
643.5 158 178
645.0 63 73
645.0 63 74
646.5 118 119
646.5 118 120
648.0 34 37
648.0 34 38
649.5 108 112
649.5 108 113
651.0 156 171
651.0 156 172
652.5 161 168
652.5 161 169
654.0 43 45
654.0 43 46
655.5 84 101
655.5 84 102
657.0 65 72
657.0 65 73
658.5 188 189
658.5 188 190
660.0 110 116
660.0 110 117
661.5 107 127
661.5 107 128
663.0 132 133
663.0 132 138
664.5 158 171
664.5 158 172
666.0 10 13
666.0 10 14
667.5 30 49
667.5 30 50
669.0 158 169
669.0 158 170
670.5 104 126
670.5 104 127
672.0 135 142
672.0 135 143
673.5 37 51
673.5 38 39
675.0 190 196
675.0 190 197
676.5 43 47
676.5 43 48
678.0 80 96
678.0 80 97
679.5 6 21
679.5 6 22
681.0 36 37
681.0 36 38
682.5 134 147
682.5 134 148
684.0 32 40
684.0 32 41
685.5 33 47
685.5 33 48
687.0 53 75
687.0 53 76
688.5 134 137
688.5 134 138
690.0 36 45
690.0 36 46
691.5 3 21
691.5 3 22
693.0 55 70
693.0 55 71
694.5 135 146
694.5 135 147
696.0 5 19
696.0 5 20
697.5 14 20
697.5 14 21
699.0 172 173
699.0 173 174
700.5 180 198
700.5 180 199
702.0 104 128
702.0 105 106
703.5 9 16
703.5 9 17
705.0 118 123
705.0 118 124
706.5 110 122
706.5 110 123
708.0 2 78
708.0 2 102
709.5 163 167
709.5 163 168
711.0 65 68
711.0 65 69
712.5 188 195
712.5 188 196
714.0 33 43
714.0 33 44
715.5 120 121
715.5 120 122
717.0 194 196
717.0 194 197
718.5 115 122
718.5 115 123
720.0 45 47
720.0 46 47
721.5 85 100
721.5 85 101
723.0 41 43
723.0 41 44
724.5 87 92
724.5 87 93
726.0 83 101
726.0 83 102
727.5 106 118
727.5 106 119
729.0 11 20
729.0 11 21
730.5 3 53
730.5 3 78
732.0 78 102
732.0 78 103
733.5 166 171
733.5 166 172
735.0 181 182
735.0 181 191
736.5 86 88
736.5 86 89
738.0 32 50
738.0 32 51
739.5 161 164
739.5 161 165
741.0 82 100
741.0 82 101
742.5 84 97
742.5 84 98
744.0 12 24
744.0 12 25
745.5 84 95
745.5 84 96
747.0 108 126
747.0 108 127
748.5 106 116
748.5 106 117
750.0 81 91
750.0 81 92
751.5 89 91
751.5 89 92
753.0 87 94
753.0 87 95
754.5 182 194
754.5 182 195
756.0 115 124
756.0 115 125
757.5 2 28
757.5 2 52
759.0 33 45
759.0 33 46
760.5 91 98
760.5 91 99
762.0 34 39
762.0 34 40
763.5 26 27
763.5 27 28
765.0 143 148
765.0 143 149
766.5 89 95
766.5 89 96
768.0 141 144
768.0 141 145
769.5 55 68
769.5 55 69
771.0 158 165
771.0 158 166
772.5 156 169
772.5 156 170
774.0 187 196
774.0 187 197
775.5 187 190
775.5 187 191
777.0 54 76
777.0 54 77
778.5 111 120
778.5 111 121
780.0 80 102
780.0 80 103
781.5 167 171
781.5 167 172
783.0 132 141
783.0 132 142
784.5 4 19
784.5 4 20
786.0 4 21
786.0 4 22
787.5 36 47
787.5 36 48
789.0 167 173
789.0 167 174
790.5 62 70
790.5 62 71
792.0 189 199
792.0 190 191
793.5 112 125
793.5 112 126
795.0 28 52
795.0 28 53
796.5 155 175
796.5 155 176
798.0 6 27
798.0 7 8
799.5 3 177
799.5 3 178
801.0 110 118
801.0 110 119
802.5 34 51
802.5 34 52
804.0 40 41
804.0 40 42
805.5 169 172
805.5 169 173
807.0 116 125
807.0 117 118
808.5 129 152
808.5 129 153
810.0 47 48
810.0 48 49
811.5 137 149
811.5 137 150
813.0 163 169
813.0 163 170
814.5 130 144
814.5 130 145
816.0 185 197
816.0 185 198
817.5 113 122
817.5 113 123
819.0 8 16
819.0 8 17
820.5 83 97
820.5 83 98
822.0 63 71
822.0 63 72
823.5 81 93
823.5 81 94
825.0 29 30
825.0 29 44
826.5 155 177
826.5 155 178
828.0 116 121
828.0 116 122
829.5 65 70
829.5 65 71
831.0 131 144
831.0 131 145
832.5 32 46
832.5 32 47
834.0 185 187
834.0 185 188
835.5 138 148
835.5 138 149
837.0 70 71
837.0 70 72
838.5 82 88
838.5 82 89
840.0 134 149
840.0 134 150
841.5 58 59
841.5 58 60
843.0 82 96
843.0 82 97
844.5 115 118
844.5 115 119
846.0 187 194
846.0 187 195
847.5 185 199
847.5 186 187
849.0 6 23
849.0 6 24
850.5 96 97
850.5 97 98
852.0 188 199
852.0 189 190
853.5 17 19
853.5 17 20
855.0 55 66
855.0 55 67
856.5 183 196
856.5 183 197
858.0 86 100
858.0 86 101
859.5 109 121
859.5 109 122
861.0 9 26
861.0 9 27
862.5 165 174
862.5 165 175
864.0 141 146
864.0 141 147
865.5 187 188
865.5 187 189
867.0 40 47
867.0 40 48
868.5 63 67
868.5 63 68
870.0 31 51
870.0 31 52
871.5 111 114
871.5 111 115
873.0 22 23
873.0 23 24
874.5 131 142
874.5 131 143
876.0 103 124
876.0 103 125
877.5 7 17
877.5 7 18
879.0 191 196
879.0 191 197
880.5 10 23
880.5 10 24
882.0 79 95
882.0 79 96
883.5 191 198
883.5 191 199
885.0 185 195
885.0 185 196
886.5 103 128
886.5 103 153
888.0 191 192
888.0 191 193
889.5 41 45
889.5 41 46
891.0 60 76
891.0 60 77
892.5 9 10
892.5 9 11
894.0 189 191
894.0 189 192
895.5 82 98
895.5 82 99
897.0 57 66
897.0 57 67
898.5 87 90
898.5 87 91
900.0 120 123
900.0 121 122
901.5 32 38
901.5 32 39
903.0 6 13
903.0 6 14
904.5 60 70
904.5 60 71
906.0 54 78
906.0 55 56
907.5 159 164
907.5 159 165
909.0 62 68
909.0 62 69
910.5 106 122
910.5 106 123
912.0 137 151
912.0 138 139
913.5 14 18
913.5 14 19
915.0 109 123
915.0 109 124
916.5 5 21
916.5 5 22
918.0 66 69
918.0 66 70
919.5 90 93
919.5 90 94
921.0 90 99
921.0 90 100
922.5 184 189
922.5 184 190
924.0 109 115
924.0 109 116
925.5 166 173
925.5 166 174
927.0 34 43
927.0 34 44
928.5 56 74
928.5 56 75
930.0 162 169
930.0 162 170
931.5 85 92
931.5 85 93
933.0 61 62
933.0 61 63
934.5 84 93
934.5 84 94
936.0 128 178
936.0 129 130
937.5 107 125
937.5 107 126
939.0 62 72
939.0 62 73
940.5 59 75
940.5 59 76
942.0 63 75
942.0 64 65
943.5 114 122
943.5 114 123
945.0 154 173
945.0 154 174
946.5 88 99
946.5 88 100
948.0 54 72
948.0 54 73
949.5 54 55
949.5 54 69
951.0 159 174
951.0 159 175
952.5 158 159
952.5 158 162
954.0 85 90
954.0 85 91
955.5 133 152
955.5 133 153
957.0 78 178
957.0 79 80
958.5 19 22
958.5 20 21
960.0 34 35
960.0 34 36
961.5 82 102
961.5 82 103
963.0 141 142
963.0 141 143
964.5 162 163
964.5 162 164
966.0 55 74
966.0 55 75
967.5 136 138
967.5 136 139
969.0 8 12
969.0 8 13
970.5 160 166
970.5 160 167
972.0 153 176
972.0 153 177
973.5 66 67
973.5 66 68
975.0 117 123
975.0 117 124
976.5 104 120
976.5 104 121
978.0 12 16
978.0 12 17
979.5 33 37
979.5 33 38
981.0 198 199
982.5 132 151
982.5 132 152
984.0 3 27
984.0 3 28
985.5 8 26
985.5 8 27
987.0 55 76
987.0 55 77
988.5 107 119
988.5 107 120
990.0 185 193
990.0 185 194
991.5 112 115
991.5 112 116
993.0 40 43
993.0 40 44
994.5 37 43
994.5 37 44
996.0 167 169
996.0 167 170
997.5 34 41
997.5 34 42
999.0 35 48
999.0 35 49
1000.5 90 95
1000.5 90 96
1002.0 61 72
1002.0 61 73
1003.5 81 99
1003.5 81 100
1005.0 184 199
1005.0 185 186
1006.5 182 192
1006.5 182 193
1008.0 109 127
1008.0 110 111
1009.5 124 125
1009.5 125 126
1011.0 162 165
1011.0 162 166
1012.5 131 150
1012.5 131 151
1014.0 61 70
1014.0 61 71
1015.5 78 128
1015.5 78 153
1017.0 139 146
1017.0 139 147
1018.5 8 10
1018.5 8 11
1020.0 58 75
1020.0 58 76
1021.5 9 24
1021.5 9 25
1023.0 112 113
1023.0 112 114
1024.5 192 199
1024.5 193 194
1026.0 110 112
1026.0 110 113
1027.5 184 185
1027.5 184 186
1029.0 80 100
1029.0 80 101
1030.5 130 150
1030.5 130 151
1032.0 10 19
1032.0 10 20
1033.5 137 143
1033.5 137 144
1035.0 60 68
1035.0 60 69
1036.5 159 172
1036.5 159 173
1038.0 159 168
1038.0 159 169
1039.5 82 94
1039.5 82 95
1041.0 57 64
1041.0 57 65
1042.5 40 49
1042.5 41 42
1044.0 111 118
1044.0 111 119
1045.5 69 72
1045.5 69 73
1047.0 29 51
1047.0 29 52
1048.5 112 119
1048.5 112 120
1050.0 137 139
1050.0 137 140
1051.5 111 116
1051.5 111 117
1053.0 30 47
1053.0 30 48
1054.5 163 171
1054.5 163 172
1056.0 135 140
1056.0 135 141
1057.5 134 141
1057.5 134 142
1059.0 58 69
1059.0 58 70
1060.5 128 129
1060.5 128 149
1062.0 107 117
1062.0 107 118
1063.5 67 68
1063.5 67 69
1065.0 5 25
1065.0 5 26
1066.5 32 48
1066.5 32 49
1068.0 53 103
1068.0 53 128
1069.5 10 21
1069.5 10 22
1071.0 183 194
1071.0 183 195
1072.5 64 74
1072.5 64 75
1074.0 79 97
1074.0 79 98
1075.5 131 146
1075.5 131 147
1077.0 85 96
1077.0 85 97
1078.5 108 109
1078.5 108 111
1080.0 135 152
1080.0 136 137
1081.5 184 197
1081.5 184 198
1083.0 34 49
1083.0 34 50
1084.5 84 99
1084.5 84 100
1086.0 7 13
1086.0 7 14
1087.5 113 126
1087.5 114 115
1089.0 54 74
1089.0 54 75
1090.5 165 170
1090.5 165 171
1092.0 67 70
1092.0 67 71
1093.5 166 167
1093.5 166 168
1095.0 66 71
1095.0 66 72
1096.5 61 76
1096.5 62 63
1098.0 3 23
1098.0 3 24
1099.5 128 152
1099.5 128 153
1101.0 59 69
1101.0 59 70
1102.5 80 94
1102.5 80 95
1104.0 183 188
1104.0 183 189
1105.5 182 183
1105.5 182 189
1107.0 9 22
1107.0 9 23
1108.5 135 144
1108.5 135 145
1110.0 83 91
1110.0 83 92
1111.5 110 114
1111.5 110 115
1113.0 108 122
1113.0 108 123
1114.5 80 98
1114.5 80 99
1116.0 141 148
1116.0 141 149
1117.5 59 71
1117.5 59 72
1119.0 29 45
1119.0 29 46
1120.5 28 50
1120.5 28 51
1122.0 33 35
1122.0 33 36
1123.5 32 52
1123.5 33 34
1125.0 134 145
1125.0 134 146
1126.5 114 120
1126.5 114 121
1128.0 16 22
1128.0 16 23
1129.5 116 119
1129.5 116 120
1131.0 58 71
1131.0 58 72
1132.5 56 78
1132.5 57 58
1134.0 186 192
1134.0 186 193
1135.5 164 173
1135.5 164 174
1137.0 106 124
1137.0 106 125
1138.5 133 146
1138.5 133 147
1140.0 100 101
1140.0 101 102
1141.5 4 23
1141.5 4 24
1143.0 153 178
1143.0 154 155
1144.5 59 67
1144.5 59 68
1146.0 186 198
1146.0 186 199
1147.5 18 20
1147.5 18 21
1149.0 36 41
1149.0 36 42
1150.5 12 22
1150.5 12 23
1152.0 168 171
1152.0 168 172
1153.5 132 139
1153.5 132 140
1155.0 178 179
1155.0 179 180
1156.5 35 40
1156.5 35 41
1158.0 135 150
1158.0 135 151
1159.5 86 98
1159.5 86 99
1161.0 84 89
1161.0 84 90
1162.5 40 45
1162.5 40 46
1164.0 34 47
1164.0 34 48
1165.5 65 74
1165.5 65 75
1167.0 4 25
1167.0 4 26
1168.5 59 73
1168.5 59 74
1170.0 189 195
1170.0 189 196
1171.5 157 165
1171.5 157 166
1173.0 104 124
1173.0 104 125
1174.5 160 170
1174.5 160 171
1176.0 36 39
1176.0 36 40
1177.5 160 176
1177.5 160 177
1179.0 67 72
1179.0 67 73
1180.5 37 41
1180.5 37 42
1182.0 39 41
1182.0 39 42
1183.5 79 101
1183.5 79 102
1185.0 160 164
1185.0 160 165
1186.5 37 49
1186.5 37 50
1188.0 165 168
1188.0 165 169
1189.5 84 85
1189.5 84 86
1191.0 130 146
1191.0 130 147
1192.5 115 120
1192.5 115 121
1194.0 85 98
1194.0 85 99
1195.5 13 17
1195.5 13 18
1197.0 62 64
1197.0 62 65
1198.5 36 43
1198.5 36 44
1200.0 57 70
1200.0 57 71
1201.5 67 74
1201.5 68 69
1203.0 29 53
1203.0 30 31
1204.5 31 39
1204.5 31 40
1206.0 156 175
1206.0 156 176
1207.5 164 169
1207.5 164 170
1209.0 131 152
1209.0 131 153
1210.5 8 24
1210.5 8 25
1212.0 0 1
1212.0 1 2
1213.5 2 128
1213.5 2 152
1215.0 88 91
1215.0 88 92
1216.5 68 70
1216.5 68 71
1218.0 42 46
1218.0 42 47
1219.5 61 64
1219.5 61 65
1221.0 194 198
1221.0 194 199
1222.5 88 89
1222.5 88 90
1224.0 35 38
1224.0 35 39
1225.5 130 152
1225.5 130 153
1227.0 92 95
1227.0 92 96
1228.5 119 120
1228.5 119 121
1230.0 102 103
1230.0 103 104
1231.5 38 50
1231.5 39 40
1233.0 155 171
1233.0 155 172
1234.5 114 116
1234.5 114 117
1236.0 113 116
1236.0 113 117
1237.5 112 117
1237.5 112 118
1239.0 105 123
1239.0 105 124
1240.5 188 193
1240.5 188 194
1242.0 138 150
1242.0 138 151
1243.5 144 145
1243.5 144 146
1245.0 164 165
1245.0 164 166
1246.5 98 99
1246.5 99 100
1248.0 87 100
1248.0 87 101
1249.5 113 118
1249.5 113 119
1251.0 168 169
1251.0 168 170
1252.5 53 77
1252.5 53 78
1254.0 16 18
1254.0 16 19
1255.5 41 49
1255.5 42 43
1257.0 192 197
1257.0 192 198
1258.5 180 196
1258.5 180 197
1260.0 186 190
1260.0 186 191
1261.5 193 197
1261.5 193 198
1263.0 188 197
1263.0 188 198
1264.5 38 42
1264.5 38 43
1266.0 11 14
1266.0 11 15
1267.5 38 44
1267.5 38 45
1269.0 138 140
1269.0 138 141
1270.5 108 124
1270.5 108 125
1272.0 157 177
1272.0 157 178
