0 131 153
0 132 133
0 132 138
0 132 139
0 132 140
0 132 141
0 132 142
0 132 143
0 132 144
0 132 145
0 132 146
0 132 147
0 132 148
0 132 149
0 132 150
0 132 151
0 132 152
0 132 153
0 133 134
0 133 136
0 133 137
0 133 138
0 133 139
0 133 140
0 133 141
0 133 142
0 133 143
0 133 144
0 133 145
0 133 146
0 133 147
301 143 146
301 143 147
301 143 148
301 143 149
301 144 145
301 144 146
301 144 147
301 144 148
301 145 146
301 145 147
301 145 148
301 146 147
301 147 148
301 148 149
301 149 150
301 150 151
301 151 152
301 152 153
301 153 154
301 153 175
301 153 176
301 153 177
301 153 178
301 154 155
301 154 171
301 154 172
301 154 173
301 154 174
301 154 175
301 154 176
301 154 177
602 133 148
602 133 149
602 133 150
602 133 151
602 133 152
602 133 153
602 134 135
602 134 136
602 134 137
602 134 138
602 134 139
602 134 140
602 134 141
602 134 142
602 134 143
602 134 144
602 134 145
602 134 146
602 134 147
602 134 148
602 134 149
602 134 150
602 134 151
602 134 152
602 135 136
602 135 137
602 135 138
602 135 139
602 135 140
602 135 141
602 135 142
903 169 171
903 169 172
903 169 173
903 170 171
903 170 172
903 170 173
903 171 172
903 172 173
903 173 174
903 174 175
903 175 176
903 176 177
903 177 178
903 178 179
903 179 180
903 179 197
903 179 198
903 179 199
903 180 181
903 180 194
903 180 195
903 180 196
903 180 197
903 180 198
903 180 199
903 181 182
903 181 191
903 181 192
903 181 193
903 181 194
903 181 195
1204 56 66
1204 56 67
1204 56 68
1204 56 69
1204 56 70
1204 56 71
1204 56 72
1204 56 73
1204 56 74
1204 56 75
1204 56 76
1204 56 77
1204 56 78
1204 57 58
1204 57 62
1204 57 63
1204 57 64
1204 57 65
1204 57 66
1204 57 67
1204 57 68
1204 57 69
1204 57 70
1204 57 71
1204 57 72
1204 57 73
1204 57 74
1204 57 75
1204 57 76
1204 57 77
1204 58 59
1505 9 20
1505 9 21
1505 9 22
1505 9 23
1505 9 24
1505 9 25
1505 9 26
1505 9 27
1505 10 11
1505 10 12
1505 10 13
1505 10 14
1505 10 15
1505 10 16
1505 10 17
1505 10 18
1505 10 19
1505 10 20
1505 10 21
1505 10 22
1505 10 23
1505 10 24
1505 10 25
1505 10 26
1505 11 12
1505 11 13
1505 11 14
1505 11 15
1505 11 16
1505 11 17
1505 11 18
1806 11 19
1806 11 20
1806 11 21
1806 11 22
1806 11 23
1806 11 24
1806 11 25
1806 11 26
1806 12 13
1806 12 14
1806 12 15
1806 12 16
1806 12 17
1806 12 18
1806 12 19
1806 12 20
1806 12 21
1806 12 22
1806 12 23
1806 12 24
1806 12 25
1806 12 26
1806 13 14
1806 13 15
1806 13 16
1806 13 17
1806 13 18
1806 13 19
1806 13 20
1806 13 21
1806 13 22
2107 160 174
2107 160 175
2107 160 176
2107 160 177
2107 161 162
2107 161 163
2107 161 164
2107 161 165
2107 161 166
2107 161 167
2107 161 168
2107 161 169
2107 161 170
2107 161 171
2107 161 172
2107 161 173
2107 161 174
2107 161 175
2107 161 176
2107 161 177
2107 162 163
2107 162 164
2107 162 165
2107 162 166
2107 162 167
2107 162 168
2107 162 169
2107 162 170
2107 162 171
2107 162 172
2107 162 173
2408 184 186
2408 184 187
2408 184 188
2408 184 189
2408 184 190
2408 184 191
2408 184 192
2408 184 193
2408 184 194
2408 184 195
2408 184 196
2408 184 197
2408 184 198
2408 184 199
2408 185 186
2408 185 187
2408 185 188
2408 185 189
2408 185 190
2408 185 191
2408 185 192
2408 185 193
2408 185 194
2408 185 195
2408 185 196
2408 185 197
2408 185 198
2408 185 199
2408 186 187
2408 186 188
2408 186 189
2709 83 89
2709 83 90
2709 83 91
2709 83 92
2709 83 93
2709 83 94
2709 83 95
2709 83 96
2709 83 97
2709 83 98
2709 83 99
2709 83 100
2709 83 101
2709 83 102
2709 84 85
2709 84 86
2709 84 87
2709 84 88
2709 84 89
2709 84 90
2709 84 91
2709 84 92
2709 84 93
2709 84 94
2709 84 95
2709 84 96
2709 84 97
2709 84 98
2709 84 99
2709 84 100
2709 84 101
3010 117 124
3010 118 119
3010 118 120
3010 118 121
3010 118 122
3010 118 123
3010 118 124
3010 119 120
3010 119 121
3010 119 122
3010 119 123
3010 120 121
3010 120 122
3010 120 123
3010 121 122
3010 122 123
3010 123 124
3010 124 125
3010 125 126
3010 126 127
3010 127 128
3010 128 129
3010 128 149
3010 128 150
3010 128 151
3010 128 152
3010 128 153
3010 128 178
3010 129 130
3010 129 146
3010 129 147
3311 137 143
3311 137 144
3311 137 145
3311 137 146
3311 137 147
3311 137 148
3311 137 149
3311 137 150
3311 137 151
3311 138 139
3311 138 140
3311 138 141
3311 138 142
3311 138 143
3311 138 144
3311 138 145
3311 138 146
3311 138 147
3311 138 148
3311 138 149
3311 138 150
3311 138 151
3311 139 140
3311 139 141
3311 139 142
3311 139 143
3311 139 144
3311 139 145
3311 139 146
3311 139 147
3311 139 148
3612 59 73
3612 59 74
3612 59 75
3612 59 76
3612 59 77
3612 60 61
3612 60 62
3612 60 63
3612 60 64
3612 60 65
3612 60 66
3612 60 67
3612 60 68
3612 60 69
3612 60 70
3612 60 71
3612 60 72
3612 60 73
3612 60 74
3612 60 75
3612 60 76
3612 60 77
3612 61 62
3612 61 63
3612 61 64
3612 61 65
3612 61 66
3612 61 67
3612 61 68
3612 61 69
3612 61 70
3913 129 148
3913 129 149
3913 129 150
3913 129 151
3913 129 152
3913 129 153
3913 130 131
3913 130 143
3913 130 144
3913 130 145
3913 130 146
3913 130 147
3913 130 148
3913 130 149
3913 130 150
3913 130 151
3913 130 152
3913 130 153
3913 131 132
3913 131 141
3913 131 142
3913 131 143
3913 131 144
3913 131 145
3913 131 146
3913 131 147
3913 131 148
3913 131 149
3913 131 150
3913 131 151
3913 131 152
4214 67 69
4214 67 70
4214 67 71
4214 67 72
4214 67 73
4214 67 74
4214 68 69
4214 68 70
4214 68 71
4214 68 72
4214 68 73
4214 69 70
4214 69 71
4214 69 72
4214 69 73
4214 70 71
4214 70 72
4214 71 72
4214 72 73
4214 73 74
4214 74 75
4214 75 76
4214 76 77
4214 77 78
4214 78 79
4214 78 98
4214 78 99
4214 78 100
4214 78 101
4214 78 102
4214 78 103
4515 84 102
4515 85 86
4515 85 87
4515 85 88
4515 85 89
4515 85 90
4515 85 91
4515 85 92
4515 85 93
4515 85 94
4515 85 95
4515 85 96
4515 85 97
4515 85 98
4515 85 99
4515 85 100
4515 85 101
4515 85 102
4515 86 87
4515 86 88
4515 86 89
4515 86 90
4515 86 91
4515 86 92
4515 86 93
4515 86 94
4515 86 95
4515 86 96
4515 86 97
4515 86 98
4515 86 99
4816 31 32
4816 31 39
4816 31 40
4816 31 41
4816 31 42
4816 31 43
4816 31 44
4816 31 45
4816 31 46
4816 31 47
4816 31 48
4816 31 49
4816 31 50
4816 31 51
4816 31 52
4816 32 33
4816 32 37
4816 32 38
4816 32 39
4816 32 40
4816 32 41
4816 32 42
4816 32 43
4816 32 44
4816 32 45
4816 32 46
4816 32 47
4816 32 48
4816 32 49
4816 32 50
4816 32 51
5117 104 121
5117 104 122
5117 104 123
5117 104 124
5117 104 125
5117 104 126
5117 104 127
5117 104 128
5117 105 106
5117 105 117
5117 105 118
5117 105 119
5117 105 120
5117 105 121
5117 105 122
5117 105 123
5117 105 124
5117 105 125
5117 105 126
5117 105 127
5117 105 128
5117 106 107
5117 106 115
5117 106 116
5117 106 117
5117 106 118
5117 106 119
5117 106 120
5117 106 121
5117 106 122
5117 106 123
5418 154 178
5418 155 156
5418 155 168
5418 155 169
5418 155 170
5418 155 171
5418 155 172
5418 155 173
5418 155 174
5418 155 175
5418 155 176
5418 155 177
5418 155 178
5418 156 157
5418 156 166
5418 156 167
5418 156 168
5418 156 169
5418 156 170
5418 156 171
5418 156 172
5418 156 173
5418 156 174
5418 156 175
5418 156 176
5418 156 177
5418 156 178
5418 157 158
5418 157 164
5418 157 165
5418 157 166
5719 188 198
5719 188 199
5719 189 190
5719 189 191
5719 189 192
5719 189 193
5719 189 194
5719 189 195
5719 189 196
5719 189 197
5719 189 198
5719 189 199
5719 190 191
5719 190 192
5719 190 193
5719 190 194
5719 190 195
5719 190 196
5719 190 197
5719 190 198
5719 190 199
5719 191 192
5719 191 193
5719 191 194
5719 191 195
5719 191 196
5719 191 197
5719 191 198
5719 191 199
5719 192 193
5719 192 194
6020 139 149
6020 139 150
6020 139 151
6020 140 141
6020 140 142
6020 140 143
6020 140 144
6020 140 145
6020 140 146
6020 140 147
6020 140 148
6020 140 149
6020 140 150
6020 141 142
6020 141 143
6020 141 144
6020 141 145
6020 141 146
6020 141 147
6020 141 148
6020 141 149
6020 141 150
6020 142 143
6020 142 144
6020 142 145
6020 142 146
6020 142 147
6020 142 148
6020 142 149
6020 143 144
6020 143 145
6321 61 71
6321 61 72
6321 61 73
6321 61 74
6321 61 75
6321 61 76
6321 62 63
6321 62 64
6321 62 65
6321 62 66
6321 62 67
6321 62 68
6321 62 69
6321 62 70
6321 62 71
6321 62 72
6321 62 73
6321 62 74
6321 62 75
6321 62 76
6321 63 64
6321 63 65
6321 63 66
6321 63 67
6321 63 68
6321 63 69
6321 63 70
6321 63 71
6321 63 72
6321 63 73
6321 63 74
6622 110 114
6622 110 115
6622 110 116
6622 110 117
6622 110 118
6622 110 119
6622 110 120
6622 110 121
6622 110 122
6622 110 123
6622 110 124
6622 110 125
6622 110 126
6622 110 127
6622 111 112
6622 111 113
6622 111 114
6622 111 115
6622 111 116
6622 111 117
6622 111 118
6622 111 119
6622 111 120
6622 111 121
6622 111 122
6622 111 123
6622 111 124
6622 111 125
6622 111 126
6622 111 127
6622 112 113
6923 3 128
6923 3 152
6923 3 153
6923 3 177
6923 3 178
6923 4 5
6923 4 18
6923 4 19
6923 4 20
6923 4 21
6923 4 22
6923 4 23
6923 4 24
6923 4 25
6923 4 26
6923 4 27
6923 4 28
6923 5 6
6923 5 16
6923 5 17
6923 5 18
6923 5 19
6923 5 20
6923 5 21
6923 5 22
6923 5 23
6923 5 24
6923 5 25
6923 5 26
6923 5 27
6923 6 7
7224 78 128
7224 78 153
7224 78 178
7224 79 80
7224 79 95
7224 79 96
7224 79 97
7224 79 98
7224 79 99
7224 79 100
7224 79 101
7224 79 102
7224 79 103
7224 80 81
7224 80 92
7224 80 93
7224 80 94
7224 80 95
7224 80 96
7224 80 97
7224 80 98
7224 80 99
7224 80 100
7224 80 101
7224 80 102
7224 80 103
7224 81 82
7224 81 90
7224 81 91
7224 81 92
7224 81 93
7525 6 13
7525 6 14
7525 6 15
7525 6 16
7525 6 17
7525 6 18
7525 6 19
7525 6 20
7525 6 21
7525 6 22
7525 6 23
7525 6 24
7525 6 25
7525 6 26
7525 6 27
7525 7 8
7525 7 11
7525 7 12
7525 7 13
7525 7 14
7525 7 15
7525 7 16
7525 7 17
7525 7 18
7525 7 19
7525 7 20
7525 7 21
7525 7 22
7525 7 23
7525 7 24
7525 7 25
7826 63 75
7826 64 65
7826 64 66
7826 64 67
7826 64 68
7826 64 69
7826 64 70
7826 64 71
7826 64 72
7826 64 73
7826 64 74
7826 64 75
7826 65 66
7826 65 67
7826 65 68
7826 65 69
7826 65 70
7826 65 71
7826 65 72
7826 65 73
7826 65 74
7826 65 75
7826 66 67
7826 66 68
7826 66 69
7826 66 70
7826 66 71
7826 66 72
7826 66 73
7826 66 74
7826 67 68
8127 192 195
8127 192 196
8127 192 197
8127 192 198
8127 192 199
8127 193 194
8127 193 195
8127 193 196
8127 193 197
8127 193 198
8127 193 199
8127 194 195
8127 194 196
8127 194 197
8127 194 198
8127 194 199
8127 195 196
8127 195 197
8127 195 198
8127 196 197
8127 196 198
8127 197 198
8127 198 199
8428 162 174
8428 162 175
8428 162 176
8428 162 177
8428 163 164
8428 163 165
8428 163 166
8428 163 167
8428 163 168
8428 163 169
8428 163 170
8428 163 171
8428 163 172
8428 163 173
8428 163 174
8428 163 175
8428 163 176
8428 164 165
8428 164 166
8428 164 167
8428 164 168
8428 164 169
8428 164 170
8428 164 171
8428 164 172
8428 164 173
8428 164 174
8428 164 175
8428 164 176
8428 165 166
8428 165 167
8729 114 120
8729 114 121
8729 114 122
8729 114 123
8729 114 124
8729 114 125
8729 115 116
8729 115 117
8729 115 118
8729 115 119
8729 115 120
8729 115 121
8729 115 122
8729 115 123
8729 115 124
8729 115 125
8729 116 117
8729 116 118
8729 116 119
8729 116 120
8729 116 121
8729 116 122
8729 116 123
8729 116 124
8729 116 125
8729 117 118
8729 117 119
8729 117 120
8729 117 121
8729 117 122
8729 117 123
9030 135 143
9030 135 144
9030 135 145
9030 135 146
9030 135 147
9030 135 148
9030 135 149
9030 135 150
9030 135 151
9030 135 152
9030 136 137
9030 136 138
9030 136 139
9030 136 140
9030 136 141
9030 136 142
9030 136 143
9030 136 144
9030 136 145
9030 136 146
9030 136 147
9030 136 148
9030 136 149
9030 136 150
9030 136 151
9030 136 152
9030 137 138
9030 137 139
9030 137 140
9030 137 141
9030 137 142
9331 58 60
9331 58 61
9331 58 62
9331 58 63
9331 58 64
9331 58 65
9331 58 66
9331 58 67
9331 58 68
9331 58 69
9331 58 70
9331 58 71
9331 58 72
9331 58 73
9331 58 74
9331 58 75
9331 58 76
9331 58 77
9331 59 60
9331 59 61
9331 59 62
9331 59 63
9331 59 64
9331 59 65
9331 59 66
9331 59 67
9331 59 68
9331 59 69
9331 59 70
9331 59 71
9331 59 72
9632 112 114
9632 112 115
9632 112 116
9632 112 117
9632 112 118
9632 112 119
9632 112 120
9632 112 121
9632 112 122
9632 112 123
9632 112 124
9632 112 125
9632 112 126
9632 113 114
9632 113 115
9632 113 116
9632 113 117
9632 113 118
9632 113 119
9632 113 120
9632 113 121
9632 113 122
9632 113 123
9632 113 124
9632 113 125
9632 113 126
9632 114 115
9632 114 116
9632 114 117
9632 114 118
9632 114 119
9933 28 78
9933 28 103
9933 28 128
9933 28 153
9933 28 177
9933 28 178
9933 29 30
9933 29 44
9933 29 45
9933 29 46
9933 29 47
9933 29 48
9933 29 49
9933 29 50
9933 29 51
9933 29 52
9933 29 53
9933 30 31
9933 30 41
9933 30 42
9933 30 43
9933 30 44
9933 30 45
9933 30 46
9933 30 47
9933 30 48
9933 30 49
9933 30 50
9933 30 51
9933 30 52
9933 30 53
10234 53 128
10234 53 153
10234 53 178
10234 54 55
10234 54 69
10234 54 70
10234 54 71
10234 54 72
10234 54 73
10234 54 74
10234 54 75
10234 54 76
10234 54 77
10234 54 78
10234 55 56
10234 55 66
10234 55 67
10234 55 68
10234 55 69
10234 55 70
10234 55 71
10234 55 72
10234 55 73
10234 55 74
10234 55 75
10234 55 76
10234 55 77
10234 55 78
10234 56 57
10234 56 64
10234 56 65
10535 0 1
10535 1 2
10535 2 3
10535 2 27
10535 2 28
10535 2 52
10535 2 53
10535 2 77
10535 2 78
10535 2 102
10535 2 103
10535 2 127
10535 2 128
10535 2 152
10535 2 153
10535 2 177
10535 2 178
10535 3 4
10535 3 21
10535 3 22
10535 3 23
10535 3 24
10535 3 25
10535 3 26
10535 3 27
10535 3 28
10535 3 53
10535 3 78
10535 3 102
10535 3 103
10535 3 127
10836 89 92
10836 89 93
10836 89 94
10836 89 95
10836 89 96
10836 89 97
10836 89 98
10836 89 99
10836 89 100
10836 90 91
10836 90 92
10836 90 93
10836 90 94
10836 90 95
10836 90 96
10836 90 97
10836 90 98
10836 90 99
10836 90 100
10836 91 92
10836 91 93
10836 91 94
10836 91 95
10836 91 96
10836 91 97
10836 91 98
10836 91 99
10836 92 93
10836 92 94
10836 92 95
10836 92 96
11137 34 46
11137 34 47
11137 34 48
11137 34 49
11137 34 50
11137 34 51
11137 34 52
11137 35 36
11137 35 37
11137 35 38
11137 35 39
11137 35 40
11137 35 41
11137 35 42
11137 35 43
11137 35 44
11137 35 45
11137 35 46
11137 35 47
11137 35 48
11137 35 49
11137 35 50
11137 35 51
11137 36 37
11137 36 38
11137 36 39
11137 36 40
11137 36 41
11137 36 42
11137 36 43
11137 36 44
11438 81 94
11438 81 95
11438 81 96
11438 81 97
11438 81 98
11438 81 99
11438 81 100
11438 81 101
11438 81 102
11438 81 103
11438 82 83
11438 82 88
11438 82 89
11438 82 90
11438 82 91
11438 82 92
11438 82 93
11438 82 94
11438 82 95
11438 82 96
11438 82 97
11438 82 98
11438 82 99
11438 82 100
11438 82 101
11438 82 102
11438 82 103
11438 83 84
11438 83 86
11438 83 87
11438 83 88
11739 7 26
11739 7 27
11739 8 9
11739 8 10
11739 8 11
11739 8 12
11739 8 13
11739 8 14
11739 8 15
11739 8 16
11739 8 17
11739 8 18
11739 8 19
11739 8 20
11739 8 21
11739 8 22
11739 8 23
11739 8 24
11739 8 25
11739 8 26
11739 8 27
11739 9 10
11739 9 11
11739 9 12
11739 9 13
11739 9 14
11739 9 15
11739 9 16
11739 9 17
11739 9 18
11739 9 19
12040 92 97
12040 92 98
12040 92 99
12040 93 94
12040 93 95
12040 93 96
12040 93 97
12040 93 98
12040 94 95
12040 94 96
12040 94 97
12040 94 98
12040 95 96
12040 95 97
12040 96 97
12040 97 98
12040 98 99
12040 99 100
12040 100 101
12040 101 102
12040 102 103
12040 103 104
12040 103 124
12040 103 125
12040 103 126
12040 103 127
12040 103 128
12040 103 153
12040 103 178
12040 104 105
12040 104 120
12341 159 161
12341 159 162
12341 159 163
12341 159 164
12341 159 165
12341 159 166
12341 159 167
12341 159 168
12341 159 169
12341 159 170
12341 159 171
12341 159 172
12341 159 173
12341 159 174
12341 159 175
12341 159 176
12341 159 177
12341 159 178
12341 160 161
12341 160 162
12341 160 163
12341 160 164
12341 160 165
12341 160 166
12341 160 167
12341 160 168
12341 160 169
12341 160 170
12341 160 171
12341 160 172
12341 160 173
12642 108 119
12642 108 120
12642 108 121
12642 108 122
12642 108 123
12642 108 124
12642 108 125
12642 108 126
12642 108 127
12642 108 128
12642 109 110
12642 109 111
12642 109 112
12642 109 113
12642 109 114
12642 109 115
12642 109 116
12642 109 117
12642 109 118
12642 109 119
12642 109 120
12642 109 121
12642 109 122
12642 109 123
12642 109 124
12642 109 125
12642 109 126
12642 109 127
12642 110 111
12642 110 112
12642 110 113
12943 38 49
12943 38 50
12943 39 40
12943 39 41
12943 39 42
12943 39 43
12943 39 44
12943 39 45
12943 39 46
12943 39 47
12943 39 48
12943 39 49
12943 39 50
12943 40 41
12943 40 42
12943 40 43
12943 40 44
12943 40 45
12943 40 46
12943 40 47
12943 40 48
12943 40 49
12943 41 42
12943 41 43
12943 41 44
12943 41 45
12943 41 46
12943 41 47
12943 41 48
12943 41 49
12943 42 43
13244 165 168
13244 165 169
13244 165 170
13244 165 171
13244 165 172
13244 165 173
13244 165 174
13244 165 175
13244 166 167
13244 166 168
13244 166 169
13244 166 170
13244 166 171
13244 166 172
13244 166 173
13244 166 174
13244 166 175
13244 167 168
13244 167 169
13244 167 170
13244 167 171
13244 167 172
13244 167 173
13244 167 174
13244 168 169
13244 168 170
13244 168 171
13244 168 172
13244 168 173
13244 168 174
13244 169 170
13545 36 45
13545 36 46
13545 36 47
13545 36 48
13545 36 49
13545 36 50
13545 36 51
13545 37 38
13545 37 39
13545 37 40
13545 37 41
13545 37 42
13545 37 43
13545 37 44
13545 37 45
13545 37 46
13545 37 47
13545 37 48
13545 37 49
13545 37 50
13545 37 51
13545 38 39
13545 38 40
13545 38 41
13545 38 42
13545 38 43
13545 38 44
13545 38 45
13545 38 46
13545 38 47
13545 38 48
13846 32 52
13846 33 34
13846 33 35
13846 33 36
13846 33 37
13846 33 38
13846 33 39
13846 33 40
13846 33 41
13846 33 42
13846 33 43
13846 33 44
13846 33 45
13846 33 46
13846 33 47
13846 33 48
13846 33 49
13846 33 50
13846 33 51
13846 33 52
13846 34 35
13846 34 36
13846 34 37
13846 34 38
13846 34 39
13846 34 40
13846 34 41
13846 34 42
13846 34 43
13846 34 44
13846 34 45
14147 86 100
14147 86 101
14147 87 88
14147 87 89
14147 87 90
14147 87 91
14147 87 92
14147 87 93
14147 87 94
14147 87 95
14147 87 96
14147 87 97
14147 87 98
14147 87 99
14147 87 100
14147 87 101
14147 88 89
14147 88 90
14147 88 91
14147 88 92
14147 88 93
14147 88 94
14147 88 95
14147 88 96
14147 88 97
14147 88 98
14147 88 99
14147 88 100
14147 88 101
14147 89 90
14147 89 91
14448 42 44
14448 42 45
14448 42 46
14448 42 47
14448 42 48
14448 43 44
14448 43 45
14448 43 46
14448 43 47
14448 43 48
14448 44 45
14448 44 46
14448 44 47
14448 45 46
14448 45 47
14448 46 47
14448 47 48
14448 48 49
14448 49 50
14448 50 51
14448 51 52
14448 52 53
14448 53 54
14448 53 72
14448 53 73
14448 53 74
14448 53 75
14448 53 76
14448 53 77
14448 53 78
14448 53 103
14749 17 18
14749 17 19
14749 17 20
14749 17 21
14749 17 22
14749 17 23
14749 18 19
14749 18 20
14749 18 21
14749 18 22
14749 18 23
14749 19 20
14749 19 21
14749 19 22
14749 20 21
14749 20 22
14749 21 22
14749 22 23
14749 23 24
14749 24 25
14749 25 26
14749 26 27
14749 27 28
14749 28 29
14749 28 47
14749 28 48
14749 28 49
14749 28 50
14749 28 51
14749 28 52
14749 28 53
15050 13 23
15050 13 24
15050 13 25
15050 14 15
15050 14 16
15050 14 17
15050 14 18
15050 14 19
15050 14 20
15050 14 21
15050 14 22
15050 14 23
15050 14 24
15050 14 25
15050 15 16
15050 15 17
15050 15 18
15050 15 19
15050 15 20
15050 15 21
15050 15 22
15050 15 23
15050 15 24
15050 16 17
15050 16 18
15050 16 19
15050 16 20
15050 16 21
15050 16 22
15050 16 23
15050 16 24
15351 157 167
15351 157 168
15351 157 169
15351 157 170
15351 157 171
15351 157 172
15351 157 173
15351 157 174
15351 157 175
15351 157 176
15351 157 177
15351 157 178
15351 158 159
15351 158 162
15351 158 163
15351 158 164
15351 158 165
15351 158 166
15351 158 167
15351 158 168
15351 158 169
15351 158 170
15351 158 171
15351 158 172
15351 158 173
15351 158 174
15351 158 175
15351 158 176
15351 158 177
15351 158 178
15351 159 160
15652 106 124
15652 106 125
15652 106 126
15652 106 127
15652 106 128
15652 107 108
15652 107 113
15652 107 114
15652 107 115
15652 107 116
15652 107 117
15652 107 118
15652 107 119
15652 107 120
15652 107 121
15652 107 122
15652 107 123
15652 107 124
15652 107 125
15652 107 126
15652 107 127
15652 107 128
15652 108 109
15652 108 111
15652 108 112
15652 108 113
15652 108 114
15652 108 115
15652 108 116
15652 108 117
15652 108 118
15953 186 190
15953 186 191
15953 186 192
15953 186 193
15953 186 194
15953 186 195
15953 186 196
15953 186 197
15953 186 198
15953 186 199
15953 187 188
15953 187 189
15953 187 190
15953 187 191
15953 187 192
15953 187 193
15953 187 194
15953 187 195
15953 187 196
15953 187 197
15953 187 198
15953 187 199
15953 188 189
15953 188 190
15953 188 191
15953 188 192
15953 188 193
15953 188 194
15953 188 195
15953 188 196
15953 188 197
16254 181 196
16254 181 197
16254 181 198
16254 181 199
16254 182 183
16254 182 189
16254 182 190
16254 182 191
16254 182 192
16254 182 193
16254 182 194
16254 182 195
16254 182 196
16254 182 197
16254 182 198
16254 182 199
16254 183 184
16254 183 187
16254 183 188
16254 183 189
16254 183 190
16254 183 191
16254 183 192
16254 183 193
16254 183 194
16254 183 195
16254 183 196
16254 183 197
16254 183 198
16254 183 199
16254 184 185
