0 164 165
0 164 179
1.5 85 96
1.5 85 97
3.0 140 164
3.0 140 165
4.5 163 182
4.5 163 183
6.0 143 163
6.0 143 164
7.5 153 157
7.5 153 158
9.0 12 33
9.0 13 14
10.5 193 196
10.5 193 197
12.0 20 23
12.0 20 24
13.5 38 43
13.5 38 44
15.0 142 183
15.0 142 184
16.5 146 162
16.5 146 163
18.0 194 195
18.0 194 196
19.5 152 154
19.5 152 155
21.0 7 8
21.0 8 9
22.5 147 187
22.5 148 149
24.0 82 113
24.0 82 114
25.5 54 58
25.5 54 59
27.0 192 194
27.0 192 195
28.5 142 146
28.5 142 147
30.0 124 134
30.0 124 135
31.5 152 156
31.5 152 157
33.0 91 93
33.0 91 94
34.5 107 114
34.5 107 115
36.0 124 132
36.0 124 133
37.5 9 26
37.5 9 27
39.0 79 120
39.0 79 121
40.5 116 123
40.5 117 118
42.0 149 157
42.0 149 158
43.5 189 194
43.5 189 195
45.0 62 78
45.0 63 64
46.5 17 21
46.5 17 22
48.0 164 180
48.0 164 181
49.5 144 161
49.5 144 162
51.0 133 138
51.0 133 139
52.5 146 158
52.5 146 159
54.0 12 31
54.0 12 32
55.5 148 182
55.5 148 183
57.0 49 60
57.0 49 61
58.5 103 112
58.5 103 113
60.0 192 198
60.0 192 199
61.5 1 5
61.5 1 6
63.0 144 182
63.0 144 183
64.5 170 186
64.5 170 187
66.0 54 60
66.0 54 61
67.5 109 111
67.5 109 112
69.0 10 11
69.0 10 25
70.5 39 45
70.5 39 46
72.0 27 33
72.0 28 29
73.5 9 32
73.5 9 33
75.0 170 171
75.0 170 177
76.5 88 119
76.5 88 120
78.0 34 45
78.0 34 46
79.5 141 156
79.5 141 157
81.0 165 180
81.0 165 181
82.5 14 24
82.5 14 25
84.0 73 78
84.0 74 75
85.5 70 72
85.5 70 73
87.0 167 185
87.0 167 186
88.5 67 69
88.5 67 70
90.0 108 112
90.0 108 113
91.5 49 58
91.5 49 59
93.0 91 97
93.0 92 93
94.5 81 86
94.5 81 87
96.0 19 20
96.0 19 21
97.5 150 186
97.5 150 187
99.0 181 186
99.0 182 183
100.5 100 116
100.5 100 117
102.0 190 199
102.0 191 192
103.5 166 180
103.5 166 181
105.0 69 72
105.0 69 73
106.5 83 120
106.5 83 121
108.0 52 59
108.0 52 60
109.5 3 5
109.5 4 5
111.0 18 32
111.0 18 33
112.5 35 39
112.5 35 40
114.0 93 94
114.0 93 95
115.5 133 136
115.5 133 137
117.0 55 60
117.0 55 61
118.5 71 75
118.5 71 76
120.0 145 146
120.0 145 147
121.5 101 118
121.5 101 119
123.0 129 132
123.0 129 133
124.5 52 61
124.5 53 54
126.0 84 116
126.0 84 117
127.5 126 139
127.5 126 140
129.0 115 122
129.0 115 123
130.5 126 131
130.5 126 132
132.0 72 73
132.0 72 74
133.5 14 32
133.5 14 33
135.0 151 158
135.0 151 159
136.5 127 128
136.5 127 129
138.0 88 98
138.0 88 99
139.5 106 111
139.5 106 112
141.0 140 158
141.0 140 159
142.5 153 159
142.5 154 155
144.0 80 122
144.0 80 123
145.5 162 186
145.5 162 187
147.0 170 180
147.0 170 181
148.5 11 12
148.5 11 25
150.0 127 132
150.0 127 133
151.5 194 197
151.5 194 198
153.0 73 76
153.0 73 77
154.5 117 121
154.5 117 122
156.0 126 129
156.0 126 130
157.5 67 73
157.5 67 74
159.0 59 60
159.0 60 61
160.5 17 29
160.5 17 30
162.0 17 33
162.0 18 19
163.5 48 59
163.5 48 60
165.0 132 136
165.0 132 137
166.5 12 13
166.5 12 24
168.0 114 115
168.0 114 121
169.5 133 134
169.5 133 135
171.0 106 120
171.0 106 121
172.5 36 44
172.5 36 45
174.0 83 98
174.0 83 99
175.5 143 149
175.5 143 156
177.0 127 138
177.0 127 139
178.5 66 74
178.5 66 75
180.0 99 119
180.0 99 120
181.5 148 159
181.5 148 160
183.0 105 120
183.0 105 121
184.5 11 30
184.5 11 31
186.0 29 31
186.0 29 32
187.5 78 124
187.5 78 139
189.0 79 116
189.0 79 117
190.5 51 57
190.5 51 58
192.0 82 96
192.0 82 97
193.5 87 117
193.5 87 118
195.0 62 72
195.0 62 73
196.5 140 160
196.5 140 161
198.0 57 59
198.0 57 60
199.5 88 96
199.5 88 97
201.0 172 175
201.0 172 176
202.5 169 170
202.5 169 177
204.0 88 123
204.0 89 90
205.5 19 22
205.5 19 23
207.0 168 180
207.0 168 181
208.5 98 123
208.5 99 100
210.0 80 94
210.0 80 95
211.5 101 116
211.5 101 117
213.0 172 185
213.0 172 186
214.5 17 27
214.5 17 28
216.0 2 5
216.0 3 4
217.5 65 78
217.5 66 67
219.0 67 71
219.0 67 72
220.5 153 155
220.5 153 156
222.0 8 31
222.0 8 32
223.5 131 137
223.5 131 138
225.0 196 198
225.0 196 199
226.5 188 198
226.5 188 199
228.0 99 123
228.0 100 101
229.5 90 92
229.5 90 93
231.0 102 121
231.0 102 122
232.5 143 179
232.5 143 180
234.0 104 116
234.0 104 117
235.5 166 182
235.5 166 183
237.0 117 119
237.0 117 120
238.5 79 96
238.5 79 97
240.0 103 116
240.0 103 117
241.5 36 38
241.5 36 39
243.0 56 61
243.0 57 58
244.5 150 159
244.5 150 160
246.0 33 34
246.0 34 35
247.5 174 178
247.5 174 179
249.0 13 30
249.0 13 31
250.5 172 179
250.5 172 180
252.0 85 122
252.0 85 123
253.5 191 199
253.5 192 193
255.0 63 73
255.0 63 74
256.5 130 139
256.5 131 132
258.0 184 185
258.0 185 186
259.5 142 179
259.5 142 180
261.0 147 162
261.0 147 180
262.5 37 44
262.5 37 45
264.0 68 77
264.0 68 78
265.5 34 41
265.5 34 42
267.0 148 186
267.0 148 187
268.5 114 122
268.5 114 123
270.0 10 26
270.0 10 27
271.5 11 28
271.5 11 29
273.0 142 150
273.0 142 156
274.5 164 186
274.5 164 187
276.0 50 52
276.0 50 53
277.5 50 60
277.5 50 61
279.0 109 113
279.0 110 111
280.5 144 163
280.5 144 164
282.0 171 172
282.0 171 176
283.5 48 53
283.5 48 54
285.0 85 86
285.0 85 95
286.5 27 29
286.5 27 30
288.0 50 54
288.0 50 55
289.5 142 159
289.5 142 160
291.0 149 150
291.0 149 156
292.5 102 119
292.5 102 120
294.0 173 180
294.0 174 175
295.5 108 114
295.5 109 110
297.0 104 122
297.0 104 123
298.5 101 120
298.5 101 121
300.0 174 176
300.0 174 177
301.5 171 181
301.5 171 182
303.0 86 87
303.0 86 95
304.5 103 122
304.5 103 123
306.0 84 85
306.0 84 86
307.5 82 119
307.5 82 120
309.0 168 184
309.0 168 185
310.5 10 30
310.5 10 31
312.0 167 181
312.0 167 182
313.5 47 61
313.5 47 62
315.0 142 157
315.0 142 158
316.5 95 96
316.5 96 97
318.0 116 121
318.0 116 122
319.5 79 98
319.5 79 99
321.0 102 115
321.0 102 116
322.5 187 199
322.5 188 189
324.0 130 137
324.0 130 138
325.5 198 199
327.0 72 75
327.0 72 76
328.5 146 182
328.5 146 183
330.0 49 50
330.0 49 51
331.5 80 88
331.5 80 89
333.0 18 22
333.0 18 23
334.5 144 157
334.5 144 158
336.0 140 156
336.0 140 157
337.5 40 42
337.5 40 43
339.0 82 117
339.0 82 118
340.5 146 184
340.5 146 185
342.0 79 102
342.0 79 103
343.5 104 105
343.5 104 111
345.0 177 178
345.0 178 179
346.5 14 15
346.5 14 23
348.0 193 194
348.0 193 195
349.5 195 199
349.5 196 197
351.0 62 76
351.0 62 77
352.5 128 136
352.5 128 137
354.0 40 44
354.0 40 45
355.5 50 56
355.5 50 57
357.0 143 187
357.0 144 145
358.5 19 24
358.5 19 25
360.0 90 94
360.0 90 95
361.5 81 84
361.5 81 85
363.0 53 57
363.0 53 58
364.5 165 186
364.5 165 187
366.0 146 180
366.0 146 181
367.5 144 148
367.5 144 149
369.0 197 198
369.0 197 199
370.5 79 83
370.5 79 84
372.0 141 149
372.0 141 150
373.5 56 57
373.5 56 58
375.0 145 148
375.0 145 157
376.5 140 181
376.5 140 182
378.0 49 52
378.0 49 53
379.5 142 144
379.5 142 145
381.0 131 139
381.0 132 133
382.5 70 78
382.5 71 72
384.0 39 43
384.0 39 44
385.5 89 123
385.5 90 91
387.0 87 123
387.0 88 89
388.5 143 165
388.5 143 166
390.0 154 156
390.0 154 157
391.5 65 74
391.5 65 75
393.0 55 56
393.0 55 57
394.5 16 31
394.5 16 32
396.0 165 184
396.0 165 185
397.5 90 98
397.5 91 92
399.0 72 77
399.0 72 78
400.5 31 32
400.5 32 33
402.0 70 76
402.0 70 77
403.5 51 61
403.5 51 62
405.0 125 131
405.0 125 132
406.5 10 28
406.5 10 29
408.0 139 140
408.0 140 141
409.5 79 118
409.5 79 119
411.0 126 127
411.0 126 128
412.5 48 57
412.5 48 58
414.0 86 96
414.0 86 97
415.5 35 45
415.5 35 46
417.0 93 96
417.0 94 95
418.5 126 133
418.5 126 134
420.0 106 113
420.0 106 114
421.5 37 42
421.5 37 43
423.0 81 119
423.0 81 120
424.5 100 120
424.5 100 121
426.0 64 69
426.0 64 70
427.5 82 84
427.5 82 85
429.0 12 25
429.0 12 26
430.5 163 164
430.5 163 179
432.0 38 41
432.0 38 42
433.5 80 114
433.5 80 115
435.0 130 135
435.0 130 136
436.5 2 3
436.5 2 4
438.0 115 116
438.0 115 119
439.5 17 25
439.5 17 26
441.0 145 186
441.0 145 187
442.5 144 180
442.5 144 181
444.0 107 112
444.0 107 113
445.5 78 140
445.5 79 80
447.0 144 165
447.0 144 179
448.5 16 27
448.5 16 28
450.0 11 32
450.0 11 33
451.5 17 31
451.5 17 32
453.0 30 31
453.0 30 32
454.5 105 118
454.5 105 119
456.0 159 160
456.0 160 161
457.5 130 131
457.5 130 132
459.0 34 43
459.0 34 44
460.5 172 177
460.5 172 178
462.0 186 187
462.0 187 188
463.5 147 183
463.5 147 184
465.0 125 133
465.0 125 134
466.5 129 134
466.5 129 135
468.0 137 138
468.0 138 139
469.5 15 32
469.5 15 33
471.0 47 48
471.0 47 60
472.5 0 7
472.5 1 2
474.0 189 192
474.0 189 193
475.5 134 139
475.5 135 136
477.0 63 67
477.0 63 68
478.5 154 158
478.5 155 156
480.0 142 161
480.0 142 162
481.5 99 121
481.5 99 122
483.0 40 46
483.0 40 47
484.5 161 162
484.5 161 182
486.0 144 159
486.0 144 160
487.5 55 58
487.5 55 59
489.0 38 45
489.0 38 46
490.5 80 96
490.5 80 97
492.0 128 138
492.0 128 139
493.5 169 186
493.5 169 187
495.0 85 100
495.0 85 115
496.5 145 184
496.5 145 185
498.0 13 28
498.0 13 29
499.5 142 185
499.5 142 186
501.0 81 82
501.0 81 83
502.5 135 139
502.5 136 137
504.0 83 118
504.0 83 119
505.5 108 110
505.5 108 111
507.0 82 121
507.0 82 122
508.5 80 124
508.5 80 140
510.0 84 97
510.0 84 98
511.5 103 120
511.5 103 121
513.0 126 137
513.0 126 138
514.5 70 74
514.5 70 75
516.0 86 118
516.0 86 119
517.5 143 145
517.5 143 146
519.0 83 100
519.0 83 101
520.5 42 44
520.5 42 45
522.0 140 149
522.0 140 150
523.5 61 62
523.5 62 63
525.0 26 27
525.0 26 30
526.5 52 53
526.5 52 54
528.0 36 46
528.0 36 47
529.5 14 28
529.5 14 29
531.0 10 32
531.0 10 33
532.5 63 71
532.5 63 72
534.0 51 55
534.0 51 56
535.5 188 194
535.5 188 195
537.0 81 117
537.0 81 118
538.5 102 123
538.5 103 104
540.0 45 46
540.0 46 47
541.5 15 26
541.5 15 27
543.0 106 118
543.0 106 119
544.5 120 122
544.5 121 122
546.0 167 168
546.0 167 178
547.5 175 176
547.5 175 177
549.0 140 168
549.0 140 178
550.5 86 116
550.5 86 117
552.0 87 98
552.0 87 99
553.5 89 97
553.5 89 98
555.0 116 119
555.0 116 120
556.5 87 121
556.5 87 122
558.0 16 33
558.0 17 18
559.5 148 157
559.5 148 158
561.0 102 103
561.0 102 112
562.5 74 78
562.5 75 76
564.0 145 158
564.0 145 159
565.5 81 115
565.5 81 116
567.0 79 112
567.0 79 113
568.5 73 74
568.5 73 75
570.0 16 29
570.0 16 30
571.5 147 181
571.5 147 182
573.0 141 179
573.0 141 180
574.5 189 198
574.5 189 199
576.0 9 28
576.0 9 29
577.5 122 123
577.5 123 124
579.0 142 181
579.0 142 182
580.5 170 182
580.5 170 183
582.0 141 160
582.0 141 161
583.5 64 65
583.5 64 66
585.0 140 183
585.0 140 184
586.5 77 78
586.5 78 79
588.0 134 137
588.0 134 138
589.5 104 120
589.5 104 121
591.0 62 74
591.0 62 75
592.5 141 151
592.5 141 155
594.0 143 183
594.0 143 184
595.5 37 38
595.5 37 39
597.0 0 1
597.0 0 2
598.5 151 152
598.5 151 155
600.0 69 70
600.0 69 71
601.5 119 122
601.5 120 121
603.0 162 184
603.0 162 185
604.5 141 187
604.5 142 143
606.0 100 114
606.0 100 115
607.5 128 130
607.5 128 131
609.0 171 183
609.0 171 184
610.5 103 118
610.5 103 119
612.0 20 21
612.0 20 22
613.5 144 184
613.5 144 185
615.0 142 187
615.0 143 144
616.5 152 160
616.5 153 154
618.0 100 118
618.0 100 119
619.5 169 178
619.5 169 179
621.0 87 119
621.0 87 120
622.5 53 59
622.5 53 60
624.0 110 112
624.0 111 112
625.5 12 29
625.5 12 30
627.0 167 183
627.0 167 184
628.5 125 135
628.5 125 136
630.0 85 118
630.0 85 119
631.5 35 41
631.5 35 42
633.0 64 67
633.0 64 68
634.5 8 33
634.5 9 10
636.0 128 132
636.0 128 133
637.5 82 98
637.5 82 99
639.0 132 138
639.0 132 139
640.5 65 76
640.5 65 77
642.0 81 121
642.0 81 122
643.5 126 135
643.5 126 136
645.0 80 118
645.0 80 119
646.5 124 140
646.5 125 126
648.0 141 164
648.0 141 165
649.5 28 30
649.5 28 31
651.0 39 47
651.0 40 41
652.5 82 123
652.5 83 84
654.0 80 84
654.0 80 85
655.5 115 120
655.5 115 121
657.0 12 27
657.0 12 28
658.5 74 76
658.5 74 77
660.0 86 120
660.0 86 121
661.5 103 114
661.5 103 115
663.0 1 3
663.0 1 4
664.5 105 122
664.5 105 123
666.0 163 186
666.0 163 187
667.5 15 30
667.5 15 31
669.0 86 98
669.0 86 99
670.5 82 88
670.5 82 95
672.0 99 117
672.0 99 118
673.5 147 148
673.5 147 157
675.0 142 148
675.0 142 149
676.5 68 69
676.5 68 70
678.0 140 147
678.0 140 148
679.5 69 78
679.5 70 71
681.0 64 71
681.0 64 72
682.5 141 168
682.5 141 178
684.0 191 193
684.0 191 194
685.5 152 158
685.5 152 159
687.0 194 199
687.0 195 196
688.5 67 75
688.5 67 76
690.0 79 124
690.0 79 139
691.5 68 71
691.5 68 72
693.0 80 100
693.0 80 101
694.5 64 73
694.5 64 74
696.0 166 167
696.0 166 179
697.5 146 186
697.5 146 187
699.0 148 184
699.0 148 185
700.5 80 116
700.5 80 117
702.0 64 75
702.0 64 76
703.5 141 162
703.5 141 163
705.0 164 182
705.0 164 183
706.5 18 26
706.5 18 31
708.0 88 121
708.0 88 122
709.5 37 46
709.5 37 47
711.0 171 179
711.0 171 180
712.5 16 25
712.5 16 26
714.0 63 75
714.0 63 76
715.5 166 184
715.5 166 185
717.0 168 182
717.0 168 183
718.5 112 113
718.5 113 114
720.0 104 112
720.0 104 113
721.5 27 31
721.5 27 32
723.0 105 116
723.0 105 117
724.5 149 161
724.5 149 162
726.0 26 31
726.0 26 32
727.5 84 120
727.5 84 121
729.0 83 116
729.0 83 117
730.5 167 187
730.5 168 169
732.0 151 160
732.0 152 153
733.5 195 197
733.5 195 198
735.0 53 61
735.0 54 55
736.5 78 120
736.5 78 121
738.0 37 40
738.0 37 41
739.5 127 140
739.5 128 129
741.0 13 32
741.0 13 33
742.5 39 41
742.5 39 42
744.0 13 26
744.0 13 27
745.5 149 186
745.5 149 187
747.0 89 93
747.0 89 94
748.5 162 182
748.5 162 183
750.0 51 59
750.0 51 60
751.5 81 88
751.5 81 94
753.0 170 178
753.0 170 179
754.5 161 183
754.5 161 184
756.0 127 136
756.0 127 137
757.5 65 68
757.5 65 69
759.0 92 96
759.0 92 97
760.5 15 24
760.5 15 25
762.0 81 123
762.0 82 83
763.5 118 120
763.5 118 121
765.0 50 62
765.0 51 52
766.5 80 86
766.5 80 87
768.0 143 147
768.0 143 148
769.5 180 185
769.5 180 186
771.0 173 174
771.0 173 175
772.5 171 177
772.5 171 178
774.0 141 147
774.0 141 148
775.5 81 101
775.5 81 102
777.0 84 122
777.0 84 123
778.5 181 182
778.5 181 183
780.0 81 99
780.0 81 100
781.5 65 70
781.5 65 71
783.0 80 102
783.0 80 103
784.5 56 59
784.5 56 60
786.0 15 28
786.0 15 29
787.5 190 191
787.5 190 192
789.0 69 76
789.0 69 77
790.5 129 130
790.5 129 131
792.0 163 180
792.0 163 181
793.5 191 195
793.5 191 196
795.0 125 127
795.0 125 128
796.5 83 96
796.5 83 97
798.0 14 30
798.0 14 31
799.5 85 116
799.5 85 117
801.0 147 158
801.0 147 159
802.5 83 85
802.5 83 86
804.0 147 160
804.0 147 161
805.5 125 137
805.5 125 138
807.0 144 186
807.0 144 187
808.5 34 47
808.5 34 62
810.0 79 140
810.0 80 81
811.5 181 184
811.5 181 185
813.0 90 96
813.0 90 97
814.5 47 78
814.5 48 49
816.0 119 120
816.0 119 121
817.5 38 39
817.5 38 40
819.0 83 114
819.0 83 115
820.5 143 185
820.5 143 186
822.0 49 62
822.0 50 51
823.5 129 138
823.5 129 139
825.0 82 100
825.0 82 101
826.5 104 118
826.5 104 119
828.0 85 98
828.0 85 99
829.5 132 134
829.5 132 135
831.0 171 187
831.0 172 173
832.5 22 23
832.5 23 24
834.0 79 100
834.0 79 101
835.5 107 121
835.5 107 122
837.0 79 87
837.0 79 88
838.5 140 162
838.5 140 163
840.0 175 178
840.0 176 177
841.5 100 122
841.5 100 123
843.0 66 78
843.0 67 68
844.5 68 73
844.5 68 74
846.0 161 187
846.0 162 163
847.5 135 137
847.5 135 138
849.0 71 77
849.0 71 78
850.5 41 46
850.5 42 43
852.0 170 184
852.0 170 185
853.5 169 180
853.5 169 181
855.0 80 98
855.0 80 99
856.5 192 196
856.5 192 197
858.0 141 181
858.0 141 182
859.5 116 117
859.5 116 118
861.0 66 68
861.0 66 69
862.5 155 157
862.5 156 157
864.0 136 138
864.0 136 139
865.5 58 60
865.5 58 61
867.0 66 70
867.0 66 71
868.5 105 106
868.5 105 111
870.0 190 197
870.0 190 198
871.5 79 94
871.5 79 95
873.0 86 122
873.0 86 123
874.5 41 42
874.5 41 43
876.0 190 195
876.0 190 196
877.5 81 113
877.5 81 114
879.0 68 75
879.0 68 76
880.5 189 196
880.5 189 197
882.0 173 176
882.0 173 177
883.5 173 178
883.5 173 179
885.0 161 185
885.0 161 186
886.5 105 114
886.5 105 115
888.0 91 95
888.0 91 96
889.5 149 184
889.5 149 185
891.0 9 30
891.0 9 31
892.5 63 69
892.5 63 70
894.0 84 95
894.0 84 96
895.5 64 77
895.5 64 78
897.0 145 164
897.0 145 179
898.5 15 16
898.5 15 23
900.0 87 100
900.0 87 116
901.5 127 130
901.5 127 131
903.0 146 160
903.0 146 161
904.5 141 158
904.5 141 159
906.0 24 25
906.0 25 26
907.5 41 44
907.5 41 45
909.0 118 122
909.0 118 123
910.5 141 183
910.5 141 184
912.0 144 146
912.0 144 147
913.5 149 182
913.5 149 183
915.0 131 135
915.0 131 136
916.5 62 70
916.5 62 71
918.0 143 157
918.0 143 158
919.5 143 181
919.5 143 182
921.0 65 66
921.0 65 67
922.5 134 135
922.5 134 136
924.0 79 114
924.0 79 115
925.5 52 55
925.5 52 56
927.0 48 61
927.0 48 62
928.5 102 113
928.5 102 114
930.0 107 123
930.0 108 109
931.5 71 73
931.5 71 74
933.0 140 166
933.0 140 167
934.5 49 54
934.5 49 55
936.0 104 114
936.0 104 115
937.5 66 72
937.5 66 73
939.0 141 143
939.0 141 144
940.5 157 158
940.5 158 159
942.0 182 184
942.0 182 185
943.5 107 108
943.5 107 109
945.0 131 133
945.0 131 134
946.5 17 23
946.5 17 24
948.0 168 178
948.0 168 179
949.5 101 114
949.5 101 115
951.0 65 72
951.0 65 73
952.5 18 20
952.5 18 21
954.0 16 17
954.0 16 22
955.5 188 196
955.5 188 197
957.0 34 78
957.0 35 36
958.5 141 185
958.5 141 186
960.0 183 185
960.0 183 186
961.5 63 77
961.5 63 78
963.0 97 98
963.0 98 99
964.5 141 166
964.5 141 167
966.0 140 179
966.0 140 180
967.5 106 115
967.5 106 116
969.0 79 89
969.0 79 93
970.5 80 112
970.5 80 113
972.0 124 136
972.0 124 137
973.5 35 47
973.5 36 37
975.0 51 53
975.0 51 54
976.5 189 190
976.5 189 191
978.0 53 55
978.0 53 56
979.5 80 82
979.5 80 83
981.0 125 139
981.0 125 140
982.5 28 32
982.5 29 30
984.0 107 110
984.0 107 111
985.5 145 180
985.5 145 181
987.0 143 159
987.0 143 160
988.5 101 102
988.5 101 113
990.0 80 120
990.0 80 121
991.5 124 130
991.5 124 131
993.0 0 3
993.0 0 4
994.5 48 55
994.5 48 56
996.0 18 24
996.0 18 25
997.5 81 97
997.5 81 98
999.0 129 136
999.0 129 137
1000.5 86 100
1000.5 86 115
1002.0 11 26
1002.0 11 27
1003.5 127 134
1003.5 127 135
1005.0 105 112
1005.0 105 113
1006.5 44 45
1006.5 44 46
1008.0 16 23
1008.0 16 24
1009.5 145 182
1009.5 145 183
1011.0 54 56
1011.0 54 57
1012.5 169 182
1012.5 169 183
1014.0 35 37
1014.0 35 38
1015.5 35 43
1015.5 35 44
1017.0 123 140
1017.0 124 125
1018.5 140 187
1018.5 141 142
1020.0 14 26
1020.0 14 27
1021.5 163 184
1021.5 163 185
1023.0 148 161
1023.0 148 162
1024.5 171 185
1024.5 171 186
1026.0 13 24
1026.0 13 25
1027.5 191 197
1027.5 191 198
1029.0 79 122
1029.0 79 123
1030.5 36 40
1030.5 36 41
1032.0 168 186
1032.0 168 187
1033.5 82 86
1033.5 82 87
1035.0 84 99
1035.0 84 100
1036.5 106 107
1036.5 106 110
1038.0 151 156
1038.0 151 157
1039.5 145 162
1039.5 145 163
1041.0 85 120
1041.0 85 121
1042.5 36 42
1042.5 36 43
1044.0 117 123
1044.0 118 119
1045.5 140 151
1045.5 140 155
1047.0 179 180
1047.0 180 181
1048.5 150 151
1048.5 150 156
1050.0 128 134
1050.0 128 135
1051.5 84 118
1051.5 84 119
1053.0 165 182
1053.0 165 183
1054.5 124 138
1054.5 124 139
1056.0 67 77
1056.0 67 78
1057.5 0 5
1057.5 0 6
1059.0 101 122
1059.0 101 123
1060.5 145 160
1060.5 145 161
1062.0 164 184
1062.0 164 185
1063.5 87 88
1063.5 87 95
1065.0 142 167
1065.0 142 178
1066.5 87 96
1066.5 87 97
1068.0 81 95
1068.0 81 96
1069.5 146 147
1069.5 146 157
1071.0 143 161
1071.0 143 162
1072.5 125 129
1072.5 125 130
1074.0 193 198
1074.0 193 199
1075.5 89 99
1075.5 89 122
1077.0 190 193
1077.0 190 194
1078.5 84 114
1078.5 84 115
1080.0 142 163
1080.0 142 164
1081.5 5 6
1081.5 6 7
1083.0 150 157
1083.0 150 158
1084.5 21 22
1084.5 21 23
1086.0 166 186
1086.0 166 187
1087.5 83 122
1087.5 83 123
1089.0 88 94
1089.0 88 95
1090.5 42 46
1090.5 43 44
1092.0 106 122
1092.0 106 123
1093.5 172 181
1093.5 172 184
1095.0 57 61
1095.0 58 59
1096.5 50 58
1096.5 50 59
1098.0 79 85
1098.0 79 86
1099.5 148 180
1099.5 148 181
1101.0 43 45
1101.0 43 46
1102.5 52 57
1102.5 52 58
1104.0 165 166
1104.0 165 179
1105.5 150 161
1105.5 150 185
1107.0 78 122
1107.0 78 123
1108.5 89 95
1108.5 89 96
1110.0 49 56
1110.0 49 57
1111.5 147 185
1111.5 147 186
1113.0 66 76
1113.0 66 77
1114.5 92 94
1114.5 92 95
1116.0 141 145
1116.0 141 146
1117.5 63 65
1117.5 63 66
1119.0 169 184
1119.0 169 185
1120.5 102 117
1120.5 102 118
1122.0 69 74
1122.0 69 75
1123.5 130 133
1123.5 130 134
1125.0 162 180
1125.0 162 181
1126.5 140 185
1126.5 140 186
1128.0 26 33
1128.0 27 28
1129.5 38 47
1129.5 39 40
1131.0 142 165
1131.0 142 166
1132.5 75 77
1132.5 76 77
1134.0 82 115
1134.0 82 116
1135.5 182 186
1135.5 183 184
1137.0 83 87
1137.0 83 95
1138.5 149 159
1138.5 149 160
1140.0 167 179
1140.0 167 180
