0 61 97
0 61 98
1.5 141 171
1.5 141 172
3.0 148 163
3.0 148 164
4.5 193 194
4.5 193 195
6.0 79 92
6.0 79 93
7.5 145 168
7.5 145 169
9.0 44 47
9.0 44 48
10.5 118 121
10.5 118 122
12.0 22 50
12.0 22 51
13.5 106 124
13.5 106 125
15.0 152 167
15.0 152 168
16.5 38 55
16.5 38 56
18.0 109 124
18.0 109 125
19.5 67 84
19.5 67 85
21.0 3 12
21.0 3 13
22.5 157 175
22.5 157 176
24.0 25 44
24.0 25 45
25.5 112 135
25.5 112 136
27.0 107 124
27.0 107 125
28.5 103 134
28.5 103 135
30.0 34 40
30.0 34 41
31.5 70 87
31.5 70 88
33.0 120 125
33.0 120 126
34.5 190 191
34.5 190 192
36.0 104 130
36.0 104 131
37.5 34 38
37.5 34 39
39.0 110 129
39.0 110 130
40.5 87 88
40.5 87 89
42.0 28 37
42.0 28 38
43.5 43 48
43.5 43 49
45.0 30 31
45.0 30 32
46.5 61 99
46.5 61 100
48.0 119 130
48.0 119 131
49.5 152 163
49.5 152 164
51.0 35 36
51.0 35 37
52.5 106 126
52.5 106 127
54.0 78 81
54.0 78 82
55.5 105 140
55.5 106 107
57.0 101 135
57.0 101 136
58.5 61 95
58.5 61 96
60.0 31 47
60.0 31 48
61.5 162 173
61.5 162 174
63.0 61 91
63.0 61 92
64.5 102 128
64.5 102 129
66.0 155 158
66.0 155 159
67.5 25 46
67.5 25 47
69.0 154 156
69.0 154 157
70.5 74 94
70.5 74 95
72.0 73 90
72.0 73 91
73.5 196 198
73.5 196 199
75.0 112 133
75.0 112 134
76.5 76 95
76.5 76 96
78.0 74 90
78.0 74 91
79.5 189 196
79.5 189 197
81.0 102 140
81.0 103 104
82.5 140 177
82.5 140 178
84.0 104 134
84.0 104 135
85.5 125 129
85.5 125 130
87.0 41 45
87.0 41 46
88.5 112 123
88.5 112 124
90.0 36 37
90.0 36 38
91.5 128 129
91.5 128 130
93.0 2 7
93.0 2 8
94.5 81 93
94.5 81 94
96.0 105 138
96.0 105 139
97.5 64 96
97.5 64 97
99.0 62 92
99.0 62 93
100.5 118 131
100.5 118 132
102.0 138 139
102.0 139 140
103.5 190 197
103.5 190 198
105.0 25 40
105.0 25 41
106.5 74 86
106.5 74 87
108.0 28 35
108.0 28 36
109.5 44 53
109.5 45 46
111.0 72 93
111.0 72 94
112.5 123 128
112.5 123 129
114.0 28 53
114.0 28 54
115.5 30 57
115.5 30 58
117.0 157 165
117.0 157 166
118.5 5 7
118.5 5 8
120.0 158 165
120.0 158 166
121.5 52 53
121.5 53 54
123.0 107 138
123.0 107 139
124.5 70 93
124.5 70 94
126.0 114 116
126.0 114 117
127.5 161 169
127.5 161 170
129.0 35 54
129.0 35 55
130.5 70 77
130.5 70 78
132.0 153 176
132.0 153 177
133.5 106 120
133.5 106 121
135.0 147 158
135.0 147 159
136.5 0 11
136.5 0 12
138.0 148 157
138.0 148 158
139.5 26 48
139.5 26 49
141.0 24 58
141.0 24 59
142.5 153 170
142.5 153 171
144.0 68 99
144.0 69 70
145.5 78 87
145.5 78 88
147.0 30 59
147.0 31 32
148.5 106 118
148.5 106 119
150.0 74 88
150.0 74 89
151.5 27 44
151.5 27 45
153.0 28 41
153.0 28 42
154.5 161 171
154.5 161 172
156.0 150 165
156.0 150 166
157.5 35 52
157.5 35 53
159.0 147 176
159.0 147 177
160.5 32 47
160.5 32 48
162.0 30 35
162.0 30 36
163.5 48 49
163.5 48 50
165.0 106 134
165.0 106 135
166.5 159 162
166.5 159 163
168.0 150 179
168.0 151 152
169.5 63 88
169.5 63 89
171.0 151 163
171.0 151 164
172.5 23 52
172.5 23 53
174.0 160 165
174.0 160 166
175.5 31 33
175.5 31 34
177.0 22 23
177.0 22 47
178.5 140 179
178.5 140 180
180.0 163 164
180.0 163 165
181.5 160 161
181.5 160 162
183.0 0 13
183.0 0 14
184.5 64 100
184.5 65 66
186.0 149 170
186.0 149 171
187.5 72 85
187.5 72 86
189.0 143 180
189.0 144 145
190.5 108 123
190.5 108 124
192.0 0 5
192.0 0 6
193.5 16 17
193.5 17 18
195.0 65 90
195.0 65 91
196.5 68 87
196.5 68 88
198.0 123 124
198.0 123 125
199.5 155 172
199.5 155 173
201.0 114 134
201.0 114 135
202.5 112 129
202.5 112 130
204.0 21 53
204.0 21 54
205.5 71 77
205.5 71 78
207.0 2 11
207.0 2 12
208.5 155 174
208.5 155 175
210.0 74 92
210.0 74 93
211.5 172 173
211.5 173 174
213.0 28 57
213.0 28 58
214.5 150 151
214.5 150 152
216.0 155 170
216.0 155 171
217.5 108 137
217.5 108 138
219.0 170 171
219.0 171 172
220.5 151 177
220.5 151 178
222.0 142 180
222.0 143 144
223.5 103 132
223.5 103 133
225.0 146 170
225.0 146 171
226.5 114 128
226.5 114 129
228.0 29 34
228.0 29 35
229.5 23 46
229.5 23 47
231.0 148 175
231.0 148 176
232.5 28 51
232.5 28 52
234.0 24 56
234.0 24 57
235.5 73 94
235.5 73 95
237.0 103 138
237.0 103 139
238.5 31 53
238.5 31 54
240.0 144 174
240.0 144 175
241.5 143 166
241.5 143 167
243.0 148 149
243.0 148 154
244.5 37 45
244.5 37 46
246.0 149 152
246.0 149 153
247.5 116 119
247.5 116 120
249.0 118 123
249.0 118 124
250.5 36 51
250.5 36 52
252.0 155 166
252.0 155 167
253.5 174 175
253.5 175 176
255.0 33 42
255.0 33 43
256.5 168 171
256.5 169 170
258.0 29 56
258.0 29 57
259.5 22 60
259.5 23 24
261.0 156 161
261.0 156 162
262.5 107 116
262.5 107 117
264.0 6 7
264.0 6 8
265.5 69 88
265.5 69 89
267.0 86 87
267.0 86 88
268.5 119 132
268.5 119 133
270.0 151 155
270.0 151 156
271.5 70 97
271.5 70 98
273.0 149 154
273.0 149 155
274.5 118 125
274.5 118 126
276.0 194 199
276.0 195 196
277.5 85 87
277.5 85 88
279.0 69 76
279.0 69 77
280.5 141 177
280.5 141 178
282.0 41 51
282.0 41 52
283.5 69 80
283.5 69 81
285.0 35 44
285.0 35 45
286.5 106 128
286.5 106 129
288.0 110 121
288.0 110 122
289.5 152 165
289.5 152 166
291.0 63 96
291.0 63 97
292.5 109 130
292.5 109 131
294.0 69 82
294.0 69 83
295.5 84 87
295.5 84 88
297.0 163 170
297.0 163 171
298.5 29 48
298.5 29 49
300.0 8 11
300.0 9 10
301.5 150 157
301.5 150 158
303.0 32 41
303.0 32 42
304.5 69 98
304.5 69 99
306.0 150 159
306.0 150 160
307.5 28 39
307.5 28 40
309.0 146 166
309.0 146 167
310.5 144 178
310.5 144 179
312.0 123 126
312.0 123 127
313.5 31 37
313.5 31 38
315.0 187 198
315.0 187 199
316.5 156 171
316.5 156 172
318.0 156 169
318.0 156 170
319.5 78 85
319.5 78 86
321.0 126 131
321.0 126 132
322.5 2 13
322.5 2 14
324.0 87 90
324.0 87 91
325.5 158 173
325.5 158 174
327.0 4 9
327.0 4 10
328.5 71 79
328.5 71 80
330.0 71 81
330.0 71 82
331.5 67 98
331.5 67 99
333.0 120 129
333.0 120 130
334.5 154 164
334.5 154 165
336.0 72 83
336.0 72 84
337.5 39 50
337.5 39 51
339.0 115 134
339.0 115 135
340.5 70 81
340.5 70 82
342.0 109 114
342.0 109 115
343.5 149 176
343.5 149 177
345.0 30 47
345.0 30 48
346.5 83 86
346.5 83 87
348.0 34 50
348.0 34 51
349.5 29 52
349.5 29 53
351.0 28 47
351.0 28 48
352.5 29 44
352.5 29 45
354.0 80 93
354.0 80 94
355.5 146 164
355.5 146 165
357.0 154 176
357.0 154 177
358.5 74 76
358.5 74 77
360.0 27 54
360.0 27 55
361.5 149 178
361.5 149 179
363.0 74 80
363.0 74 81
364.5 69 96
364.5 69 97
366.0 26 60
366.0 27 28
367.5 145 162
367.5 145 163
369.0 70 95
369.0 70 96
370.5 71 95
370.5 71 96
372.0 66 90
372.0 66 91
373.5 165 171
373.5 165 172
375.0 60 95
375.0 60 96
376.5 147 160
376.5 147 161
378.0 103 126
378.0 103 127
379.5 35 46
379.5 35 47
381.0 154 166
381.0 154 167
382.5 112 137
382.5 112 138
384.0 123 130
384.0 123 131
385.5 117 129
385.5 117 130
387.0 148 171
387.0 148 172
388.5 80 89
388.5 80 90
390.0 42 49
390.0 42 50
391.5 110 139
391.5 111 112
393.0 120 121
393.0 120 122
394.5 24 46
394.5 24 47
396.0 157 173
396.0 157 174
397.5 111 125
397.5 111 126
399.0 117 123
399.0 117 124
400.5 82 83
400.5 82 84
402.0 108 131
402.0 108 132
403.5 21 51
403.5 21 52
405.0 75 84
405.0 75 85
406.5 44 51
406.5 44 52
408.0 30 55
408.0 30 56
409.5 81 87
409.5 81 88
411.0 38 45
411.0 38 46
412.5 192 196
412.5 192 197
414.0 70 91
414.0 70 92
415.5 146 162
415.5 146 163
417.0 116 135
417.0 116 136
418.5 161 173
418.5 161 174
420.0 25 56
420.0 25 57
421.5 195 199
421.5 196 197
423.0 145 172
423.0 145 173
424.5 67 90
424.5 67 91
426.0 32 39
426.0 32 40
427.5 38 47
427.5 38 48
429.0 62 63
429.0 62 87
430.5 145 164
430.5 145 165
432.0 22 54
432.0 22 55
433.5 82 89
433.5 82 90
435.0 79 82
435.0 79 83
436.5 188 195
436.5 188 196
438.0 68 91
438.0 68 92
439.5 40 49
439.5 40 50
441.0 47 50
441.0 47 51
442.5 142 168
442.5 142 169
444.0 111 129
444.0 111 130
445.5 25 48
445.5 25 49
447.0 70 71
447.0 70 72
448.5 63 100
448.5 64 65
450.0 72 81
450.0 72 82
451.5 101 137
451.5 101 138
453.0 150 153
453.0 150 154
454.5 158 163
454.5 158 164
456.0 45 51
456.0 45 52
457.5 154 170
457.5 154 171
459.0 30 43
459.0 30 44
460.5 109 122
460.5 109 123
462.0 22 52
462.0 22 53
463.5 111 117
463.5 111 118
465.0 40 51
465.0 40 52
466.5 164 171
466.5 164 172
468.0 33 54
468.0 33 55
469.5 193 198
469.5 193 199
471.0 67 86
471.0 67 87
472.5 66 82
472.5 66 83
474.0 156 167
474.0 156 168
475.5 154 158
475.5 154 159
477.0 71 89
477.0 71 90
478.5 153 166
478.5 153 167
480.0 193 196
480.0 193 197
481.5 26 38
481.5 26 39
483.0 31 57
483.0 31 58
484.5 62 96
484.5 62 97
486.0 176 177
486.0 177 178
487.5 73 86
487.5 73 87
489.0 152 161
489.0 152 162
490.5 66 86
490.5 66 87
492.0 67 96
492.0 67 97
493.5 116 133
493.5 116 134
495.0 107 122
495.0 107 123
496.5 116 129
496.5 116 130
498.0 191 195
498.0 191 196
499.5 65 86
499.5 65 87
501.0 151 171
501.0 151 172
502.5 38 53
502.5 38 54
504.0 74 96
504.0 74 97
505.5 117 119
505.5 117 120
507.0 45 49
507.0 45 50
508.5 154 160
508.5 154 161
510.0 77 83
510.0 77 84
511.5 27 36
511.5 27 37
513.0 56 57
513.0 57 58
514.5 26 50
514.5 26 51
516.0 182 183
516.0 183 184
517.5 28 55
517.5 28 56
519.0 72 87
519.0 72 88
520.5 63 94
520.5 63 95
522.0 62 94
522.0 62 95
523.5 142 174
523.5 142 175
525.0 144 170
525.0 144 171
526.5 149 166
526.5 149 167
528.0 104 132
528.0 104 133
529.5 100 101
529.5 100 134
531.0 66 94
531.0 66 95
532.5 76 93
532.5 76 94
534.0 144 180
534.0 145 146
535.5 24 48
535.5 24 49
537.0 153 172
537.0 153 173
538.5 73 82
538.5 73 83
540.0 73 92
540.0 73 93
541.5 2 3
541.5 2 4
543.0 33 38
543.0 33 39
544.5 41 43
544.5 41 44
546.0 146 174
546.0 146 175
547.5 141 179
547.5 141 180
549.0 65 100
549.0 66 67
550.5 149 160
550.5 149 161
552.0 103 140
552.0 104 105
553.5 113 114
553.5 113 115
555.0 79 84
555.0 79 85
556.5 112 119
556.5 112 120
558.0 189 192
558.0 189 193
559.5 39 46
559.5 39 47
561.0 112 113
561.0 112 114
562.5 2 9
562.5 2 10
564.0 75 78
564.0 75 79
565.5 167 168
565.5 167 169
567.0 24 50
567.0 24 51
568.5 60 61
568.5 60 94
570.0 96 97
570.0 97 98
571.5 32 51
571.5 32 52
573.0 146 160
573.0 146 161
574.5 106 130
574.5 106 131
576.0 70 73
576.0 70 74
577.5 119 122
577.5 119 123
579.0 112 117
579.0 112 118
580.5 106 138
580.5 106 139
582.0 153 168
582.0 153 169
583.5 109 138
583.5 109 139
585.0 64 98
585.0 64 99
586.5 108 127
586.5 108 128
588.0 128 131
588.0 129 130
589.5 152 171
589.5 152 172
591.0 38 39
591.0 38 40
592.5 75 76
592.5 75 77
594.0 122 133
594.0 122 134
595.5 144 168
595.5 144 169
597.0 37 41
597.0 37 42
598.5 107 120
598.5 107 121
600.0 34 48
600.0 34 49
601.5 90 91
601.5 91 92
603.0 30 33
603.0 30 34
604.5 73 98
604.5 74 75
606.0 1 11
606.0 1 12
607.5 105 132
607.5 105 133
609.0 43 52
609.0 43 53
610.5 122 127
610.5 122 128
612.0 198 199
613.5 155 160
613.5 155 161
615.0 156 173
615.0 156 174
616.5 121 129
616.5 121 130
618.0 117 121
618.0 117 122
619.5 33 58
619.5 34 35
621.0 125 127
621.0 125 128
622.5 136 137
622.5 137 138
624.0 158 159
624.0 158 160
625.5 32 45
625.5 32 46
627.0 31 35
627.0 31 36
628.5 26 46
628.5 26 47
630.0 27 38
630.0 27 39
631.5 50 51
631.5 51 52
633.0 158 161
633.0 158 162
634.5 146 178
634.5 146 179
636.0 121 123
636.0 121 124
637.5 160 163
637.5 160 164
639.0 144 162
639.0 144 163
640.5 71 93
640.5 71 94
642.0 27 40
642.0 27 41
643.5 104 126
643.5 104 127
645.0 118 127
645.0 118 128
646.5 22 48
646.5 22 49
648.0 111 113
648.0 111 114
649.5 5 11
649.5 5 12
651.0 1 5
651.0 1 6
652.5 64 82
652.5 64 83
654.0 30 39
654.0 30 40
655.5 100 139
655.5 100 140
657.0 194 197
657.0 194 198
658.5 75 90
658.5 75 91
660.0 146 180
660.0 147 148
661.5 166 167
661.5 166 168
663.0 184 185
663.0 185 186
664.5 75 82
664.5 75 83
666.0 152 159
666.0 152 160
667.5 63 92
667.5 63 93
669.0 197 198
669.0 197 199
670.5 107 128
670.5 107 129
672.0 110 115
672.0 110 116
673.5 71 97
673.5 71 98
675.0 154 172
675.0 154 173
676.5 110 119
676.5 110 120
678.0 63 86
678.0 63 87
679.5 80 87
679.5 80 88
681.0 36 53
681.0 36 54
682.5 25 52
682.5 25 53
684.0 152 157
684.0 152 158
685.5 143 176
685.5 143 177
687.0 66 98
687.0 66 99
688.5 29 46
688.5 29 47
690.0 24 44
690.0 24 45
691.5 5 9
691.5 5 10
693.0 29 58
693.0 29 59
694.5 23 50
694.5 23 51
696.0 109 118
696.0 109 119
697.5 46 49
697.5 46 50
699.0 60 99
699.0 60 100
700.5 83 88
700.5 83 89
702.0 60 97
702.0 60 98
703.5 77 89
703.5 77 90
705.0 160 173
705.0 160 174
706.5 102 103
706.5 102 127
708.0 107 118
708.0 107 119
709.5 103 124
709.5 103 125
711.0 100 137
711.0 100 138
712.5 84 85
712.5 84 86
714.0 145 174
714.0 145 175
715.5 33 40
715.5 33 41
717.0 77 95
717.0 77 96
718.5 82 93
718.5 82 94
720.0 122 123
720.0 122 124
721.5 152 177
721.5 152 178
723.0 109 136
723.0 109 137
724.5 64 86
724.5 64 87
726.0 105 124
726.0 105 125
727.5 77 81
727.5 77 82
729.0 78 79
729.0 78 80
730.5 82 91
730.5 82 92
732.0 149 156
732.0 149 157
733.5 124 133
733.5 125 126
735.0 114 136
735.0 114 137
736.5 114 132
736.5 114 133
738.0 156 157
738.0 156 158
739.5 151 159
739.5 151 160
741.0 151 173
741.0 151 174
742.5 190 193
742.5 190 194
744.0 157 161
744.0 157 162
745.5 32 53
745.5 32 54
747.0 189 194
747.0 189 195
748.5 116 137
748.5 117 118
750.0 42 51
750.0 42 52
751.5 112 131
751.5 112 132
753.0 79 88
753.0 79 89
754.5 105 130
754.5 105 131
756.0 150 163
756.0 150 164
757.5 108 135
757.5 108 136
759.0 29 42
759.0 29 43
760.5 111 121
760.5 111 122
762.0 70 85
762.0 70 86
763.5 150 177
763.5 150 178
765.0 108 117
765.0 108 118
766.5 156 175
766.5 156 176
768.0 36 41
768.0 36 42
769.5 62 88
769.5 62 89
771.0 62 98
771.0 62 99
772.5 153 174
772.5 153 175
774.0 159 164
774.0 159 165
775.5 124 129
775.5 124 130
777.0 66 84
777.0 66 85
778.5 88 91
778.5 89 90
780.0 63 98
780.0 63 99
781.5 67 88
781.5 67 89
783.0 154 162
783.0 154 163
784.5 149 174
784.5 149 175
786.0 85 89
786.0 85 90
787.5 20 57
787.5 20 58
789.0 38 41
789.0 38 42
790.5 118 133
790.5 118 134
792.0 12 13
792.0 13 14
793.5 21 22
793.5 21 50
795.0 141 175
795.0 141 176
796.5 159 174
796.5 159 175
798.0 161 167
798.0 161 168
799.5 151 165
799.5 151 166
801.0 104 124
801.0 104 125
802.5 110 123
802.5 110 124
804.0 73 96
804.0 73 97
805.5 154 168
805.5 154 169
807.0 39 42
807.0 39 43
808.5 140 175
808.5 140 176
810.0 72 97
810.0 72 98
811.5 152 155
811.5 152 156
813.0 76 91
813.0 76 92
814.5 102 130
814.5 102 131
816.0 149 164
816.0 149 165
817.5 115 128
817.5 115 129
819.0 29 36
819.0 29 37
820.5 154 174
820.5 154 175
822.0 54 55
822.0 55 56
823.5 23 58
823.5 23 59
825.0 145 176
825.0 145 177
826.5 117 125
826.5 117 126
828.0 141 142
828.0 141 170
829.5 101 133
829.5 101 134
831.0 145 160
831.0 145 161
832.5 69 90
832.5 69 91
834.0 34 54
834.0 34 55
835.5 190 199
835.5 191 192
837.0 18 19
837.0 19 20
838.5 188 189
838.5 188 194
840.0 127 130
840.0 127 131
841.5 115 120
841.5 115 121
843.0 144 166
843.0 144 167
844.5 161 163
844.5 161 164
846.0 147 164
846.0 147 165
847.5 65 94
847.5 65 95
849.0 26 56
849.0 26 57
850.5 180 181
850.5 181 182
852.0 115 126
852.0 115 127
853.5 158 171
853.5 158 172
855.0 40 47
855.0 40 48
856.5 102 136
856.5 102 137
858.0 36 47
858.0 36 48
859.5 115 118
859.5 115 119
861.0 33 36
861.0 33 37
862.5 112 125
862.5 112 126
864.0 155 164
864.0 155 165
865.5 115 122
865.5 115 123
867.0 36 49
867.0 36 50
868.5 149 172
868.5 149 173
870.0 34 46
870.0 34 47
871.5 107 132
871.5 107 133
873.0 104 128
873.0 104 129
874.5 114 124
874.5 114 125
876.0 43 44
876.0 43 45
877.5 86 89
877.5 86 90
879.0 20 55
879.0 20 56
880.5 114 126
880.5 114 127
882.0 71 91
882.0 71 92
883.5 146 172
883.5 146 173
885.0 77 79
885.0 77 80
886.5 108 115
886.5 108 116
888.0 68 69
888.0 68 74
889.5 66 88
889.5 66 89
891.0 22 56
891.0 22 57
892.5 71 75
892.5 71 76
894.0 47 48
894.0 47 49
895.5 84 91
895.5 84 92
897.0 69 78
897.0 69 79
898.5 164 165
898.5 164 166
900.0 37 43
900.0 37 44
901.5 73 76
901.5 73 77
903.0 125 131
903.0 125 132
904.5 161 165
904.5 161 166
906.0 143 168
906.0 143 169
907.5 76 85
907.5 76 86
909.0 1 9
909.0 1 10
910.5 69 86
910.5 69 87
912.0 68 85
912.0 68 86
913.5 153 160
913.5 153 161
915.0 65 98
915.0 65 99
916.5 71 83
916.5 71 84
918.0 45 47
918.0 45 48
919.5 105 122
919.5 105 123
921.0 147 168
921.0 147 169
922.5 159 170
922.5 159 171
924.0 150 169
924.0 150 170
925.5 142 170
925.5 142 171
927.0 8 9
927.0 8 10
928.5 111 127
928.5 111 128
930.0 72 95
930.0 72 96
931.5 62 100
931.5 63 64
933.0 156 177
933.0 157 158
934.5 30 45
934.5 30 46
936.0 160 167
936.0 160 168
937.5 113 118
937.5 113 119
939.0 79 80
939.0 79 81
940.5 29 50
940.5 29 51
942.0 64 84
942.0 64 85
943.5 4 13
943.5 5 6
945.0 187 196
945.0 187 197
946.5 20 59
946.5 20 60
948.0 140 141
948.0 140 174
949.5 25 50
949.5 25 51
951.0 132 133
951.0 133 134
952.5 143 172
952.5 143 173
954.0 32 33
954.0 32 34
955.5 144 172
955.5 144 173
957.0 166 171
957.0 166 172
958.5 105 136
958.5 105 137
960.0 67 82
960.0 67 83
961.5 66 96
961.5 66 97
963.0 147 162
963.0 147 163
964.5 72 77
964.5 72 78
966.0 119 128
966.0 119 129
967.5 122 131
967.5 122 132
969.0 43 50
969.0 43 51
970.5 73 84
970.5 73 85
972.0 30 41
972.0 30 42
973.5 108 125
973.5 108 126
975.0 70 83
975.0 70 84
976.5 114 118
976.5 114 119
978.0 108 129
978.0 108 130
979.5 111 133
979.5 111 134
981.0 32 55
981.0 32 56
982.5 0 7
982.5 0 8
984.0 168 169
984.0 168 170
985.5 84 89
985.5 84 90
987.0 65 80
987.0 65 81
988.5 66 100
988.5 67 68
990.0 31 45
990.0 31 46
991.5 150 167
991.5 150 168
993.0 157 163
993.0 157 164
994.5 162 165
994.5 162 166
996.0 3 6
996.0 3 7
997.5 10 11
997.5 11 12
999.0 72 91
999.0 72 92
1000.5 39 52
1000.5 39 53
1002.0 34 52
1002.0 34 53
1003.5 79 94
1003.5 79 95
1005.0 32 57
1005.0 32 58
1006.5 35 50
1006.5 35 51
1008.0 31 43
1008.0 31 44
1009.5 111 137
1009.5 111 138
1011.0 162 163
1011.0 162 164
1012.5 34 44
1012.5 34 45
1014.0 109 132
1014.0 109 133
1015.5 105 120
1015.5 105 121
1017.0 150 161
1017.0 150 162
1018.5 27 42
1018.5 27 43
1020.0 119 126
1020.0 119 127
1021.5 120 135
1021.5 121 122
1023.0 29 32
1023.0 29 33
1024.5 74 84
1024.5 74 85
1026.0 156 159
1026.0 156 160
1027.5 73 74
1027.5 73 75
1029.0 46 51
1029.0 46 52
1030.5 25 60
1030.5 26 27
1032.0 103 130
1032.0 103 131
1033.5 40 53
1033.5 40 54
1035.0 122 129
1035.0 122 130
1036.5 146 168
1036.5 146 169
1038.0 142 178
1038.0 142 179
1039.5 113 132
1039.5 113 133
1041.0 160 169
1041.0 160 170
1042.5 37 53
1042.5 37 54
1044.0 121 125
1044.0 121 126
1045.5 150 171
1045.5 150 172
1047.0 159 160
1047.0 159 161
1048.5 34 42
1048.5 34 43
1050.0 113 128
1050.0 113 129
1051.5 32 43
1051.5 32 44
1053.0 3 10
1053.0 3 11
1054.5 39 54
1054.5 39 55
1056.0 118 119
1056.0 118 120
1057.5 76 83
1057.5 76 84
1059.0 163 172
1059.0 163 173
1060.5 151 167
1060.5 151 168
1062.0 113 122
1062.0 113 123
1063.5 70 99
1063.5 71 72
1065.0 118 135
1065.0 118 136
1066.5 66 78
1066.5 66 79
1068.0 144 176
1068.0 144 177
1069.5 148 173
1069.5 148 174
1071.0 81 89
1071.0 81 90
1072.5 104 138
1072.5 104 139
1074.0 77 85
1074.0 77 86
1075.5 110 127
1075.5 110 128
1077.0 116 117
1077.0 116 118
1078.5 153 158
1078.5 153 159
1080.0 69 94
1080.0 69 95
1081.5 145 166
1081.5 145 167
1083.0 33 56
1083.0 33 57
1084.5 134 135
1084.5 135 136
1086.0 114 130
1086.0 114 131
1087.5 152 175
1087.5 152 176
1089.0 86 91
1089.0 86 92
1090.5 31 39
1090.5 31 40
1092.0 72 75
1092.0 72 76
1093.5 92 93
1093.5 93 94
1095.0 112 121
1095.0 112 122
1096.5 155 156
1096.5 155 157
1098.0 37 39
1098.0 37 40
1099.5 155 168
1099.5 155 169
1101.0 69 74
1101.0 69 75
1102.5 192 198
1102.5 192 199
1104.0 67 76
1104.0 67 77
1105.5 38 43
1105.5 38 44
1107.0 152 169
1107.0 152 170
1108.5 158 175
1108.5 158 176
1110.0 163 168
1110.0 163 169
1111.5 107 136
1111.5 107 137
1113.0 58 59
1113.0 59 60
1114.5 38 49
1114.5 38 50
1116.0 110 131
1116.0 110 132
1117.5 26 44
1117.5 26 45
1119.0 151 175
1119.0 151 176
1120.5 106 132
1120.5 106 133
1122.0 64 92
1122.0 64 93
1123.5 78 83
1123.5 78 84
1125.0 64 90
1125.0 64 91
1126.5 77 91
1126.5 77 92
1128.0 69 84
1128.0 69 85
1129.5 166 169
1129.5 166 170
1131.0 101 139
1131.0 101 140
1132.5 27 48
1132.5 27 49
1134.0 156 163
1134.0 156 164
1135.5 37 55
1135.5 37 56
1137.0 102 138
1137.0 102 139
1138.5 63 84
1138.5 63 85
1140.0 116 123
1140.0 116 124
1141.5 151 157
1141.5 151 158
1143.0 104 122
1143.0 104 123
1144.5 109 126
1144.5 109 127
1146.0 36 43
1146.0 36 44
1147.5 67 80
1147.5 67 81
1149.0 109 128
1149.0 109 129
1150.5 4 5
1150.5 4 6
1152.0 71 87
1152.0 71 88
1153.5 122 125
1153.5 122 126
1155.0 105 126
1155.0 105 127
1156.5 39 44
1156.5 39 45
1158.0 65 82
1158.0 65 83
1159.5 152 173
1159.5 152 174
1161.0 163 166
1161.0 163 167
1162.5 162 167
1162.5 162 168
1164.0 77 93
1164.0 77 94
1165.5 153 164
1165.5 153 165
1167.0 151 153
1167.0 151 154
1168.5 103 128
1168.5 103 129
1170.0 80 85
1170.0 80 86
1171.5 100 135
1171.5 100 136
1173.0 14 15
1173.0 15 16
1174.5 70 79
1174.5 70 80
1176.0 46 47
1176.0 46 48
1177.5 111 115
1177.5 111 116
1179.0 153 178
1179.0 154 155
1180.5 159 166
1180.5 159 167
1182.0 82 87
1182.0 82 88
1183.5 178 179
1183.5 179 180
1185.0 148 169
1185.0 148 170
1186.5 41 47
1186.5 41 48
1188.0 153 156
1188.0 153 157
1189.5 24 54
1189.5 24 55
1191.0 108 139
1191.0 109 110
1192.5 105 134
1192.5 105 135
1194.0 107 130
1194.0 107 131
1195.5 67 94
1195.5 67 95
1197.0 102 132
1197.0 102 133
1198.5 150 173
1198.5 150 174
1200.0 108 119
1200.0 108 120
1201.5 28 43
1201.5 28 44
1203.0 153 162
1203.0 153 163
1204.5 67 92
1204.5 67 93
1206.0 27 52
1206.0 27 53
1207.5 35 48
1207.5 35 49
1209.0 68 97
1209.0 68 98
1210.5 111 119
1210.5 111 120
1212.0 81 83
1212.0 81 84
1213.5 148 159
1213.5 148 160
1215.0 24 52
1215.0 24 53
1216.5 4 7
1216.5 4 8
1218.0 195 197
1218.0 195 198
1219.5 116 121
1219.5 116 122
1221.0 143 178
1221.0 143 179
1222.5 39 40
1222.5 39 41
1224.0 147 170
1224.0 147 171
1225.5 65 88
1225.5 65 89
1227.0 40 43
1227.0 40 44
1228.5 29 38
1228.5 29 39
1230.0 83 84
1230.0 83 85
1231.5 121 133
1231.5 121 134
1233.0 157 171
1233.0 157 172
1234.5 76 89
1234.5 76 90
1236.0 159 172
1236.0 159 173
1237.5 111 123
1237.5 111 124
1239.0 68 77
1239.0 68 78
1240.5 151 169
1240.5 151 170
1242.0 147 156
1242.0 147 157
1243.5 79 86
1243.5 79 87
1245.0 33 46
1245.0 33 47
1246.5 20 21
1246.5 20 54
1248.0 1 3
1248.0 1 4
1249.5 110 111
1249.5 110 112
1251.0 117 135
1251.0 117 136
1252.5 114 122
1252.5 114 123
1254.0 147 178
1254.0 147 179
1255.5 157 167
1255.5 157 168
1257.0 156 165
1257.0 156 166
1258.5 104 140
1258.5 105 106
1260.0 26 42
1260.0 26 43
1261.5 113 134
1261.5 113 135
1263.0 29 54
1263.0 29 55
1264.5 106 140
1264.5 107 108
1266.0 119 134
1266.0 119 135
1267.5 149 168
1267.5 149 169
1269.0 40 45
1269.0 40 46
1270.5 109 116
1270.5 109 117
1272.0 153 154
1272.0 153 155
1273.5 36 57
1273.5 37 38
1275.0 113 138
1275.0 114 115
1276.5 115 124
1276.5 115 125
1278.0 113 124
1278.0 113 125
1279.5 68 79
1279.5 68 80
1281.0 145 170
1281.0 145 171
1282.5 23 60
1282.5 24 25
1284.0 38 51
1284.0 38 52
1285.5 106 122
1285.5 106 123
1287.0 113 120
1287.0 113 121
1288.5 25 42
1288.5 25 43
1290.0 94 95
1290.0 95 96
1291.5 21 57
1291.5 21 58
1293.0 72 89
1293.0 72 90
1294.5 42 45
1294.5 42 46
1296.0 121 131
1296.0 121 132
1297.5 33 50
1297.5 33 51
1299.0 31 51
1299.0 31 52
1300.5 24 42
1300.5 24 43
1302.0 120 127
1302.0 120 128
1303.5 28 29
1303.5 28 34
1305.0 37 51
1305.0 37 52
1306.5 66 92
1306.5 66 93
1308.0 67 78
1308.0 67 79
1309.5 83 90
1309.5 83 91
1311.0 75 86
1311.0 75 87
1312.5 76 97
1312.5 77 78
1314.0 118 129
1314.0 118 130
1315.5 30 53
1315.5 30 54
1317.0 147 166
1317.0 147 167
1318.5 26 52
1318.5 26 53
1320.0 186 199
1320.0 187 188
1321.5 143 170
1321.5 143 171
1323.0 145 178
1323.0 145 179
1324.5 70 89
1324.5 70 90
1326.0 85 91
1326.0 85 92
1327.5 149 162
1327.5 149 163
1329.0 194 195
1329.0 194 196
1330.5 189 198
1330.5 189 199
1332.0 148 167
1332.0 148 168
1333.5 75 88
1333.5 75 89
1335.0 69 72
1335.0 69 73
1336.5 105 128
1336.5 105 129
1338.0 75 80
1338.0 75 81
1339.5 80 83
1339.5 80 84
1341.0 28 49
1341.0 28 50
1342.5 192 194
1342.5 192 195
1344.0 112 115
1344.0 112 116
1345.5 110 137
1345.5 110 138
1347.0 76 77
1347.0 76 78
1348.5 30 51
1348.5 30 52
1350.0 110 125
1350.0 110 126
1351.5 3 8
1351.5 3 9
1353.0 119 120
1353.0 119 121
1354.5 110 113
1354.5 110 114
1356.0 27 50
1356.0 27 51
1357.5 146 176
1357.5 146 177
1359.0 42 47
1359.0 42 48
1360.5 147 174
1360.5 147 175
1362.0 111 131
1362.0 111 132
1363.5 74 82
1363.5 74 83
1365.0 120 133
1365.0 120 134
1366.5 121 127
1366.5 121 128
1368.0 162 171
1368.0 162 172
1369.5 126 129
1369.5 126 130
1371.0 31 41
1371.0 31 42
1372.5 108 109
1372.5 108 114
1374.0 150 175
1374.0 150 176
1375.5 148 161
1375.5 148 162
1377.0 165 167
1377.0 165 168
1378.5 73 80
1378.5 73 81
1380.0 81 91
1380.0 81 92
1381.5 27 46
1381.5 27 47
1383.0 72 73
1383.0 72 74
1384.5 148 177
1384.5 148 178
1386.0 42 43
1386.0 42 44
1387.5 39 48
1387.5 39 49
1389.0 0 9
1389.0 0 10
1390.5 160 175
1390.5 161 162
1392.0 21 59
1392.0 21 60
1393.5 26 58
1393.5 26 59
1395.0 112 127
1395.0 112 128
1396.5 23 54
1396.5 23 55
1398.0 191 199
1398.0 192 193
1399.5 30 37
1399.5 30 38
1401.0 113 136
1401.0 113 137
1402.5 142 172
1402.5 142 173
1404.0 68 93
1404.0 68 94
1405.5 155 176
1405.5 155 177
1407.0 123 132
1407.0 123 133
1408.5 107 126
1408.5 107 127
1410.0 158 167
1410.0 158 168
1411.5 188 199
1411.5 189 190
1413.0 144 164
1413.0 144 165
1414.5 147 172
1414.5 147 173
1416.0 81 85
1416.0 81 86
1417.5 116 127
1417.5 116 128
1419.0 113 116
1419.0 113 117
1420.5 75 96
1420.5 75 97
1422.0 23 48
1422.0 23 49
1423.5 0 15
1423.5 1 2
1425.0 2 5
1425.0 2 6
1426.5 62 90
1426.5 62 91
1428.0 21 55
1428.0 21 56
1429.5 148 155
1429.5 148 156
1431.0 109 134
1431.0 109 135
1432.5 109 120
1432.5 109 121
1434.0 102 134
1434.0 102 135
1435.5 151 161
1435.5 151 162
1437.0 101 131
1437.0 101 132
1438.5 41 53
1438.5 41 54
1440.0 29 40
1440.0 29 41
1441.5 27 56
1441.5 27 57
1443.0 116 125
1443.0 116 126
1444.5 36 45
1444.5 36 46
1446.0 76 79
1446.0 76 80
1447.5 76 81
1447.5 76 82
1449.0 107 134
1449.0 107 135
1450.5 82 85
1450.5 82 86
1452.0 108 133
1452.0 108 134
1453.5 157 159
1453.5 157 160
1455.0 88 89
1455.0 88 90
1456.5 113 126
1456.5 113 127
1458.0 84 93
1458.0 85 86
1459.5 73 78
1459.5 73 79
1461.0 190 195
1461.0 190 196
1462.5 1 7
1462.5 1 8
1464.0 115 116
1464.0 115 117
1465.5 143 174
1465.5 143 175
1467.0 165 169
1467.0 165 170
1468.5 80 95
1468.5 81 82
1470.0 142 143
1470.0 142 167
1471.5 104 136
1471.5 104 137
1473.0 115 132
1473.0 115 133
1474.5 69 92
1474.5 69 93
1476.0 26 40
1476.0 26 41
1477.5 75 92
1477.5 75 93
1479.0 110 133
1479.0 110 134
1480.5 65 96
1480.5 65 97
1482.0 162 169
1482.0 162 170
1483.5 103 136
1483.5 103 137
1485.0 142 176
1485.0 142 177
1486.5 61 62
1486.5 61 90
1488.0 186 187
1488.0 186 198
1489.5 83 92
1489.5 83 93
1491.0 110 117
1491.0 110 118
1492.5 68 75
1492.5 68 76
1494.0 106 136
1494.0 106 137
1495.5 40 55
1495.5 41 42
1497.0 75 94
1497.0 75 95
1498.5 71 73
1498.5 71 74
1500.0 31 55
1500.0 31 56
1501.5 63 90
1501.5 63 91
1503.0 68 81
1503.0 68 82
1504.5 6 9
1504.5 6 10
1506.0 124 131
1506.0 124 132
1507.5 188 197
1507.5 188 198
1509.0 143 164
1509.0 143 165
1510.5 148 165
1510.5 148 166
1512.0 77 87
1512.0 77 88
1513.5 33 48
1513.5 33 49
1515.0 115 130
1515.0 115 131
1516.5 124 127
1516.5 124 128
1518.0 23 56
1518.0 23 57
1519.5 150 155
1519.5 150 156
1521.0 70 75
1521.0 70 76
1522.5 28 59
1522.5 29 30
1524.0 24 60
1524.0 25 26
1525.5 33 34
1525.5 33 35
1527.0 43 46
1527.0 43 47
1528.5 78 93
1528.5 78 94
1530.0 48 51
1530.0 49 50
1531.5 79 90
1531.5 79 91
1533.0 25 58
1533.0 25 59
1534.5 76 87
1534.5 76 88
1536.0 34 56
1536.0 34 57
1537.5 78 91
1537.5 78 92
1539.0 120 131
1539.0 120 132
1540.5 71 85
1540.5 71 86
1542.0 32 35
1542.0 32 36
1543.5 74 78
1543.5 74 79
1545.0 159 168
1545.0 159 169
1546.5 119 124
1546.5 119 125
1548.0 167 170
1548.0 167 171
1549.5 33 44
1549.5 33 45
1551.0 65 84
1551.0 65 85
1552.5 28 45
1552.5 28 46
1554.0 149 158
1554.0 149 159
1555.5 127 128
1555.5 127 129
1557.0 30 49
1557.0 30 50
1558.5 68 89
1558.5 68 90
1560.0 36 55
1560.0 36 56
1561.5 152 153
1561.5 152 154
1563.0 120 123
1563.0 120 124
1564.5 191 197
1564.5 191 198
1566.0 117 133
1566.0 117 134
1567.5 26 54
1567.5 26 55
1569.0 191 193
1569.0 191 194
1570.5 111 135
1570.5 111 136
1572.0 25 54
1572.0 25 55
1573.5 44 45
1573.5 44 46
1575.0 141 173
1575.0 141 174
1576.5 0 3
1576.5 0 4
1578.0 64 88
1578.0 64 89
1579.5 35 56
1579.5 35 57
1581.0 157 169
1581.0 157 170
1582.5 98 99
1582.5 99 100
1584.0 155 162
1584.0 155 163
1585.5 3 4
1585.5 3 5
1587.0 158 169
1587.0 158 170
1588.5 7 10
1588.5 7 11
1590.0 145 180
1590.0 146 147
1591.5 73 88
1591.5 73 89
1593.0 114 120
1593.0 114 121
1594.5 113 130
1594.5 113 131
1596.0 27 58
1596.0 27 59
1597.5 4 11
1597.5 4 12
1599.0 44 49
1599.0 44 50
1600.5 37 47
1600.5 37 48
1602.0 6 11
1602.0 6 12
1603.5 34 36
1603.5 34 37
1605.0 164 173
1605.0 165 166
1606.5 65 92
1606.5 65 93
1608.0 101 102
1608.0 101 130
1609.5 117 131
1609.5 117 132
1611.0 32 49
1611.0 32 50
1612.5 36 39
1612.5 36 40
1614.0 40 41
1614.0 40 42
1615.5 78 95
1615.5 78 96
1617.0 32 37
1617.0 32 38
1618.5 80 91
1618.5 80 92
1620.0 22 58
1620.0 22 59
1621.5 72 79
1621.5 72 80
1623.0 37 49
1623.0 37 50
1624.5 160 171
1624.5 160 172
1626.0 117 127
1626.0 117 128
1627.5 33 52
1627.5 33 53
1629.0 126 127
1629.0 126 128
1630.5 80 81
1630.5 80 82
1632.0 41 49
1632.0 41 50
1633.5 61 93
1633.5 61 94
1635.0 64 94
1635.0 64 95
1636.5 42 53
1636.5 42 54
1638.0 0 1
1638.0 0 2
1639.5 109 112
1639.5 109 113
1641.0 35 38
1641.0 35 39
1642.5 35 40
1642.5 35 41
1644.0 66 80
1644.0 66 81
1645.5 130 131
1645.5 131 132
1647.0 68 83
1647.0 68 84
1648.5 164 169
1648.5 164 170
1650.0 124 125
1650.0 124 126
1651.5 78 89
1651.5 78 90
1653.0 31 49
1653.0 31 50
1654.5 164 167
1654.5 164 168
1656.0 7 8
1656.0 7 9
1657.5 35 42
1657.5 35 43
1659.0 1 13
1659.0 1 14
1660.5 146 158
1660.5 146 159
1662.0 148 179
1662.0 149 150
1663.5 115 136
1663.5 115 137
1665.0 110 135
1665.0 110 136
1666.5 116 131
1666.5 116 132
1668.0 23 44
1668.0 23 45
1669.5 68 95
1669.5 68 96
1671.0 108 121
1671.0 108 122
0 61 97
0 61 98
1.5 141 171
1.5 141 172
3.0 148 163
3.0 148 164
4.5 193 194
4.5 193 195
6.0 79 92
6.0 79 93
7.5 145 168
7.5 145 169
9.0 44 47
9.0 44 48
10.5 118 121
10.5 118 122
12.0 22 50
12.0 22 51
13.5 106 124
13.5 106 125
15.0 152 167
15.0 152 168
16.5 38 55
16.5 38 56
18.0 109 124
18.0 109 125
19.5 67 84
19.5 67 85
21.0 3 12
21.0 3 13
22.5 157 175
22.5 157 176
24.0 25 44
24.0 25 45
25.5 112 135
25.5 112 136
27.0 107 124
27.0 107 125
28.5 103 134
28.5 103 135
30.0 34 40
30.0 34 41
31.5 70 87
31.5 70 88
33.0 120 125
33.0 120 126
34.5 190 191
34.5 190 192
36.0 104 130
36.0 104 131
37.5 34 38
37.5 34 39
39.0 110 129
39.0 110 130
40.5 87 88
40.5 87 89
42.0 28 37
42.0 28 38
43.5 43 48
43.5 43 49
45.0 30 31
45.0 30 32
46.5 61 99
46.5 61 100
48.0 119 130
48.0 119 131
49.5 152 163
49.5 152 164
51.0 35 36
51.0 35 37
52.5 106 126
52.5 106 127
54.0 78 81
54.0 78 82
55.5 105 140
55.5 106 107
57.0 101 135
57.0 101 136
58.5 61 95
58.5 61 96
60.0 31 47
60.0 31 48
61.5 162 173
61.5 162 174
63.0 61 91
63.0 61 92
64.5 102 128
64.5 102 129
66.0 155 158
66.0 155 159
67.5 25 46
67.5 25 47
69.0 154 156
69.0 154 157
70.5 74 94
70.5 74 95
72.0 73 90
72.0 73 91
73.5 196 198
73.5 196 199
75.0 112 133
75.0 112 134
76.5 76 95
76.5 76 96
78.0 74 90
78.0 74 91
79.5 189 196
79.5 189 197
81.0 102 140
81.0 103 104
82.5 140 177
82.5 140 178
84.0 104 134
84.0 104 135
85.5 125 129
85.5 125 130
87.0 41 45
87.0 41 46
88.5 112 123
88.5 112 124
90.0 36 37
90.0 36 38
91.5 128 129
91.5 128 130
93.0 2 7
93.0 2 8
94.5 81 93
94.5 81 94
96.0 105 138
96.0 105 139
97.5 64 96
97.5 64 97
99.0 62 92
99.0 62 93
100.5 118 131
100.5 118 132
102.0 138 139
102.0 139 140
103.5 190 197
103.5 190 198
105.0 25 40
105.0 25 41
106.5 74 86
106.5 74 87
108.0 28 35
108.0 28 36
109.5 44 53
109.5 45 46
111.0 72 93
111.0 72 94
112.5 123 128
112.5 123 129
114.0 28 53
114.0 28 54
115.5 30 57
115.5 30 58
117.0 157 165
117.0 157 166
118.5 5 7
118.5 5 8
120.0 158 165
120.0 158 166
121.5 52 53
121.5 53 54
123.0 107 138
123.0 107 139
124.5 70 93
124.5 70 94
126.0 114 116
126.0 114 117
127.5 161 169
127.5 161 170
129.0 35 54
129.0 35 55
130.5 70 77
130.5 70 78
132.0 153 176
132.0 153 177
133.5 106 120
133.5 106 121
135.0 147 158
135.0 147 159
136.5 0 11
136.5 0 12
138.0 148 157
138.0 148 158
139.5 26 48
139.5 26 49
141.0 24 58
141.0 24 59
142.5 153 170
142.5 153 171
144.0 68 99
144.0 69 70
145.5 78 87
145.5 78 88
147.0 30 59
147.0 31 32
148.5 106 118
148.5 106 119
150.0 74 88
150.0 74 89
151.5 27 44
151.5 27 45
153.0 28 41
153.0 28 42
154.5 161 171
154.5 161 172
156.0 150 165
156.0 150 166
157.5 35 52
157.5 35 53
159.0 147 176
159.0 147 177
160.5 32 47
160.5 32 48
162.0 30 35
162.0 30 36
163.5 48 49
163.5 48 50
165.0 106 134
165.0 106 135
166.5 159 162
166.5 159 163
168.0 150 179
168.0 151 152
169.5 63 88
169.5 63 89
171.0 151 163
171.0 151 164
172.5 23 52
172.5 23 53
174.0 160 165
174.0 160 166
175.5 31 33
175.5 31 34
177.0 22 23
177.0 22 47
178.5 140 179
178.5 140 180
180.0 163 164
180.0 163 165
181.5 160 161
181.5 160 162
183.0 0 13
183.0 0 14
184.5 64 100
184.5 65 66
186.0 149 170
186.0 149 171
187.5 72 85
187.5 72 86
189.0 143 180
189.0 144 145
190.5 108 123
190.5 108 124
192.0 0 5
192.0 0 6
193.5 16 17
193.5 17 18
195.0 65 90
195.0 65 91
196.5 68 87
196.5 68 88
198.0 123 124
198.0 123 125
199.5 155 172
199.5 155 173
201.0 114 134
201.0 114 135
202.5 112 129
202.5 112 130
204.0 21 53
204.0 21 54
205.5 71 77
205.5 71 78
207.0 2 11
207.0 2 12
208.5 155 174
208.5 155 175
210.0 74 92
210.0 74 93
211.5 172 173
211.5 173 174
213.0 28 57
213.0 28 58
214.5 150 151
214.5 150 152
216.0 155 170
216.0 155 171
217.5 108 137
217.5 108 138
219.0 170 171
219.0 171 172
220.5 151 177
220.5 151 178
222.0 142 180
222.0 143 144
223.5 103 132
223.5 103 133
225.0 146 170
225.0 146 171
226.5 114 128
226.5 114 129
228.0 29 34
228.0 29 35
229.5 23 46
229.5 23 47
231.0 148 175
231.0 148 176
232.5 28 51
232.5 28 52
234.0 24 56
234.0 24 57
235.5 73 94
235.5 73 95
237.0 103 138
237.0 103 139
238.5 31 53
238.5 31 54
240.0 144 174
240.0 144 175
241.5 143 166
241.5 143 167
243.0 148 149
243.0 148 154
244.5 37 45
244.5 37 46
246.0 149 152
246.0 149 153
247.5 116 119
247.5 116 120
249.0 118 123
249.0 118 124
250.5 36 51
250.5 36 52
252.0 155 166
252.0 155 167
253.5 174 175
253.5 175 176
255.0 33 42
255.0 33 43
256.5 168 171
256.5 169 170
258.0 29 56
258.0 29 57
259.5 22 60
259.5 23 24
261.0 156 161
261.0 156 162
262.5 107 116
262.5 107 117
264.0 6 7
264.0 6 8
265.5 69 88
265.5 69 89
267.0 86 87
267.0 86 88
268.5 119 132
268.5 119 133
270.0 151 155
270.0 151 156
271.5 70 97
271.5 70 98
273.0 149 154
273.0 149 155
274.5 118 125
274.5 118 126
276.0 194 199
276.0 195 196
277.5 85 87
277.5 85 88
279.0 69 76
279.0 69 77
280.5 141 177
280.5 141 178
282.0 41 51
282.0 41 52
283.5 69 80
283.5 69 81
285.0 35 44
285.0 35 45
286.5 106 128
286.5 106 129
288.0 110 121
288.0 110 122
289.5 152 165
289.5 152 166
291.0 63 96
291.0 63 97
292.5 109 130
292.5 109 131
294.0 69 82
294.0 69 83
295.5 84 87
295.5 84 88
297.0 163 170
297.0 163 171
298.5 29 48
298.5 29 49
300.0 8 11
300.0 9 10
301.5 150 157
301.5 150 158
303.0 32 41
303.0 32 42
304.5 69 98
304.5 69 99
306.0 150 159
306.0 150 160
307.5 28 39
307.5 28 40
309.0 146 166
309.0 146 167
310.5 144 178
310.5 144 179
312.0 123 126
312.0 123 127
313.5 31 37
313.5 31 38
315.0 187 198
315.0 187 199
316.5 156 171
316.5 156 172
318.0 156 169
318.0 156 170
319.5 78 85
319.5 78 86
321.0 126 131
321.0 126 132
322.5 2 13
322.5 2 14
324.0 87 90
324.0 87 91
325.5 158 173
325.5 158 174
327.0 4 9
327.0 4 10
328.5 71 79
328.5 71 80
330.0 71 81
330.0 71 82
331.5 67 98
331.5 67 99
333.0 120 129
333.0 120 130
334.5 154 164
334.5 154 165
336.0 72 83
336.0 72 84
337.5 39 50
337.5 39 51
339.0 115 134
339.0 115 135
340.5 70 81
340.5 70 82
342.0 109 114
342.0 109 115
343.5 149 176
343.5 149 177
345.0 30 47
345.0 30 48
346.5 83 86
346.5 83 87
348.0 34 50
348.0 34 51
349.5 29 52
349.5 29 53
351.0 28 47
351.0 28 48
352.5 29 44
352.5 29 45
354.0 80 93
354.0 80 94
355.5 146 164
355.5 146 165
357.0 154 176
357.0 154 177
358.5 74 76
358.5 74 77
360.0 27 54
360.0 27 55
361.5 149 178
361.5 149 179
363.0 74 80
363.0 74 81
364.5 69 96
364.5 69 97
366.0 26 60
366.0 27 28
367.5 145 162
367.5 145 163
369.0 70 95
369.0 70 96
370.5 71 95
370.5 71 96
372.0 66 90
372.0 66 91
373.5 165 171
373.5 165 172
375.0 60 95
375.0 60 96
376.5 147 160
376.5 147 161
378.0 103 126
378.0 103 127
379.5 35 46
379.5 35 47
381.0 154 166
381.0 154 167
382.5 112 137
382.5 112 138
384.0 123 130
384.0 123 131
385.5 117 129
385.5 117 130
387.0 148 171
387.0 148 172
388.5 80 89
388.5 80 90
390.0 42 49
390.0 42 50
391.5 110 139
391.5 111 112
393.0 120 121
393.0 120 122
394.5 24 46
394.5 24 47
396.0 157 173
396.0 157 174
397.5 111 125
397.5 111 126
399.0 117 123
399.0 117 124
400.5 82 83
400.5 82 84
402.0 108 131
402.0 108 132
403.5 21 51
403.5 21 52
405.0 75 84
405.0 75 85
406.5 44 51
406.5 44 52
408.0 30 55
408.0 30 56
409.5 81 87
409.5 81 88
411.0 38 45
411.0 38 46
412.5 192 196
412.5 192 197
414.0 70 91
414.0 70 92
415.5 146 162
415.5 146 163
417.0 116 135
417.0 116 136
418.5 161 173
418.5 161 174
420.0 25 56
420.0 25 57
421.5 195 199
421.5 196 197
423.0 145 172
423.0 145 173
424.5 67 90
424.5 67 91
426.0 32 39
426.0 32 40
427.5 38 47
427.5 38 48
429.0 62 63
429.0 62 87
430.5 145 164
430.5 145 165
432.0 22 54
432.0 22 55
433.5 82 89
433.5 82 90
435.0 79 82
435.0 79 83
436.5 188 195
436.5 188 196
438.0 68 91
438.0 68 92
439.5 40 49
439.5 40 50
441.0 47 50
441.0 47 51
442.5 142 168
442.5 142 169
444.0 111 129
444.0 111 130
445.5 25 48
445.5 25 49
447.0 70 71
447.0 70 72
448.5 63 100
448.5 64 65
450.0 72 81
450.0 72 82
451.5 101 137
451.5 101 138
453.0 150 153
453.0 150 154
454.5 158 163
454.5 158 164
456.0 45 51
456.0 45 52
457.5 154 170
457.5 154 171
459.0 30 43
459.0 30 44
460.5 109 122
460.5 109 123
462.0 22 52
462.0 22 53
463.5 111 117
463.5 111 118
465.0 40 51
465.0 40 52
466.5 164 171
466.5 164 172
468.0 33 54
468.0 33 55
469.5 193 198
469.5 193 199
471.0 67 86
471.0 67 87
472.5 66 82
472.5 66 83
474.0 156 167
474.0 156 168
475.5 154 158
475.5 154 159
477.0 71 89
477.0 71 90
478.5 153 166
478.5 153 167
480.0 193 196
480.0 193 197
481.5 26 38
481.5 26 39
483.0 31 57
483.0 31 58
484.5 62 96
484.5 62 97
486.0 176 177
486.0 177 178
487.5 73 86
487.5 73 87
489.0 152 161
489.0 152 162
490.5 66 86
490.5 66 87
492.0 67 96
492.0 67 97
493.5 116 133
493.5 116 134
495.0 107 122
495.0 107 123
496.5 116 129
496.5 116 130
498.0 191 195
498.0 191 196
499.5 65 86
499.5 65 87
501.0 151 171
501.0 151 172
502.5 38 53
502.5 38 54
504.0 74 96
504.0 74 97
505.5 117 119
505.5 117 120
507.0 45 49
507.0 45 50
508.5 154 160
508.5 154 161
510.0 77 83
510.0 77 84
511.5 27 36
511.5 27 37
513.0 56 57
513.0 57 58
514.5 26 50
514.5 26 51
516.0 182 183
516.0 183 184
517.5 28 55
517.5 28 56
519.0 72 87
519.0 72 88
520.5 63 94
520.5 63 95
522.0 62 94
522.0 62 95
523.5 142 174
523.5 142 175
525.0 144 170
525.0 144 171
526.5 149 166
526.5 149 167
528.0 104 132
528.0 104 133
529.5 100 101
529.5 100 134
531.0 66 94
531.0 66 95
532.5 76 93
532.5 76 94
534.0 144 180
534.0 145 146
535.5 24 48
535.5 24 49
537.0 153 172
537.0 153 173
538.5 73 82
538.5 73 83
540.0 73 92
540.0 73 93
541.5 2 3
541.5 2 4
543.0 33 38
543.0 33 39
544.5 41 43
544.5 41 44
546.0 146 174
546.0 146 175
547.5 141 179
547.5 141 180
549.0 65 100
549.0 66 67
550.5 149 160
550.5 149 161
552.0 103 140
552.0 104 105
553.5 113 114
553.5 113 115
555.0 79 84
555.0 79 85
556.5 112 119
556.5 112 120
558.0 189 192
558.0 189 193
559.5 39 46
559.5 39 47
561.0 112 113
561.0 112 114
562.5 2 9
562.5 2 10
564.0 75 78
564.0 75 79
565.5 167 168
565.5 167 169
567.0 24 50
567.0 24 51
568.5 60 61
568.5 60 94
570.0 96 97
570.0 97 98
571.5 32 51
571.5 32 52
573.0 146 160
573.0 146 161
574.5 106 130
574.5 106 131
576.0 70 73
576.0 70 74
577.5 119 122
577.5 119 123
579.0 112 117
579.0 112 118
580.5 106 138
580.5 106 139
582.0 153 168
582.0 153 169
583.5 109 138
583.5 109 139
585.0 64 98
585.0 64 99
586.5 108 127
586.5 108 128
588.0 128 131
588.0 129 130
589.5 152 171
589.5 152 172
591.0 38 39
591.0 38 40
592.5 75 76
592.5 75 77
594.0 122 133
594.0 122 134
595.5 144 168
595.5 144 169
597.0 37 41
597.0 37 42
598.5 107 120
598.5 107 121
600.0 34 48
600.0 34 49
601.5 90 91
601.5 91 92
603.0 30 33
603.0 30 34
604.5 73 98
604.5 74 75
606.0 1 11
606.0 1 12
607.5 105 132
607.5 105 133
609.0 43 52
609.0 43 53
610.5 122 127
610.5 122 128
612.0 198 199
613.5 155 160
613.5 155 161
615.0 156 173
615.0 156 174
616.5 121 129
616.5 121 130
618.0 117 121
618.0 117 122
619.5 33 58
619.5 34 35
621.0 125 127
621.0 125 128
622.5 136 137
622.5 137 138
624.0 158 159
624.0 158 160
625.5 32 45
625.5 32 46
627.0 31 35
627.0 31 36
628.5 26 46
628.5 26 47
630.0 27 38
630.0 27 39
631.5 50 51
631.5 51 52
633.0 158 161
633.0 158 162
634.5 146 178
634.5 146 179
636.0 121 123
636.0 121 124
637.5 160 163
637.5 160 164
639.0 144 162
639.0 144 163
640.5 71 93
640.5 71 94
642.0 27 40
642.0 27 41
643.5 104 126
643.5 104 127
645.0 118 127
645.0 118 128
646.5 22 48
646.5 22 49
648.0 111 113
648.0 111 114
649.5 5 11
649.5 5 12
651.0 1 5
651.0 1 6
652.5 64 82
652.5 64 83
654.0 30 39
654.0 30 40
655.5 100 139
655.5 100 140
657.0 194 197
657.0 194 198
658.5 75 90
658.5 75 91
660.0 146 180
660.0 147 148
661.5 166 167
661.5 166 168
663.0 184 185
663.0 185 186
664.5 75 82
664.5 75 83
666.0 152 159
666.0 152 160
667.5 63 92
667.5 63 93
669.0 197 198
669.0 197 199
670.5 107 128
670.5 107 129
672.0 110 115
672.0 110 116
673.5 71 97
673.5 71 98
675.0 154 172
675.0 154 173
676.5 110 119
676.5 110 120
678.0 63 86
678.0 63 87
679.5 80 87
679.5 80 88
681.0 36 53
681.0 36 54
682.5 25 52
682.5 25 53
684.0 152 157
684.0 152 158
685.5 143 176
685.5 143 177
687.0 66 98
687.0 66 99
688.5 29 46
688.5 29 47
690.0 24 44
690.0 24 45
691.5 5 9
691.5 5 10
693.0 29 58
693.0 29 59
694.5 23 50
694.5 23 51
696.0 109 118
696.0 109 119
697.5 46 49
697.5 46 50
699.0 60 99
699.0 60 100
700.5 83 88
700.5 83 89
702.0 60 97
702.0 60 98
703.5 77 89
703.5 77 90
705.0 160 173
705.0 160 174
706.5 102 103
706.5 102 127
708.0 107 118
708.0 107 119
709.5 103 124
709.5 103 125
711.0 100 137
711.0 100 138
712.5 84 85
712.5 84 86
714.0 145 174
714.0 145 175
715.5 33 40
715.5 33 41
717.0 77 95
717.0 77 96
718.5 82 93
718.5 82 94
720.0 122 123
720.0 122 124
721.5 152 177
721.5 152 178
723.0 109 136
723.0 109 137
724.5 64 86
724.5 64 87
726.0 105 124
726.0 105 125
727.5 77 81
727.5 77 82
729.0 78 79
729.0 78 80
730.5 82 91
730.5 82 92
732.0 149 156
732.0 149 157
733.5 124 133
733.5 125 126
735.0 114 136
735.0 114 137
736.5 114 132
736.5 114 133
738.0 156 157
738.0 156 158
739.5 151 159
739.5 151 160
741.0 151 173
741.0 151 174
742.5 190 193
742.5 190 194
744.0 157 161
744.0 157 162
745.5 32 53
745.5 32 54
747.0 189 194
747.0 189 195
748.5 116 137
748.5 117 118
750.0 42 51
750.0 42 52
751.5 112 131
751.5 112 132
753.0 79 88
753.0 79 89
754.5 105 130
754.5 105 131
756.0 150 163
756.0 150 164
757.5 108 135
757.5 108 136
759.0 29 42
759.0 29 43
760.5 111 121
760.5 111 122
762.0 70 85
762.0 70 86
763.5 150 177
763.5 150 178
765.0 108 117
765.0 108 118
766.5 156 175
766.5 156 176
768.0 36 41
768.0 36 42
769.5 62 88
769.5 62 89
771.0 62 98
771.0 62 99
772.5 153 174
772.5 153 175
774.0 159 164
774.0 159 165
775.5 124 129
775.5 124 130
777.0 66 84
777.0 66 85
778.5 88 91
778.5 89 90
780.0 63 98
780.0 63 99
781.5 67 88
781.5 67 89
783.0 154 162
783.0 154 163
784.5 149 174
784.5 149 175
786.0 85 89
786.0 85 90
787.5 20 57
787.5 20 58
789.0 38 41
789.0 38 42
790.5 118 133
790.5 118 134
792.0 12 13
792.0 13 14
793.5 21 22
793.5 21 50
795.0 141 175
795.0 141 176
796.5 159 174
796.5 159 175
798.0 161 167
798.0 161 168
799.5 151 165
799.5 151 166
801.0 104 124
801.0 104 125
802.5 110 123
802.5 110 124
804.0 73 96
804.0 73 97
805.5 154 168
805.5 154 169
807.0 39 42
807.0 39 43
808.5 140 175
808.5 140 176
810.0 72 97
810.0 72 98
811.5 152 155
811.5 152 156
813.0 76 91
813.0 76 92
814.5 102 130
814.5 102 131
816.0 149 164
816.0 149 165
817.5 115 128
817.5 115 129
819.0 29 36
819.0 29 37
820.5 154 174
820.5 154 175
822.0 54 55
822.0 55 56
823.5 23 58
823.5 23 59
825.0 145 176
825.0 145 177
826.5 117 125
826.5 117 126
828.0 141 142
828.0 141 170
829.5 101 133
829.5 101 134
831.0 145 160
831.0 145 161
832.5 69 90
832.5 69 91
834.0 34 54
834.0 34 55
835.5 190 199
835.5 191 192
837.0 18 19
837.0 19 20
838.5 188 189
838.5 188 194
840.0 127 130
840.0 127 131
841.5 115 120
841.5 115 121
843.0 144 166
843.0 144 167
844.5 161 163
844.5 161 164
846.0 147 164
846.0 147 165
847.5 65 94
847.5 65 95
849.0 26 56
849.0 26 57
850.5 180 181
850.5 181 182
852.0 115 126
852.0 115 127
853.5 158 171
853.5 158 172
855.0 40 47
855.0 40 48
856.5 102 136
856.5 102 137
858.0 36 47
858.0 36 48
859.5 115 118
859.5 115 119
861.0 33 36
861.0 33 37
862.5 112 125
862.5 112 126
864.0 155 164
864.0 155 165
865.5 115 122
865.5 115 123
867.0 36 49
867.0 36 50
868.5 149 172
868.5 149 173
870.0 34 46
870.0 34 47
871.5 107 132
871.5 107 133
873.0 104 128
873.0 104 129
874.5 114 124
874.5 114 125
876.0 43 44
876.0 43 45
877.5 86 89
877.5 86 90
879.0 20 55
879.0 20 56
880.5 114 126
880.5 114 127
882.0 71 91
882.0 71 92
883.5 146 172
883.5 146 173
885.0 77 79
885.0 77 80
886.5 108 115
886.5 108 116
888.0 68 69
888.0 68 74
889.5 66 88
889.5 66 89
891.0 22 56
891.0 22 57
892.5 71 75
892.5 71 76
894.0 47 48
894.0 47 49
895.5 84 91
895.5 84 92
897.0 69 78
897.0 69 79
898.5 164 165
898.5 164 166
900.0 37 43
900.0 37 44
901.5 73 76
901.5 73 77
903.0 125 131
903.0 125 132
904.5 161 165
904.5 161 166
906.0 143 168
906.0 143 169
907.5 76 85
907.5 76 86
909.0 1 9
909.0 1 10
910.5 69 86
910.5 69 87
912.0 68 85
912.0 68 86
913.5 153 160
913.5 153 161
915.0 65 98
915.0 65 99
916.5 71 83
916.5 71 84
918.0 45 47
918.0 45 48
919.5 105 122
919.5 105 123
921.0 147 168
921.0 147 169
922.5 159 170
922.5 159 171
924.0 150 169
924.0 150 170
925.5 142 170
925.5 142 171
927.0 8 9
927.0 8 10
928.5 111 127
928.5 111 128
930.0 72 95
930.0 72 96
931.5 62 100
931.5 63 64
933.0 156 177
933.0 157 158
934.5 30 45
934.5 30 46
936.0 160 167
936.0 160 168
937.5 113 118
937.5 113 119
939.0 79 80
939.0 79 81
940.5 29 50
940.5 29 51
942.0 64 84
942.0 64 85
943.5 4 13
943.5 5 6
945.0 187 196
945.0 187 197
946.5 20 59
946.5 20 60
948.0 140 141
948.0 140 174
949.5 25 50
949.5 25 51
951.0 132 133
951.0 133 134
952.5 143 172
952.5 143 173
954.0 32 33
954.0 32 34
955.5 144 172
955.5 144 173
957.0 166 171
957.0 166 172
958.5 105 136
958.5 105 137
960.0 67 82
960.0 67 83
961.5 66 96
961.5 66 97
963.0 147 162
963.0 147 163
964.5 72 77
964.5 72 78
966.0 119 128
966.0 119 129
967.5 122 131
967.5 122 132
969.0 43 50
969.0 43 51
970.5 73 84
970.5 73 85
972.0 30 41
972.0 30 42
973.5 108 125
973.5 108 126
975.0 70 83
975.0 70 84
976.5 114 118
976.5 114 119
978.0 108 129
978.0 108 130
979.5 111 133
979.5 111 134
981.0 32 55
981.0 32 56
982.5 0 7
982.5 0 8
984.0 168 169
984.0 168 170
985.5 84 89
985.5 84 90
987.0 65 80
987.0 65 81
988.5 66 100
988.5 67 68
990.0 31 45
990.0 31 46
991.5 150 167
991.5 150 168
993.0 157 163
993.0 157 164
994.5 162 165
994.5 162 166
996.0 3 6
996.0 3 7
997.5 10 11
997.5 11 12
999.0 72 91
999.0 72 92
1000.5 39 52
1000.5 39 53
1002.0 34 52
1002.0 34 53
1003.5 79 94
1003.5 79 95
1005.0 32 57
1005.0 32 58
1006.5 35 50
1006.5 35 51
1008.0 31 43
1008.0 31 44
1009.5 111 137
1009.5 111 138
1011.0 162 163
1011.0 162 164
1012.5 34 44
1012.5 34 45
1014.0 109 132
1014.0 109 133
1015.5 105 120
1015.5 105 121
1017.0 150 161
1017.0 150 162
1018.5 27 42
1018.5 27 43
1020.0 119 126
1020.0 119 127
1021.5 120 135
1021.5 121 122
1023.0 29 32
1023.0 29 33
1024.5 74 84
1024.5 74 85
1026.0 156 159
1026.0 156 160
1027.5 73 74
1027.5 73 75
1029.0 46 51
1029.0 46 52
1030.5 25 60
1030.5 26 27
1032.0 103 130
1032.0 103 131
1033.5 40 53
1033.5 40 54
1035.0 122 129
1035.0 122 130
1036.5 146 168
1036.5 146 169
1038.0 142 178
1038.0 142 179
1039.5 113 132
1039.5 113 133
1041.0 160 169
1041.0 160 170
1042.5 37 53
1042.5 37 54
1044.0 121 125
1044.0 121 126
1045.5 150 171
1045.5 150 172
1047.0 159 160
1047.0 159 161
1048.5 34 42
1048.5 34 43
1050.0 113 128
1050.0 113 129
1051.5 32 43
1051.5 32 44
1053.0 3 10
1053.0 3 11
1054.5 39 54
1054.5 39 55
1056.0 118 119
1056.0 118 120
1057.5 76 83
1057.5 76 84
1059.0 163 172
1059.0 163 173
1060.5 151 167
1060.5 151 168
1062.0 113 122
1062.0 113 123
1063.5 70 99
1063.5 71 72
1065.0 118 135
1065.0 118 136
1066.5 66 78
1066.5 66 79
1068.0 144 176
1068.0 144 177
1069.5 148 173
1069.5 148 174
1071.0 81 89
1071.0 81 90
1072.5 104 138
1072.5 104 139
1074.0 77 85
1074.0 77 86
1075.5 110 127
1075.5 110 128
1077.0 116 117
1077.0 116 118
1078.5 153 158
1078.5 153 159
1080.0 69 94
1080.0 69 95
1081.5 145 166
1081.5 145 167
1083.0 33 56
1083.0 33 57
1084.5 134 135
1084.5 135 136
1086.0 114 130
1086.0 114 131
1087.5 152 175
1087.5 152 176
1089.0 86 91
1089.0 86 92
1090.5 31 39
1090.5 31 40
1092.0 72 75
1092.0 72 76
1093.5 92 93
1093.5 93 94
1095.0 112 121
1095.0 112 122
1096.5 155 156
1096.5 155 157
1098.0 37 39
1098.0 37 40
1099.5 155 168
1099.5 155 169
1101.0 69 74
1101.0 69 75
1102.5 192 198
1102.5 192 199
1104.0 67 76
1104.0 67 77
1105.5 38 43
1105.5 38 44
1107.0 152 169
1107.0 152 170
1108.5 158 175
1108.5 158 176
1110.0 163 168
1110.0 163 169
1111.5 107 136
1111.5 107 137
1113.0 58 59
1113.0 59 60
1114.5 38 49
1114.5 38 50
1116.0 110 131
1116.0 110 132
1117.5 26 44
1117.5 26 45
1119.0 151 175
1119.0 151 176
1120.5 106 132
1120.5 106 133
1122.0 64 92
1122.0 64 93
1123.5 78 83
1123.5 78 84
1125.0 64 90
1125.0 64 91
1126.5 77 91
1126.5 77 92
1128.0 69 84
1128.0 69 85
1129.5 166 169
1129.5 166 170
1131.0 101 139
1131.0 101 140
1132.5 27 48
1132.5 27 49
1134.0 156 163
1134.0 156 164
1135.5 37 55
1135.5 37 56
1137.0 102 138
1137.0 102 139
1138.5 63 84
1138.5 63 85
1140.0 116 123
1140.0 116 124
1141.5 151 157
1141.5 151 158
1143.0 104 122
1143.0 104 123
1144.5 109 126
1144.5 109 127
1146.0 36 43
1146.0 36 44
1147.5 67 80
1147.5 67 81
1149.0 109 128
1149.0 109 129
1150.5 4 5
1150.5 4 6
1152.0 71 87
1152.0 71 88
1153.5 122 125
1153.5 122 126
1155.0 105 126
1155.0 105 127
1156.5 39 44
1156.5 39 45
1158.0 65 82
1158.0 65 83
1159.5 152 173
1159.5 152 174
1161.0 163 166
1161.0 163 167
1162.5 162 167
1162.5 162 168
1164.0 77 93
1164.0 77 94
1165.5 153 164
1165.5 153 165
1167.0 151 153
1167.0 151 154
1168.5 103 128
1168.5 103 129
1170.0 80 85
1170.0 80 86
1171.5 100 135
1171.5 100 136
1173.0 14 15
1173.0 15 16
1174.5 70 79
1174.5 70 80
1176.0 46 47
1176.0 46 48
1177.5 111 115
1177.5 111 116
1179.0 153 178
1179.0 154 155
1180.5 159 166
1180.5 159 167
1182.0 82 87
1182.0 82 88
1183.5 178 179
1183.5 179 180
1185.0 148 169
1185.0 148 170
1186.5 41 47
1186.5 41 48
1188.0 153 156
1188.0 153 157
1189.5 24 54
1189.5 24 55
1191.0 108 139
1191.0 109 110
1192.5 105 134
1192.5 105 135
1194.0 107 130
1194.0 107 131
1195.5 67 94
1195.5 67 95
1197.0 102 132
1197.0 102 133
1198.5 150 173
1198.5 150 174
1200.0 108 119
1200.0 108 120
1201.5 28 43
1201.5 28 44
1203.0 153 162
1203.0 153 163
1204.5 67 92
1204.5 67 93
1206.0 27 52
1206.0 27 53
1207.5 35 48
1207.5 35 49
1209.0 68 97
1209.0 68 98
1210.5 111 119
1210.5 111 120
1212.0 81 83
1212.0 81 84
1213.5 148 159
1213.5 148 160
1215.0 24 52
1215.0 24 53
1216.5 4 7
1216.5 4 8
1218.0 195 197
1218.0 195 198
1219.5 116 121
1219.5 116 122
1221.0 143 178
1221.0 143 179
1222.5 39 40
1222.5 39 41
1224.0 147 170
1224.0 147 171
1225.5 65 88
1225.5 65 89
1227.0 40 43
1227.0 40 44
1228.5 29 38
1228.5 29 39
1230.0 83 84
1230.0 83 85
1231.5 121 133
1231.5 121 134
1233.0 157 171
1233.0 157 172
1234.5 76 89
1234.5 76 90
1236.0 159 172
1236.0 159 173
1237.5 111 123
1237.5 111 124
1239.0 68 77
1239.0 68 78
1240.5 151 169
1240.5 151 170
1242.0 147 156
1242.0 147 157
1243.5 79 86
1243.5 79 87
1245.0 33 46
1245.0 33 47
1246.5 20 21
1246.5 20 54
1248.0 1 3
1248.0 1 4
1249.5 110 111
1249.5 110 112
1251.0 117 135
1251.0 117 136
1252.5 114 122
1252.5 114 123
1254.0 147 178
1254.0 147 179
1255.5 157 167
1255.5 157 168
1257.0 156 165
1257.0 156 166
1258.5 104 140
1258.5 105 106
1260.0 26 42
1260.0 26 43
1261.5 113 134
1261.5 113 135
1263.0 29 54
1263.0 29 55
1264.5 106 140
1264.5 107 108
1266.0 119 134
1266.0 119 135
1267.5 149 168
1267.5 149 169
1269.0 40 45
1269.0 40 46
1270.5 109 116
1270.5 109 117
1272.0 153 154
1272.0 153 155
1273.5 36 57
1273.5 37 38
1275.0 113 138
1275.0 114 115
1276.5 115 124
1276.5 115 125
1278.0 113 124
1278.0 113 125
1279.5 68 79
1279.5 68 80
1281.0 145 170
1281.0 145 171
1282.5 23 60
1282.5 24 25
1284.0 38 51
1284.0 38 52
1285.5 106 122
1285.5 106 123
1287.0 113 120
1287.0 113 121
1288.5 25 42
1288.5 25 43
1290.0 94 95
1290.0 95 96
1291.5 21 57
1291.5 21 58
1293.0 72 89
1293.0 72 90
1294.5 42 45
1294.5 42 46
1296.0 121 131
1296.0 121 132
1297.5 33 50
1297.5 33 51
1299.0 31 51
1299.0 31 52
1300.5 24 42
1300.5 24 43
1302.0 120 127
1302.0 120 128
1303.5 28 29
1303.5 28 34
1305.0 37 51
1305.0 37 52
1306.5 66 92
1306.5 66 93
1308.0 67 78
1308.0 67 79
1309.5 83 90
1309.5 83 91
1311.0 75 86
1311.0 75 87
1312.5 76 97
1312.5 77 78
1314.0 118 129
1314.0 118 130
1315.5 30 53
1315.5 30 54
1317.0 147 166
1317.0 147 167
1318.5 26 52
1318.5 26 53
1320.0 186 199
1320.0 187 188
1321.5 143 170
1321.5 143 171
1323.0 145 178
1323.0 145 179
1324.5 70 89
1324.5 70 90
1326.0 85 91
1326.0 85 92
1327.5 149 162
1327.5 149 163
1329.0 194 195
1329.0 194 196
1330.5 189 198
1330.5 189 199
1332.0 148 167
1332.0 148 168
1333.5 75 88
1333.5 75 89
1335.0 69 72
1335.0 69 73
1336.5 105 128
1336.5 105 129
1338.0 75 80
1338.0 75 81
1339.5 80 83
1339.5 80 84
1341.0 28 49
1341.0 28 50
1342.5 192 194
1342.5 192 195
1344.0 112 115
1344.0 112 116
1345.5 110 137
1345.5 110 138
1347.0 76 77
1347.0 76 78
1348.5 30 51
1348.5 30 52
1350.0 110 125
1350.0 110 126
1351.5 3 8
1351.5 3 9
1353.0 119 120
1353.0 119 121
1354.5 110 113
1354.5 110 114
1356.0 27 50
1356.0 27 51
1357.5 146 176
1357.5 146 177
1359.0 42 47
1359.0 42 48
1360.5 147 174
1360.5 147 175
1362.0 111 131
1362.0 111 132
1363.5 74 82
1363.5 74 83
1365.0 120 133
1365.0 120 134
1366.5 121 127
1366.5 121 128
1368.0 162 171
1368.0 162 172
1369.5 126 129
1369.5 126 130
1371.0 31 41
1371.0 31 42
1372.5 108 109
1372.5 108 114
1374.0 150 175
1374.0 150 176
1375.5 148 161
1375.5 148 162
1377.0 165 167
1377.0 165 168
1378.5 73 80
1378.5 73 81
1380.0 81 91
1380.0 81 92
1381.5 27 46
1381.5 27 47
1383.0 72 73
1383.0 72 74
1384.5 148 177
1384.5 148 178
1386.0 42 43
1386.0 42 44
1387.5 39 48
1387.5 39 49
1389.0 0 9
1389.0 0 10
1390.5 160 175
1390.5 161 162
1392.0 21 59
1392.0 21 60
1393.5 26 58
1393.5 26 59
1395.0 112 127
1395.0 112 128
1396.5 23 54
1396.5 23 55
1398.0 191 199
1398.0 192 193
1399.5 30 37
1399.5 30 38
1401.0 113 136
1401.0 113 137
1402.5 142 172
1402.5 142 173
1404.0 68 93
1404.0 68 94
1405.5 155 176
1405.5 155 177
1407.0 123 132
1407.0 123 133
1408.5 107 126
1408.5 107 127
1410.0 158 167
1410.0 158 168
1411.5 188 199
1411.5 189 190
1413.0 144 164
1413.0 144 165
1414.5 147 172
1414.5 147 173
1416.0 81 85
1416.0 81 86
1417.5 116 127
1417.5 116 128
1419.0 113 116
1419.0 113 117
1420.5 75 96
1420.5 75 97
1422.0 23 48
1422.0 23 49
1423.5 0 15
1423.5 1 2
1425.0 2 5
1425.0 2 6
1426.5 62 90
1426.5 62 91
1428.0 21 55
1428.0 21 56
1429.5 148 155
1429.5 148 156
1431.0 109 134
1431.0 109 135
1432.5 109 120
1432.5 109 121
1434.0 102 134
1434.0 102 135
1435.5 151 161
1435.5 151 162
1437.0 101 131
1437.0 101 132
1438.5 41 53
1438.5 41 54
1440.0 29 40
1440.0 29 41
1441.5 27 56
1441.5 27 57
1443.0 116 125
1443.0 116 126
1444.5 36 45
1444.5 36 46
1446.0 76 79
1446.0 76 80
1447.5 76 81
1447.5 76 82
1449.0 107 134
1449.0 107 135
1450.5 82 85
1450.5 82 86
1452.0 108 133
1452.0 108 134
1453.5 157 159
1453.5 157 160
1455.0 88 89
1455.0 88 90
1456.5 113 126
1456.5 113 127
1458.0 84 93
1458.0 85 86
1459.5 73 78
1459.5 73 79
1461.0 190 195
1461.0 190 196
1462.5 1 7
1462.5 1 8
1464.0 115 116
1464.0 115 117
1465.5 143 174
1465.5 143 175
1467.0 165 169
1467.0 165 170
1468.5 80 95
1468.5 81 82
1470.0 142 143
1470.0 142 167
1471.5 104 136
1471.5 104 137
1473.0 115 132
1473.0 115 133
1474.5 69 92
1474.5 69 93
1476.0 26 40
1476.0 26 41
1477.5 75 92
1477.5 75 93
1479.0 110 133
1479.0 110 134
1480.5 65 96
1480.5 65 97
1482.0 162 169
1482.0 162 170
1483.5 103 136
1483.5 103 137
1485.0 142 176
1485.0 142 177
1486.5 61 62
1486.5 61 90
1488.0 186 187
1488.0 186 198
1489.5 83 92
1489.5 83 93
1491.0 110 117
1491.0 110 118
1492.5 68 75
1492.5 68 76
1494.0 106 136
1494.0 106 137
1495.5 40 55
1495.5 41 42
1497.0 75 94
1497.0 75 95
1498.5 71 73
1498.5 71 74
1500.0 31 55
1500.0 31 56
1501.5 63 90
1501.5 63 91
1503.0 68 81
1503.0 68 82
1504.5 6 9
1504.5 6 10
1506.0 124 131
1506.0 124 132
1507.5 188 197
1507.5 188 198
1509.0 143 164
1509.0 143 165
1510.5 148 165
1510.5 148 166
1512.0 77 87
1512.0 77 88
1513.5 33 48
1513.5 33 49
1515.0 115 130
1515.0 115 131
1516.5 124 127
1516.5 124 128
1518.0 23 56
1518.0 23 57
1519.5 150 155
1519.5 150 156
1521.0 70 75
1521.0 70 76
1522.5 28 59
1522.5 29 30
1524.0 24 60
1524.0 25 26
1525.5 33 34
1525.5 33 35
1527.0 43 46
1527.0 43 47
1528.5 78 93
1528.5 78 94
1530.0 48 51
1530.0 49 50
1531.5 79 90
1531.5 79 91
1533.0 25 58
1533.0 25 59
1534.5 76 87
1534.5 76 88
1536.0 34 56
1536.0 34 57
1537.5 78 91
1537.5 78 92
1539.0 120 131
1539.0 120 132
1540.5 71 85
1540.5 71 86
1542.0 32 35
1542.0 32 36
1543.5 74 78
1543.5 74 79
1545.0 159 168
1545.0 159 169
1546.5 119 124
1546.5 119 125
1548.0 167 170
1548.0 167 171
1549.5 33 44
1549.5 33 45
1551.0 65 84
1551.0 65 85
1552.5 28 45
1552.5 28 46
1554.0 149 158
1554.0 149 159
1555.5 127 128
1555.5 127 129
1557.0 30 49
1557.0 30 50
1558.5 68 89
1558.5 68 90
1560.0 36 55
1560.0 36 56
1561.5 152 153
1561.5 152 154
1563.0 120 123
1563.0 120 124
1564.5 191 197
1564.5 191 198
1566.0 117 133
1566.0 117 134
1567.5 26 54
1567.5 26 55
1569.0 191 193
1569.0 191 194
1570.5 111 135
1570.5 111 136
1572.0 25 54
1572.0 25 55
1573.5 44 45
1573.5 44 46
1575.0 141 173
1575.0 141 174
1576.5 0 3
1576.5 0 4
1578.0 64 88
1578.0 64 89
1579.5 35 56
1579.5 35 57
1581.0 157 169
1581.0 157 170
1582.5 98 99
1582.5 99 100
1584.0 155 162
1584.0 155 163
1585.5 3 4
1585.5 3 5
1587.0 158 169
1587.0 158 170
1588.5 7 10
1588.5 7 11
1590.0 145 180
1590.0 146 147
1591.5 73 88
1591.5 73 89
1593.0 114 120
1593.0 114 121
1594.5 113 130
1594.5 113 131
1596.0 27 58
1596.0 27 59
1597.5 4 11
1597.5 4 12
1599.0 44 49
1599.0 44 50
1600.5 37 47
1600.5 37 48
1602.0 6 11
1602.0 6 12
1603.5 34 36
1603.5 34 37
1605.0 164 173
1605.0 165 166
1606.5 65 92
1606.5 65 93
1608.0 101 102
1608.0 101 130
1609.5 117 131
1609.5 117 132
1611.0 32 49
1611.0 32 50
1612.5 36 39
1612.5 36 40
1614.0 40 41
1614.0 40 42
1615.5 78 95
1615.5 78 96
1617.0 32 37
1617.0 32 38
1618.5 80 91
1618.5 80 92
1620.0 22 58
1620.0 22 59
1621.5 72 79
1621.5 72 80
1623.0 37 49
1623.0 37 50
1624.5 160 171
1624.5 160 172
1626.0 117 127
1626.0 117 128
1627.5 33 52
1627.5 33 53
1629.0 126 127
1629.0 126 128
1630.5 80 81
1630.5 80 82
1632.0 41 49
1632.0 41 50
1633.5 61 93
1633.5 61 94
1635.0 64 94
1635.0 64 95
1636.5 42 53
1636.5 42 54
1638.0 0 1
1638.0 0 2
1639.5 109 112
1639.5 109 113
1641.0 35 38
1641.0 35 39
1642.5 35 40
1642.5 35 41
1644.0 66 80
1644.0 66 81
1645.5 130 131
1645.5 131 132
1647.0 68 83
1647.0 68 84
1648.5 164 169
1648.5 164 170
1650.0 124 125
1650.0 124 126
1651.5 78 89
1651.5 78 90
1653.0 31 49
1653.0 31 50
1654.5 164 167
1654.5 164 168
1656.0 7 8
1656.0 7 9
1657.5 35 42
1657.5 35 43
1659.0 1 13
1659.0 1 14
1660.5 146 158
1660.5 146 159
1662.0 148 179
1662.0 149 150
1663.5 115 136
1663.5 115 137
1665.0 110 135
1665.0 110 136
1666.5 116 131
1666.5 116 132
1668.0 23 44
1668.0 23 45
1669.5 68 95
1669.5 68 96
1671.0 108 121
1671.0 108 122
