0 58 72
0 58 88
1.5 37 41
1.5 37 42
3.0 96 115
3.0 96 116
4.5 116 120
4.5 116 121
6.0 124 138
6.0 124 139
7.5 31 32
7.5 31 37
9.0 95 113
9.0 95 114
10.5 156 192
10.5 156 193
12.0 156 186
12.0 156 187
13.5 184 194
13.5 185 186
15.0 83 86
15.0 83 87
16.5 44 57
16.5 44 58
18.0 125 186
18.0 125 187
19.5 125 142
19.5 125 152
21.0 90 91
21.0 90 92
22.5 135 137
22.5 135 138
24.0 97 116
24.0 97 117
25.5 123 195
25.5 124 125
27.0 197 198
27.0 197 199
28.5 60 66
28.5 60 67
30.0 79 88
30.0 80 81
31.5 131 137
31.5 131 138
33.0 61 69
33.0 61 70
34.5 95 121
34.5 95 122
36.0 142 184
36.0 142 185
37.5 143 153
37.5 143 154
39.0 124 134
39.0 124 135
40.5 123 133
40.5 123 134
42.0 156 194
42.0 156 195
43.5 122 187
43.5 122 188
45.0 95 119
45.0 95 120
46.5 19 28
46.5 19 29
48.0 171 187
48.0 171 188
49.5 139 140
49.5 140 141
51.0 131 135
51.0 131 136
52.5 117 120
52.5 117 121
54.0 117 118
54.0 117 119
55.5 53 54
55.5 53 55
57.0 92 115
57.0 92 116
58.5 124 170
58.5 124 182
60.0 31 40
60.0 31 41
61.5 45 55
61.5 45 56
63.0 128 140
63.0 128 141
64.5 123 189
64.5 123 190
66.0 74 79
66.0 74 80
67.5 122 181
67.5 122 182
69.0 173 184
69.0 173 185
70.5 95 107
70.5 95 108
72.0 126 168
72.0 126 169
73.5 145 153
73.5 145 154
75.0 98 104
75.0 98 105
76.5 38 40
76.5 38 41
78.0 155 188
78.0 155 189
79.5 141 169
79.5 141 184
81.0 4 8
81.0 4 9
82.5 128 188
82.5 128 189
84.0 122 140
84.0 122 141
85.5 13 15
85.5 13 16
87.0 58 68
87.0 58 69
88.5 94 96
88.5 94 106
90.0 124 187
90.0 124 188
91.5 59 66
91.5 59 67
93.0 65 67
93.0 65 68
94.5 50 55
94.5 50 56
96.0 91 108
96.0 91 109
97.5 101 105
97.5 101 106
99.0 34 39
99.0 34 40
100.5 37 39
100.5 37 40
102.0 176 181
102.0 176 182
103.5 173 191
103.5 173 192
105.0 54 56
105.0 55 56
106.5 127 138
106.5 127 139
108.0 123 137
108.0 123 138
109.5 89 95
109.5 89 96
111.0 124 132
111.0 124 133
112.5 95 115
112.5 95 116
114.0 39 40
114.0 39 41
115.5 46 51
115.5 46 52
117.0 124 191
117.0 124 192
118.5 141 154
118.5 141 155
120.0 122 183
120.0 122 184
121.5 79 84
121.5 79 85
123.0 172 183
123.0 172 184
124.5 141 191
124.5 141 192
126.0 127 192
126.0 127 193
127.5 132 140
127.5 133 134
129.0 89 117
129.0 89 118
130.5 125 194
130.5 125 195
132.0 159 194
132.0 159 195
133.5 97 98
133.5 97 105
135.0 155 168
135.0 155 169
136.5 123 170
136.5 123 171
138.0 93 122
138.0 94 95
139.5 143 193
139.5 143 194
141.0 155 194
141.0 155 195
142.5 36 41
142.5 36 42
144.0 88 117
144.0 88 118
145.5 76 82
145.5 76 83
147.0 35 36
147.0 35 37
148.5 17 31
148.5 17 44
150.0 59 64
150.0 59 65
151.5 129 169
151.5 129 183
153.0 32 34
153.0 32 35
154.5 73 79
154.5 73 80
156.0 126 155
156.0 126 167
157.5 47 49
157.5 47 50
159.0 185 191
159.0 185 192
160.5 30 31
160.5 30 88
162.0 90 113
162.0 90 114
163.5 74 85
163.5 74 86
165.0 142 194
165.0 142 195
166.5 75 76
166.5 75 77
168.0 122 193
168.0 122 194
169.5 155 186
169.5 155 187
171.0 76 84
171.0 76 85
172.5 145 146
172.5 145 148
174.0 189 193
174.0 189 194
175.5 80 86
175.5 80 87
177.0 56 57
177.0 57 58
178.5 128 138
178.5 128 139
180.0 43 44
180.0 44 45
181.5 77 79
181.5 77 80
183.0 59 68
183.0 59 69
184.5 124 166
184.5 124 167
186.0 0 14
186.0 0 15
187.5 50 57
187.5 51 52
189.0 127 184
189.0 127 185
190.5 183 184
190.5 183 192
192.0 129 155
192.0 129 168
193.5 25 27
193.5 25 28
195.0 18 29
195.0 18 30
196.5 169 193
196.5 169 194
198.0 123 191
198.0 123 192
199.5 64 69
199.5 64 70
201.0 162 163
201.0 162 164
202.5 157 193
202.5 157 194
204.0 188 192
204.0 188 193
205.5 127 136
205.5 127 137
207.0 179 180
207.0 180 181
208.5 174 179
208.5 174 180
210.0 130 195
210.0 131 132
211.5 177 180
211.5 177 181
213.0 128 129
213.0 128 137
214.5 1 17
214.5 2 3
216.0 124 130
216.0 124 131
217.5 68 69
217.5 68 70
219.0 24 28
219.0 24 29
220.5 126 127
220.5 126 128
222.0 20 26
222.0 20 27
223.5 64 67
223.5 64 68
225.0 145 151
225.0 145 152
226.5 45 46
226.5 45 48
228.0 93 120
228.0 93 121
229.5 174 192
229.5 174 193
231.0 127 190
231.0 127 191
232.5 1 2
232.5 1 6
234.0 168 194
234.0 169 170
235.5 122 152
235.5 122 153
237.0 14 15
237.0 15 16
238.5 128 186
238.5 128 187
240.0 110 115
240.0 110 116
241.5 78 79
241.5 78 80
243.0 111 118
243.0 111 119
244.5 102 106
244.5 102 107
246.0 91 120
246.0 91 121
247.5 112 122
247.5 113 114
249.0 58 70
249.0 58 71
250.5 21 29
250.5 21 30
252.0 165 166
252.0 166 167
253.5 94 115
253.5 94 116
255.0 91 114
255.0 91 115
256.5 126 192
256.5 126 193
258.0 132 136
258.0 132 137
259.5 122 132
259.5 122 133
261.0 35 42
261.0 35 43
262.5 94 107
262.5 94 108
264.0 1 9
264.0 1 10
265.5 187 188
265.5 187 189
267.0 74 75
267.0 74 76
268.5 131 139
268.5 131 140
270.0 169 189
270.0 169 190
271.5 19 26
271.5 19 27
273.0 75 80
273.0 75 81
274.5 94 119
274.5 94 120
276.0 115 121
276.0 116 117
277.5 122 185
277.5 122 186
279.0 78 83
279.0 78 84
280.5 82 86
280.5 82 87
282.0 100 101
282.0 100 103
283.5 82 84
283.5 82 85
285.0 196 198
285.0 196 199
286.5 173 180
286.5 173 181
288.0 64 71
288.0 65 66
289.5 92 119
289.5 92 120
291.0 34 41
291.0 34 42
292.5 98 121
292.5 98 122
294.0 129 186
294.0 129 187
295.5 96 107
295.5 96 108
297.0 98 106
297.0 98 107
298.5 158 191
298.5 158 192
300.0 3 4
300.0 3 5
301.5 101 103
301.5 101 104
303.0 77 81
303.0 77 82
304.5 52 56
304.5 52 57
306.0 143 195
306.0 144 145
307.5 60 72
307.5 61 62
309.0 171 181
309.0 171 182
310.5 115 117
310.5 115 118
312.0 127 194
312.0 127 195
313.5 112 120
313.5 112 121
315.0 98 119
315.0 98 120
316.5 61 71
316.5 61 72
318.0 171 193
318.0 171 194
319.5 143 189
319.5 143 190
321.0 63 66
321.0 63 67
322.5 143 144
322.5 143 150
324.0 124 189
324.0 124 190
325.5 128 194
325.5 128 195
327.0 171 189
327.0 171 190
328.5 87 88
328.5 88 89
330.0 147 152
330.0 147 153
331.5 61 65
331.5 61 66
333.0 22 25
333.0 22 26
334.5 157 165
334.5 157 166
336.0 1 13
336.0 1 14
337.5 175 179
337.5 175 180
339.0 143 151
339.0 143 152
340.5 160 165
340.5 160 166
342.0 124 193
342.0 124 194
343.5 129 141
343.5 129 154
345.0 95 109
345.0 95 110
346.5 74 81
346.5 74 82
348.0 113 115
348.0 113 116
349.5 41 42
349.5 42 43
351.0 28 29
351.0 29 30
352.5 95 111
352.5 95 112
354.0 129 194
354.0 129 195
355.5 97 108
355.5 97 109
357.0 81 85
357.0 81 86
358.5 142 192
358.5 142 193
360.0 122 166
360.0 122 167
361.5 110 117
361.5 110 118
363.0 177 182
363.0 178 179
364.5 0 1
364.5 0 7
366.0 78 87
366.0 78 88
367.5 170 171
367.5 170 181
369.0 90 99
369.0 90 104
370.5 159 166
370.5 159 167
372.0 123 183
372.0 123 184
373.5 92 117
373.5 92 118
375.0 65 69
375.0 65 70
376.5 172 187
376.5 172 188
378.0 156 166
378.0 156 167
379.5 169 185
379.5 169 186
381.0 51 57
381.0 52 53
382.5 123 139
382.5 123 140
384.0 161 166
384.0 161 167
385.5 126 153
385.5 126 154
387.0 88 111
387.0 88 112
388.5 19 22
388.5 19 23
390.0 190 193
390.0 190 194
391.5 155 192
391.5 155 193
393.0 88 115
393.0 88 116
394.5 59 60
394.5 59 61
396.0 123 193
396.0 123 194
397.5 77 83
397.5 77 84
399.0 77 85
399.0 77 86
400.5 21 27
400.5 21 28
402.0 36 37
402.0 36 38
403.5 156 157
403.5 156 165
405.0 146 149
405.0 146 150
406.5 160 163
406.5 160 164
408.0 103 106
408.0 104 105
409.5 114 121
409.5 115 116
411.0 125 169
411.0 125 170
412.5 31 44
412.5 31 72
414.0 174 175
414.0 174 178
415.5 22 27
415.5 22 28
417.0 4 6
417.0 4 7
418.5 121 122
418.5 122 123
420.0 75 86
420.0 75 87
421.5 158 168
421.5 158 169
423.0 163 164
423.0 163 165
424.5 125 182
424.5 125 183
426.0 142 155
426.0 142 169
427.5 90 97
427.5 90 98
429.0 24 30
429.0 25 26
430.5 122 154
430.5 122 155
432.0 59 72
432.0 60 61
433.5 92 113
433.5 92 114
435.0 32 40
435.0 32 41
436.5 0 8
436.5 0 9
438.0 125 190
438.0 125 191
439.5 36 39
439.5 36 40
441.0 127 170
441.0 127 183
442.5 108 122
442.5 109 110
444.0 174 183
444.0 174 184
445.5 33 41
445.5 33 42
447.0 27 28
447.0 27 29
448.5 123 143
448.5 123 150
450.0 60 62
450.0 60 63
451.5 75 78
451.5 75 79
453.0 186 193
453.0 186 194
454.5 66 68
454.5 66 69
456.0 18 25
456.0 18 26
457.5 142 186
457.5 142 187
459.0 52 54
459.0 52 55
460.5 130 193
460.5 130 194
462.0 60 68
462.0 60 69
463.5 90 115
463.5 90 116
465.0 25 29
465.0 26 27
466.5 92 96
466.5 92 97
468.0 122 138
468.0 122 139
469.5 129 184
469.5 129 185
471.0 186 187
471.0 186 188
472.5 76 80
472.5 76 81
474.0 70 71
474.0 71 72
475.5 170 192
475.5 170 193
477.0 149 152
477.0 150 151
478.5 94 111
478.5 94 112
480.0 3 10
480.0 4 5
481.5 170 190
481.5 170 191
483.0 174 194
483.0 175 176
484.5 80 88
484.5 81 82
486.0 31 88
486.0 32 33
487.5 157 195
487.5 158 159
489.0 113 121
489.0 113 122
490.5 17 29
490.5 17 30
492.0 143 155
492.0 143 188
493.5 176 183
493.5 176 194
495.0 23 24
495.0 23 25
496.5 122 195
496.5 123 124
498.0 102 104
498.0 102 105
499.5 158 195
499.5 159 160
501.0 93 96
501.0 93 97
502.5 98 117
502.5 98 118
504.0 124 140
504.0 124 141
505.5 73 77
505.5 73 78
507.0 88 121
507.0 88 122
508.5 111 120
508.5 111 121
510.0 128 153
510.0 128 154
511.5 125 188
511.5 125 189
513.0 100 120
513.0 100 121
514.5 95 117
514.5 95 118
516.0 123 127
516.0 123 128
517.5 73 74
517.5 73 76
519.0 37 43
519.0 38 39
520.5 9 10
520.5 10 11
522.0 109 118
522.0 109 119
523.5 38 42
523.5 38 43
525.0 49 52
525.0 49 53
526.5 48 50
526.5 48 51
528.0 111 116
528.0 111 117
529.5 173 193
529.5 173 194
531.0 161 164
531.0 161 165
532.5 90 93
532.5 90 94
534.0 127 153
534.0 127 154
535.5 141 193
535.5 141 194
537.0 130 131
537.0 130 136
538.5 128 190
538.5 128 191
540.0 92 105
540.0 92 106
541.5 159 162
541.5 159 163
543.0 156 190
543.0 156 191
544.5 128 192
544.5 128 193
546.0 22 23
546.0 22 24
547.5 91 94
547.5 91 95
549.0 134 137
549.0 134 138
550.5 133 137
550.5 133 138
552.0 35 40
552.0 35 41
553.5 90 119
553.5 90 120
555.0 12 14
555.0 12 15
556.5 181 182
556.5 182 183
558.0 2 5
558.0 2 6
559.5 97 106
559.5 97 107
561.0 11 12
561.0 11 13
562.5 118 121
562.5 119 120
564.0 91 118
564.0 91 119
565.5 177 178
565.5 177 179
567.0 79 82
567.0 79 83
568.5 63 70
568.5 63 71
570.0 170 186
570.0 170 187
571.5 93 112
571.5 93 113
573.0 60 64
573.0 60 65
574.5 67 68
574.5 67 69
576.0 10 15
576.0 10 16
577.5 141 185
577.5 141 186
579.0 129 190
579.0 129 191
580.5 114 119
580.5 114 120
582.0 171 183
582.0 171 184
583.5 130 137
583.5 130 138
585.0 142 153
585.0 142 154
586.5 155 184
586.5 155 185
588.0 109 120
588.0 109 121
589.5 167 168
589.5 168 169
591.0 89 99
591.0 89 104
592.5 20 24
592.5 20 25
594.0 88 109
594.0 88 110
595.5 92 94
595.5 92 95
597.0 159 164
597.0 159 165
598.5 126 186
598.5 126 187
600.0 185 187
600.0 185 188
601.5 123 181
601.5 123 182
603.0 50 53
603.0 50 54
604.5 99 109
604.5 99 118
606.0 145 149
606.0 145 150
607.5 50 51
607.5 50 52
609.0 155 166
609.0 155 167
610.5 124 185
610.5 124 186
612.0 21 25
612.0 21 26
613.5 93 118
613.5 93 119
615.0 61 63
615.0 61 64
616.5 161 162
616.5 161 163
618.0 90 107
618.0 90 108
619.5 32 42
619.5 32 43
621.0 176 177
621.0 176 178
622.5 59 62
622.5 59 63
624.0 125 129
624.0 125 130
625.5 5 6
625.5 5 7
627.0 141 187
627.0 141 188
628.5 144 194
628.5 144 195
630.0 90 117
630.0 90 118
631.5 116 118
631.5 116 119
633.0 101 107
633.0 101 108
634.5 123 129
634.5 123 130
636.0 100 106
636.0 100 107
637.5 122 150
637.5 122 151
639.0 141 195
639.0 142 143
640.5 90 95
640.5 90 96
642.0 172 173
642.0 172 180
643.5 89 115
643.5 89 116
645.0 125 192
645.0 125 193
646.5 62 69
646.5 62 70
648.0 1 11
648.0 1 12
649.5 24 26
649.5 24 27
651.0 156 188
651.0 156 189
652.5 126 140
652.5 126 141
654.0 125 140
654.0 125 141
655.5 90 111
655.5 90 112
657.0 100 122
657.0 101 102
658.5 142 151
658.5 142 152
660.0 107 108
660.0 108 109
661.5 72 83
661.5 72 84
663.0 160 167
663.0 160 168
664.5 89 97
664.5 89 98
666.0 129 130
666.0 129 136
667.5 83 84
667.5 83 85
669.0 126 188
669.0 126 189
670.5 46 47
670.5 46 48
672.0 67 70
672.0 67 71
673.5 3 8
673.5 3 9
675.0 72 85
675.0 72 86
676.5 148 151
676.5 148 152
678.0 155 190
678.0 155 191
679.5 47 57
679.5 48 49
681.0 12 16
681.0 13 14
682.5 123 153
682.5 123 154
684.0 147 148
684.0 147 149
685.5 17 72
685.5 17 88
687.0 45 51
687.0 45 52
688.5 113 119
688.5 113 120
690.0 123 141
690.0 123 142
691.5 34 37
691.5 34 38
693.0 62 65
693.0 62 66
694.5 7 8
694.5 8 9
696.0 110 119
696.0 110 120
697.5 47 55
697.5 47 56
699.0 158 166
699.0 158 167
700.5 89 90
700.5 89 92
702.0 96 119
702.0 96 120
703.5 123 185
703.5 123 186
705.0 31 42
705.0 31 43
706.5 172 189
706.5 172 190
708.0 171 191
708.0 171 192
709.5 63 64
709.5 63 65
711.0 190 191
711.0 190 192
712.5 93 114
712.5 93 115
714.0 76 78
714.0 76 79
715.5 46 57
715.5 47 48
717.0 3 6
717.0 3 7
718.5 18 72
718.5 18 88
720.0 0 16
720.0 0 17
721.5 126 190
721.5 126 191
723.0 170 182
723.0 170 183
724.5 143 191
724.5 143 192
726.0 145 194
726.0 145 195
727.5 144 149
727.5 144 150
729.0 35 38
729.0 35 39
730.5 157 189
730.5 157 190
732.0 163 166
732.0 164 165
733.5 89 105
733.5 89 106
735.0 2 7
735.0 2 8
736.5 72 73
736.5 72 82
738.0 46 55
738.0 46 56
739.5 122 191
739.5 122 192
741.0 45 57
741.0 45 58
742.5 125 131
742.5 125 135
744.0 126 170
744.0 126 183
745.5 124 136
745.5 124 137
747.0 75 82
747.0 75 83
748.5 174 190
748.5 174 191
750.0 172 191
750.0 172 192
751.5 186 191
751.5 186 192
753.0 127 128
753.0 127 129
754.5 78 85
754.5 78 86
756.0 133 139
756.0 133 140
757.5 33 37
757.5 33 38
759.0 109 122
759.0 110 111
760.5 158 193
760.5 158 194
762.0 141 189
762.0 141 190
763.5 130 191
763.5 130 192
765.0 32 44
765.0 33 34
766.5 147 150
766.5 147 151
768.0 123 166
768.0 123 167
769.5 48 52
769.5 48 53
771.0 122 189
771.0 122 190
772.5 74 77
772.5 74 78
774.0 125 167
774.0 125 168
775.5 191 192
775.5 191 193
777.0 173 174
777.0 173 179
778.5 118 119
778.5 118 120
780.0 103 104
780.0 103 105
781.5 84 85
781.5 84 86
783.0 193 194
783.0 194 195
784.5 19 24
784.5 19 25
786.0 169 191
786.0 169 192
787.5 123 135
787.5 123 136
789.0 127 188
789.0 127 189
790.5 96 97
790.5 96 106
792.0 126 142
792.0 126 152
793.5 1 7
793.5 1 8
795.0 112 114
795.0 112 115
796.5 33 39
796.5 33 40
798.0 20 30
798.0 21 22
799.5 48 56
799.5 48 57
801.0 112 116
801.0 112 117
802.5 0 12
802.5 0 13
804.0 74 87
804.0 74 88
805.5 114 115
805.5 114 116
807.0 39 42
807.0 39 43
808.5 136 137
808.5 136 138
810.0 47 51
810.0 47 52
811.5 75 84
811.5 75 85
813.0 94 117
813.0 94 118
814.5 172 185
814.5 172 186
816.0 31 38
816.0 31 39
817.5 142 190
817.5 142 191
819.0 79 86
819.0 79 87
820.5 94 113
820.5 94 114
822.0 122 142
822.0 122 143
823.5 92 109
823.5 92 110
825.0 23 30
825.0 24 25
826.5 44 72
826.5 44 88
828.0 20 22
828.0 20 23
829.5 22 29
829.5 22 30
831.0 125 138
831.0 125 139
832.5 128 169
832.5 128 183
834.0 198 199
835.5 125 127
835.5 125 128
837.0 132 138
837.0 132 139
838.5 131 195
838.5 132 133
840.0 125 155
840.0 125 166
841.5 160 161
841.5 160 162
843.0 58 66
843.0 58 67
844.5 90 121
844.5 90 122
846.0 77 87
846.0 77 88
847.5 172 181
847.5 172 182
849.0 157 169
849.0 157 188
850.5 125 153
850.5 125 154
852.0 157 167
852.0 157 168
853.5 91 116
853.5 91 117
855.0 124 183
855.0 124 184
856.5 89 109
856.5 89 110
858.0 60 70
858.0 60 71
859.5 127 140
859.5 127 141
861.0 88 105
861.0 88 106
862.5 96 111
862.5 96 112
864.0 173 182
864.0 173 183
865.5 88 107
865.5 88 108
867.0 76 88
867.0 77 78
868.5 111 114
868.5 111 115
870.0 114 117
870.0 114 118
871.5 48 54
871.5 48 55
873.0 46 49
873.0 46 50
874.5 59 70
874.5 59 71
876.0 100 108
876.0 100 109
877.5 81 83
877.5 81 84
879.0 156 168
879.0 156 169
880.5 92 121
880.5 92 122
882.0 99 105
882.0 99 106
883.5 148 149
883.5 148 150
885.0 169 187
885.0 169 188
886.5 91 96
886.5 91 97
888.0 123 125
888.0 123 126
889.5 122 134
889.5 122 135
891.0 34 35
891.0 34 36
892.5 124 151
892.5 124 152
894.0 123 131
894.0 123 132
895.5 124 142
895.5 124 143
897.0 159 168
897.0 159 193
898.5 98 108
898.5 98 109
900.0 84 87
900.0 85 86
901.5 44 53
901.5 44 54
903.0 122 170
903.0 122 171
904.5 132 134
904.5 132 135
906.0 33 35
906.0 33 36
907.5 113 117
907.5 113 118
909.0 191 194
909.0 192 193
910.5 158 164
910.5 158 165
912.0 64 65
912.0 64 66
913.5 124 168
913.5 124 169
915.0 51 55
915.0 51 56
916.5 128 184
916.5 128 185
918.0 21 23
918.0 21 24
919.5 162 165
919.5 162 166
921.0 80 84
921.0 80 85
922.5 72 87
922.5 72 88
924.0 146 153
924.0 146 154
925.5 170 184
925.5 170 185
927.0 2 15
927.0 2 16
928.5 32 38
928.5 32 39
930.0 96 109
930.0 96 110
931.5 130 141
931.5 130 190
933.0 125 184
933.0 125 185
934.5 2 9
934.5 2 10
936.0 73 83
936.0 73 84
937.5 73 81
937.5 73 82
939.0 175 177
939.0 175 178
940.5 189 191
940.5 189 192
942.0 168 192
942.0 168 193
943.5 61 67
943.5 61 68
945.0 33 43
945.0 33 44
946.5 128 155
946.5 128 168
948.0 154 193
948.0 154 194
949.5 129 139
949.5 129 140
951.0 187 192
951.0 187 193
952.5 75 88
952.5 76 77
954.0 144 151
954.0 144 152
955.5 93 110
955.5 93 111
957.0 187 190
957.0 187 191
958.5 154 195
958.5 155 156
960.0 20 28
960.0 20 29
961.5 188 194
961.5 189 190
963.0 123 151
963.0 123 152
964.5 170 188
964.5 170 189
966.0 157 158
966.0 157 164
967.5 63 68
967.5 63 69
969.0 91 112
969.0 91 113
970.5 142 188
970.5 142 189
972.0 156 184
972.0 156 185
973.5 187 194
973.5 188 189
975.0 66 70
975.0 66 71
976.5 93 108
976.5 93 109
978.0 184 190
978.0 184 191
979.5 93 94
979.5 93 95
981.0 45 53
981.0 45 54
982.5 178 180
982.5 178 181
984.0 129 192
984.0 129 193
985.5 79 80
985.5 79 81
987.0 46 53
987.0 46 54
988.5 49 56
988.5 49 57
990.0 23 26
990.0 23 27
991.5 184 185
991.5 184 189
993.0 92 111
993.0 92 112
994.5 185 193
994.5 185 194
996.0 91 122
996.0 92 93
997.5 53 56
997.5 54 55
999.0 144 153
999.0 144 154
1000.5 89 107
1000.5 89 108
1002.0 183 193
1002.0 183 194
1003.5 124 155
1003.5 124 156
1005.0 91 106
1005.0 91 107
1006.5 95 96
1006.5 95 106
1008.0 130 139
1008.0 130 140
1009.5 127 155
1009.5 127 167
1011.0 1 15
1011.0 1 16
1012.5 49 54
1012.5 49 55
1014.0 99 107
1014.0 99 108
1015.5 16 17
1015.5 17 18
1017.0 93 106
1017.0 93 107
1018.5 129 188
1018.5 129 189
1020.0 58 59
1020.0 58 65
1021.5 96 117
1021.5 96 118
1023.0 32 36
1023.0 32 37
1024.5 144 192
1024.5 144 193
1026.0 133 135
1026.0 133 136
1027.5 49 50
1027.5 49 51
1029.0 137 138
1029.0 138 139
1030.5 92 107
1030.5 92 108
1032.0 94 121
1032.0 94 122
1033.5 0 10
1033.5 0 11
1035.0 123 187
1035.0 123 188
1036.5 74 83
1036.5 74 84
1038.0 171 185
1038.0 171 186
1039.5 18 19
1039.5 18 24
1041.0 89 119
1041.0 89 120
1042.5 76 86
1042.5 76 87
1044.0 175 193
1044.0 175 194
1045.5 80 82
1045.5 80 83
1047.0 91 92
1047.0 91 93
1048.5 89 113
1048.5 89 114
1050.0 126 138
1050.0 126 139
1051.5 85 87
1051.5 86 87
1053.0 68 71
1053.0 69 70
1054.5 62 71
1054.5 62 72
1056.0 97 110
1056.0 97 111
1057.5 99 100
1057.5 99 104
1059.0 91 98
1059.0 91 105
1060.5 93 116
1060.5 93 117
1062.0 119 121
1062.0 120 121
1063.5 73 85
1063.5 73 86
1065.0 112 118
1065.0 112 119
1066.5 19 30
1066.5 20 21
1068.0 134 139
1068.0 135 136
1069.5 124 195
1069.5 125 126
1071.0 89 121
1071.0 89 122
1072.5 175 183
1072.5 175 192
1074.0 5 8
1074.0 6 7
1075.5 11 14
1075.5 11 15
1077.0 36 43
1077.0 37 38
1078.5 99 121
1078.5 99 122
1080.0 146 147
1080.0 146 148
1081.5 174 181
1081.5 174 182
1083.0 65 71
1083.0 66 67
1084.5 101 122
1084.5 102 103
1086.0 98 110
1086.0 98 116
1087.5 153 154
1087.5 154 155
1089.0 124 153
1089.0 124 154
1090.5 151 152
1090.5 152 153
1092.0 34 43
1092.0 34 44
1093.5 115 119
1093.5 115 120
1095.0 97 122
1095.0 98 99
1096.5 97 114
1096.5 97 115
1098.0 176 179
1098.0 176 180
1099.5 184 192
1099.5 184 193
1101.0 62 67
1101.0 62 68
1102.5 97 120
1102.5 97 121
1104.0 88 113
1104.0 88 114
1105.5 81 87
1105.5 82 83
1107.0 127 168
1107.0 127 169
1108.5 44 55
1108.5 44 56
1110.0 169 183
1110.0 169 184
1111.5 18 31
1111.5 18 44
1113.0 185 189
1113.0 185 190
1114.5 122 130
1114.5 122 131
1116.0 78 81
1116.0 78 82
1117.5 110 121
1117.5 110 122
1119.0 124 128
1119.0 124 129
1120.5 131 141
1120.5 131 194
1122.0 111 122
1122.0 112 113
1123.5 88 119
1123.5 88 120
1125.0 99 119
1125.0 99 120
1126.5 141 142
1126.5 141 153
1128.0 94 109
1128.0 94 110
1129.5 170 194
1129.5 171 172
1131.0 188 190
1131.0 188 191
1132.5 18 27
1132.5 18 28
1134.0 100 104
1134.0 100 105
1135.5 123 168
1135.5 123 169
1137.0 40 41
1137.0 40 42
1138.5 26 28
1138.5 26 29
1140.0 126 184
1140.0 126 185
1141.5 124 126
1141.5 124 127
1143.0 122 136
1143.0 122 137
1144.5 97 118
1144.5 97 119
1146.0 19 20
1146.0 19 21
1147.5 172 193
1147.5 172 194
1149.0 108 120
1149.0 108 121
1150.5 90 105
1150.5 90 106
1152.0 126 136
1152.0 126 137
1153.5 154 191
1153.5 154 192
1155.0 173 187
1155.0 173 188
1156.5 157 191
1156.5 157 192
1158.0 96 121
1158.0 96 122
1159.5 89 93
1159.5 89 94
1161.0 126 194
1161.0 126 195
1162.5 105 106
1162.5 106 107
1164.0 175 181
1164.0 175 182
1165.5 125 136
1165.5 125 137
1167.0 122 168
1167.0 122 169
1168.5 146 151
1168.5 146 152
1170.0 11 16
1170.0 12 13
1171.5 173 189
1171.5 173 190
1173.0 89 111
1173.0 89 112
1174.5 123 155
1174.5 123 156
1176.0 2 11
1176.0 2 14
1177.5 73 87
1177.5 73 88
1179.0 23 28
1179.0 23 29
1180.5 195 196
1180.5 196 197
1182.0 126 129
1182.0 126 130
1183.5 127 186
1183.5 127 187
1185.0 186 189
1185.0 186 190
1186.5 111 112
1186.5 111 113
1188.0 62 63
1188.0 62 64
1189.5 122 156
1189.5 122 165
1191.0 47 53
1191.0 47 54
1192.5 129 137
1192.5 129 138
1194.0 90 109
1194.0 90 110
1195.5 45 49
1195.5 45 50
1197.0 51 53
1197.0 51 54
1198.5 91 110
1198.5 91 111
1200.0 149 150
1200.0 149 151
1201.5 96 113
1201.5 96 114
1203.0 134 135
1203.0 134 136
