0 91 104
0 91 105
1.5 91 127
1.5 91 128
3.0 169 171
3.0 169 172
4.5 170 173
4.5 170 174
6.0 76 77
6.0 76 78
7.5 147 160
7.5 147 161
9.0 178 179
9.0 179 180
10.5 11 15
10.5 12 13
12.0 26 32
12.0 26 33
13.5 112 128
13.5 112 129
15.0 72 79
15.0 72 80
16.5 184 195
16.5 184 196
18.0 89 130
18.0 89 131
19.5 111 125
19.5 111 126
21.0 136 145
21.0 136 146
22.5 73 81
22.5 73 82
24.0 96 133
24.0 97 98
25.5 29 32
25.5 29 33
27.0 62 67
27.0 62 68
28.5 92 107
28.5 92 108
30.0 198 199
31.5 118 123
31.5 118 124
33.0 140 145
33.0 140 146
34.5 19 39
34.5 19 40
36.0 90 105
36.0 90 106
37.5 112 130
37.5 112 131
39.0 93 105
39.0 93 106
40.5 95 131
40.5 95 132
42.0 127 132
42.0 127 133
43.5 26 34
43.5 26 35
45.0 148 156
45.0 148 157
46.5 180 199
46.5 181 182
48.0 10 16
48.0 11 12
49.5 151 152
49.5 151 153
51.0 60 66
51.0 60 67
52.5 8 16
52.5 8 17
54.0 128 129
54.0 128 130
55.5 110 125
55.5 110 126
57.0 52 55
57.0 53 54
58.5 98 133
58.5 99 100
60.0 101 106
60.0 102 103
61.5 71 83
61.5 71 84
63.0 91 94
63.0 91 95
64.5 139 146
64.5 139 147
66.0 181 187
66.0 181 188
67.5 166 169
67.5 166 170
69.0 18 41
69.0 18 42
70.5 114 123
70.5 114 124
72.0 116 122
72.0 116 123
73.5 9 14
73.5 9 15
75.0 45 47
75.0 45 48
76.5 88 130
76.5 88 131
78.0 171 176
78.0 171 177
79.5 180 183
79.5 180 184
81.0 89 126
81.0 89 127
82.5 20 34
82.5 20 35
84.0 26 40
84.0 26 41
85.5 167 172
85.5 167 173
87.0 117 122
87.0 117 123
88.5 88 161
88.5 88 162
90.0 43 57
90.0 43 71
91.5 27 34
91.5 27 35
93.0 47 55
93.0 47 56
94.5 134 144
94.5 134 145
96.0 138 140
96.0 138 141
97.5 93 107
97.5 93 108
99.0 76 79
99.0 76 80
100.5 89 124
100.5 89 125
102.0 172 178
102.0 173 174
103.5 73 77
103.5 73 78
105.0 28 30
105.0 28 31
106.5 27 40
106.5 27 41
108.0 162 163
108.0 162 170
109.5 156 160
109.5 156 161
111.0 57 67
111.0 57 68
112.5 94 132
112.5 94 133
114.0 92 132
114.0 92 133
115.5 78 86
115.5 78 87
117.0 151 162
117.0 152 153
118.5 24 34
118.5 24 35
120.0 88 112
120.0 88 113
121.5 109 129
121.5 109 130
123.0 37 42
123.0 38 39
124.5 89 132
124.5 89 133
126.0 10 12
126.0 10 13
127.5 59 61
127.5 59 62
129.0 117 118
129.0 117 121
130.5 22 37
130.5 22 38
132.0 149 151
132.0 149 152
133.5 88 126
133.5 88 127
135.0 80 81
135.0 80 82
136.5 31 32
136.5 32 33
138.0 61 66
138.0 61 67
139.5 96 127
139.5 96 128
141.0 91 129
141.0 91 130
142.5 22 33
142.5 22 34
144.0 72 75
144.0 72 76
145.5 151 154
145.5 151 155
147.0 148 154
147.0 148 155
148.5 89 128
148.5 89 129
150.0 23 33
150.0 23 34
151.5 74 84
151.5 74 85
153.0 183 198
153.0 183 199
154.5 21 43
154.5 22 23
156.0 2 3
156.0 3 4
157.5 73 85
157.5 73 86
159.0 180 189
159.0 180 194
160.5 83 84
160.5 83 85
162.0 98 106
162.0 98 107
163.5 12 14
163.5 13 14
165.0 113 131
165.0 113 132
166.5 94 128
166.5 94 129
168.0 48 55
168.0 48 56
169.5 164 174
169.5 164 175
171.0 91 96
171.0 91 97
172.5 130 132
172.5 131 132
174.0 185 199
174.0 186 187
175.5 23 43
175.5 24 25
177.0 180 185
177.0 180 186
178.5 117 132
178.5 117 133
180.0 114 125
180.0 114 126
181.5 44 47
181.5 44 48
183.0 170 177
183.0 170 178
184.5 47 53
184.5 47 54
186.0 49 52
186.0 49 53
187.5 23 35
187.5 23 36
189.0 19 43
189.0 20 21
190.5 134 146
190.5 134 147
192.0 3 39
192.0 3 40
193.5 183 185
193.5 183 186
195.0 91 110
195.0 91 111
196.5 90 91
196.5 90 92
198.0 115 131
198.0 115 132
199.5 43 55
199.5 43 56
201.0 46 54
201.0 46 55
202.5 148 149
202.5 148 153
204.0 24 38
204.0 24 39
205.5 89 95
205.5 89 96
207.0 6 38
207.0 6 39
208.5 186 195
208.5 186 196
210.0 47 49
210.0 47 50
211.5 116 130
211.5 116 131
213.0 93 129
213.0 93 130
214.5 10 14
214.5 10 15
216.0 146 147
216.0 147 148
217.5 90 129
217.5 90 130
219.0 151 158
219.0 151 159
220.5 46 56
220.5 47 48
222.0 90 109
222.0 90 110
223.5 149 159
223.5 149 160
225.0 162 171
225.0 162 172
226.5 19 37
226.5 19 38
228.0 127 128
228.0 127 129
229.5 151 156
229.5 151 157
231.0 89 105
231.0 89 106
232.5 59 65
232.5 59 66
234.0 61 62
234.0 61 63
235.5 182 197
235.5 182 198
237.0 111 131
237.0 111 132
238.5 157 158
238.5 157 159
240.0 136 141
240.0 136 142
241.5 135 142
241.5 135 143
243.0 150 157
243.0 150 158
244.5 166 173
244.5 166 174
246.0 158 159
246.0 158 160
247.5 115 129
247.5 115 130
249.0 91 112
249.0 91 124
250.5 173 177
250.5 173 178
252.0 77 81
252.0 77 82
253.5 22 41
253.5 22 42
255.0 109 131
255.0 109 132
256.5 77 83
256.5 77 84
258.0 67 68
258.0 67 69
259.5 93 127
259.5 93 128
261.0 59 63
261.0 59 64
262.5 137 143
262.5 137 144
264.0 21 39
264.0 21 40
265.5 24 40
265.5 24 41
267.0 88 96
267.0 88 97
268.5 134 135
268.5 134 141
270.0 5 43
270.0 6 7
271.5 150 161
271.5 150 162
273.0 74 86
273.0 74 87
274.5 121 123
274.5 122 123
276.0 97 105
276.0 97 106
277.5 91 106
277.5 91 107
279.0 181 194
279.0 181 195
280.5 97 130
280.5 97 131
282.0 151 160
282.0 151 161
283.5 5 6
283.5 5 14
285.0 119 123
285.0 119 124
286.5 28 34
286.5 28 35
288.0 41 42
288.0 42 43
289.5 27 36
289.5 27 39
291.0 89 109
291.0 89 110
292.5 150 155
292.5 150 156
294.0 148 158
294.0 148 159
295.5 35 41
295.5 35 42
297.0 63 67
297.0 63 68
298.5 75 82
298.5 75 83
300.0 44 53
300.0 44 54
301.5 136 143
301.5 136 144
303.0 188 196
303.0 188 197
304.5 125 126
304.5 126 127
306.0 26 42
306.0 27 28
307.5 90 113
307.5 90 124
309.0 20 36
309.0 20 37
310.5 140 141
310.5 140 142
312.0 166 171
312.0 166 172
313.5 39 41
313.5 40 41
315.0 7 40
315.0 7 41
316.5 45 55
316.5 45 56
318.0 81 85
318.0 81 86
319.5 92 111
319.5 92 125
321.0 63 69
321.0 63 70
322.5 187 199
322.5 188 189
324.0 153 158
324.0 153 159
325.5 189 194
325.5 189 195
327.0 179 196
327.0 179 197
328.5 87 178
328.5 88 89
330.0 89 93
330.0 89 94
331.5 16 17
331.5 17 18
333.0 92 128
333.0 92 129
334.5 167 174
334.5 167 175
336.0 6 17
336.0 6 18
337.5 57 69
337.5 57 70
339.0 190 197
339.0 190 198
340.5 187 195
340.5 187 196
342.0 94 130
342.0 94 131
343.5 6 13
343.5 6 14
345.0 99 108
345.0 100 101
346.5 37 40
346.5 37 41
348.0 50 52
348.0 50 53
349.5 88 132
349.5 88 133
351.0 79 80
351.0 79 81
352.5 116 124
352.5 116 125
354.0 147 162
354.0 147 178
355.5 90 97
355.5 90 104
357.0 90 111
357.0 90 112
358.5 29 30
358.5 29 31
360.0 109 133
360.0 110 111
361.5 167 170
361.5 167 171
363.0 169 175
363.0 169 176
364.5 96 106
364.5 96 107
366.0 179 194
366.0 179 195
367.5 88 104
367.5 88 105
369.0 170 175
369.0 170 176
370.5 152 160
370.5 152 161
372.0 152 158
372.0 152 159
373.5 63 71
373.5 64 65
375.0 90 95
375.0 90 96
376.5 3 37
376.5 3 38
378.0 118 125
378.0 118 126
379.5 57 71
379.5 57 87
381.0 3 35
381.0 3 36
382.5 88 108
382.5 88 109
384.0 9 10
384.0 9 11
385.5 62 69
385.5 62 70
387.0 179 189
387.0 179 193
388.5 163 176
388.5 163 177
390.0 62 63
390.0 62 64
391.5 191 194
391.5 191 195
393.0 77 87
393.0 78 79
394.5 98 104
394.5 98 105
396.0 101 102
396.0 101 103
397.5 104 105
397.5 105 106
399.0 176 177
399.0 177 178
400.5 72 83
400.5 72 84
402.0 95 129
402.0 95 130
403.5 88 124
403.5 88 125
405.0 77 79
405.0 77 80
406.5 7 13
406.5 7 14
408.0 61 70
408.0 61 71
409.5 168 170
409.5 168 171
411.0 114 133
411.0 115 116
412.5 0 1
412.5 1 2
414.0 163 170
414.0 163 171
415.5 137 139
415.5 137 140
417.0 100 106
417.0 100 107
418.5 149 155
418.5 149 156
420.0 51 53
420.0 51 54
421.5 142 143
421.5 142 144
423.0 46 48
423.0 46 49
424.5 6 15
424.5 6 16
426.0 64 70
426.0 65 66
427.5 164 178
427.5 165 166
429.0 168 176
429.0 168 177
430.5 97 103
430.5 97 104
432.0 18 19
432.0 18 36
433.5 28 32
433.5 28 33
435.0 74 78
435.0 74 79
436.5 184 197
436.5 184 198
438.0 91 133
438.0 92 93
439.5 92 109
439.5 92 110
441.0 99 106
441.0 99 107
442.5 113 133
442.5 114 115
444.0 88 92
444.0 88 93
445.5 63 65
445.5 63 66
447.0 93 131
447.0 93 132
448.5 72 85
448.5 72 86
450.0 90 107
450.0 90 108
451.5 98 108
451.5 98 132
453.0 141 145
453.0 141 146
454.5 25 37
454.5 25 38
456.0 111 129
456.0 111 130
457.5 78 84
457.5 78 85
459.0 60 70
459.0 60 71
460.5 89 113
460.5 89 114
462.0 9 16
462.0 10 11
463.5 26 38
463.5 26 39
465.0 132 133
465.0 133 134
466.5 109 110
466.5 109 126
468.0 135 146
468.0 135 147
469.5 21 37
469.5 21 38
471.0 64 68
471.0 64 69
472.5 27 32
472.5 27 33
474.0 95 106
474.0 95 107
475.5 154 155
475.5 154 156
477.0 173 175
477.0 173 176
478.5 94 107
478.5 94 108
480.0 99 104
480.0 99 105
481.5 75 78
481.5 75 79
483.0 181 185
483.0 181 186
484.5 193 195
484.5 193 196
486.0 118 133
486.0 119 120
487.5 6 40
487.5 6 41
489.0 179 198
489.0 179 199
490.5 180 181
490.5 180 182
492.0 188 198
492.0 188 199
493.5 186 197
493.5 186 198
495.0 4 40
495.0 4 41
496.5 148 160
496.5 148 161
498.0 88 178
498.0 89 90
499.5 24 36
499.5 24 37
501.0 79 86
501.0 79 87
502.5 74 82
502.5 74 83
504.0 20 42
504.0 20 43
505.5 90 133
505.5 90 134
507.0 127 130
507.0 127 131
508.5 36 41
508.5 36 42
510.0 67 70
510.0 68 69
511.5 114 127
511.5 114 128
513.0 139 144
513.0 139 145
514.5 81 83
514.5 81 84
516.0 117 128
516.0 117 129
517.5 117 124
517.5 117 125
519.0 83 86
519.0 83 87
520.5 142 145
520.5 142 146
522.0 185 197
522.0 185 198
523.5 117 126
523.5 117 127
525.0 150 151
525.0 150 152
526.5 109 127
526.5 109 128
528.0 5 41
528.0 5 42
529.5 191 192
529.5 191 193
531.0 50 56
531.0 51 52
532.5 72 81
532.5 72 82
534.0 149 161
534.0 149 162
535.5 48 49
535.5 48 50
537.0 174 175
537.0 174 176
538.5 181 198
538.5 181 199
540.0 129 130
540.0 129 131
541.5 112 124
541.5 112 125
543.0 30 32
543.0 30 33
544.5 52 53
544.5 52 54
546.0 96 108
546.0 96 109
547.5 27 30
547.5 27 31
549.0 4 36
549.0 4 37
550.5 59 67
550.5 59 68
552.0 192 197
552.0 193 194
553.5 91 108
553.5 91 109
555.0 143 144
555.0 143 145
556.5 21 35
556.5 21 36
558.0 49 56
558.0 50 51
559.5 135 140
559.5 135 141
561.0 114 129
561.0 114 130
562.5 165 171
562.5 165 172
564.0 164 170
564.0 164 171
565.5 167 176
565.5 167 177
567.0 20 40
567.0 20 41
568.5 96 129
568.5 96 130
570.0 45 53
570.0 45 54
571.5 168 172
571.5 168 173
573.0 126 130
573.0 126 131
574.5 170 171
574.5 170 172
576.0 8 9
576.0 8 11
577.5 163 172
577.5 163 173
579.0 112 126
579.0 112 127
580.5 120 122
580.5 120 123
582.0 4 15
582.0 4 16
583.5 18 37
583.5 18 38
585.0 44 57
585.0 45 46
586.5 171 178
586.5 172 173
588.0 91 131
588.0 91 132
589.5 120 124
589.5 121 122
591.0 113 125
591.0 113 126
592.5 189 190
592.5 189 193
594.0 91 125
594.0 91 126
595.5 94 109
595.5 94 110
597.0 87 88
597.0 87 131
598.5 33 34
598.5 34 35
600.0 26 36
600.0 26 37
601.5 25 41
601.5 25 42
603.0 95 108
603.0 95 109
604.5 25 35
604.5 25 36
606.0 87 161
606.0 87 162
607.5 164 176
607.5 164 177
609.0 58 61
609.0 58 62
610.5 4 17
610.5 4 18
612.0 24 42
612.0 24 43
613.5 167 178
613.5 168 169
615.0 135 144
615.0 135 145
616.5 62 65
616.5 62 66
618.0 58 59
618.0 58 60
619.5 17 42
619.5 17 43
621.0 66 67
621.0 66 68
622.5 135 136
622.5 135 137
624.0 95 96
624.0 95 105
625.5 126 132
625.5 126 133
627.0 75 76
627.0 75 77
628.5 73 79
628.5 73 80
630.0 141 143
630.0 141 144
631.5 46 52
631.5 46 53
633.0 90 131
633.0 90 132
634.5 38 42
634.5 39 40
636.0 53 55
636.0 54 55
637.5 62 71
637.5 63 64
639.0 45 49
639.0 45 50
640.5 64 66
640.5 64 67
642.0 75 80
642.0 75 81
643.5 163 164
643.5 163 165
645.0 129 132
645.0 130 131
646.5 139 142
646.5 139 143
648.0 78 80
648.0 78 81
649.5 164 172
649.5 164 173
651.0 88 134
651.0 88 147
652.5 194 195
652.5 195 196
654.0 89 107
654.0 89 108
655.5 4 42
655.5 4 43
657.0 110 131
657.0 110 132
658.5 115 133
658.5 116 117
660.0 183 187
660.0 183 195
661.5 116 126
661.5 116 127
663.0 18 43
663.0 19 20
664.5 153 154
664.5 153 155
666.0 153 160
666.0 153 161
667.5 90 125
667.5 90 126
669.0 190 191
669.0 190 192
670.5 80 85
670.5 80 86
672.0 140 143
672.0 140 144
673.5 89 97
673.5 89 98
675.0 19 35
675.0 19 36
676.5 75 86
676.5 75 87
678.0 81 87
678.0 82 83
679.5 71 85
679.5 71 86
681.0 48 53
681.0 48 54
682.5 50 54
682.5 50 55
684.0 182 185
684.0 182 186
685.5 168 178
685.5 169 170
687.0 187 197
687.0 187 198
688.5 76 83
688.5 76 84
690.0 165 175
690.0 165 176
691.5 189 198
691.5 189 199
693.0 188 194
693.0 188 195
694.5 115 125
694.5 115 126
696.0 186 199
696.0 187 188
697.5 87 132
697.5 87 133
699.0 93 125
699.0 93 126
700.5 108 109
700.5 108 131
702.0 35 36
702.0 35 40
703.5 171 172
703.5 171 173
705.0 134 162
705.0 134 178
706.5 48 51
706.5 48 52
708.0 171 174
708.0 171 175
709.5 21 41
709.5 21 42
711.0 5 19
711.0 5 36
712.5 155 159
712.5 155 160
714.0 74 80
714.0 74 81
715.5 98 99
715.5 98 103
717.0 92 94
717.0 92 95
718.5 23 39
718.5 23 40
720.0 60 62
720.0 60 63
721.5 165 173
721.5 165 174
723.0 51 55
723.0 51 56
724.5 95 110
724.5 95 126
726.0 79 84
726.0 79 85
727.5 45 51
727.5 45 52
729.0 182 199
729.0 183 184
730.5 155 161
730.5 156 157
732.0 154 157
732.0 154 158
733.5 153 156
733.5 153 157
735.0 70 71
735.0 71 72
736.5 14 15
736.5 15 16
738.0 60 68
738.0 60 69
739.5 118 119
739.5 118 120
741.0 58 65
741.0 58 66
742.5 47 51
742.5 47 52
744.0 93 109
744.0 93 110
745.5 7 17
745.5 7 18
747.0 163 174
747.0 163 175
748.5 137 147
748.5 138 139
750.0 44 51
750.0 44 52
751.5 49 50
751.5 49 51
753.0 169 173
753.0 169 174
754.5 60 64
754.5 60 65
756.0 164 166
756.0 164 167
757.5 134 142
757.5 134 143
759.0 102 104
759.0 102 105
760.5 80 83
760.5 80 84
762.0 5 39
762.0 5 40
763.5 18 39
763.5 18 40
765.0 65 67
765.0 65 68
766.5 168 174
766.5 168 175
768.0 180 187
768.0 180 188
769.5 165 177
769.5 165 178
771.0 100 102
771.0 100 103
772.5 152 156
772.5 152 157
774.0 166 167
774.0 166 168
775.5 11 13
775.5 11 14
777.0 37 38
777.0 37 39
778.5 73 75
778.5 73 76
780.0 79 82
780.0 79 83
781.5 149 153
781.5 149 154
783.0 163 178
783.0 164 165
784.5 136 137
784.5 136 138
786.0 99 102
786.0 99 103
787.5 136 139
787.5 136 140
789.0 114 131
789.0 114 132
790.5 59 69
790.5 59 70
792.0 26 27
792.0 26 31
793.5 138 146
793.5 138 147
795.0 190 193
795.0 190 194
796.5 192 193
796.5 192 194
798.0 118 121
798.0 118 122
799.5 89 162
799.5 89 178
801.0 115 123
801.0 115 124
802.5 162 175
802.5 162 176
804.0 68 70
804.0 69 70
805.5 155 157
805.5 155 158
807.0 174 177
807.0 174 178
808.5 23 37
808.5 23 38
810.0 113 129
810.0 113 130
811.5 5 37
811.5 5 38
813.0 24 32
813.0 24 33
814.5 182 183
814.5 182 184
816.0 22 39
816.0 22 40
817.5 65 69
817.5 65 70
819.0 111 133
819.0 112 113
820.5 96 104
820.5 96 105
822.0 73 83
822.0 73 84
823.5 154 159
823.5 154 160
825.0 97 132
825.0 97 133
826.5 184 199
826.5 185 186
828.0 6 42
828.0 6 43
829.5 82 86
829.5 82 87
831.0 49 54
831.0 49 55
832.5 164 168
832.5 164 169
834.0 22 43
834.0 23 24
835.5 72 87
835.5 73 74
837.0 143 146
837.0 144 145
838.5 182 195
838.5 182 196
840.0 25 39
840.0 25 40
841.5 4 38
841.5 4 39
843.0 46 50
843.0 46 51
844.5 3 18
844.5 3 19
846.0 100 104
846.0 100 105
847.5 58 71
847.5 59 60
849.0 139 140
849.0 139 141
850.5 179 185
850.5 179 186
852.0 156 158
852.0 156 159
853.5 191 196
853.5 191 197
855.0 118 131
855.0 118 132
856.5 165 167
856.5 165 168
858.0 119 121
858.0 119 122
859.5 55 56
859.5 56 57
861.0 111 127
861.0 111 128
862.5 82 84
862.5 82 85
864.0 93 133
864.0 94 95
865.5 183 196
865.5 183 197
867.0 20 38
867.0 20 39
868.5 117 130
868.5 117 131
870.0 192 195
870.0 192 196
871.5 8 14
871.5 8 15
873.0 85 86
873.0 86 87
874.5 89 111
874.5 89 112
876.0 25 33
876.0 25 34
877.5 80 87
877.5 81 82
879.0 182 187
879.0 182 188
880.5 123 124
880.5 124 125
882.0 137 141
882.0 137 142
883.5 25 26
883.5 25 32
885.0 96 131
885.0 96 132
886.5 167 168
886.5 167 169
888.0 169 177
888.0 169 178
889.5 91 92
889.5 91 93
891.0 108 132
891.0 108 133
892.5 172 174
892.5 172 175
894.0 110 133
894.0 111 112
895.5 71 87
895.5 72 73
897.0 3 43
897.0 4 5
898.5 7 15
898.5 7 16
900.0 43 44
900.0 43 52
901.5 154 161
901.5 155 156
903.0 94 105
903.0 94 106
904.5 89 134
904.5 89 147
906.0 110 127
906.0 110 128
907.5 137 145
907.5 137 146
909.0 150 159
909.0 150 160
910.5 189 196
910.5 189 197
912.0 7 8
912.0 7 12
913.5 166 175
913.5 166 176
915.0 95 133
915.0 96 97
916.5 184 185
916.5 184 186
918.0 23 41
918.0 23 42
919.5 97 109
919.5 97 129
921.0 172 176
921.0 172 177
922.5 92 96
922.5 92 104
924.0 166 177
924.0 166 178
925.5 75 84
925.5 75 85
927.0 88 98
927.0 88 103
928.5 163 166
928.5 163 167
930.0 101 104
930.0 101 105
931.5 36 37
931.5 36 38
933.0 4 19
933.0 4 35
934.5 190 195
934.5 190 196
936.0 115 127
936.0 115 128
937.5 66 69
937.5 66 70
939.0 185 195
939.0 185 196
940.5 3 41
940.5 3 42
942.0 181 183
942.0 181 184
943.5 36 39
943.5 36 40
945.0 5 15
945.0 5 16
946.5 44 55
946.5 44 56
948.0 110 129
948.0 110 130
949.5 77 85
949.5 77 86
951.0 140 147
951.0 141 142
952.5 61 64
952.5 61 65
954.0 175 176
954.0 175 177
955.5 76 85
955.5 76 86
957.0 78 82
957.0 78 83
958.5 58 63
958.5 58 64
960.0 89 91
960.0 89 92
961.5 138 142
961.5 138 143
963.0 5 17
963.0 5 18
964.5 9 12
964.5 9 13
966.0 97 107
966.0 97 108
967.5 160 161
967.5 161 162
969.0 59 71
969.0 60 61
970.5 162 177
970.5 162 178
972.0 94 126
972.0 94 127
973.5 57 58
973.5 57 64
975.0 84 85
975.0 84 86
976.5 3 16
976.5 3 17
978.0 76 87
978.0 77 78
979.5 196 197
979.5 197 198
981.0 136 147
981.0 137 138
982.5 29 34
982.5 30 31
984.0 57 65
984.0 57 66
985.5 45 57
985.5 46 47
987.0 180 197
987.0 180 198
988.5 119 125
988.5 120 121
990.0 38 40
990.0 38 41
991.5 76 81
991.5 76 82
993.0 158 161
993.0 159 160
994.5 135 138
994.5 135 139
996.0 44 49
996.0 44 50
997.5 22 35
997.5 22 36
999.0 106 107
999.0 107 108
1000.5 162 173
1000.5 162 174
1002.0 61 68
1002.0 61 69
1003.5 179 187
1003.5 179 188
1005.0 149 157
1005.0 149 158
1006.5 27 42
1006.5 28 29
1008.0 8 12
1008.0 8 13
1009.5 73 87
1009.5 74 75
1011.0 89 103
1011.0 89 104
1012.5 88 94
1012.5 88 95
1014.0 88 114
1014.0 88 123
1015.5 103 104
1015.5 103 105
1017.0 87 134
1017.0 87 147
1018.5 74 76
1018.5 74 77
1020.0 116 132
1020.0 116 133
1021.5 90 127
1021.5 90 128
1023.0 95 127
1023.0 95 128
1024.5 19 41
1024.5 19 42
1026.0 113 127
1026.0 113 128
1027.5 21 22
1027.5 21 34
1029.0 150 153
1029.0 150 154
1030.5 92 105
1030.5 92 106
1032.0 138 144
1032.0 138 145
1033.5 181 196
1033.5 181 197
1035.0 88 106
1035.0 88 107
1036.5 58 69
1036.5 58 70
1038.0 58 67
1038.0 58 68
1039.5 128 131
1039.5 128 132
1041.0 43 53
1041.0 43 54
1042.5 88 110
1042.5 88 111
1044.0 144 146
1044.0 145 146
1045.5 157 160
1045.5 157 161
1047.0 116 128
1047.0 116 129
1048.5 152 154
1048.5 152 155
1050.0 7 42
1050.0 7 43
1051.5 90 93
1051.5 90 94
1053.0 148 162
1053.0 149 150
1054.5 165 169
1054.5 165 170
1056.0 112 132
1056.0 112 133
1057.5 72 77
1057.5 72 78
1059.0 88 128
1059.0 88 129
1060.5 43 87
1060.5 44 45
1062.0 179 183
1062.0 179 184
1063.5 92 130
1063.5 92 131
1065.0 92 126
1065.0 92 127
1066.5 113 114
1066.5 113 124
1068.0 163 168
1068.0 163 169
1069.5 93 94
1069.5 93 95
1071.0 180 195
1071.0 180 196
