0 169 175
0 169 176
0.501 38 40
0.501 38 41
1.0019999999999998 167 178
1.0019999999999998 168 169
1.5029999999999997 182 199
1.5029999999999997 183 184
2.0039999999999996 81 85
2.0039999999999996 81 86
2.5049999999999994 134 135
2.5049999999999994 134 141
3.0059999999999993 19 35
3.0059999999999993 19 36
3.5069999999999992 4 17
3.5069999999999992 4 18
4.008 162 175
4.008 162 176
4.509 44 49
4.509 44 50
5.010000000000001 181 187
5.010000000000001 181 188
5.511000000000001 89 93
5.511000000000001 89 94
6.012000000000001 27 40
6.012000000000001 27 41
6.513000000000002 95 133
6.513000000000002 96 97
7.014000000000002 80 83
7.014000000000002 80 84
7.515000000000002 36 39
7.515000000000002 36 40
8.016000000000002 89 132
8.016000000000002 89 133
8.517000000000001 49 56
8.517000000000001 50 51
9.018 18 43
9.018 19 20
9.519 163 172
9.519 163 173
10.02 137 141
10.02 137 142
10.520999999999999 9 10
10.520999999999999 9 11
11.021999999999998 162 171
11.021999999999998 162 172
11.522999999999998 155 157
11.522999999999998 155 158
12.023999999999997 44 55
12.023999999999997 44 56
12.524999999999997 91 127
12.524999999999997 91 128
13.025999999999996 58 71
13.025999999999996 59 60
13.526999999999996 24 42
13.526999999999996 24 43
14.027999999999995 115 131
14.027999999999995 115 132
14.528999999999995 142 143
14.528999999999995 142 144
15.029999999999994 20 38
15.029999999999994 20 39
15.530999999999993 127 130
15.530999999999993 127 131
16.031999999999993 160 161
16.031999999999993 161 162
16.532999999999994 27 36
16.532999999999994 27 39
17.033999999999995 112 128
17.033999999999995 112 129
17.534999999999997 95 96
17.534999999999997 95 105
18.035999999999998 94 105
18.035999999999998 94 106
18.537 100 102
18.537 100 103
19.038 50 56
19.038 51 52
19.539 77 79
19.539 77 80
20.040000000000003 109 110
20.040000000000003 109 126
20.541000000000004 151 160
20.541000000000004 151 161
21.042000000000005 44 57
21.042000000000005 45 46
21.543000000000006 191 194
21.543000000000006 191 195
22.044000000000008 25 33
22.044000000000008 25 34
22.54500000000001 88 106
22.54500000000001 88 107
23.04600000000001 46 54
23.04600000000001 46 55
23.54700000000001 22 33
23.54700000000001 22 34
24.048000000000012 91 129
24.048000000000012 91 130
24.549000000000014 117 122
24.549000000000014 117 123
25.050000000000015 43 44
25.050000000000015 43 52
25.551000000000016 98 99
25.551000000000016 98 103
26.052000000000017 22 41
26.052000000000017 22 42
26.55300000000002 98 106
26.55300000000002 98 107
27.05400000000002 20 34
27.05400000000002 20 35
27.55500000000002 26 36
27.55500000000002 26 37
28.056000000000022 48 55
28.056000000000022 48 56
28.557000000000023 51 53
28.557000000000023 51 54
29.058000000000025 23 33
29.058000000000025 23 34
29.559000000000026 109 129
29.559000000000026 109 130
30.060000000000027 130 132
30.060000000000027 131 132
30.56100000000003 21 39
30.56100000000003 21 40
31.06200000000003 60 62
31.06200000000003 60 63
31.56300000000003 19 37
31.56300000000003 19 38
32.06400000000003 88 130
32.06400000000003 88 131
32.565000000000026 168 170
32.565000000000026 168 171
33.066000000000024 5 41
33.066000000000024 5 42
33.56700000000002 91 125
33.56700000000002 91 126
34.06800000000002 45 53
34.06800000000002 45 54
34.56900000000002 6 17
34.56900000000002 6 18
35.070000000000014 136 141
35.070000000000014 136 142
35.57100000000001 183 185
35.57100000000001 183 186
36.07200000000001 112 126
36.07200000000001 112 127
36.57300000000001 151 158
36.57300000000001 151 159
37.074000000000005 110 131
37.074000000000005 110 132
37.575 9 16
37.575 10 11
38.076 180 189
38.076 180 194
38.577 153 158
38.577 153 159
39.077999999999996 67 70
39.077999999999996 68 69
39.57899999999999 91 96
39.57899999999999 91 97
40.07999999999999 170 177
40.07999999999999 170 178
40.58099999999999 4 19
40.58099999999999 4 35
41.08199999999999 114 133
41.08199999999999 115 116
41.582999999999984 104 105
41.582999999999984 105 106
42.08399999999998 135 140
42.08399999999998 135 141
42.58499999999998 95 110
42.58499999999998 95 126
43.08599999999998 102 104
43.08599999999998 102 105
43.586999999999975 90 107
43.586999999999975 90 108
44.08799999999997 46 48
44.08799999999997 46 49
44.58899999999997 3 35
44.58899999999997 3 36
45.08999999999997 35 41
45.08999999999997 35 42
45.590999999999966 60 64
45.590999999999966 60 65
46.09199999999996 136 143
46.09199999999996 136 144
46.59299999999996 23 43
46.59299999999996 24 25
47.09399999999996 98 104
47.09399999999996 98 105
47.594999999999956 90 109
47.594999999999956 90 110
48.095999999999954 88 132
48.095999999999954 88 133
48.59699999999995 89 126
48.59699999999995 89 127
49.09799999999995 152 154
49.09799999999995 152 155
49.59899999999995 113 127
49.59899999999995 113 128
50.099999999999945 24 32
50.099999999999945 24 33
50.60099999999994 96 104
50.60099999999994 96 105
51.10199999999994 191 196
51.10199999999994 191 197
51.60299999999994 118 121
51.60299999999994 118 122
52.103999999999935 183 198
52.103999999999935 183 199
52.60499999999993 27 42
52.60499999999993 28 29
53.10599999999993 22 43
53.10599999999993 23 24
53.60699999999993 148 162
53.60699999999993 149 150
54.107999999999926 48 53
54.107999999999926 48 54
54.608999999999924 20 40
54.608999999999924 20 41
55.10999999999992 89 95
55.10999999999992 89 96
55.61099999999992 137 145
55.61099999999992 137 146
56.11199999999992 181 194
56.11199999999992 181 195
56.612999999999914 140 147
56.612999999999914 141 142
57.11399999999991 153 154
57.11399999999991 153 155
57.61499999999991 162 163
57.61499999999991 162 170
58.11599999999991 190 191
58.11599999999991 190 192
58.616999999999905 74 78
58.616999999999905 74 79
59.1179999999999 47 55
59.1179999999999 47 56
59.6189999999999 21 43
59.6189999999999 22 23
60.1199999999999 5 6
60.1199999999999 5 14
60.620999999999896 9 14
60.620999999999896 9 15
61.12199999999989 68 70
61.12199999999989 69 70
61.62299999999989 108 109
61.62299999999989 108 131
62.12399999999989 172 178
62.12399999999989 173 174
62.624999999999886 185 199
62.624999999999886 186 187
63.125999999999884 189 194
63.125999999999884 189 195
63.62699999999988 170 171
63.62699999999988 170 172
64.12799999999989 99 106
64.12799999999989 99 107
64.62899999999989 111 127
64.62899999999989 111 128
65.1299999999999 72 79
65.1299999999999 72 80
65.6309999999999 3 16
65.6309999999999 3 17
66.1319999999999 121 123
66.1319999999999 122 123
66.63299999999991 186 197
66.63299999999991 186 198
67.13399999999992 92 109
67.13399999999992 92 110
67.63499999999992 65 69
67.63499999999992 65 70
68.13599999999992 198 199
68.63699999999993 147 160
68.63699999999993 147 161
69.13799999999993 80 87
69.13799999999993 81 82
69.63899999999994 111 125
69.63899999999994 111 126
70.13999999999994 114 123
70.13999999999994 114 124
70.64099999999995 171 176
70.64099999999995 171 177
71.14199999999995 114 131
71.14199999999995 114 132
71.64299999999996 83 84
71.64299999999996 83 85
72.14399999999996 47 49
72.14399999999996 47 50
72.64499999999997 182 187
72.64499999999997 182 188
73.14599999999997 180 185
73.14599999999997 180 186
73.64699999999998 59 67
73.64699999999998 59 68
74.14799999999998 61 66
74.14799999999998 61 67
74.64899999999999 52 55
74.64899999999999 53 54
75.14999999999999 4 36
75.14999999999999 4 37
75.651 149 151
75.651 149 152
76.152 73 79
76.152 73 80
76.653 28 32
76.653 28 33
77.15400000000001 116 132
77.15400000000001 116 133
77.65500000000002 79 80
77.65500000000002 79 81
78.15600000000002 3 18
78.15600000000002 3 19
78.65700000000002 91 133
78.65700000000002 92 93
79.15800000000003 18 39
79.15800000000003 18 40
79.65900000000003 115 133
79.65900000000003 116 117
80.16000000000004 72 77
80.16000000000004 72 78
80.66100000000004 169 173
80.66100000000004 169 174
81.16200000000005 134 144
81.16200000000005 134 145
81.66300000000005 189 198
81.66300000000005 189 199
82.16400000000006 91 112
82.16400000000006 91 124
82.66500000000006 166 173
82.66500000000006 166 174
83.16600000000007 101 102
83.16600000000007 101 103
83.66700000000007 88 94
83.66700000000007 88 95
84.16800000000008 168 172
84.16800000000008 168 173
84.66900000000008 164 168
84.66900000000008 164 169
85.17000000000009 76 79
85.17000000000009 76 80
85.67100000000009 138 144
85.67100000000009 138 145
86.1720000000001 165 173
86.1720000000001 165 174
86.6730000000001 172 176
86.6730000000001 172 177
87.1740000000001 120 124
87.1740000000001 121 122
87.67500000000011 96 131
87.67500000000011 96 132
88.17600000000012 190 193
88.17600000000012 190 194
88.67700000000012 5 43
88.67700000000012 6 7
89.17800000000013 89 111
89.17800000000013 89 112
89.67900000000013 63 71
89.67900000000013 64 65
90.18000000000013 148 158
90.18000000000013 148 159
90.68100000000014 95 106
90.68100000000014 95 107
91.18200000000014 57 58
91.18200000000014 57 64
91.68300000000015 80 81
91.68300000000015 80 82
92.18400000000015 135 136
92.18400000000015 135 137
92.68500000000016 74 80
92.68500000000016 74 81
93.18600000000016 61 62
93.18600000000016 61 63
93.68700000000017 44 51
93.68700000000017 44 52
94.18800000000017 191 192
94.18800000000017 191 193
94.68900000000018 181 183
94.68900000000018 181 184
95.19000000000018 171 174
95.19000000000018 171 175
95.69100000000019 136 137
95.69100000000019 136 138
96.19200000000019 163 178
96.19200000000019 164 165
96.6930000000002 45 47
96.6930000000002 45 48
97.1940000000002 89 128
97.1940000000002 89 129
97.6950000000002 91 106
97.6950000000002 91 107
98.19600000000021 79 84
98.19600000000021 79 85
98.69700000000022 89 162
98.69700000000022 89 178
99.19800000000022 190 197
99.19800000000022 190 198
99.69900000000023 5 19
99.69900000000023 5 36
100.20000000000023 88 128
100.20000000000023 88 129
100.70100000000023 18 37
100.70100000000023 18 38
101.20200000000024 136 145
101.20200000000024 136 146
101.70300000000024 60 70
101.70300000000024 60 71
102.20400000000025 11 13
102.20400000000025 11 14
102.70500000000025 163 174
102.70500000000025 163 175
103.20600000000026 118 131
103.20600000000026 118 132
103.70700000000026 196 197
103.70700000000026 197 198
104.20800000000027 63 67
104.20800000000027 63 68
104.70900000000027 6 13
104.70900000000027 6 14
105.21000000000028 151 152
105.21000000000028 151 153
105.71100000000028 10 16
105.71100000000028 11 12
106.21200000000029 95 127
106.21200000000029 95 128
106.71300000000029 35 36
106.71300000000029 35 40
107.2140000000003 82 84
107.2140000000003 82 85
107.7150000000003 28 30
107.7150000000003 28 31
108.2160000000003 60 68
108.2160000000003 60 69
108.71700000000031 110 125
108.71700000000031 110 126
109.21800000000032 44 47
109.21800000000032 44 48
109.71900000000032 141 143
109.71900000000032 141 144
110.22000000000033 148 160
110.22000000000033 148 161
110.72100000000033 93 129
110.72100000000033 93 130
111.22200000000034 76 83
111.22200000000034 76 84
111.72300000000034 81 83
111.72300000000034 81 84
112.22400000000034 117 124
112.22400000000034 117 125
112.72500000000035 78 82
112.72500000000035 78 83
113.22600000000035 168 178
113.22600000000035 169 170
113.72700000000036 23 39
113.72700000000036 23 40
114.22800000000036 39 41
114.22800000000036 40 41
114.72900000000037 165 175
114.72900000000037 165 176
115.23000000000037 89 107
115.23000000000037 89 108
115.73100000000038 100 106
115.73100000000038 100 107
116.23200000000038 91 94
116.23200000000038 91 95
116.73300000000039 25 37
116.73300000000039 25 38
117.23400000000039 67 68
117.23400000000039 67 69
117.7350000000004 113 114
117.7350000000004 113 124
118.2360000000004 136 147
118.2360000000004 137 138
118.7370000000004 93 125
118.7370000000004 93 126
119.23800000000041 140 143
119.23800000000041 140 144
119.73900000000042 163 164
119.73900000000042 163 165
120.24000000000042 179 198
120.24000000000042 179 199
120.74100000000043 4 38
120.74100000000043 4 39
121.24200000000043 139 146
121.24200000000043 139 147
121.74300000000044 139 142
121.74300000000044 139 143
122.24400000000044 151 156
122.24400000000044 151 157
122.74500000000045 23 37
122.74500000000045 23 38
123.24600000000045 77 81
123.24600000000045 77 82
123.74700000000045 73 83
123.74700000000045 73 84
124.24800000000046 30 32
124.24800000000046 30 33
124.74900000000046 143 146
124.74900000000046 144 145
125.25000000000047 169 177
125.25000000000047 169 178
125.75100000000047 167 168
125.75100000000047 167 169
126.25200000000048 97 132
126.25200000000048 97 133
126.75300000000048 94 128
126.75300000000048 94 129
127.25400000000049 25 26
127.25400000000049 25 32
127.75500000000049 51 55
127.75500000000049 51 56
128.2560000000005 115 125
128.2560000000005 115 126
128.75700000000052 96 108
128.75700000000052 96 109
129.25800000000052 22 35
129.25800000000052 22 36
129.75900000000053 21 35
129.75900000000053 21 36
130.26000000000053 115 127
130.26000000000053 115 128
130.76100000000054 164 170
130.76100000000054 164 171
131.26200000000054 148 149
131.26200000000054 148 153
131.76300000000055 163 170
131.76300000000055 163 171
132.26400000000055 116 130
132.26400000000055 116 131
132.76500000000055 87 88
132.76500000000055 87 131
133.26600000000056 6 42
133.26600000000056 6 43
133.76700000000056 118 123
133.76700000000056 118 124
134.26800000000057 98 133
134.26800000000057 99 100
134.76900000000057 99 102
134.76900000000057 99 103
135.27000000000058 93 107
135.27000000000058 93 108
135.77100000000058 94 109
135.77100000000058 94 110
136.2720000000006 62 65
136.2720000000006 62 66
136.7730000000006 76 85
136.7730000000006 76 86
137.2740000000006 88 112
137.2740000000006 88 113
137.7750000000006 0 1
137.7750000000006 1 2
138.2760000000006 157 160
138.2760000000006 157 161
138.7770000000006 142 145
138.7770000000006 142 146
139.27800000000062 171 172
139.27800000000062 171 173
139.77900000000062 89 124
139.77900000000062 89 125
140.28000000000063 46 52
140.28000000000063 46 53
140.78100000000063 179 189
140.78100000000063 179 193
141.28200000000064 93 133
141.28200000000064 94 95
141.78300000000064 178 179
141.78300000000064 179 180
142.28400000000065 170 175
142.28400000000065 170 176
142.78500000000065 134 146
142.78500000000065 134 147
143.28600000000066 185 195
143.28600000000066 185 196
143.78700000000066 108 132
143.78700000000066 108 133
144.28800000000066 60 66
144.28800000000066 60 67
144.78900000000067 98 108
144.78900000000067 98 132
145.29000000000067 44 53
145.29000000000067 44 54
145.79100000000068 6 40
145.79100000000068 6 41
146.29200000000068 73 77
146.29200000000068 73 78
146.7930000000007 138 142
146.7930000000007 138 143
147.2940000000007 58 59
147.2940000000007 58 60
147.7950000000007 139 140
147.7950000000007 139 141
148.2960000000007 187 197
148.2960000000007 187 198
148.7970000000007 43 57
148.7970000000007 43 71
149.2980000000007 53 55
149.2980000000007 54 55
149.79900000000072 37 38
149.79900000000072 37 39
150.30000000000072 150 161
150.30000000000072 150 162
150.80100000000073 90 97
150.80100000000073 90 104
151.30200000000073 179 187
151.30200000000073 179 188
151.80300000000074 115 129
151.80300000000074 115 130
152.30400000000074 75 86
152.30400000000074 75 87
152.80500000000075 148 154
152.80500000000075 148 155
153.30600000000075 87 134
153.30600000000075 87 147
153.80700000000076 99 108
153.80700000000076 100 101
154.30800000000076 64 70
154.30800000000076 65 66
154.80900000000076 7 8
154.80900000000076 7 12
155.31000000000077 10 14
155.31000000000077 10 15
155.81100000000077 4 42
155.81100000000077 4 43
156.31200000000078 78 84
156.31200000000078 78 85
156.81300000000078 164 174
156.81300000000078 164 175
157.3140000000008 37 42
157.3140000000008 38 39
157.8150000000008 185 197
157.8150000000008 185 198
158.3160000000008 91 104
158.3160000000008 91 105
158.8170000000008 76 77
158.8170000000008 76 78
159.3180000000008 119 121
159.3180000000008 119 122
159.8190000000008 7 15
159.8190000000008 7 16
160.32000000000082 61 64
160.32000000000082 61 65
160.82100000000082 66 69
160.82100000000082 66 70
161.32200000000083 75 84
161.32200000000083 75 85
161.82300000000083 87 178
161.82300000000083 88 89
162.32400000000084 49 54
162.32400000000084 49 55
162.82500000000084 180 195
162.82500000000084 180 196
163.32600000000085 156 158
163.32600000000085 156 159
163.82700000000085 8 16
163.82700000000085 8 17
164.32800000000086 188 196
164.32800000000086 188 197
164.82900000000086 23 35
164.82900000000086 23 36
165.33000000000087 182 195
165.33000000000087 182 196
165.83100000000087 7 17
165.83100000000087 7 18
166.33200000000087 179 185
166.33200000000087 179 186
166.83300000000088 74 76
166.83300000000088 74 77
167.33400000000088 92 105
167.33400000000088 92 106
167.8350000000009 19 39
167.8350000000009 19 40
168.3360000000009 154 161
168.3360000000009 155 156
168.8370000000009 165 169
168.8370000000009 165 170
169.3380000000009 162 177
169.3380000000009 162 178
169.8390000000009 194 195
169.8390000000009 195 196
170.3400000000009 92 130
170.3400000000009 92 131
170.84100000000092 80 85
170.84100000000092 80 86
171.34200000000092 27 32
171.34200000000092 27 33
171.84300000000093 71 85
171.84300000000093 71 86
172.34400000000093 5 15
172.34400000000093 5 16
172.84500000000094 168 174
172.84500000000094 168 175
173.34600000000094 91 110
173.34600000000094 91 111
173.84700000000095 179 183
173.84700000000095 179 184
174.34800000000095 89 103
174.34800000000095 89 104
174.84900000000096 90 93
174.84900000000096 90 94
175.35000000000096 118 125
175.35000000000096 118 126
175.85100000000097 184 195
175.85100000000097 184 196
176.35200000000097 153 160
176.35200000000097 153 161
176.85300000000097 101 104
176.85300000000097 101 105
177.35400000000098 77 87
177.35400000000098 78 79
177.85500000000098 88 104
177.85500000000098 88 105
178.356000000001 25 35
178.356000000001 25 36
178.857000000001 147 162
178.857000000001 147 178
179.358000000001 192 197
179.358000000001 193 194
179.859000000001 170 173
179.859000000001 170 174
180.360000000001 166 175
180.360000000001 166 176
180.861000000001 173 175
180.861000000001 173 176
181.36200000000102 88 124
181.36200000000102 88 125
181.86300000000102 7 40
181.86300000000102 7 41
182.36400000000103 96 133
182.36400000000103 97 98
182.86500000000103 92 94
182.86500000000103 92 95
183.36600000000104 8 14
183.36600000000104 8 15
183.86700000000104 155 159
183.86700000000104 155 160
184.36800000000105 187 199
184.36800000000105 188 189
184.86900000000105 47 51
184.86900000000105 47 52
185.37000000000106 20 42
185.37000000000106 20 43
185.87100000000106 78 86
185.87100000000106 78 87
186.37200000000107 182 183
186.37200000000107 182 184
186.87300000000107 91 92
186.87300000000107 91 93
187.37400000000108 109 131
187.37400000000108 109 132
187.87500000000108 126 130
187.87500000000108 126 131
188.37600000000108 89 109
188.37600000000108 89 110
188.8770000000011 90 125
188.8770000000011 90 126
189.3780000000011 59 61
189.3780000000011 59 62
189.8790000000011 112 124
189.8790000000011 112 125
190.3800000000011 88 98
190.3800000000011 88 103
190.8810000000011 61 70
190.8810000000011 61 71
191.3820000000011 119 125
191.3820000000011 120 121
191.88300000000112 97 107
191.88300000000112 97 108
192.38400000000112 24 38
192.38400000000112 24 39
192.88500000000113 149 157
192.88500000000113 149 158
193.38600000000113 184 199
193.38600000000113 185 186
193.88700000000114 24 34
193.88700000000114 24 35
194.38800000000114 190 195
194.38800000000114 190 196
194.88900000000115 180 199
194.88900000000115 181 182
195.39000000000115 163 176
195.39000000000115 163 177
195.89100000000116 18 41
195.89100000000116 18 42
196.39200000000116 114 127
196.39200000000116 114 128
196.89300000000117 101 106
196.89300000000117 102 103
197.39400000000117 125 126
197.39400000000117 126 127
197.89500000000118 63 69
197.89500000000118 63 70
198.39600000000118 90 91
198.39600000000118 90 92
198.89700000000119 91 108
198.89700000000119 91 109
199.3980000000012 88 110
199.3980000000012 88 111
199.8990000000012 151 154
199.8990000000012 151 155
200.4000000000012 59 71
200.4000000000012 60 61
200.9010000000012 165 177
200.9010000000012 165 178
201.4020000000012 89 105
201.4020000000012 89 106
201.9030000000012 119 123
201.9030000000012 119 124
202.40400000000122 57 69
202.40400000000122 57 70
202.90500000000122 97 103
202.90500000000122 97 104
203.40600000000123 36 37
203.40600000000123 36 38
203.90700000000123 113 131
203.90700000000123 113 132
204.40800000000124 58 67
204.40800000000124 58 68
204.90900000000124 75 80
204.90900000000124 75 81
205.41000000000125 31 32
205.41000000000125 32 33
205.91100000000125 79 82
205.91100000000125 79 83
206.41200000000126 71 87
206.41200000000126 72 73
206.91300000000126 49 52
206.91300000000126 49 53
207.41400000000127 126 132
207.41400000000127 126 133
207.91500000000127 111 131
207.91500000000127 111 132
208.41600000000128 114 125
208.41600000000128 114 126
208.91700000000128 65 67
208.91700000000128 65 68
209.41800000000129 88 134
209.41800000000129 88 147
209.9190000000013 94 132
209.9190000000013 94 133
210.4200000000013 73 85
210.4200000000013 73 86
210.9210000000013 166 177
210.9210000000013 166 178
211.4220000000013 135 138
211.4220000000013 135 139
211.9230000000013 180 183
211.9230000000013 180 184
212.4240000000013 59 63
212.4240000000013 59 64
212.92500000000132 85 86
212.92500000000132 86 87
213.42600000000132 12 14
213.42600000000132 13 14
213.92700000000133 23 41
213.92700000000133 23 42
214.42800000000133 59 69
214.42800000000133 59 70
214.92900000000134 129 130
214.92900000000134 129 131
215.43000000000134 17 42
215.43000000000134 17 43
215.93100000000135 192 195
215.93100000000135 192 196
216.43200000000135 33 34
216.43200000000135 34 35
216.93300000000136 97 105
216.93300000000136 97 106
217.43400000000136 29 32
217.43400000000136 29 33
217.93500000000137 90 129
217.93500000000137 90 130
218.43600000000137 92 128
218.43600000000137 92 129
218.93700000000138 167 174
218.93700000000138 167 175
219.43800000000138 164 176
219.43800000000138 164 177
219.93900000000139 146 147
219.93900000000139 147 148
220.4400000000014 138 140
220.4400000000014 138 141
220.9410000000014 150 151
220.9410000000014 150 152
221.4420000000014 189 190
221.4420000000014 189 193
221.9430000000014 117 132
221.9430000000014 117 133
222.4440000000014 89 91
222.4440000000014 89 92
222.94500000000141 164 178
222.94500000000141 165 166
223.44600000000142 95 108
223.44600000000142 95 109
223.94700000000142 181 196
223.94700000000142 181 197
224.44800000000143 154 155
224.44800000000143 154 156
224.94900000000143 152 156
224.94900000000143 152 157
225.45000000000144 88 92
225.45000000000144 88 93
225.95100000000144 89 113
225.95100000000144 89 114
226.45200000000145 90 105
226.45200000000145 90 106
226.95300000000145 5 37
226.95300000000145 5 38
227.45400000000146 183 187
227.45400000000146 183 195
227.95500000000146 94 130
227.95500000000146 94 131
228.45600000000147 26 27
228.45600000000147 26 31
228.95700000000147 88 114
228.95700000000147 88 123
229.45800000000148 115 123
229.45800000000148 115 124
229.95900000000148 78 80
229.95900000000148 78 81
230.4600000000015 66 67
230.4600000000015 66 68
230.9610000000015 72 87
230.9610000000015 73 74
231.4620000000015 132 133
231.4620000000015 133 134
231.9630000000015 113 129
231.9630000000015 113 130
232.4640000000015 167 176
232.4640000000015 167 177
232.9650000000015 179 194
232.9650000000015 179 195
233.46600000000151 137 143
233.46600000000151 137 144
233.96700000000152 57 71
233.96700000000152 57 87
234.46800000000152 94 107
234.46800000000152 94 108
234.96900000000153 187 195
234.96900000000153 187 196
235.47000000000153 26 40
235.47000000000153 26 41
235.97100000000154 21 22
235.97100000000154 21 34
236.47200000000154 74 86
236.47200000000154 74 87
236.97300000000155 8 9
236.97300000000155 8 11
237.47400000000155 7 13
237.47400000000155 7 14
237.97500000000156 90 95
237.97500000000156 90 96
238.47600000000156 149 155
238.47600000000156 149 156
238.97700000000157 45 57
238.97700000000157 46 47
239.47800000000157 57 67
239.47800000000157 57 68
239.97900000000158 82 86
239.97900000000158 82 87
240.48000000000158 134 142
240.48000000000158 134 143
240.9810000000016 93 109
240.9810000000016 93 110
241.4820000000016 93 94
241.4820000000016 93 95
241.9830000000016 153 156
241.9830000000016 153 157
242.4840000000016 70 71
242.4840000000016 71 72
242.9850000000016 87 132
242.9850000000016 87 133
243.4860000000016 165 167
243.4860000000016 165 168
243.98700000000161 26 32
243.98700000000161 26 33
244.48800000000162 22 37
244.48800000000162 22 38
244.98900000000162 41 42
244.98900000000162 42 43
245.49000000000163 137 147
245.49000000000163 138 139
245.99100000000163 62 71
245.99100000000163 63 64
246.49200000000164 58 65
246.49200000000164 58 66
246.99300000000164 76 87
246.99300000000164 77 78
247.49400000000165 181 185
247.49400000000165 181 186
247.99500000000165 189 196
247.99500000000165 189 197
248.49600000000166 45 49
248.49600000000166 45 50
248.99700000000166 94 126
248.99700000000166 94 127
249.49800000000167 96 106
249.49800000000167 96 107
249.99900000000167 164 166
249.99900000000167 164 167
250.50000000000168 116 124
250.50000000000168 116 125
251.00100000000168 81 87
251.00100000000168 82 83
251.5020000000017 26 34
251.5020000000017 26 35
252.0030000000017 135 142
252.0030000000017 135 143
252.5040000000017 99 104
252.5040000000017 99 105
253.0050000000017 138 146
253.0050000000017 138 147
253.5060000000017 49 50
253.5060000000017 49 51
254.0070000000017 89 97
254.0070000000017 89 98
254.50800000000172 11 15
254.50800000000172 12 13
255.00900000000172 87 161
255.00900000000172 87 162
255.51000000000172 72 83
255.51000000000172 72 84
256.0110000000017 181 198
256.0110000000017 181 199
256.51200000000165 5 39
256.51200000000165 5 40
257.0130000000016 113 133
257.0130000000016 114 115
257.5140000000016 116 128
257.5140000000016 116 129
258.0150000000016 182 185
258.0150000000016 182 186
258.51600000000155 173 177
258.51600000000155 173 178
259.01700000000153 171 178
259.01700000000153 172 173
259.5180000000015 149 161
259.5180000000015 149 162
260.0190000000015 3 37
260.0190000000015 3 38
260.52000000000146 77 83
260.52000000000146 77 84
261.02100000000144 175 176
261.02100000000144 175 177
261.5220000000014 5 17
261.5220000000014 5 18
262.0230000000014 155 161
262.0230000000014 156 157
262.52400000000137 73 81
262.52400000000137 73 82
263.02500000000134 45 55
263.02500000000134 45 56
263.5260000000013 46 56
263.5260000000013 47 48
264.0270000000013 127 128
264.0270000000013 127 129
264.52800000000127 29 30
264.52800000000127 29 31
265.02900000000125 88 178
265.02900000000125 89 90
265.5300000000012 174 177
265.5300000000012 174 178
266.0310000000012 72 75
266.0310000000012 72 76
266.5320000000012 150 157
266.5320000000012 150 158
267.03300000000115 158 159
267.03300000000115 158 160
267.53400000000113 62 67
267.53400000000113 62 68
268.0350000000011 172 174
268.0350000000011 172 175
268.5360000000011 77 85
268.5360000000011 77 86
269.03700000000106 75 78
269.03700000000106 75 79
269.53800000000103 26 42
269.53800000000103 27 28
270.039000000001 168 176
270.039000000001 168 177
270.540000000001 93 105
270.540000000001 93 106
271.04100000000096 139 144
271.04100000000096 139 145
271.54200000000094 117 126
271.54200000000094 117 127
272.0430000000009 73 75
272.0430000000009 73 76
272.5440000000009 90 127
272.5440000000009 90 128
273.04500000000087 6 15
273.04500000000087 6 16
273.54600000000084 184 197
273.54600000000084 184 198
274.0470000000008 24 36
274.0470000000008 24 37
274.5480000000008 176 177
274.5480000000008 177 178
275.0490000000008 3 43
275.0490000000008 4 5
275.55000000000075 24 40
275.55000000000075 24 41
276.0510000000007 52 53
276.0510000000007 52 54
276.5520000000007 83 86
276.5520000000007 83 87
277.0530000000007 21 37
277.0530000000007 21 38
277.55400000000066 16 17
277.55400000000066 17 18
278.05500000000063 19 43
278.05500000000063 20 21
278.5560000000006 63 65
278.5560000000006 63 66
279.0570000000006 141 145
279.0570000000006 141 146
279.55800000000056 75 82
279.55800000000056 75 83
280.05900000000054 72 81
280.05900000000054 72 82
280.5600000000005 57 65
280.5600000000005 57 66
281.0610000000005 114 129
281.0610000000005 114 130
281.56200000000047 7 42
281.56200000000047 7 43
282.06300000000044 18 19
282.06300000000044 18 36
282.5640000000004 152 160
282.5640000000004 152 161
283.0650000000004 21 41
283.0650000000004 21 42
283.5660000000004 89 134
283.5660000000004 89 147
284.06700000000035 128 131
284.06700000000035 128 132
284.5680000000003 111 129
284.5680000000003 111 130
285.0690000000003 26 38
285.0690000000003 26 39
285.5700000000003 64 68
285.5700000000003 64 69
286.07100000000025 3 39
286.07100000000025 3 40
286.57200000000023 96 127
286.57200000000023 96 128
287.0730000000002 129 132
287.0730000000002 130 131
287.5740000000002 3 41
287.5740000000002 3 42
288.07500000000016 109 133
288.07500000000016 110 111
288.57600000000014 58 69
288.57600000000014 58 70
289.0770000000001 143 144
289.0770000000001 143 145
289.5780000000001 88 126
289.5780000000001 88 127
290.07900000000006 167 170
290.07900000000006 167 171
290.58000000000004 127 132
290.58000000000004 127 133
291.081 150 159
291.081 150 160
291.582 29 34
291.582 30 31
292.08299999999997 38 42
292.08299999999997 39 40
292.58399999999995 110 133
292.58399999999995 111 112
293.0849999999999 150 155
293.0849999999999 150 156
293.5859999999999 169 171
293.5859999999999 169 172
294.0869999999999 76 81
294.0869999999999 76 82
294.58799999999985 149 159
294.58799999999985 149 160
295.0889999999998 9 12
295.0889999999998 9 13
295.5899999999998 27 30
295.5899999999998 27 31
296.0909999999998 73 87
296.0909999999998 74 75
296.59199999999976 156 160
296.59199999999976 156 161
297.09299999999973 140 145
297.09299999999973 140 146
297.5939999999997 162 173
297.5939999999997 162 174
298.0949999999997 50 54
298.0949999999997 50 55
298.59599999999966 128 129
298.59599999999966 128 130
299.09699999999964 180 197
299.09699999999964 180 198
299.5979999999996 75 76
299.5979999999996 75 77
300.0989999999996 93 131
300.0989999999996 93 132
300.59999999999957 182 197
300.59999999999957 182 198
301.10099999999954 88 108
301.10099999999954 88 109
301.6019999999995 50 52
301.6019999999995 50 53
302.1029999999995 151 162
302.1029999999995 152 153
302.6039999999995 90 131
302.6039999999995 90 132
303.10499999999945 20 36
303.10499999999945 20 37
303.6059999999994 192 193
303.6059999999994 192 194
304.1069999999994 92 107
304.1069999999994 92 108
304.6079999999994 150 153
304.6079999999994 150 154
305.10899999999936 72 85
305.10899999999936 72 86
305.60999999999933 64 66
305.60999999999933 64 67
306.1109999999993 59 65
306.1109999999993 59 66
306.6119999999993 111 133
306.6119999999993 112 113
307.11299999999926 140 141
307.11299999999926 140 142
307.61399999999924 8 12
307.61399999999924 8 13
308.1149999999992 97 109
308.1149999999992 97 129
308.6159999999992 19 41
308.6159999999992 19 42
309.11699999999917 91 131
309.11699999999917 91 132
309.61799999999914 164 172
309.61799999999914 164 173
310.1189999999991 135 144
310.1189999999991 135 145
310.6199999999991 47 53
310.6199999999991 47 54
311.12099999999907 109 127
311.12099999999907 109 128
311.62199999999905 166 167
311.62199999999905 166 168
312.122999999999 28 34
312.122999999999 28 35
312.623999999999 186 199
312.623999999999 187 188
313.124999999999 92 132
313.124999999999 92 133
313.62599999999895 88 161
313.62599999999895 88 162
314.12699999999893 46 50
314.12699999999893 46 51
314.6279999999989 163 168
314.6279999999989 163 169
315.1289999999989 43 53
315.1289999999989 43 54
315.62999999999886 117 118
315.62999999999886 117 121
316.13099999999883 184 185
316.13099999999883 184 186
316.6319999999988 118 119
316.6319999999988 118 120
317.1329999999988 188 198
317.1329999999988 188 199
317.63399999999876 116 122
317.63399999999876 116 123
318.13499999999874 135 146
318.13499999999874 135 147
318.6359999999987 158 161
318.6359999999987 159 160
319.1369999999987 144 146
319.1369999999987 145 146
319.63799999999867 92 111
319.63799999999867 92 125
320.13899999999865 113 125
320.13899999999865 113 126
320.6399999999986 92 96
320.6399999999986 92 104
321.1409999999986 25 39
321.1409999999986 25 40
321.6419999999986 165 171
321.6419999999986 165 172
322.14299999999855 36 41
322.14299999999855 36 42
322.6439999999985 25 41
322.6439999999985 25 42
323.1449999999985 112 132
323.1449999999985 112 133
323.6459999999985 89 130
323.6459999999985 89 131
324.14699999999846 120 122
324.14699999999846 120 123
324.64799999999843 186 195
324.64799999999843 186 196
325.1489999999984 103 104
325.1489999999984 103 105
325.6499999999984 100 104
325.6499999999984 100 105
326.15099999999836 45 51
326.15099999999836 45 52
326.65199999999834 88 96
326.65199999999834 88 97
327.1529999999983 4 15
327.1529999999983 4 16
327.6539999999983 79 86
327.6539999999983 79 87
328.15499999999827 149 153
328.15499999999827 149 154
328.65599999999824 90 111
328.65599999999824 90 112
329.1569999999982 110 127
329.1569999999982 110 128
329.6579999999982 188 194
329.6579999999982 188 195
330.1589999999982 116 126
330.1589999999982 116 127
330.65999999999815 4 40
330.65999999999815 4 41
331.1609999999981 27 34
331.1609999999981 27 35
331.6619999999981 193 195
331.6619999999981 193 196
332.1629999999981 136 139
332.1629999999981 136 140
332.66399999999805 137 139
332.66399999999805 137 140
333.16499999999803 58 63
333.16499999999803 58 64
333.665999999998 74 82
333.665999999998 74 83
334.166999999998 48 49
334.166999999998 48 50
334.66799999999796 90 133
334.66799999999796 90 134
335.16899999999794 90 113
335.16899999999794 90 124
335.6699999999979 123 124
335.6699999999979 124 125
336.1709999999979 167 172
336.1709999999979 167 173
336.67199999999787 183 196
336.67199999999787 183 197
337.17299999999784 148 156
337.17299999999784 148 157
337.6739999999978 166 169
337.6739999999978 166 170
338.1749999999978 2 3
338.1749999999978 3 4
338.67599999999777 92 126
338.67599999999777 92 127
339.17699999999775 62 69
339.17699999999775 62 70
339.6779999999977 179 196
339.6779999999977 179 197
340.1789999999977 95 131
340.1789999999977 95 132
340.6799999999977 97 130
340.6799999999977 97 131
341.18099999999765 157 158
341.18099999999765 157 159
341.68199999999763 152 158
341.68199999999763 152 159
342.1829999999976 96 129
342.1829999999976 96 130
342.6839999999976 93 127
342.6839999999976 93 128
343.18499999999756 118 133
343.18499999999756 119 120
343.68599999999753 117 130
343.68599999999753 117 131
344.1869999999975 37 40
344.1869999999975 37 41
344.6879999999975 71 83
344.6879999999975 71 84
345.18899999999746 74 84
345.18899999999746 74 85
345.68999999999744 110 129
345.68999999999744 110 130
346.1909999999974 154 159
346.1909999999974 154 160
346.6919999999974 43 55
346.6919999999974 43 56
347.19299999999737 10 12
347.19299999999737 10 13
347.69399999999735 134 162
347.69399999999735 134 178
348.1949999999973 180 187
348.1949999999973 180 188
348.6959999999973 43 87
348.6959999999973 44 45
349.1969999999973 6 38
349.1969999999973 6 39
349.69799999999725 62 63
349.69799999999725 62 64
350.1989999999972 22 39
350.1989999999972 22 40
350.6999999999972 14 15
350.6999999999972 15 16
351.2009999999972 48 51
351.2009999999972 48 52
351.70199999999716 112 130
351.70199999999716 112 131
352.20299999999713 106 107
352.20299999999713 107 108
352.7039999999971 154 157
352.7039999999971 154 158
353.2049999999971 55 56
353.2049999999971 56 57
353.70599999999706 166 171
353.70599999999706 166 172
354.20699999999704 84 85
354.20699999999704 84 86
354.707999999997 61 68
354.707999999997 61 69
355.208999999997 174 175
355.208999999997 174 176
355.70999999999697 180 181
355.70999999999697 180 182
356.21099999999694 58 61
356.21099999999694 58 62
356.7119999999969 95 129
356.7119999999969 95 130
357.2129999999969 117 128
357.2129999999969 117 129
357.7139999999969 163 166
357.7139999999969 163 167
