0 71 86
0 71 87
0 71 88
0 71 89
0 71 90
0 71 91
0 71 92
0 72 73
0 72 76
0 72 77
0 72 78
0 72 79
0 72 80
0 72 81
0 72 82
0 72 83
0 72 84
0 72 85
0 72 86
0 72 87
0 72 88
0 72 89
0 72 90
0 72 91
0 72 92
0 73 74
0 73 75
0 73 76
0 73 77
0 73 78
0 73 79
301 13 14
301 14 15
301 15 16
301 16 17
301 17 18
301 17 38
301 17 39
301 17 40
301 17 41
301 17 42
301 17 67
301 17 92
301 17 117
301 17 118
301 17 142
301 17 143
301 17 167
301 17 168
301 17 192
301 17 193
301 18 19
301 18 34
301 18 35
301 18 36
301 18 37
301 18 38
301 18 39
301 18 40
301 18 41
301 18 42
301 18 142
602 154 164
602 154 165
602 155 156
602 155 157
602 155 158
602 155 159
602 155 160
602 155 161
602 155 162
602 155 163
602 155 164
602 155 165
602 156 157
602 156 158
602 156 159
602 156 160
602 156 161
602 156 162
602 156 163
602 156 164
602 157 158
602 157 159
602 157 160
602 157 161
602 157 162
602 157 163
602 157 164
602 158 159
602 158 160
602 158 161
602 158 162
903 55 62
903 55 63
903 55 64
903 56 57
903 56 58
903 56 59
903 56 60
903 56 61
903 56 62
903 56 63
903 57 58
903 57 59
903 57 60
903 57 61
903 57 62
903 57 63
903 58 59
903 58 60
903 58 61
903 58 62
903 59 60
903 59 61
903 59 62
903 60 61
903 61 62
903 62 63
903 63 64
903 64 65
903 65 66
903 66 67
903 67 68
1204 104 105
1204 104 106
1204 104 107
1204 104 108
1204 104 109
1204 104 110
1204 104 111
1204 104 112
1204 104 113
1204 104 114
1204 104 115
1204 105 106
1204 105 107
1204 105 108
1204 105 109
1204 105 110
1204 105 111
1204 105 112
1204 105 113
1204 105 114
1204 106 107
1204 106 108
1204 106 109
1204 106 110
1204 106 111
1204 106 112
1204 106 113
1204 106 114
1204 107 108
1204 107 109
1204 107 110
1505 123 130
1505 123 131
1505 123 132
1505 123 133
1505 123 134
1505 123 135
1505 123 136
1505 123 137
1505 123 138
1505 123 139
1505 123 140
1505 123 141
1505 123 142
1505 124 125
1505 124 126
1505 124 127
1505 124 128
1505 124 129
1505 124 130
1505 124 131
1505 124 132
1505 124 133
1505 124 134
1505 124 135
1505 124 136
1505 124 137
1505 124 138
1505 124 139
1505 124 140
1505 124 141
1505 124 142
1806 133 136
1806 133 137
1806 133 138
1806 134 135
1806 134 136
1806 134 137
1806 135 136
1806 135 137
1806 136 137
1806 137 138
1806 138 139
1806 139 140
1806 140 141
1806 141 142
1806 142 143
1806 143 144
1806 143 162
1806 143 163
1806 143 164
1806 143 165
1806 143 166
1806 143 167
1806 143 168
1806 143 193
1806 144 145
1806 144 159
1806 144 160
1806 144 161
1806 144 162
1806 144 163
1806 144 164
2107 93 192
2107 93 193
2107 94 95
2107 94 108
2107 94 109
2107 94 110
2107 94 111
2107 94 112
2107 94 113
2107 94 114
2107 94 115
2107 94 116
2107 94 117
2107 94 118
2107 95 96
2107 95 106
2107 95 107
2107 95 108
2107 95 109
2107 95 110
2107 95 111
2107 95 112
2107 95 113
2107 95 114
2107 95 115
2107 95 116
2107 95 117
2107 96 97
2107 96 103
2107 96 104
2107 96 105
2408 73 80
2408 73 81
2408 73 82
2408 73 83
2408 73 84
2408 73 85
2408 73 86
2408 73 87
2408 73 88
2408 73 89
2408 73 90
2408 73 91
2408 73 92
2408 74 75
2408 74 76
2408 74 77
2408 74 78
2408 74 79
2408 74 80
2408 74 81
2408 74 82
2408 74 83
2408 74 84
2408 74 85
2408 74 86
2408 74 87
2408 74 88
2408 74 89
2408 74 90
2408 74 91
2408 75 76
2709 129 135
2709 129 136
2709 129 137
2709 129 138
2709 129 139
2709 129 140
2709 130 131
2709 130 132
2709 130 133
2709 130 134
2709 130 135
2709 130 136
2709 130 137
2709 130 138
2709 130 139
2709 131 132
2709 131 133
2709 131 134
2709 131 135
2709 131 136
2709 131 137
2709 131 138
2709 131 139
2709 132 133
2709 132 134
2709 132 135
2709 132 136
2709 132 137
2709 132 138
2709 133 134
2709 133 135
3010 77 79
3010 77 80
3010 77 81
3010 77 82
3010 77 83
3010 77 84
3010 77 85
3010 77 86
3010 77 87
3010 77 88
3010 77 89
3010 77 90
3010 78 79
3010 78 80
3010 78 81
3010 78 82
3010 78 83
3010 78 84
3010 78 85
3010 78 86
3010 78 87
3010 78 88
3010 78 89
3010 78 90
3010 79 80
3010 79 81
3010 79 82
3010 79 83
3010 79 84
3010 79 85
3010 79 86
3311 121 135
3311 121 136
3311 121 137
3311 121 138
3311 121 139
3311 121 140
3311 121 141
3311 121 142
3311 122 123
3311 122 127
3311 122 128
3311 122 129
3311 122 130
3311 122 131
3311 122 132
3311 122 133
3311 122 134
3311 122 135
3311 122 136
3311 122 137
3311 122 138
3311 122 139
3311 122 140
3311 122 141
3311 122 142
3311 123 124
3311 123 125
3311 123 126
3311 123 127
3311 123 128
3311 123 129
3612 24 32
3612 24 33
3612 24 34
3612 24 35
3612 24 36
3612 24 37
3612 24 38
3612 24 39
3612 24 40
3612 24 41
3612 25 26
3612 25 27
3612 25 28
3612 25 29
3612 25 30
3612 25 31
3612 25 32
3612 25 33
3612 25 34
3612 25 35
3612 25 36
3612 25 37
3612 25 38
3612 25 39
3612 25 40
3612 25 41
3612 26 27
3612 26 28
3612 26 29
3612 26 30
3612 26 31
3913 22 37
3913 22 38
3913 22 39
3913 22 40
3913 22 41
3913 22 42
3913 23 24
3913 23 25
3913 23 26
3913 23 27
3913 23 28
3913 23 29
3913 23 30
3913 23 31
3913 23 32
3913 23 33
3913 23 34
3913 23 35
3913 23 36
3913 23 37
3913 23 38
3913 23 39
3913 23 40
3913 23 41
3913 24 25
3913 24 26
3913 24 27
3913 24 28
3913 24 29
3913 24 30
3913 24 31
4214 148 160
4214 148 161
4214 148 162
4214 148 163
4214 148 164
4214 148 165
4214 148 166
4214 148 167
4214 149 150
4214 149 151
4214 149 152
4214 149 153
4214 149 154
4214 149 155
4214 149 156
4214 149 157
4214 149 158
4214 149 159
4214 149 160
4214 149 161
4214 149 162
4214 149 163
4214 149 164
4214 149 165
4214 149 166
4214 149 167
4214 150 151
4214 150 152
4214 150 153
4214 150 154
4214 150 155
4515 4 13
4515 4 14
4515 5 6
4515 5 7
4515 5 8
4515 5 9
4515 5 10
4515 5 11
4515 5 12
4515 5 13
4515 6 7
4515 6 8
4515 6 9
4515 6 10
4515 6 11
4515 6 12
4515 6 13
4515 7 8
4515 7 9
4515 7 10
4515 7 11
4515 7 12
4515 8 9
4515 8 10
4515 8 11
4515 8 12
4515 9 10
4515 9 11
4515 10 11
4515 11 12
4515 12 13
4816 177 189
4816 177 190
4816 177 191
4816 178 179
4816 178 180
4816 178 181
4816 178 182
4816 178 183
4816 178 184
4816 178 185
4816 178 186
4816 178 187
4816 178 188
4816 178 189
4816 178 190
4816 178 191
4816 179 180
4816 179 181
4816 179 182
4816 179 183
4816 179 184
4816 179 185
4816 179 186
4816 179 187
4816 179 188
4816 179 189
4816 179 190
4816 180 181
4816 180 182
4816 180 183
4816 180 184
5117 150 156
5117 150 157
5117 150 158
5117 150 159
5117 150 160
5117 150 161
5117 150 162
5117 150 163
5117 150 164
5117 150 165
5117 150 166
5117 150 167
5117 151 152
5117 151 153
5117 151 154
5117 151 155
5117 151 156
5117 151 157
5117 151 158
5117 151 159
5117 151 160
5117 151 161
5117 151 162
5117 151 163
5117 151 164
5117 151 165
5117 151 166
5117 152 153
5117 152 154
5117 152 155
5117 152 156
5418 32 35
5418 32 36
5418 32 37
5418 32 38
5418 33 34
5418 33 35
5418 33 36
5418 33 37
5418 34 35
5418 34 36
5418 34 37
5418 35 36
5418 36 37
5418 37 38
5418 38 39
5418 39 40
5418 40 41
5418 41 42
5418 42 43
5418 42 64
5418 42 65
5418 42 66
5418 42 67
5418 42 92
5418 42 117
5418 42 118
5418 42 142
5418 42 143
5418 42 167
5418 42 168
5418 42 192
5719 127 128
5719 127 129
5719 127 130
5719 127 131
5719 127 132
5719 127 133
5719 127 134
5719 127 135
5719 127 136
5719 127 137
5719 127 138
5719 127 139
5719 127 140
5719 127 141
5719 128 129
5719 128 130
5719 128 131
5719 128 132
5719 128 133
5719 128 134
5719 128 135
5719 128 136
5719 128 137
5719 128 138
5719 128 139
5719 128 140
5719 129 130
5719 129 131
5719 129 132
5719 129 133
5719 129 134
6020 96 106
6020 96 107
6020 96 108
6020 96 109
6020 96 110
6020 96 111
6020 96 112
6020 96 113
6020 96 114
6020 96 115
6020 96 116
6020 96 117
6020 97 98
6020 97 101
6020 97 102
6020 97 103
6020 97 104
6020 97 105
6020 97 106
6020 97 107
6020 97 108
6020 97 109
6020 97 110
6020 97 111
6020 97 112
6020 97 113
6020 97 114
6020 97 115
6020 97 116
6020 97 117
6020 98 99
6321 67 90
6321 67 91
6321 67 92
6321 67 117
6321 67 118
6321 67 142
6321 67 143
6321 67 167
6321 67 168
6321 67 192
6321 67 193
6321 68 69
6321 68 85
6321 68 86
6321 68 87
6321 68 88
6321 68 89
6321 68 90
6321 68 91
6321 68 92
6321 68 117
6321 68 118
6321 68 142
6321 68 143
6321 68 167
6321 68 168
6321 68 192
6321 68 193
6321 69 70
6321 69 83
6321 69 84
6622 18 143
6622 18 167
6622 18 168
6622 18 192
6622 18 193
6622 19 20
6622 19 32
6622 19 33
6622 19 34
6622 19 35
6622 19 36
6622 19 37
6622 19 38
6622 19 39
6622 19 40
6622 19 41
6622 19 42
6622 20 21
6622 20 29
6622 20 30
6622 20 31
6622 20 32
6622 20 33
6622 20 34
6622 20 35
6622 20 36
6622 20 37
6622 20 38
6622 20 39
6622 20 40
6622 20 41
6923 2 4
6923 2 5
6923 2 6
6923 2 7
6923 2 8
6923 2 9
6923 2 10
6923 2 11
6923 2 12
6923 2 13
6923 2 14
6923 2 15
6923 3 4
6923 3 5
6923 3 6
6923 3 7
6923 3 8
6923 3 9
6923 3 10
6923 3 11
6923 3 12
6923 3 13
6923 3 14
6923 4 5
6923 4 6
6923 4 7
6923 4 8
6923 4 9
6923 4 10
6923 4 11
6923 4 12
7224 45 55
7224 45 56
7224 45 57
7224 45 58
7224 45 59
7224 45 60
7224 45 61
7224 45 62
7224 45 63
7224 45 64
7224 45 65
7224 45 66
7224 45 67
7224 46 47
7224 46 53
7224 46 54
7224 46 55
7224 46 56
7224 46 57
7224 46 58
7224 46 59
7224 46 60
7224 46 61
7224 46 62
7224 46 63
7224 46 64
7224 46 65
7224 46 66
7224 46 67
7224 47 48
7224 47 51
7525 172 180
7525 172 181
7525 172 182
7525 172 183
7525 172 184
7525 172 185
7525 172 186
7525 172 187
7525 172 188
7525 172 189
7525 172 190
7525 172 191
7525 172 192
7525 172 193
7525 173 174
7525 173 176
7525 173 177
7525 173 178
7525 173 179
7525 173 180
7525 173 181
7525 173 182
7525 173 183
7525 173 184
7525 173 185
7525 173 186
7525 173 187
7525 173 188
7525 173 189
7525 173 190
7525 173 191
7826 75 77
7826 75 78
7826 75 79
7826 75 80
7826 75 81
7826 75 82
7826 75 83
7826 75 84
7826 75 85
7826 75 86
7826 75 87
7826 75 88
7826 75 89
7826 75 90
7826 75 91
7826 76 77
7826 76 78
7826 76 79
7826 76 80
7826 76 81
7826 76 82
7826 76 83
7826 76 84
7826 76 85
7826 76 86
7826 76 87
7826 76 88
7826 76 89
7826 76 90
7826 76 91
7826 77 78
8127 101 112
8127 101 113
8127 101 114
8127 101 115
8127 101 116
8127 102 103
8127 102 104
8127 102 105
8127 102 106
8127 102 107
8127 102 108
8127 102 109
8127 102 110
8127 102 111
8127 102 112
8127 102 113
8127 102 114
8127 102 115
8127 102 116
8127 103 104
8127 103 105
8127 103 106
8127 103 107
8127 103 108
8127 103 109
8127 103 110
8127 103 111
8127 103 112
8127 103 113
8127 103 114
8127 103 115
8428 170 171
8428 170 182
8428 170 183
8428 170 184
8428 170 185
8428 170 186
8428 170 187
8428 170 188
8428 170 189
8428 170 190
8428 170 191
8428 170 192
8428 170 193
8428 171 172
8428 171 180
8428 171 181
8428 171 182
8428 171 183
8428 171 184
8428 171 185
8428 171 186
8428 171 187
8428 171 188
8428 171 189
8428 171 190
8428 171 191
8428 171 192
8428 171 193
8428 172 173
8428 172 178
8428 172 179
8729 69 85
8729 69 86
8729 69 87
8729 69 88
8729 69 89
8729 69 90
8729 69 91
8729 69 92
8729 70 71
8729 70 80
8729 70 81
8729 70 82
8729 70 83
8729 70 84
8729 70 85
8729 70 86
8729 70 87
8729 70 88
8729 70 89
8729 70 90
8729 70 91
8729 70 92
8729 71 72
8729 71 78
8729 71 79
8729 71 80
8729 71 81
8729 71 82
8729 71 83
8729 71 84
8729 71 85
9030 107 111
9030 107 112
9030 107 113
9030 108 109
9030 108 110
9030 108 111
9030 108 112
9030 108 113
9030 109 110
9030 109 111
9030 109 112
9030 110 111
9030 110 112
9030 111 112
9030 112 113
9030 113 114
9030 114 115
9030 115 116
9030 116 117
9030 117 118
9030 118 119
9030 118 137
9030 118 138
9030 118 139
9030 118 140
9030 118 141
9030 118 142
9030 118 143
9030 118 168
9030 118 193
9030 119 120
9331 20 42
9331 21 22
9331 21 27
9331 21 28
9331 21 29
9331 21 30
9331 21 31
9331 21 32
9331 21 33
9331 21 34
9331 21 35
9331 21 36
9331 21 37
9331 21 38
9331 21 39
9331 21 40
9331 21 41
9331 21 42
9331 22 23
9331 22 25
9331 22 26
9331 22 27
9331 22 28
9331 22 29
9331 22 30
9331 22 31
9331 22 32
9331 22 33
9331 22 34
9331 22 35
9331 22 36
9632 47 52
9632 47 53
9632 47 54
9632 47 55
9632 47 56
9632 47 57
9632 47 58
9632 47 59
9632 47 60
9632 47 61
9632 47 62
9632 47 63
9632 47 64
9632 47 65
9632 47 66
9632 47 67
9632 48 49
9632 48 50
9632 48 51
9632 48 52
9632 48 53
9632 48 54
9632 48 55
9632 48 56
9632 48 57
9632 48 58
9632 48 59
9632 48 60
9632 48 61
9632 48 62
9632 48 63
9933 48 64
9933 48 65
9933 48 66
9933 48 67
9933 49 50
9933 49 51
9933 49 52
9933 49 53
9933 49 54
9933 49 55
9933 49 56
9933 49 57
9933 49 58
9933 49 59
9933 49 60
9933 49 61
9933 49 62
9933 49 63
9933 49 64
9933 49 65
9933 49 66
9933 50 51
9933 50 52
9933 50 53
9933 50 54
9933 50 55
9933 50 56
9933 50 57
9933 50 58
9933 50 59
9933 50 60
10234 152 157
10234 152 158
10234 152 159
10234 152 160
10234 152 161
10234 152 162
10234 152 163
10234 152 164
10234 152 165
10234 152 166
10234 153 154
10234 153 155
10234 153 156
10234 153 157
10234 153 158
10234 153 159
10234 153 160
10234 153 161
10234 153 162
10234 153 163
10234 153 164
10234 153 165
10234 154 155
10234 154 156
10234 154 157
10234 154 158
10234 154 159
10234 154 160
10234 154 161
10234 154 162
10234 154 163
10535 119 134
10535 119 135
10535 119 136
10535 119 137
10535 119 138
10535 119 139
10535 119 140
10535 119 141
10535 119 142
10535 119 143
10535 120 121
10535 120 131
10535 120 132
10535 120 133
10535 120 134
10535 120 135
10535 120 136
10535 120 137
10535 120 138
10535 120 139
10535 120 140
10535 120 141
10535 120 142
10535 120 143
10535 121 122
10535 121 129
10535 121 130
10535 121 131
10535 121 132
10535 121 133
10535 121 134
10836 79 87
10836 79 88
10836 79 89
10836 80 81
10836 80 82
10836 80 83
10836 80 84
10836 80 85
10836 80 86
10836 80 87
10836 80 88
10836 80 89
10836 81 82
10836 81 83
10836 81 84
10836 81 85
10836 81 86
10836 81 87
10836 81 88
10836 81 89
10836 82 83
10836 82 84
10836 82 85
10836 82 86
10836 82 87
10836 82 88
10836 83 84
10836 83 85
10836 83 86
10836 83 87
10836 83 88
11137 42 193
11137 43 44
11137 43 60
11137 43 61
11137 43 62
11137 43 63
11137 43 64
11137 43 65
11137 43 66
11137 43 67
11137 43 117
11137 43 118
11137 43 142
11137 43 143
11137 43 167
11137 43 168
11137 43 192
11137 43 193
11137 44 45
11137 44 57
11137 44 58
11137 44 59
11137 44 60
11137 44 61
11137 44 62
11137 44 63
11137 44 64
11137 44 65
11137 44 66
11137 44 67
11137 45 46
11438 146 166
11438 146 167
11438 146 168
11438 147 148
11438 147 152
11438 147 153
11438 147 154
11438 147 155
11438 147 156
11438 147 157
11438 147 158
11438 147 159
11438 147 160
11438 147 161
11438 147 162
11438 147 163
11438 147 164
11438 147 165
11438 147 166
11438 147 167
11438 148 149
11438 148 150
11438 148 151
11438 148 152
11438 148 153
11438 148 154
11438 148 155
11438 148 156
11438 148 157
11438 148 158
11438 148 159
11739 52 63
11739 52 64
11739 52 65
11739 53 54
11739 53 55
11739 53 56
11739 53 57
11739 53 58
11739 53 59
11739 53 60
11739 53 61
11739 53 62
11739 53 63
11739 53 64
11739 53 65
11739 54 55
11739 54 56
11739 54 57
11739 54 58
11739 54 59
11739 54 60
11739 54 61
11739 54 62
11739 54 63
11739 54 64
11739 55 56
11739 55 57
11739 55 58
11739 55 59
11739 55 60
11739 55 61
12040 180 185
12040 180 186
12040 180 187
12040 180 188
12040 180 189
12040 180 190
12040 181 182
12040 181 183
12040 181 184
12040 181 185
12040 181 186
12040 181 187
12040 181 188
12040 181 189
12040 182 183
12040 182 184
12040 182 185
12040 182 186
12040 182 187
12040 182 188
12040 182 189
12040 183 184
12040 183 185
12040 183 186
12040 183 187
12040 183 188
12040 184 185
12040 184 186
12040 184 187
12040 184 188
12040 185 186
12341 144 165
12341 144 166
12341 144 167
12341 144 168
12341 145 146
12341 145 156
12341 145 157
12341 145 158
12341 145 159
12341 145 160
12341 145 161
12341 145 162
12341 145 163
12341 145 164
12341 145 165
12341 145 166
12341 145 167
12341 145 168
12341 146 147
12341 146 154
12341 146 155
12341 146 156
12341 146 157
12341 146 158
12341 146 159
12341 146 160
12341 146 161
12341 146 162
12341 146 163
12341 146 164
12341 146 165
12642 175 188
12642 175 189
12642 175 190
12642 175 191
12642 175 192
12642 176 177
12642 176 178
12642 176 179
12642 176 180
12642 176 181
12642 176 182
12642 176 183
12642 176 184
12642 176 185
12642 176 186
12642 176 187
12642 176 188
12642 176 189
12642 176 190
12642 176 191
12642 177 178
12642 177 179
12642 177 180
12642 177 181
12642 177 182
12642 177 183
12642 177 184
12642 177 185
12642 177 186
12642 177 187
12642 177 188
12943 185 187
12943 186 187
12943 187 188
12943 188 189
12943 189 190
12943 190 191
12943 191 192
12943 192 193
12943 193 194
12943 194 195
12943 195 196
12943 196 197
12943 197 198
12943 198 199
13244 26 32
13244 26 33
13244 26 34
13244 26 35
13244 26 36
13244 26 37
13244 26 38
13244 26 39
13244 26 40
13244 27 28
13244 27 29
13244 27 30
13244 27 31
13244 27 32
13244 27 33
13244 27 34
13244 27 35
13244 27 36
13244 27 37
13244 27 38
13244 27 39
13244 27 40
13244 28 29
13244 28 30
13244 28 31
13244 28 32
13244 28 33
13244 28 34
13244 28 35
13244 28 36
13244 28 37
13545 158 163
13545 159 160
13545 159 161
13545 159 162
13545 159 163
13545 160 161
13545 160 162
13545 161 162
13545 162 163
13545 163 164
13545 164 165
13545 165 166
13545 166 167
13545 167 168
13545 168 169
13545 168 188
13545 168 189
13545 168 190
13545 168 191
13545 168 192
13545 168 193
13545 169 170
13545 169 185
13545 169 186
13545 169 187
13545 169 188
13545 169 189
13545 169 190
13545 169 191
13545 169 192
13545 169 193
13846 99 113
13846 99 114
13846 99 115
13846 99 116
13846 99 117
13846 100 101
13846 100 102
13846 100 103
13846 100 104
13846 100 105
13846 100 106
13846 100 107
13846 100 108
13846 100 109
13846 100 110
13846 100 111
13846 100 112
13846 100 113
13846 100 114
13846 100 115
13846 100 116
13846 101 102
13846 101 103
13846 101 104
13846 101 105
13846 101 106
13846 101 107
13846 101 108
13846 101 109
13846 101 110
13846 101 111
14147 84 85
14147 84 86
14147 84 87
14147 85 86
14147 85 87
14147 86 87
14147 87 88
14147 88 89
14147 89 90
14147 90 91
14147 91 92
14147 92 93
14147 92 117
14147 92 118
14147 92 142
14147 92 143
14147 92 167
14147 92 168
14147 92 192
14147 92 193
14147 93 94
14147 93 111
14147 93 112
14147 93 113
14147 93 114
14147 93 115
14147 93 116
14147 93 117
14147 93 118
14147 93 143
14147 93 168
14448 98 100
14448 98 101
14448 98 102
14448 98 103
14448 98 104
14448 98 105
14448 98 106
14448 98 107
14448 98 108
14448 98 109
14448 98 110
14448 98 111
14448 98 112
14448 98 113
14448 98 114
14448 98 115
14448 98 116
14448 98 117
14448 99 100
14448 99 101
14448 99 102
14448 99 103
14448 99 104
14448 99 105
14448 99 106
14448 99 107
14448 99 108
14448 99 109
14448 99 110
14448 99 111
14448 99 112
14749 173 192
14749 174 175
14749 174 176
14749 174 177
14749 174 178
14749 174 179
14749 174 180
14749 174 181
14749 174 182
14749 174 183
14749 174 184
14749 174 185
14749 174 186
14749 174 187
14749 174 188
14749 174 189
14749 174 190
14749 174 191
14749 174 192
14749 175 176
14749 175 177
14749 175 178
14749 175 179
14749 175 180
14749 175 181
14749 175 182
14749 175 183
14749 175 184
14749 175 185
14749 175 186
14749 175 187
15050 0 1
15050 0 2
15050 0 3
15050 0 4
15050 0 5
15050 0 6
15050 0 7
15050 0 8
15050 0 9
15050 0 10
15050 0 11
15050 0 12
15050 0 13
15050 0 14
15050 0 15
15050 0 16
15050 1 2
15050 1 3
15050 1 4
15050 1 5
15050 1 6
15050 1 7
15050 1 8
15050 1 9
15050 1 10
15050 1 11
15050 1 12
15050 1 13
15050 1 14
15050 1 15
15050 2 3
15351 50 61
15351 50 62
15351 50 63
15351 50 64
15351 50 65
15351 50 66
15351 51 52
15351 51 53
15351 51 54
15351 51 55
15351 51 56
15351 51 57
15351 51 58
15351 51 59
15351 51 60
15351 51 61
15351 51 62
15351 51 63
15351 51 64
15351 51 65
15351 51 66
15351 52 53
15351 52 54
15351 52 55
15351 52 56
15351 52 57
15351 52 58
15351 52 59
15351 52 60
15351 52 61
15351 52 62
15652 125 126
15652 125 127
15652 125 128
15652 125 129
15652 125 130
15652 125 131
15652 125 132
15652 125 133
15652 125 134
15652 125 135
15652 125 136
15652 125 137
15652 125 138
15652 125 139
15652 125 140
15652 125 141
15652 126 127
15652 126 128
15652 126 129
15652 126 130
15652 126 131
15652 126 132
15652 126 133
15652 126 134
15652 126 135
15652 126 136
15652 126 137
15652 126 138
15652 126 139
15652 126 140
15652 126 141
15953 28 38
15953 28 39
15953 28 40
15953 29 30
15953 29 31
15953 29 32
15953 29 33
15953 29 34
15953 29 35
15953 29 36
15953 29 37
15953 29 38
15953 29 39
15953 30 31
15953 30 32
15953 30 33
15953 30 34
15953 30 35
15953 30 36
15953 30 37
15953 30 38
15953 30 39
15953 31 32
15953 31 33
15953 31 34
15953 31 35
15953 31 36
15953 31 37
15953 31 38
15953 32 33
15953 32 34
0 172 188
0 172 189
1.5 19 38
1.5 19 39
3.0 121 129
3.0 121 130
4.5 171 181
4.5 171 182
6.0 133 135
6.0 133 136
7.5 107 109
7.5 107 110
9.0 59 61
9.0 59 62
10.5 148 150
10.5 148 151
12.0 25 41
12.0 26 27
13.5 77 82
13.5 77 83
15.0 173 191
15.0 173 192
16.5 128 138
16.5 128 139
18.0 150 155
18.0 150 156
19.5 148 152
19.5 148 153
21.0 69 84
21.0 69 85
22.5 54 64
22.5 55 56
24.0 108 112
24.0 108 113
25.5 28 35
25.5 28 36
27.0 50 56
27.0 50 57
28.5 103 113
28.5 103 114
30.0 151 165
30.0 151 166
31.5 55 57
31.5 55 58
33.0 71 80
33.0 71 81
34.5 8 11
34.5 8 12
36.0 156 162
36.0 156 163
37.5 172 184
37.5 172 185
39.0 52 55
39.0 52 56
40.5 124 137
40.5 124 138
42.0 170 186
42.0 170 187
43.5 4 5
43.5 4 6
45.0 125 134
45.0 125 135
46.5 170 182
46.5 170 183
48.0 109 110
48.0 109 111
49.5 147 161
49.5 147 162
51.0 176 182
51.0 176 183
52.5 17 92
52.5 17 117
54.0 73 75
54.0 73 76
55.5 102 114
55.5 102 115
57.0 177 180
57.0 177 181
58.5 53 63
58.5 53 64
60.0 99 104
60.0 99 105
61.5 94 109
61.5 94 110
63.0 26 32
63.0 26 33
64.5 79 87
64.5 79 88
66.0 124 127
66.0 124 128
67.5 48 52
67.5 48 53
69.0 43 63
69.0 43 64
70.5 20 37
70.5 20 38
72.0 151 155
72.0 151 156
73.5 68 89
73.5 68 90
75.0 74 81
75.0 74 82
76.5 21 40
76.5 21 41
78.0 148 156
78.0 148 157
79.5 174 185
79.5 174 186
81.0 81 88
81.0 81 89
82.5 171 191
82.5 171 192
84.0 118 140
84.0 118 141
85.5 80 88
85.5 80 89
87.0 10 11
87.0 11 12
88.5 122 142
88.5 123 124
90.0 45 59
90.0 45 60
91.5 28 39
91.5 28 40
93.0 150 167
93.0 151 152
94.5 50 62
94.5 50 63
96.0 120 137
96.0 120 138
97.5 93 143
97.5 93 168
99.0 0 13
99.0 0 14
100.5 44 59
100.5 44 60
102.0 49 58
102.0 49 59
103.5 120 135
103.5 120 136
105.0 70 90
105.0 70 91
106.5 125 130
106.5 125 131
108.0 178 183
108.0 178 184
109.5 175 184
109.5 175 185
111.0 76 88
111.0 76 89
112.5 177 188
112.5 177 189
114.0 125 138
114.0 125 139
115.5 50 66
115.5 51 52
117.0 83 88
117.0 84 85
118.5 75 77
118.5 75 78
120.0 5 10
120.0 5 11
121.5 70 86
121.5 70 87
123.0 49 56
123.0 49 57
124.5 73 79
124.5 73 80
126.0 129 137
126.0 129 138
127.5 40 41
127.5 41 42
129.0 68 85
129.0 68 86
130.5 57 63
130.5 58 59
132.0 79 83
132.0 79 84
133.5 100 101
133.5 100 102
135.0 27 33
135.0 27 34
136.5 4 13
136.5 4 14
138.0 99 112
138.0 99 113
139.5 43 118
139.5 43 142
141.0 43 44
141.0 43 60
142.5 66 67
142.5 67 68
144.0 168 193
144.0 169 170
145.5 176 184
145.5 176 185
147.0 169 185
147.0 169 186
148.5 123 137
148.5 123 138
150.0 46 55
150.0 46 56
151.5 18 193
151.5 19 20
153.0 97 101
153.0 97 102
154.5 23 40
154.5 23 41
156.0 53 55
156.0 53 56
157.5 75 85
157.5 75 86
159.0 96 105
159.0 96 106
160.5 171 187
160.5 171 188
162.0 22 35
162.0 22 36
163.5 160 162
163.5 161 162
165.0 98 114
165.0 98 115
166.5 29 34
166.5 29 35
168.0 176 186
168.0 176 187
169.5 145 157
169.5 145 158
171.0 45 63
171.0 45 64
172.5 82 87
172.5 82 88
174.0 105 106
174.0 105 107
175.5 46 53
175.5 46 54
177.0 126 139
177.0 126 140
178.5 154 155
178.5 154 156
180.0 43 143
180.0 43 167
181.5 149 152
181.5 149 153
183.0 146 157
183.0 146 158
184.5 152 153
184.5 152 154
186.0 127 133
186.0 127 134
187.5 174 177
187.5 174 178
189.0 2 5
189.0 2 6
190.5 96 103
190.5 96 104
192.0 104 108
192.0 104 109
193.5 151 153
193.5 151 154
195.0 120 141
195.0 120 142
196.5 55 59
196.5 55 60
198.0 146 159
198.0 146 160
199.5 103 105
199.5 103 106
201.0 190 191
201.0 191 192
202.5 51 61
202.5 51 62
204.0 109 112
204.0 110 111
205.5 94 113
205.5 94 114
207.0 45 67
207.0 46 47
208.5 31 37
208.5 31 38
210.0 46 61
210.0 46 62
211.5 22 39
211.5 22 40
213.0 125 128
213.0 125 129
214.5 18 34
214.5 18 35
216.0 53 59
216.0 53 60
217.5 81 84
217.5 81 85
219.0 181 188
219.0 181 189
220.5 169 193
220.5 170 171
222.0 95 111
222.0 95 112
223.5 129 133
223.5 129 134
225.0 48 64
225.0 48 65
226.5 128 136
226.5 128 137
228.0 29 32
228.0 29 33
229.5 48 66
229.5 48 67
231.0 126 133
231.0 126 134
232.5 25 31
232.5 25 32
234.0 76 82
234.0 76 83
235.5 31 35
235.5 31 36
237.0 96 107
237.0 96 108
238.5 126 141
238.5 127 128
240.0 100 113
240.0 100 114
241.5 171 183
241.5 171 184
243.0 147 163
243.0 147 164
244.5 67 92
244.5 67 117
246.0 70 80
246.0 70 81
247.5 69 70
247.5 69 83
249.0 6 13
249.0 7 8
250.5 46 57
250.5 46 58
252.0 42 117
252.0 42 118
253.5 99 116
253.5 99 117
255.0 45 65
255.0 45 66
256.5 47 55
256.5 47 56
258.0 23 32
258.0 23 33
259.5 51 55
259.5 51 56
261.0 21 30
261.0 21 31
262.5 1 10
262.5 1 11
264.0 21 38
264.0 21 39
265.5 70 92
265.5 71 72
267.0 171 193
267.0 172 173
268.5 143 144
268.5 143 162
270.0 33 34
270.0 33 35
271.5 93 113
271.5 93 114
273.0 181 186
273.0 181 187
274.5 148 166
274.5 148 167
276.0 74 79
276.0 74 80
277.5 78 88
277.5 78 89
279.0 153 156
279.0 153 157
280.5 5 12
280.5 5 13
282.0 46 59
282.0 46 60
283.5 76 78
283.5 76 79
285.0 181 182
285.0 181 183
286.5 105 112
286.5 105 113
288.0 179 187
288.0 179 188
289.5 145 146
289.5 145 156
291.0 43 61
291.0 43 62
292.5 4 11
292.5 4 12
294.0 94 115
294.0 94 116
295.5 172 192
295.5 172 193
297.0 21 22
297.0 21 27
298.5 27 35
298.5 27 36
300.0 22 25
300.0 22 26
301.5 126 135
301.5 126 136
303.0 51 65
303.0 51 66
304.5 172 180
304.5 172 181
306.0 55 63
306.0 55 64
307.5 69 92
307.5 70 71
309.0 120 133
309.0 120 134
310.5 98 112
310.5 98 113
312.0 122 140
312.0 122 141
313.5 152 157
313.5 152 158
315.0 43 67
315.0 43 117
316.5 182 187
316.5 182 188
318.0 73 87
318.0 73 88
319.5 154 165
319.5 155 156
321.0 194 195
321.0 195 196
322.5 158 159
322.5 158 160
324.0 3 5
324.0 3 6
325.5 36 37
325.5 37 38
327.0 67 193
327.0 68 69
328.5 152 159
328.5 152 160
330.0 114 115
330.0 115 116
331.5 144 159
331.5 144 160
333.0 144 165
333.0 144 166
334.5 25 39
334.5 25 40
336.0 106 114
336.0 107 108
337.5 123 139
337.5 123 140
339.0 166 167
339.0 167 168
340.5 0 15
340.5 0 16
342.0 102 106
342.0 102 107
343.5 162 163
343.5 163 164
345.0 106 108
345.0 106 109
346.5 43 193
346.5 44 45
348.0 143 193
348.0 144 145
349.5 0 3
349.5 0 4
351.0 128 140
351.0 129 130
352.5 44 63
352.5 44 64
354.0 151 159
354.0 151 160
355.5 23 36
355.5 23 37
357.0 125 140
357.0 125 141
358.5 71 84
358.5 71 85
360.0 70 88
360.0 70 89
361.5 68 192
361.5 68 193
363.0 17 193
363.0 18 19
364.5 64 65
364.5 65 66
366.0 137 138
366.0 138 139
367.5 100 111
367.5 100 112
369.0 107 113
369.0 108 109
370.5 5 8
370.5 5 9
372.0 26 36
372.0 26 37
373.5 131 137
373.5 131 138
375.0 18 40
375.0 18 41
376.5 72 84
376.5 72 85
378.0 177 186
378.0 177 187
379.5 150 161
379.5 150 162
381.0 147 165
381.0 147 166
382.5 164 165
382.5 165 166
384.0 124 125
384.0 124 126
385.5 99 102
385.5 99 103
387.0 126 129
387.0 126 130
388.5 149 156
388.5 149 157
390.0 98 116
390.0 98 117
391.5 2 13
391.5 2 14
393.0 49 52
393.0 49 53
394.5 70 82
394.5 70 83
396.0 150 151
396.0 150 152
397.5 14 15
397.5 15 16
399.0 69 86
399.0 69 87
400.5 127 135
400.5 127 136
402.0 126 137
402.0 126 138
403.5 92 168
403.5 92 192
405.0 141 142
405.0 142 143
406.5 98 108
406.5 98 109
408.0 42 167
408.0 42 168
409.5 72 92
409.5 73 74
411.0 77 88
411.0 77 89
412.5 119 139
412.5 119 140
414.0 145 163
414.0 145 164
415.5 152 155
415.5 152 156
417.0 71 88
417.0 71 89
418.5 25 29
418.5 25 30
420.0 3 9
420.0 3 10
421.5 97 109
421.5 97 110
423.0 83 86
423.0 83 87
424.5 19 32
424.5 19 33
426.0 146 165
426.0 146 166
427.5 20 39
427.5 20 40
429.0 95 96
429.0 95 106
430.5 62 63
430.5 63 64
432.0 58 60
432.0 58 61
433.5 81 82
433.5 81 83
435.0 151 163
435.0 151 164
436.5 47 53
436.5 47 54
438.0 95 115
438.0 95 116
439.5 19 40
439.5 19 41
441.0 168 191
441.0 168 192
442.5 23 26
442.5 23 27
444.0 172 182
444.0 172 183
445.5 129 131
445.5 129 132
447.0 196 197
447.0 197 198
448.5 23 24
448.5 23 25
450.0 58 62
450.0 59 60
451.5 49 60
451.5 49 61
453.0 121 131
453.0 121 132
454.5 179 189
454.5 179 190
456.0 31 33
456.0 31 34
457.5 177 182
457.5 177 183
459.0 122 136
459.0 122 137
460.5 181 184
460.5 181 185
462.0 133 137
462.0 133 138
463.5 24 35
463.5 24 36
465.0 72 78
465.0 72 79
466.5 2 15
466.5 3 4
468.0 42 192
468.0 42 193
469.5 153 154
469.5 153 155
471.0 20 31
471.0 20 32
472.5 90 91
472.5 91 92
474.0 121 139
474.0 121 140
475.5 24 25
475.5 24 26
477.0 97 113
477.0 97 114
478.5 155 159
478.5 155 160
480.0 178 191
480.0 179 180
481.5 22 33
481.5 22 34
483.0 132 134
483.0 132 135
484.5 50 52
484.5 50 53
486.0 54 62
486.0 54 63
487.5 82 85
487.5 82 86
489.0 168 169
489.0 168 188
490.5 119 137
490.5 119 138
492.0 177 178
492.0 177 179
493.5 74 89
493.5 74 90
495.0 101 114
495.0 101 115
496.5 104 112
496.5 104 113
498.0 101 116
498.0 102 103
499.5 93 111
499.5 93 112
501.0 80 82
501.0 80 83
502.5 46 65
502.5 46 66
504.0 144 163
504.0 144 164
505.5 123 141
505.5 123 142
507.0 118 138
507.0 118 139
508.5 54 58
508.5 54 59
510.0 27 37
510.0 27 38
511.5 159 161
511.5 159 162
513.0 67 143
513.0 67 167
514.5 50 58
514.5 50 59
516.0 51 53
516.0 51 54
517.5 24 33
517.5 24 34
519.0 156 158
519.0 156 159
520.5 97 103
520.5 97 104
522.0 173 187
522.0 173 188
523.5 51 57
523.5 51 58
525.0 154 157
525.0 154 158
526.5 69 88
526.5 69 89
528.0 132 138
528.0 133 134
529.5 105 108
529.5 105 109
531.0 174 179
531.0 174 180
532.5 176 180
532.5 176 181
534.0 50 54
534.0 50 55
535.5 24 29
535.5 24 30
537.0 53 61
537.0 53 62
538.5 19 42
538.5 20 21
540.0 130 133
540.0 130 134
541.5 154 159
541.5 154 160
543.0 93 192
543.0 93 193
544.5 128 130
544.5 128 131
546.0 127 131
546.0 127 132
547.5 74 77
547.5 74 78
549.0 29 30
549.0 29 31
550.5 95 107
550.5 95 108
552.0 175 186
552.0 175 187
553.5 149 160
553.5 149 161
555.0 97 107
555.0 97 108
556.5 147 148
556.5 147 152
558.0 80 84
558.0 80 85
559.5 25 35
559.5 25 36
561.0 103 107
561.0 103 108
562.5 32 33
562.5 32 34
564.0 127 141
564.0 128 129
565.5 22 27
565.5 22 28
567.0 179 185
567.0 179 186
568.5 143 165
568.5 143 166
570.0 28 31
570.0 28 32
571.5 17 40
571.5 17 41
573.0 170 192
573.0 170 193
574.5 25 27
574.5 25 28
576.0 143 163
576.0 143 164
577.5 30 33
577.5 30 34
579.0 153 164
579.0 153 165
580.5 131 135
580.5 131 136
582.0 51 63
582.0 51 64
583.5 52 57
583.5 52 58
585.0 139 140
585.0 140 141
586.5 23 28
586.5 23 29
588.0 48 60
588.0 48 61
589.5 32 35
589.5 32 36
591.0 42 67
591.0 42 92
592.5 145 161
592.5 145 162
594.0 173 185
594.0 173 186
595.5 21 36
595.5 21 37
597.0 104 110
597.0 104 111
598.5 180 181
598.5 180 182
600.0 101 106
600.0 101 107
601.5 18 42
601.5 18 142
603.0 30 31
603.0 30 32
604.5 125 126
604.5 125 127
606.0 93 115
606.0 93 116
607.5 118 142
607.5 118 143
609.0 182 183
609.0 182 184
610.5 52 65
610.5 53 54
612.0 18 38
612.0 18 39
613.5 98 106
613.5 98 107
615.0 0 7
615.0 0 8
616.5 130 131
616.5 130 132
618.0 96 117
618.0 97 98
619.5 122 123
619.5 122 127
621.0 86 87
621.0 87 88
622.5 42 43
622.5 42 64
624.0 148 158
624.0 148 159
625.5 147 155
625.5 147 156
627.0 28 37
627.0 28 38
628.5 25 37
628.5 25 38
630.0 38 39
630.0 39 40
631.5 48 50
631.5 48 51
633.0 145 167
633.0 145 168
634.5 1 8
634.5 1 9
636.0 128 132
636.0 128 133
637.5 56 59
637.5 56 60
639.0 122 138
639.0 122 139
640.5 4 7
640.5 4 8
642.0 27 29
642.0 27 30
643.5 67 90
643.5 67 91
645.0 72 82
645.0 72 83
646.5 1 6
646.5 1 7
648.0 21 32
648.0 21 33
649.5 95 113
649.5 95 114
651.0 146 161
651.0 146 162
652.5 99 100
652.5 99 101
654.0 43 168
654.0 43 192
655.5 71 78
655.5 71 79
657.0 98 102
657.0 98 103
658.5 173 177
658.5 173 178
660.0 24 31
660.0 24 32
661.5 185 186
661.5 185 187
663.0 99 108
663.0 99 109
664.5 99 114
664.5 99 115
666.0 154 161
666.0 154 162
667.5 179 181
667.5 179 182
669.0 99 110
669.0 99 111
670.5 131 139
670.5 132 133
672.0 24 37
672.0 24 38
673.5 127 137
673.5 127 138
675.0 1 14
675.0 1 15
676.5 48 58
676.5 48 59
678.0 104 114
678.0 104 115
679.5 73 83
679.5 73 84
681.0 34 37
681.0 35 36
682.5 184 185
682.5 184 186
684.0 3 13
684.0 3 14
685.5 172 190
685.5 172 191
687.0 158 161
687.0 158 162
688.5 44 65
688.5 44 66
690.0 143 167
690.0 143 168
691.5 23 30
691.5 23 31
693.0 173 179
693.0 173 180
694.5 147 153
694.5 147 154
696.0 3 11
696.0 3 12
697.5 123 133
697.5 123 134
699.0 4 9
699.0 4 10
700.5 100 109
700.5 100 110
702.0 85 86
702.0 85 87
703.5 49 62
703.5 49 63
705.0 73 81
705.0 73 82
706.5 157 161
706.5 157 162
708.0 17 38
708.0 17 39
709.5 152 165
709.5 152 166
711.0 98 110
711.0 98 111
712.5 6 11
712.5 6 12
714.0 74 83
714.0 74 84
715.5 119 120
715.5 119 134
717.0 175 182
717.0 175 183
718.5 52 63
718.5 52 64
720.0 175 188
720.0 175 189
721.5 175 176
721.5 175 177
723.0 144 167
723.0 144 168
724.5 178 179
724.5 178 180
726.0 150 157
726.0 150 158
727.5 75 81
727.5 75 82
729.0 132 136
729.0 132 137
730.5 71 90
730.5 71 91
732.0 34 35
732.0 34 36
733.5 6 9
733.5 6 10
735.0 19 34
735.0 19 35
736.5 47 59
736.5 47 60
738.0 169 187
738.0 169 188
739.5 106 110
739.5 106 111
741.0 157 163
741.0 157 164
742.5 49 64
742.5 49 65
744.0 76 86
744.0 76 87
745.5 104 106
745.5 104 107
747.0 27 31
747.0 27 32
748.5 68 117
748.5 68 118
750.0 97 117
750.0 98 99
751.5 30 35
751.5 30 36
753.0 147 159
753.0 147 160
754.5 103 111
754.5 103 112
756.0 70 84
756.0 70 85
757.5 174 183
757.5 174 184
759.0 43 65
759.0 43 66
760.5 49 66
760.5 50 51
762.0 118 168
762.0 118 193
763.5 30 37
763.5 30 38
765.0 48 54
765.0 48 55
766.5 101 108
766.5 101 109
768.0 23 34
768.0 23 35
769.5 186 187
769.5 187 188
771.0 157 159
771.0 157 160
772.5 74 75
772.5 74 76
774.0 105 110
774.0 105 111
775.5 178 181
775.5 178 182
777.0 3 7
777.0 3 8
778.5 130 139
778.5 131 132
780.0 24 41
780.0 25 26
781.5 170 184
781.5 170 185
783.0 71 82
783.0 71 83
784.5 176 190
784.5 176 191
786.0 198 199
787.5 154 163
787.5 154 164
789.0 192 193
789.0 193 194
790.5 78 84
790.5 78 85
792.0 174 181
792.0 174 182
793.5 171 185
793.5 171 186
795.0 155 157
795.0 155 158
796.5 18 168
796.5 18 192
798.0 120 131
798.0 120 132
799.5 156 160
799.5 156 161
801.0 49 50
801.0 49 51
802.5 168 189
802.5 168 190
804.0 101 102
804.0 101 103
805.5 18 36
805.5 18 37
807.0 0 5
807.0 0 6
808.5 47 65
808.5 47 66
810.0 103 109
810.0 103 110
811.5 126 131
811.5 126 132
813.0 88 89
813.0 89 90
814.5 116 117
814.5 117 118
816.0 60 61
816.0 61 62
817.5 75 91
817.5 76 77
819.0 24 27
819.0 24 28
820.5 123 127
820.5 123 128
822.0 146 167
822.0 146 168
823.5 46 63
823.5 46 64
825.0 2 7
825.0 2 8
826.5 155 165
826.5 156 157
828.0 151 157
828.0 151 158
829.5 67 118
829.5 67 142
831.0 76 84
831.0 76 85
832.5 183 185
832.5 183 186
834.0 177 184
834.0 177 185
835.5 122 128
835.5 122 129
837.0 77 84
837.0 77 85
838.5 45 57
838.5 45 58
840.0 47 63
840.0 47 64
841.5 42 65
841.5 42 66
843.0 126 127
843.0 126 128
844.5 172 186
844.5 172 187
846.0 57 59
846.0 57 60
847.5 173 189
847.5 173 190
849.0 68 91
849.0 68 92
850.5 177 190
850.5 177 191
852.0 53 57
852.0 53 58
853.5 119 135
853.5 119 136
855.0 6 7
855.0 6 8
856.5 92 118
856.5 92 142
858.0 69 90
858.0 69 91
859.5 2 11
859.5 2 12
861.0 71 86
861.0 71 87
862.5 124 133
862.5 124 134
864.0 56 61
864.0 56 62
865.5 24 39
865.5 24 40
867.0 127 139
867.0 127 140
868.5 68 167
868.5 68 168
870.0 171 172
870.0 171 180
871.5 45 61
871.5 45 62
873.0 52 61
873.0 52 62
874.5 0 11
874.5 0 12
876.0 125 136
876.0 125 137
877.5 130 135
877.5 130 136
879.0 29 38
879.0 29 39
880.5 102 110
880.5 102 111
882.0 47 57
882.0 47 58
883.5 169 191
883.5 169 192
885.0 173 174
885.0 173 176
886.5 92 193
886.5 93 94
888.0 72 80
888.0 72 81
889.5 97 115
889.5 97 116
891.0 146 163
891.0 146 164
892.5 122 130
892.5 122 131
894.0 77 90
894.0 78 79
895.5 175 190
895.5 175 191
897.0 174 187
897.0 174 188
898.5 26 38
898.5 26 39
900.0 125 132
900.0 125 133
901.5 149 162
901.5 149 163
903.0 156 164
903.0 157 158
904.5 72 76
904.5 72 77
906.0 96 115
906.0 96 116
907.5 73 91
907.5 73 92
909.0 124 131
909.0 124 132
910.5 94 95
910.5 94 108
912.0 102 116
912.0 103 104
913.5 78 90
913.5 79 80
915.0 144 161
915.0 144 162
916.5 155 161
916.5 155 162
918.0 8 9
918.0 8 10
919.5 84 86
919.5 84 87
921.0 25 33
921.0 25 34
922.5 106 112
922.5 106 113
924.0 57 61
924.0 57 62
925.5 73 77
925.5 73 78
927.0 146 147
927.0 146 154
928.5 0 1
928.5 0 2
930.0 1 4
930.0 1 5
931.5 17 168
931.5 17 192
933.0 149 158
933.0 149 159
934.5 176 178
934.5 176 179
936.0 100 107
936.0 100 108
937.5 130 137
937.5 130 138
939.0 175 180
939.0 175 181
940.5 72 86
940.5 72 87
942.0 83 84
942.0 83 85
943.5 124 139
943.5 124 140
945.0 184 187
945.0 184 188
946.5 98 100
946.5 98 101
948.0 2 9
948.0 2 10
949.5 148 160
949.5 148 161
951.0 178 187
951.0 178 188
952.5 45 55
952.5 45 56
954.0 21 42
954.0 22 23
955.5 149 166
955.5 149 167
957.0 112 113
957.0 113 114
958.5 12 13
958.5 13 14
960.0 42 142
960.0 42 143
961.5 169 189
961.5 169 190
963.0 49 54
963.0 49 55
964.5 98 104
964.5 98 105
966.0 152 163
966.0 152 164
967.5 182 189
967.5 183 184
969.0 152 161
969.0 152 162
970.5 179 183
970.5 179 184
972.0 54 60
972.0 54 61
973.5 28 33
973.5 28 34
975.0 73 89
975.0 73 90
976.5 80 86
976.5 80 87
978.0 100 105
978.0 100 106
979.5 33 36
979.5 33 37
981.0 44 57
981.0 44 58
982.5 120 139
982.5 120 140
984.0 5 6
984.0 5 7
985.5 30 39
985.5 31 32
987.0 55 61
987.0 55 62
988.5 23 38
988.5 23 39
990.0 75 89
990.0 75 90
991.5 124 129
991.5 124 130
993.0 123 125
993.0 123 126
994.5 76 80
994.5 76 81
996.0 119 143
996.0 120 121
997.5 178 185
997.5 178 186
999.0 48 56
999.0 48 57
1000.5 101 112
1000.5 101 113
1002.0 47 61
1002.0 47 62
1003.5 150 153
1003.5 150 154
1005.0 188 189
1005.0 189 190
1006.5 123 129
1006.5 123 130
1008.0 53 65
1008.0 54 55
1009.5 95 109
1009.5 95 110
1011.0 73 85
1011.0 73 86
1012.5 148 154
1012.5 148 155
1014.0 128 134
1014.0 128 135
1015.5 75 87
1015.5 75 88
1017.0 97 105
1017.0 97 106
1018.5 155 163
1018.5 155 164
1020.0 183 187
1020.0 183 188
1021.5 134 137
1021.5 135 136
1023.0 96 111
1023.0 96 112
1024.5 102 108
1024.5 102 109
1026.0 145 165
1026.0 145 166
1027.5 100 115
1027.5 100 116
1029.0 79 89
1029.0 80 81
1030.5 16 17
1030.5 17 18
1032.0 180 183
1032.0 180 184
1033.5 118 119
1033.5 118 137
1035.0 129 135
1035.0 129 136
1036.5 171 189
1036.5 171 190
1038.0 21 34
1038.0 21 35
1039.5 76 90
1039.5 76 91
1041.0 22 41
1041.0 22 42
1042.5 99 106
1042.5 99 107
1044.0 19 36
1044.0 19 37
1045.5 135 137
1045.5 136 137
1047.0 122 132
1047.0 122 133
1048.5 96 113
1048.5 96 114
1050.0 81 86
1050.0 81 87
1051.5 47 51
1051.5 47 52
1053.0 77 80
1053.0 77 81
1054.5 150 165
1054.5 150 166
1056.0 26 40
1056.0 27 28
1057.5 29 36
1057.5 29 37
1059.0 93 117
1059.0 93 118
1060.5 47 67
1060.5 48 49
1062.0 68 87
1062.0 68 88
1063.5 108 110
1063.5 108 111
1065.0 56 63
1065.0 57 58
1066.5 22 31
1066.5 22 32
1068.0 7 11
1068.0 7 12
1069.5 175 178
1069.5 175 179
1071.0 74 85
1071.0 74 86
1072.5 95 117
1072.5 96 97
1074.0 50 64
1074.0 50 65
1075.5 78 86
1075.5 78 87
1077.0 17 118
1077.0 17 142
1078.5 153 160
1078.5 153 161
1080.0 52 53
1080.0 52 54
1081.5 21 28
1081.5 21 29
1083.0 17 42
1083.0 17 67
1084.5 121 133
1084.5 121 134
1086.0 172 178
1086.0 172 179
1087.5 74 87
1087.5 74 88
1089.0 74 91
1089.0 75 76
1090.5 119 141
1090.5 119 142
1092.0 122 134
1092.0 122 135
1093.5 147 157
1093.5 147 158
1095.0 151 161
1095.0 151 162
1096.5 158 163
1096.5 159 160
1098.0 124 141
1098.0 124 142
1099.5 71 92
1099.5 72 73
1101.0 124 135
1101.0 124 136
1102.5 50 60
1102.5 50 61
1104.0 173 181
1104.0 173 182
1105.5 129 139
1105.5 129 140
1107.0 44 67
1107.0 45 46
1108.5 182 185
1108.5 182 186
1110.0 18 143
1110.0 18 167
1111.5 103 115
1111.5 104 105
1113.0 170 188
1113.0 170 189
1114.5 145 159
1114.5 145 160
1116.0 120 143
1116.0 121 122
1117.5 149 164
1117.5 149 165
1119.0 131 133
1119.0 131 134
1120.5 52 59
1120.5 52 60
1122.0 27 39
1122.0 27 40
1123.5 149 150
1123.5 149 151
1125.0 101 104
1125.0 101 105
1126.5 77 86
1126.5 77 87
1128.0 68 142
1128.0 68 143
1129.5 44 61
1129.5 44 62
1131.0 78 82
1131.0 78 83
1132.5 174 189
1132.5 174 190
1134.0 174 191
1134.0 174 192
1135.5 0 9
1135.5 0 10
1137.0 147 167
1137.0 148 149
1138.5 9 10
1138.5 9 11
1140.0 102 112
1140.0 102 113
1141.5 102 104
1141.5 102 105
1143.0 159 163
1143.0 160 161
1144.5 28 29
1144.5 28 30
1146.0 97 111
1146.0 97 112
1147.5 149 154
1147.5 149 155
1149.0 175 192
1149.0 176 177
1150.5 180 185
1150.5 180 186
1152.0 20 29
1152.0 20 30
1153.5 146 155
1153.5 146 156
1155.0 101 110
1155.0 101 111
1156.5 176 188
1156.5 176 189
1158.0 2 3
1158.0 2 4
1159.5 92 93
1159.5 92 117
1161.0 48 62
1161.0 48 63
1162.5 20 35
1162.5 20 36
1164.0 150 159
1164.0 150 160
1165.5 180 189
1165.5 180 190
1167.0 174 175
1167.0 174 176
1168.5 134 135
1168.5 134 136
1170.0 94 111
1170.0 94 112
1171.5 178 189
1171.5 178 190
1173.0 22 37
1173.0 22 38
1174.5 121 141
1174.5 121 142
1176.0 67 168
1176.0 67 192
1177.5 123 131
1177.5 123 132
1179.0 72 90
1179.0 72 91
1180.5 148 162
1180.5 148 163
1182.0 22 29
1182.0 22 30
1183.5 150 163
1183.5 150 164
1185.0 75 79
1185.0 75 80
1186.5 148 164
1186.5 148 165
1188.0 82 83
1188.0 82 84
1189.5 94 117
1189.5 94 118
1191.0 173 183
1191.0 173 184
1192.5 1 12
1192.5 1 13
1194.0 100 103
1194.0 100 104
1195.5 20 41
1195.5 20 42
1197.0 180 187
1197.0 180 188
1198.5 153 162
1198.5 153 163
1200.0 153 158
1200.0 153 159
1201.5 46 67
1201.5 47 48
1203.0 123 135
1203.0 123 136
1204.5 127 129
1204.5 127 130
1206.0 26 28
1206.0 26 29
1207.5 78 80
1207.5 78 81
1209.0 75 83
1209.0 75 84
1210.5 17 143
1210.5 17 167
1212.0 92 143
1212.0 92 167
1213.5 51 59
1213.5 51 60
1215.0 77 78
1215.0 77 79
1216.5 121 137
1216.5 121 138
1218.0 79 85
1218.0 79 86
1219.5 96 109
1219.5 96 110
1221.0 110 112
1221.0 111 112
1222.5 7 9
1222.5 7 10
1224.0 105 114
1224.0 106 107
1225.5 54 56
1225.5 54 57
1227.0 20 33
1227.0 20 34
1228.5 1 2
1228.5 1 3
1230.0 107 111
1230.0 107 112
1231.5 170 190
1231.5 170 191
1233.0 32 37
1233.0 32 38
1234.5 26 30
1234.5 26 31
1236.0 79 81
1236.0 79 82
1237.5 72 88
1237.5 72 89
1239.0 121 135
1239.0 121 136
1240.5 26 34
1240.5 26 35
1242.0 56 57
1242.0 56 58
