0 127 128
0 127 129
0 127 130
0 127 131
0 127 132
0 127 133
0 127 134
0 127 135
0 127 136
0 127 137
0 127 138
0 127 139
0 127 140
0 127 141
0 128 129
0 128 130
0 128 131
0 128 132
0 128 133
0 128 134
0 128 135
0 128 136
0 128 137
0 128 138
0 128 139
0 128 140
0 129 130
0 129 131
0 129 132
0 129 133
0 129 134
301 144 165
301 144 166
301 144 167
301 144 168
301 145 146
301 145 156
301 145 157
301 145 158
301 145 159
301 145 160
301 145 161
301 145 162
301 145 163
301 145 164
301 145 165
301 145 166
301 145 167
301 145 168
301 146 147
301 146 154
301 146 155
301 146 156
301 146 157
301 146 158
301 146 159
301 146 160
301 146 161
301 146 162
301 146 163
301 146 164
301 146 165
602 129 135
602 129 136
602 129 137
602 129 138
602 129 139
602 129 140
602 130 131
602 130 132
602 130 133
602 130 134
602 130 135
602 130 136
602 130 137
602 130 138
602 130 139
602 131 132
602 131 133
602 131 134
602 131 135
602 131 136
602 131 137
602 131 138
602 131 139
602 132 133
602 132 134
602 132 135
602 132 136
602 132 137
602 132 138
602 133 134
602 133 135
903 173 192
903 174 175
903 174 176
903 174 177
903 174 178
903 174 179
903 174 180
903 174 181
903 174 182
903 174 183
903 174 184
903 174 185
903 174 186
903 174 187
903 174 188
903 174 189
903 174 190
903 174 191
903 174 192
903 175 176
903 175 177
903 175 178
903 175 179
903 175 180
903 175 181
903 175 182
903 175 183
903 175 184
903 175 185
903 175 186
903 175 187
1204 146 166
1204 146 167
1204 146 168
1204 147 148
1204 147 152
1204 147 153
1204 147 154
1204 147 155
1204 147 156
1204 147 157
1204 147 158
1204 147 159
1204 147 160
1204 147 161
1204 147 162
1204 147 163
1204 147 164
1204 147 165
1204 147 166
1204 147 167
1204 148 149
1204 148 150
1204 148 151
1204 148 152
1204 148 153
1204 148 154
1204 148 155
1204 148 156
1204 148 157
1204 148 158
1204 148 159
1505 18 143
1505 18 167
1505 18 168
1505 18 192
1505 18 193
1505 19 20
1505 19 32
1505 19 33
1505 19 34
1505 19 35
1505 19 36
1505 19 37
1505 19 38
1505 19 39
1505 19 40
1505 19 41
1505 19 42
1505 20 21
1505 20 29
1505 20 30
1505 20 31
1505 20 32
1505 20 33
1505 20 34
1505 20 35
1505 20 36
1505 20 37
1505 20 38
1505 20 39
1505 20 40
1505 20 41
1806 20 42
1806 21 22
1806 21 27
1806 21 28
1806 21 29
1806 21 30
1806 21 31
1806 21 32
1806 21 33
1806 21 34
1806 21 35
1806 21 36
1806 21 37
1806 21 38
1806 21 39
1806 21 40
1806 21 41
1806 21 42
1806 22 23
1806 22 25
1806 22 26
1806 22 27
1806 22 28
1806 22 29
1806 22 30
1806 22 31
1806 22 32
1806 22 33
1806 22 34
1806 22 35
1806 22 36
2107 154 164
2107 154 165
2107 155 156
2107 155 157
2107 155 158
2107 155 159
2107 155 160
2107 155 161
2107 155 162
2107 155 163
2107 155 164
2107 155 165
2107 156 157
2107 156 158
2107 156 159
2107 156 160
2107 156 161
2107 156 162
2107 156 163
2107 156 164
2107 157 158
2107 157 159
2107 157 160
2107 157 161
2107 157 162
2107 157 163
2107 157 164
2107 158 159
2107 158 160
2107 158 161
2107 158 162
2408 175 188
2408 175 189
2408 175 190
2408 175 191
2408 175 192
2408 176 177
2408 176 178
2408 176 179
2408 176 180
2408 176 181
2408 176 182
2408 176 183
2408 176 184
2408 176 185
2408 176 186
2408 176 187
2408 176 188
2408 176 189
2408 176 190
2408 176 191
2408 177 178
2408 177 179
2408 177 180
2408 177 181
2408 177 182
2408 177 183
2408 177 184
2408 177 185
2408 177 186
2408 177 187
2408 177 188
2709 79 87
2709 79 88
2709 79 89
2709 80 81
2709 80 82
2709 80 83
2709 80 84
2709 80 85
2709 80 86
2709 80 87
2709 80 88
2709 80 89
2709 81 82
2709 81 83
2709 81 84
2709 81 85
2709 81 86
2709 81 87
2709 81 88
2709 81 89
2709 82 83
2709 82 84
2709 82 85
2709 82 86
2709 82 87
2709 82 88
2709 83 84
2709 83 85
2709 83 86
2709 83 87
2709 83 88
3010 123 130
3010 123 131
3010 123 132
3010 123 133
3010 123 134
3010 123 135
3010 123 136
3010 123 137
3010 123 138
3010 123 139
3010 123 140
3010 123 141
3010 123 142
3010 124 125
3010 124 126
3010 124 127
3010 124 128
3010 124 129
3010 124 130
3010 124 131
3010 124 132
3010 124 133
3010 124 134
3010 124 135
3010 124 136
3010 124 137
3010 124 138
3010 124 139
3010 124 140
3010 124 141
3010 124 142
3311 180 185
3311 180 186
3311 180 187
3311 180 188
3311 180 189
3311 180 190
3311 181 182
3311 181 183
3311 181 184
3311 181 185
3311 181 186
3311 181 187
3311 181 188
3311 181 189
3311 182 183
3311 182 184
3311 182 185
3311 182 186
3311 182 187
3311 182 188
3311 182 189
3311 183 184
3311 183 185
3311 183 186
3311 183 187
3311 183 188
3311 184 185
3311 184 186
3311 184 187
3311 184 188
3311 185 186
3612 67 90
3612 67 91
3612 67 92
3612 67 117
3612 67 118
3612 67 142
3612 67 143
3612 67 167
3612 67 168
3612 67 192
3612 67 193
3612 68 69
3612 68 85
3612 68 86
3612 68 87
3612 68 88
3612 68 89
3612 68 90
3612 68 91
3612 68 92
3612 68 117
3612 68 118
3612 68 142
3612 68 143
3612 68 167
3612 68 168
3612 68 192
3612 68 193
3612 69 70
3612 69 83
3612 69 84
3913 125 126
3913 125 127
3913 125 128
3913 125 129
3913 125 130
3913 125 131
3913 125 132
3913 125 133
3913 125 134
3913 125 135
3913 125 136
3913 125 137
3913 125 138
3913 125 139
3913 125 140
3913 125 141
3913 126 127
3913 126 128
3913 126 129
3913 126 130
3913 126 131
3913 126 132
3913 126 133
3913 126 134
3913 126 135
3913 126 136
3913 126 137
3913 126 138
3913 126 139
3913 126 140
3913 126 141
4214 73 80
4214 73 81
4214 73 82
4214 73 83
4214 73 84
4214 73 85
4214 73 86
4214 73 87
4214 73 88
4214 73 89
4214 73 90
4214 73 91
4214 73 92
4214 74 75
4214 74 76
4214 74 77
4214 74 78
4214 74 79
4214 74 80
4214 74 81
4214 74 82
4214 74 83
4214 74 84
4214 74 85
4214 74 86
4214 74 87
4214 74 88
4214 74 89
4214 74 90
4214 74 91
4214 75 76
4515 84 85
4515 84 86
4515 84 87
4515 85 86
4515 85 87
4515 86 87
4515 87 88
4515 88 89
4515 89 90
4515 90 91
4515 91 92
4515 92 93
4515 92 117
4515 92 118
4515 92 142
4515 92 143
4515 92 167
4515 92 168
4515 92 192
4515 92 193
4515 93 94
4515 93 111
4515 93 112
4515 93 113
4515 93 114
4515 93 115
4515 93 116
4515 93 117
4515 93 118
4515 93 143
4515 93 168
4816 28 38
4816 28 39
4816 28 40
4816 29 30
4816 29 31
4816 29 32
4816 29 33
4816 29 34
4816 29 35
4816 29 36
4816 29 37
4816 29 38
4816 29 39
4816 30 31
4816 30 32
4816 30 33
4816 30 34
4816 30 35
4816 30 36
4816 30 37
4816 30 38
4816 30 39
4816 31 32
4816 31 33
4816 31 34
4816 31 35
4816 31 36
4816 31 37
4816 31 38
4816 32 33
4816 32 34
5117 99 113
5117 99 114
5117 99 115
5117 99 116
5117 99 117
5117 100 101
5117 100 102
5117 100 103
5117 100 104
5117 100 105
5117 100 106
5117 100 107
5117 100 108
5117 100 109
5117 100 110
5117 100 111
5117 100 112
5117 100 113
5117 100 114
5117 100 115
5117 100 116
5117 101 102
5117 101 103
5117 101 104
5117 101 105
5117 101 106
5117 101 107
5117 101 108
5117 101 109
5117 101 110
5117 101 111
5418 148 160
5418 148 161
5418 148 162
5418 148 163
5418 148 164
5418 148 165
5418 148 166
5418 148 167
5418 149 150
5418 149 151
5418 149 152
5418 149 153
5418 149 154
5418 149 155
5418 149 156
5418 149 157
5418 149 158
5418 149 159
5418 149 160
5418 149 161
5418 149 162
5418 149 163
5418 149 164
5418 149 165
5418 149 166
5418 149 167
5418 150 151
5418 150 152
5418 150 153
5418 150 154
5418 150 155
5719 52 63
5719 52 64
5719 52 65
5719 53 54
5719 53 55
5719 53 56
5719 53 57
5719 53 58
5719 53 59
5719 53 60
5719 53 61
5719 53 62
5719 53 63
5719 53 64
5719 53 65
5719 54 55
5719 54 56
5719 54 57
5719 54 58
5719 54 59
5719 54 60
5719 54 61
5719 54 62
5719 54 63
5719 54 64
5719 55 56
5719 55 57
5719 55 58
5719 55 59
5719 55 60
5719 55 61
6020 42 193
6020 43 44
6020 43 60
6020 43 61
6020 43 62
6020 43 63
6020 43 64
6020 43 65
6020 43 66
6020 43 67
6020 43 117
6020 43 118
6020 43 142
6020 43 143
6020 43 167
6020 43 168
6020 43 192
6020 43 193
6020 44 45
6020 44 57
6020 44 58
6020 44 59
6020 44 60
6020 44 61
6020 44 62
6020 44 63
6020 44 64
6020 44 65
6020 44 66
6020 44 67
6020 45 46
6321 69 85
6321 69 86
6321 69 87
6321 69 88
6321 69 89
6321 69 90
6321 69 91
6321 69 92
6321 70 71
6321 70 80
6321 70 81
6321 70 82
6321 70 83
6321 70 84
6321 70 85
6321 70 86
6321 70 87
6321 70 88
6321 70 89
6321 70 90
6321 70 91
6321 70 92
6321 71 72
6321 71 78
6321 71 79
6321 71 80
6321 71 81
6321 71 82
6321 71 83
6321 71 84
6321 71 85
6622 107 111
6622 107 112
6622 107 113
6622 108 109
6622 108 110
6622 108 111
6622 108 112
6622 108 113
6622 109 110
6622 109 111
6622 109 112
6622 110 111
6622 110 112
6622 111 112
6622 112 113
6622 113 114
6622 114 115
6622 115 116
6622 116 117
6622 117 118
6622 118 119
6622 118 137
6622 118 138
6622 118 139
6622 118 140
6622 118 141
6622 118 142
6622 118 143
6622 118 168
6622 118 193
6622 119 120
6923 2 4
6923 2 5
6923 2 6
6923 2 7
6923 2 8
6923 2 9
6923 2 10
6923 2 11
6923 2 12
6923 2 13
6923 2 14
6923 2 15
6923 3 4
6923 3 5
6923 3 6
6923 3 7
6923 3 8
6923 3 9
6923 3 10
6923 3 11
6923 3 12
6923 3 13
6923 3 14
6923 4 5
6923 4 6
6923 4 7
6923 4 8
6923 4 9
6923 4 10
6923 4 11
6923 4 12
7224 75 77
7224 75 78
7224 75 79
7224 75 80
7224 75 81
7224 75 82
7224 75 83
7224 75 84
7224 75 85
7224 75 86
7224 75 87
7224 75 88
7224 75 89
7224 75 90
7224 75 91
7224 76 77
7224 76 78
7224 76 79
7224 76 80
7224 76 81
7224 76 82
7224 76 83
7224 76 84
7224 76 85
7224 76 86
7224 76 87
7224 76 88
7224 76 89
7224 76 90
7224 76 91
7224 77 78
7525 4 13
7525 4 14
7525 5 6
7525 5 7
7525 5 8
7525 5 9
7525 5 10
7525 5 11
7525 5 12
7525 5 13
7525 6 7
7525 6 8
7525 6 9
7525 6 10
7525 6 11
7525 6 12
7525 6 13
7525 7 8
7525 7 9
7525 7 10
7525 7 11
7525 7 12
7525 8 9
7525 8 10
7525 8 11
7525 8 12
7525 9 10
7525 9 11
7525 10 11
7525 11 12
7525 12 13
7826 71 86
7826 71 87
7826 71 88
7826 71 89
7826 71 90
7826 71 91
7826 71 92
7826 72 73
7826 72 76
7826 72 77
7826 72 78
7826 72 79
7826 72 80
7826 72 81
7826 72 82
7826 72 83
7826 72 84
7826 72 85
7826 72 86
7826 72 87
7826 72 88
7826 72 89
7826 72 90
7826 72 91
7826 72 92
7826 73 74
7826 73 75
7826 73 76
7826 73 77
7826 73 78
7826 73 79
8127 185 187
8127 186 187
8127 187 188
8127 188 189
8127 189 190
8127 190 191
8127 191 192
8127 192 193
8127 193 194
8127 194 195
8127 195 196
8127 196 197
8127 197 198
8127 198 199
8428 158 163
8428 159 160
8428 159 161
8428 159 162
8428 159 163
8428 160 161
8428 160 162
8428 161 162
8428 162 163
8428 163 164
8428 164 165
8428 165 166
8428 166 167
8428 167 168
8428 168 169
8428 168 188
8428 168 189
8428 168 190
8428 168 191
8428 168 192
8428 168 193
8428 169 170
8428 169 185
8428 169 186
8428 169 187
8428 169 188
8428 169 189
8428 169 190
8428 169 191
8428 169 192
8428 169 193
8729 121 135
8729 121 136
8729 121 137
8729 121 138
8729 121 139
8729 121 140
8729 121 141
8729 121 142
8729 122 123
8729 122 127
8729 122 128
8729 122 129
8729 122 130
8729 122 131
8729 122 132
8729 122 133
8729 122 134
8729 122 135
8729 122 136
8729 122 137
8729 122 138
8729 122 139
8729 122 140
8729 122 141
8729 122 142
8729 123 124
8729 123 125
8729 123 126
8729 123 127
8729 123 128
8729 123 129
9030 133 136
9030 133 137
9030 133 138
9030 134 135
9030 134 136
9030 134 137
9030 135 136
9030 135 137
9030 136 137
9030 137 138
9030 138 139
9030 139 140
9030 140 141
9030 141 142
9030 142 143
9030 143 144
9030 143 162
9030 143 163
9030 143 164
9030 143 165
9030 143 166
9030 143 167
9030 143 168
9030 143 193
9030 144 145
9030 144 159
9030 144 160
9030 144 161
9030 144 162
9030 144 163
9030 144 164
9331 55 62
9331 55 63
9331 55 64
9331 56 57
9331 56 58
9331 56 59
9331 56 60
9331 56 61
9331 56 62
9331 56 63
9331 57 58
9331 57 59
9331 57 60
9331 57 61
9331 57 62
9331 57 63
9331 58 59
9331 58 60
9331 58 61
9331 58 62
9331 59 60
9331 59 61
9331 59 62
9331 60 61
9331 61 62
9331 62 63
9331 63 64
9331 64 65
9331 65 66
9331 66 67
9331 67 68
9632 119 134
9632 119 135
9632 119 136
9632 119 137
9632 119 138
9632 119 139
9632 119 140
9632 119 141
9632 119 142
9632 119 143
9632 120 121
9632 120 131
9632 120 132
9632 120 133
9632 120 134
9632 120 135
9632 120 136
9632 120 137
9632 120 138
9632 120 139
9632 120 140
9632 120 141
9632 120 142
9632 120 143
9632 121 122
9632 121 129
9632 121 130
9632 121 131
9632 121 132
9632 121 133
9632 121 134
9933 26 32
9933 26 33
9933 26 34
9933 26 35
9933 26 36
9933 26 37
9933 26 38
9933 26 39
9933 26 40
9933 27 28
9933 27 29
9933 27 30
9933 27 31
9933 27 32
9933 27 33
9933 27 34
9933 27 35
9933 27 36
9933 27 37
9933 27 38
9933 27 39
9933 27 40
9933 28 29
9933 28 30
9933 28 31
9933 28 32
9933 28 33
9933 28 34
9933 28 35
9933 28 36
9933 28 37
10234 50 61
10234 50 62
10234 50 63
10234 50 64
10234 50 65
10234 50 66
10234 51 52
10234 51 53
10234 51 54
10234 51 55
10234 51 56
10234 51 57
10234 51 58
10234 51 59
10234 51 60
10234 51 61
10234 51 62
10234 51 63
10234 51 64
10234 51 65
10234 51 66
10234 52 53
10234 52 54
10234 52 55
10234 52 56
10234 52 57
10234 52 58
10234 52 59
10234 52 60
10234 52 61
10234 52 62
10535 0 1
10535 0 2
10535 0 3
10535 0 4
10535 0 5
10535 0 6
10535 0 7
10535 0 8
10535 0 9
10535 0 10
10535 0 11
10535 0 12
10535 0 13
10535 0 14
10535 0 15
10535 0 16
10535 1 2
10535 1 3
10535 1 4
10535 1 5
10535 1 6
10535 1 7
10535 1 8
10535 1 9
10535 1 10
10535 1 11
10535 1 12
10535 1 13
10535 1 14
10535 1 15
10535 2 3
10836 96 106
10836 96 107
10836 96 108
10836 96 109
10836 96 110
10836 96 111
10836 96 112
10836 96 113
10836 96 114
10836 96 115
10836 96 116
10836 96 117
10836 97 98
10836 97 101
10836 97 102
10836 97 103
10836 97 104
10836 97 105
10836 97 106
10836 97 107
10836 97 108
10836 97 109
10836 97 110
10836 97 111
10836 97 112
10836 97 113
10836 97 114
10836 97 115
10836 97 116
10836 97 117
10836 98 99
11137 77 79
11137 77 80
11137 77 81
11137 77 82
11137 77 83
11137 77 84
11137 77 85
11137 77 86
11137 77 87
11137 77 88
11137 77 89
11137 77 90
11137 78 79
11137 78 80
11137 78 81
11137 78 82
11137 78 83
11137 78 84
11137 78 85
11137 78 86
11137 78 87
11137 78 88
11137 78 89
11137 78 90
11137 79 80
11137 79 81
11137 79 82
11137 79 83
11137 79 84
11137 79 85
11137 79 86
11438 13 14
11438 14 15
11438 15 16
11438 16 17
11438 17 18
11438 17 38
11438 17 39
11438 17 40
11438 17 41
11438 17 42
11438 17 67
11438 17 92
11438 17 117
11438 17 118
11438 17 142
11438 17 143
11438 17 167
11438 17 168
11438 17 192
11438 17 193
11438 18 19
11438 18 34
11438 18 35
11438 18 36
11438 18 37
11438 18 38
11438 18 39
11438 18 40
11438 18 41
11438 18 42
11438 18 142
11739 98 100
11739 98 101
11739 98 102
11739 98 103
11739 98 104
11739 98 105
11739 98 106
11739 98 107
11739 98 108
11739 98 109
11739 98 110
11739 98 111
11739 98 112
11739 98 113
11739 98 114
11739 98 115
11739 98 116
11739 98 117
11739 99 100
11739 99 101
11739 99 102
11739 99 103
11739 99 104
11739 99 105
11739 99 106
11739 99 107
11739 99 108
11739 99 109
11739 99 110
11739 99 111
11739 99 112
12040 152 157
12040 152 158
12040 152 159
12040 152 160
12040 152 161
12040 152 162
12040 152 163
12040 152 164
12040 152 165
12040 152 166
12040 153 154
12040 153 155
12040 153 156
12040 153 157
12040 153 158
12040 153 159
12040 153 160
12040 153 161
12040 153 162
12040 153 163
12040 153 164
12040 153 165
12040 154 155
12040 154 156
12040 154 157
12040 154 158
12040 154 159
12040 154 160
12040 154 161
12040 154 162
12040 154 163
12341 104 105
12341 104 106
12341 104 107
12341 104 108
12341 104 109
12341 104 110
12341 104 111
12341 104 112
12341 104 113
12341 104 114
12341 104 115
12341 105 106
12341 105 107
12341 105 108
12341 105 109
12341 105 110
12341 105 111
12341 105 112
12341 105 113
12341 105 114
12341 106 107
12341 106 108
12341 106 109
12341 106 110
12341 106 111
12341 106 112
12341 106 113
12341 106 114
12341 107 108
12341 107 109
12341 107 110
12642 47 52
12642 47 53
12642 47 54
12642 47 55
12642 47 56
12642 47 57
12642 47 58
12642 47 59
12642 47 60
12642 47 61
12642 47 62
12642 47 63
12642 47 64
12642 47 65
12642 47 66
12642 47 67
12642 48 49
12642 48 50
12642 48 51
12642 48 52
12642 48 53
12642 48 54
12642 48 55
12642 48 56
12642 48 57
12642 48 58
12642 48 59
12642 48 60
12642 48 61
12642 48 62
12642 48 63
12943 170 171
12943 170 182
12943 170 183
12943 170 184
12943 170 185
12943 170 186
12943 170 187
12943 170 188
12943 170 189
12943 170 190
12943 170 191
12943 170 192
12943 170 193
12943 171 172
12943 171 180
12943 171 181
12943 171 182
12943 171 183
12943 171 184
12943 171 185
12943 171 186
12943 171 187
12943 171 188
12943 171 189
12943 171 190
12943 171 191
12943 171 192
12943 171 193
12943 172 173
12943 172 178
12943 172 179
13244 45 55
13244 45 56
13244 45 57
13244 45 58
13244 45 59
13244 45 60
13244 45 61
13244 45 62
13244 45 63
13244 45 64
13244 45 65
13244 45 66
13244 45 67
13244 46 47
13244 46 53
13244 46 54
13244 46 55
13244 46 56
13244 46 57
13244 46 58
13244 46 59
13244 46 60
13244 46 61
13244 46 62
13244 46 63
13244 46 64
13244 46 65
13244 46 66
13244 46 67
13244 47 48
13244 47 51
13545 32 35
13545 32 36
13545 32 37
13545 32 38
13545 33 34
13545 33 35
13545 33 36
13545 33 37
13545 34 35
13545 34 36
13545 34 37
13545 35 36
13545 36 37
13545 37 38
13545 38 39
13545 39 40
13545 40 41
13545 41 42
13545 42 43
13545 42 64
13545 42 65
13545 42 66
13545 42 67
13545 42 92
13545 42 117
13545 42 118
13545 42 142
13545 42 143
13545 42 167
13545 42 168
13545 42 192
13846 93 192
13846 93 193
13846 94 95
13846 94 108
13846 94 109
13846 94 110
13846 94 111
13846 94 112
13846 94 113
13846 94 114
13846 94 115
13846 94 116
13846 94 117
13846 94 118
13846 95 96
13846 95 106
13846 95 107
13846 95 108
13846 95 109
13846 95 110
13846 95 111
13846 95 112
13846 95 113
13846 95 114
13846 95 115
13846 95 116
13846 95 117
13846 96 97
13846 96 103
13846 96 104
13846 96 105
14147 48 64
14147 48 65
14147 48 66
14147 48 67
14147 49 50
14147 49 51
14147 49 52
14147 49 53
14147 49 54
14147 49 55
14147 49 56
14147 49 57
14147 49 58
14147 49 59
14147 49 60
14147 49 61
14147 49 62
14147 49 63
14147 49 64
14147 49 65
14147 49 66
14147 50 51
14147 50 52
14147 50 53
14147 50 54
14147 50 55
14147 50 56
14147 50 57
14147 50 58
14147 50 59
14147 50 60
14448 24 32
14448 24 33
14448 24 34
14448 24 35
14448 24 36
14448 24 37
14448 24 38
14448 24 39
14448 24 40
14448 24 41
14448 25 26
14448 25 27
14448 25 28
14448 25 29
14448 25 30
14448 25 31
14448 25 32
14448 25 33
14448 25 34
14448 25 35
14448 25 36
14448 25 37
14448 25 38
14448 25 39
14448 25 40
14448 25 41
14448 26 27
14448 26 28
14448 26 29
14448 26 30
14448 26 31
14749 22 37
14749 22 38
14749 22 39
14749 22 40
14749 22 41
14749 22 42
14749 23 24
14749 23 25
14749 23 26
14749 23 27
14749 23 28
14749 23 29
14749 23 30
14749 23 31
14749 23 32
14749 23 33
14749 23 34
14749 23 35
14749 23 36
14749 23 37
14749 23 38
14749 23 39
14749 23 40
14749 23 41
14749 24 25
14749 24 26
14749 24 27
14749 24 28
14749 24 29
14749 24 30
14749 24 31
15050 150 156
15050 150 157
15050 150 158
15050 150 159
15050 150 160
15050 150 161
15050 150 162
15050 150 163
15050 150 164
15050 150 165
15050 150 166
15050 150 167
15050 151 152
15050 151 153
15050 151 154
15050 151 155
15050 151 156
15050 151 157
15050 151 158
15050 151 159
15050 151 160
15050 151 161
15050 151 162
15050 151 163
15050 151 164
15050 151 165
15050 151 166
15050 152 153
15050 152 154
15050 152 155
15050 152 156
15351 101 112
15351 101 113
15351 101 114
15351 101 115
15351 101 116
15351 102 103
15351 102 104
15351 102 105
15351 102 106
15351 102 107
15351 102 108
15351 102 109
15351 102 110
15351 102 111
15351 102 112
15351 102 113
15351 102 114
15351 102 115
15351 102 116
15351 103 104
15351 103 105
15351 103 106
15351 103 107
15351 103 108
15351 103 109
15351 103 110
15351 103 111
15351 103 112
15351 103 113
15351 103 114
15351 103 115
15652 177 189
15652 177 190
15652 177 191
15652 178 179
15652 178 180
15652 178 181
15652 178 182
15652 178 183
15652 178 184
15652 178 185
15652 178 186
15652 178 187
15652 178 188
15652 178 189
15652 178 190
15652 178 191
15652 179 180
15652 179 181
15652 179 182
15652 179 183
15652 179 184
15652 179 185
15652 179 186
15652 179 187
15652 179 188
15652 179 189
15652 179 190
15652 180 181
15652 180 182
15652 180 183
15652 180 184
15953 172 180
15953 172 181
15953 172 182
15953 172 183
15953 172 184
15953 172 185
15953 172 186
15953 172 187
15953 172 188
15953 172 189
15953 172 190
15953 172 191
15953 172 192
15953 172 193
15953 173 174
15953 173 176
15953 173 177
15953 173 178
15953 173 179
15953 173 180
15953 173 181
15953 173 182
15953 173 183
15953 173 184
15953 173 185
15953 173 186
15953 173 187
15953 173 188
15953 173 189
15953 173 190
15953 173 191
0 159 163
0 160 161
1.5 83 86
1.5 83 87
3.0 147 159
3.0 147 160
4.5 192 193
4.5 193 194
6.0 96 111
6.0 96 112
7.5 101 106
7.5 101 107
9.0 28 29
9.0 28 30
10.5 53 57
10.5 53 58
12.0 74 77
12.0 74 78
13.5 51 53
13.5 51 54
15.0 175 188
15.0 175 189
16.5 43 63
16.5 43 64
18.0 58 62
18.0 59 60
19.5 125 136
19.5 125 137
21.0 128 134
21.0 128 135
22.5 172 190
22.5 172 191
24.0 106 112
24.0 106 113
25.5 176 188
25.5 176 189
27.0 108 110
27.0 108 111
28.5 175 184
28.5 175 185
30.0 34 35
30.0 34 36
31.5 38 39
31.5 39 40
33.0 151 153
33.0 151 154
34.5 118 168
34.5 118 193
36.0 175 192
36.0 176 177
37.5 99 102
37.5 99 103
39.0 133 135
39.0 133 136
40.5 98 100
40.5 98 101
42.0 179 187
42.0 179 188
43.5 104 112
43.5 104 113
45.0 54 60
45.0 54 61
46.5 98 108
46.5 98 109
48.0 95 117
48.0 96 97
49.5 154 161
49.5 154 162
51.0 127 141
51.0 128 129
52.5 157 163
52.5 157 164
54.0 131 139
54.0 132 133
55.5 0 5
55.5 0 6
57.0 105 110
57.0 105 111
58.5 52 61
58.5 52 62
60.0 172 184
60.0 172 185
61.5 26 34
61.5 26 35
63.0 55 61
63.0 55 62
64.5 47 61
64.5 47 62
66.0 95 115
66.0 95 116
67.5 94 111
67.5 94 112
69.0 126 137
69.0 126 138
70.5 82 85
70.5 82 86
72.0 23 24
72.0 23 25
73.5 105 112
73.5 105 113
75.0 20 29
75.0 20 30
76.5 105 114
76.5 106 107
78.0 168 193
78.0 169 170
79.5 78 90
79.5 79 80
81.0 181 184
81.0 181 185
82.5 178 181
82.5 178 182
84.0 135 137
84.0 136 137
85.5 99 112
85.5 99 113
87.0 144 161
87.0 144 162
88.5 155 157
88.5 155 158
90.0 52 55
90.0 52 56
91.5 92 193
91.5 93 94
93.0 100 115
93.0 100 116
94.5 47 51
94.5 47 52
96.0 190 191
96.0 191 192
97.5 53 55
97.5 53 56
99.0 104 110
99.0 104 111
100.5 24 35
100.5 24 36
102.0 71 84
102.0 71 85
103.5 3 13
103.5 3 14
105.0 72 88
105.0 72 89
106.5 57 63
106.5 58 59
108.0 121 139
108.0 121 140
109.5 159 161
109.5 159 162
111.0 143 193
111.0 144 145
112.5 97 105
112.5 97 106
114.0 66 67
114.0 67 68
115.5 58 60
115.5 58 61
117.0 194 195
117.0 195 196
118.5 69 90
118.5 69 91
120.0 156 164
120.0 157 158
121.5 143 144
121.5 143 162
123.0 152 153
123.0 152 154
124.5 173 189
124.5 173 190
126.0 149 152
126.0 149 153
127.5 2 7
127.5 2 8
129.0 172 186
129.0 172 187
130.5 129 133
130.5 129 134
132.0 72 90
132.0 72 91
133.5 60 61
133.5 61 62
135.0 182 185
135.0 182 186
136.5 101 102
136.5 101 103
138.0 1 2
138.0 1 3
139.5 42 67
139.5 42 92
141.0 74 83
141.0 74 84
142.5 43 67
142.5 43 117
144.0 0 9
144.0 0 10
145.5 50 62
145.5 50 63
147.0 126 135
147.0 126 136
148.5 51 65
148.5 51 66
150.0 176 180
150.0 176 181
151.5 70 88
151.5 70 89
153.0 77 86
153.0 77 87
154.5 126 129
154.5 126 130
156.0 101 104
156.0 101 105
157.5 51 61
157.5 51 62
159.0 129 131
159.0 129 132
160.5 100 103
160.5 100 104
162.0 122 136
162.0 122 137
163.5 95 111
163.5 95 112
165.0 45 59
165.0 45 60
166.5 5 12
166.5 5 13
168.0 53 63
168.0 53 64
169.5 164 165
169.5 165 166
171.0 102 110
171.0 102 111
172.5 25 37
172.5 25 38
174.0 154 163
174.0 154 164
175.5 45 57
175.5 45 58
177.0 44 61
177.0 44 62
178.5 0 13
178.5 0 14
180.0 75 83
180.0 75 84
181.5 152 165
181.5 152 166
183.0 131 135
183.0 131 136
184.5 42 117
184.5 42 118
186.0 94 117
186.0 94 118
187.5 70 92
187.5 71 72
189.0 71 88
189.0 71 89
190.5 148 166
190.5 148 167
192.0 196 197
192.0 197 198
193.5 180 181
193.5 180 182
195.0 144 163
195.0 144 164
196.5 44 57
196.5 44 58
198.0 53 59
198.0 53 60
199.5 176 190
199.5 176 191
201.0 127 137
201.0 127 138
202.5 177 182
202.5 177 183
204.0 12 13
204.0 13 14
205.5 126 127
205.5 126 128
207.0 154 159
207.0 154 160
208.5 23 26
208.5 23 27
210.0 52 53
210.0 52 54
211.5 128 138
211.5 128 139
213.0 180 187
213.0 180 188
214.5 18 34
214.5 18 35
216.0 88 89
216.0 89 90
217.5 146 163
217.5 146 164
219.0 27 39
219.0 27 40
220.5 134 137
220.5 135 136
222.0 72 80
222.0 72 81
223.5 97 117
223.5 98 99
225.0 70 80
225.0 70 81
226.5 105 108
226.5 105 109
228.0 71 80
228.0 71 81
229.5 46 59
229.5 46 60
231.0 74 89
231.0 74 90
232.5 171 187
232.5 171 188
234.0 177 184
234.0 177 185
235.5 80 84
235.5 80 85
237.0 59 61
237.0 59 62
238.5 188 189
238.5 189 190
240.0 16 17
240.0 17 18
241.5 96 107
241.5 96 108
243.0 27 37
243.0 27 38
244.5 155 161
244.5 155 162
246.0 8 9
246.0 8 10
247.5 155 163
247.5 155 164
249.0 36 37
249.0 37 38
250.5 170 192
250.5 170 193
252.0 17 38
252.0 17 39
253.5 52 63
253.5 52 64
255.0 120 135
255.0 120 136
256.5 178 187
256.5 178 188
258.0 121 129
258.0 121 130
259.5 81 82
259.5 81 83
261.0 29 36
261.0 29 37
262.5 64 65
262.5 65 66
264.0 104 108
264.0 104 109
265.5 148 164
265.5 148 165
267.0 68 142
267.0 68 143
268.5 73 81
268.5 73 82
270.0 144 159
270.0 144 160
271.5 47 55
271.5 47 56
273.0 147 161
273.0 147 162
274.5 21 42
274.5 22 23
276.0 48 60
276.0 48 61
277.5 49 56
277.5 49 57
279.0 99 116
279.0 99 117
280.5 149 156
280.5 149 157
282.0 147 153
282.0 147 154
283.5 48 66
283.5 48 67
285.0 182 189
285.0 183 184
286.5 83 84
286.5 83 85
288.0 32 33
288.0 32 34
289.5 43 143
289.5 43 167
291.0 116 117
291.0 117 118
292.5 124 131
292.5 124 132
294.0 70 90
294.0 70 91
295.5 150 159
295.5 150 160
297.0 79 83
297.0 79 84
298.5 20 33
298.5 20 34
300.0 95 113
300.0 95 114
301.5 68 89
301.5 68 90
303.0 119 143
303.0 120 121
304.5 25 33
304.5 25 34
306.0 145 161
306.0 145 162
307.5 80 88
307.5 80 89
309.0 46 53
309.0 46 54
310.5 43 118
310.5 43 142
312.0 110 112
312.0 111 112
313.5 76 88
313.5 76 89
315.0 79 89
315.0 80 81
316.5 17 118
316.5 17 142
318.0 130 133
318.0 130 134
319.5 120 139
319.5 120 140
321.0 14 15
321.0 15 16
322.5 103 107
322.5 103 108
324.0 19 40
324.0 19 41
325.5 74 85
325.5 74 86
327.0 42 167
327.0 42 168
328.5 119 135
328.5 119 136
330.0 54 62
330.0 54 63
331.5 48 64
331.5 48 65
333.0 32 35
333.0 32 36
334.5 5 8
334.5 5 9
336.0 33 34
336.0 33 35
337.5 54 56
337.5 54 57
339.0 52 65
339.0 53 54
340.5 2 11
340.5 2 12
342.0 23 30
342.0 23 31
343.5 30 31
343.5 30 32
345.0 77 88
345.0 77 89
346.5 73 83
346.5 73 84
348.0 18 40
348.0 18 41
349.5 169 189
349.5 169 190
351.0 175 180
351.0 175 181
352.5 101 110
352.5 101 111
354.0 6 7
354.0 6 8
355.5 21 34
355.5 21 35
357.0 55 57
357.0 55 58
358.5 76 78
358.5 76 79
360.0 118 140
360.0 118 141
361.5 51 57
361.5 51 58
363.0 97 115
363.0 97 116
364.5 153 162
364.5 153 163
366.0 122 130
366.0 122 131
367.5 150 163
367.5 150 164
369.0 126 139
369.0 126 140
370.5 47 67
370.5 48 49
372.0 24 37
372.0 24 38
373.5 78 80
373.5 78 81
375.0 132 138
375.0 133 134
376.5 176 184
376.5 176 185
378.0 94 109
378.0 94 110
379.5 49 64
379.5 49 65
381.0 150 161
381.0 150 162
382.5 69 88
382.5 69 89
384.0 112 113
384.0 113 114
385.5 160 162
385.5 161 162
387.0 25 31
387.0 25 32
388.5 96 103
388.5 96 104
390.0 56 57
390.0 56 58
391.5 72 82
391.5 72 83
393.0 98 112
393.0 98 113
394.5 150 167
394.5 151 152
396.0 94 113
396.0 94 114
397.5 75 91
397.5 76 77
399.0 148 162
399.0 148 163
400.5 80 82
400.5 80 83
402.0 151 165
402.0 151 166
403.5 2 15
403.5 3 4
405.0 80 86
405.0 80 87
406.5 114 115
406.5 115 116
408.0 48 54
408.0 48 55
409.5 92 93
409.5 92 117
411.0 98 104
411.0 98 105
412.5 128 132
412.5 128 133
414.0 125 132
414.0 125 133
415.5 25 39
415.5 25 40
417.0 76 84
417.0 76 85
418.5 149 150
418.5 149 151
420.0 153 158
420.0 153 159
421.5 26 38
421.5 26 39
423.0 69 92
423.0 70 71
424.5 146 155
424.5 146 156
426.0 32 37
426.0 32 38
427.5 99 108
427.5 99 109
429.0 76 80
429.0 76 81
430.5 28 39
430.5 28 40
432.0 73 77
432.0 73 78
433.5 93 113
433.5 93 114
435.0 170 184
435.0 170 185
436.5 73 79
436.5 73 80
438.0 127 133
438.0 127 134
439.5 156 160
439.5 156 161
441.0 46 67
441.0 47 48
442.5 184 185
442.5 184 186
444.0 50 66
444.0 51 52
445.5 74 79
445.5 74 80
447.0 1 6
447.0 1 7
448.5 171 191
448.5 171 192
450.0 174 181
450.0 174 182
451.5 118 142
451.5 118 143
453.0 1 12
453.0 1 13
454.5 69 70
454.5 69 83
456.0 147 167
456.0 148 149
457.5 5 6
457.5 5 7
459.0 178 179
459.0 178 180
460.5 82 87
460.5 82 88
462.0 45 65
462.0 45 66
463.5 21 22
463.5 21 27
465.0 48 56
465.0 48 57
466.5 67 193
466.5 68 69
468.0 182 187
468.0 182 188
469.5 123 125
469.5 123 126
471.0 150 157
471.0 150 158
472.5 24 25
472.5 24 26
474.0 7 9
474.0 7 10
475.5 81 88
475.5 81 89
477.0 18 36
477.0 18 37
478.5 92 118
478.5 92 142
480.0 23 34
480.0 23 35
481.5 75 81
481.5 75 82
483.0 146 161
483.0 146 162
484.5 122 128
484.5 122 129
486.0 50 64
486.0 50 65
487.5 26 30
487.5 26 31
489.0 21 36
489.0 21 37
490.5 103 109
490.5 103 110
492.0 169 193
492.0 170 171
493.5 25 29
493.5 25 30
495.0 147 165
495.0 147 166
496.5 144 167
496.5 144 168
498.0 174 185
498.0 174 186
499.5 98 110
499.5 98 111
501.0 153 160
501.0 153 161
502.5 106 108
502.5 106 109
504.0 175 176
504.0 175 177
505.5 181 188
505.5 181 189
507.0 174 189
507.0 174 190
508.5 175 178
508.5 175 179
510.0 126 131
510.0 126 132
511.5 68 85
511.5 68 86
513.0 152 159
513.0 152 160
514.5 172 182
514.5 172 183
516.0 28 33
516.0 28 34
517.5 124 127
517.5 124 128
519.0 21 30
519.0 21 31
520.5 49 60
520.5 49 61
522.0 29 38
522.0 29 39
523.5 0 7
523.5 0 8
525.0 31 37
525.0 31 38
526.5 147 163
526.5 147 164
528.0 156 158
528.0 156 159
529.5 130 131
529.5 130 132
531.0 175 190
531.0 175 191
532.5 45 55
532.5 45 56
534.0 6 11
534.0 6 12
535.5 72 86
535.5 72 87
537.0 3 9
537.0 3 10
538.5 47 65
538.5 47 66
540.0 149 160
540.0 149 161
541.5 172 180
541.5 172 181
543.0 77 82
543.0 77 83
544.5 52 59
544.5 52 60
546.0 67 118
546.0 67 142
547.5 49 52
547.5 49 53
549.0 141 142
549.0 142 143
550.5 122 123
550.5 122 127
552.0 67 92
552.0 67 117
553.5 1 8
553.5 1 9
555.0 20 39
555.0 20 40
556.5 169 191
556.5 169 192
558.0 71 78
558.0 71 79
559.5 4 7
559.5 4 8
561.0 17 40
561.0 17 41
562.5 54 58
562.5 54 59
564.0 97 113
564.0 97 114
565.5 100 107
565.5 100 108
567.0 123 137
567.0 123 138
568.5 79 81
568.5 79 82
570.0 47 53
570.0 47 54
571.5 48 62
571.5 48 63
573.0 122 132
573.0 122 133
574.5 67 168
574.5 67 192
576.0 90 91
576.0 91 92
577.5 98 106
577.5 98 107
579.0 125 130
579.0 125 131
580.5 6 13
580.5 7 8
582.0 171 183
582.0 171 184
583.5 120 141
583.5 120 142
585.0 101 114
585.0 101 115
586.5 109 112
586.5 110 111
588.0 178 191
588.0 179 180
589.5 108 112
589.5 108 113
591.0 145 157
591.0 145 158
592.5 148 150
592.5 148 151
594.0 4 11
594.0 4 12
595.5 71 82
595.5 71 83
597.0 51 55
597.0 51 56
598.5 168 191
598.5 168 192
600.0 7 11
600.0 7 12
601.5 100 105
601.5 100 106
603.0 146 167
603.0 146 168
604.5 44 59
604.5 44 60
606.0 50 54
606.0 50 55
607.5 20 41
607.5 20 42
609.0 55 63
609.0 55 64
610.5 139 140
610.5 140 141
612.0 157 159
612.0 157 160
613.5 104 106
613.5 104 107
615.0 78 86
615.0 78 87
616.5 43 61
616.5 43 62
618.0 31 33
618.0 31 34
619.5 47 57
619.5 47 58
621.0 103 115
621.0 104 105
622.5 97 103
622.5 97 104
624.0 27 35
624.0 27 36
625.5 126 133
625.5 126 134
627.0 56 59
627.0 56 60
628.5 171 181
628.5 171 182
630.0 1 4
630.0 1 5
631.5 173 185
631.5 173 186
633.0 3 11
633.0 3 12
634.5 53 61
634.5 53 62
636.0 145 163
636.0 145 164
637.5 69 86
637.5 69 87
639.0 23 36
639.0 23 37
640.5 162 163
640.5 163 164
642.0 24 29
642.0 24 30
643.5 151 161
643.5 151 162
645.0 174 187
645.0 174 188
646.5 149 162
646.5 149 163
648.0 130 139
648.0 131 132
649.5 25 35
649.5 25 36
651.0 119 120
651.0 119 134
652.5 42 65
652.5 42 66
654.0 174 191
654.0 174 192
655.5 105 106
655.5 105 107
657.0 144 165
657.0 144 166
658.5 75 85
658.5 75 86
660.0 123 129
660.0 123 130
661.5 22 25
661.5 22 26
663.0 51 59
663.0 51 60
664.5 73 85
664.5 73 86
666.0 177 190
666.0 177 191
667.5 67 143
667.5 67 167
669.0 71 92
669.0 72 73
670.5 34 37
670.5 35 36
672.0 42 142
672.0 42 143
673.5 99 106
673.5 99 107
675.0 21 32
675.0 21 33
676.5 23 28
676.5 23 29
678.0 57 59
678.0 57 60
679.5 147 148
679.5 147 152
681.0 49 54
681.0 49 55
682.5 62 63
682.5 63 64
684.0 176 182
684.0 176 183
685.5 151 157
685.5 151 158
687.0 169 187
687.0 169 188
688.5 152 155
688.5 152 156
690.0 69 84
690.0 69 85
691.5 134 135
691.5 134 136
693.0 155 159
693.0 155 160
694.5 24 31
694.5 24 32
696.0 94 95
696.0 94 108
697.5 168 189
697.5 168 190
699.0 169 185
699.0 169 186
700.5 170 188
700.5 170 189
702.0 173 187
702.0 173 188
703.5 155 165
703.5 156 157
705.0 43 44
705.0 43 60
706.5 170 182
706.5 170 183
708.0 172 178
708.0 172 179
709.5 93 111
709.5 93 112
711.0 158 161
711.0 158 162
712.5 56 61
712.5 56 62
714.0 103 111
714.0 103 112
715.5 1 10
715.5 1 11
717.0 57 61
717.0 57 62
718.5 186 187
718.5 187 188
720.0 97 109
720.0 97 110
721.5 18 168
721.5 18 192
723.0 96 105
723.0 96 106
724.5 127 135
724.5 127 136
726.0 19 34
726.0 19 35
727.5 43 168
727.5 43 192
729.0 72 84
729.0 72 85
730.5 22 27
730.5 22 28
732.0 20 35
732.0 20 36
733.5 179 185
733.5 179 186
735.0 52 57
735.0 52 58
736.5 152 161
736.5 152 162
738.0 25 41
738.0 26 27
739.5 119 137
739.5 119 138
741.0 44 63
741.0 44 64
742.5 150 155
742.5 150 156
744.0 17 143
744.0 17 167
745.5 22 41
745.5 22 42
747.0 178 185
747.0 178 186
748.5 120 131
748.5 120 132
750.0 145 165
750.0 145 166
751.5 100 109
751.5 100 110
753.0 92 143
753.0 92 167
754.5 152 157
754.5 152 158
756.0 74 87
756.0 74 88
757.5 146 147
757.5 146 154
759.0 154 165
759.0 155 156
760.5 3 5
760.5 3 6
762.0 179 181
762.0 179 182
763.5 46 63
763.5 46 64
765.0 18 193
765.0 19 20
766.5 72 78
766.5 72 79
768.0 145 167
768.0 145 168
769.5 48 50
769.5 48 51
771.0 49 58
771.0 49 59
772.5 40 41
772.5 41 42
774.0 124 139
774.0 124 140
775.5 4 9
775.5 4 10
777.0 67 90
777.0 67 91
778.5 147 155
778.5 147 156
780.0 84 86
780.0 84 87
781.5 94 115
781.5 94 116
783.0 118 119
783.0 118 137
784.5 146 165
784.5 146 166
786.0 29 34
786.0 29 35
787.5 121 133
787.5 121 134
789.0 149 164
789.0 149 165
790.5 68 117
790.5 68 118
792.0 151 163
792.0 151 164
793.5 51 63
793.5 51 64
795.0 19 42
795.0 20 21
796.5 182 183
796.5 182 184
798.0 127 131
798.0 127 132
799.5 198 199
801.0 149 158
801.0 149 159
802.5 176 186
802.5 176 187
804.0 97 101
804.0 97 102
805.5 86 87
805.5 87 88
807.0 181 182
807.0 181 183
808.5 44 67
808.5 45 46
810.0 71 86
810.0 71 87
811.5 148 156
811.5 148 157
813.0 170 186
813.0 170 187
814.5 93 143
814.5 93 168
816.0 93 117
816.0 93 118
817.5 122 134
817.5 122 135
819.0 133 137
819.0 133 138
820.5 153 164
820.5 153 165
822.0 174 179
822.0 174 180
823.5 107 111
823.5 107 112
825.0 126 141
825.0 127 128
826.5 153 156
826.5 153 157
828.0 137 138
828.0 138 139
829.5 73 89
829.5 73 90
831.0 120 143
831.0 121 122
832.5 31 35
832.5 31 36
834.0 2 5
834.0 2 6
835.5 132 134
835.5 132 135
837.0 179 183
837.0 179 184
838.5 73 87
838.5 73 88
840.0 23 40
840.0 23 41
841.5 68 91
841.5 68 92
843.0 24 41
843.0 25 26
844.5 129 139
844.5 129 140
846.0 102 106
846.0 102 107
847.5 9 10
847.5 9 11
849.0 181 186
849.0 181 187
850.5 170 190
850.5 170 191
852.0 56 63
852.0 57 58
853.5 172 192
853.5 172 193
855.0 173 179
855.0 173 180
856.5 48 58
856.5 48 59
858.0 75 79
858.0 75 80
859.5 18 143
859.5 18 167
861.0 132 136
861.0 132 137
862.5 74 81
862.5 74 82
864.0 42 43
864.0 42 64
865.5 29 30
865.5 29 31
867.0 49 50
867.0 49 51
868.5 128 140
868.5 129 130
870.0 6 9
870.0 6 10
871.5 45 61
871.5 45 62
873.0 18 42
873.0 18 142
874.5 98 102
874.5 98 103
876.0 78 84
876.0 78 85
877.5 175 186
877.5 175 187
879.0 128 136
879.0 128 137
880.5 22 37
880.5 22 38
882.0 19 36
882.0 19 37
883.5 4 5
883.5 4 6
885.0 125 140
885.0 125 141
886.5 178 189
886.5 178 190
888.0 50 52
888.0 50 53
889.5 2 3
889.5 2 4
891.0 77 80
891.0 77 81
892.5 143 165
892.5 143 166
894.0 77 84
894.0 77 85
895.5 74 75
895.5 74 76
897.0 125 134
897.0 125 135
898.5 127 129
898.5 127 130
900.0 154 157
900.0 154 158
901.5 180 189
901.5 180 190
903.0 130 137
903.0 130 138
904.5 21 40
904.5 21 41
906.0 49 66
906.0 50 51
907.5 73 75
907.5 73 76
909.0 83 88
909.0 84 85
910.5 148 152
910.5 148 153
912.0 10 11
912.0 11 12
913.5 124 133
913.5 124 134
915.0 0 3
915.0 0 4
916.5 148 160
916.5 148 161
918.0 22 31
918.0 22 32
919.5 96 117
919.5 97 98
921.0 175 182
921.0 175 183
922.5 145 146
922.5 145 156
924.0 143 163
924.0 143 164
925.5 93 115
925.5 93 116
927.0 173 174
927.0 173 176
928.5 48 52
928.5 48 53
930.0 71 90
930.0 71 91
931.5 156 162
931.5 156 163
933.0 157 161
933.0 157 162
934.5 124 125
934.5 124 126
936.0 47 63
936.0 47 64
937.5 75 87
937.5 75 88
939.0 78 82
939.0 78 83
940.5 47 59
940.5 47 60
942.0 123 127
942.0 123 128
943.5 107 113
943.5 108 109
945.0 146 157
945.0 146 158
946.5 127 139
946.5 127 140
948.0 120 133
948.0 120 134
949.5 21 38
949.5 21 39
951.0 148 154
951.0 148 155
952.5 172 188
952.5 172 189
954.0 166 167
954.0 167 168
955.5 123 131
955.5 123 132
957.0 131 137
957.0 131 138
958.5 49 62
958.5 49 63
960.0 22 35
960.0 22 36
961.5 122 138
961.5 122 139
963.0 107 109
963.0 107 110
964.5 98 116
964.5 98 117
966.0 174 175
966.0 174 176
967.5 153 154
967.5 153 155
969.0 77 90
969.0 78 79
970.5 122 142
970.5 123 124
972.0 24 33
972.0 24 34
973.5 20 37
973.5 20 38
975.0 17 42
975.0 17 67
976.5 121 131
976.5 121 132
978.0 150 153
978.0 150 154
979.5 2 9
979.5 2 10
981.0 95 96
981.0 95 106
982.5 131 133
982.5 131 134
984.0 68 87
984.0 68 88
985.5 42 192
985.5 42 193
987.0 26 28
987.0 26 29
988.5 123 135
988.5 123 136
990.0 171 189
990.0 171 190
991.5 44 65
991.5 44 66
993.0 74 91
993.0 75 76
994.5 143 167
994.5 143 168
996.0 25 27
996.0 25 28
997.5 28 35
997.5 28 36
999.0 101 112
999.0 101 113
1000.5 26 32
1000.5 26 33
1002.0 147 157
1002.0 147 158
1003.5 97 111
1003.5 97 112
1005.0 173 181
1005.0 173 182
1006.5 173 183
1006.5 173 184
1008.0 101 108
1008.0 101 109
1009.5 125 138
1009.5 125 139
1011.0 22 39
1011.0 22 40
1012.5 121 141
1012.5 121 142
1014.0 130 135
1014.0 130 136
1015.5 81 86
1015.5 81 87
1017.0 29 32
1017.0 29 33
1018.5 109 110
1018.5 109 111
1020.0 54 64
1020.0 55 56
1021.5 99 100
1021.5 99 101
1023.0 27 31
1023.0 27 32
1024.5 0 1
1024.5 0 2
1026.0 174 183
1026.0 174 184
1027.5 125 126
1027.5 125 127
1029.0 23 38
1029.0 23 39
1030.5 1 14
1030.5 1 15
1032.0 17 92
1032.0 17 117
1033.5 123 139
1033.5 123 140
1035.0 23 32
1035.0 23 33
1036.5 68 192
1036.5 68 193
1038.0 171 185
1038.0 171 186
1039.5 50 58
1039.5 50 59
1041.0 76 82
1041.0 76 83
1042.5 145 159
1042.5 145 160
1044.0 158 163
1044.0 159 160
1045.5 124 135
1045.5 124 136
1047.0 43 65
1047.0 43 66
1048.5 77 78
1048.5 77 79
1050.0 183 185
1050.0 183 186
1051.5 158 159
1051.5 158 160
1053.0 122 140
1053.0 122 141
1054.5 120 137
1054.5 120 138
1056.0 173 191
1056.0 173 192
1057.5 176 178
1057.5 176 179
1059.0 79 85
1059.0 79 86
1060.5 171 193
1060.5 172 173
1062.0 177 186
1062.0 177 187
1063.5 73 91
1063.5 73 92
1065.0 72 76
1065.0 72 77
1066.5 2 13
1066.5 2 14
1068.0 46 55
1068.0 46 56
1069.5 46 57
1069.5 46 58
1071.0 24 39
1071.0 24 40
1072.5 20 31
1072.5 20 32
1074.0 3 7
1074.0 3 8
1075.5 21 28
1075.5 21 29
1077.0 124 129
1077.0 124 130
1078.5 152 163
1078.5 152 164
1080.0 99 110
1080.0 99 111
1081.5 180 185
1081.5 180 186
1083.0 95 107
1083.0 95 108
1084.5 81 84
1084.5 81 85
1086.0 93 192
1086.0 93 193
1087.5 75 89
1087.5 75 90
1089.0 124 141
1089.0 124 142
1090.5 102 104
1090.5 102 105
1092.0 22 33
1092.0 22 34
1093.5 78 88
1093.5 78 89
1095.0 33 36
1095.0 33 37
1096.5 146 159
1096.5 146 160
1098.0 184 187
1098.0 184 188
1099.5 154 155
1099.5 154 156
1101.0 121 137
1101.0 121 138
1102.5 177 180
1102.5 177 181
1104.0 106 110
1104.0 106 111
1105.5 102 112
1105.5 102 113
1107.0 118 138
1107.0 118 139
1108.5 129 137
1108.5 129 138
1110.0 106 114
1110.0 107 108
1111.5 103 113
1111.5 103 114
1113.0 178 183
1113.0 178 184
1114.5 28 37
1114.5 28 38
1116.0 177 188
1116.0 177 189
1117.5 28 31
1117.5 28 32
1119.0 30 33
1119.0 30 34
1120.5 104 114
1120.5 104 115
1122.0 150 151
1122.0 150 152
1123.5 99 104
1123.5 99 105
1125.0 27 29
1125.0 27 30
1126.5 100 113
1126.5 100 114
1128.0 98 114
1128.0 98 115
1129.5 179 189
1129.5 179 190
1131.0 22 29
1131.0 22 30
1132.5 151 155
1132.5 151 156
1134.0 30 37
1134.0 30 38
1135.5 50 56
1135.5 50 57
1137.0 79 87
1137.0 79 88
1138.5 72 92
1138.5 73 74
1140.0 99 114
1140.0 99 115
1141.5 27 33
1141.5 27 34
1143.0 119 139
1143.0 119 140
1144.5 53 65
1144.5 54 55
1146.0 45 63
1146.0 45 64
1147.5 177 178
1147.5 177 179
1149.0 171 172
1149.0 171 180
1150.5 123 133
1150.5 123 134
1152.0 119 141
1152.0 119 142
1153.5 55 59
1153.5 55 60
1155.0 19 38
1155.0 19 39
1156.5 96 113
1156.5 96 114
1158.0 0 15
1158.0 0 16
1159.5 129 135
1159.5 129 136
1161.0 76 90
1161.0 76 91
1162.5 103 105
1162.5 103 106
1164.0 50 60
1164.0 50 61
1165.5 26 36
1165.5 26 37
1167.0 19 32
1167.0 19 33
1168.5 76 86
1168.5 76 87
1170.0 183 187
1170.0 183 188
1171.5 46 65
1171.5 46 66
1173.0 173 177
1173.0 173 178
1174.5 70 82
1174.5 70 83
1176.0 125 128
1176.0 125 129
1177.5 100 111
1177.5 100 112
1179.0 124 137
1179.0 124 138
1180.5 185 186
1180.5 185 187
1182.0 45 67
1182.0 46 47
1183.5 128 130
1183.5 128 131
1185.0 100 101
1185.0 100 102
1186.5 8 11
1186.5 8 12
1188.0 102 116
1188.0 103 104
1189.5 75 77
1189.5 75 78
1191.0 174 177
1191.0 174 178
1192.5 26 40
1192.5 27 28
1194.0 17 193
1194.0 18 19
1195.5 97 107
1195.5 97 108
1197.0 102 108
1197.0 102 109
1198.5 168 169
1198.5 168 188
1200.0 68 167
1200.0 68 168
1201.5 30 39
1201.5 31 32
1203.0 70 84
1203.0 70 85
1204.5 18 38
1204.5 18 39
1206.0 121 135
1206.0 121 136
1207.5 70 86
1207.5 70 87
1209.0 85 86
1209.0 85 87
1210.5 43 193
1210.5 44 45
1212.0 30 35
1212.0 30 36
1213.5 102 114
1213.5 102 115
1215.0 46 61
1215.0 46 62
1216.5 24 27
1216.5 24 28
1218.0 149 166
1218.0 149 167
1219.5 151 159
1219.5 151 160
1221.0 96 109
1221.0 96 110
1222.5 148 158
1222.5 148 159
1224.0 149 154
1224.0 149 155
1225.5 180 183
1225.5 180 184
1227.0 96 115
1227.0 96 116
1228.5 17 168
1228.5 17 192
1230.0 82 83
1230.0 82 84
1231.5 0 11
1231.5 0 12
1233.0 95 109
1233.0 95 110
1234.5 101 116
1234.5 102 103
1236.0 92 168
1236.0 92 192
1237.5 123 141
1237.5 123 142
1239.0 4 13
1239.0 4 14
1240.5 5 10
1240.5 5 11
1242.0 150 165
1242.0 150 166
