0 160 180
0 160 181
0 160 182
0 160 183
0 161 162
0 161 169
0 161 170
0 161 171
0 161 172
0 161 173
0 161 174
0 161 175
0 161 176
0 161 177
0 161 178
0 161 179
0 161 180
0 161 181
0 161 182
0 162 163
0 162 167
0 162 168
0 162 169
0 162 170
0 162 171
0 162 172
0 162 173
0 162 174
0 162 175
0 162 176
0 162 177
301 18 28
301 18 29
301 19 20
301 19 21
301 19 22
301 19 23
301 19 24
301 19 25
301 19 26
301 19 27
301 19 28
301 19 29
301 20 21
301 20 22
301 20 23
301 20 24
301 20 25
301 20 26
301 20 27
301 20 28
301 21 22
301 21 23
301 21 24
301 21 25
301 21 26
301 21 27
301 21 28
301 22 23
301 22 24
301 22 25
301 22 26
602 171 177
602 171 178
602 171 179
602 172 173
602 172 174
602 172 175
602 172 176
602 172 177
602 172 178
602 173 174
602 173 175
602 173 176
602 173 177
602 173 178
602 174 175
602 174 176
602 174 177
602 175 176
602 175 177
602 176 177
602 177 178
602 178 179
602 179 180
602 180 181
602 181 182
602 182 183
602 183 184
602 184 185
602 184 199
602 185 186
602 185 196
903 8 30
903 8 31
903 8 32
903 9 10
903 9 21
903 9 22
903 9 23
903 9 24
903 9 25
903 9 26
903 9 27
903 9 28
903 9 29
903 9 30
903 9 31
903 9 32
903 10 11
903 10 18
903 10 19
903 10 20
903 10 21
903 10 22
903 10 23
903 10 24
903 10 25
903 10 26
903 10 27
903 10 28
903 10 29
903 10 30
903 10 31
1204 68 73
1204 68 74
1204 68 75
1204 68 76
1204 68 77
1204 68 78
1204 68 79
1204 68 80
1204 69 70
1204 69 71
1204 69 72
1204 69 73
1204 69 74
1204 69 75
1204 69 76
1204 69 77
1204 69 78
1204 69 79
1204 70 71
1204 70 72
1204 70 73
1204 70 74
1204 70 75
1204 70 76
1204 70 77
1204 70 78
1204 70 79
1204 71 72
1204 71 73
1204 71 74
1204 71 75
1505 145 153
1505 145 154
1505 146 147
1505 146 148
1505 146 149
1505 146 150
1505 146 151
1505 146 152
1505 146 153
1505 146 154
1505 147 148
1505 147 149
1505 147 150
1505 147 151
1505 147 152
1505 147 153
1505 148 149
1505 148 150
1505 148 151
1505 148 152
1505 148 153
1505 149 150
1505 149 151
1505 149 152
1505 150 151
1505 150 152
1505 151 152
1505 152 153
1505 153 154
1505 154 155
1505 155 156
1806 139 140
1806 139 141
1806 139 142
1806 139 143
1806 139 144
1806 139 145
1806 139 146
1806 139 147
1806 139 148
1806 139 149
1806 139 150
1806 139 151
1806 139 152
1806 139 153
1806 139 154
1806 139 155
1806 139 156
1806 139 157
1806 140 141
1806 140 142
1806 140 143
1806 140 144
1806 140 145
1806 140 146
1806 140 147
1806 140 148
1806 140 149
1806 140 150
1806 140 151
1806 140 152
1806 140 153
2107 85 98
2107 85 99
2107 85 100
2107 85 101
2107 85 102
2107 85 103
2107 85 104
2107 85 105
2107 85 106
2107 85 107
2107 86 87
2107 86 93
2107 86 94
2107 86 95
2107 86 96
2107 86 97
2107 86 98
2107 86 99
2107 86 100
2107 86 101
2107 86 102
2107 86 103
2107 86 104
2107 86 105
2107 86 106
2107 86 107
2107 87 88
2107 87 91
2107 87 92
2107 87 93
2107 87 94
2408 47 49
2408 47 50
2408 47 51
2408 47 52
2408 48 49
2408 48 50
2408 48 51
2408 48 52
2408 49 50
2408 49 51
2408 50 51
2408 51 52
2408 52 53
2408 53 54
2408 54 55
2408 55 56
2408 56 57
2408 57 58
2408 57 78
2408 57 79
2408 57 80
2408 57 81
2408 57 82
2408 57 107
2408 57 132
2408 57 157
2408 57 158
2408 57 182
2408 57 183
2408 58 59
2408 58 74
2709 88 107
2709 89 90
2709 89 91
2709 89 92
2709 89 93
2709 89 94
2709 89 95
2709 89 96
2709 89 97
2709 89 98
2709 89 99
2709 89 100
2709 89 101
2709 89 102
2709 89 103
2709 89 104
2709 89 105
2709 89 106
2709 90 91
2709 90 92
2709 90 93
2709 90 94
2709 90 95
2709 90 96
2709 90 97
2709 90 98
2709 90 99
2709 90 100
2709 90 101
2709 90 102
2709 90 103
3010 41 44
3010 41 45
3010 41 46
3010 41 47
3010 41 48
3010 41 49
3010 41 50
3010 41 51
3010 41 52
3010 41 53
3010 41 54
3010 41 55
3010 42 43
3010 42 44
3010 42 45
3010 42 46
3010 42 47
3010 42 48
3010 42 49
3010 42 50
3010 42 51
3010 42 52
3010 42 53
3010 42 54
3010 42 55
3010 43 44
3010 43 45
3010 43 46
3010 43 47
3010 43 48
3010 43 49
3311 58 75
3311 58 76
3311 58 77
3311 58 78
3311 58 79
3311 58 80
3311 58 81
3311 58 82
3311 58 182
3311 58 183
3311 59 60
3311 59 72
3311 59 73
3311 59 74
3311 59 75
3311 59 76
3311 59 77
3311 59 78
3311 59 79
3311 59 80
3311 59 81
3311 59 82
3311 60 61
3311 60 69
3311 60 70
3311 60 71
3311 60 72
3311 60 73
3311 60 74
3311 60 75
3311 60 76
3612 185 197
3612 185 198
3612 185 199
3612 186 187
3612 186 194
3612 186 195
3612 186 196
3612 186 197
3612 186 198
3612 186 199
3612 187 188
3612 187 192
3612 187 193
3612 187 194
3612 187 195
3612 187 196
3612 187 197
3612 187 198
3612 187 199
3612 188 189
3612 188 190
3612 188 191
3612 188 192
3612 188 193
3612 188 194
3612 188 195
3612 188 196
3612 188 197
3612 188 198
3612 188 199
3612 189 190
3913 87 95
3913 87 96
3913 87 97
3913 87 98
3913 87 99
3913 87 100
3913 87 101
3913 87 102
3913 87 103
3913 87 104
3913 87 105
3913 87 106
3913 87 107
3913 88 89
3913 88 90
3913 88 91
3913 88 92
3913 88 93
3913 88 94
3913 88 95
3913 88 96
3913 88 97
3913 88 98
3913 88 99
3913 88 100
3913 88 101
3913 88 102
3913 88 103
3913 88 104
3913 88 105
3913 88 106
4214 135 149
4214 135 150
4214 135 151
4214 135 152
4214 135 153
4214 135 154
4214 135 155
4214 135 156
4214 135 157
4214 136 137
4214 136 143
4214 136 144
4214 136 145
4214 136 146
4214 136 147
4214 136 148
4214 136 149
4214 136 150
4214 136 151
4214 136 152
4214 136 153
4214 136 154
4214 136 155
4214 136 156
4214 136 157
4214 137 138
4214 137 141
4214 137 142
4214 137 143
4214 137 144
4214 137 145
4515 137 146
4515 137 147
4515 137 148
4515 137 149
4515 137 150
4515 137 151
4515 137 152
4515 137 153
4515 137 154
4515 137 155
4515 137 156
4515 137 157
4515 138 139
4515 138 140
4515 138 141
4515 138 142
4515 138 143
4515 138 144
4515 138 145
4515 138 146
4515 138 147
4515 138 148
4515 138 149
4515 138 150
4515 138 151
4515 138 152
4515 138 153
4515 138 154
4515 138 155
4515 138 156
4515 138 157
4816 189 191
4816 189 192
4816 189 193
4816 189 194
4816 189 195
4816 189 196
4816 189 197
4816 189 198
4816 189 199
4816 190 191
4816 190 192
4816 190 193
4816 190 194
4816 190 195
4816 190 196
4816 190 197
4816 190 198
4816 190 199
4816 191 192
4816 191 193
4816 191 194
4816 191 195
4816 191 196
4816 191 197
4816 191 198
4816 191 199
4816 192 193
4816 192 194
4816 192 195
4816 192 196
4816 192 197
5117 132 133
5117 132 157
5117 132 158
5117 132 182
5117 132 183
5117 133 134
5117 133 151
5117 133 152
5117 133 153
5117 133 154
5117 133 155
5117 133 156
5117 133 157
5117 133 158
5117 133 183
5117 134 135
5117 134 148
5117 134 149
5117 134 150
5117 134 151
5117 134 152
5117 134 153
5117 134 154
5117 134 155
5117 134 156
5117 134 157
5117 134 158
5117 135 136
5117 135 146
5117 135 147
5117 135 148
5418 14 21
5418 14 22
5418 14 23
5418 14 24
5418 14 25
5418 14 26
5418 14 27
5418 14 28
5418 14 29
5418 14 30
5418 14 31
5418 15 16
5418 15 17
5418 15 18
5418 15 19
5418 15 20
5418 15 21
5418 15 22
5418 15 23
5418 15 24
5418 15 25
5418 15 26
5418 15 27
5418 15 28
5418 15 29
5418 15 30
5418 16 17
5418 16 18
5418 16 19
5418 16 20
5418 16 21
5719 192 198
5719 192 199
5719 193 194
5719 193 195
5719 193 196
5719 193 197
5719 193 198
5719 193 199
5719 194 195
5719 194 196
5719 194 197
5719 194 198
5719 194 199
5719 195 196
5719 195 197
5719 195 198
5719 195 199
5719 196 197
5719 196 198
5719 196 199
5719 197 198
5719 197 199
5719 198 199
6020 33 50
6020 33 51
6020 33 52
6020 33 53
6020 33 54
6020 33 55
6020 33 56
6020 33 57
6020 34 35
6020 34 46
6020 34 47
6020 34 48
6020 34 49
6020 34 50
6020 34 51
6020 34 52
6020 34 53
6020 34 54
6020 34 55
6020 34 56
6020 34 57
6020 35 36
6020 35 44
6020 35 45
6020 35 46
6020 35 47
6020 35 48
6020 35 49
6020 35 50
6020 35 51
6020 35 52
6321 140 154
6321 140 155
6321 140 156
6321 141 142
6321 141 143
6321 141 144
6321 141 145
6321 141 146
6321 141 147
6321 141 148
6321 141 149
6321 141 150
6321 141 151
6321 141 152
6321 141 153
6321 141 154
6321 141 155
6321 141 156
6321 142 143
6321 142 144
6321 142 145
6321 142 146
6321 142 147
6321 142 148
6321 142 149
6321 142 150
6321 142 151
6321 142 152
6321 142 153
6321 142 154
6321 142 155
6622 120 129
6622 121 122
6622 121 123
6622 121 124
6622 121 125
6622 121 126
6622 121 127
6622 121 128
6622 121 129
6622 122 123
6622 122 124
6622 122 125
6622 122 126
6622 122 127
6622 122 128
6622 123 124
6622 123 125
6622 123 126
6622 123 127
6622 123 128
6622 124 125
6622 124 126
6622 124 127
6622 125 126
6622 125 127
6622 126 127
6622 127 128
6622 128 129
6622 129 130
6622 130 131
6622 131 132
6923 93 94
6923 93 95
6923 93 96
6923 93 97
6923 93 98
6923 93 99
6923 93 100
6923 93 101
6923 93 102
6923 93 103
6923 93 104
6923 93 105
6923 94 95
6923 94 96
6923 94 97
6923 94 98
6923 94 99
6923 94 100
6923 94 101
6923 94 102
6923 94 103
6923 94 104
6923 95 96
6923 95 97
6923 95 98
6923 95 99
6923 95 100
6923 95 101
6923 95 102
6923 95 103
6923 95 104
7224 110 122
7224 110 123
7224 110 124
7224 110 125
7224 110 126
7224 110 127
7224 110 128
7224 110 129
7224 110 130
7224 110 131
7224 110 132
7224 111 112
7224 111 118
7224 111 119
7224 111 120
7224 111 121
7224 111 122
7224 111 123
7224 111 124
7224 111 125
7224 111 126
7224 111 127
7224 111 128
7224 111 129
7224 111 130
7224 111 131
7224 111 132
7224 112 113
7224 112 116
7224 112 117
7224 112 118
7525 107 157
7525 107 158
7525 107 182
7525 107 183
7525 108 109
7525 108 125
7525 108 126
7525 108 127
7525 108 128
7525 108 129
7525 108 130
7525 108 131
7525 108 132
7525 108 157
7525 108 158
7525 108 182
7525 108 183
7525 109 110
7525 109 123
7525 109 124
7525 109 125
7525 109 126
7525 109 127
7525 109 128
7525 109 129
7525 109 130
7525 109 131
7525 109 132
7525 110 111
7525 110 120
7525 110 121
7826 164 172
7826 164 173
7826 164 174
7826 164 175
7826 164 176
7826 164 177
7826 164 178
7826 164 179
7826 164 180
7826 164 181
7826 164 182
7826 165 166
7826 165 167
7826 165 168
7826 165 169
7826 165 170
7826 165 171
7826 165 172
7826 165 173
7826 165 174
7826 165 175
7826 165 176
7826 165 177
7826 165 178
7826 165 179
7826 165 180
7826 165 181
7826 166 167
7826 166 168
7826 166 169
7826 166 170
8127 62 72
8127 62 73
8127 62 74
8127 62 75
8127 62 76
8127 62 77
8127 62 78
8127 62 79
8127 62 80
8127 62 81
8127 62 82
8127 63 64
8127 63 65
8127 63 66
8127 63 67
8127 63 68
8127 63 69
8127 63 70
8127 63 71
8127 63 72
8127 63 73
8127 63 74
8127 63 75
8127 63 76
8127 63 77
8127 63 78
8127 63 79
8127 63 80
8127 63 81
8127 64 65
8127 64 66
8428 37 48
8428 37 49
8428 37 50
8428 37 51
8428 37 52
8428 37 53
8428 37 54
8428 37 55
8428 37 56
8428 38 39
8428 38 40
8428 38 41
8428 38 42
8428 38 43
8428 38 44
8428 38 45
8428 38 46
8428 38 47
8428 38 48
8428 38 49
8428 38 50
8428 38 51
8428 38 52
8428 38 53
8428 38 54
8428 38 55
8428 38 56
8428 39 40
8428 39 41
8428 39 42
8428 39 43
8729 112 119
8729 112 120
8729 112 121
8729 112 122
8729 112 123
8729 112 124
8729 112 125
8729 112 126
8729 112 127
8729 112 128
8729 112 129
8729 112 130
8729 112 131
8729 112 132
8729 113 114
8729 113 115
8729 113 116
8729 113 117
8729 113 118
8729 113 119
8729 113 120
8729 113 121
8729 113 122
8729 113 123
8729 113 124
8729 113 125
8729 113 126
8729 113 127
8729 113 128
8729 113 129
8729 113 130
9030 12 25
9030 12 26
9030 12 27
9030 12 28
9030 12 29
9030 12 30
9030 12 31
9030 13 14
9030 13 15
9030 13 16
9030 13 17
9030 13 18
9030 13 19
9030 13 20
9030 13 21
9030 13 22
9030 13 23
9030 13 24
9030 13 25
9030 13 26
9030 13 27
9030 13 28
9030 13 29
9030 13 30
9030 13 31
9030 14 15
9030 14 16
9030 14 17
9030 14 18
9030 14 19
9030 14 20
9331 10 32
9331 11 12
9331 11 16
9331 11 17
9331 11 18
9331 11 19
9331 11 20
9331 11 21
9331 11 22
9331 11 23
9331 11 24
9331 11 25
9331 11 26
9331 11 27
9331 11 28
9331 11 29
9331 11 30
9331 11 31
9331 11 32
9331 12 13
9331 12 14
9331 12 15
9331 12 16
9331 12 17
9331 12 18
9331 12 19
9331 12 20
9331 12 21
9331 12 22
9331 12 23
9331 12 24
9632 60 77
9632 60 78
9632 60 79
9632 60 80
9632 60 81
9632 60 82
9632 61 62
9632 61 67
9632 61 68
9632 61 69
9632 61 70
9632 61 71
9632 61 72
9632 61 73
9632 61 74
9632 61 75
9632 61 76
9632 61 77
9632 61 78
9632 61 79
9632 61 80
9632 61 81
9632 61 82
9632 62 63
9632 62 65
9632 62 66
9632 62 67
9632 62 68
9632 62 69
9632 62 70
9632 62 71
9933 43 50
9933 43 51
9933 43 52
9933 43 53
9933 43 54
9933 44 45
9933 44 46
9933 44 47
9933 44 48
9933 44 49
9933 44 50
9933 44 51
9933 44 52
9933 44 53
9933 44 54
9933 45 46
9933 45 47
9933 45 48
9933 45 49
9933 45 50
9933 45 51
9933 45 52
9933 45 53
9933 46 47
9933 46 48
9933 46 49
9933 46 50
9933 46 51
9933 46 52
9933 46 53
9933 47 48
10234 142 156
10234 143 144
10234 143 145
10234 143 146
10234 143 147
10234 143 148
10234 143 149
10234 143 150
10234 143 151
10234 143 152
10234 143 153
10234 143 154
10234 143 155
10234 144 145
10234 144 146
10234 144 147
10234 144 148
10234 144 149
10234 144 150
10234 144 151
10234 144 152
10234 144 153
10234 144 154
10234 144 155
10234 145 146
10234 145 147
10234 145 148
10234 145 149
10234 145 150
10234 145 151
10234 145 152
10535 166 171
10535 166 172
10535 166 173
10535 166 174
10535 166 175
10535 166 176
10535 166 177
10535 166 178
10535 166 179
10535 166 180
10535 166 181
10535 167 168
10535 167 169
10535 167 170
10535 167 171
10535 167 172
10535 167 173
10535 167 174
10535 167 175
10535 167 176
10535 167 177
10535 167 178
10535 167 179
10535 167 180
10535 167 181
10535 168 169
10535 168 170
10535 168 171
10535 168 172
10535 168 173
10535 168 174
10836 90 104
10836 90 105
10836 90 106
10836 91 92
10836 91 93
10836 91 94
10836 91 95
10836 91 96
10836 91 97
10836 91 98
10836 91 99
10836 91 100
10836 91 101
10836 91 102
10836 91 103
10836 91 104
10836 91 105
10836 91 106
10836 92 93
10836 92 94
10836 92 95
10836 92 96
10836 92 97
10836 92 98
10836 92 99
10836 92 100
10836 92 101
10836 92 102
10836 92 103
10836 92 104
10836 92 105
11137 64 67
11137 64 68
11137 64 69
11137 64 70
11137 64 71
11137 64 72
11137 64 73
11137 64 74
11137 64 75
11137 64 76
11137 64 77
11137 64 78
11137 64 79
11137 64 80
11137 64 81
11137 65 66
11137 65 67
11137 65 68
11137 65 69
11137 65 70
11137 65 71
11137 65 72
11137 65 73
11137 65 74
11137 65 75
11137 65 76
11137 65 77
11137 65 78
11137 65 79
11137 65 80
11137 65 81
11438 96 97
11438 96 98
11438 96 99
11438 96 100
11438 96 101
11438 96 102
11438 96 103
11438 97 98
11438 97 99
11438 97 100
11438 97 101
11438 97 102
11438 97 103
11438 98 99
11438 98 100
11438 98 101
11438 98 102
11438 99 100
11438 99 101
11438 99 102
11438 100 101
11438 101 102
11438 102 103
11438 103 104
11438 104 105
11438 105 106
11438 106 107
11438 107 108
11438 107 130
11438 107 131
11438 107 132
11739 168 175
11739 168 176
11739 168 177
11739 168 178
11739 168 179
11739 168 180
11739 169 170
11739 169 171
11739 169 172
11739 169 173
11739 169 174
11739 169 175
11739 169 176
11739 169 177
11739 169 178
11739 169 179
11739 169 180
11739 170 171
11739 170 172
11739 170 173
11739 170 174
11739 170 175
11739 170 176
11739 170 177
11739 170 178
11739 170 179
11739 171 172
11739 171 173
11739 171 174
11739 171 175
11739 171 176
12040 0 1
12040 1 2
12040 2 3
12040 3 4
12040 4 5
12040 5 6
12040 6 7
12040 7 8
12040 7 27
12040 7 28
12040 7 29
12040 7 30
12040 7 31
12040 7 32
12040 7 57
12040 7 82
12040 7 107
12040 7 132
12040 7 133
12040 7 157
12040 7 158
12040 7 182
12040 7 183
12040 8 9
12040 8 23
12040 8 24
12040 8 25
12040 8 26
12040 8 27
12040 8 28
12040 8 29
12341 82 182
12341 82 183
12341 83 84
12341 83 100
12341 83 101
12341 83 102
12341 83 103
12341 83 104
12341 83 105
12341 83 106
12341 83 107
12341 83 157
12341 83 158
12341 83 182
12341 83 183
12341 84 85
12341 84 97
12341 84 98
12341 84 99
12341 84 100
12341 84 101
12341 84 102
12341 84 103
12341 84 104
12341 84 105
12341 84 106
12341 84 107
12341 85 86
12341 85 95
12341 85 96
12341 85 97
12642 71 76
12642 71 77
12642 71 78
12642 72 73
12642 72 74
12642 72 75
12642 72 76
12642 72 77
12642 72 78
12642 73 74
12642 73 75
12642 73 76
12642 73 77
12642 74 75
12642 74 76
12642 74 77
12642 75 76
12642 76 77
12642 77 78
12642 78 79
12642 79 80
12642 80 81
12642 81 82
12642 82 83
12642 82 104
12642 82 105
12642 82 106
12642 82 107
12642 82 132
12642 82 157
12642 82 158
12943 66 67
12943 66 68
12943 66 69
12943 66 70
12943 66 71
12943 66 72
12943 66 73
12943 66 74
12943 66 75
12943 66 76
12943 66 77
12943 66 78
12943 66 79
12943 66 80
12943 67 68
12943 67 69
12943 67 70
12943 67 71
12943 67 72
12943 67 73
12943 67 74
12943 67 75
12943 67 76
12943 67 77
12943 67 78
12943 67 79
12943 67 80
12943 68 69
12943 68 70
12943 68 71
12943 68 72
13244 16 22
13244 16 23
13244 16 24
13244 16 25
13244 16 26
13244 16 27
13244 16 28
13244 16 29
13244 16 30
13244 17 18
13244 17 19
13244 17 20
13244 17 21
13244 17 22
13244 17 23
13244 17 24
13244 17 25
13244 17 26
13244 17 27
13244 17 28
13244 17 29
13244 17 30
13244 18 19
13244 18 20
13244 18 21
13244 18 22
13244 18 23
13244 18 24
13244 18 25
13244 18 26
13244 18 27
13545 113 131
13545 113 132
13545 114 115
13545 114 116
13545 114 117
13545 114 118
13545 114 119
13545 114 120
13545 114 121
13545 114 122
13545 114 123
13545 114 124
13545 114 125
13545 114 126
13545 114 127
13545 114 128
13545 114 129
13545 114 130
13545 114 131
13545 115 116
13545 115 117
13545 115 118
13545 115 119
13545 115 120
13545 115 121
13545 115 122
13545 115 123
13545 115 124
13545 115 125
13545 115 126
13545 115 127
13846 22 27
13846 23 24
13846 23 25
13846 23 26
13846 23 27
13846 24 25
13846 24 26
13846 25 26
13846 26 27
13846 27 28
13846 28 29
13846 29 30
13846 30 31
13846 31 32
13846 32 33
13846 32 52
13846 32 53
13846 32 54
13846 32 55
13846 32 56
13846 32 57
13846 32 82
13846 32 107
13846 32 132
13846 32 133
13846 32 157
13846 32 158
13846 32 182
13846 32 183
13846 33 34
13846 33 49
14147 39 44
14147 39 45
14147 39 46
14147 39 47
14147 39 48
14147 39 49
14147 39 50
14147 39 51
14147 39 52
14147 39 53
14147 39 54
14147 39 55
14147 39 56
14147 40 41
14147 40 42
14147 40 43
14147 40 44
14147 40 45
14147 40 46
14147 40 47
14147 40 48
14147 40 49
14147 40 50
14147 40 51
14147 40 52
14147 40 53
14147 40 54
14147 40 55
14147 40 56
14147 41 42
14147 41 43
14448 35 53
14448 35 54
14448 35 55
14448 35 56
14448 35 57
14448 36 37
14448 36 42
14448 36 43
14448 36 44
14448 36 45
14448 36 46
14448 36 47
14448 36 48
14448 36 49
14448 36 50
14448 36 51
14448 36 52
14448 36 53
14448 36 54
14448 36 55
14448 36 56
14448 36 57
14448 37 38
14448 37 40
14448 37 41
14448 37 42
14448 37 43
14448 37 44
14448 37 45
14448 37 46
14448 37 47
14749 156 157
14749 157 158
14749 158 159
14749 158 177
14749 158 178
14749 158 179
14749 158 180
14749 158 181
14749 158 182
14749 158 183
14749 159 160
14749 159 174
14749 159 175
14749 159 176
14749 159 177
14749 159 178
14749 159 179
14749 159 180
14749 159 181
14749 159 182
14749 159 183
14749 160 161
14749 160 171
14749 160 172
14749 160 173
14749 160 174
14749 160 175
14749 160 176
14749 160 177
14749 160 178
14749 160 179
15050 162 178
15050 162 179
15050 162 180
15050 162 181
15050 162 182
15050 163 164
15050 163 165
15050 163 166
15050 163 167
15050 163 168
15050 163 169
15050 163 170
15050 163 171
15050 163 172
15050 163 173
15050 163 174
15050 163 175
15050 163 176
15050 163 177
15050 163 178
15050 163 179
15050 163 180
15050 163 181
15050 163 182
15050 164 165
15050 164 166
15050 164 167
15050 164 168
15050 164 169
15050 164 170
15050 164 171
15351 117 130
15351 118 119
15351 118 120
15351 118 121
15351 118 122
15351 118 123
15351 118 124
15351 118 125
15351 118 126
15351 118 127
15351 118 128
15351 118 129
15351 118 130
15351 119 120
15351 119 121
15351 119 122
15351 119 123
15351 119 124
15351 119 125
15351 119 126
15351 119 127
15351 119 128
15351 119 129
15351 120 121
15351 120 122
15351 120 123
15351 120 124
15351 120 125
15351 120 126
15351 120 127
15351 120 128
15652 115 128
15652 115 129
15652 115 130
15652 115 131
15652 116 117
15652 116 118
15652 116 119
15652 116 120
15652 116 121
15652 116 122
15652 116 123
15652 116 124
15652 116 125
15652 116 126
15652 116 127
15652 116 128
15652 116 129
15652 116 130
15652 116 131
15652 117 118
15652 117 119
15652 117 120
15652 117 121
15652 117 122
15652 117 123
15652 117 124
15652 117 125
15652 117 126
15652 117 127
15652 117 128
15652 117 129
0 165 179
0 165 180
1.5 166 168
1.5 166 169
3.0 169 170
3.0 169 171
4.5 192 194
4.5 192 195
6.0 43 47
6.0 43 48
7.5 139 157
7.5 140 141
9.0 189 198
9.0 189 199
10.5 118 126
10.5 118 127
12.0 167 172
12.0 167 173
13.5 168 175
13.5 168 176
15.0 11 16
15.0 11 17
16.5 86 103
16.5 86 104
18.0 59 80
18.0 59 81
19.5 120 128
19.5 120 129
21.0 6 7
21.0 7 8
22.5 20 21
22.5 20 22
24.0 40 47
24.0 40 48
25.5 57 82
25.5 57 107
27.0 173 176
27.0 173 177
28.5 9 30
28.5 9 31
30.0 180 181
30.0 181 182
31.5 130 131
31.5 131 132
33.0 69 76
33.0 69 77
34.5 165 173
34.5 165 174
36.0 94 100
36.0 94 101
37.5 44 53
37.5 44 54
39.0 153 154
39.0 154 155
40.5 62 77
40.5 62 78
42.0 7 183
42.0 8 9
43.5 140 142
43.5 140 143
45.0 8 29
45.0 8 30
46.5 144 149
46.5 144 150
48.0 47 49
48.0 47 50
49.5 61 72
49.5 61 73
51.0 159 180
51.0 159 181
52.5 44 49
52.5 44 50
54.0 115 119
54.0 115 120
55.5 141 153
55.5 141 154
57.0 67 73
57.0 67 74
58.5 163 168
58.5 163 169
60.0 14 29
60.0 14 30
61.5 63 66
61.5 63 67
63.0 137 146
63.0 137 147
64.5 12 16
64.5 12 17
66.0 114 123
66.0 114 124
67.5 7 29
67.5 7 30
69.0 147 152
69.0 147 153
70.5 82 157
70.5 82 158
72.0 126 127
72.0 127 128
73.5 192 198
73.5 192 199
75.0 89 96
75.0 89 97
76.5 11 20
76.5 11 21
78.0 84 99
78.0 84 100
79.5 169 176
79.5 169 177
81.0 95 103
81.0 95 104
82.5 111 122
82.5 111 123
84.0 120 124
84.0 120 125
85.5 113 127
85.5 113 128
87.0 185 197
87.0 185 198
88.5 33 50
88.5 33 51
90.0 19 20
90.0 19 21
91.5 19 24
91.5 19 25
93.0 111 124
93.0 111 125
94.5 139 151
94.5 139 152
96.0 38 52
96.0 38 53
97.5 147 150
97.5 147 151
99.0 97 99
99.0 97 100
100.5 164 178
100.5 164 179
102.0 164 166
102.0 164 167
103.5 86 95
103.5 86 96
105.0 7 31
105.0 7 32
106.5 94 96
106.5 94 97
108.0 60 81
108.0 60 82
109.5 116 118
109.5 116 119
111.0 190 193
111.0 190 194
112.5 69 78
112.5 69 79
114.0 65 79
114.0 65 80
115.5 13 14
115.5 13 15
117.0 86 97
117.0 86 98
118.5 57 132
118.5 57 157
120.0 139 141
120.0 139 142
121.5 187 193
121.5 187 194
123.0 191 197
123.0 191 198
124.5 90 92
124.5 90 93
126.0 88 96
126.0 88 97
127.5 135 156
127.5 135 157
129.0 38 50
129.0 38 51
130.5 33 56
130.5 33 57
132.0 143 150
132.0 143 151
133.5 32 82
133.5 32 107
135.0 192 196
135.0 192 197
136.5 119 125
136.5 119 126
138.0 161 182
138.0 162 163
139.5 123 126
139.5 123 127
141.0 187 197
141.0 187 198
142.5 96 101
142.5 96 102
144.0 25 26
144.0 26 27
145.5 145 147
145.5 145 148
147.0 115 131
147.0 116 117
148.5 10 18
148.5 10 19
150.0 160 176
150.0 160 177
151.5 12 14
151.5 12 15
153.0 198 199
154.5 61 78
154.5 61 79
156.0 114 125
156.0 114 126
157.5 172 175
157.5 172 176
159.0 68 69
159.0 68 70
160.5 33 34
160.5 33 49
162.0 193 194
162.0 193 195
163.5 151 152
163.5 152 153
165.0 13 18
165.0 13 19
166.5 124 126
166.5 124 127
168.0 118 120
168.0 118 121
169.5 8 25
169.5 8 26
171.0 16 23
171.0 16 24
172.5 89 100
172.5 89 101
174.0 87 91
174.0 87 92
175.5 170 178
175.5 170 179
177.0 137 154
177.0 137 155
178.5 89 92
178.5 89 93
180.0 118 128
180.0 118 129
181.5 20 27
181.5 20 28
183.0 9 32
183.0 10 11
184.5 66 76
184.5 66 77
186.0 187 199
186.0 188 189
187.5 36 55
187.5 36 56
189.0 169 180
189.0 170 171
190.5 61 68
190.5 61 69
192.0 67 79
192.0 67 80
193.5 110 126
193.5 110 127
195.0 71 77
195.0 71 78
196.5 87 99
196.5 87 100
198.0 14 15
198.0 14 16
199.5 113 117
199.5 113 118
201.0 88 106
201.0 88 107
202.5 92 103
202.5 92 104
204.0 138 157
204.0 139 140
205.5 12 24
205.5 12 25
207.0 63 78
207.0 63 79
208.5 133 153
208.5 133 154
210.0 43 53
210.0 43 54
211.5 70 71
211.5 70 72
213.0 4 5
213.0 5 6
214.5 42 49
214.5 42 50
216.0 121 122
216.0 121 123
217.5 167 178
217.5 167 179
219.0 15 17
219.0 15 18
220.5 140 150
220.5 140 151
222.0 68 79
222.0 68 80
223.5 54 55
223.5 55 56
225.0 137 152
225.0 137 153
226.5 58 82
226.5 58 182
228.0 91 93
228.0 91 94
229.5 39 43
229.5 39 44
231.0 14 21
231.0 14 22
232.5 141 145
232.5 141 146
234.0 107 132
234.0 107 157
235.5 160 172
235.5 160 173
237.0 40 45
237.0 40 46
238.5 138 145
238.5 138 146
240.0 22 26
240.0 22 27
241.5 92 99
241.5 92 100
243.0 182 183
243.0 183 184
244.5 87 107
244.5 88 89
246.0 122 125
246.0 122 126
247.5 113 129
247.5 113 130
249.0 85 103
249.0 85 104
250.5 82 105
250.5 82 106
252.0 132 133
252.0 132 157
253.5 58 76
253.5 58 77
255.0 195 199
255.0 196 197
256.5 114 117
256.5 114 118
258.0 137 148
258.0 137 149
259.5 142 149
259.5 142 150
261.0 10 22
261.0 10 23
262.5 107 130
262.5 107 131
264.0 34 55
264.0 34 56
265.5 11 30
265.5 11 31
267.0 86 107
267.0 87 88
268.5 197 198
268.5 197 199
270.0 112 118
270.0 112 119
271.5 184 185
271.5 184 199
273.0 165 175
273.0 165 176
274.5 37 42
274.5 37 43
276.0 87 105
276.0 87 106
277.5 88 92
277.5 88 93
279.0 9 26
279.0 9 27
280.5 137 156
280.5 137 157
282.0 89 106
282.0 90 91
283.5 42 53
283.5 42 54
285.0 62 79
285.0 62 80
286.5 59 74
286.5 59 75
288.0 113 125
288.0 113 126
289.5 93 99
289.5 93 100
291.0 162 169
291.0 162 170
292.5 119 129
292.5 120 121
294.0 82 107
294.0 82 132
295.5 140 154
295.5 140 155
297.0 111 128
297.0 111 129
298.5 135 152
298.5 135 153
300.0 12 26
300.0 12 27
301.5 146 149
301.5 146 150
303.0 158 179
303.0 158 180
304.5 9 22
304.5 9 23
306.0 191 193
306.0 191 194
307.5 44 51
307.5 44 52
309.0 136 137
309.0 136 143
310.5 61 80
310.5 61 81
312.0 63 76
312.0 63 77
313.5 60 69
313.5 60 70
315.0 34 57
315.0 35 36
316.5 164 168
316.5 164 169
318.0 61 82
318.0 62 63
319.5 163 180
319.5 163 181
321.0 35 52
321.0 35 53
322.5 49 50
322.5 49 51
324.0 36 49
324.0 36 50
325.5 117 120
325.5 117 121
327.0 167 174
327.0 167 175
328.5 110 122
328.5 110 123
330.0 82 182
330.0 82 183
331.5 138 151
331.5 138 152
333.0 136 154
333.0 136 155
334.5 116 124
334.5 116 125
336.0 139 149
336.0 139 150
337.5 57 78
337.5 57 79
339.0 16 21
339.0 16 22
340.5 194 197
340.5 194 198
342.0 167 180
342.0 167 181
343.5 119 121
343.5 119 122
345.0 67 77
345.0 67 78
346.5 88 100
346.5 88 101
348.0 43 49
348.0 43 50
349.5 35 46
349.5 35 47
351.0 104 105
351.0 105 106
352.5 18 22
352.5 18 23
354.0 65 73
354.0 65 74
355.5 95 101
355.5 95 102
357.0 115 117
357.0 115 118
358.5 139 155
358.5 139 156
360.0 9 10
360.0 9 21
361.5 37 44
361.5 37 45
363.0 92 97
363.0 92 98
364.5 40 41
364.5 40 42
366.0 122 123
366.0 122 124
367.5 143 144
367.5 143 145
369.0 41 44
369.0 41 45
370.5 83 107
370.5 83 157
372.0 57 183
372.0 58 59
373.5 186 194
373.5 186 195
375.0 108 182
375.0 108 183
376.5 94 102
376.5 94 103
378.0 109 130
378.0 109 131
379.5 44 45
379.5 44 46
381.0 164 174
381.0 164 175
382.5 135 146
382.5 135 147
384.0 146 147
384.0 146 148
385.5 119 123
385.5 119 124
387.0 166 178
387.0 166 179
388.5 13 28
388.5 13 29
390.0 139 147
390.0 139 148
391.5 14 23
391.5 14 24
393.0 10 32
393.0 11 12
394.5 36 43
394.5 36 44
396.0 87 95
396.0 87 96
397.5 88 98
397.5 88 99
399.0 8 23
399.0 8 24
400.5 16 29
400.5 16 30
402.0 62 81
402.0 62 82
403.5 119 127
403.5 119 128
405.0 110 124
405.0 110 125
406.5 63 68
406.5 63 69
408.0 37 48
408.0 37 49
409.5 59 82
409.5 60 61
411.0 57 80
411.0 57 81
412.5 8 27
412.5 8 28
414.0 165 171
414.0 165 172
415.5 16 25
415.5 16 26
417.0 144 155
417.0 145 146
418.5 61 76
418.5 61 77
420.0 17 18
420.0 17 19
421.5 21 24
421.5 21 25
423.0 56 57
423.0 57 58
424.5 15 25
424.5 15 26
426.0 148 151
426.0 148 152
427.5 165 169
427.5 165 170
429.0 159 174
429.0 159 175
430.5 161 178
430.5 161 179
432.0 62 65
432.0 62 66
433.5 15 23
433.5 15 24
435.0 139 143
435.0 139 144
436.5 134 158
436.5 135 136
438.0 186 196
438.0 186 197
439.5 107 158
439.5 107 182
441.0 163 176
441.0 163 177
442.5 164 172
442.5 164 173
444.0 93 103
444.0 93 104
445.5 190 191
445.5 190 192
447.0 85 101
447.0 85 102
448.5 163 166
448.5 163 167
450.0 176 177
450.0 177 178
451.5 68 71
451.5 68 72
453.0 193 196
453.0 193 197
454.5 73 74
454.5 73 75
456.0 98 100
456.0 98 101
457.5 144 145
457.5 144 146
459.0 134 150
459.0 134 151
460.5 41 50
460.5 41 51
462.0 11 28
462.0 11 29
463.5 112 120
463.5 112 121
465.0 162 173
465.0 162 174
466.5 115 127
466.5 115 128
468.0 137 138
468.0 137 141
469.5 38 48
469.5 38 49
471.0 90 100
471.0 90 101
472.5 121 126
472.5 121 127
474.0 136 156
474.0 136 157
475.5 36 37
475.5 36 42
477.0 62 69
477.0 62 70
478.5 144 153
478.5 144 154
480.0 165 177
480.0 165 178
481.5 21 22
481.5 21 23
483.0 164 180
483.0 164 181
484.5 65 77
484.5 65 78
486.0 121 128
486.0 121 129
487.5 93 97
487.5 93 98
489.0 97 103
489.0 98 99
490.5 138 147
490.5 138 148
492.0 96 97
492.0 96 98
493.5 190 195
493.5 190 196
495.0 150 151
495.0 150 152
496.5 117 126
496.5 117 127
498.0 47 51
498.0 47 52
499.5 89 102
499.5 89 103
501.0 161 172
501.0 161 173
502.5 36 51
502.5 36 52
504.0 83 105
504.0 83 106
505.5 191 199
505.5 192 193
507.0 12 30
507.0 12 31
508.5 39 41
508.5 39 42
510.0 93 105
510.0 94 95
511.5 148 149
511.5 148 150
513.0 40 51
513.0 40 52
514.5 90 102
514.5 90 103
516.0 139 153
516.0 139 154
517.5 48 49
517.5 48 50
519.0 169 172
519.0 169 173
520.5 142 143
520.5 142 144
522.0 42 51
522.0 42 52
523.5 65 81
523.5 66 67
525.0 165 167
525.0 165 168
526.5 142 153
526.5 142 154
528.0 57 158
528.0 57 182
529.5 92 95
529.5 92 96
531.0 185 199
531.0 186 187
532.5 65 69
532.5 65 70
534.0 133 155
534.0 133 156
535.5 164 182
535.5 165 166
537.0 45 46
537.0 45 47
538.5 122 127
538.5 122 128
540.0 7 133
540.0 7 157
541.5 13 16
541.5 13 17
543.0 40 43
543.0 40 44
544.5 66 80
544.5 67 68
546.0 166 172
546.0 166 173
547.5 138 139
547.5 138 140
549.0 84 107
549.0 85 86
550.5 41 54
550.5 41 55
552.0 83 84
552.0 83 100
553.5 116 122
553.5 116 123
555.0 108 131
555.0 108 132
556.5 0 1
556.5 1 2
558.0 65 71
558.0 65 72
559.5 128 129
559.5 129 130
561.0 92 93
561.0 92 94
562.5 16 19
562.5 16 20
564.0 37 56
564.0 38 39
565.5 62 73
565.5 62 74
567.0 136 150
567.0 136 151
568.5 188 190
568.5 188 191
570.0 136 148
570.0 136 149
571.5 158 177
571.5 158 178
573.0 64 71
573.0 64 72
574.5 143 146
574.5 143 147
576.0 132 158
576.0 132 182
577.5 23 26
577.5 23 27
579.0 63 80
579.0 63 81
580.5 196 198
580.5 196 199
582.0 185 186
582.0 185 196
583.5 40 53
583.5 40 54
585.0 37 46
585.0 37 47
586.5 193 198
586.5 193 199
588.0 34 53
588.0 34 54
589.5 140 146
589.5 140 147
591.0 89 90
591.0 89 91
592.5 17 20
592.5 17 21
594.0 194 195
594.0 194 196
595.5 140 144
595.5 140 145
597.0 18 20
597.0 18 21
598.5 162 179
598.5 162 180
600.0 108 125
600.0 108 126
601.5 45 48
601.5 45 49
603.0 190 197
603.0 190 198
604.5 13 26
604.5 13 27
606.0 162 171
606.0 162 172
607.5 171 176
607.5 171 177
609.0 45 52
609.0 45 53
610.5 61 62
610.5 61 67
612.0 158 181
612.0 158 182
613.5 14 25
613.5 14 26
615.0 16 17
615.0 16 18
616.5 70 73
616.5 70 74
618.0 71 75
618.0 71 76
619.5 59 78
619.5 59 79
621.0 50 51
621.0 51 52
622.5 120 122
622.5 120 123
624.0 40 55
624.0 40 56
625.5 46 51
625.5 46 52
627.0 31 32
627.0 32 33
628.5 64 69
628.5 64 70
630.0 91 97
630.0 91 98
631.5 58 74
631.5 58 75
633.0 36 45
633.0 36 46
634.5 34 35
634.5 34 46
636.0 37 54
636.0 37 55
637.5 112 122
637.5 112 123
639.0 141 143
639.0 141 144
640.5 111 120
640.5 111 121
642.0 133 183
642.0 134 135
643.5 142 145
643.5 142 146
645.0 74 77
645.0 75 76
646.5 35 44
646.5 35 45
648.0 90 94
648.0 90 95
649.5 109 128
649.5 109 129
651.0 44 47
651.0 44 48
652.5 65 67
652.5 65 68
654.0 46 49
654.0 46 50
655.5 142 147
655.5 142 148
657.0 160 178
657.0 160 179
658.5 20 23
658.5 20 24
660.0 166 176
660.0 166 177
661.5 86 93
661.5 86 94
663.0 38 44
663.0 38 45
664.5 62 67
664.5 62 68
666.0 52 53
666.0 53 54
667.5 160 174
667.5 160 175
669.0 37 52
669.0 37 53
670.5 123 128
670.5 124 125
672.0 34 47
672.0 34 48
673.5 41 52
673.5 41 53
675.0 187 188
675.0 187 192
676.5 188 194
676.5 188 195
678.0 170 172
678.0 170 173
679.5 64 81
679.5 65 66
681.0 85 95
681.0 85 96
682.5 168 169
682.5 168 170
684.0 113 131
684.0 113 132
685.5 139 145
685.5 139 146
687.0 64 65
687.0 64 66
688.5 90 96
688.5 90 97
690.0 163 170
690.0 163 171
691.5 140 156
691.5 141 142
693.0 143 148
693.0 143 149
694.5 60 73
694.5 60 74
696.0 15 21
696.0 15 22
697.5 9 24
697.5 9 25
699.0 16 27
699.0 16 28
700.5 86 105
700.5 86 106
702.0 188 192
702.0 188 193
703.5 110 130
703.5 110 131
705.0 138 153
705.0 138 154
706.5 161 176
706.5 161 177
708.0 143 152
708.0 143 153
709.5 169 174
709.5 169 175
711.0 163 182
711.0 164 165
712.5 68 75
712.5 68 76
714.0 12 20
714.0 12 21
715.5 58 183
715.5 59 60
717.0 10 26
717.0 10 27
718.5 172 177
718.5 172 178
720.0 155 156
720.0 156 157
721.5 168 179
721.5 168 180
723.0 137 142
723.0 137 143
724.5 41 46
724.5 41 47
726.0 34 49
726.0 34 50
727.5 67 71
727.5 67 72
729.0 100 101
729.0 101 102
730.5 76 77
730.5 77 78
732.0 112 130
732.0 112 131
733.5 189 194
733.5 189 195
735.0 83 158
735.0 83 182
736.5 48 51
736.5 48 52
738.0 12 28
738.0 12 29
739.5 165 181
739.5 166 167
741.0 92 105
741.0 93 94
742.5 118 130
742.5 119 120
744.0 162 167
744.0 162 168
745.5 32 56
745.5 32 57
747.0 167 168
747.0 167 169
748.5 120 126
748.5 120 127
750.0 19 22
750.0 19 23
751.5 14 19
751.5 14 20
753.0 23 24
753.0 23 25
754.5 93 95
754.5 93 96
756.0 21 28
756.0 22 23
757.5 66 74
757.5 66 75
759.0 13 22
759.0 13 23
760.5 84 97
760.5 84 98
762.0 87 103
762.0 87 104
763.5 32 182
763.5 32 183
765.0 157 158
765.0 158 159
766.5 19 26
766.5 19 27
768.0 140 152
768.0 140 153
769.5 108 129
769.5 108 130
771.0 146 151
771.0 146 152
772.5 80 81
772.5 81 82
774.0 83 183
774.0 84 85
775.5 111 130
775.5 111 131
777.0 32 157
777.0 32 158
778.5 93 101
778.5 93 102
780.0 7 107
780.0 7 132
781.5 42 47
781.5 42 48
783.0 88 90
783.0 88 91
784.5 72 73
784.5 72 74
786.0 116 128
786.0 116 129
787.5 168 177
787.5 168 178
789.0 136 146
789.0 136 147
790.5 142 151
790.5 142 152
792.0 189 190
792.0 189 191
793.5 94 104
793.5 95 96
795.0 188 196
795.0 188 197
796.5 37 40
796.5 37 41
798.0 63 70
798.0 63 71
799.5 32 132
799.5 32 133
801.0 166 180
801.0 166 181
802.5 34 51
802.5 34 52
804.0 88 102
804.0 88 103
805.5 66 72
805.5 66 73
807.0 186 198
807.0 186 199
808.5 88 94
808.5 88 95
810.0 67 69
810.0 67 70
811.5 135 150
811.5 135 151
813.0 113 115
813.0 113 116
814.5 160 161
814.5 160 171
816.0 194 199
816.0 195 196
817.5 66 70
817.5 66 71
819.0 72 75
819.0 72 76
820.5 187 195
820.5 187 196
822.0 7 158
822.0 7 182
823.5 161 170
823.5 161 171
825.0 14 31
825.0 15 16
826.5 39 47
826.5 39 48
828.0 190 199
828.0 191 192
829.5 39 55
829.5 39 56
831.0 38 40
831.0 38 41
832.5 18 28
832.5 18 29
834.0 178 179
834.0 179 180
835.5 161 180
835.5 161 181
837.0 85 97
837.0 85 98
838.5 11 22
838.5 11 23
840.0 125 126
840.0 125 127
841.5 66 68
841.5 66 69
843.0 84 105
843.0 84 106
844.5 17 26
844.5 17 27
846.0 102 103
846.0 103 104
847.5 115 121
847.5 115 122
849.0 43 45
849.0 43 46
850.5 8 31
850.5 8 32
852.0 159 176
852.0 159 177
853.5 74 75
853.5 74 76
855.0 140 148
855.0 140 149
856.5 173 178
856.5 174 175
858.0 114 121
858.0 114 122
859.5 41 42
859.5 41 43
861.0 111 126
861.0 111 127
862.5 12 22
862.5 12 23
864.0 11 32
864.0 12 13
865.5 117 128
865.5 117 129
867.0 147 148
867.0 147 149
868.5 15 19
868.5 15 20
870.0 161 162
870.0 161 169
871.5 95 97
871.5 95 98
873.0 195 197
873.0 195 198
874.5 70 77
874.5 70 78
876.0 39 51
876.0 39 52
877.5 189 196
877.5 189 197
879.0 64 77
879.0 64 78
880.5 162 177
880.5 162 178
882.0 161 174
882.0 161 175
883.5 62 75
883.5 62 76
885.0 167 170
885.0 167 171
886.5 160 182
886.5 160 183
888.0 65 75
888.0 65 76
889.5 18 26
889.5 18 27
891.0 188 198
891.0 188 199
892.5 46 47
892.5 46 48
894.0 90 104
894.0 90 105
895.5 9 28
895.5 9 29
897.0 116 120
897.0 116 121
898.5 106 107
898.5 107 108
900.0 114 131
900.0 115 116
901.5 148 153
901.5 149 150
903.0 99 101
903.0 99 102
904.5 7 57
904.5 7 82
906.0 89 94
906.0 89 95
907.5 91 95
907.5 91 96
909.0 92 101
909.0 92 102
910.5 96 103
910.5 97 98
912.0 42 43
912.0 42 44
913.5 59 76
913.5 59 77
915.0 22 24
915.0 22 25
916.5 164 176
916.5 164 177
918.0 10 20
918.0 10 21
919.5 63 74
919.5 63 75
921.0 63 64
921.0 63 65
922.5 112 128
922.5 112 129
924.0 35 48
924.0 35 49
925.5 38 56
925.5 39 40
927.0 60 79
927.0 60 80
928.5 114 127
928.5 114 128
930.0 141 151
930.0 141 152
931.5 78 79
931.5 79 80
933.0 73 76
933.0 73 77
934.5 144 147
934.5 144 148
936.0 134 154
936.0 134 155
937.5 45 50
937.5 45 51
939.0 171 174
939.0 171 175
940.5 63 72
940.5 63 73
942.0 137 144
942.0 137 145
943.5 113 123
943.5 113 124
945.0 58 78
945.0 58 79
946.5 13 24
946.5 13 25
948.0 118 122
948.0 118 123
949.5 12 18
949.5 12 19
951.0 15 27
951.0 15 28
952.5 172 173
952.5 172 174
954.0 36 53
954.0 36 54
955.5 68 73
955.5 68 74
957.0 10 30
957.0 10 31
958.5 41 48
958.5 41 49
960.0 35 50
960.0 35 51
961.5 69 72
961.5 69 73
963.0 11 18
963.0 11 19
964.5 10 28
964.5 10 29
966.0 191 195
966.0 191 196
967.5 84 103
967.5 84 104
969.0 38 54
969.0 38 55
970.5 141 155
970.5 141 156
972.0 133 157
972.0 133 158
973.5 89 98
973.5 89 99
975.0 115 125
975.0 115 126
976.5 91 105
976.5 91 106
978.0 85 99
978.0 85 100
979.5 117 118
979.5 117 119
981.0 110 120
981.0 110 121
982.5 175 176
982.5 175 177
984.0 163 178
984.0 163 179
985.5 149 151
985.5 149 152
987.0 159 178
987.0 159 179
988.5 112 132
988.5 113 114
990.0 142 155
990.0 142 156
991.5 138 149
991.5 138 150
993.0 110 128
993.0 110 129
994.5 60 77
994.5 60 78
996.0 68 77
996.0 68 78
997.5 135 148
997.5 135 149
999.0 13 20
999.0 13 21
1000.5 17 28
1000.5 17 29
1002.0 70 79
1002.0 71 72
1003.5 82 83
1003.5 82 104
1005.0 123 124
1005.0 123 125
1006.5 64 67
1006.5 64 68
1008.0 61 70
1008.0 61 71
1009.5 167 176
1009.5 167 177
1011.0 117 124
1011.0 117 125
1012.5 33 54
1012.5 33 55
1014.0 39 49
1014.0 39 50
1015.5 168 173
1015.5 168 174
1017.0 145 151
1017.0 145 152
1018.5 109 126
1018.5 109 127
1020.0 39 53
1020.0 39 54
1021.5 109 110
1021.5 109 123
1023.0 96 99
1023.0 96 100
1024.5 169 178
1024.5 169 179
1026.0 27 28
1026.0 28 29
1027.5 138 141
1027.5 138 142
1029.0 134 148
1029.0 134 149
1030.5 164 170
1030.5 164 171
1032.0 171 178
1032.0 171 179
1033.5 11 26
1033.5 11 27
1035.0 36 47
1035.0 36 48
1036.5 69 74
1036.5 69 75
1038.0 171 172
1038.0 171 173
1039.5 141 149
1039.5 141 150
1041.0 2 3
1041.0 3 4
1042.5 166 174
1042.5 166 175
1044.0 60 75
1044.0 60 76
1045.5 11 24
1045.5 11 25
1047.0 114 115
1047.0 114 116
1048.5 70 75
1048.5 70 76
1050.0 91 99
1050.0 91 100
1051.5 66 78
1051.5 66 79
1053.0 97 101
1053.0 97 102
1054.5 110 132
1054.5 111 112
1056.0 17 30
1056.0 18 19
1057.5 67 75
1057.5 67 76
1059.0 90 106
1059.0 91 92
1060.5 109 124
1060.5 109 125
1062.0 134 156
1062.0 134 157
1063.5 145 153
1063.5 145 154
1065.0 83 101
1065.0 83 102
1066.5 64 75
1066.5 64 76
1068.0 141 147
1068.0 141 148
1069.5 132 183
1069.5 133 134
1071.0 115 129
1071.0 115 130
1072.5 189 192
1072.5 189 193
1074.0 33 52
1074.0 33 53
1075.5 136 152
1075.5 136 153
1077.0 86 101
1077.0 86 102
1078.5 168 171
1078.5 168 172
1080.0 61 74
1080.0 61 75
1081.5 108 157
1081.5 108 158
1083.0 14 17
1083.0 14 18
1084.5 117 130
1084.5 118 119
1086.0 173 174
1086.0 173 175
1087.5 144 151
1087.5 144 152
1089.0 162 175
1089.0 162 176
1090.5 135 154
1090.5 135 155
1092.0 37 50
1092.0 37 51
1093.5 91 103
1093.5 91 104
1095.0 42 55
1095.0 43 44
1096.5 134 152
1096.5 134 153
1098.0 58 80
1098.0 58 81
1099.5 85 107
1099.5 86 87
1101.0 116 130
1101.0 116 131
1102.5 19 28
1102.5 19 29
1104.0 17 24
1104.0 17 25
1105.5 163 172
1105.5 163 173
1107.0 42 45
1107.0 42 46
1108.5 89 104
1108.5 89 105
1110.0 91 101
1110.0 91 102
1111.5 138 143
1111.5 138 144
1113.0 87 93
1113.0 87 94
1114.5 94 98
1114.5 94 99
1116.0 64 79
1116.0 64 80
1117.5 17 22
1117.5 17 23
1119.0 146 153
1119.0 146 154
1120.5 111 132
1120.5 112 113
1122.0 95 99
1122.0 95 100
1123.5 64 73
1123.5 64 74
1125.0 160 180
1125.0 160 181
1126.5 87 101
1126.5 87 102
1128.0 71 73
1128.0 71 74
1129.5 38 46
1129.5 38 47
1131.0 13 30
1131.0 13 31
1132.5 43 51
1132.5 43 52
1134.0 21 26
1134.0 21 27
1135.5 84 101
1135.5 84 102
1137.0 113 121
1137.0 113 122
1138.5 62 71
1138.5 62 72
1140.0 158 183
1140.0 159 160
1141.5 170 174
1141.5 170 175
1143.0 115 123
1143.0 115 124
1144.5 163 164
1144.5 163 165
1146.0 109 132
1146.0 110 111
1147.5 136 144
1147.5 136 145
1149.0 145 149
1149.0 145 150
1150.5 118 124
1150.5 118 125
1152.0 10 24
1152.0 10 25
1153.5 166 170
1153.5 166 171
1155.0 137 150
1155.0 137 151
1156.5 107 183
1156.5 108 109
1158.0 35 54
1158.0 35 55
1159.5 39 45
1159.5 39 46
1161.0 32 54
1161.0 32 55
1162.5 121 124
1162.5 121 125
1164.0 143 154
1164.0 143 155
1165.5 20 25
1165.5 20 26
1167.0 14 27
1167.0 14 28
1168.5 90 98
1168.5 90 99
1170.0 117 122
1170.0 117 123
1171.5 60 71
1171.5 60 72
1173.0 111 118
1173.0 111 119
1174.5 18 24
1174.5 18 25
1176.0 163 174
1176.0 163 175
1177.5 112 116
1177.5 112 117
1179.0 24 25
1179.0 24 26
1180.5 112 124
1180.5 112 125
1182.0 88 104
1182.0 88 105
1183.5 114 119
1183.5 114 120
1185.0 170 176
1185.0 170 177
1186.5 72 77
1186.5 72 78
1188.0 133 151
1188.0 133 152
1189.5 29 30
1189.5 30 31
1191.0 98 102
1191.0 99 100
1192.5 86 99
1192.5 86 100
1194.0 38 42
1194.0 38 43
1195.5 32 52
1195.5 32 53
1197.0 59 72
1197.0 59 73
1198.5 174 176
1198.5 174 177
1200.0 162 181
1200.0 162 182
1201.5 138 155
1201.5 138 156
1203.0 40 49
1203.0 40 50
1204.5 114 129
1204.5 114 130
1206.0 116 126
1206.0 116 127
1207.5 112 126
1207.5 112 127
1209.0 7 27
1209.0 7 28
1210.5 113 119
1210.5 113 120
1212.0 159 182
1212.0 159 183
1213.5 36 57
1213.5 37 38
1215.0 85 105
1215.0 85 106
1216.5 108 127
1216.5 108 128
1218.0 69 70
1218.0 69 71
1219.5 87 97
1219.5 87 98
1221.0 83 103
1221.0 83 104
1222.5 15 29
1222.5 15 30
1224.0 35 56
1224.0 35 57
1225.5 46 53
1225.5 47 48
