0 102 104
0 102 105
1.5 6 19
1.5 6 20
3.0 70 86
3.0 70 87
4.5 66 67
4.5 66 79
6.0 41 113
6.0 41 114
7.5 81 84
7.5 81 85
9.0 148 151
9.0 148 152
10.5 48 57
10.5 48 58
12.0 41 42
12.0 41 43
13.5 4 15
13.5 4 16
15.0 157 158
15.0 158 159
16.5 150 154
16.5 150 155
18.0 50 59
18.0 50 60
19.5 195 197
19.5 195 198
21.0 79 80
21.0 80 81
22.5 153 156
22.5 153 157
24.0 6 23
24.0 7 8
25.5 166 181
25.5 166 182
27.0 41 65
27.0 41 66
28.5 169 191
28.5 169 192
30.0 5 15
30.0 5 16
31.5 158 191
31.5 158 192
33.0 147 149
33.0 147 150
34.5 150 152
34.5 150 153
36.0 34 38
36.0 34 39
37.5 64 65
37.5 64 79
39.0 42 67
39.0 42 78
40.5 17 20
40.5 17 21
42.0 45 46
42.0 45 47
43.5 120 125
43.5 120 126
45.0 8 11
45.0 8 12
46.5 146 154
46.5 146 155
48.0 116 117
48.0 116 118
49.5 161 164
49.5 161 165
51.0 43 45
51.0 43 46
52.5 41 84
52.5 41 85
54.0 145 150
54.0 145 151
55.5 142 155
55.5 142 156
57.0 167 184
57.0 167 185
58.5 26 30
58.5 26 31
60.0 61 83
60.0 61 84
61.5 45 64
61.5 45 79
63.0 44 86
63.0 44 87
64.5 165 187
64.5 165 188
66.0 167 192
66.0 168 169
67.5 159 189
67.5 159 190
69.0 46 86
69.0 46 87
70.5 16 18
70.5 16 19
72.0 43 57
72.0 43 58
73.5 97 98
73.5 97 99
75.0 71 81
75.0 71 82
76.5 134 139
76.5 134 140
78.0 28 29
78.0 28 30
79.5 69 84
79.5 69 85
81.0 91 93
81.0 91 94
82.5 43 49
82.5 43 56
84.0 66 80
84.0 66 81
85.5 47 85
85.5 47 86
87.0 41 57
87.0 41 58
88.5 49 57
88.5 49 58
90.0 134 141
90.0 135 136
91.5 187 188
91.5 187 189
93.0 179 190
93.0 179 191
94.5 55 57
94.5 56 57
96.0 26 34
96.0 26 35
97.5 103 107
97.5 103 108
99.0 169 175
99.0 169 176
100.5 44 61
100.5 44 62
102.0 30 34
102.0 30 35
103.5 129 130
103.5 129 131
105.0 91 97
105.0 91 98
106.5 25 30
106.5 25 31
108.0 148 155
108.0 148 156
109.5 40 100
109.5 40 101
111.0 49 61
111.0 49 62
112.5 66 84
112.5 66 85
114.0 46 60
114.0 46 61
115.5 196 198
115.5 196 199
117.0 62 82
117.0 62 83
118.5 143 153
118.5 143 154
120.0 103 111
120.0 103 112
121.5 129 140
121.5 129 141
123.0 102 110
123.0 102 111
124.5 4 23
124.5 5 6
126.0 53 55
126.0 53 56
127.5 161 188
127.5 161 189
129.0 67 68
129.0 67 78
130.5 40 55
130.5 40 56
132.0 129 134
132.0 129 135
133.5 144 155
133.5 144 156
135.0 110 111
135.0 110 112
136.5 167 168
136.5 167 175
138.0 147 153
138.0 147 154
139.5 31 36
139.5 31 37
141.0 161 190
141.0 161 191
142.5 72 85
142.5 72 86
144.0 161 168
144.0 161 175
145.5 42 85
145.5 42 86
147.0 40 61
147.0 40 62
148.5 149 158
148.5 150 151
150.0 121 123
150.0 121 124
151.5 66 82
151.5 66 83
153.0 102 114
153.0 103 104
154.5 168 180
154.5 168 186
156.0 160 165
156.0 160 166
157.5 171 177
157.5 171 178
159.0 161 184
159.0 161 185
160.5 114 142
160.5 114 158
162.0 32 35
162.0 32 36
163.5 42 83
163.5 42 84
165.0 65 80
165.0 65 81
166.5 50 86
166.5 50 87
168.0 160 161
168.0 160 162
169.5 41 86
169.5 41 87
171.0 126 127
171.0 127 128
172.5 143 149
172.5 143 150
174.0 101 102
174.0 101 107
175.5 115 121
175.5 115 122
177.0 132 139
177.0 132 140
178.5 161 186
178.5 161 187
180.0 47 81
180.0 47 82
181.5 41 82
181.5 41 83
183.0 11 12
183.0 12 13
184.5 119 120
184.5 119 121
186.0 137 138
186.0 137 139
187.5 42 87
187.5 43 44
189.0 115 125
189.0 115 126
190.5 6 10
190.5 6 11
192.0 160 163
192.0 160 164
193.5 42 81
193.5 42 82
195.0 46 82
195.0 46 83
196.5 43 81
196.5 43 82
198.0 27 33
198.0 27 34
199.5 42 57
199.5 42 58
201.0 24 35
201.0 24 36
202.5 2 12
202.5 2 13
204.0 25 28
204.0 25 29
205.5 159 163
205.5 159 164
207.0 149 152
207.0 149 153
208.5 75 78
208.5 76 77
210.0 122 124
210.0 122 125
211.5 64 84
211.5 64 85
213.0 42 48
213.0 42 49
214.5 5 17
214.5 5 18
216.0 109 112
216.0 109 113
217.5 185 191
217.5 186 187
219.0 89 100
219.0 90 91
220.5 106 109
220.5 106 110
222.0 160 187
222.0 160 188
223.5 151 157
223.5 152 153
225.0 4 21
225.0 4 22
226.5 186 188
226.5 186 189
228.0 101 112
228.0 101 113
229.5 24 31
229.5 24 32
231.0 35 36
231.0 35 37
232.5 167 178
232.5 167 179
234.0 148 157
234.0 148 158
235.5 135 141
235.5 136 137
237.0 109 110
237.0 109 111
238.5 69 86
238.5 69 87
240.0 51 56
240.0 51 57
241.5 71 85
241.5 71 86
243.0 91 99
243.0 91 100
244.5 164 177
244.5 164 178
246.0 188 191
246.0 189 190
247.5 173 174
247.5 173 175
249.0 57 58
249.0 58 59
250.5 164 181
250.5 164 182
252.0 45 58
252.0 45 59
253.5 41 50
253.5 41 51
255.0 114 125
255.0 114 126
256.5 106 113
256.5 107 108
258.0 47 58
258.0 47 59
259.5 31 34
259.5 31 35
261.0 45 62
261.0 45 63
262.5 43 47
262.5 43 48
264.0 64 82
264.0 64 83
265.5 1 15
265.5 1 16
267.0 180 191
267.0 180 192
268.5 42 44
268.5 42 45
270.0 0 15
270.0 0 16
271.5 144 157
271.5 144 158
273.0 128 140
273.0 128 141
274.5 27 37
274.5 27 38
276.0 114 123
276.0 114 124
277.5 53 57
277.5 53 58
279.0 161 180
279.0 161 181
280.5 167 188
280.5 167 189
282.0 164 191
282.0 164 192
283.5 161 182
283.5 161 183
285.0 64 80
285.0 64 81
286.5 5 13
286.5 5 14
288.0 32 39
288.0 33 34
289.5 130 140
289.5 130 141
291.0 14 23
291.0 15 16
292.5 119 124
292.5 119 125
294.0 166 179
294.0 166 180
295.5 160 183
295.5 160 184
297.0 101 108
297.0 101 109
298.5 165 177
298.5 165 178
300.0 133 138
300.0 133 139
301.5 67 85
301.5 67 86
303.0 149 154
303.0 149 155
304.5 153 154
304.5 153 155
306.0 1 13
306.0 1 14
307.5 146 156
307.5 146 157
309.0 92 95
309.0 92 96
310.5 10 11
310.5 10 12
312.0 151 153
312.0 151 154
313.5 162 187
313.5 162 188
315.0 132 135
315.0 132 136
316.5 111 112
316.5 112 113
318.0 40 59
318.0 40 60
319.5 113 114
319.5 114 115
321.0 115 127
321.0 115 128
322.5 183 187
322.5 183 188
324.0 106 107
324.0 106 108
325.5 7 11
325.5 7 12
327.0 50 61
327.0 50 85
328.5 143 155
328.5 143 156
330.0 3 19
330.0 3 20
331.5 170 174
331.5 170 175
333.0 73 80
333.0 74 75
334.5 160 169
334.5 160 174
336.0 149 150
336.0 149 151
337.5 163 180
337.5 163 181
339.0 41 78
339.0 41 79
340.5 40 113
340.5 40 114
342.0 62 84
342.0 62 85
343.5 69 70
343.5 69 77
345.0 187 190
345.0 187 191
346.5 67 81
346.5 67 82
348.0 143 151
348.0 143 152
349.5 103 113
349.5 103 114
351.0 158 185
351.0 158 186
352.5 54 56
352.5 54 57
354.0 30 32
354.0 30 33
355.5 130 138
355.5 130 139
357.0 118 126
357.0 118 127
358.5 68 82
358.5 68 83
360.0 3 23
360.0 4 5
361.5 159 167
361.5 159 168
363.0 164 187
363.0 164 188
364.5 16 20
364.5 16 21
366.0 158 181
366.0 158 182
367.5 23 24
367.5 23 40
369.0 145 148
369.0 145 149
370.5 41 127
370.5 41 128
372.0 83 85
372.0 83 86
373.5 3 15
373.5 3 16
375.0 146 158
375.0 147 148
376.5 2 20
376.5 2 21
378.0 168 176
378.0 168 177
379.5 162 177
379.5 162 178
381.0 147 155
381.0 147 156
382.5 90 98
382.5 90 99
384.0 129 136
384.0 129 137
385.5 43 79
385.5 43 80
387.0 129 142
387.0 130 131
388.5 17 22
388.5 17 23
390.0 165 183
390.0 165 184
391.5 26 40
391.5 27 28
393.0 101 158
393.0 102 103
394.5 103 105
394.5 103 106
396.0 197 198
396.0 197 199
397.5 26 38
397.5 26 39
399.0 121 125
399.0 121 126
400.5 53 59
400.5 54 55
402.0 40 86
402.0 40 87
403.5 96 98
403.5 96 99
405.0 65 82
405.0 65 83
406.5 154 155
406.5 154 156
408.0 29 31
408.0 29 32
409.5 59 60
409.5 60 61
411.0 3 17
411.0 3 18
412.5 124 126
412.5 125 126
414.0 116 125
414.0 116 126
415.5 18 23
415.5 19 20
417.0 95 97
417.0 95 98
418.5 122 126
418.5 122 127
420.0 28 31
420.0 28 32
421.5 123 126
421.5 124 125
423.0 159 185
423.0 159 186
424.5 182 192
424.5 183 184
426.0 26 28
426.0 26 29
427.5 181 188
427.5 181 189
429.0 46 47
429.0 46 57
430.5 50 57
430.5 50 58
432.0 71 83
432.0 71 84
433.5 165 179
433.5 165 180
435.0 115 123
435.0 115 124
436.5 65 84
436.5 65 85
438.0 102 108
438.0 102 109
439.5 117 119
439.5 117 120
441.0 98 99
441.0 99 100
442.5 166 177
442.5 166 178
444.0 132 141
444.0 132 142
445.5 150 158
445.5 151 152
447.0 133 136
447.0 133 137
448.5 114 127
448.5 114 128
450.0 49 86
450.0 49 87
451.5 35 38
451.5 35 39
453.0 61 87
453.0 62 63
454.5 46 62
454.5 46 63
456.0 47 48
456.0 47 57
457.5 28 39
457.5 29 30
459.0 132 133
459.0 132 134
460.5 89 94
460.5 89 95
462.0 169 179
462.0 169 188
463.5 47 60
463.5 47 61
465.0 162 189
465.0 162 190
466.5 64 86
466.5 64 87
468.0 160 181
468.0 160 182
469.5 46 58
469.5 46 59
471.0 28 35
471.0 28 36
472.5 49 59
472.5 49 60
474.0 18 19
474.0 18 20
475.5 90 96
475.5 90 97
477.0 93 96
477.0 93 97
478.5 180 189
478.5 180 190
480.0 134 137
480.0 134 138
481.5 40 57
481.5 40 58
483.0 159 191
483.0 159 192
484.5 173 176
484.5 174 175
486.0 89 98
486.0 89 99
487.5 148 149
487.5 148 150
489.0 30 38
489.0 30 39
490.5 40 127
490.5 40 128
492.0 161 162
492.0 161 163
493.5 25 36
493.5 25 37
495.0 183 189
495.0 183 190
496.5 184 185
496.5 184 186
498.0 38 39
498.0 39 40
499.5 7 22
499.5 7 23
501.0 29 39
501.0 30 31
502.5 128 129
502.5 128 135
504.0 116 127
504.0 117 118
505.5 162 185
505.5 162 186
507.0 163 190
507.0 163 191
508.5 47 83
508.5 47 84
510.0 48 59
510.0 48 60
511.5 135 137
511.5 135 138
513.0 27 29
513.0 27 30
514.5 44 82
514.5 44 83
516.0 145 146
516.0 145 147
517.5 41 63
517.5 41 64
519.0 128 142
519.0 128 158
520.5 169 177
520.5 169 178
522.0 25 26
522.0 25 27
523.5 184 187
523.5 184 188
525.0 179 188
525.0 179 189
526.5 15 19
526.5 15 20
528.0 40 67
528.0 40 68
529.5 162 191
529.5 162 192
531.0 88 99
531.0 88 100
532.5 48 84
532.5 48 85
534.0 14 21
534.0 14 22
535.5 105 106
535.5 105 107
537.0 0 19
537.0 0 20
538.5 145 156
538.5 145 157
540.0 89 90
540.0 89 91
541.5 128 136
541.5 128 137
543.0 41 59
543.0 41 60
544.5 181 190
544.5 181 191
546.0 158 189
546.0 158 190
547.5 40 50
547.5 40 51
549.0 31 32
549.0 31 33
550.5 130 134
550.5 130 135
552.0 44 59
552.0 44 60
553.5 1 23
553.5 2 3
555.0 144 151
555.0 144 152
556.5 51 60
556.5 52 53
558.0 162 181
558.0 162 182
559.5 4 17
559.5 4 18
561.0 33 39
561.0 34 35
562.5 61 62
562.5 61 82
564.0 68 86
564.0 68 87
565.5 1 21
565.5 1 22
567.0 24 37
567.0 24 38
568.5 158 177
568.5 158 178
570.0 92 97
570.0 92 98
571.5 41 192
571.5 42 43
573.0 66 86
573.0 66 87
574.5 168 189
574.5 168 190
576.0 28 37
576.0 28 38
577.5 118 120
577.5 118 121
579.0 159 175
579.0 159 176
580.5 163 176
580.5 163 177
582.0 181 182
582.0 181 183
583.5 162 183
583.5 162 184
585.0 93 100
585.0 94 95
586.5 136 140
586.5 136 141
588.0 29 33
588.0 29 34
589.5 160 177
589.5 160 178
591.0 2 16
591.0 2 17
592.5 44 80
592.5 44 81
594.0 105 108
594.0 105 109
595.5 70 82
595.5 70 83
597.0 41 48
597.0 41 49
598.5 193 196
598.5 193 197
600.0 4 13
600.0 4 14
601.5 177 178
601.5 178 179
603.0 164 183
603.0 164 184
604.5 42 59
604.5 42 60
606.0 117 127
606.0 118 119
607.5 27 31
607.5 27 32
609.0 168 191
609.0 168 192
610.5 104 105
610.5 104 106
612.0 4 11
612.0 4 12
613.5 132 137
613.5 132 138
615.0 4 19
615.0 4 20
616.5 93 94
616.5 93 95
618.0 152 156
618.0 152 157
619.5 70 80
619.5 70 81
621.0 159 165
621.0 159 166
622.5 7 15
622.5 7 21
624.0 162 166
624.0 162 167
625.5 148 153
625.5 148 154
627.0 71 87
627.0 72 73
628.5 172 176
628.5 172 177
630.0 186 190
630.0 186 191
631.5 175 176
631.5 176 177
633.0 108 110
633.0 108 111
634.5 151 155
634.5 151 156
636.0 181 192
636.0 182 183
637.5 73 76
637.5 73 77
639.0 147 151
639.0 147 152
640.5 67 87
640.5 68 69
642.0 41 46
642.0 41 47
643.5 5 21
643.5 5 22
645.0 16 22
645.0 16 23
646.5 43 85
646.5 43 86
648.0 165 189
648.0 165 190
649.5 164 179
649.5 164 180
651.0 45 84
651.0 45 85
652.5 81 82
652.5 81 83
654.0 34 36
654.0 34 37
655.5 63 82
655.5 63 83
657.0 107 111
657.0 107 112
658.5 40 80
658.5 40 81
660.0 159 160
660.0 159 162
661.5 65 86
661.5 65 87
663.0 170 178
663.0 170 179
664.5 41 100
664.5 41 101
666.0 45 86
666.0 45 87
667.5 115 119
667.5 115 120
669.0 40 82
669.0 40 83
670.5 44 63
670.5 44 64
672.0 27 35
672.0 27 36
673.5 194 197
673.5 194 198
675.0 63 64
675.0 63 79
676.5 164 166
676.5 164 176
678.0 179 192
678.0 180 181
679.5 21 22
679.5 22 23
681.0 71 79
681.0 71 80
682.5 45 82
682.5 45 83
684.0 131 137
684.0 131 138
685.5 40 78
685.5 40 79
687.0 182 184
687.0 182 185
688.5 3 21
688.5 3 22
690.0 166 183
690.0 166 184
691.5 29 37
691.5 29 38
693.0 166 187
693.0 166 188
694.5 130 142
694.5 131 132
696.0 161 178
696.0 161 179
697.5 67 79
697.5 67 80
699.0 180 187
699.0 180 188
700.5 198 199
702.0 41 142
702.0 41 158
703.5 195 199
703.5 196 197
705.0 88 95
705.0 88 96
706.5 40 141
706.5 40 142
708.0 162 175
708.0 162 176
709.5 165 166
709.5 165 176
711.0 5 23
711.0 6 7
712.5 87 99
712.5 87 100
714.0 45 80
714.0 45 81
715.5 161 176
715.5 161 177
717.0 170 176
717.0 170 177
718.5 183 185
718.5 183 186
720.0 168 178
720.0 168 179
721.5 128 138
721.5 128 139
723.0 41 80
723.0 41 81
724.5 147 157
724.5 147 158
726.0 72 79
726.0 72 80
727.5 15 23
727.5 16 17
729.0 90 94
729.0 90 95
730.5 183 191
730.5 183 192
732.0 163 188
732.0 163 189
733.5 45 48
733.5 45 57
735.0 48 82
735.0 48 83
736.5 70 78
736.5 70 79
738.0 181 186
738.0 181 187
739.5 165 181
739.5 165 182
741.0 40 48
741.0 40 49
742.5 117 123
742.5 117 124
744.0 13 14
744.0 14 15
745.5 41 55
745.5 41 56
747.0 0 17
747.0 0 18
748.5 44 48
748.5 44 49
750.0 48 86
750.0 48 87
751.5 166 185
751.5 166 186
753.0 25 34
753.0 25 35
754.5 105 110
754.5 105 111
756.0 121 127
756.0 122 123
757.5 142 153
757.5 142 154
759.0 93 98
759.0 93 99
760.5 163 186
760.5 163 187
762.0 131 139
762.0 131 140
763.5 54 58
763.5 55 56
765.0 75 76
765.0 75 77
766.5 43 61
766.5 43 62
768.0 28 33
768.0 28 34
769.5 158 183
769.5 158 184
771.0 43 59
771.0 43 60
772.5 2 22
772.5 2 23
774.0 178 192
774.0 179 180
775.5 61 85
775.5 61 86
777.0 80 85
777.0 80 86
778.5 191 192
778.5 192 193
780.0 181 184
780.0 181 185
781.5 84 85
781.5 85 86
783.0 42 65
783.0 42 66
784.5 44 46
784.5 44 47
786.0 41 61
786.0 41 62
787.5 140 141
787.5 141 142
789.0 168 174
789.0 168 175
790.5 52 58
790.5 52 59
792.0 159 169
792.0 159 174
793.5 63 80
793.5 63 81
795.0 159 187
795.0 159 188
796.5 49 50
796.5 49 56
798.0 133 134
798.0 133 135
799.5 5 19
799.5 5 20
801.0 94 98
801.0 94 99
802.5 65 66
802.5 65 79
804.0 3 13
804.0 3 14
805.5 67 83
805.5 67 84
807.0 52 54
807.0 52 55
808.5 29 35
808.5 29 36
810.0 144 145
810.0 144 146
811.5 63 86
811.5 63 87
813.0 166 189
813.0 166 190
814.5 42 79
814.5 42 80
816.0 48 80
816.0 48 81
817.5 0 23
817.5 1 2
819.0 146 148
819.0 146 149
820.5 40 65
820.5 40 66
822.0 120 121
822.0 120 122
823.5 43 83
823.5 43 84
825.0 166 167
825.0 166 176
826.5 168 187
826.5 168 188
828.0 95 99
828.0 96 97
829.5 68 84
829.5 68 85
831.0 107 109
831.0 107 110
832.5 158 179
832.5 158 180
834.0 142 157
834.0 142 158
835.5 87 101
835.5 87 114
837.0 160 189
837.0 160 190
838.5 170 192
838.5 171 172
840.0 33 35
840.0 33 36
841.5 160 175
841.5 160 176
843.0 167 190
843.0 167 191
844.5 68 80
844.5 68 81
846.0 104 113
846.0 104 114
847.5 71 77
847.5 71 78
849.0 145 154
849.0 145 155
850.5 101 110
850.5 101 111
852.0 120 127
852.0 121 122
853.5 88 101
853.5 88 114
855.0 150 156
855.0 150 157
856.5 170 190
856.5 170 191
858.0 6 16
858.0 6 18
859.5 92 99
859.5 92 100
861.0 30 36
861.0 30 37
862.5 129 138
862.5 129 139
864.0 52 60
864.0 53 54
865.5 70 71
865.5 70 77
867.0 154 157
867.0 155 156
868.5 0 1
868.5 0 14
870.0 1 19
870.0 1 20
871.5 9 12
871.5 9 13
873.0 160 167
873.0 160 168
874.5 170 171
874.5 170 173
876.0 116 123
876.0 116 124
877.5 172 174
877.5 172 175
879.0 69 78
879.0 69 79
880.5 92 93
880.5 92 94
882.0 146 150
882.0 146 151
883.5 193 198
883.5 193 199
885.0 107 113
885.0 108 109
886.5 3 4
886.5 3 12
888.0 159 183
888.0 159 184
889.5 182 188
889.5 182 189
891.0 42 63
891.0 42 64
892.5 25 32
892.5 25 33
894.0 160 179
894.0 160 180
895.5 131 135
895.5 131 136
897.0 7 9
897.0 7 10
898.5 41 67
898.5 41 68
900.0 165 191
900.0 165 192
901.5 45 60
901.5 45 61
903.0 108 112
903.0 108 113
904.5 162 164
904.5 162 165
906.0 189 191
906.0 190 191
907.5 169 189
907.5 169 190
909.0 50 51
909.0 50 56
910.5 40 41
910.5 40 47
912.0 71 72
912.0 71 76
913.5 90 92
913.5 90 93
915.0 116 121
915.0 116 122
916.5 41 44
916.5 41 45
918.0 42 46
918.0 42 47
919.5 135 139
919.5 135 140
921.0 5 11
921.0 5 12
922.5 40 84
922.5 40 85
924.0 51 52
924.0 51 55
925.5 27 39
925.5 27 40
927.0 74 78
927.0 74 79
928.5 145 152
928.5 145 153
930.0 143 157
930.0 143 158
931.5 77 78
931.5 78 79
933.0 134 135
933.0 134 136
934.5 182 186
934.5 182 187
936.0 44 65
936.0 44 79
937.5 118 124
937.5 118 125
939.0 43 87
939.0 44 45
940.5 194 199
940.5 195 196
942.0 144 147
942.0 144 148
943.5 49 82
943.5 49 83
945.0 102 112
945.0 102 113
946.5 70 84
946.5 70 85
948.0 152 154
948.0 152 155
949.5 74 76
949.5 74 77
951.0 105 112
951.0 105 113
952.5 163 184
952.5 163 185
954.0 193 194
954.0 193 195
955.5 159 179
955.5 159 180
957.0 104 109
957.0 104 110
958.5 119 126
958.5 119 127
960.0 160 191
960.0 160 192
961.5 117 121
961.5 117 122
963.0 89 96
963.0 89 97
964.5 7 13
964.5 7 14
966.0 184 189
966.0 184 190
967.5 131 141
967.5 131 142
969.0 155 157
969.0 156 157
970.5 167 180
970.5 167 181
972.0 24 39
972.0 24 40
973.5 81 86
973.5 82 83
975.0 26 36
975.0 26 37
976.5 115 116
976.5 115 118
978.0 17 18
978.0 17 19
979.5 159 181
979.5 159 182
981.0 143 144
981.0 143 146
982.5 104 111
982.5 104 112
984.0 90 100
984.0 91 92
985.5 43 65
985.5 43 66
987.0 82 86
987.0 83 84
988.5 33 37
988.5 33 38
990.0 40 63
990.0 40 64
991.5 100 101
991.5 100 158
993.0 44 57
993.0 44 58
994.5 62 86
994.5 62 87
996.0 130 136
996.0 130 137
997.5 52 56
997.5 52 57
999.0 25 40
999.0 26 27
1000.5 6 14
1000.5 6 15
1002.0 171 192
1002.0 172 173
1003.5 72 75
1003.5 72 76
1005.0 103 109
1005.0 103 110
1006.5 46 84
1006.5 46 85
1008.0 88 97
1008.0 88 98
1009.5 8 13
1009.5 8 14
1011.0 47 87
1011.0 48 49
1012.5 24 33
1012.5 24 34
1014.0 8 9
1014.0 8 10
1015.5 137 140
1015.5 137 141
1017.0 167 186
1017.0 167 187
1018.5 72 77
1018.5 72 78
1020.0 72 81
1020.0 72 84
1021.5 133 140
1021.5 133 141
1023.0 143 147
1023.0 143 148
1024.5 161 192
1024.5 162 163
1026.0 165 185
1026.0 165 186
1027.5 146 152
1027.5 146 153
1029.0 68 78
1029.0 68 79
1030.5 145 158
1030.5 146 147
1032.0 46 80
1032.0 46 81
1033.5 169 170
1033.5 169 174
1035.0 158 175
1035.0 158 176
1036.5 42 61
1036.5 42 62
1038.0 188 189
1038.0 188 190
1039.5 15 21
1039.5 15 22
1041.0 123 124
1041.0 123 125
1042.5 160 185
1042.5 160 186
1044.0 136 138
1044.0 136 139
1045.5 163 192
1045.5 164 165
1047.0 158 187
1047.0 158 188
1048.5 48 61
1048.5 48 62
1050.0 36 37
1050.0 36 38
1051.5 163 178
1051.5 163 179
1053.0 117 125
1053.0 117 126
1054.5 86 87
1054.5 87 88
1056.0 63 84
1056.0 63 85
1057.5 42 50
1057.5 42 56
1059.0 88 89
1059.0 88 94
1060.5 171 173
1060.5 171 174
1062.0 171 175
1062.0 171 176
1063.5 0 21
1063.5 0 22
1065.0 162 179
1065.0 162 180
1066.5 6 21
1066.5 6 22
1068.0 120 123
1068.0 120 124
1069.5 119 122
1069.5 119 123
1071.0 36 39
1071.0 37 38
1072.5 106 111
1072.5 106 112
1074.0 163 182
1074.0 163 183
1075.5 178 190
1075.5 178 191
1077.0 184 191
1077.0 185 186
1078.5 18 21
1078.5 18 22
1080.0 161 166
1080.0 161 167
1081.5 118 122
1081.5 118 123
1083.0 194 195
1083.0 194 196
1084.5 2 18
1084.5 2 19
1086.0 94 96
1086.0 94 97
1087.5 44 84
1087.5 44 85
1089.0 20 21
1089.0 20 22
1090.5 164 185
1090.5 164 186
1092.0 185 189
1092.0 185 190
1093.5 159 177
1093.5 159 178
1095.0 101 114
1095.0 101 142
1096.5 182 190
1096.5 182 191
1098.0 26 32
1098.0 26 33
1099.5 142 143
1099.5 142 152
1101.0 62 80
1101.0 62 81
1102.5 144 149
1102.5 144 150
1104.0 69 82
1104.0 69 83
1105.5 163 164
1105.5 163 165
1107.0 25 38
1107.0 25 39
1108.5 164 189
1108.5 164 190
1110.0 73 74
1110.0 73 75
1111.5 163 166
1111.5 163 167
1113.0 91 95
1113.0 91 96
1114.5 102 106
1114.5 102 107
1116.0 2 14
1116.0 2 15
1117.5 116 119
1117.5 116 120
1119.0 24 25
1119.0 24 30
1120.5 185 187
1120.5 185 188
1122.0 167 176
1122.0 167 177
1123.5 166 191
1123.5 166 192
1125.0 43 63
1125.0 43 64
1126.5 144 153
1126.5 144 154
1128.0 149 156
1128.0 149 157
1129.5 31 38
1129.5 31 39
1131.0 87 142
1131.0 87 158
1132.5 73 78
1132.5 73 79
1134.0 9 10
1134.0 9 11
1135.5 94 100
1135.5 95 96
1137.0 47 62
1137.0 47 80
1138.5 82 84
1138.5 82 85
1140.0 138 141
1140.0 139 140
1141.5 89 92
1141.5 89 93
1143.0 104 107
1143.0 104 108
1144.5 131 133
1144.5 131 134
1146.0 6 12
1146.0 6 13
1147.5 129 132
1147.5 129 133
1149.0 49 84
1149.0 49 85
1150.5 19 21
1150.5 19 22
1152.0 1 17
1152.0 1 18
1153.5 130 132
1153.5 130 133
1155.0 180 185
1155.0 180 186
1156.5 40 158
1156.5 40 192
1158.0 32 33
1158.0 32 34
1159.5 88 142
1159.5 88 158
1161.0 69 80
1161.0 69 81
1162.5 138 139
1162.5 138 140
1164.0 32 37
1164.0 32 38
1165.5 51 58
1165.5 51 59
