0 33 39
0 34 35
0.501 145 156
0.501 145 157
1.0019999999999998 28 39
1.0019999999999998 29 30
1.5029999999999997 129 130
1.5029999999999997 129 131
2.0039999999999996 41 67
2.0039999999999996 41 68
2.5049999999999994 4 17
2.5049999999999994 4 18
3.0059999999999993 35 38
3.0059999999999993 35 39
3.5069999999999992 144 147
3.5069999999999992 144 148
4.008 173 176
4.008 174 175
4.509 161 176
4.509 161 177
5.010000000000001 52 58
5.010000000000001 52 59
5.511000000000001 147 155
5.511000000000001 147 156
6.012000000000001 72 77
6.012000000000001 72 78
6.513000000000002 7 15
6.513000000000002 7 21
7.014000000000002 30 32
7.014000000000002 30 33
7.515000000000002 45 58
7.515000000000002 45 59
8.016000000000002 164 187
8.016000000000002 164 188
8.517000000000001 159 185
8.517000000000001 159 186
9.018 6 23
9.018 7 8
9.519 44 63
9.519 44 64
10.02 195 197
10.02 195 198
10.520999999999999 168 187
10.520999999999999 168 188
11.021999999999998 130 132
11.021999999999998 130 133
11.522999999999998 42 79
11.522999999999998 42 80
12.023999999999997 44 80
12.023999999999997 44 81
12.524999999999997 40 65
12.524999999999997 40 66
13.025999999999996 32 33
13.025999999999996 32 34
13.526999999999996 65 86
13.526999999999996 65 87
14.027999999999995 48 57
14.027999999999995 48 58
14.528999999999995 81 84
14.528999999999995 81 85
15.029999999999994 40 63
15.029999999999994 40 64
15.530999999999993 41 55
15.530999999999993 41 56
16.031999999999993 26 36
16.031999999999993 26 37
16.532999999999994 182 184
16.532999999999994 182 185
17.033999999999995 27 29
17.033999999999995 27 30
17.534999999999997 64 82
17.534999999999997 64 83
18.035999999999998 89 90
18.035999999999998 89 91
18.537 28 29
18.537 28 30
19.038 66 80
19.038 66 81
19.539 49 82
19.539 49 83
20.040000000000003 167 168
20.040000000000003 167 175
20.541000000000004 195 199
20.541000000000004 196 197
21.042000000000005 46 80
21.042000000000005 46 81
21.543000000000006 41 46
21.543000000000006 41 47
22.044000000000008 168 191
22.044000000000008 168 192
22.54500000000001 68 86
22.54500000000001 68 87
23.04600000000001 64 65
23.04600000000001 64 79
23.54700000000001 13 14
23.54700000000001 14 15
24.048000000000012 38 39
24.048000000000012 39 40
24.549000000000014 178 190
24.549000000000014 178 191
25.050000000000015 98 99
25.050000000000015 99 100
25.551000000000016 143 149
25.551000000000016 143 150
26.052000000000017 166 177
26.052000000000017 166 178
26.55300000000002 142 157
26.55300000000002 142 158
27.05400000000002 45 80
27.05400000000002 45 81
27.55500000000002 2 20
27.55500000000002 2 21
28.056000000000022 136 138
28.056000000000022 136 139
28.557000000000023 158 191
28.557000000000023 158 192
29.058000000000025 3 19
29.058000000000025 3 20
29.559000000000026 154 157
29.559000000000026 155 156
30.060000000000027 194 195
30.060000000000027 194 196
30.56100000000003 3 23
30.56100000000003 4 5
31.06200000000003 132 141
31.06200000000003 132 142
31.56300000000003 34 36
31.56300000000003 34 37
32.06400000000003 166 183
32.06400000000003 166 184
32.565000000000026 65 82
32.565000000000026 65 83
33.066000000000024 41 142
33.066000000000024 41 158
33.56700000000002 145 146
33.56700000000002 145 147
34.06800000000002 1 13
34.06800000000002 1 14
34.56900000000002 40 86
34.56900000000002 40 87
35.070000000000014 88 89
35.070000000000014 88 94
35.57100000000001 11 12
35.57100000000001 12 13
36.07200000000001 29 35
36.07200000000001 29 36
36.57300000000001 62 86
36.57300000000001 62 87
37.074000000000005 5 23
37.074000000000005 6 7
37.575 132 135
37.575 132 136
38.076 121 125
38.076 121 126
38.577 145 150
38.577 145 151
39.077999999999996 121 127
39.077999999999996 122 123
39.57899999999999 187 188
39.57899999999999 187 189
40.07999999999999 43 47
40.07999999999999 43 48
40.58099999999999 159 160
40.58099999999999 159 162
41.08199999999999 145 148
41.08199999999999 145 149
41.582999999999984 158 181
41.582999999999984 158 182
42.08399999999998 146 148
42.08399999999998 146 149
42.58499999999998 183 185
42.58499999999998 183 186
43.08599999999998 148 151
43.08599999999998 148 152
43.586999999999975 89 100
43.586999999999975 90 91
44.08799999999997 113 114
44.08799999999997 114 115
44.58899999999997 161 188
44.58899999999997 161 189
45.08999999999997 143 144
45.08999999999997 143 146
45.590999999999966 40 141
45.590999999999966 40 142
46.09199999999996 135 141
46.09199999999996 136 137
46.59299999999996 40 50
46.59299999999996 40 51
47.09399999999996 102 108
47.09399999999996 102 109
47.594999999999956 87 99
47.594999999999956 87 100
48.095999999999954 43 61
48.095999999999954 43 62
48.59699999999995 89 94
48.59699999999995 89 95
49.09799999999995 0 15
49.09799999999995 0 16
49.59899999999995 3 17
49.59899999999995 3 18
50.099999999999945 0 1
50.099999999999945 0 14
50.60099999999994 43 83
50.60099999999994 43 84
51.10199999999994 24 35
51.10199999999994 24 36
51.60299999999994 164 189
51.60299999999994 164 190
52.103999999999935 183 189
52.103999999999935 183 190
52.60499999999993 167 178
52.60499999999993 167 179
53.10599999999993 46 47
53.10599999999993 46 57
53.60699999999993 128 142
53.60699999999993 128 158
54.107999999999926 170 192
54.107999999999926 171 172
54.608999999999924 137 138
54.608999999999924 137 139
55.10999999999992 160 179
55.10999999999992 160 180
55.61099999999992 96 98
55.61099999999992 96 99
56.11199999999992 4 21
56.11199999999992 4 22
56.612999999999914 158 185
56.612999999999914 158 186
57.11399999999991 90 94
57.11399999999991 90 95
57.61499999999991 7 22
57.61499999999991 7 23
58.11599999999991 40 57
58.11599999999991 40 58
58.616999999999905 120 125
58.616999999999905 120 126
59.1179999999999 79 80
59.1179999999999 80 81
59.6189999999999 41 82
59.6189999999999 41 83
60.1199999999999 131 141
60.1199999999999 131 142
60.620999999999896 108 112
60.620999999999896 108 113
61.12199999999989 143 157
61.12199999999989 143 158
61.62299999999989 115 121
61.62299999999989 115 122
62.12399999999989 160 187
62.12399999999989 160 188
62.624999999999886 40 55
62.624999999999886 40 56
63.125999999999884 148 153
63.125999999999884 148 154
63.62699999999988 161 162
63.62699999999988 161 163
64.12799999999989 160 167
64.12799999999989 160 168
64.62899999999989 118 120
64.62899999999989 118 121
65.1299999999999 40 59
65.1299999999999 40 60
65.6309999999999 164 185
65.6309999999999 164 186
66.1319999999999 86 87
66.1319999999999 87 88
66.63299999999991 101 114
66.63299999999991 101 142
67.13399999999992 90 92
67.13399999999992 90 93
67.63499999999992 161 186
67.63499999999992 161 187
68.13599999999992 4 15
68.13599999999992 4 16
68.63699999999993 20 21
68.63699999999993 20 22
69.13799999999993 43 45
69.13799999999993 43 46
69.63899999999994 4 19
69.63899999999994 4 20
70.13999999999994 16 20
70.13999999999994 16 21
70.64099999999995 140 141
70.64099999999995 141 142
71.14199999999995 83 85
71.14199999999995 83 86
71.64299999999996 169 191
71.64299999999996 169 192
72.14399999999996 138 139
72.14399999999996 138 140
72.64499999999997 25 40
72.64499999999997 26 27
73.14599999999997 120 123
73.14599999999997 120 124
73.64699999999998 48 86
73.64699999999998 48 87
74.14799999999998 172 176
74.14799999999998 172 177
74.64899999999999 92 93
74.64899999999999 92 94
75.14999999999999 64 86
75.14999999999999 64 87
75.651 44 59
75.651 44 60
76.152 123 124
76.152 123 125
76.653 26 30
76.653 26 31
77.15400000000001 88 99
77.15400000000001 88 100
77.65500000000002 24 37
77.65500000000002 24 38
78.15600000000002 45 86
78.15600000000002 45 87
78.65700000000002 43 79
78.65700000000002 43 80
79.15800000000003 51 60
79.15800000000003 52 53
79.65900000000003 183 191
79.65900000000003 183 192
80.16000000000004 142 153
80.16000000000004 142 154
80.66100000000004 47 60
80.66100000000004 47 61
81.16200000000005 36 39
81.16200000000005 37 38
81.66300000000005 148 149
81.66300000000005 148 150
82.16400000000006 103 105
82.16400000000006 103 106
82.66500000000006 32 39
82.66500000000006 33 34
83.16600000000007 24 39
83.16600000000007 24 40
83.66700000000007 163 186
83.66700000000007 163 187
84.16800000000008 50 51
84.16800000000008 50 56
84.66900000000008 183 187
84.66900000000008 183 188
85.17000000000009 7 13
85.17000000000009 7 14
85.67100000000009 160 181
85.67100000000009 160 182
86.1720000000001 159 175
86.1720000000001 159 176
86.6730000000001 114 127
86.6730000000001 114 128
87.1740000000001 68 80
87.1740000000001 68 81
87.67500000000011 8 9
87.67500000000011 8 10
88.17600000000012 27 39
88.17600000000012 27 40
88.67700000000012 27 31
88.67700000000012 27 32
89.17800000000013 33 35
89.17800000000013 33 36
89.67900000000013 143 153
89.67900000000013 143 154
90.18000000000013 28 31
90.18000000000013 28 32
90.68100000000014 168 189
90.68100000000014 168 190
91.18200000000014 198 199
91.68300000000015 171 175
91.68300000000015 171 176
92.18400000000015 15 19
92.18400000000015 15 20
92.68500000000016 165 187
92.68500000000016 165 188
93.18600000000016 69 70
93.18600000000016 69 77
93.68700000000017 146 150
93.68700000000017 146 151
94.18800000000017 110 111
94.18800000000017 110 112
94.68900000000018 42 81
94.68900000000018 42 82
95.19000000000018 65 80
95.19000000000018 65 81
95.69100000000019 18 19
95.69100000000019 18 20
96.19200000000019 42 50
96.19200000000019 42 56
96.6930000000002 101 102
96.6930000000002 101 107
97.1940000000002 45 48
97.1940000000002 45 57
97.6950000000002 108 110
97.6950000000002 108 111
98.19600000000021 71 81
98.19600000000021 71 82
98.69700000000022 71 83
98.69700000000022 71 84
99.19800000000022 181 188
99.19800000000022 181 189
99.69900000000023 88 142
99.69900000000023 88 158
100.20000000000023 63 80
100.20000000000023 63 81
100.70100000000023 151 153
100.70100000000023 151 154
101.20200000000024 40 78
101.20200000000024 40 79
101.70300000000024 165 179
101.70300000000024 165 180
102.20400000000025 6 14
102.20400000000025 6 15
102.70500000000025 41 59
102.70500000000025 41 60
103.20600000000026 90 96
103.20600000000026 90 97
103.70700000000026 169 170
103.70700000000026 169 174
104.20800000000027 72 85
104.20800000000027 72 86
104.70900000000027 41 61
104.70900000000027 41 62
105.21000000000028 151 157
105.21000000000028 152 153
105.71100000000028 29 37
105.71100000000028 29 38
106.21200000000029 134 141
106.21200000000029 135 136
106.71300000000029 63 64
106.71300000000029 63 79
107.2140000000003 42 57
107.2140000000003 42 58
107.7150000000003 46 58
107.7150000000003 46 59
108.2160000000003 81 86
108.2160000000003 82 83
108.71700000000031 166 181
108.71700000000031 166 182
109.21800000000032 158 179
109.21800000000032 158 180
109.71900000000032 41 65
109.71900000000032 41 66
110.22000000000033 46 84
110.22000000000033 46 85
110.72100000000033 128 138
110.72100000000033 128 139
111.22200000000034 148 155
111.22200000000034 148 156
111.72300000000034 179 192
111.72300000000034 180 181
112.22400000000034 31 36
112.22400000000034 31 37
112.72500000000035 196 198
112.72500000000035 196 199
113.22600000000035 27 37
113.22600000000035 27 38
113.72700000000036 28 35
113.72700000000036 28 36
114.22800000000036 163 182
114.22800000000036 163 183
114.72900000000037 42 63
114.72900000000037 42 64
115.23000000000037 181 182
115.23000000000037 181 183
115.73100000000038 150 156
115.73100000000038 150 157
116.23200000000038 150 154
116.23200000000038 150 155
116.73300000000039 52 54
116.73300000000039 52 55
117.23400000000039 61 87
117.23400000000039 62 63
117.7350000000004 1 15
117.7350000000004 1 16
118.2360000000004 41 86
118.2360000000004 41 87
118.7370000000004 129 138
118.7370000000004 129 139
119.23800000000041 43 85
119.23800000000041 43 86
119.73900000000042 40 80
119.73900000000042 40 81
120.24000000000042 102 112
120.24000000000042 102 113
120.74100000000043 129 140
120.74100000000043 129 141
121.24200000000043 104 111
121.24200000000043 104 112
121.74300000000044 120 121
121.74300000000044 120 122
122.24400000000044 82 84
122.24400000000044 82 85
122.74500000000045 119 122
122.74500000000045 119 123
123.24600000000045 162 179
123.24600000000045 162 180
123.74700000000045 158 189
123.74700000000045 158 190
124.24800000000046 116 123
124.24800000000046 116 124
124.74900000000046 68 78
124.74900000000046 68 79
125.25000000000047 148 157
125.25000000000047 148 158
125.75100000000047 94 98
125.75100000000047 94 99
126.25200000000048 89 96
126.25200000000048 89 97
126.75300000000048 170 174
126.75300000000048 170 175
127.25400000000049 4 23
127.25400000000049 5 6
127.75500000000049 136 140
127.75500000000049 136 141
128.2560000000005 105 112
128.2560000000005 105 113
128.75700000000052 2 22
128.75700000000052 2 23
129.25800000000052 144 145
129.25800000000052 144 146
129.75900000000053 114 123
129.75900000000053 114 124
130.26000000000053 68 84
130.26000000000053 68 85
130.76100000000054 101 110
130.76100000000054 101 111
131.26200000000054 1 21
131.26200000000054 1 22
131.76300000000055 160 191
131.76300000000055 160 192
132.26400000000055 181 184
132.26400000000055 181 185
132.76500000000055 159 189
132.76500000000055 159 190
133.26600000000056 47 83
133.26600000000056 47 84
133.76700000000056 173 174
133.76700000000056 173 175
134.26800000000057 150 158
134.26800000000057 151 152
134.76900000000057 26 40
134.76900000000057 27 28
135.27000000000058 165 185
135.27000000000058 165 186
135.77100000000058 45 64
135.77100000000058 45 79
136.2720000000006 8 13
136.2720000000006 8 14
136.7730000000006 104 113
136.7730000000006 104 114
137.2740000000006 73 80
137.2740000000006 74 75
137.7750000000006 47 85
137.7750000000006 47 86
138.2760000000006 161 166
138.2760000000006 161 167
138.7770000000006 70 84
138.7770000000006 70 85
139.27800000000062 43 65
139.27800000000062 43 66
139.77900000000062 131 133
139.77900000000062 131 134
140.28000000000063 28 33
140.28000000000063 28 34
140.78100000000063 105 110
140.78100000000063 105 111
141.28200000000064 118 126
141.28200000000064 118 127
141.78300000000064 3 4
141.78300000000064 3 12
142.28400000000065 182 190
142.28400000000065 182 191
142.78500000000065 19 21
142.78500000000065 19 22
143.28600000000066 118 124
143.28600000000066 118 125
143.78700000000066 159 167
143.78700000000066 159 168
144.28800000000066 102 114
144.28800000000066 103 104
144.78900000000067 120 127
144.78900000000067 121 122
145.29000000000067 55 57
145.29000000000067 56 57
145.79100000000068 102 104
145.79100000000068 102 105
146.29200000000068 149 150
146.29200000000068 149 151
146.7930000000007 25 32
146.7930000000007 25 33
147.2940000000007 158 177
147.2940000000007 158 178
147.7950000000007 104 109
147.7950000000007 104 110
148.2960000000007 40 67
148.2960000000007 40 68
148.7970000000007 128 129
148.7970000000007 128 135
149.2980000000007 163 184
149.2980000000007 163 185
149.79900000000072 30 36
149.79900000000072 30 37
150.30000000000072 47 62
150.30000000000072 47 80
150.80100000000073 91 95
150.80100000000073 91 96
151.30200000000073 25 38
151.30200000000073 25 39
151.80300000000074 46 62
151.80300000000074 46 63
152.30400000000074 94 100
152.30400000000074 95 96
152.80500000000075 62 84
152.80500000000075 62 85
153.30600000000075 163 164
153.30600000000075 163 165
153.80700000000076 197 198
153.80700000000076 197 199
154.30800000000076 33 37
154.30800000000076 33 38
154.80900000000076 46 60
154.80900000000076 46 61
155.31000000000077 18 21
155.31000000000077 18 22
155.81100000000077 90 98
155.81100000000077 90 99
156.31200000000078 117 121
156.31200000000078 117 122
156.81300000000078 144 157
156.81300000000078 144 158
157.3140000000008 160 161
157.3140000000008 160 162
157.8150000000008 4 11
157.8150000000008 4 12
158.3160000000008 163 188
158.3160000000008 163 189
158.8170000000008 45 46
158.8170000000008 45 47
159.3180000000008 32 37
159.3180000000008 32 38
159.8190000000008 54 58
159.8190000000008 55 56
160.32000000000082 75 76
160.32000000000082 75 77
160.82100000000082 149 158
160.82100000000082 150 151
161.32200000000083 25 28
161.32200000000083 25 29
161.82300000000083 162 177
161.82300000000083 162 178
162.32400000000084 67 87
162.32400000000084 68 69
162.82500000000084 131 137
162.82500000000084 131 138
163.32600000000085 147 153
163.32600000000085 147 154
163.82700000000085 66 84
163.82700000000085 66 85
164.32800000000086 159 191
164.32800000000086 159 192
164.82900000000086 69 80
164.82900000000086 69 81
165.33000000000087 71 72
165.33000000000087 71 76
165.83100000000087 169 175
165.83100000000087 169 176
166.33200000000087 69 84
166.33200000000087 69 85
166.83300000000088 159 179
166.83300000000088 159 180
167.33400000000088 172 174
167.33400000000088 172 175
167.8350000000009 1 17
167.8350000000009 1 18
168.3360000000009 74 78
168.3360000000009 74 79
168.8370000000009 69 82
168.8370000000009 69 83
169.3380000000009 5 15
169.3380000000009 5 16
169.8390000000009 24 25
169.8390000000009 24 30
170.3400000000009 47 48
170.3400000000009 47 57
170.84100000000092 27 33
170.84100000000092 27 34
171.34200000000092 106 113
171.34200000000092 107 108
171.84300000000093 44 65
171.84300000000093 44 79
172.34400000000093 184 189
172.34400000000093 184 190
172.84500000000094 67 83
172.84500000000094 67 84
173.34600000000094 162 191
173.34600000000094 162 192
173.84700000000095 111 112
173.84700000000095 112 113
174.34800000000095 41 42
174.34800000000095 41 43
174.84900000000096 160 175
174.84900000000096 160 176
175.35000000000096 160 183
175.35000000000096 160 184
175.85100000000097 167 186
175.85100000000097 167 187
176.35200000000097 106 109
176.35200000000097 106 110
176.85300000000097 63 82
176.85300000000097 63 83
177.35400000000098 122 124
177.35400000000098 122 125
177.85500000000098 63 84
177.85500000000098 63 85
178.356000000001 69 86
178.356000000001 69 87
178.857000000001 29 33
178.857000000001 29 34
179.358000000001 44 61
179.358000000001 44 62
179.859000000001 119 124
179.859000000001 119 125
180.360000000001 67 68
180.360000000001 67 78
180.861000000001 41 48
180.861000000001 41 49
181.36200000000102 181 190
181.36200000000102 181 191
181.86300000000102 70 78
181.86300000000102 70 79
182.36400000000103 71 77
182.36400000000103 71 78
182.86500000000103 165 166
182.86500000000103 165 176
183.36600000000104 132 139
183.36600000000104 132 140
183.86700000000104 160 163
183.86700000000104 160 164
184.36800000000105 62 80
184.36800000000105 62 81
184.86900000000105 44 57
184.86900000000105 44 58
185.37000000000106 167 190
185.37000000000106 167 191
185.87100000000106 95 99
185.87100000000106 96 97
186.37200000000107 36 37
186.37200000000107 36 38
186.87300000000107 188 191
186.87300000000107 189 190
187.37400000000108 126 127
187.37400000000108 127 128
187.87500000000108 77 78
187.87500000000108 78 79
188.37600000000108 23 24
188.37600000000108 23 40
188.8770000000011 32 35
188.8770000000011 32 36
189.3780000000011 67 85
189.3780000000011 67 86
189.8790000000011 70 71
189.8790000000011 70 77
190.3800000000011 40 100
190.3800000000011 40 101
190.8810000000011 162 164
190.8810000000011 162 165
191.3820000000011 17 22
191.3820000000011 17 23
191.88300000000112 52 56
191.88300000000112 52 57
192.38400000000112 164 191
192.38400000000112 164 192
192.88500000000113 160 185
192.88500000000113 160 186
193.38600000000113 44 82
193.38600000000113 44 83
193.88700000000114 89 92
193.88700000000114 89 93
194.38800000000114 104 105
194.38800000000114 104 106
194.88900000000115 43 49
194.88900000000115 43 56
195.39000000000115 0 19
195.39000000000115 0 20
195.89100000000116 147 149
195.89100000000116 147 150
196.39200000000116 63 86
196.39200000000116 63 87
196.89300000000117 178 192
196.89300000000117 179 180
197.39400000000117 0 23
197.39400000000117 1 2
197.89500000000118 44 84
197.89500000000118 44 85
198.39600000000118 48 80
198.39600000000118 48 81
198.89700000000119 42 44
198.89700000000119 42 45
199.3980000000012 116 127
199.3980000000012 117 118
199.8990000000012 145 152
199.8990000000012 145 153
200.4000000000012 131 139
200.4000000000012 131 140
200.9010000000012 146 156
200.9010000000012 146 157
201.4020000000012 61 85
201.4020000000012 61 86
201.9030000000012 42 61
201.9030000000012 42 62
202.40400000000122 40 84
202.40400000000122 40 85
202.90500000000122 162 185
202.90500000000122 162 186
203.40600000000123 104 107
203.40600000000123 104 108
203.90700000000123 14 23
203.90700000000123 15 16
204.40800000000124 73 74
204.40800000000124 73 75
204.90900000000124 62 82
204.90900000000124 62 83
205.41000000000125 159 183
205.41000000000125 159 184
205.91100000000125 164 166
205.91100000000125 164 176
206.41200000000126 71 85
206.41200000000126 71 86
206.91300000000126 161 168
206.91300000000126 161 175
207.41400000000127 44 46
207.41400000000127 44 47
207.91500000000127 71 87
207.91500000000127 72 73
208.41600000000128 44 48
208.41600000000128 44 49
208.91700000000128 81 82
208.91700000000128 81 83
209.41800000000129 16 18
209.41800000000129 16 19
209.9190000000013 159 181
209.9190000000013 159 182
210.4200000000013 67 79
210.4200000000013 67 80
210.9210000000013 41 127
210.9210000000013 41 128
211.4220000000013 41 113
211.4220000000013 41 114
211.9230000000013 115 125
211.9230000000013 115 126
212.4240000000013 70 80
212.4240000000013 70 81
212.92500000000132 41 192
212.92500000000132 42 43
213.42600000000132 158 187
213.42600000000132 158 188
213.92700000000133 42 46
213.92700000000133 42 47
214.42800000000133 42 83
214.42800000000133 42 84
214.92900000000134 161 182
214.92900000000134 161 183
215.43000000000134 164 183
215.43000000000134 164 184
215.93100000000135 54 56
215.93100000000135 54 57
216.43200000000135 158 175
216.43200000000135 158 176
216.93300000000136 65 66
216.93300000000136 65 79
217.43400000000136 130 138
217.43400000000136 130 139
217.93500000000137 93 96
217.93500000000137 93 97
218.43600000000137 107 113
218.43600000000137 108 109
218.93700000000138 167 176
218.93700000000138 167 177
219.43800000000138 70 82
219.43800000000138 70 83
219.93900000000139 17 20
219.93900000000139 17 21
220.4400000000014 143 151
220.4400000000014 143 152
220.9410000000014 114 142
220.9410000000014 114 158
221.4420000000014 100 101
221.4420000000014 100 158
221.9430000000014 73 76
221.9430000000014 73 77
222.4440000000014 91 93
222.4440000000014 91 94
222.94500000000141 154 155
222.94500000000141 154 156
223.44600000000142 180 187
223.44600000000142 180 188
223.94700000000142 167 180
223.94700000000142 167 181
224.44800000000143 92 95
224.44800000000143 92 96
224.94900000000143 185 189
224.94900000000143 185 190
225.45000000000144 91 97
225.45000000000144 91 98
225.95100000000144 30 34
225.95100000000144 30 35
226.45200000000145 144 153
226.45200000000145 144 154
226.95300000000145 155 157
226.95300000000145 156 157
227.45400000000146 46 82
227.45400000000146 46 83
227.95500000000146 129 132
227.95500000000146 129 133
228.45600000000147 41 78
228.45600000000147 41 79
228.95700000000147 89 98
228.95700000000147 89 99
229.45800000000148 97 98
229.45800000000148 97 99
229.95900000000148 153 156
229.95900000000148 153 157
230.4600000000015 109 110
230.4600000000015 109 111
230.9610000000015 152 156
230.9610000000015 152 157
231.4620000000015 163 178
231.4620000000015 163 179
231.9630000000015 129 134
231.9630000000015 129 135
232.4640000000015 34 38
232.4640000000015 34 39
232.9650000000015 138 141
232.9650000000015 139 140
233.46600000000151 93 94
233.46600000000151 93 95
233.96700000000152 28 37
233.96700000000152 28 38
234.46800000000152 153 154
234.46800000000152 153 155
234.96900000000153 182 188
234.96900000000153 182 189
235.47000000000153 133 140
235.47000000000153 133 141
235.97100000000154 107 111
235.97100000000154 107 112
236.47200000000154 84 85
236.47200000000154 85 86
236.97300000000155 159 163
236.97300000000155 159 164
237.47400000000155 123 126
237.47400000000155 124 125
237.97500000000156 131 135
237.97500000000156 131 136
238.47600000000156 42 85
238.47600000000156 42 86
238.97700000000157 165 177
238.97700000000157 165 178
239.47800000000157 109 112
239.47800000000157 109 113
239.97900000000158 184 185
239.97900000000158 184 186
240.48000000000158 41 44
240.48000000000158 41 45
240.9810000000016 59 60
240.9810000000016 60 61
241.4820000000016 72 81
241.4820000000016 72 84
241.9830000000016 117 127
241.9830000000016 118 119
242.4840000000016 168 180
242.4840000000016 168 186
242.9850000000016 115 119
242.9850000000016 115 120
243.4860000000016 27 35
243.4860000000016 27 36
243.98700000000161 166 167
243.98700000000161 166 176
244.48800000000162 124 126
244.48800000000162 125 126
244.98900000000162 74 76
244.98900000000162 74 77
245.49000000000163 184 191
245.49000000000163 185 186
245.99100000000163 42 67
245.99100000000163 42 78
246.49200000000164 6 10
246.49200000000164 6 11
246.99300000000164 165 181
246.99300000000164 165 182
247.49400000000165 168 176
247.49400000000165 168 177
247.99500000000165 87 101
247.99500000000165 87 114
248.49600000000166 117 125
248.49600000000166 117 126
248.99700000000166 80 85
248.99700000000166 80 86
249.49800000000167 116 117
249.49800000000167 116 118
249.99900000000167 49 50
249.99900000000167 49 56
250.50000000000168 41 63
250.50000000000168 41 64
251.00100000000168 45 62
251.00100000000168 45 63
251.5020000000017 146 158
251.5020000000017 147 148
252.0030000000017 189 191
252.0030000000017 190 191
252.5040000000017 161 178
252.5040000000017 161 179
253.0050000000017 101 108
253.0050000000017 101 109
253.5060000000017 117 123
253.5060000000017 117 124
254.0070000000017 50 57
254.0070000000017 50 58
254.50800000000172 88 95
254.50800000000172 88 96
255.00900000000172 68 82
255.00900000000172 68 83
255.51000000000172 103 109
255.51000000000172 103 110
256.0110000000017 50 59
256.0110000000017 50 60
256.51200000000165 184 187
256.51200000000165 184 188
257.0130000000016 169 177
257.0130000000016 169 178
257.5140000000016 40 127
257.5140000000016 40 128
258.0150000000016 61 62
258.0150000000016 61 82
258.51600000000155 21 22
258.51600000000155 22 23
259.01700000000153 42 65
259.01700000000153 42 66
259.5180000000015 147 151
259.5180000000015 147 152
260.0190000000015 117 119
260.0190000000015 117 120
260.52000000000146 182 186
260.52000000000146 182 187
261.02100000000144 103 113
261.02100000000144 103 114
261.5220000000014 170 171
261.5220000000014 170 173
262.0230000000014 57 58
262.0230000000014 58 59
262.52400000000137 41 57
262.52400000000137 41 58
263.02500000000134 2 14
263.02500000000134 2 15
263.5260000000013 137 140
263.5260000000013 137 141
264.0270000000013 103 111
264.0270000000013 103 112
264.52800000000127 177 178
264.52800000000127 178 179
265.02900000000125 24 33
265.02900000000125 24 34
265.5300000000012 144 149
265.5300000000012 144 150
266.0310000000012 162 187
266.0310000000012 162 188
266.5320000000012 91 99
266.5320000000012 91 100
267.03300000000115 165 183
267.03300000000115 165 184
267.53400000000113 166 187
267.53400000000113 166 188
268.0350000000011 159 177
268.0350000000011 159 178
268.5360000000011 167 192
268.5360000000011 168 169
269.03700000000106 51 56
269.03700000000106 51 57
269.53800000000103 162 166
269.53800000000103 162 167
270.039000000001 166 179
270.039000000001 166 180
270.540000000001 52 60
270.540000000001 53 54
271.04100000000096 105 108
271.04100000000096 105 109
271.54200000000094 6 21
271.54200000000094 6 22
272.0430000000009 43 63
272.0430000000009 43 64
272.5440000000009 48 82
272.5440000000009 48 83
273.04500000000087 135 137
273.04500000000087 135 138
273.54600000000084 40 158
273.54600000000084 40 192
274.0470000000008 115 123
274.0470000000008 115 124
274.5480000000008 4 13
274.5480000000008 4 14
275.0490000000008 134 135
275.0490000000008 134 136
275.55000000000075 163 166
275.55000000000075 163 167
276.0510000000007 42 87
276.0510000000007 43 44
276.5520000000007 181 192
276.5520000000007 182 183
277.0530000000007 134 137
277.0530000000007 134 138
277.55400000000066 102 106
277.55400000000066 102 107
278.05500000000063 106 111
278.05500000000063 106 112
278.5560000000006 160 165
278.5560000000006 160 166
279.0570000000006 71 79
279.0570000000006 71 80
279.55800000000056 116 121
279.55800000000056 116 122
280.05900000000054 135 139
280.05900000000054 135 140
280.5600000000005 43 87
280.5600000000005 44 45
281.0610000000005 164 177
281.0610000000005 164 178
281.56200000000047 93 100
281.56200000000047 94 95
282.06300000000044 0 21
282.06300000000044 0 22
282.5640000000004 150 152
282.5640000000004 150 153
283.0650000000004 118 122
283.0650000000004 118 123
283.5660000000004 166 185
283.5660000000004 166 186
284.06700000000035 47 58
284.06700000000035 47 59
284.5680000000003 116 125
284.5680000000003 116 126
285.0690000000003 49 61
285.0690000000003 49 62
285.5700000000003 82 86
285.5700000000003 83 84
286.07100000000025 170 176
286.07100000000025 170 177
286.57200000000023 187 190
286.57200000000023 187 191
287.0730000000002 185 187
287.0730000000002 185 188
287.5740000000002 43 81
287.5740000000002 43 82
288.07500000000016 162 175
288.07500000000016 162 176
288.57600000000014 146 154
288.57600000000014 146 155
289.0770000000001 26 32
289.0770000000001 26 33
289.5780000000001 121 123
289.5780000000001 121 124
290.07900000000006 165 189
290.07900000000006 165 190
290.58000000000004 47 81
290.58000000000004 47 82
291.081 64 80
291.081 64 81
291.582 163 180
291.582 163 181
292.08299999999997 159 187
292.08299999999997 159 188
292.58399999999995 133 138
292.58399999999995 133 139
293.0849999999999 171 177
293.0849999999999 171 178
293.5859999999999 66 86
293.5859999999999 66 87
294.0869999999999 163 192
294.0869999999999 164 165
294.58799999999985 31 38
294.58799999999985 31 39
295.0889999999998 46 86
295.0889999999998 46 87
295.5899999999998 162 181
295.5899999999998 162 182
296.0909999999998 182 192
296.0909999999998 183 184
296.59199999999976 170 190
296.59199999999976 170 191
297.09299999999973 47 87
297.09299999999973 48 49
297.5939999999997 129 142
297.5939999999997 130 131
298.0949999999997 95 97
298.0949999999997 95 98
298.59599999999966 158 183
298.59599999999966 158 184
299.09699999999964 49 86
299.09699999999964 49 87
299.5979999999996 16 22
299.5979999999996 16 23
300.0989999999996 6 19
300.0989999999996 6 20
300.59999999999957 41 50
300.59999999999957 41 51
301.10099999999954 1 19
301.10099999999954 1 20
301.6019999999995 191 192
301.6019999999995 192 193
302.1029999999995 10 11
302.1029999999995 10 12
302.6039999999995 2 18
302.6039999999995 2 19
303.10499999999945 161 190
303.10499999999945 161 191
303.6059999999994 151 155
303.6059999999994 151 156
304.1069999999994 107 109
304.1069999999994 107 110
304.6079999999994 181 186
304.6079999999994 181 187
305.10899999999936 66 67
305.10899999999936 66 79
305.60999999999933 40 113
305.60999999999933 40 114
306.1109999999993 94 96
306.1109999999993 94 97
306.6119999999993 14 21
306.6119999999993 14 22
307.11299999999926 2 12
307.11299999999926 2 13
307.61399999999924 130 134
307.61399999999924 130 135
308.1149999999992 92 99
308.1149999999992 92 100
308.6159999999992 5 21
308.6159999999992 5 22
309.11699999999917 186 190
309.11699999999917 186 191
309.61799999999914 6 12
309.61799999999914 6 13
310.1189999999991 171 173
310.1189999999991 171 174
310.6199999999991 40 61
310.6199999999991 40 62
311.12099999999907 133 134
311.12099999999907 133 135
311.62199999999905 66 82
311.62199999999905 66 83
312.122999999999 93 98
312.122999999999 93 99
312.623999999999 145 154
312.623999999999 145 155
313.124999999999 25 34
313.124999999999 25 35
313.62599999999895 70 86
313.62599999999895 70 87
314.12699999999893 40 82
314.12699999999893 40 83
314.6279999999989 87 142
314.6279999999989 87 158
315.1289999999989 152 154
315.1289999999989 152 155
315.62999999999886 25 30
315.62999999999886 25 31
316.13099999999883 45 82
316.13099999999883 45 83
316.6319999999988 53 57
316.6319999999988 53 58
317.1329999999988 171 192
317.1329999999988 172 173
317.63399999999876 185 191
317.63399999999876 186 187
318.13499999999874 42 48
318.13499999999874 42 49
318.6359999999987 31 32
318.6359999999987 31 33
319.1369999999987 48 61
319.1369999999987 48 62
319.63799999999867 25 36
319.63799999999867 25 37
320.13899999999865 43 57
320.13899999999865 43 58
320.6399999999986 166 191
320.6399999999986 166 192
321.1409999999986 122 126
321.1409999999986 122 127
321.6419999999986 9 12
321.6419999999986 9 13
322.14299999999855 169 189
322.14299999999855 169 190
322.6439999999985 130 142
322.6439999999985 131 132
323.1449999999985 142 155
323.1449999999985 142 156
323.6459999999985 157 158
323.6459999999985 158 159
324.14699999999846 7 9
324.14699999999846 7 10
324.64799999999843 69 78
324.64799999999843 69 79
325.1489999999984 45 84
325.1489999999984 45 85
325.6499999999984 129 136
325.6499999999984 129 137
326.15099999999836 175 176
326.15099999999836 176 177
326.65199999999834 115 116
326.65199999999834 115 118
327.1529999999983 161 180
327.1529999999983 161 181
327.6539999999983 103 107
327.6539999999983 103 108
328.15499999999827 5 17
328.15499999999827 5 18
328.65599999999824 41 100
328.65599999999824 41 101
329.1569999999982 90 100
329.1569999999982 91 92
329.6579999999982 29 39
329.6579999999982 30 31
330.1589999999982 0 17
330.1589999999982 0 18
330.65999999999815 186 188
330.65999999999815 186 189
331.1609999999981 146 152
331.1609999999981 146 153
331.6619999999981 161 192
331.6619999999981 162 163
332.1629999999981 67 81
332.1629999999981 67 82
332.66399999999805 149 154
332.66399999999805 149 155
333.16499999999803 119 120
333.16499999999803 119 121
333.665999999998 179 190
333.665999999998 179 191
334.166999999998 168 174
334.166999999998 168 175
334.66799999999796 30 38
334.66799999999796 30 39
335.16899999999794 160 169
335.16899999999794 160 174
335.6699999999979 168 178
335.6699999999979 168 179
336.1709999999979 149 156
336.1709999999979 149 157
336.67199999999787 160 189
336.67199999999787 160 190
337.17299999999784 161 164
337.17299999999784 161 165
337.6739999999978 143 155
337.6739999999978 143 156
338.1749999999978 53 55
338.1749999999978 53 56
338.67599999999777 72 75
338.67599999999777 72 76
339.17699999999775 115 127
339.17699999999775 115 128
339.6779999999977 40 41
339.6779999999977 40 47
340.1789999999977 162 183
340.1789999999977 162 184
340.6799999999977 15 23
340.6799999999977 16 17
341.18099999999765 73 78
341.18099999999765 73 79
341.68199999999763 163 176
341.68199999999763 163 177
342.1829999999976 193 194
342.1829999999976 193 195
342.6839999999976 134 139
342.6839999999976 134 140
343.18499999999756 3 15
343.18499999999756 3 16
343.68599999999753 101 112
343.68599999999753 101 113
344.1869999999975 194 199
344.1869999999975 195 196
344.6879999999975 142 143
344.6879999999975 142 152
345.18899999999746 24 31
345.18899999999746 24 32
345.68999999999744 15 21
345.68999999999744 15 22
346.1909999999974 102 110
346.1909999999974 102 111
346.6919999999974 180 185
346.6919999999974 180 186
347.19299999999737 188 189
347.19299999999737 188 190
347.69399999999735 88 101
347.69399999999735 88 114
348.1949999999973 159 165
348.1949999999973 159 166
348.6959999999973 132 133
348.6959999999973 132 134
349.1969999999973 7 11
349.1969999999973 7 12
349.69799999999725 133 136
349.69799999999725 133 137
350.1989999999972 167 184
350.1989999999972 167 185
350.6999999999972 144 155
350.6999999999972 144 156
351.2009999999972 167 188
351.2009999999972 167 189
351.70199999999716 26 38
351.70199999999716 26 39
352.20299999999713 50 61
352.20299999999713 50 85
352.7039999999971 65 84
352.7039999999971 65 85
353.2049999999971 149 152
353.2049999999971 149 153
353.70599999999706 114 125
353.70599999999706 114 126
354.20699999999704 26 28
354.20699999999704 26 29
354.707999999997 53 59
354.707999999997 54 55
355.208999999997 31 34
355.208999999997 31 35
355.70999999999697 119 126
355.70999999999697 119 127
356.21099999999694 147 157
356.21099999999694 147 158
356.7119999999969 132 137
356.7119999999969 132 138
357.2129999999969 1 23
357.2129999999969 2 3
357.7139999999969 101 158
357.7139999999969 102 103
358.21499999999685 17 18
358.21499999999685 17 19
358.7159999999968 48 84
358.7159999999968 48 85
359.2169999999968 163 190
359.2169999999968 163 191
359.7179999999968 49 84
359.7179999999968 49 85
360.21899999999675 35 36
360.21899999999675 35 37
360.71999999999673 170 178
360.71999999999673 170 179
361.2209999999967 179 188
361.2209999999967 179 189
361.7219999999967 180 189
361.7219999999967 180 190
362.22299999999666 143 147
362.22299999999666 143 148
362.72399999999664 9 10
362.72399999999664 9 11
363.2249999999966 160 177
363.2249999999966 160 178
363.7259999999966 8 11
363.7259999999966 8 12
364.22699999999656 26 34
364.22699999999656 26 35
364.72799999999654 6 16
364.72799999999654 6 18
365.2289999999965 193 198
365.2289999999965 193 199
365.7299999999965 162 189
365.7299999999965 162 190
366.23099999999647 130 140
366.23099999999647 130 141
366.73199999999645 42 59
366.73199999999645 42 60
367.2329999999964 161 184
367.2329999999964 161 185
367.7339999999964 128 136
367.7339999999964 128 137
368.2349999999964 5 13
368.2349999999964 5 14
368.73599999999635 3 13
368.73599999999635 3 14
369.2369999999963 194 197
369.2369999999963 194 198
369.7379999999963 166 189
369.7379999999963 166 190
370.2389999999963 105 106
370.2389999999963 105 107
370.73999999999626 75 78
370.73999999999626 76 77
371.24099999999623 48 59
371.24099999999623 48 60
371.7419999999962 130 136
371.7419999999962 130 137
372.2429999999962 106 107
372.2429999999962 106 108
372.74399999999616 169 179
372.74399999999616 169 188
373.24499999999614 50 86
373.24499999999614 50 87
373.7459999999961 128 140
373.7459999999961 128 141
374.2469999999961 164 181
374.2469999999961 164 182
374.74799999999607 2 16
374.74799999999607 2 17
375.24899999999604 72 79
375.24899999999604 72 80
375.749999999996 64 84
375.749999999996 64 85
376.250999999996 18 23
376.250999999996 19 20
376.751999999996 165 191
376.751999999996 165 192
377.25299999999595 41 80
377.25299999999595 41 81
377.7539999999959 49 57
377.7539999999959 49 58
378.2549999999959 144 151
378.2549999999959 144 152
378.7559999999959 51 52
378.7559999999959 51 55
379.25699999999586 145 158
379.25699999999586 146 147
379.75799999999583 159 169
379.75799999999583 159 174
380.2589999999958 88 97
380.2589999999958 88 98
380.7599999999958 5 11
380.7599999999958 5 12
381.26099999999576 164 179
381.26099999999576 164 180
381.76199999999574 180 191
381.76199999999574 180 192
382.2629999999957 41 84
382.2629999999957 41 85
382.7639999999957 3 21
382.7639999999957 3 22
383.26499999999567 40 48
383.26499999999567 40 49
383.76599999999564 61 83
383.76599999999564 61 84
384.2669999999956 45 60
384.2669999999956 45 61
384.7679999999956 116 119
384.7679999999956 116 120
385.2689999999956 92 97
385.2689999999956 92 98
385.76999999999555 51 58
385.76999999999555 51 59
386.2709999999955 5 19
386.2709999999955 5 20
386.7719999999955 29 31
386.7719999999955 29 32
387.2729999999955 44 86
387.2729999999955 44 87
387.77399999999545 49 59
387.77399999999545 49 60
388.27499999999543 43 59
388.27499999999543 43 60
388.7759999999954 193 196
388.7759999999954 193 197
389.2769999999954 25 26
389.2769999999954 25 27
