0 128 136
0 128 137
1.5 7 11
1.5 7 12
3.0 132 137
3.0 132 138
4.5 41 55
4.5 41 56
6.0 160 187
6.0 160 188
7.5 41 80
7.5 41 81
9.0 114 127
9.0 114 128
10.5 172 176
10.5 172 177
12.0 16 20
12.0 16 21
13.5 65 66
13.5 65 79
15.0 159 169
15.0 159 174
16.5 135 137
16.5 135 138
18.0 188 189
18.0 188 190
19.5 6 12
19.5 6 13
21.0 49 50
21.0 49 56
22.5 171 192
22.5 172 173
24.0 104 109
24.0 104 110
25.5 106 113
25.5 107 108
27.0 115 127
27.0 115 128
28.5 41 82
28.5 41 83
30.0 116 121
30.0 116 122
31.5 72 79
31.5 72 80
33.0 163 178
33.0 163 179
34.5 43 63
34.5 43 64
36.0 26 38
36.0 26 39
37.5 107 113
37.5 108 109
39.0 68 82
39.0 68 83
40.5 46 86
40.5 46 87
42.0 68 80
42.0 68 81
43.5 29 33
43.5 29 34
45.0 42 44
45.0 42 45
46.5 64 86
46.5 64 87
48.0 107 109
48.0 107 110
49.5 64 65
49.5 64 79
51.0 49 86
51.0 49 87
52.5 42 81
52.5 42 82
54.0 117 119
54.0 117 120
55.5 40 100
55.5 40 101
57.0 90 96
57.0 90 97
58.5 147 153
58.5 147 154
60.0 159 185
60.0 159 186
61.5 117 123
61.5 117 124
63.0 146 158
63.0 147 148
64.5 163 164
64.5 163 165
66.0 164 191
66.0 164 192
67.5 43 79
67.5 43 80
69.0 184 187
69.0 184 188
70.5 6 14
70.5 6 15
72.0 164 183
72.0 164 184
73.5 17 18
73.5 17 19
75.0 162 179
75.0 162 180
76.5 134 135
76.5 134 136
78.0 24 25
78.0 24 30
79.5 167 188
79.5 167 189
81.0 131 141
81.0 131 142
82.5 26 36
82.5 26 37
84.0 24 31
84.0 24 32
85.5 42 63
85.5 42 64
87.0 25 34
87.0 25 35
88.5 148 149
88.5 148 150
90.0 2 12
90.0 2 13
91.5 16 22
91.5 16 23
93.0 134 141
93.0 135 136
94.5 3 19
94.5 3 20
96.0 155 157
96.0 156 157
97.5 109 110
97.5 109 111
99.0 104 105
99.0 104 106
100.5 170 174
100.5 170 175
102.0 5 17
102.0 5 18
103.5 169 175
103.5 169 176
105.0 191 192
105.0 192 193
106.5 159 183
106.5 159 184
108.0 119 120
108.0 119 121
109.5 63 86
109.5 63 87
111.0 48 86
111.0 48 87
112.5 41 48
112.5 41 49
114.0 188 191
114.0 189 190
115.5 43 85
115.5 43 86
117.0 32 37
117.0 32 38
118.5 40 55
118.5 40 56
120.0 161 168
120.0 161 175
121.5 29 35
121.5 29 36
123.0 88 89
123.0 88 94
124.5 41 50
124.5 41 51
126.0 3 17
126.0 3 18
127.5 152 154
127.5 152 155
129.0 182 190
129.0 182 191
130.5 74 78
130.5 74 79
132.0 88 101
132.0 88 114
133.5 29 31
133.5 29 32
135.0 6 16
135.0 6 18
136.5 3 23
136.5 4 5
138.0 109 112
138.0 109 113
139.5 150 154
139.5 150 155
141.0 129 138
141.0 129 139
142.5 105 112
142.5 105 113
144.0 44 63
144.0 44 64
145.5 71 83
145.5 71 84
147.0 89 90
147.0 89 91
148.5 182 184
148.5 182 185
150.0 44 48
150.0 44 49
151.5 144 153
151.5 144 154
153.0 73 76
153.0 73 77
154.5 61 85
154.5 61 86
156.0 102 108
156.0 102 109
157.5 147 149
157.5 147 150
159.0 18 19
159.0 18 20
160.5 29 39
160.5 30 31
162.0 72 85
162.0 72 86
163.5 186 190
163.5 186 191
165.0 114 142
165.0 114 158
166.5 120 127
166.5 121 122
168.0 26 30
168.0 26 31
169.5 148 151
169.5 148 152
171.0 128 138
171.0 128 139
172.5 42 67
172.5 42 78
174.0 130 142
174.0 131 132
175.5 25 38
175.5 25 39
177.0 47 60
177.0 47 61
178.5 41 67
178.5 41 68
180.0 149 154
180.0 149 155
181.5 90 92
181.5 90 93
183.0 95 99
183.0 96 97
184.5 45 58
184.5 45 59
186.0 181 186
186.0 181 187
187.5 45 60
187.5 45 61
189.0 133 136
189.0 133 137
190.5 165 179
190.5 165 180
192.0 129 130
192.0 129 131
193.5 168 187
193.5 168 188
195.0 70 86
195.0 70 87
196.5 52 60
196.5 53 54
198.0 34 36
198.0 34 37
199.5 160 163
199.5 160 164
201.0 91 95
201.0 91 96
202.5 42 50
202.5 42 56
204.0 27 31
204.0 27 32
205.5 161 164
205.5 161 165
207.0 1 17
207.0 1 18
208.5 40 50
208.5 40 51
210.0 82 84
210.0 82 85
211.5 70 82
211.5 70 83
213.0 198 199
214.5 181 192
214.5 182 183
216.0 47 83
216.0 47 84
217.5 47 81
217.5 47 82
219.0 44 65
219.0 44 79
220.5 104 113
220.5 104 114
222.0 91 97
222.0 91 98
223.5 19 21
223.5 19 22
225.0 129 134
225.0 129 135
226.5 183 185
226.5 183 186
228.0 95 97
228.0 95 98
229.5 5 19
229.5 5 20
231.0 69 80
231.0 69 81
232.5 154 155
232.5 154 156
234.0 93 94
234.0 93 95
235.5 47 85
235.5 47 86
237.0 115 121
237.0 115 122
238.5 31 36
238.5 31 37
240.0 61 62
240.0 61 82
241.5 49 61
241.5 49 62
243.0 30 36
243.0 30 37
244.5 0 15
244.5 0 16
246.0 32 33
246.0 32 34
247.5 10 11
247.5 10 12
249.0 90 98
249.0 90 99
250.5 132 135
250.5 132 136
252.0 25 36
252.0 25 37
253.5 143 144
253.5 143 146
255.0 4 21
255.0 4 22
256.5 48 59
256.5 48 60
258.0 117 121
258.0 117 122
259.5 89 94
259.5 89 95
261.0 1 15
261.0 1 16
262.5 105 110
262.5 105 111
264.0 67 85
264.0 67 86
265.5 164 179
265.5 164 180
267.0 5 13
267.0 5 14
268.5 27 37
268.5 27 38
270.0 160 167
270.0 160 168
271.5 194 195
271.5 194 196
273.0 106 111
273.0 106 112
274.5 166 167
274.5 166 176
276.0 158 191
276.0 158 192
277.5 66 80
277.5 66 81
279.0 48 84
279.0 48 85
280.5 132 139
280.5 132 140
282.0 167 186
282.0 167 187
283.5 163 176
283.5 163 177
285.0 185 187
285.0 185 188
286.5 160 177
286.5 160 178
288.0 42 85
288.0 42 86
289.5 115 119
289.5 115 120
291.0 131 135
291.0 131 136
292.5 132 133
292.5 132 134
294.0 40 41
294.0 40 47
295.5 21 22
295.5 22 23
297.0 18 21
297.0 18 22
298.5 167 178
298.5 167 179
300.0 6 10
300.0 6 11
301.5 90 100
301.5 91 92
303.0 49 84
303.0 49 85
304.5 161 176
304.5 161 177
306.0 97 98
306.0 97 99
307.5 128 142
307.5 128 158
309.0 160 169
309.0 160 174
310.5 44 80
310.5 44 81
312.0 41 192
312.0 42 43
313.5 143 151
313.5 143 152
315.0 41 127
315.0 41 128
316.5 5 15
316.5 5 16
318.0 194 197
318.0 194 198
319.5 17 22
319.5 17 23
321.0 151 157
321.0 152 153
322.5 42 79
322.5 42 80
324.0 103 109
324.0 103 110
325.5 41 113
325.5 41 114
327.0 150 158
327.0 151 152
328.5 162 177
328.5 162 178
330.0 43 59
330.0 43 60
331.5 133 134
331.5 133 135
333.0 117 125
333.0 117 126
334.5 159 163
334.5 159 164
336.0 184 191
336.0 185 186
337.5 42 83
337.5 42 84
339.0 119 126
339.0 119 127
340.5 159 187
340.5 159 188
342.0 15 19
342.0 15 20
343.5 42 46
343.5 42 47
345.0 146 156
345.0 146 157
346.5 68 84
346.5 68 85
348.0 118 122
348.0 118 123
349.5 166 177
349.5 166 178
351.0 194 199
351.0 195 196
352.5 66 86
352.5 66 87
354.0 2 14
354.0 2 15
355.5 160 165
355.5 160 166
357.0 105 108
357.0 105 109
358.5 55 57
358.5 56 57
360.0 187 188
360.0 187 189
361.5 193 194
361.5 193 195
363.0 9 10
363.0 9 11
364.5 168 178
364.5 168 179
366.0 45 82
366.0 45 83
367.5 4 23
367.5 5 6
369.0 137 138
369.0 137 139
370.5 29 37
370.5 29 38
372.0 40 86
372.0 40 87
373.5 178 192
373.5 179 180
375.0 135 139
375.0 135 140
376.5 0 21
376.5 0 22
378.0 70 80
378.0 70 81
379.5 180 187
379.5 180 188
381.0 87 101
381.0 87 114
382.5 144 145
382.5 144 146
384.0 114 123
384.0 114 124
385.5 162 181
385.5 162 182
387.0 170 178
387.0 170 179
388.5 149 156
388.5 149 157
390.0 173 174
390.0 173 175
391.5 6 21
391.5 6 22
393.0 41 44
393.0 41 45
394.5 143 149
394.5 143 150
396.0 170 190
396.0 170 191
397.5 101 108
397.5 101 109
399.0 143 157
399.0 143 158
400.5 50 61
400.5 50 85
402.0 75 76
402.0 75 77
403.5 69 78
403.5 69 79
405.0 27 39
405.0 27 40
406.5 140 141
406.5 141 142
408.0 165 166
408.0 165 176
409.5 91 93
409.5 91 94
411.0 1 23
411.0 2 3
412.5 163 188
412.5 163 189
414.0 73 74
414.0 73 75
415.5 68 86
415.5 68 87
417.0 33 39
417.0 34 35
418.5 167 176
418.5 167 177
420.0 136 140
420.0 136 141
421.5 145 146
421.5 145 147
423.0 36 37
423.0 36 38
424.5 51 52
424.5 51 55
426.0 122 126
426.0 122 127
427.5 147 155
427.5 147 156
429.0 15 23
429.0 16 17
430.5 69 84
430.5 69 85
432.0 2 16
432.0 2 17
433.5 165 191
433.5 165 192
435.0 187 190
435.0 187 191
436.5 160 189
436.5 160 190
438.0 89 100
438.0 90 91
439.5 171 175
439.5 171 176
441.0 25 40
441.0 26 27
442.5 180 185
442.5 180 186
444.0 67 68
444.0 67 78
445.5 143 155
445.5 143 156
447.0 132 141
447.0 132 142
448.5 44 57
448.5 44 58
450.0 167 192
450.0 168 169
451.5 45 62
451.5 45 63
453.0 35 38
453.0 35 39
454.5 0 23
454.5 1 2
456.0 162 191
456.0 162 192
457.5 75 78
457.5 76 77
459.0 91 99
459.0 91 100
460.5 167 190
460.5 167 191
462.0 40 158
462.0 40 192
463.5 3 4
463.5 3 12
465.0 159 160
465.0 159 162
466.5 28 31
466.5 28 32
468.0 153 154
468.0 153 155
469.5 4 15
469.5 4 16
471.0 162 175
471.0 162 176
472.5 89 98
472.5 89 99
474.0 101 158
474.0 102 103
475.5 65 82
475.5 65 83
477.0 14 21
477.0 14 22
478.5 164 177
478.5 164 178
480.0 181 188
480.0 181 189
481.5 120 121
481.5 120 122
483.0 24 39
483.0 24 40
484.5 48 80
484.5 48 81
486.0 93 96
486.0 93 97
487.5 42 65
487.5 42 66
489.0 149 158
489.0 150 151
490.5 88 142
490.5 88 158
492.0 65 84
492.0 65 85
493.5 163 184
493.5 163 185
495.0 144 149
495.0 144 150
496.5 49 59
496.5 49 60
498.0 40 67
498.0 40 68
499.5 25 30
499.5 25 31
501.0 57 58
501.0 58 59
502.5 71 85
502.5 71 86
504.0 46 82
504.0 46 83
505.5 183 189
505.5 183 190
507.0 25 28
507.0 25 29
508.5 134 137
508.5 134 138
510.0 6 23
510.0 7 8
511.5 41 86
511.5 41 87
513.0 48 57
513.0 48 58
514.5 119 124
514.5 119 125
516.0 131 137
516.0 131 138
517.5 31 34
517.5 31 35
519.0 98 99
519.0 99 100
520.5 52 56
520.5 52 57
522.0 102 106
522.0 102 107
523.5 44 61
523.5 44 62
525.0 1 13
525.0 1 14
526.5 45 86
526.5 45 87
528.0 51 58
528.0 51 59
529.5 27 35
529.5 27 36
531.0 14 23
531.0 15 16
532.5 47 48
532.5 47 57
534.0 116 123
534.0 116 124
535.5 123 124
535.5 123 125
537.0 169 177
537.0 169 178
538.5 165 177
538.5 165 178
540.0 161 178
540.0 161 179
541.5 67 83
541.5 67 84
543.0 66 67
543.0 66 79
544.5 193 196
544.5 193 197
546.0 0 19
546.0 0 20
547.5 116 125
547.5 116 126
549.0 121 125
549.0 121 126
550.5 130 138
550.5 130 139
552.0 69 70
552.0 69 77
553.5 105 106
553.5 105 107
555.0 146 150
555.0 146 151
556.5 142 157
556.5 142 158
558.0 170 192
558.0 171 172
559.5 4 17
559.5 4 18
561.0 4 19
561.0 4 20
562.5 84 85
562.5 85 86
564.0 63 82
564.0 63 83
565.5 101 102
565.5 101 107
567.0 73 80
567.0 74 75
568.5 171 177
568.5 171 178
570.0 118 124
570.0 118 125
571.5 133 138
571.5 133 139
573.0 138 141
573.0 139 140
574.5 144 147
574.5 144 148
576.0 27 29
576.0 27 30
577.5 68 78
577.5 68 79
579.0 5 11
579.0 5 12
580.5 108 112
580.5 108 113
582.0 48 82
582.0 48 83
583.5 51 60
583.5 52 53
585.0 7 9
585.0 7 10
586.5 50 57
586.5 50 58
588.0 43 45
588.0 43 46
589.5 28 33
589.5 28 34
591.0 151 155
591.0 151 156
592.5 18 23
592.5 19 20
594.0 79 80
594.0 80 81
595.5 160 191
595.5 160 192
597.0 180 189
597.0 180 190
598.5 71 77
598.5 71 78
600.0 147 157
600.0 147 158
601.5 40 61
601.5 40 62
603.0 160 185
603.0 160 186
604.5 25 26
604.5 25 27
606.0 43 87
606.0 44 45
607.5 161 190
607.5 161 191
609.0 146 154
609.0 146 155
610.5 40 48
610.5 40 49
612.0 7 22
612.0 7 23
613.5 165 189
613.5 165 190
615.0 43 47
615.0 43 48
616.5 92 99
616.5 92 100
618.0 123 126
618.0 124 125
619.5 5 23
619.5 6 7
621.0 161 184
621.0 161 185
622.5 88 95
622.5 88 96
624.0 44 46
624.0 44 47
625.5 2 20
625.5 2 21
627.0 1 21
627.0 1 22
628.5 164 185
628.5 164 186
630.0 24 37
630.0 24 38
631.5 162 183
631.5 162 184
633.0 72 75
633.0 72 76
634.5 41 42
634.5 41 43
636.0 40 127
636.0 40 128
637.5 54 56
637.5 54 57
639.0 45 80
639.0 45 81
640.5 47 62
640.5 47 80
642.0 167 180
642.0 167 181
643.5 33 37
643.5 33 38
645.0 87 99
645.0 87 100
646.5 45 84
646.5 45 85
648.0 162 187
648.0 162 188
649.5 40 84
649.5 40 85
651.0 43 83
651.0 43 84
652.5 113 114
652.5 114 115
654.0 40 78
654.0 40 79
655.5 131 139
655.5 131 140
657.0 66 82
657.0 66 83
658.5 162 189
658.5 162 190
660.0 108 110
660.0 108 111
661.5 101 110
661.5 101 111
663.0 43 49
663.0 43 56
664.5 175 176
664.5 176 177
666.0 30 34
666.0 30 35
667.5 45 64
667.5 45 79
669.0 161 188
669.0 161 189
670.5 72 77
670.5 72 78
672.0 4 13
672.0 4 14
673.5 158 183
673.5 158 184
675.0 67 87
675.0 68 69
676.5 5 21
676.5 5 22
678.0 148 153
678.0 148 154
679.5 150 156
679.5 150 157
681.0 24 35
681.0 24 36
682.5 166 179
682.5 166 180
684.0 89 96
684.0 89 97
685.5 106 107
685.5 106 108
687.0 26 28
687.0 26 29
688.5 106 109
688.5 106 110
690.0 94 100
690.0 95 96
691.5 50 86
691.5 50 87
693.0 74 76
693.0 74 77
694.5 8 9
694.5 8 10
696.0 35 36
696.0 35 37
697.5 7 13
697.5 7 14
699.0 28 39
699.0 29 30
700.5 158 187
700.5 158 188
702.0 116 127
702.0 117 118
703.5 111 112
703.5 112 113
705.0 53 59
705.0 54 55
706.5 101 114
706.5 101 142
708.0 181 182
708.0 181 183
709.5 115 116
709.5 115 118
711.0 168 191
711.0 168 192
712.5 158 189
712.5 158 190
714.0 50 59
714.0 50 60
715.5 179 190
715.5 179 191
717.0 114 125
717.0 114 126
718.5 92 93
718.5 92 94
720.0 144 157
720.0 144 158
721.5 32 39
721.5 33 34
723.0 161 182
723.0 161 183
724.5 160 161
724.5 160 162
726.0 102 114
726.0 103 104
727.5 159 165
727.5 159 166
729.0 196 198
729.0 196 199
730.5 64 80
730.5 64 81
732.0 42 61
732.0 42 62
733.5 52 54
733.5 52 55
735.0 41 61
735.0 41 62
736.5 28 29
736.5 28 30
738.0 45 46
738.0 45 47
739.5 103 107
739.5 103 108
741.0 137 140
741.0 137 141
742.5 182 188
742.5 182 189
744.0 115 123
744.0 115 124
745.5 129 142
745.5 130 131
747.0 133 140
747.0 133 141
748.5 184 185
748.5 184 186
750.0 71 79
750.0 71 80
751.5 102 110
751.5 102 111
753.0 3 13
753.0 3 14
754.5 169 179
754.5 169 188
756.0 93 100
756.0 94 95
757.5 159 175
757.5 159 176
759.0 145 156
759.0 145 157
760.5 88 99
760.5 88 100
762.0 145 154
762.0 145 155
763.5 69 86
763.5 69 87
765.0 25 32
765.0 25 33
766.5 161 180
766.5 161 181
768.0 158 181
768.0 158 182
769.5 50 51
769.5 50 56
771.0 163 192
771.0 164 165
772.5 135 141
772.5 136 137
774.0 115 125
774.0 115 126
775.5 159 191
775.5 159 192
777.0 62 86
777.0 62 87
778.5 40 59
778.5 40 60
780.0 168 180
780.0 168 186
781.5 168 174
781.5 168 175
783.0 181 184
783.0 181 185
784.5 44 84
784.5 44 85
786.0 62 84
786.0 62 85
787.5 120 123
787.5 120 124
789.0 128 140
789.0 128 141
790.5 166 189
790.5 166 190
792.0 160 175
792.0 160 176
793.5 160 183
793.5 160 184
795.0 166 187
795.0 166 188
796.5 164 166
796.5 164 176
798.0 163 166
798.0 163 167
799.5 20 21
799.5 20 22
801.0 90 94
801.0 90 95
802.5 71 81
802.5 71 82
804.0 7 15
804.0 7 21
805.5 31 32
805.5 31 33
807.0 94 98
807.0 94 99
808.5 158 185
808.5 158 186
810.0 45 48
810.0 45 57
811.5 177 178
811.5 178 179
813.0 107 111
813.0 107 112
814.5 52 58
814.5 52 59
816.0 44 59
816.0 44 60
817.5 186 188
817.5 186 189
819.0 142 143
819.0 142 152
820.5 81 86
820.5 82 83
822.0 120 125
822.0 120 126
823.5 118 126
823.5 118 127
825.0 26 32
825.0 26 33
826.5 173 176
826.5 174 175
828.0 94 96
828.0 94 97
829.5 104 111
829.5 104 112
831.0 158 177
831.0 158 178
832.5 2 22
832.5 2 23
834.0 8 11
834.0 8 12
835.5 87 142
835.5 87 158
837.0 179 188
837.0 179 189
838.5 185 189
838.5 185 190
840.0 9 12
840.0 9 13
841.5 134 139
841.5 134 140
843.0 163 186
843.0 163 187
844.5 145 150
844.5 145 151
846.0 62 82
846.0 62 83
847.5 195 197
847.5 195 198
849.0 41 57
849.0 41 58
850.5 103 113
850.5 103 114
852.0 193 198
852.0 193 199
853.5 130 136
853.5 130 137
855.0 152 156
855.0 152 157
856.5 170 176
856.5 170 177
858.0 130 140
858.0 130 141
859.5 28 37
859.5 28 38
861.0 117 127
861.0 118 119
862.5 159 189
862.5 159 190
864.0 183 191
864.0 183 192
865.5 34 38
865.5 34 39
867.0 40 141
867.0 40 142
868.5 129 136
868.5 129 137
870.0 33 35
870.0 33 36
871.5 70 84
871.5 70 85
873.0 171 173
873.0 171 174
874.5 70 78
874.5 70 79
876.0 40 65
876.0 40 66
877.5 145 148
877.5 145 149
879.0 11 12
879.0 12 13
880.5 154 157
880.5 155 156
882.0 92 95
882.0 92 96
883.5 64 82
883.5 64 83
885.0 49 82
885.0 49 83
886.5 102 104
886.5 102 105
888.0 41 78
888.0 41 79
889.5 69 82
889.5 69 83
891.0 3 15
891.0 3 16
892.5 195 199
892.5 196 197
894.0 32 35
894.0 32 36
895.5 147 151
895.5 147 152
897.0 81 84
897.0 81 85
898.5 165 183
898.5 165 184
900.0 159 177
900.0 159 178
901.5 46 58
901.5 46 59
903.0 160 179
903.0 160 180
904.5 49 57
904.5 49 58
906.0 41 63
906.0 41 64
907.5 16 18
907.5 16 19
909.0 24 33
909.0 24 34
910.5 61 87
910.5 62 63
912.0 82 86
912.0 83 84
913.5 46 47
913.5 46 57
915.0 2 18
915.0 2 19
916.5 46 84
916.5 46 85
918.0 160 181
918.0 160 182
919.5 73 78
919.5 73 79
921.0 31 38
921.0 31 39
922.5 163 182
922.5 163 183
924.0 3 21
924.0 3 22
925.5 166 183
925.5 166 184
927.0 168 189
927.0 168 190
928.5 166 181
928.5 166 182
930.0 130 132
930.0 130 133
931.5 44 86
931.5 44 87
933.0 143 147
933.0 143 148
934.5 178 190
934.5 178 191
936.0 169 170
936.0 169 174
937.5 116 119
937.5 116 120
939.0 43 61
939.0 43 62
940.5 46 60
940.5 46 61
942.0 64 84
942.0 64 85
943.5 62 80
943.5 62 81
945.0 172 174
945.0 172 175
946.5 166 191
946.5 166 192
948.0 101 112
948.0 101 113
949.5 116 117
949.5 116 118
951.0 153 156
951.0 153 157
952.5 81 82
952.5 81 83
954.0 0 17
954.0 0 18
955.5 145 152
955.5 145 153
957.0 142 153
957.0 142 154
958.5 42 59
958.5 42 60
960.0 63 64
960.0 63 79
961.5 41 84
961.5 41 85
963.0 163 180
963.0 163 181
964.5 47 58
964.5 47 59
966.0 159 167
966.0 159 168
967.5 63 80
967.5 63 81
969.0 44 82
969.0 44 83
970.5 148 157
970.5 148 158
972.0 136 138
972.0 136 139
973.5 165 185
973.5 165 186
975.0 145 158
975.0 146 147
976.5 93 98
976.5 93 99
978.0 89 92
978.0 89 93
979.5 158 179
979.5 158 180
981.0 183 187
981.0 183 188
982.5 151 153
982.5 151 154
984.0 26 34
984.0 26 35
985.5 157 158
985.5 158 159
987.0 182 186
987.0 182 187
988.5 131 133
988.5 131 134
990.0 180 191
990.0 180 192
991.5 168 176
991.5 168 177
993.0 169 189
993.0 169 190
994.5 162 164
994.5 162 165
996.0 26 40
996.0 27 28
997.5 121 123
997.5 121 124
999.0 164 181
999.0 164 182
1000.5 70 71
1000.5 70 77
1002.0 28 35
1002.0 28 36
1003.5 80 85
1003.5 80 86
1005.0 47 87
1005.0 48 49
1006.5 100 101
1006.5 100 158
1008.0 184 189
1008.0 184 190
1009.5 40 82
1009.5 40 83
1011.0 161 166
1011.0 161 167
1012.5 130 134
1012.5 130 135
1014.0 185 191
1014.0 186 187
1015.5 41 59
1015.5 41 60
1017.0 40 63
1017.0 40 64
1018.5 146 152
1018.5 146 153
1020.0 36 39
1020.0 37 38
1021.5 40 57
1021.5 40 58
1023.0 53 57
1023.0 53 58
1024.5 159 181
1024.5 159 182
1026.0 27 33
1026.0 27 34
1027.5 102 112
1027.5 102 113
1029.0 161 186
1029.0 161 187
1030.5 104 107
1030.5 104 108
1032.0 167 184
1032.0 167 185
1033.5 165 181
1033.5 165 182
1035.0 119 122
1035.0 119 123
1036.5 163 190
1036.5 163 191
1038.0 53 55
1038.0 53 56
1039.5 149 150
1039.5 149 151
1041.0 169 191
1041.0 169 192
1042.5 148 155
1042.5 148 156
1044.0 71 87
1044.0 72 73
1045.5 66 84
1045.5 66 85
1047.0 92 97
1047.0 92 98
1048.5 118 120
1048.5 118 121
1050.0 179 192
1050.0 180 181
1051.5 197 198
1051.5 197 199
1053.0 61 83
1053.0 61 84
1054.5 41 46
1054.5 41 47
1056.0 51 56
1056.0 51 57
1057.5 65 80
1057.5 65 81
1059.0 46 62
1059.0 46 63
1060.5 164 189
1060.5 164 190
1062.0 43 57
1062.0 43 58
1063.5 54 58
1063.5 55 56
1065.0 41 65
1065.0 41 66
1066.5 165 187
1066.5 165 188
1068.0 59 60
1068.0 60 61
1069.5 41 100
1069.5 41 101
1071.0 110 111
1071.0 110 112
1072.5 124 126
1072.5 125 126
1074.0 88 97
1074.0 88 98
1075.5 126 127
1075.5 127 128
1077.0 161 162
1077.0 161 163
1078.5 1 19
1078.5 1 20
1080.0 67 79
1080.0 67 80
1081.5 43 81
1081.5 43 82
1083.0 6 19
1083.0 6 20
1084.5 48 61
1084.5 48 62
1086.0 40 113
1086.0 40 114
1087.5 158 175
1087.5 158 176
1089.0 15 21
1089.0 15 22
1090.5 42 57
1090.5 42 58
1092.0 83 85
1092.0 83 86
1093.5 182 192
1093.5 183 184
1095.0 13 14
1095.0 14 15
1096.5 72 81
1096.5 72 84
1098.0 128 129
1098.0 128 135
1099.5 40 80
1099.5 40 81
1101.0 103 105
1101.0 103 106
1102.5 42 48
1102.5 42 49
1104.0 23 24
1104.0 23 40
1105.5 17 20
1105.5 17 21
1107.0 65 86
1107.0 65 87
1108.5 149 152
1108.5 149 153
1110.0 181 190
1110.0 181 191
1111.5 144 155
1111.5 144 156
1113.0 150 152
1113.0 150 153
1114.5 71 72
1114.5 71 76
1116.0 143 153
1116.0 143 154
1117.5 42 87
1117.5 43 44
1119.0 63 84
1119.0 63 85
1120.5 164 187
1120.5 164 188
1122.0 144 151
1122.0 144 152
1123.5 161 192
1123.5 162 163
1125.0 30 38
1125.0 30 39
1126.5 0 1
1126.5 0 14
1128.0 43 65
1128.0 43 66
1129.5 121 127
1129.5 122 123
1131.0 4 11
1131.0 4 12
1132.5 138 139
1132.5 138 140
1134.0 129 140
1134.0 129 141
1135.5 41 142
1135.5 41 158
1137.0 67 81
1137.0 67 82
1138.5 166 185
1138.5 166 186
1140.0 142 155
1140.0 142 156
1141.5 122 124
1141.5 122 125
1143.0 146 148
1143.0 146 149
1144.5 159 179
1144.5 159 180
1146.0 30 32
1146.0 30 33
1147.5 162 166
1147.5 162 167
1149.0 129 132
1149.0 129 133
1150.5 46 80
1150.5 46 81
1152.0 189 191
1152.0 190 191
1153.5 77 78
1153.5 78 79
1155.0 170 171
1155.0 170 173
1156.5 8 13
1156.5 8 14
1158.0 38 39
1158.0 39 40
1159.5 96 98
1159.5 96 99
1161.0 162 185
1161.0 162 186
1162.5 167 168
1162.5 167 175
1164.0 103 111
1164.0 103 112
1165.5 86 87
1165.5 87 88
