0 36 55
0 36 56
0.501 130 152
0.501 130 153
1.0019999999999998 51 55
1.0019999999999998 51 56
1.5029999999999997 89 97
1.5029999999999997 90 91
2.0039999999999996 62 70
2.0039999999999996 63 64
2.5049999999999994 132 152
2.5049999999999994 132 153
3.0059999999999993 138 162
3.0059999999999993 139 140
3.5069999999999992 172 178
3.5069999999999992 172 179
4.008 135 152
4.008 135 153
4.509 113 118
4.509 113 119
5.010000000000001 140 161
5.010000000000001 140 162
5.511000000000001 91 92
5.511000000000001 91 93
6.012000000000001 167 169
6.012000000000001 167 176
6.513000000000002 118 122
6.513000000000002 118 123
7.014000000000002 112 128
7.014000000000002 113 114
7.515000000000002 66 69
7.515000000000002 67 68
8.016000000000002 0 5
8.016000000000002 0 6
8.517000000000001 86 88
8.517000000000001 86 89
9.018 41 50
9.018 41 51
9.519 15 31
9.519 15 32
10.02 87 92
10.02 87 93
10.520999999999999 103 105
10.520999999999999 103 106
11.021999999999998 134 148
11.021999999999998 134 149
11.522999999999998 184 191
11.522999999999998 184 192
12.023999999999997 139 162
12.023999999999997 140 141
12.524999999999997 42 46
12.524999999999997 42 47
13.025999999999996 11 71
13.025999999999996 11 83
13.526999999999996 132 137
13.526999999999996 132 145
14.027999999999995 137 149
14.027999999999995 137 150
14.528999999999995 151 153
14.528999999999995 151 154
15.029999999999994 114 128
15.029999999999994 115 116
15.530999999999993 114 120
15.530999999999993 114 121
16.031999999999993 132 158
16.031999999999993 132 159
16.532999999999994 35 57
16.532999999999994 36 37
17.033999999999995 197 198
17.033999999999995 198 199
17.534999999999997 164 180
17.534999999999997 164 181
18.035999999999998 19 26
18.035999999999998 19 27
18.537 59 69
18.537 59 70
19.038 193 194
19.038 194 195
19.539 105 110
19.539 105 111
20.040000000000003 99 101
20.040000000000003 99 102
20.541000000000004 12 19
20.541000000000004 12 20
21.042000000000005 137 147
21.042000000000005 137 148
21.543000000000006 112 122
21.543000000000006 112 123
22.044000000000008 121 126
22.044000000000008 121 127
22.54500000000001 89 91
22.54500000000001 89 92
23.04600000000001 166 193
23.04600000000001 166 194
23.54700000000001 59 65
23.54700000000001 59 66
24.048000000000012 164 168
24.048000000000012 164 169
24.549000000000014 57 70
24.549000000000014 57 71
25.050000000000015 136 148
25.050000000000015 136 149
25.551000000000016 61 66
25.551000000000016 61 67
26.052000000000017 76 80
26.052000000000017 76 81
26.55300000000002 118 120
26.55300000000002 118 121
27.05400000000002 10 55
27.05400000000002 10 56
27.55500000000002 186 189
27.55500000000002 186 190
28.056000000000022 129 136
28.056000000000022 129 137
28.557000000000023 130 132
28.557000000000023 130 133
29.058000000000025 14 51
29.058000000000025 14 52
29.559000000000026 128 160
29.559000000000026 128 161
30.060000000000027 191 192
30.060000000000027 192 193
30.56100000000003 17 29
30.56100000000003 17 30
31.06200000000003 99 105
31.06200000000003 99 106
31.56300000000003 118 124
31.56300000000003 118 125
32.06400000000003 133 159
32.06400000000003 133 160
32.565000000000026 167 179
32.565000000000026 167 180
33.066000000000024 187 192
33.066000000000024 187 193
33.56700000000002 21 25
33.56700000000002 21 26
34.06800000000002 176 177
34.06800000000002 176 178
34.56900000000002 163 180
34.56900000000002 163 181
35.070000000000014 45 47
35.070000000000014 45 48
35.57100000000001 60 63
35.57100000000001 60 64
36.07200000000001 134 154
36.07200000000001 134 155
36.57300000000001 33 49
36.57300000000001 33 50
37.074000000000005 162 183
37.074000000000005 162 190
37.575 13 14
37.575 13 15
38.076 10 162
38.076 11 12
38.577 117 128
38.577 118 119
39.077999999999996 89 93
39.077999999999996 89 94
39.57899999999999 15 51
39.57899999999999 15 52
40.07999999999999 10 32
40.07999999999999 10 33
40.58099999999999 63 65
40.58099999999999 63 66
41.08199999999999 12 36
41.08199999999999 12 37
41.582999999999984 129 162
41.582999999999984 130 131
42.08399999999998 52 53
42.08399999999998 52 54
42.58499999999998 36 53
42.58499999999998 36 54
43.08599999999998 177 178
43.08599999999998 178 179
43.586999999999975 134 135
43.586999999999975 134 136
44.08799999999997 15 49
44.08799999999997 15 50
44.58899999999997 119 121
44.58899999999997 119 122
45.08999999999997 168 180
45.08999999999997 168 181
45.590999999999966 34 55
45.590999999999966 34 56
46.09199999999996 155 160
46.09199999999996 155 161
46.59299999999996 84 94
46.59299999999996 84 95
47.09399999999996 17 50
47.09399999999996 17 51
47.594999999999956 134 162
47.594999999999956 135 136
48.095999999999954 166 195
48.095999999999954 167 168
48.59699999999995 13 52
48.59699999999995 13 53
49.09799999999995 135 150
49.09799999999995 135 151
49.59899999999995 91 94
49.59899999999995 91 95
50.099999999999945 129 134
50.099999999999945 129 135
50.60099999999994 87 96
50.60099999999994 87 97
51.10199999999994 116 123
51.10199999999994 116 124
51.60299999999994 91 96
51.60299999999994 91 97
52.103999999999935 164 193
52.103999999999935 164 194
52.60499999999993 105 106
52.60499999999993 105 107
53.10599999999993 2 6
53.10599999999993 2 7
53.60699999999993 11 98
53.60699999999993 11 112
54.107999999999926 39 47
54.107999999999926 39 48
54.608999999999924 61 64
54.608999999999924 61 65
55.10999999999992 117 122
55.10999999999992 117 123
55.61099999999992 79 83
55.61099999999992 80 81
56.11199999999992 150 158
56.11199999999992 150 159
56.612999999999914 123 125
56.612999999999914 123 126
57.11399999999991 57 84
57.11399999999991 57 112
57.61499999999991 154 156
57.61499999999991 154 157
58.11599999999991 13 26
58.11599999999991 13 27
58.616999999999905 80 82
58.616999999999905 81 82
59.1179999999999 101 104
59.1179999999999 101 105
59.6189999999999 137 145
59.6189999999999 137 146
60.1199999999999 41 48
60.1199999999999 41 49
60.620999999999896 128 152
60.620999999999896 128 153
61.12199999999989 10 36
61.12199999999989 10 37
61.62299999999989 98 107
61.62299999999989 98 108
62.12399999999989 150 162
62.12399999999989 151 152
62.624999999999886 168 169
62.624999999999886 168 177
63.125999999999884 163 192
63.125999999999884 163 193
63.62699999999988 3 4
63.62699999999988 3 5
64.12799999999989 58 64
64.12799999999989 58 65
64.62899999999989 185 191
64.62899999999989 185 192
65.1299999999999 182 183
65.1299999999999 182 191
65.6309999999999 63 67
65.6309999999999 63 68
66.1319999999999 128 156
66.1319999999999 128 157
66.63299999999991 7 8
66.63299999999991 8 9
67.13399999999992 11 128
67.13399999999992 11 162
67.63499999999992 188 191
67.63499999999992 188 192
68.13599999999992 84 96
68.13599999999992 84 97
68.63699999999993 133 161
68.63699999999993 133 162
69.13799999999993 131 153
69.13799999999993 131 154
69.63899999999994 150 160
69.63899999999994 150 161
70.13999999999994 71 77
70.13999999999994 71 78
70.64099999999995 15 27
70.64099999999995 15 28
71.14199999999995 38 55
71.14199999999995 38 56
71.64299999999996 162 191
71.64299999999996 162 192
72.14399999999996 43 45
72.14399999999996 43 46
72.64499999999997 4 7
72.64499999999997 4 8
73.14599999999997 12 13
73.14599999999997 12 14
73.64699999999998 12 30
73.64699999999998 12 31
74.14799999999998 162 179
74.14799999999998 162 180
74.64899999999999 12 52
74.64899999999999 12 53
75.14999999999999 116 117
75.14999999999999 116 118
75.651 16 53
75.651 16 54
76.152 12 32
76.152 12 33
76.653 130 148
76.653 130 149
77.15400000000001 172 174
77.15400000000001 172 175
77.65500000000002 166 169
77.65500000000002 166 170
78.15600000000002 166 176
78.15600000000002 166 177
78.65700000000002 169 194
78.65700000000002 169 195
79.15800000000003 163 168
79.15800000000003 163 169
79.65900000000003 155 156
79.65900000000003 155 157
80.16000000000004 13 16
80.16000000000004 13 17
80.66100000000004 19 53
80.66100000000004 19 54
81.16200000000005 132 146
81.16200000000005 132 147
81.66300000000005 185 193
81.66300000000005 185 194
82.16400000000006 21 27
82.16400000000006 21 28
82.66500000000006 41 56
82.66500000000006 41 57
83.16600000000007 36 57
83.16600000000007 37 38
83.66700000000007 90 92
83.66700000000007 90 93
84.16800000000008 131 149
84.16800000000008 131 150
84.66900000000008 19 57
84.66900000000008 20 21
85.17000000000009 71 83
85.17000000000009 71 84
85.67100000000009 87 88
85.67100000000009 87 89
86.1720000000001 100 105
86.1720000000001 100 106
86.6730000000001 2 4
86.6730000000001 2 5
87.1740000000001 141 148
87.1740000000001 141 162
87.67500000000011 131 133
87.67500000000011 131 134
88.17600000000012 152 161
88.17600000000012 152 162
88.67700000000012 0 9
88.67700000000012 1 2
89.17800000000013 12 50
89.17800000000013 12 51
89.67900000000013 170 177
89.67900000000013 170 178
90.18000000000013 37 50
90.18000000000013 37 51
90.68100000000014 64 65
90.68100000000014 64 66
91.18200000000014 10 57
91.18200000000014 10 70
91.68300000000015 4 9
91.68300000000015 5 6
92.18400000000015 112 126
92.18400000000015 112 127
92.68500000000016 139 148
92.68500000000016 139 149
93.18600000000016 42 43
93.18600000000016 42 45
93.68700000000017 129 146
93.68700000000017 129 147
94.18800000000017 113 128
94.18800000000017 114 115
94.68900000000018 119 123
94.68900000000018 119 124
95.19000000000018 14 28
95.19000000000018 14 29
95.69100000000019 164 166
95.69100000000019 164 167
96.19200000000019 12 56
96.19200000000019 12 57
96.6930000000002 21 29
96.6930000000002 21 30
97.1940000000002 44 47
97.1940000000002 44 48
97.6950000000002 165 179
97.6950000000002 165 180
98.19600000000021 36 49
98.19600000000021 36 50
98.69700000000022 16 33
98.69700000000022 16 50
99.19800000000022 28 29
99.19800000000022 29 30
99.69900000000023 10 17
99.69900000000023 10 18
100.20000000000023 195 196
100.20000000000023 196 197
100.70100000000023 100 103
100.70100000000023 100 104
101.20200000000024 10 98
101.20200000000024 10 111
101.70300000000024 136 158
101.70300000000024 136 159
102.20400000000025 129 158
102.20400000000025 129 159
102.70500000000025 75 77
102.70500000000025 75 78
103.20600000000026 13 32
103.20600000000026 13 33
103.70700000000026 131 155
103.70700000000026 131 156
104.20800000000027 129 138
104.20800000000027 129 139
104.70900000000027 0 1
104.70900000000027 0 2
105.21000000000028 12 26
105.21000000000028 12 27
105.71100000000028 11 32
105.71100000000028 11 33
106.21200000000029 77 82
106.21200000000029 77 83
106.71300000000029 135 158
106.71300000000029 135 159
107.2140000000003 138 145
107.2140000000003 138 146
107.7150000000003 130 134
107.7150000000003 130 135
108.2160000000003 13 30
108.2160000000003 13 31
108.71700000000031 181 194
108.71700000000031 181 195
109.21800000000032 137 157
109.21800000000032 137 158
109.71900000000032 170 179
109.71900000000032 170 180
110.22000000000033 111 112
110.22000000000033 112 113
110.72100000000033 12 28
110.72100000000033 12 29
111.22200000000034 184 193
111.22200000000034 184 194
111.72300000000034 55 56
111.72300000000034 56 57
112.22400000000034 120 123
112.22400000000034 120 124
112.72500000000035 35 53
112.72500000000035 35 54
113.22600000000035 129 156
113.22600000000035 129 157
113.72700000000036 25 26
113.72700000000036 25 27
114.22800000000036 95 96
114.22800000000036 96 97
114.72900000000037 13 34
114.72900000000037 13 35
115.23000000000037 5 7
115.23000000000037 5 8
115.73100000000038 163 194
115.73100000000038 163 195
116.23200000000038 85 94
116.23200000000038 85 95
116.73300000000039 163 164
116.73300000000039 163 165
117.23400000000039 130 154
117.23400000000039 130 155
117.7350000000004 11 13
117.7350000000004 11 14
118.2360000000004 171 177
118.2360000000004 171 178
118.7370000000004 183 193
118.7370000000004 183 194
119.23800000000041 166 167
119.23800000000041 166 168
119.73900000000042 19 30
119.73900000000042 19 31
120.24000000000042 84 98
120.24000000000042 84 112
120.74100000000043 37 52
120.74100000000043 37 53
121.24200000000043 15 33
121.24200000000043 15 34
121.74300000000044 41 54
121.74300000000044 41 55
122.24400000000044 16 57
122.24400000000044 17 18
122.74500000000045 144 145
122.74500000000045 145 146
123.24600000000045 181 182
123.24600000000045 181 193
123.74700000000045 151 161
123.74700000000045 151 162
124.24800000000046 105 108
124.24800000000046 105 109
124.74900000000046 42 48
124.74900000000046 42 49
125.25000000000047 90 96
125.25000000000047 90 97
125.75100000000047 129 154
125.75100000000047 129 155
126.25200000000048 163 178
126.25200000000048 163 179
126.75300000000048 58 128
126.75300000000048 59 60
127.25400000000049 108 110
127.25400000000049 108 111
127.75500000000049 121 122
127.75500000000049 121 123
128.2560000000005 18 55
128.2560000000005 18 56
128.75700000000052 73 74
128.75700000000052 73 75
129.25800000000052 22 29
129.25800000000052 22 30
129.75900000000053 74 76
129.75900000000053 74 77
130.26000000000053 85 92
130.26000000000053 85 93
130.76100000000054 116 119
130.76100000000054 116 120
131.26200000000054 79 81
131.26200000000054 79 82
131.76300000000055 152 153
131.76300000000055 152 154
132.26400000000055 31 56
132.26400000000055 31 57
132.76500000000055 103 107
132.76500000000055 103 108
133.26600000000056 39 55
133.26600000000056 39 56
133.76700000000056 76 82
133.76700000000056 76 83
134.26800000000057 2 8
134.26800000000057 2 9
134.76900000000057 114 118
134.76900000000057 114 119
135.27000000000058 164 178
135.27000000000058 164 179
135.77100000000058 116 125
135.77100000000058 116 126
136.2720000000006 32 55
136.2720000000006 32 56
136.7730000000006 101 102
136.7730000000006 101 103
137.2740000000006 168 195
137.2740000000006 169 170
137.7750000000006 99 103
137.7750000000006 99 104
138.2760000000006 15 17
138.2760000000006 15 18
138.7770000000006 99 111
138.7770000000006 99 112
139.27800000000062 187 188
139.27800000000062 187 189
139.77900000000062 163 190
139.77900000000062 163 191
140.28000000000063 138 149
140.28000000000063 138 150
140.78100000000063 66 67
140.78100000000063 66 68
141.28200000000064 30 31
141.28200000000064 31 32
141.78300000000064 164 182
141.78300000000064 164 183
142.28400000000065 72 83
142.28400000000065 72 84
142.78500000000065 10 21
142.78500000000065 10 25
143.28600000000066 148 161
143.28600000000066 148 162
143.78700000000066 102 110
143.78700000000066 102 111
144.28800000000066 182 192
144.28800000000066 182 193
144.78900000000067 155 158
144.78900000000067 155 159
145.29000000000067 174 177
145.29000000000067 174 178
145.79100000000068 129 148
145.79100000000068 129 149
146.29200000000068 107 111
146.29200000000068 108 109
146.7930000000007 109 110
146.7930000000007 110 111
147.2940000000007 138 139
147.2940000000007 138 144
147.7950000000007 10 71
147.7950000000007 10 83
148.2960000000007 116 121
148.2960000000007 116 122
148.7970000000007 129 144
148.7970000000007 129 145
149.2980000000007 87 90
149.2980000000007 87 91
149.79900000000072 71 81
149.79900000000072 71 82
150.30000000000072 20 26
150.30000000000072 20 27
150.80100000000073 89 95
150.80100000000073 89 96
151.30200000000073 140 149
151.30200000000073 140 160
151.80300000000074 130 136
151.80300000000074 130 137
152.30400000000074 186 191
152.30400000000074 186 192
152.80500000000075 14 17
152.80500000000075 14 18
153.30600000000075 131 159
153.30600000000075 131 160
153.80700000000076 153 156
153.80700000000076 153 157
154.30800000000076 117 124
154.30800000000076 117 125
154.80900000000076 171 179
154.80900000000076 171 180
155.31000000000077 14 53
155.31000000000077 14 54
155.81100000000077 94 95
155.81100000000077 94 96
156.31200000000078 39 49
156.31200000000078 39 50
156.81300000000078 132 148
156.81300000000078 132 149
157.3140000000008 11 19
157.3140000000008 11 20
157.8150000000008 60 61
157.8150000000008 60 62
158.3160000000008 184 189
158.3160000000008 184 190
158.8170000000008 129 150
158.8170000000008 129 151
159.3180000000008 131 147
159.3180000000008 131 148
159.8190000000008 141 146
159.8190000000008 141 147
160.32000000000082 97 98
160.32000000000082 98 99
160.82100000000082 14 30
160.82100000000082 14 31
161.32200000000083 14 57
161.32200000000083 15 16
161.82300000000083 10 19
161.82300000000083 10 20
162.32400000000084 35 55
162.32400000000084 35 56
162.82500000000084 23 26
162.82500000000084 23 27
163.32600000000085 163 196
163.32600000000085 164 165
163.82700000000085 67 69
163.82700000000085 68 69
164.32800000000086 61 68
164.32800000000086 61 69
164.82900000000086 40 51
164.82900000000086 40 52
165.33000000000087 112 124
165.33000000000087 112 125
165.83100000000087 138 160
165.83100000000087 138 161
166.33200000000087 125 126
166.33200000000087 125 127
166.83300000000088 39 57
166.83300000000088 40 41
167.33400000000088 10 26
167.33400000000088 10 27
167.8350000000009 173 179
167.8350000000009 173 180
168.3360000000009 140 145
168.3360000000009 140 146
168.8370000000009 167 177
168.8370000000009 167 178
169.3380000000009 173 175
169.3380000000009 173 176
169.8390000000009 18 51
169.8390000000009 18 52
170.3400000000009 142 143
170.3400000000009 142 144
170.84100000000092 132 162
170.84100000000092 133 134
171.34200000000092 19 32
171.34200000000092 19 52
171.84300000000093 20 28
171.84300000000093 20 29
172.34400000000093 101 106
172.34400000000093 101 107
172.84500000000094 16 55
172.84500000000094 16 56
173.34600000000094 100 109
173.34600000000094 100 110
173.84700000000095 140 147
173.84700000000095 140 148
174.34800000000095 132 133
174.34800000000095 132 134
174.84900000000096 153 158
174.84900000000096 153 159
175.35000000000096 33 55
175.35000000000096 33 56
175.85100000000097 78 79
175.85100000000097 78 80
176.35200000000097 141 144
176.35200000000097 141 145
176.85300000000097 32 51
176.85300000000097 32 52
177.35400000000098 113 126
177.35400000000098 113 127
177.85500000000098 164 191
177.85500000000098 164 192
178.356000000001 163 176
178.356000000001 163 177
178.857000000001 123 127
178.857000000001 124 125
179.358000000001 24 25
179.358000000001 24 26
179.859000000001 165 192
179.859000000001 165 193
180.360000000001 31 54
180.360000000001 31 55
180.861000000001 156 157
180.861000000001 156 158
181.36200000000102 162 173
181.36200000000102 162 174
181.86300000000102 5 9
181.86300000000102 6 7
182.36400000000103 60 67
182.36400000000103 60 68
182.86500000000103 38 51
182.86500000000103 38 52
183.36600000000104 19 55
183.36600000000104 19 56
183.86700000000104 115 121
183.86700000000104 115 122
184.36800000000105 86 90
184.36800000000105 86 91
184.86900000000105 131 151
184.86900000000105 131 152
185.37000000000106 84 85
185.37000000000106 84 93
185.87100000000106 128 148
185.87100000000106 128 149
186.37200000000107 102 104
186.37200000000107 102 105
186.87300000000107 16 31
186.87300000000107 16 32
187.37400000000108 38 53
187.37400000000108 38 54
187.87500000000108 151 157
187.87500000000108 151 158
188.37600000000108 183 191
188.37600000000108 183 192
188.8770000000011 182 194
188.8770000000011 182 195
189.3780000000011 10 112
189.3780000000011 10 128
189.8790000000011 11 28
189.8790000000011 11 29
190.3800000000011 132 135
190.3800000000011 132 136
190.8810000000011 74 80
190.8810000000011 74 81
191.3820000000011 36 51
191.3820000000011 36 52
191.88300000000112 168 193
191.88300000000112 168 194
192.38400000000112 33 53
192.38400000000112 33 54
192.88500000000113 140 143
192.88500000000113 140 144
193.38600000000113 62 66
193.38600000000113 62 67
193.88700000000114 1 5
193.88700000000114 1 6
194.38800000000114 40 57
194.38800000000114 41 42
194.88900000000115 114 126
194.88900000000115 114 127
195.39000000000115 135 148
195.39000000000115 135 149
195.89100000000116 149 159
195.89100000000116 149 160
196.39200000000116 136 156
196.39200000000116 136 157
196.89300000000117 128 150
196.89300000000117 128 151
197.39400000000117 3 6
197.39400000000117 3 7
197.89500000000118 122 127
197.89500000000118 123 124
198.39600000000118 84 128
198.39600000000118 85 86
198.89700000000119 17 52
198.89700000000119 17 53
199.3980000000012 11 57
199.3980000000012 11 70
199.8990000000012 134 146
199.8990000000012 134 147
200.4000000000012 62 64
200.4000000000012 62 65
200.9010000000012 88 91
200.9010000000012 88 92
201.4020000000012 133 135
201.4020000000012 133 136
201.9030000000012 102 112
201.9030000000012 103 104
202.40400000000122 17 27
202.40400000000122 17 28
202.90500000000122 78 83
202.90500000000122 79 80
203.40600000000123 164 172
203.40600000000123 164 173
203.90700000000123 92 93
203.90700000000123 92 94
204.40800000000124 15 29
204.40800000000124 15 30
204.90900000000124 72 75
204.90900000000124 72 76
205.41000000000125 59 61
205.41000000000125 59 62
205.91100000000125 188 189
205.91100000000125 188 190
206.41200000000126 88 93
206.41200000000126 88 94
206.91300000000126 139 158
206.91300000000126 139 159
207.41400000000127 18 53
207.41400000000127 18 54
207.91500000000127 65 68
207.91500000000127 65 69
208.41600000000128 107 109
208.41600000000128 107 110
208.91700000000128 139 160
208.91700000000128 139 161
209.41800000000129 75 79
209.41800000000129 75 80
209.9190000000013 10 38
209.9190000000013 10 48
210.4200000000013 162 163
210.4200000000013 162 170
210.9210000000013 169 178
210.9210000000013 169 179
211.4220000000013 163 182
211.4220000000013 163 183
211.9230000000013 61 70
211.9230000000013 62 63
212.4240000000013 130 158
212.4240000000013 130 159
212.92500000000132 85 90
212.92500000000132 85 91
213.42600000000132 169 180
213.42600000000132 169 181
213.92700000000133 135 154
213.92700000000133 135 155
214.42800000000133 20 57
214.42800000000133 21 22
214.92900000000134 14 49
214.92900000000134 14 50
215.43000000000134 61 62
215.43000000000134 61 63
215.93100000000135 133 157
215.93100000000135 133 158
216.43200000000135 34 57
216.43200000000135 35 36
216.93300000000136 174 175
216.93300000000136 174 176
217.43400000000136 85 98
217.43400000000136 86 87
217.93500000000137 131 145
217.93500000000137 131 146
218.43600000000137 73 80
218.43600000000137 73 81
218.93700000000138 4 5
218.93700000000138 4 6
219.43800000000138 134 152
219.43800000000138 134 153
219.93900000000139 185 186
219.93900000000139 185 188
220.4400000000014 162 171
220.4400000000014 162 172
220.9410000000014 165 170
220.9410000000014 165 171
221.4420000000014 162 181
221.4420000000014 162 182
221.9430000000014 166 182
221.9430000000014 166 192
222.4440000000014 73 82
222.4440000000014 73 83
222.94500000000141 98 105
222.94500000000141 98 106
223.44600000000142 119 125
223.44600000000142 119 126
223.94700000000142 163 170
223.94700000000142 163 171
224.44800000000143 106 107
224.44800000000143 106 108
224.94900000000143 13 56
224.94900000000143 13 57
225.45000000000144 44 45
225.45000000000144 44 46
225.95100000000144 32 33
225.95100000000144 32 50
226.45200000000145 0 7
226.45200000000145 0 8
226.95300000000145 128 154
226.95300000000145 128 155
227.45400000000146 12 17
227.45400000000146 12 18
227.95500000000146 136 160
227.95500000000146 136 161
228.45600000000147 88 95
228.45600000000147 88 96
228.95700000000147 120 121
228.95700000000147 120 122
229.45800000000148 73 84
229.45800000000148 74 75
229.95900000000148 133 155
229.95900000000148 133 156
230.4600000000015 114 124
230.4600000000015 114 125
230.9610000000015 31 52
230.9610000000015 31 53
231.4620000000015 168 178
231.4620000000015 168 179
231.9630000000015 99 107
231.9630000000015 99 108
232.4640000000015 16 51
232.4640000000015 16 52
232.9650000000015 131 135
232.9650000000015 131 136
233.46600000000151 131 157
233.46600000000151 131 158
233.96700000000152 11 55
233.96700000000152 11 56
234.46800000000152 13 18
234.46800000000152 13 19
234.96900000000153 129 160
234.96900000000153 129 161
235.47000000000153 102 106
235.47000000000153 102 107
235.97100000000154 58 84
235.97100000000154 58 112
236.47200000000154 32 53
236.47200000000154 32 54
236.97300000000155 35 49
236.97300000000155 35 50
237.47400000000155 32 57
237.47400000000155 33 34
237.97500000000156 88 89
237.97500000000156 88 90
238.47600000000156 100 107
238.47600000000156 100 108
238.97700000000157 12 34
238.97700000000157 12 35
239.47800000000157 92 97
239.47800000000157 93 94
239.97900000000158 40 55
239.97900000000158 40 56
240.48000000000158 153 160
240.48000000000158 153 161
240.9810000000016 100 101
240.9810000000016 100 102
241.4820000000016 113 124
241.4820000000016 113 125
241.9830000000016 113 120
241.9830000000016 113 121
242.4840000000016 186 187
242.4840000000016 186 188
242.9850000000016 185 189
242.9850000000016 185 190
243.4860000000016 170 181
243.4860000000016 171 172
243.98700000000161 50 56
243.98700000000161 51 52
244.48800000000162 138 158
244.48800000000162 138 159
244.98900000000162 72 77
244.98900000000162 72 78
245.49000000000163 164 195
245.49000000000163 164 196
245.99100000000163 154 160
245.99100000000163 154 161
246.49200000000164 162 193
246.49200000000164 162 194
246.99300000000164 1 9
246.99300000000164 2 3
247.49400000000165 162 175
247.49400000000165 162 176
247.99500000000165 158 160
247.99500000000165 158 161
248.49600000000166 138 156
248.49600000000166 138 157
248.99700000000166 165 181
248.99700000000166 165 182
249.49800000000167 17 31
249.49800000000167 17 32
249.99900000000167 18 19
249.99900000000167 18 27
250.50000000000168 186 193
250.50000000000168 186 194
251.00100000000168 64 69
251.00100000000168 64 70
251.5020000000017 75 81
251.5020000000017 75 82
252.0030000000017 113 116
252.0030000000017 113 117
252.5040000000017 146 147
252.5040000000017 147 148
253.0050000000017 119 127
253.0050000000017 119 128
253.5060000000017 106 109
253.5060000000017 106 110
254.0070000000017 39 51
254.0070000000017 39 52
254.50800000000172 169 176
254.50800000000172 169 177
255.00900000000172 104 106
255.00900000000172 104 107
255.51000000000172 131 137
255.51000000000172 131 138
256.0110000000017 60 69
256.0110000000017 60 70
256.51200000000165 133 137
256.51200000000165 133 146
257.0130000000016 60 65
257.0130000000016 60 66
257.5140000000016 9 10
257.5140000000016 10 11
258.0150000000016 86 96
258.0150000000016 86 97
258.51600000000155 120 125
258.51600000000155 120 126
259.01700000000153 133 149
259.01700000000153 133 150
259.5180000000015 13 36
259.5180000000015 13 49
260.0190000000015 90 94
260.0190000000015 90 95
260.52000000000146 58 68
260.52000000000146 58 69
261.02100000000144 135 146
261.02100000000144 135 147
261.5220000000014 136 150
261.5220000000014 136 151
262.0230000000014 18 30
262.0230000000014 18 31
262.52400000000137 152 157
262.52400000000137 152 158
263.02500000000134 73 78
263.02500000000134 73 79
263.5260000000013 0 3
263.5260000000013 0 4
264.0270000000013 103 109
264.0270000000013 103 110
264.52800000000127 138 147
264.52800000000127 138 148
265.02900000000125 22 27
265.02900000000125 22 28
265.5300000000012 154 158
265.5300000000012 154 159
266.0310000000012 117 126
266.0310000000012 117 127
266.5320000000012 131 161
266.5320000000012 131 162
267.03300000000115 130 162
267.03300000000115 131 132
267.53400000000113 52 55
267.53400000000113 52 56
268.0350000000011 118 126
268.0350000000011 118 127
268.5360000000011 164 170
268.5360000000011 164 171
269.03700000000106 87 94
269.03700000000106 87 95
269.53800000000103 62 68
269.53800000000103 62 69
270.039000000001 26 27
270.039000000001 27 28
270.540000000001 38 49
270.540000000001 38 50
271.04100000000096 133 151
271.04100000000096 133 152
271.54200000000094 19 28
271.54200000000094 19 29
272.0430000000009 124 126
272.0430000000009 124 127
272.5440000000009 167 181
272.5440000000009 167 193
273.04500000000087 57 128
273.04500000000087 58 59
273.54600000000084 33 57
273.54600000000084 34 35
274.0470000000008 42 50
274.0470000000008 42 51
274.5480000000008 134 150
274.5480000000008 134 151
275.0490000000008 58 70
275.0490000000008 58 71
275.55000000000075 69 70
275.55000000000075 70 71
276.0510000000007 1 7
276.0510000000007 1 8
276.5520000000007 16 29
276.5520000000007 16 30
277.0530000000007 166 180
277.0530000000007 166 181
277.55400000000066 170 171
277.55400000000066 170 176
278.05500000000063 115 123
278.05500000000063 115 124
278.5560000000006 101 112
278.5560000000006 102 103
279.0570000000006 141 142
279.0570000000006 141 143
279.55800000000056 72 73
279.55800000000056 72 74
280.05900000000054 163 166
280.05900000000054 163 167
280.5600000000005 98 111
280.5600000000005 98 112
281.0610000000005 72 79
281.0610000000005 72 80
281.56200000000047 136 154
281.56200000000047 136 155
282.06300000000044 100 111
282.06300000000044 100 112
282.5640000000004 189 190
282.5640000000004 189 191
283.0650000000004 22 25
283.0650000000004 22 26
283.5660000000004 150 151
283.5660000000004 150 155
284.06700000000035 157 159
284.06700000000035 157 160
284.5680000000003 77 80
284.5680000000003 77 81
285.0690000000003 23 28
285.0690000000003 23 29
285.5700000000003 18 32
285.5700000000003 18 50
286.07100000000025 136 152
286.07100000000025 136 153
286.57200000000023 165 177
286.57200000000023 165 178
287.0730000000002 151 159
287.0730000000002 151 160
287.5740000000002 11 26
287.5740000000002 11 27
288.07500000000016 75 83
288.07500000000016 76 77
288.57600000000014 3 8
288.57600000000014 3 9
289.0770000000001 15 55
289.0770000000001 15 56
289.5780000000001 17 54
289.5780000000001 17 55
290.07900000000006 14 19
290.07900000000006 14 27
290.58000000000004 189 192
290.58000000000004 190 191
291.081 14 55
291.081 14 56
291.582 48 49
291.582 49 50
292.08299999999997 149 150
292.08299999999997 149 158
292.58399999999995 163 174
292.58399999999995 163 175
293.0849999999999 41 46
293.0849999999999 41 47
293.5859999999999 42 54
293.5859999999999 42 55
294.0869999999999 10 51
294.0869999999999 10 52
294.58799999999985 10 49
294.58799999999985 10 50
295.0889999999998 85 88
295.0889999999998 85 89
295.5899999999998 20 30
295.5899999999998 20 31
296.0909999999998 43 47
296.0909999999998 43 48
296.59199999999976 57 58
296.59199999999976 57 69
297.09299999999973 136 162
297.09299999999973 137 138
297.5939999999997 41 52
297.5939999999997 41 53
298.0949999999997 130 144
298.0949999999997 130 145
298.59599999999966 12 15
298.59599999999966 12 16
299.09699999999964 139 144
299.09699999999964 139 145
299.5979999999996 53 56
299.5979999999996 54 55
300.0989999999996 126 127
300.0989999999996 127 128
300.59999999999957 164 174
300.59999999999957 164 175
301.10099999999954 148 149
301.10099999999954 148 160
301.6019999999995 104 108
301.6019999999995 104 109
302.1029999999995 63 69
302.1029999999995 63 70
302.6039999999995 40 47
302.6039999999995 40 48
303.10499999999945 34 53
303.10499999999945 34 54
303.6059999999994 53 54
303.6059999999994 53 55
304.1069999999994 135 160
304.1069999999994 135 161
304.6079999999994 17 56
304.6079999999994 17 57
305.10899999999936 162 177
305.10899999999936 162 178
305.60999999999933 122 125
305.60999999999933 122 126
306.1109999999993 139 146
306.1109999999993 139 147
306.6119999999993 128 162
306.6119999999993 129 130
307.11299999999926 11 21
307.11299999999926 11 25
307.61399999999924 50 51
307.61399999999924 50 55
308.1149999999992 74 78
308.1149999999992 74 79
308.6159999999992 132 150
308.6159999999992 132 151
309.11699999999917 98 128
309.11699999999917 99 100
309.61799999999914 6 8
309.61799999999914 6 9
310.1189999999991 137 155
310.1189999999991 137 156
310.6199999999991 15 57
310.6199999999991 16 17
311.12099999999907 86 94
311.12099999999907 86 95
311.62199999999905 165 194
311.62199999999905 165 195
312.122999999999 10 53
312.122999999999 10 54
312.623999999999 104 110
312.623999999999 104 111
313.124999999999 118 128
313.124999999999 119 120
313.62599999999895 20 55
313.62599999999895 20 56
314.12699999999893 133 147
314.12699999999893 133 148
314.6279999999989 113 122
314.6279999999989 113 123
315.1289999999989 73 76
315.1289999999989 73 77
315.62999999999886 34 49
315.62999999999886 34 50
316.13099999999883 46 47
316.13099999999883 47 48
316.6319999999988 37 54
316.6319999999988 37 55
317.1329999999988 133 153
317.1329999999988 133 154
317.63399999999876 76 78
317.63399999999876 76 79
318.13499999999874 130 146
318.13499999999874 130 147
318.6359999999987 135 156
318.6359999999987 135 157
319.1369999999987 74 82
319.1369999999987 74 83
319.63799999999867 51 53
319.63799999999867 51 54
320.13899999999865 134 156
320.13899999999865 134 157
320.6399999999986 171 181
320.6399999999986 172 173
321.1409999999986 86 92
321.1409999999986 86 93
321.6419999999986 115 125
321.6419999999986 115 126
322.14299999999855 172 176
322.14299999999855 172 177
322.6439999999985 114 122
322.6439999999985 114 123
323.1449999999985 64 67
323.1449999999985 64 68
323.6459999999985 162 195
323.6459999999985 162 196
324.14699999999846 159 160
324.14699999999846 159 161
324.64799999999843 93 95
324.64799999999843 93 96
325.1489999999984 40 49
325.1489999999984 40 50
325.6499999999984 134 160
325.6499999999984 134 161
326.15099999999836 78 81
326.15099999999836 78 82
326.65199999999834 10 30
326.65199999999834 10 31
327.1529999999983 137 151
327.1529999999983 137 154
327.6539999999983 10 34
327.6539999999983 10 35
328.15499999999827 37 48
328.15499999999827 37 49
328.65599999999824 171 175
328.65599999999824 171 176
329.1569999999982 132 156
329.1569999999982 132 157
329.6579999999982 167 194
329.6579999999982 167 195
330.1589999999982 117 118
330.1589999999982 117 119
330.65999999999815 88 97
330.65999999999815 89 90
331.1609999999981 165 168
331.1609999999981 165 169
331.6619999999981 16 27
331.6619999999981 16 28
332.1629999999981 33 51
332.1629999999981 33 52
332.66399999999805 77 78
332.66399999999805 77 79
333.16499999999803 13 28
333.16499999999803 13 29
333.665999999998 103 111
333.665999999998 104 105
334.166999999998 122 123
334.166999999998 122 124
334.66799999999796 175 177
334.66799999999796 175 178
335.16899999999794 39 53
335.16899999999794 39 54
335.6699999999979 11 51
335.6699999999979 11 52
336.1709999999979 11 38
336.1709999999979 11 48
336.67199999999787 15 53
336.67199999999787 15 54
337.17299999999784 74 84
337.17299999999784 75 76
337.6739999999978 163 172
337.6739999999978 163 173
338.1749999999978 58 66
338.1749999999978 58 67
338.67599999999777 166 178
338.67599999999777 166 179
339.17699999999775 13 50
339.17699999999775 13 51
339.6779999999977 99 109
339.6779999999977 99 110
340.1789999999977 165 166
340.1789999999977 165 167
340.6799999999977 82 83
340.6799999999977 83 84
341.18099999999765 38 39
341.18099999999765 38 48
341.68199999999763 72 81
341.68199999999763 72 82
342.1829999999976 115 119
342.1829999999976 115 120
342.6839999999976 115 117
342.6839999999976 115 118
343.18499999999756 150 156
343.18499999999756 150 157
343.68599999999753 129 132
343.68599999999753 129 133
344.1869999999975 34 51
344.1869999999975 34 52
344.6879999999975 183 184
344.6879999999975 183 190
345.18899999999746 40 53
345.18899999999746 40 54
345.68999999999744 157 161
345.68999999999744 158 159
346.1909999999974 187 190
346.1909999999974 187 191
346.6919999999974 173 177
346.6919999999974 173 178
347.19299999999737 65 66
347.19299999999737 65 67
347.69399999999735 121 124
347.69399999999735 121 125
348.1949999999973 11 36
348.1949999999973 11 37
348.6959999999973 174 179
348.6959999999973 175 176
349.1969999999973 142 147
349.1969999999973 143 144
349.69799999999725 165 175
349.69799999999725 165 176
350.1989999999972 136 146
350.1989999999972 136 147
350.6999999999972 143 145
350.6999999999972 143 146
351.2009999999972 152 155
351.2009999999972 152 156
351.70199999999716 12 48
351.70199999999716 12 49
352.20299999999713 70 128
352.20299999999713 71 72
352.7039999999971 11 34
352.7039999999971 11 35
353.2049999999971 44 49
353.2049999999971 45 46
353.70599999999706 98 109
353.70599999999706 98 110
354.20699999999704 172 180
354.20699999999704 173 174
354.707999999997 156 161
354.707999999997 157 158
355.208999999997 128 158
355.208999999997 128 159
355.70999999999697 43 49
355.70999999999697 43 50
356.21099999999694 10 84
356.21099999999694 10 97
356.7119999999969 115 127
356.7119999999969 115 128
357.2129999999969 106 111
357.2129999999969 107 108
357.7139999999969 129 152
357.7139999999969 129 153
358.21499999999685 183 195
358.21499999999685 184 185
358.7159999999968 59 67
358.7159999999968 59 68
359.2169999999968 151 155
359.2169999999968 151 156
359.7179999999968 160 161
359.7179999999968 161 162
360.21899999999675 153 162
360.21899999999675 154 155
360.71999999999673 152 159
360.71999999999673 152 160
361.2209999999967 22 23
361.2209999999967 22 24
361.7219999999967 128 129
361.7219999999967 128 145
362.22299999999666 23 24
362.22299999999666 23 25
362.72399999999664 137 161
362.72399999999664 137 162
363.2249999999966 11 53
363.2249999999966 11 54
363.7259999999966 149 161
363.7259999999966 149 162
364.22699999999656 11 30
364.22699999999656 11 31
364.72799999999654 164 176
364.72799999999654 164 177
365.2289999999965 71 112
365.2289999999965 71 128
365.7299999999965 71 79
365.7299999999965 71 80
366.23099999999647 130 160
366.23099999999647 130 161
366.73199999999645 101 108
366.73199999999645 101 109
367.2329999999964 130 150
367.2329999999964 130 151
367.7339999999964 14 32
367.7339999999964 14 33
368.2349999999964 128 146
368.2349999999964 128 147
368.73599999999635 153 154
368.73599999999635 153 155
369.2369999999963 12 54
369.2369999999963 12 55
369.7379999999963 116 127
369.7379999999963 116 128
370.2389999999963 92 95
370.2389999999963 92 96
370.73999999999626 35 51
370.73999999999626 35 52
371.24099999999623 117 120
371.24099999999623 117 121
371.7419999999962 11 49
371.7419999999962 11 50
372.2429999999962 38 57
372.2429999999962 39 40
372.74399999999616 18 28
372.74399999999616 18 29
373.24499999999614 142 145
373.24499999999614 142 146
373.7459999999961 120 127
373.7459999999961 120 128
374.2469999999961 137 159
374.2469999999961 137 160
374.74799999999607 132 154
374.74799999999607 132 155
375.24899999999604 132 160
375.24899999999604 132 161
375.749999999996 130 156
375.749999999996 130 157
376.250999999996 134 158
376.250999999996 134 159
376.751999999996 18 57
376.751999999996 19 20
377.25299999999595 14 34
377.25299999999595 14 35
377.7539999999959 59 63
377.7539999999959 59 64
378.2549999999959 85 96
378.2549999999959 85 97
378.7559999999959 42 56
378.7559999999959 43 44
379.25699999999586 130 138
379.25699999999586 130 139
379.75799999999583 101 110
379.75799999999583 101 111
380.2589999999958 11 17
380.2589999999958 11 18
380.7599999999958 114 116
380.7599999999958 114 117
381.26099999999576 24 27
381.26099999999576 24 28
381.76199999999574 10 28
381.76199999999574 10 29
382.2629999999957 14 15
382.2629999999957 14 16
382.7639999999957 11 15
382.7639999999957 11 16
383.26499999999567 1 3
383.26499999999567 1 4
383.76599999999564 135 162
383.76599999999564 136 137
384.2669999999956 37 56
384.2669999999956 37 57
384.7679999999956 11 84
384.7679999999956 11 97
385.2689999999956 102 108
385.2689999999956 102 109
385.76999999999555 179 180
385.76999999999555 180 181
386.2709999999955 156 159
386.2709999999955 156 160
386.7719999999955 13 54
386.7719999999955 13 55
