0 151 173
0 152 153
0 152 159
0 152 160
0 152 161
0 152 162
0 152 163
0 152 164
0 152 165
0 152 166
0 152 167
0 152 168
0 152 169
0 152 170
0 152 171
0 152 172
0 152 173
0 153 154
0 153 157
0 153 158
0 153 159
0 153 160
0 153 161
0 153 162
0 153 163
0 153 164
0 153 165
0 153 166
0 153 167
0 153 168
0 153 169
301 124 143
301 124 144
301 124 145
301 124 146
301 124 147
301 124 148
301 124 174
301 124 198
301 124 199
301 125 126
301 125 138
301 125 139
301 125 140
301 125 141
301 125 142
301 125 143
301 125 144
301 125 145
301 125 146
301 125 147
301 125 148
301 126 127
301 126 136
301 126 137
301 126 138
301 126 139
301 126 140
301 126 141
301 126 142
301 126 143
301 126 144
602 10 15
602 10 16
602 10 17
602 10 18
602 10 19
602 11 12
602 11 13
602 11 14
602 11 15
602 11 16
602 11 17
602 11 18
602 11 19
602 12 13
602 12 14
602 12 15
602 12 16
602 12 17
602 12 18
602 13 14
602 13 15
602 13 16
602 13 17
602 13 18
602 14 15
602 14 16
602 14 17
602 15 16
602 15 17
602 16 17
602 17 18
903 149 170
903 149 171
903 149 172
903 149 173
903 149 174
903 149 198
903 149 199
903 150 151
903 150 164
903 150 165
903 150 166
903 150 167
903 150 168
903 150 169
903 150 170
903 150 171
903 150 172
903 150 173
903 151 152
903 151 161
903 151 162
903 151 163
903 151 164
903 151 165
903 151 166
903 151 167
903 151 168
903 151 169
903 151 170
903 151 171
903 151 172
1204 103 117
1204 103 118
1204 103 119
1204 103 120
1204 103 121
1204 103 122
1204 103 123
1204 104 105
1204 104 106
1204 104 107
1204 104 108
1204 104 109
1204 104 110
1204 104 111
1204 104 112
1204 104 113
1204 104 114
1204 104 115
1204 104 116
1204 104 117
1204 104 118
1204 104 119
1204 104 120
1204 104 121
1204 104 122
1204 105 106
1204 105 107
1204 105 108
1204 105 109
1204 105 110
1204 105 111
1505 107 112
1505 107 113
1505 107 114
1505 107 115
1505 107 116
1505 107 117
1505 107 118
1505 107 119
1505 107 120
1505 107 121
1505 108 109
1505 108 110
1505 108 111
1505 108 112
1505 108 113
1505 108 114
1505 108 115
1505 108 116
1505 108 117
1505 108 118
1505 108 119
1505 108 120
1505 108 121
1505 109 110
1505 109 111
1505 109 112
1505 109 113
1505 109 114
1505 109 115
1505 109 116
1505 109 117
1806 159 169
1806 159 170
1806 159 171
1806 160 161
1806 160 162
1806 160 163
1806 160 164
1806 160 165
1806 160 166
1806 160 167
1806 160 168
1806 160 169
1806 160 170
1806 160 171
1806 161 162
1806 161 163
1806 161 164
1806 161 165
1806 161 166
1806 161 167
1806 161 168
1806 161 169
1806 161 170
1806 162 163
1806 162 164
1806 162 165
1806 162 166
1806 162 167
1806 162 168
1806 162 169
1806 162 170
2107 49 70
2107 49 71
2107 49 72
2107 49 73
2107 50 51
2107 50 62
2107 50 63
2107 50 64
2107 50 65
2107 50 66
2107 50 67
2107 50 68
2107 50 69
2107 50 70
2107 50 71
2107 50 72
2107 50 73
2107 51 52
2107 51 60
2107 51 61
2107 51 62
2107 51 63
2107 51 64
2107 51 65
2107 51 66
2107 51 67
2107 51 68
2107 51 69
2107 51 70
2107 51 71
2107 51 72
2408 53 68
2408 53 69
2408 53 70
2408 53 71
2408 53 72
2408 54 55
2408 54 56
2408 54 57
2408 54 58
2408 54 59
2408 54 60
2408 54 61
2408 54 62
2408 54 63
2408 54 64
2408 54 65
2408 54 66
2408 54 67
2408 54 68
2408 54 69
2408 54 70
2408 54 71
2408 54 72
2408 55 56
2408 55 57
2408 55 58
2408 55 59
2408 55 60
2408 55 61
2408 55 62
2408 55 63
2709 182 195
2709 182 196
2709 182 197
2709 183 184
2709 183 185
2709 183 186
2709 183 187
2709 183 188
2709 183 189
2709 183 190
2709 183 191
2709 183 192
2709 183 193
2709 183 194
2709 183 195
2709 183 196
2709 183 197
2709 184 185
2709 184 186
2709 184 187
2709 184 188
2709 184 189
2709 184 190
2709 184 191
2709 184 192
2709 184 193
2709 184 194
2709 184 195
2709 184 196
2709 185 186
2709 185 187
3010 7 18
3010 7 19
3010 7 20
3010 7 21
3010 8 9
3010 8 10
3010 8 11
3010 8 12
3010 8 13
3010 8 14
3010 8 15
3010 8 16
3010 8 17
3010 8 18
3010 8 19
3010 8 20
3010 9 10
3010 9 11
3010 9 12
3010 9 13
3010 9 14
3010 9 15
3010 9 16
3010 9 17
3010 9 18
3010 9 19
3010 9 20
3010 10 11
3010 10 12
3010 10 13
3010 10 14
3311 2 8
3311 2 9
3311 2 10
3311 2 11
3311 2 12
3311 2 13
3311 2 14
3311 2 15
3311 2 16
3311 2 17
3311 2 18
3311 2 19
3311 2 20
3311 2 21
3311 2 22
3311 3 4
3311 3 5
3311 3 6
3311 3 7
3311 3 8
3311 3 9
3311 3 10
3311 3 11
3311 3 12
3311 3 13
3311 3 14
3311 3 15
3311 3 16
3311 3 17
3311 3 18
3311 3 19
3612 5 16
3612 5 17
3612 5 18
3612 5 19
3612 5 20
3612 5 21
3612 6 7
3612 6 8
3612 6 9
3612 6 10
3612 6 11
3612 6 12
3612 6 13
3612 6 14
3612 6 15
3612 6 16
3612 6 17
3612 6 18
3612 6 19
3612 6 20
3612 6 21
3612 7 8
3612 7 9
3612 7 10
3612 7 11
3612 7 12
3612 7 13
3612 7 14
3612 7 15
3612 7 16
3612 7 17
3913 74 96
3913 74 97
3913 74 98
3913 75 76
3913 75 87
3913 75 88
3913 75 89
3913 75 90
3913 75 91
3913 75 92
3913 75 93
3913 75 94
3913 75 95
3913 75 96
3913 75 97
3913 75 98
3913 76 77
3913 76 85
3913 76 86
3913 76 87
3913 76 88
3913 76 89
3913 76 90
3913 76 91
3913 76 92
3913 76 93
3913 76 94
3913 76 95
3913 76 96
3913 76 97
3913 76 98
4214 128 142
4214 128 143
4214 128 144
4214 128 145
4214 128 146
4214 128 147
4214 128 148
4214 129 130
4214 129 131
4214 129 132
4214 129 133
4214 129 134
4214 129 135
4214 129 136
4214 129 137
4214 129 138
4214 129 139
4214 129 140
4214 129 141
4214 129 142
4214 129 143
4214 129 144
4214 129 145
4214 129 146
4214 129 147
4214 129 148
4214 130 131
4214 130 132
4214 130 133
4214 130 134
4214 130 135
4515 101 122
4515 101 123
4515 102 103
4515 102 108
4515 102 109
4515 102 110
4515 102 111
4515 102 112
4515 102 113
4515 102 114
4515 102 115
4515 102 116
4515 102 117
4515 102 118
4515 102 119
4515 102 120
4515 102 121
4515 102 122
4515 102 123
4515 103 104
4515 103 106
4515 103 107
4515 103 108
4515 103 109
4515 103 110
4515 103 111
4515 103 112
4515 103 113
4515 103 114
4515 103 115
4515 103 116
4816 179 183
4816 179 184
4816 179 185
4816 179 186
4816 179 187
4816 179 188
4816 179 189
4816 179 190
4816 179 191
4816 179 192
4816 179 193
4816 179 194
4816 179 195
4816 179 196
4816 179 197
4816 179 198
4816 180 181
4816 180 182
4816 180 183
4816 180 184
4816 180 185
4816 180 186
4816 180 187
4816 180 188
4816 180 189
4816 180 190
4816 180 191
4816 180 192
4816 180 193
4816 180 194
4816 180 195
5117 137 144
5117 138 139
5117 138 140
5117 138 141
5117 138 142
5117 138 143
5117 138 144
5117 139 140
5117 139 141
5117 139 142
5117 139 143
5117 140 141
5117 140 142
5117 140 143
5117 141 142
5117 142 143
5117 143 144
5117 144 145
5117 145 146
5117 146 147
5117 147 148
5117 148 149
5117 148 172
5117 148 173
5117 148 174
5117 148 198
5117 148 199
5117 149 150
5117 149 167
5117 149 168
5117 149 169
5418 134 141
5418 134 142
5418 134 143
5418 134 144
5418 134 145
5418 134 146
5418 135 136
5418 135 137
5418 135 138
5418 135 139
5418 135 140
5418 135 141
5418 135 142
5418 135 143
5418 135 144
5418 135 145
5418 136 137
5418 136 138
5418 136 139
5418 136 140
5418 136 141
5418 136 142
5418 136 143
5418 136 144
5418 136 145
5418 137 138
5418 137 139
5418 137 140
5418 137 141
5418 137 142
5418 137 143
5719 82 89
5719 82 90
5719 82 91
5719 82 92
5719 82 93
5719 82 94
5719 82 95
5719 82 96
5719 83 84
5719 83 85
5719 83 86
5719 83 87
5719 83 88
5719 83 89
5719 83 90
5719 83 91
5719 83 92
5719 83 93
5719 83 94
5719 83 95
5719 83 96
5719 84 85
5719 84 86
5719 84 87
5719 84 88
5719 84 89
5719 84 90
5719 84 91
5719 84 92
5719 84 93
5719 84 94
6020 78 94
6020 78 95
6020 78 96
6020 78 97
6020 78 98
6020 79 80
6020 79 81
6020 79 82
6020 79 83
6020 79 84
6020 79 85
6020 79 86
6020 79 87
6020 79 88
6020 79 89
6020 79 90
6020 79 91
6020 79 92
6020 79 93
6020 79 94
6020 79 95
6020 79 96
6020 79 97
6020 80 81
6020 80 82
6020 80 83
6020 80 84
6020 80 85
6020 80 86
6020 80 87
6020 80 88
6321 99 119
6321 99 120
6321 99 121
6321 99 122
6321 99 123
6321 99 198
6321 99 199
6321 100 101
6321 100 113
6321 100 114
6321 100 115
6321 100 116
6321 100 117
6321 100 118
6321 100 119
6321 100 120
6321 100 121
6321 100 122
6321 100 123
6321 101 102
6321 101 111
6321 101 112
6321 101 113
6321 101 114
6321 101 115
6321 101 116
6321 101 117
6321 101 118
6321 101 119
6321 101 120
6321 101 121
6622 163 164
6622 163 165
6622 163 166
6622 163 167
6622 163 168
6622 163 169
6622 164 165
6622 164 166
6622 164 167
6622 164 168
6622 164 169
6622 165 166
6622 165 167
6622 165 168
6622 166 167
6622 166 168
6622 167 168
6622 168 169
6622 169 170
6622 170 171
6622 171 172
6622 172 173
6622 173 174
6622 174 175
6622 174 192
6622 174 193
6622 174 194
6622 174 195
6622 174 196
6622 174 197
6622 174 198
6923 130 136
6923 130 137
6923 130 138
6923 130 139
6923 130 140
6923 130 141
6923 130 142
6923 130 143
6923 130 144
6923 130 145
6923 130 146
6923 130 147
6923 131 132
6923 131 133
6923 131 134
6923 131 135
6923 131 136
6923 131 137
6923 131 138
6923 131 139
6923 131 140
6923 131 141
6923 131 142
6923 131 143
6923 131 144
6923 131 145
6923 131 146
6923 131 147
6923 132 133
6923 132 134
6923 132 135
7224 109 118
7224 109 119
7224 109 120
7224 109 121
7224 110 111
7224 110 112
7224 110 113
7224 110 114
7224 110 115
7224 110 116
7224 110 117
7224 110 118
7224 110 119
7224 110 120
7224 111 112
7224 111 113
7224 111 114
7224 111 115
7224 111 116
7224 111 117
7224 111 118
7224 111 119
7224 111 120
7224 112 113
7224 112 114
7224 112 115
7224 112 116
7224 112 117
7224 112 118
7224 112 119
7224 113 114
7525 113 115
7525 113 116
7525 113 117
7525 113 118
7525 113 119
7525 114 115
7525 114 116
7525 114 117
7525 114 118
7525 115 116
7525 115 117
7525 115 118
7525 116 117
7525 117 118
7525 118 119
7525 119 120
7525 120 121
7525 121 122
7525 122 123
7525 123 124
7525 123 145
7525 123 146
7525 123 147
7525 123 148
7525 123 173
7525 123 174
7525 123 198
7525 123 199
7525 124 125
7525 124 141
7525 124 142
7826 77 78
7826 77 83
7826 77 84
7826 77 85
7826 77 86
7826 77 87
7826 77 88
7826 77 89
7826 77 90
7826 77 91
7826 77 92
7826 77 93
7826 77 94
7826 77 95
7826 77 96
7826 77 97
7826 77 98
7826 78 79
7826 78 81
7826 78 82
7826 78 83
7826 78 84
7826 78 85
7826 78 86
7826 78 87
7826 78 88
7826 78 89
7826 78 90
7826 78 91
7826 78 92
7826 78 93
8127 32 40
8127 32 41
8127 32 42
8127 32 43
8127 32 44
8127 32 45
8127 32 46
8127 33 34
8127 33 35
8127 33 36
8127 33 37
8127 33 38
8127 33 39
8127 33 40
8127 33 41
8127 33 42
8127 33 43
8127 33 44
8127 33 45
8127 34 35
8127 34 36
8127 34 37
8127 34 38
8127 34 39
8127 34 40
8127 34 41
8127 34 42
8127 34 43
8127 34 44
8127 34 45
8127 35 36
8428 28 43
8428 28 44
8428 28 45
8428 28 46
8428 28 47
8428 29 30
8428 29 31
8428 29 32
8428 29 33
8428 29 34
8428 29 35
8428 29 36
8428 29 37
8428 29 38
8428 29 39
8428 29 40
8428 29 41
8428 29 42
8428 29 43
8428 29 44
8428 29 45
8428 29 46
8428 29 47
8428 30 31
8428 30 32
8428 30 33
8428 30 34
8428 30 35
8428 30 36
8428 30 37
8428 30 38
8729 88 93
8729 88 94
8729 89 90
8729 89 91
8729 89 92
8729 89 93
8729 90 91
8729 90 92
8729 90 93
8729 91 92
8729 92 93
8729 93 94
8729 94 95
8729 95 96
8729 96 97
8729 97 98
8729 98 99
8729 98 119
8729 98 120
8729 98 121
8729 98 122
8729 98 123
8729 98 148
8729 98 173
8729 98 174
8729 98 198
8729 98 199
8729 99 100
8729 99 116
8729 99 117
8729 99 118
9030 155 164
9030 155 165
9030 155 166
9030 155 167
9030 155 168
9030 155 169
9030 155 170
9030 155 171
9030 155 172
9030 156 157
9030 156 158
9030 156 159
9030 156 160
9030 156 161
9030 156 162
9030 156 163
9030 156 164
9030 156 165
9030 156 166
9030 156 167
9030 156 168
9030 156 169
9030 156 170
9030 156 171
9030 156 172
9030 157 158
9030 157 159
9030 157 160
9030 157 161
9030 157 162
9030 157 163
9331 80 89
9331 80 90
9331 80 91
9331 80 92
9331 80 93
9331 80 94
9331 80 95
9331 80 96
9331 80 97
9331 81 82
9331 81 83
9331 81 84
9331 81 85
9331 81 86
9331 81 87
9331 81 88
9331 81 89
9331 81 90
9331 81 91
9331 81 92
9331 81 93
9331 81 94
9331 81 95
9331 81 96
9331 81 97
9331 82 83
9331 82 84
9331 82 85
9331 82 86
9331 82 87
9331 82 88
9632 157 164
9632 157 165
9632 157 166
9632 157 167
9632 157 168
9632 157 169
9632 157 170
9632 157 171
9632 157 172
9632 158 159
9632 158 160
9632 158 161
9632 158 162
9632 158 163
9632 158 164
9632 158 165
9632 158 166
9632 158 167
9632 158 168
9632 158 169
9632 158 170
9632 158 171
9632 159 160
9632 159 161
9632 159 162
9632 159 163
9632 159 164
9632 159 165
9632 159 166
9632 159 167
9632 159 168
9933 153 170
9933 153 171
9933 153 172
9933 153 173
9933 154 155
9933 154 156
9933 154 157
9933 154 158
9933 154 159
9933 154 160
9933 154 161
9933 154 162
9933 154 163
9933 154 164
9933 154 165
9933 154 166
9933 154 167
9933 154 168
9933 154 169
9933 154 170
9933 154 171
9933 154 172
9933 154 173
9933 155 156
9933 155 157
9933 155 158
9933 155 159
9933 155 160
9933 155 161
9933 155 162
9933 155 163
10234 27 28
10234 27 32
10234 27 33
10234 27 34
10234 27 35
10234 27 36
10234 27 37
10234 27 38
10234 27 39
10234 27 40
10234 27 41
10234 27 42
10234 27 43
10234 27 44
10234 27 45
10234 27 46
10234 27 47
10234 28 29
10234 28 30
10234 28 31
10234 28 32
10234 28 33
10234 28 34
10234 28 35
10234 28 36
10234 28 37
10234 28 38
10234 28 39
10234 28 40
10234 28 41
10234 28 42
10535 0 1
10535 0 11
10535 0 12
10535 0 13
10535 0 14
10535 0 15
10535 0 16
10535 0 17
10535 0 18
10535 0 19
10535 0 20
10535 0 21
10535 0 22
10535 0 23
10535 1 2
10535 1 9
10535 1 10
10535 1 11
10535 1 12
10535 1 13
10535 1 14
10535 1 15
10535 1 16
10535 1 17
10535 1 18
10535 1 19
10535 1 20
10535 1 21
10535 1 22
10535 2 3
10535 2 7
10836 105 112
10836 105 113
10836 105 114
10836 105 115
10836 105 116
10836 105 117
10836 105 118
10836 105 119
10836 105 120
10836 105 121
10836 105 122
10836 106 107
10836 106 108
10836 106 109
10836 106 110
10836 106 111
10836 106 112
10836 106 113
10836 106 114
10836 106 115
10836 106 116
10836 106 117
10836 106 118
10836 106 119
10836 106 120
10836 106 121
10836 106 122
10836 107 108
10836 107 109
10836 107 110
10836 107 111
11137 24 48
11137 25 26
11137 25 36
11137 25 37
11137 25 38
11137 25 39
11137 25 40
11137 25 41
11137 25 42
11137 25 43
11137 25 44
11137 25 45
11137 25 46
11137 25 47
11137 25 48
11137 26 27
11137 26 34
11137 26 35
11137 26 36
11137 26 37
11137 26 38
11137 26 39
11137 26 40
11137 26 41
11137 26 42
11137 26 43
11137 26 44
11137 26 45
11137 26 46
11137 26 47
11137 26 48
11438 188 194
11438 189 190
11438 189 191
11438 189 192
11438 189 193
11438 189 194
11438 190 191
11438 190 192
11438 190 193
11438 191 192
11438 191 193
11438 192 193
11438 193 194
11438 194 195
11438 195 196
11438 196 197
11438 197 198
11438 198 199
11739 3 20
11739 3 21
11739 3 22
11739 4 5
11739 4 6
11739 4 7
11739 4 8
11739 4 9
11739 4 10
11739 4 11
11739 4 12
11739 4 13
11739 4 14
11739 4 15
11739 4 16
11739 4 17
11739 4 18
11739 4 19
11739 4 20
11739 4 21
11739 4 22
11739 5 6
11739 5 7
11739 5 8
11739 5 9
11739 5 10
11739 5 11
11739 5 12
11739 5 13
11739 5 14
11739 5 15
12040 30 39
12040 30 40
12040 30 41
12040 30 42
12040 30 43
12040 30 44
12040 30 45
12040 30 46
12040 30 47
12040 31 32
12040 31 33
12040 31 34
12040 31 35
12040 31 36
12040 31 37
12040 31 38
12040 31 39
12040 31 40
12040 31 41
12040 31 42
12040 31 43
12040 31 44
12040 31 45
12040 31 46
12040 32 33
12040 32 34
12040 32 35
12040 32 36
12040 32 37
12040 32 38
12040 32 39
12341 55 64
12341 55 65
12341 55 66
12341 55 67
12341 55 68
12341 55 69
12341 55 70
12341 55 71
12341 55 72
12341 56 57
12341 56 58
12341 56 59
12341 56 60
12341 56 61
12341 56 62
12341 56 63
12341 56 64
12341 56 65
12341 56 66
12341 56 67
12341 56 68
12341 56 69
12341 56 70
12341 56 71
12341 57 58
12341 57 59
12341 57 60
12341 57 61
12341 57 62
12341 57 63
12341 57 64
12642 35 37
12642 35 38
12642 35 39
12642 35 40
12642 35 41
12642 35 42
12642 35 43
12642 35 44
12642 35 45
12642 36 37
12642 36 38
12642 36 39
12642 36 40
12642 36 41
12642 36 42
12642 36 43
12642 36 44
12642 37 38
12642 37 39
12642 37 40
12642 37 41
12642 37 42
12642 37 43
12642 37 44
12642 38 39
12642 38 40
12642 38 41
12642 38 42
12642 38 43
12642 39 40
12642 39 41
12943 51 73
12943 52 53
12943 52 58
12943 52 59
12943 52 60
12943 52 61
12943 52 62
12943 52 63
12943 52 64
12943 52 65
12943 52 66
12943 52 67
12943 52 68
12943 52 69
12943 52 70
12943 52 71
12943 52 72
12943 52 73
12943 53 54
12943 53 56
12943 53 57
12943 53 58
12943 53 59
12943 53 60
12943 53 61
12943 53 62
12943 53 63
12943 53 64
12943 53 65
12943 53 66
12943 53 67
13244 18 19
13244 19 20
13244 20 21
13244 21 22
13244 22 23
13244 23 24
13244 23 42
13244 23 43
13244 23 44
13244 23 45
13244 23 46
13244 23 47
13244 23 48
13244 23 73
13244 23 98
13244 23 123
13244 23 148
13244 23 173
13244 23 174
13244 23 198
13244 23 199
13244 24 25
13244 24 39
13244 24 40
13244 24 41
13244 24 42
13244 24 43
13244 24 44
13244 24 45
13244 24 46
13244 24 47
13545 126 145
13545 126 146
13545 126 147
13545 126 148
13545 127 128
13545 127 134
13545 127 135
13545 127 136
13545 127 137
13545 127 138
13545 127 139
13545 127 140
13545 127 141
13545 127 142
13545 127 143
13545 127 144
13545 127 145
13545 127 146
13545 127 147
13545 127 148
13545 128 129
13545 128 132
13545 128 133
13545 128 134
13545 128 135
13545 128 136
13545 128 137
13545 128 138
13545 128 139
13545 128 140
13545 128 141
13846 57 65
13846 57 66
13846 57 67
13846 57 68
13846 57 69
13846 57 70
13846 57 71
13846 58 59
13846 58 60
13846 58 61
13846 58 62
13846 58 63
13846 58 64
13846 58 65
13846 58 66
13846 58 67
13846 58 68
13846 58 69
13846 58 70
13846 58 71
13846 59 60
13846 59 61
13846 59 62
13846 59 63
13846 59 64
13846 59 65
13846 59 66
13846 59 67
13846 59 68
13846 59 69
13846 59 70
14147 60 61
14147 60 62
14147 60 63
14147 60 64
14147 60 65
14147 60 66
14147 60 67
14147 60 68
14147 60 69
14147 60 70
14147 61 62
14147 61 63
14147 61 64
14147 61 65
14147 61 66
14147 61 67
14147 61 68
14147 61 69
14147 62 63
14147 62 64
14147 62 65
14147 62 66
14147 62 67
14147 62 68
14147 62 69
14147 63 64
14147 63 65
14147 63 66
14147 63 67
14147 63 68
14147 64 65
14448 177 188
14448 177 189
14448 177 190
14448 177 191
14448 177 192
14448 177 193
14448 177 194
14448 177 195
14448 177 196
14448 177 197
14448 177 198
14448 178 179
14448 178 183
14448 178 184
14448 178 185
14448 178 186
14448 178 187
14448 178 188
14448 178 189
14448 178 190
14448 178 191
14448 178 192
14448 178 193
14448 178 194
14448 178 195
14448 178 196
14448 178 197
14448 178 198
14448 179 180
14448 179 181
14448 179 182
14749 64 66
14749 64 67
14749 64 68
14749 65 66
14749 65 67
14749 66 67
14749 67 68
14749 68 69
14749 69 70
14749 70 71
14749 71 72
14749 72 73
14749 73 74
14749 73 94
14749 73 95
14749 73 96
14749 73 97
14749 73 98
14749 73 123
14749 73 148
14749 73 173
14749 73 174
14749 73 198
14749 73 199
14749 74 75
14749 74 90
14749 74 91
14749 74 92
14749 74 93
14749 74 94
14749 74 95
15050 174 199
15050 175 176
15050 175 189
15050 175 190
15050 175 191
15050 175 192
15050 175 193
15050 175 194
15050 175 195
15050 175 196
15050 175 197
15050 175 198
15050 175 199
15050 176 177
15050 176 187
15050 176 188
15050 176 189
15050 176 190
15050 176 191
15050 176 192
15050 176 193
15050 176 194
15050 176 195
15050 176 196
15050 176 197
15050 176 198
15050 176 199
15050 177 178
15050 177 185
15050 177 186
15050 177 187
15351 84 95
15351 85 86
15351 85 87
15351 85 88
15351 85 89
15351 85 90
15351 85 91
15351 85 92
15351 85 93
15351 85 94
15351 85 95
15351 86 87
15351 86 88
15351 86 89
15351 86 90
15351 86 91
15351 86 92
15351 86 93
15351 86 94
15351 86 95
15351 87 88
15351 87 89
15351 87 90
15351 87 91
15351 87 92
15351 87 93
15351 87 94
15351 88 89
15351 88 90
15351 88 91
15351 88 92
15652 39 42
15652 39 43
15652 40 41
15652 40 42
15652 41 42
15652 42 43
15652 43 44
15652 44 45
15652 45 46
15652 46 47
15652 47 48
15652 48 49
15652 48 68
15652 48 69
15652 48 70
15652 48 71
15652 48 72
15652 48 73
15652 48 98
15652 48 123
15652 48 148
15652 48 173
15652 48 174
15652 48 198
15652 48 199
15652 49 50
15652 49 65
15652 49 66
15652 49 67
15652 49 68
15652 49 69
15953 132 136
15953 132 137
15953 132 138
15953 132 139
15953 132 140
15953 132 141
15953 132 142
15953 132 143
15953 132 144
15953 132 145
15953 132 146
15953 132 147
15953 133 134
15953 133 135
15953 133 136
15953 133 137
15953 133 138
15953 133 139
15953 133 140
15953 133 141
15953 133 142
15953 133 143
15953 133 144
15953 133 145
15953 133 146
15953 134 135
15953 134 136
15953 134 137
15953 134 138
15953 134 139
15953 134 140
16254 180 196
16254 180 197
16254 180 198
16254 181 182
16254 181 183
16254 181 184
16254 181 185
16254 181 186
16254 181 187
16254 181 188
16254 181 189
16254 181 190
16254 181 191
16254 181 192
16254 181 193
16254 181 194
16254 181 195
16254 181 196
16254 181 197
16254 182 183
16254 182 184
16254 182 185
16254 182 186
16254 182 187
16254 182 188
16254 182 189
16254 182 190
16254 182 191
16254 182 192
16254 182 193
16254 182 194
16555 185 188
16555 185 189
16555 185 190
16555 185 191
16555 185 192
16555 185 193
16555 185 194
16555 185 195
16555 185 196
16555 186 187
16555 186 188
16555 186 189
16555 186 190
16555 186 191
16555 186 192
16555 186 193
16555 186 194
16555 186 195
16555 187 188
16555 187 189
16555 187 190
16555 187 191
16555 187 192
16555 187 193
16555 187 194
16555 187 195
16555 188 189
16555 188 190
16555 188 191
16555 188 192
16555 188 193
0 85 91
0 85 92
1.5 126 137
1.5 126 138
3.0 80 97
3.0 81 82
4.5 74 95
4.5 74 96
6.0 32 45
6.0 32 46
7.5 107 114
7.5 107 115
9.0 29 38
9.0 29 39
10.5 158 166
10.5 158 167
12.0 31 39
12.0 31 40
13.5 84 89
13.5 84 90
15.0 79 92
15.0 79 93
16.5 1 14
16.5 1 15
18.0 99 119
18.0 99 120
19.5 77 96
19.5 77 97
21.0 14 16
21.0 14 17
22.5 32 37
22.5 32 38
24.0 13 16
24.0 13 17
25.5 82 84
25.5 82 85
27.0 67 68
27.0 68 69
28.5 179 184
28.5 179 185
30.0 60 64
30.0 60 65
31.5 38 43
31.5 39 40
33.0 24 41
33.0 24 42
34.5 53 66
34.5 53 67
36.0 30 31
36.0 30 32
37.5 102 114
37.5 102 115
39.0 153 164
39.0 153 165
40.5 85 93
40.5 85 94
42.0 162 167
42.0 162 168
43.5 189 190
43.5 189 191
45.0 98 119
45.0 98 120
46.5 179 198
46.5 180 181
48.0 154 167
48.0 154 168
49.5 30 33
49.5 30 34
51.0 150 170
51.0 150 171
52.5 105 113
52.5 105 114
54.0 187 194
54.0 187 195
55.5 187 190
55.5 187 191
57.0 49 72
57.0 49 73
58.5 103 104
58.5 103 106
60.0 89 91
60.0 89 92
61.5 149 168
61.5 149 169
63.0 81 93
63.0 81 94
64.5 1 18
64.5 1 19
66.0 98 123
66.0 98 148
67.5 83 93
67.5 83 94
69.0 8 11
69.0 8 12
70.5 28 38
70.5 28 39
72.0 179 180
72.0 179 181
73.5 183 188
73.5 183 189
75.0 131 132
75.0 131 133
76.5 161 169
76.5 161 170
78.0 164 169
78.0 165 166
79.5 124 198
79.5 124 199
81.0 40 42
81.0 41 42
82.5 79 80
82.5 79 81
84.0 2 9
84.0 2 10
85.5 57 71
85.5 58 59
87.0 155 161
87.0 155 162
88.5 8 13
88.5 8 14
90.0 102 118
90.0 102 119
91.5 44 45
91.5 45 46
93.0 102 116
93.0 102 117
94.5 108 117
94.5 108 118
96.0 52 69
96.0 52 70
97.5 116 117
97.5 117 118
99.0 123 147
99.0 123 148
100.5 189 192
100.5 189 193
102.0 77 90
102.0 77 91
103.5 124 144
103.5 124 145
105.0 32 35
105.0 32 36
106.5 110 114
106.5 110 115
108.0 36 40
108.0 36 41
109.5 27 41
109.5 27 42
111.0 154 169
111.0 154 170
112.5 186 188
112.5 186 189
114.0 103 115
114.0 103 116
115.5 74 97
115.5 74 98
117.0 130 140
117.0 130 141
118.5 188 193
118.5 188 194
120.0 62 64
120.0 62 65
121.5 156 169
121.5 156 170
123.0 102 112
123.0 102 113
124.5 151 152
124.5 151 161
126.0 26 47
126.0 26 48
127.5 76 91
127.5 76 92
129.0 128 141
129.0 128 142
130.5 28 46
130.5 28 47
132.0 129 134
132.0 129 135
133.5 58 64
133.5 58 65
135.0 4 18
135.0 4 19
136.5 48 73
136.5 48 98
138.0 181 187
138.0 181 188
139.5 108 121
139.5 109 110
141.0 52 71
141.0 52 72
142.5 25 47
142.5 25 48
144.0 128 137
144.0 128 138
145.5 33 40
145.5 33 41
147.0 52 53
147.0 52 58
148.5 93 94
148.5 94 95
150.0 25 37
150.0 25 38
151.5 99 117
151.5 99 118
153.0 129 136
153.0 129 137
154.5 186 192
154.5 186 193
156.0 109 119
156.0 109 120
157.5 81 95
157.5 81 96
159.0 106 117
159.0 106 118
160.5 133 139
160.5 133 140
162.0 100 117
162.0 100 118
163.5 176 198
163.5 176 199
165.0 53 60
165.0 53 61
166.5 50 65
166.5 50 66
168.0 27 45
168.0 27 46
169.5 123 145
169.5 123 146
171.0 100 123
171.0 101 102
172.5 86 90
172.5 86 91
174.0 27 39
174.0 27 40
175.5 0 12
175.5 0 13
177.0 28 40
177.0 28 41
178.5 76 85
178.5 76 86
180.0 107 112
180.0 107 113
181.5 12 13
181.5 12 14
183.0 78 83
183.0 78 84
184.5 13 14
184.5 13 15
186.0 106 119
186.0 106 120
187.5 9 18
187.5 9 19
189.0 123 198
189.0 123 199
190.5 188 189
190.5 188 190
192.0 140 141
192.0 140 142
193.5 52 73
193.5 53 54
195.0 130 146
195.0 130 147
196.5 9 12
196.5 9 13
198.0 157 168
198.0 157 169
199.5 4 20
199.5 4 21
201.0 54 70
201.0 54 71
202.5 56 63
202.5 56 64
204.0 101 113
204.0 101 114
205.5 58 62
205.5 58 63
207.0 49 70
207.0 49 71
208.5 114 118
208.5 115 116
210.0 152 172
210.0 152 173
211.5 128 143
211.5 128 144
213.0 57 69
213.0 57 70
214.5 52 61
214.5 52 62
216.0 6 8
216.0 6 9
217.5 128 145
217.5 128 146
219.0 152 170
219.0 152 171
220.5 48 71
220.5 48 72
222.0 157 160
222.0 157 161
223.5 127 143
223.5 127 144
225.0 99 100
225.0 99 116
226.5 177 190
226.5 177 191
228.0 6 20
228.0 6 21
229.5 54 68
229.5 54 69
231.0 5 11
231.0 5 12
232.5 137 141
232.5 137 142
234.0 109 121
234.0 110 111
235.5 153 162
235.5 153 163
237.0 102 108
237.0 102 109
238.5 18 19
238.5 19 20
240.0 34 43
240.0 34 44
241.5 123 173
241.5 123 174
243.0 51 68
243.0 51 69
244.5 126 147
244.5 126 148
246.0 115 117
246.0 115 118
247.5 112 113
247.5 112 114
249.0 185 188
249.0 185 189
250.5 98 173
250.5 98 174
252.0 112 117
252.0 112 118
253.5 174 198
253.5 174 199
255.0 82 94
255.0 82 95
256.5 183 194
256.5 183 195
258.0 55 71
258.0 55 72
259.5 55 67
259.5 55 68
261.0 30 39
261.0 30 40
262.5 153 170
262.5 153 171
264.0 76 97
264.0 76 98
265.5 156 167
265.5 156 168
267.0 75 90
267.0 75 91
268.5 154 157
268.5 154 158
270.0 31 41
270.0 31 42
271.5 154 159
271.5 154 160
273.0 8 17
273.0 8 18
274.5 11 16
274.5 11 17
276.0 1 22
276.0 2 3
277.5 34 37
277.5 34 38
279.0 148 149
279.0 148 172
280.5 30 43
280.5 30 44
282.0 103 121
282.0 103 122
283.5 78 97
283.5 78 98
285.0 84 93
285.0 84 94
286.5 76 87
286.5 76 88
288.0 25 41
288.0 25 42
289.5 52 65
289.5 52 66
291.0 109 117
291.0 109 118
292.5 127 139
292.5 127 140
294.0 33 44
294.0 33 45
295.5 158 162
295.5 158 163
297.0 151 172
297.0 151 173
298.5 71 72
298.5 72 73
300.0 107 118
300.0 107 119
301.5 56 61
301.5 56 62
303.0 33 42
303.0 33 43
304.5 61 65
304.5 61 66
306.0 49 50
306.0 49 65
307.5 55 63
307.5 55 64
309.0 50 63
309.0 50 64
310.5 16 17
310.5 17 18
312.0 130 142
312.0 130 143
313.5 25 45
313.5 25 46
315.0 22 23
315.0 23 24
316.5 59 70
316.5 60 61
318.0 3 16
318.0 3 17
319.5 156 159
319.5 156 160
321.0 180 194
321.0 180 195
322.5 175 192
322.5 175 193
324.0 79 84
324.0 79 85
325.5 184 191
325.5 184 192
327.0 185 186
327.0 185 187
328.5 156 161
328.5 156 162
330.0 0 1
330.0 0 11
331.5 184 193
331.5 184 194
333.0 79 90
333.0 79 91
334.5 129 144
334.5 129 145
336.0 5 9
336.0 5 10
337.5 130 144
337.5 130 145
339.0 28 30
339.0 28 31
340.5 110 118
340.5 110 119
342.0 182 184
342.0 182 185
343.5 177 188
343.5 177 189
345.0 112 115
345.0 112 116
346.5 111 117
346.5 111 118
348.0 61 69
348.0 62 63
349.5 105 111
349.5 105 112
351.0 106 113
351.0 106 114
352.5 48 198
352.5 48 199
354.0 49 66
354.0 49 67
355.5 140 143
355.5 141 142
357.0 52 63
357.0 52 64
358.5 104 116
358.5 104 117
360.0 113 119
360.0 114 115
361.5 191 192
361.5 191 193
363.0 11 18
363.0 11 19
364.5 28 32
364.5 28 33
366.0 74 91
366.0 74 92
367.5 161 167
367.5 161 168
369.0 160 165
369.0 160 166
370.5 163 164
370.5 163 165
372.0 177 178
372.0 177 185
373.5 26 37
373.5 26 38
375.0 77 88
375.0 77 89
376.5 77 92
376.5 77 93
378.0 50 73
378.0 51 52
379.5 87 90
379.5 87 91
381.0 134 139
381.0 134 140
382.5 62 68
382.5 62 69
384.0 154 163
384.0 154 164
385.5 126 143
385.5 126 144
387.0 0 20
387.0 0 21
388.5 178 195
388.5 178 196
390.0 127 145
390.0 127 146
391.5 82 86
391.5 82 87
393.0 110 116
393.0 110 117
394.5 132 137
394.5 132 138
396.0 36 44
396.0 37 38
397.5 124 125
397.5 124 141
399.0 54 60
399.0 54 61
400.5 24 39
400.5 24 40
402.0 109 115
402.0 109 116
403.5 85 95
403.5 86 87
405.0 158 168
405.0 158 169
406.5 149 199
406.5 150 151
408.0 101 119
408.0 101 120
409.5 53 68
409.5 53 69
411.0 159 166
411.0 159 167
412.5 157 162
412.5 157 163
414.0 35 41
414.0 35 42
415.5 4 8
415.5 4 9
417.0 102 110
417.0 102 111
418.5 51 62
418.5 51 63
420.0 78 95
420.0 78 96
421.5 131 134
421.5 131 135
423.0 176 190
423.0 176 191
424.5 183 184
424.5 183 185
426.0 111 115
426.0 111 116
427.5 99 199
427.5 100 101
429.0 153 166
429.0 153 167
430.5 186 190
430.5 186 191
432.0 102 122
432.0 102 123
433.5 90 92
433.5 90 93
435.0 114 116
435.0 114 117
436.5 27 47
436.5 28 29
438.0 146 147
438.0 147 148
439.5 4 12
439.5 4 13
441.0 128 133
441.0 128 134
442.5 0 22
442.5 0 23
444.0 65 67
444.0 66 67
445.5 74 75
445.5 74 90
447.0 132 135
447.0 132 136
448.5 125 145
448.5 125 146
450.0 25 39
450.0 25 40
451.5 4 22
451.5 5 6
453.0 182 190
453.0 182 191
454.5 11 14
454.5 11 15
456.0 137 143
456.0 137 144
457.5 5 19
457.5 5 20
459.0 160 171
459.0 161 162
460.5 54 56
460.5 54 57
462.0 84 87
462.0 84 88
463.5 178 189
463.5 178 190
465.0 106 109
465.0 106 110
466.5 87 88
466.5 87 89
468.0 105 119
468.0 105 120
469.5 60 68
469.5 60 69
471.0 58 60
471.0 58 61
472.5 107 120
472.5 107 121
474.0 136 143
474.0 136 144
475.5 30 35
475.5 30 36
477.0 5 15
477.0 5 16
478.5 129 138
478.5 129 139
480.0 182 186
480.0 182 187
481.5 26 27
481.5 26 34
483.0 152 164
483.0 152 165
484.5 28 42
484.5 28 43
486.0 176 196
486.0 176 197
487.5 57 67
487.5 57 68
489.0 3 6
489.0 3 7
490.5 104 118
490.5 104 119
492.0 32 33
492.0 32 34
493.5 83 87
493.5 83 88
495.0 100 115
495.0 100 116
496.5 8 19
496.5 8 20
498.0 2 13
498.0 2 14
499.5 77 78
499.5 77 83
501.0 148 198
501.0 148 199
502.5 120 121
502.5 121 122
504.0 159 168
504.0 159 169
505.5 177 196
505.5 177 197
507.0 167 168
507.0 168 169
508.5 151 170
508.5 151 171
510.0 134 141
510.0 134 142
511.5 80 85
511.5 80 86
513.0 77 84
513.0 77 85
514.5 178 193
514.5 178 194
516.0 35 39
516.0 35 40
517.5 28 34
517.5 28 35
519.0 134 135
519.0 134 136
520.5 138 143
520.5 138 144
522.0 7 18
522.0 7 19
523.5 95 96
523.5 96 97
525.0 29 46
525.0 29 47
526.5 88 94
526.5 89 90
528.0 81 85
528.0 81 86
529.5 2 15
529.5 2 16
531.0 105 121
531.0 105 122
532.5 98 121
532.5 98 122
534.0 139 142
534.0 139 143
535.5 153 160
535.5 153 161
537.0 196 197
537.0 197 198
538.5 179 190
538.5 179 191
540.0 130 138
540.0 130 139
541.5 135 140
541.5 135 141
543.0 155 159
543.0 155 160
544.5 26 45
544.5 26 46
546.0 157 170
546.0 157 171
547.5 76 89
547.5 76 90
549.0 56 67
549.0 56 68
550.5 69 70
550.5 70 71
552.0 108 115
552.0 108 116
553.5 181 195
553.5 181 196
555.0 78 93
555.0 78 94
556.5 88 90
556.5 88 91
558.0 179 192
558.0 179 193
559.5 75 98
559.5 76 77
561.0 58 68
561.0 58 69
562.5 158 160
562.5 158 161
564.0 81 87
564.0 81 88
565.5 118 119
565.5 119 120
567.0 133 143
567.0 133 144
568.5 12 17
568.5 12 18
570.0 160 167
570.0 160 168
571.5 136 137
571.5 136 138
573.0 29 40
573.0 29 41
574.5 23 174
574.5 23 198
576.0 50 67
576.0 50 68
577.5 31 35
577.5 31 36
579.0 126 139
579.0 126 140
580.5 73 173
580.5 73 174
582.0 59 60
582.0 59 61
583.5 75 96
583.5 75 97
585.0 104 120
585.0 104 121
586.5 5 13
586.5 5 14
588.0 76 95
588.0 76 96
589.5 51 70
589.5 51 71
591.0 101 121
591.0 101 122
592.5 7 10
592.5 7 11
594.0 174 194
594.0 174 195
595.5 181 189
595.5 181 190
597.0 157 158
597.0 157 159
598.5 2 11
598.5 2 12
600.0 175 198
600.0 175 199
601.5 75 94
601.5 75 95
603.0 133 135
603.0 133 136
604.5 184 189
604.5 184 190
606.0 105 107
606.0 105 108
607.5 138 141
607.5 138 142
609.0 156 171
609.0 156 172
610.5 53 70
610.5 53 71
612.0 108 119
612.0 108 120
613.5 105 109
613.5 105 110
615.0 63 64
615.0 63 65
616.5 136 145
616.5 137 138
618.0 157 172
618.0 158 159
619.5 182 194
619.5 182 195
621.0 149 172
621.0 149 173
622.5 85 89
622.5 85 90
624.0 159 162
624.0 159 163
625.5 84 91
625.5 84 92
627.0 164 167
627.0 164 168
628.5 78 91
628.5 78 92
630.0 29 34
630.0 29 35
631.5 6 12
631.5 6 13
633.0 0 14
633.0 0 15
634.5 85 87
634.5 85 88
636.0 103 109
636.0 103 110
637.5 128 139
637.5 128 140
639.0 31 33
639.0 31 34
640.5 82 92
640.5 82 93
642.0 83 89
642.0 83 90
643.5 153 158
643.5 153 159
645.0 177 198
645.0 178 179
646.5 155 157
646.5 155 158
648.0 128 135
648.0 128 136
649.5 126 145
649.5 126 146
651.0 3 22
651.0 4 5
652.5 23 148
652.5 23 173
654.0 13 18
654.0 14 15
655.5 160 161
655.5 160 162
657.0 51 64
657.0 51 65
658.5 131 144
658.5 131 145
660.0 8 15
660.0 8 16
661.5 100 121
661.5 100 122
663.0 136 139
663.0 136 140
664.5 155 165
664.5 155 166
666.0 182 196
666.0 182 197
667.5 101 123
667.5 102 103
669.0 176 188
669.0 176 189
670.5 3 12
670.5 3 13
672.0 1 16
672.0 1 17
673.5 125 147
673.5 125 148
675.0 151 162
675.0 151 163
676.5 150 172
676.5 150 173
678.0 5 7
678.0 5 8
679.5 124 148
679.5 124 174
681.0 181 183
681.0 181 184
682.5 87 92
682.5 87 93
684.0 80 93
684.0 80 94
685.5 75 88
685.5 75 89
687.0 175 190
687.0 175 191
688.5 183 192
688.5 183 193
690.0 155 167
690.0 155 168
691.5 59 64
691.5 59 65
693.0 163 168
693.0 163 169
694.5 182 188
694.5 182 189
696.0 152 153
696.0 152 159
697.5 32 43
697.5 32 44
699.0 132 145
699.0 132 146
700.5 128 147
700.5 128 148
702.0 3 8
702.0 3 9
703.5 30 47
703.5 31 32
705.0 4 6
705.0 4 7
706.5 110 120
706.5 111 112
708.0 77 86
708.0 77 87
709.5 109 111
709.5 109 112
711.0 184 185
711.0 184 186
712.5 60 62
712.5 60 63
714.0 134 143
714.0 134 144
715.5 5 17
715.5 5 18
717.0 52 67
717.0 52 68
718.5 29 30
718.5 29 31
720.0 61 67
720.0 61 68
721.5 3 20
721.5 3 21
723.0 2 7
723.0 2 8
724.5 149 150
724.5 149 167
726.0 165 167
726.0 165 168
727.5 0 18
727.5 0 19
729.0 187 188
729.0 187 189
730.5 7 16
730.5 7 17
732.0 174 192
732.0 174 193
733.5 23 199
733.5 24 25
735.0 27 35
735.0 27 36
736.5 102 120
736.5 102 121
738.0 59 68
738.0 59 69
739.5 73 198
739.5 73 199
741.0 132 141
741.0 132 142
742.5 151 166
742.5 151 167
744.0 62 66
744.0 62 67
745.5 37 39
745.5 37 40
747.0 54 64
747.0 54 65
748.5 49 68
748.5 49 69
750.0 151 168
750.0 151 169
751.5 175 196
751.5 175 197
753.0 180 182
753.0 180 183
754.5 152 162
754.5 152 163
756.0 37 43
756.0 37 44
757.5 8 9
757.5 8 10
759.0 54 58
759.0 54 59
760.5 180 198
760.5 181 182
762.0 157 164
762.0 157 165
763.5 190 192
763.5 190 193
765.0 130 136
765.0 130 137
766.5 3 4
766.5 3 5
768.0 153 172
768.0 153 173
769.5 135 142
769.5 135 143
771.0 56 69
771.0 56 70
772.5 99 123
772.5 99 198
774.0 175 176
774.0 175 189
775.5 133 141
775.5 133 142
777.0 55 57
777.0 55 58
778.5 164 165
778.5 164 166
780.0 26 43
780.0 26 44
781.5 178 187
781.5 178 188
783.0 134 137
783.0 134 138
784.5 160 169
784.5 160 170
786.0 73 123
786.0 73 148
787.5 23 42
787.5 23 43
789.0 162 165
789.0 162 166
790.5 59 62
790.5 59 63
792.0 124 142
792.0 124 143
793.5 198 199
795.0 10 16
795.0 10 17
796.5 56 65
796.5 56 66
798.0 73 95
798.0 73 96
799.5 54 72
799.5 55 56
801.0 59 66
801.0 59 67
802.5 179 194
802.5 179 195
804.0 100 113
804.0 100 114
805.5 87 94
805.5 88 89
807.0 58 70
807.0 58 71
808.5 27 33
808.5 27 34
810.0 154 165
810.0 154 166
811.5 7 20
811.5 7 21
813.0 159 160
813.0 159 161
814.5 179 186
814.5 179 187
816.0 132 139
816.0 132 140
817.5 0 16
817.5 0 17
819.0 11 12
819.0 11 13
820.5 55 69
820.5 55 70
822.0 192 193
822.0 193 194
823.5 73 97
823.5 73 98
825.0 166 167
825.0 166 168
826.5 84 95
826.5 85 86
828.0 189 194
828.0 190 191
829.5 128 129
829.5 128 132
831.0 53 62
831.0 53 63
832.5 155 163
832.5 155 164
834.0 183 196
834.0 183 197
835.5 50 51
835.5 50 62
837.0 127 128
837.0 127 134
838.5 152 160
838.5 152 161
840.0 127 137
840.0 127 138
841.5 9 16
841.5 9 17
843.0 79 96
843.0 79 97
844.5 182 192
844.5 182 193
846.0 1 20
846.0 1 21
847.5 27 37
847.5 27 38
849.0 81 89
849.0 81 90
850.5 129 142
850.5 129 143
852.0 108 113
852.0 108 114
853.5 108 111
853.5 108 112
855.0 156 163
855.0 156 164
856.5 4 16
856.5 4 17
858.0 38 39
858.0 38 40
859.5 57 65
859.5 57 66
861.0 48 49
861.0 48 68
862.5 152 166
862.5 152 167
864.0 51 72
864.0 51 73
865.5 57 63
865.5 57 64
867.0 15 16
867.0 15 17
868.5 29 42
868.5 29 43
870.0 91 92
870.0 92 93
871.5 171 172
871.5 172 173
873.0 2 19
873.0 2 20
874.5 129 130
874.5 129 131
876.0 53 72
876.0 54 55
877.5 10 12
877.5 10 13
879.0 61 63
879.0 61 64
880.5 82 96
880.5 83 84
882.0 110 112
882.0 110 113
883.5 3 18
883.5 3 19
885.0 84 85
885.0 84 86
886.5 55 59
886.5 55 60
888.0 173 174
888.0 174 175
889.5 113 117
889.5 113 118
891.0 34 45
891.0 35 36
892.5 50 69
892.5 50 70
894.0 27 43
894.0 27 44
895.5 78 85
895.5 78 86
897.0 149 174
897.0 149 198
898.5 78 89
898.5 78 90
900.0 29 44
900.0 29 45
901.5 179 182
901.5 179 183
903.0 184 195
903.0 184 196
904.5 104 106
904.5 104 107
906.0 111 113
906.0 111 114
907.5 50 71
907.5 50 72
909.0 131 140
909.0 131 141
910.5 79 86
910.5 79 87
912.0 4 10
912.0 4 11
913.5 79 88
913.5 79 89
915.0 137 139
915.0 137 140
916.5 9 10
916.5 9 11
918.0 156 157
918.0 156 158
919.5 154 161
919.5 154 162
921.0 181 191
921.0 181 192
922.5 64 66
922.5 64 67
924.0 104 112
924.0 104 113
925.5 55 65
925.5 55 66
927.0 53 56
927.0 53 57
928.5 163 166
928.5 163 167
930.0 150 168
930.0 150 169
931.5 181 185
931.5 181 186
933.0 7 14
933.0 7 15
934.5 129 132
934.5 129 133
936.0 23 46
936.0 23 47
937.5 185 194
937.5 185 195
939.0 162 163
939.0 162 164
940.5 89 93
940.5 90 91
942.0 33 34
942.0 33 35
943.5 181 193
943.5 181 194
945.0 7 12
945.0 7 13
946.5 105 117
946.5 105 118
948.0 131 136
948.0 131 137
949.5 154 173
949.5 155 156
951.0 136 141
951.0 136 142
952.5 122 123
952.5 123 124
954.0 56 59
954.0 56 60
955.5 101 117
955.5 101 118
957.0 126 127
957.0 126 136
958.5 52 59
958.5 52 60
960.0 135 138
960.0 135 139
961.5 106 107
961.5 106 108
963.0 1 10
963.0 1 11
964.5 3 14
964.5 3 15
966.0 152 168
966.0 152 169
967.5 5 21
967.5 6 7
969.0 103 119
969.0 103 120
970.5 139 140
970.5 139 141
972.0 55 61
972.0 55 62
973.5 83 95
973.5 83 96
975.0 188 191
975.0 188 192
976.5 175 194
976.5 175 195
978.0 12 15
978.0 12 16
979.5 35 37
979.5 35 38
981.0 3 10
981.0 3 11
982.5 181 197
982.5 182 183
984.0 64 68
984.0 65 66
985.5 180 192
985.5 180 193
987.0 1 2
987.0 1 9
988.5 86 92
988.5 86 93
990.0 24 43
990.0 24 44
991.5 6 10
991.5 6 11
993.0 79 82
993.0 79 83
994.5 31 43
994.5 31 44
996.0 124 146
996.0 124 147
997.5 104 114
997.5 104 115
999.0 138 139
999.0 138 140
1000.5 48 123
1000.5 48 148
1002.0 158 170
1002.0 158 171
1003.5 178 185
1003.5 178 186
1005.0 105 115
1005.0 105 116
1006.5 73 74
1006.5 73 94
1008.0 10 18
1008.0 10 19
1009.5 153 168
1009.5 153 169
1011.0 178 197
1011.0 178 198
1012.5 23 98
1012.5 23 123
1014.0 33 36
1014.0 33 37
1015.5 177 186
1015.5 177 187
1017.0 60 66
1017.0 60 67
1018.5 34 41
1018.5 34 42
1020.0 103 113
1020.0 103 114
1021.5 80 81
1021.5 80 82
1023.0 74 93
1023.0 74 94
1024.5 32 39
1024.5 32 40
1026.0 161 165
1026.0 161 166
1027.5 81 83
1027.5 81 84
1029.0 127 135
1029.0 127 136
1030.5 129 146
1030.5 129 147
1032.0 27 28
1032.0 27 32
1033.5 30 37
1033.5 30 38
1035.0 56 71
1035.0 57 58
1036.5 180 190
1036.5 180 191
1038.0 34 35
1038.0 34 36
1039.5 176 192
1039.5 176 193
1041.0 130 132
1041.0 130 133
1042.5 78 87
1042.5 78 88
1044.0 57 59
1044.0 57 60
1045.5 2 17
1045.5 2 18
1047.0 23 48
1047.0 23 73
1048.5 97 98
1048.5 98 99
1050.0 186 194
1050.0 186 195
1051.5 179 196
1051.5 179 197
1053.0 80 89
1053.0 80 90
1054.5 106 115
1054.5 106 116
1056.0 155 169
1056.0 155 170
1057.5 159 170
1057.5 159 171
1059.0 125 126
1059.0 125 138
1060.5 31 45
1060.5 31 46
1062.0 6 14
1062.0 6 15
1063.5 185 196
1063.5 186 187
1065.0 6 16
1065.0 6 17
1066.5 79 94
1066.5 79 95
1068.0 180 196
1068.0 180 197
1069.5 101 111
1069.5 101 112
1071.0 80 91
1071.0 80 92
1072.5 127 147
1072.5 127 148
1074.0 35 43
1074.0 35 44
1075.5 37 41
1075.5 37 42
1077.0 178 191
1077.0 178 192
1078.5 33 38
1078.5 33 39
1080.0 63 66
1080.0 63 67
1081.5 108 109
1081.5 108 110
1083.0 81 91
1083.0 81 92
1084.5 156 165
1084.5 156 166
1086.0 36 42
1086.0 36 43
1087.5 133 145
1087.5 133 146
1089.0 4 14
1089.0 4 15
1090.5 83 85
1090.5 83 86
1092.0 103 123
1092.0 104 105
1093.5 129 140
1093.5 129 141
1095.0 127 141
1095.0 127 142
1096.5 20 21
1096.5 21 22
1098.0 185 190
1098.0 185 191
1099.5 48 69
1099.5 48 70
1101.0 180 188
1101.0 180 189
1102.5 48 173
1102.5 48 174
1104.0 1 12
1104.0 1 13
1105.5 177 194
1105.5 177 195
1107.0 148 173
1107.0 148 174
1108.5 28 44
1108.5 28 45
1110.0 132 147
1110.0 133 134
1111.5 82 88
1111.5 82 89
1113.0 54 66
1113.0 54 67
1114.5 109 113
1114.5 109 114
1116.0 53 58
1116.0 53 59
1117.5 24 47
1117.5 24 48
1119.0 39 41
1119.0 39 42
1120.5 169 170
1120.5 170 171
1122.0 103 107
1122.0 103 108
1123.5 88 92
1123.5 88 93
1125.0 179 188
1125.0 179 189
1126.5 178 183
1126.5 178 184
1128.0 160 163
1128.0 160 164
1129.5 185 192
1129.5 185 193
1131.0 2 21
1131.0 2 22
1132.5 57 61
1132.5 57 62
1134.0 75 76
1134.0 75 87
1135.5 34 39
1135.5 34 40
1137.0 149 170
1137.0 149 171
1138.5 76 93
1138.5 76 94
1140.0 30 41
1140.0 30 42
1141.5 82 90
1141.5 82 91
1143.0 39 43
1143.0 40 41
1144.5 113 115
1144.5 113 116
1146.0 83 91
1146.0 83 92
1147.5 154 155
1147.5 154 156
1149.0 126 141
1149.0 126 142
1150.5 75 92
1150.5 75 93
1152.0 162 169
1152.0 162 170
1153.5 174 196
1153.5 174 197
1155.0 125 143
1155.0 125 144
1156.5 132 143
1156.5 132 144
1158.0 77 98
1158.0 78 79
1159.5 26 35
1159.5 26 36
1161.0 60 70
1161.0 61 62
1162.5 51 66
1162.5 51 67
1164.0 7 8
1164.0 7 9
1165.5 32 41
1165.5 32 42
1167.0 177 192
1167.0 177 193
1168.5 144 145
1168.5 145 146
1170.0 176 177
1170.0 176 187
1171.5 99 121
1171.5 99 122
1173.0 58 66
1173.0 58 67
1174.5 151 164
1174.5 151 165
1176.0 125 141
1176.0 125 142
1177.5 9 14
1177.5 9 15
1179.0 159 164
1179.0 159 165
1180.5 107 108
1180.5 107 109
1182.0 132 133
1182.0 132 134
1183.5 107 116
1183.5 107 117
1185.0 103 111
1185.0 103 112
1186.5 176 194
1186.5 176 195
1188.0 157 166
1188.0 157 167
1189.5 29 36
1189.5 29 37
1191.0 100 119
1191.0 100 120
1192.5 53 64
1192.5 53 65
1194.0 131 138
1194.0 131 139
1195.5 150 164
1195.5 150 165
1197.0 54 62
1197.0 54 63
1198.5 24 45
1198.5 24 46
1200.0 180 186
1200.0 180 187
1201.5 46 47
1201.5 47 48
1203.0 98 198
1203.0 98 199
1204.5 125 139
1204.5 125 140
1206.0 142 143
1206.0 143 144
1207.5 77 94
1207.5 77 95
1209.0 155 171
1209.0 155 172
1210.5 104 108
1210.5 104 109
1212.0 30 45
1212.0 30 46
1213.5 36 38
1213.5 36 39
1215.0 134 145
1215.0 134 146
1216.5 133 137
1216.5 133 138
1218.0 80 95
1218.0 80 96
1219.5 131 142
1219.5 131 143
1221.0 10 14
1221.0 10 15
1222.5 26 41
1222.5 26 42
1224.0 86 88
1224.0 86 89
1225.5 153 154
1225.5 153 157
1227.0 9 20
1227.0 10 11
1228.5 107 110
1228.5 107 111
1230.0 25 26
1230.0 25 36
1231.5 103 117
1231.5 103 118
1233.0 23 44
1233.0 23 45
1234.5 6 18
1234.5 6 19
1236.0 154 171
1236.0 154 172
1237.5 187 192
1237.5 187 193
1239.0 129 148
1239.0 130 131
1240.5 86 94
1240.5 86 95
1242.0 38 41
1242.0 38 42
1243.5 78 81
1243.5 78 82
1245.0 25 43
1245.0 25 44
1246.5 106 111
1246.5 106 112
1248.0 131 146
1248.0 131 147
1249.5 63 68
1249.5 64 65
1251.0 80 83
1251.0 80 84
1252.5 101 115
1252.5 101 116
1254.0 26 39
1254.0 26 40
1255.5 194 195
1255.5 195 196
1257.0 184 187
1257.0 184 188
1258.5 51 60
1258.5 51 61
1260.0 183 186
1260.0 183 187
1261.5 130 134
1261.5 130 135
1263.0 104 122
1263.0 105 106
1264.5 29 32
1264.5 29 33
1266.0 42 43
1266.0 43 44
1267.5 135 144
1267.5 135 145
1269.0 104 110
1269.0 104 111
1270.5 135 136
1270.5 135 137
1272.0 81 97
1272.0 82 83
1273.5 31 37
1273.5 31 38
1275.0 111 119
1275.0 111 120
1276.5 80 87
1276.5 80 88
1278.0 56 57
1278.0 56 58
1279.5 161 163
1279.5 161 164
1281.0 106 121
1281.0 106 122
1282.5 150 166
1282.5 150 167
1284.0 28 36
1284.0 28 37
1285.5 112 119
1285.5 113 114
1287.0 158 164
1287.0 158 165
1288.5 183 190
1288.5 183 191
1290.0 35 45
1290.0 36 37
1291.5 180 184
1291.5 180 185
