0 80 89
0 80 90
0 80 91
0 80 92
0 80 93
0 80 94
0 80 95
0 80 96
0 80 97
0 81 82
0 81 83
0 81 84
0 81 85
0 81 86
0 81 87
0 81 88
0 81 89
0 81 90
0 81 91
0 81 92
0 81 93
0 81 94
0 81 95
0 81 96
0 81 97
0 82 83
0 82 84
0 82 85
0 82 86
0 82 87
0 82 88
301 103 117
301 103 118
301 103 119
301 103 120
301 103 121
301 103 122
301 103 123
301 104 105
301 104 106
301 104 107
301 104 108
301 104 109
301 104 110
301 104 111
301 104 112
301 104 113
301 104 114
301 104 115
301 104 116
301 104 117
301 104 118
301 104 119
301 104 120
301 104 121
301 104 122
301 105 106
301 105 107
301 105 108
301 105 109
301 105 110
301 105 111
602 130 136
602 130 137
602 130 138
602 130 139
602 130 140
602 130 141
602 130 142
602 130 143
602 130 144
602 130 145
602 130 146
602 130 147
602 131 132
602 131 133
602 131 134
602 131 135
602 131 136
602 131 137
602 131 138
602 131 139
602 131 140
602 131 141
602 131 142
602 131 143
602 131 144
602 131 145
602 131 146
602 131 147
602 132 133
602 132 134
602 132 135
903 39 42
903 39 43
903 40 41
903 40 42
903 41 42
903 42 43
903 43 44
903 44 45
903 45 46
903 46 47
903 47 48
903 48 49
903 48 68
903 48 69
903 48 70
903 48 71
903 48 72
903 48 73
903 48 98
903 48 123
903 48 148
903 48 173
903 48 174
903 48 198
903 48 199
903 49 50
903 49 65
903 49 66
903 49 67
903 49 68
903 49 69
1204 151 173
1204 152 153
1204 152 159
1204 152 160
1204 152 161
1204 152 162
1204 152 163
1204 152 164
1204 152 165
1204 152 166
1204 152 167
1204 152 168
1204 152 169
1204 152 170
1204 152 171
1204 152 172
1204 152 173
1204 153 154
1204 153 157
1204 153 158
1204 153 159
1204 153 160
1204 153 161
1204 153 162
1204 153 163
1204 153 164
1204 153 165
1204 153 166
1204 153 167
1204 153 168
1204 153 169
1505 128 142
1505 128 143
1505 128 144
1505 128 145
1505 128 146
1505 128 147
1505 128 148
1505 129 130
1505 129 131
1505 129 132
1505 129 133
1505 129 134
1505 129 135
1505 129 136
1505 129 137
1505 129 138
1505 129 139
1505 129 140
1505 129 141
1505 129 142
1505 129 143
1505 129 144
1505 129 145
1505 129 146
1505 129 147
1505 129 148
1505 130 131
1505 130 132
1505 130 133
1505 130 134
1505 130 135
1806 55 64
1806 55 65
1806 55 66
1806 55 67
1806 55 68
1806 55 69
1806 55 70
1806 55 71
1806 55 72
1806 56 57
1806 56 58
1806 56 59
1806 56 60
1806 56 61
1806 56 62
1806 56 63
1806 56 64
1806 56 65
1806 56 66
1806 56 67
1806 56 68
1806 56 69
1806 56 70
1806 56 71
1806 57 58
1806 57 59
1806 57 60
1806 57 61
1806 57 62
1806 57 63
1806 57 64
2107 57 65
2107 57 66
2107 57 67
2107 57 68
2107 57 69
2107 57 70
2107 57 71
2107 58 59
2107 58 60
2107 58 61
2107 58 62
2107 58 63
2107 58 64
2107 58 65
2107 58 66
2107 58 67
2107 58 68
2107 58 69
2107 58 70
2107 58 71
2107 59 60
2107 59 61
2107 59 62
2107 59 63
2107 59 64
2107 59 65
2107 59 66
2107 59 67
2107 59 68
2107 59 69
2107 59 70
2408 60 61
2408 60 62
2408 60 63
2408 60 64
2408 60 65
2408 60 66
2408 60 67
2408 60 68
2408 60 69
2408 60 70
2408 61 62
2408 61 63
2408 61 64
2408 61 65
2408 61 66
2408 61 67
2408 61 68
2408 61 69
2408 62 63
2408 62 64
2408 62 65
2408 62 66
2408 62 67
2408 62 68
2408 62 69
2408 63 64
2408 63 65
2408 63 66
2408 63 67
2408 63 68
2408 64 65
2709 159 169
2709 159 170
2709 159 171
2709 160 161
2709 160 162
2709 160 163
2709 160 164
2709 160 165
2709 160 166
2709 160 167
2709 160 168
2709 160 169
2709 160 170
2709 160 171
2709 161 162
2709 161 163
2709 161 164
2709 161 165
2709 161 166
2709 161 167
2709 161 168
2709 161 169
2709 161 170
2709 162 163
2709 162 164
2709 162 165
2709 162 166
2709 162 167
2709 162 168
2709 162 169
2709 162 170
3010 64 66
3010 64 67
3010 64 68
3010 65 66
3010 65 67
3010 66 67
3010 67 68
3010 68 69
3010 69 70
3010 70 71
3010 71 72
3010 72 73
3010 73 74
3010 73 94
3010 73 95
3010 73 96
3010 73 97
3010 73 98
3010 73 123
3010 73 148
3010 73 173
3010 73 174
3010 73 198
3010 73 199
3010 74 75
3010 74 90
3010 74 91
3010 74 92
3010 74 93
3010 74 94
3010 74 95
3311 32 40
3311 32 41
3311 32 42
3311 32 43
3311 32 44
3311 32 45
3311 32 46
3311 33 34
3311 33 35
3311 33 36
3311 33 37
3311 33 38
3311 33 39
3311 33 40
3311 33 41
3311 33 42
3311 33 43
3311 33 44
3311 33 45
3311 34 35
3311 34 36
3311 34 37
3311 34 38
3311 34 39
3311 34 40
3311 34 41
3311 34 42
3311 34 43
3311 34 44
3311 34 45
3311 35 36
3612 35 37
3612 35 38
3612 35 39
3612 35 40
3612 35 41
3612 35 42
3612 35 43
3612 35 44
3612 35 45
3612 36 37
3612 36 38
3612 36 39
3612 36 40
3612 36 41
3612 36 42
3612 36 43
3612 36 44
3612 37 38
3612 37 39
3612 37 40
3612 37 41
3612 37 42
3612 37 43
3612 37 44
3612 38 39
3612 38 40
3612 38 41
3612 38 42
3612 38 43
3612 39 40
3612 39 41
3913 155 164
3913 155 165
3913 155 166
3913 155 167
3913 155 168
3913 155 169
3913 155 170
3913 155 171
3913 155 172
3913 156 157
3913 156 158
3913 156 159
3913 156 160
3913 156 161
3913 156 162
3913 156 163
3913 156 164
3913 156 165
3913 156 166
3913 156 167
3913 156 168
3913 156 169
3913 156 170
3913 156 171
3913 156 172
3913 157 158
3913 157 159
3913 157 160
3913 157 161
3913 157 162
3913 157 163
4214 101 122
4214 101 123
4214 102 103
4214 102 108
4214 102 109
4214 102 110
4214 102 111
4214 102 112
4214 102 113
4214 102 114
4214 102 115
4214 102 116
4214 102 117
4214 102 118
4214 102 119
4214 102 120
4214 102 121
4214 102 122
4214 102 123
4214 103 104
4214 103 106
4214 103 107
4214 103 108
4214 103 109
4214 103 110
4214 103 111
4214 103 112
4214 103 113
4214 103 114
4214 103 115
4214 103 116
4515 88 93
4515 88 94
4515 89 90
4515 89 91
4515 89 92
4515 89 93
4515 90 91
4515 90 92
4515 90 93
4515 91 92
4515 92 93
4515 93 94
4515 94 95
4515 95 96
4515 96 97
4515 97 98
4515 98 99
4515 98 119
4515 98 120
4515 98 121
4515 98 122
4515 98 123
4515 98 148
4515 98 173
4515 98 174
4515 98 198
4515 98 199
4515 99 100
4515 99 116
4515 99 117
4515 99 118
4816 51 73
4816 52 53
4816 52 58
4816 52 59
4816 52 60
4816 52 61
4816 52 62
4816 52 63
4816 52 64
4816 52 65
4816 52 66
4816 52 67
4816 52 68
4816 52 69
4816 52 70
4816 52 71
4816 52 72
4816 52 73
4816 53 54
4816 53 56
4816 53 57
4816 53 58
4816 53 59
4816 53 60
4816 53 61
4816 53 62
4816 53 63
4816 53 64
4816 53 65
4816 53 66
4816 53 67
5117 137 144
5117 138 139
5117 138 140
5117 138 141
5117 138 142
5117 138 143
5117 138 144
5117 139 140
5117 139 141
5117 139 142
5117 139 143
5117 140 141
5117 140 142
5117 140 143
5117 141 142
5117 142 143
5117 143 144
5117 144 145
5117 145 146
5117 146 147
5117 147 148
5117 148 149
5117 148 172
5117 148 173
5117 148 174
5117 148 198
5117 148 199
5117 149 150
5117 149 167
5117 149 168
5117 149 169
5418 107 112
5418 107 113
5418 107 114
5418 107 115
5418 107 116
5418 107 117
5418 107 118
5418 107 119
5418 107 120
5418 107 121
5418 108 109
5418 108 110
5418 108 111
5418 108 112
5418 108 113
5418 108 114
5418 108 115
5418 108 116
5418 108 117
5418 108 118
5418 108 119
5418 108 120
5418 108 121
5418 109 110
5418 109 111
5418 109 112
5418 109 113
5418 109 114
5418 109 115
5418 109 116
5418 109 117
5719 149 170
5719 149 171
5719 149 172
5719 149 173
5719 149 174
5719 149 198
5719 149 199
5719 150 151
5719 150 164
5719 150 165
5719 150 166
5719 150 167
5719 150 168
5719 150 169
5719 150 170
5719 150 171
5719 150 172
5719 150 173
5719 151 152
5719 151 161
5719 151 162
5719 151 163
5719 151 164
5719 151 165
5719 151 166
5719 151 167
5719 151 168
5719 151 169
5719 151 170
5719 151 171
5719 151 172
6020 49 70
6020 49 71
6020 49 72
6020 49 73
6020 50 51
6020 50 62
6020 50 63
6020 50 64
6020 50 65
6020 50 66
6020 50 67
6020 50 68
6020 50 69
6020 50 70
6020 50 71
6020 50 72
6020 50 73
6020 51 52
6020 51 60
6020 51 61
6020 51 62
6020 51 63
6020 51 64
6020 51 65
6020 51 66
6020 51 67
6020 51 68
6020 51 69
6020 51 70
6020 51 71
6020 51 72
6321 105 112
6321 105 113
6321 105 114
6321 105 115
6321 105 116
6321 105 117
6321 105 118
6321 105 119
6321 105 120
6321 105 121
6321 105 122
6321 106 107
6321 106 108
6321 106 109
6321 106 110
6321 106 111
6321 106 112
6321 106 113
6321 106 114
6321 106 115
6321 106 116
6321 106 117
6321 106 118
6321 106 119
6321 106 120
6321 106 121
6321 106 122
6321 107 108
6321 107 109
6321 107 110
6321 107 111
6622 78 94
6622 78 95
6622 78 96
6622 78 97
6622 78 98
6622 79 80
6622 79 81
6622 79 82
6622 79 83
6622 79 84
6622 79 85
6622 79 86
6622 79 87
6622 79 88
6622 79 89
6622 79 90
6622 79 91
6622 79 92
6622 79 93
6622 79 94
6622 79 95
6622 79 96
6622 79 97
6622 80 81
6622 80 82
6622 80 83
6622 80 84
6622 80 85
6622 80 86
6622 80 87
6622 80 88
6923 3 20
6923 3 21
6923 3 22
6923 4 5
6923 4 6
6923 4 7
6923 4 8
6923 4 9
6923 4 10
6923 4 11
6923 4 12
6923 4 13
6923 4 14
6923 4 15
6923 4 16
6923 4 17
6923 4 18
6923 4 19
6923 4 20
6923 4 21
6923 4 22
6923 5 6
6923 5 7
6923 5 8
6923 5 9
6923 5 10
6923 5 11
6923 5 12
6923 5 13
6923 5 14
6923 5 15
7224 153 170
7224 153 171
7224 153 172
7224 153 173
7224 154 155
7224 154 156
7224 154 157
7224 154 158
7224 154 159
7224 154 160
7224 154 161
7224 154 162
7224 154 163
7224 154 164
7224 154 165
7224 154 166
7224 154 167
7224 154 168
7224 154 169
7224 154 170
7224 154 171
7224 154 172
7224 154 173
7224 155 156
7224 155 157
7224 155 158
7224 155 159
7224 155 160
7224 155 161
7224 155 162
7224 155 163
7525 5 16
7525 5 17
7525 5 18
7525 5 19
7525 5 20
7525 5 21
7525 6 7
7525 6 8
7525 6 9
7525 6 10
7525 6 11
7525 6 12
7525 6 13
7525 6 14
7525 6 15
7525 6 16
7525 6 17
7525 6 18
7525 6 19
7525 6 20
7525 6 21
7525 7 8
7525 7 9
7525 7 10
7525 7 11
7525 7 12
7525 7 13
7525 7 14
7525 7 15
7525 7 16
7525 7 17
7826 53 68
7826 53 69
7826 53 70
7826 53 71
7826 53 72
7826 54 55
7826 54 56
7826 54 57
7826 54 58
7826 54 59
7826 54 60
7826 54 61
7826 54 62
7826 54 63
7826 54 64
7826 54 65
7826 54 66
7826 54 67
7826 54 68
7826 54 69
7826 54 70
7826 54 71
7826 54 72
7826 55 56
7826 55 57
7826 55 58
7826 55 59
7826 55 60
7826 55 61
7826 55 62
7826 55 63
8127 84 95
8127 85 86
8127 85 87
8127 85 88
8127 85 89
8127 85 90
8127 85 91
8127 85 92
8127 85 93
8127 85 94
8127 85 95
8127 86 87
8127 86 88
8127 86 89
8127 86 90
8127 86 91
8127 86 92
8127 86 93
8127 86 94
8127 86 95
8127 87 88
8127 87 89
8127 87 90
8127 87 91
8127 87 92
8127 87 93
8127 87 94
8127 88 89
8127 88 90
8127 88 91
8127 88 92
8428 28 43
8428 28 44
8428 28 45
8428 28 46
8428 28 47
8428 29 30
8428 29 31
8428 29 32
8428 29 33
8428 29 34
8428 29 35
8428 29 36
8428 29 37
8428 29 38
8428 29 39
8428 29 40
8428 29 41
8428 29 42
8428 29 43
8428 29 44
8428 29 45
8428 29 46
8428 29 47
8428 30 31
8428 30 32
8428 30 33
8428 30 34
8428 30 35
8428 30 36
8428 30 37
8428 30 38
8729 109 118
8729 109 119
8729 109 120
8729 109 121
8729 110 111
8729 110 112
8729 110 113
8729 110 114
8729 110 115
8729 110 116
8729 110 117
8729 110 118
8729 110 119
8729 110 120
8729 111 112
8729 111 113
8729 111 114
8729 111 115
8729 111 116
8729 111 117
8729 111 118
8729 111 119
8729 111 120
8729 112 113
8729 112 114
8729 112 115
8729 112 116
8729 112 117
8729 112 118
8729 112 119
8729 113 114
9030 185 188
9030 185 189
9030 185 190
9030 185 191
9030 185 192
9030 185 193
9030 185 194
9030 185 195
9030 185 196
9030 186 187
9030 186 188
9030 186 189
9030 186 190
9030 186 191
9030 186 192
9030 186 193
9030 186 194
9030 186 195
9030 187 188
9030 187 189
9030 187 190
9030 187 191
9030 187 192
9030 187 193
9030 187 194
9030 187 195
9030 188 189
9030 188 190
9030 188 191
9030 188 192
9030 188 193
9331 124 143
9331 124 144
9331 124 145
9331 124 146
9331 124 147
9331 124 148
9331 124 174
9331 124 198
9331 124 199
9331 125 126
9331 125 138
9331 125 139
9331 125 140
9331 125 141
9331 125 142
9331 125 143
9331 125 144
9331 125 145
9331 125 146
9331 125 147
9331 125 148
9331 126 127
9331 126 136
9331 126 137
9331 126 138
9331 126 139
9331 126 140
9331 126 141
9331 126 142
9331 126 143
9331 126 144
9632 174 199
9632 175 176
9632 175 189
9632 175 190
9632 175 191
9632 175 192
9632 175 193
9632 175 194
9632 175 195
9632 175 196
9632 175 197
9632 175 198
9632 175 199
9632 176 177
9632 176 187
9632 176 188
9632 176 189
9632 176 190
9632 176 191
9632 176 192
9632 176 193
9632 176 194
9632 176 195
9632 176 196
9632 176 197
9632 176 198
9632 176 199
9632 177 178
9632 177 185
9632 177 186
9632 177 187
9933 163 164
9933 163 165
9933 163 166
9933 163 167
9933 163 168
9933 163 169
9933 164 165
9933 164 166
9933 164 167
9933 164 168
9933 164 169
9933 165 166
9933 165 167
9933 165 168
9933 166 167
9933 166 168
9933 167 168
9933 168 169
9933 169 170
9933 170 171
9933 171 172
9933 172 173
9933 173 174
9933 174 175
9933 174 192
9933 174 193
9933 174 194
9933 174 195
9933 174 196
9933 174 197
9933 174 198
10234 30 39
10234 30 40
10234 30 41
10234 30 42
10234 30 43
10234 30 44
10234 30 45
10234 30 46
10234 30 47
10234 31 32
10234 31 33
10234 31 34
10234 31 35
10234 31 36
10234 31 37
10234 31 38
10234 31 39
10234 31 40
10234 31 41
10234 31 42
10234 31 43
10234 31 44
10234 31 45
10234 31 46
10234 32 33
10234 32 34
10234 32 35
10234 32 36
10234 32 37
10234 32 38
10234 32 39
10535 180 196
10535 180 197
10535 180 198
10535 181 182
10535 181 183
10535 181 184
10535 181 185
10535 181 186
10535 181 187
10535 181 188
10535 181 189
10535 181 190
10535 181 191
10535 181 192
10535 181 193
10535 181 194
10535 181 195
10535 181 196
10535 181 197
10535 182 183
10535 182 184
10535 182 185
10535 182 186
10535 182 187
10535 182 188
10535 182 189
10535 182 190
10535 182 191
10535 182 192
10535 182 193
10535 182 194
10836 99 119
10836 99 120
10836 99 121
10836 99 122
10836 99 123
10836 99 198
10836 99 199
10836 100 101
10836 100 113
10836 100 114
10836 100 115
10836 100 116
10836 100 117
10836 100 118
10836 100 119
10836 100 120
10836 100 121
10836 100 122
10836 100 123
10836 101 102
10836 101 111
10836 101 112
10836 101 113
10836 101 114
10836 101 115
10836 101 116
10836 101 117
10836 101 118
10836 101 119
10836 101 120
10836 101 121
11137 82 89
11137 82 90
11137 82 91
11137 82 92
11137 82 93
11137 82 94
11137 82 95
11137 82 96
11137 83 84
11137 83 85
11137 83 86
11137 83 87
11137 83 88
11137 83 89
11137 83 90
11137 83 91
11137 83 92
11137 83 93
11137 83 94
11137 83 95
11137 83 96
11137 84 85
11137 84 86
11137 84 87
11137 84 88
11137 84 89
11137 84 90
11137 84 91
11137 84 92
11137 84 93
11137 84 94
11438 157 164
11438 157 165
11438 157 166
11438 157 167
11438 157 168
11438 157 169
11438 157 170
11438 157 171
11438 157 172
11438 158 159
11438 158 160
11438 158 161
11438 158 162
11438 158 163
11438 158 164
11438 158 165
11438 158 166
11438 158 167
11438 158 168
11438 158 169
11438 158 170
11438 158 171
11438 159 160
11438 159 161
11438 159 162
11438 159 163
11438 159 164
11438 159 165
11438 159 166
11438 159 167
11438 159 168
11739 126 145
11739 126 146
11739 126 147
11739 126 148
11739 127 128
11739 127 134
11739 127 135
11739 127 136
11739 127 137
11739 127 138
11739 127 139
11739 127 140
11739 127 141
11739 127 142
11739 127 143
11739 127 144
11739 127 145
11739 127 146
11739 127 147
11739 127 148
11739 128 129
11739 128 132
11739 128 133
11739 128 134
11739 128 135
11739 128 136
11739 128 137
11739 128 138
11739 128 139
11739 128 140
11739 128 141
12040 2 8
12040 2 9
12040 2 10
12040 2 11
12040 2 12
12040 2 13
12040 2 14
12040 2 15
12040 2 16
12040 2 17
12040 2 18
12040 2 19
12040 2 20
12040 2 21
12040 2 22
12040 3 4
12040 3 5
12040 3 6
12040 3 7
12040 3 8
12040 3 9
12040 3 10
12040 3 11
12040 3 12
12040 3 13
12040 3 14
12040 3 15
12040 3 16
12040 3 17
12040 3 18
12040 3 19
12341 182 195
12341 182 196
12341 182 197
12341 183 184
12341 183 185
12341 183 186
12341 183 187
12341 183 188
12341 183 189
12341 183 190
12341 183 191
12341 183 192
12341 183 193
12341 183 194
12341 183 195
12341 183 196
12341 183 197
12341 184 185
12341 184 186
12341 184 187
12341 184 188
12341 184 189
12341 184 190
12341 184 191
12341 184 192
12341 184 193
12341 184 194
12341 184 195
12341 184 196
12341 185 186
12341 185 187
12642 132 136
12642 132 137
12642 132 138
12642 132 139
12642 132 140
12642 132 141
12642 132 142
12642 132 143
12642 132 144
12642 132 145
12642 132 146
12642 132 147
12642 133 134
12642 133 135
12642 133 136
12642 133 137
12642 133 138
12642 133 139
12642 133 140
12642 133 141
12642 133 142
12642 133 143
12642 133 144
12642 133 145
12642 133 146
12642 134 135
12642 134 136
12642 134 137
12642 134 138
12642 134 139
12642 134 140
12943 74 96
12943 74 97
12943 74 98
12943 75 76
12943 75 87
12943 75 88
12943 75 89
12943 75 90
12943 75 91
12943 75 92
12943 75 93
12943 75 94
12943 75 95
12943 75 96
12943 75 97
12943 75 98
12943 76 77
12943 76 85
12943 76 86
12943 76 87
12943 76 88
12943 76 89
12943 76 90
12943 76 91
12943 76 92
12943 76 93
12943 76 94
12943 76 95
12943 76 96
12943 76 97
12943 76 98
13244 24 48
13244 25 26
13244 25 36
13244 25 37
13244 25 38
13244 25 39
13244 25 40
13244 25 41
13244 25 42
13244 25 43
13244 25 44
13244 25 45
13244 25 46
13244 25 47
13244 25 48
13244 26 27
13244 26 34
13244 26 35
13244 26 36
13244 26 37
13244 26 38
13244 26 39
13244 26 40
13244 26 41
13244 26 42
13244 26 43
13244 26 44
13244 26 45
13244 26 46
13244 26 47
13244 26 48
13545 10 15
13545 10 16
13545 10 17
13545 10 18
13545 10 19
13545 11 12
13545 11 13
13545 11 14
13545 11 15
13545 11 16
13545 11 17
13545 11 18
13545 11 19
13545 12 13
13545 12 14
13545 12 15
13545 12 16
13545 12 17
13545 12 18
13545 13 14
13545 13 15
13545 13 16
13545 13 17
13545 13 18
13545 14 15
13545 14 16
13545 14 17
13545 15 16
13545 15 17
13545 16 17
13545 17 18
13846 77 78
13846 77 83
13846 77 84
13846 77 85
13846 77 86
13846 77 87
13846 77 88
13846 77 89
13846 77 90
13846 77 91
13846 77 92
13846 77 93
13846 77 94
13846 77 95
13846 77 96
13846 77 97
13846 77 98
13846 78 79
13846 78 81
13846 78 82
13846 78 83
13846 78 84
13846 78 85
13846 78 86
13846 78 87
13846 78 88
13846 78 89
13846 78 90
13846 78 91
13846 78 92
13846 78 93
14147 0 1
14147 0 11
14147 0 12
14147 0 13
14147 0 14
14147 0 15
14147 0 16
14147 0 17
14147 0 18
14147 0 19
14147 0 20
14147 0 21
14147 0 22
14147 0 23
14147 1 2
14147 1 9
14147 1 10
14147 1 11
14147 1 12
14147 1 13
14147 1 14
14147 1 15
14147 1 16
14147 1 17
14147 1 18
14147 1 19
14147 1 20
14147 1 21
14147 1 22
14147 2 3
14147 2 7
14448 18 19
14448 19 20
14448 20 21
14448 21 22
14448 22 23
14448 23 24
14448 23 42
14448 23 43
14448 23 44
14448 23 45
14448 23 46
14448 23 47
14448 23 48
14448 23 73
14448 23 98
14448 23 123
14448 23 148
14448 23 173
14448 23 174
14448 23 198
14448 23 199
14448 24 25
14448 24 39
14448 24 40
14448 24 41
14448 24 42
14448 24 43
14448 24 44
14448 24 45
14448 24 46
14448 24 47
14749 113 115
14749 113 116
14749 113 117
14749 113 118
14749 113 119
14749 114 115
14749 114 116
14749 114 117
14749 114 118
14749 115 116
14749 115 117
14749 115 118
14749 116 117
14749 117 118
14749 118 119
14749 119 120
14749 120 121
14749 121 122
14749 122 123
14749 123 124
14749 123 145
14749 123 146
14749 123 147
14749 123 148
14749 123 173
14749 123 174
14749 123 198
14749 123 199
14749 124 125
14749 124 141
14749 124 142
15050 27 28
15050 27 32
15050 27 33
15050 27 34
15050 27 35
15050 27 36
15050 27 37
15050 27 38
15050 27 39
15050 27 40
15050 27 41
15050 27 42
15050 27 43
15050 27 44
15050 27 45
15050 27 46
15050 27 47
15050 28 29
15050 28 30
15050 28 31
15050 28 32
15050 28 33
15050 28 34
15050 28 35
15050 28 36
15050 28 37
15050 28 38
15050 28 39
15050 28 40
15050 28 41
15050 28 42
15351 188 194
15351 189 190
15351 189 191
15351 189 192
15351 189 193
15351 189 194
15351 190 191
15351 190 192
15351 190 193
15351 191 192
15351 191 193
15351 192 193
15351 193 194
15351 194 195
15351 195 196
15351 196 197
15351 197 198
15351 198 199
15652 179 183
15652 179 184
15652 179 185
15652 179 186
15652 179 187
15652 179 188
15652 179 189
15652 179 190
15652 179 191
15652 179 192
15652 179 193
15652 179 194
15652 179 195
15652 179 196
15652 179 197
15652 179 198
15652 180 181
15652 180 182
15652 180 183
15652 180 184
15652 180 185
15652 180 186
15652 180 187
15652 180 188
15652 180 189
15652 180 190
15652 180 191
15652 180 192
15652 180 193
15652 180 194
15652 180 195
15953 7 18
15953 7 19
15953 7 20
15953 7 21
15953 8 9
15953 8 10
15953 8 11
15953 8 12
15953 8 13
15953 8 14
15953 8 15
15953 8 16
15953 8 17
15953 8 18
15953 8 19
15953 8 20
15953 9 10
15953 9 11
15953 9 12
15953 9 13
15953 9 14
15953 9 15
15953 9 16
15953 9 17
15953 9 18
15953 9 19
15953 9 20
15953 10 11
15953 10 12
15953 10 13
15953 10 14
16254 177 188
16254 177 189
16254 177 190
16254 177 191
16254 177 192
16254 177 193
16254 177 194
16254 177 195
16254 177 196
16254 177 197
16254 177 198
16254 178 179
16254 178 183
16254 178 184
16254 178 185
16254 178 186
16254 178 187
16254 178 188
16254 178 189
16254 178 190
16254 178 191
16254 178 192
16254 178 193
16254 178 194
16254 178 195
16254 178 196
16254 178 197
16254 178 198
16254 179 180
16254 179 181
16254 179 182
16555 134 141
16555 134 142
16555 134 143
16555 134 144
16555 134 145
16555 134 146
16555 135 136
16555 135 137
16555 135 138
16555 135 139
16555 135 140
16555 135 141
16555 135 142
16555 135 143
16555 135 144
16555 135 145
16555 136 137
16555 136 138
16555 136 139
16555 136 140
16555 136 141
16555 136 142
16555 136 143
16555 136 144
16555 136 145
16555 137 138
16555 137 139
16555 137 140
16555 137 141
16555 137 142
16555 137 143
