0 1 1
1 2 1
1 25 1
1 26 1
1 27 1
1 51 1
1 52 1
1 76 1
1 77 1
1 101 1
1 102 1
1 126 1
1 127 1
1 151 1
1 152 1
1 176 1
1 177 1
2 3 1
2 20 1
2 21 1
2 22 1
2 23 1
2 24 1
2 25 1
2 26 1
2 27 1
2 51 1
2 52 1
2 76 1
2 77 1
2 101 1
2 102 1
2 126 1
2 127 1
2 151 1
2 152 1
2 176 1
2 177 1
3 4 1
3 17 1
3 18 1
3 19 1
3 20 1
3 21 1
3 22 1
3 23 1
3 24 1
3 25 1
3 26 1
3 27 1
4 5 1
4 14 1
4 15 1
4 16 1
4 17 1
4 18 1
4 19 1
4 20 1
4 21 1
4 22 1
4 23 1
4 24 1
4 25 1
4 26 1
5 6 1
5 12 1
5 13 1
5 14 1
5 15 1
5 16 1
5 17 1
5 18 1
5 19 1
5 20 1
5 21 1
5 22 1
5 23 1
5 24 1
5 25 1
5 26 1
6 7 1
6 10 1
6 11 1
6 12 1
6 13 1
6 14 1
6 15 1
6 16 1
6 17 1
6 18 1
6 19 1
6 20 1
6 21 1
6 22 1
6 23 1
6 24 1
6 25 1
6 26 1
7 8 1
7 9 1
7 10 1
7 11 1
7 12 1
7 13 1
7 14 1
7 15 1
7 16 1
7 17 1
7 18 1
7 19 1
7 20 1
7 21 1
7 22 1
7 23 1
7 24 1
7 25 1
7 26 1
8 9 1
8 10 1
8 11 1
8 12 1
8 13 1
8 14 1
8 15 1
8 16 1
8 17 1
8 18 1
8 19 1
8 20 1
8 21 1
8 22 1
8 23 1
8 24 1
8 25 1
8 26 1
9 10 1
9 11 1
9 12 1
9 13 1
9 14 1
9 15 1
9 16 1
9 17 1
9 18 1
9 19 1
9 20 1
9 21 1
9 22 1
9 23 1
9 24 1
9 25 1
10 11 1
10 12 1
10 13 1
10 14 1
10 15 1
10 16 1
10 17 1
10 18 1
10 19 1
10 20 1
10 21 1
10 22 1
10 23 1
10 24 1
10 25 1
11 12 1
11 13 1
11 14 1
11 15 1
11 16 1
11 17 1
11 18 1
11 19 1
11 20 1
11 21 1
11 22 1
11 23 1
11 24 1
12 13 1
12 14 1
12 15 1
12 16 1
12 17 1
12 18 1
12 19 1
12 20 1
12 21 1
12 22 1
12 23 1
12 24 1
13 14 1
13 15 1
13 16 1
13 17 1
13 18 1
13 19 1
13 20 1
13 21 1
13 22 1
13 23 1
13 24 1
14 15 1
14 16 1
14 17 1
14 18 1
14 19 1
14 20 1
14 21 1
14 22 1
14 23 1
15 16 1
15 17 1
15 18 1
15 19 1
15 20 1
15 21 1
15 22 1
15 23 1
16 17 1
16 18 1
16 19 1
16 20 1
16 21 1
16 22 1
17 18 1
17 19 1
17 20 1
17 21 1
17 22 1
18 19 1
18 20 1
18 21 1
19 20 1
19 21 1
20 21 1
21 22 1
22 23 1
23 24 1
24 25 1
25 26 1
26 27 1
27 28 1
27 45 1
27 46 1
27 47 1
27 48 1
27 49 1
27 50 1
27 51 1
27 52 1
27 77 1
27 102 1
27 127 1
27 152 1
27 176 1
27 177 1
28 29 1
28 42 1
28 43 1
28 44 1
28 45 1
28 46 1
28 47 1
28 48 1
28 49 1
28 50 1
28 51 1
28 52 1
29 30 1
29 40 1
29 41 1
29 42 1
29 43 1
29 44 1
29 45 1
29 46 1
29 47 1
29 48 1
29 49 1
29 50 1
29 51 1
29 52 1
30 31 1
30 38 1
30 39 1
30 40 1
30 41 1
30 42 1
30 43 1
30 44 1
30 45 1
30 46 1
30 47 1
30 48 1
30 49 1
30 50 1
30 51 1
31 32 1
31 36 1
31 37 1
31 38 1
31 39 1
31 40 1
31 41 1
31 42 1
31 43 1
31 44 1
31 45 1
31 46 1
31 47 1
31 48 1
31 49 1
31 50 1
31 51 1
32 33 1
32 34 1
32 35 1
32 36 1
32 37 1
32 38 1
32 39 1
32 40 1
32 41 1
32 42 1
32 43 1
32 44 1
32 45 1
32 46 1
32 47 1
32 48 1
32 49 1
32 50 1
32 51 1
33 34 1
33 35 1
33 36 1
33 37 1
33 38 1
33 39 1
33 40 1
33 41 1
33 42 1
33 43 1
33 44 1
33 45 1
33 46 1
33 47 1
33 48 1
33 49 1
33 50 1
33 51 1
34 35 1
34 36 1
34 37 1
34 38 1
34 39 1
34 40 1
34 41 1
34 42 1
34 43 1
34 44 1
34 45 1
34 46 1
34 47 1
34 48 1
34 49 1
34 50 1
35 36 1
35 37 1
35 38 1
35 39 1
35 40 1
35 41 1
35 42 1
35 43 1
35 44 1
35 45 1
35 46 1
35 47 1
35 48 1
35 49 1
35 50 1
36 37 1
36 38 1
36 39 1
36 40 1
36 41 1
36 42 1
36 43 1
36 44 1
36 45 1
36 46 1
36 47 1
36 48 1
36 49 1
36 50 1
37 38 1
37 39 1
37 40 1
37 41 1
37 42 1
37 43 1
37 44 1
37 45 1
37 46 1
37 47 1
37 48 1
37 49 1
38 39 1
38 40 1
38 41 1
38 42 1
38 43 1
38 44 1
38 45 1
38 46 1
38 47 1
38 48 1
38 49 1
39 40 1
39 41 1
39 42 1
39 43 1
39 44 1
39 45 1
39 46 1
39 47 1
39 48 1
40 41 1
40 42 1
40 43 1
40 44 1
40 45 1
40 46 1
40 47 1
40 48 1
41 42 1
41 43 1
41 44 1
41 45 1
41 46 1
41 47 1
42 43 1
42 44 1
42 45 1
42 46 1
42 47 1
43 44 1
43 45 1
43 46 1
44 45 1
44 46 1
45 46 1
46 47 1
47 48 1
48 49 1
49 50 1
50 51 1
51 52 1
52 53 1
52 71 1
52 72 1
52 73 1
52 74 1
52 75 1
52 76 1
52 77 1
52 102 1
52 127 1
52 152 1
52 177 1
53 54 1
53 68 1
53 69 1
53 70 1
53 71 1
53 72 1
53 73 1
53 74 1
53 75 1
53 76 1
53 77 1
54 55 1
54 65 1
54 66 1
54 67 1
54 68 1
54 69 1
54 70 1
54 71 1
54 72 1
54 73 1
54 74 1
54 75 1
54 76 1
54 77 1
55 56 1
55 63 1
55 64 1
55 65 1
55 66 1
55 67 1
55 68 1
55 69 1
55 70 1
55 71 1
55 72 1
55 73 1
55 74 1
55 75 1
55 76 1
55 77 1
56 57 1
56 61 1
56 62 1
56 63 1
56 64 1
56 65 1
56 66 1
56 67 1
56 68 1
56 69 1
56 70 1
56 71 1
56 72 1
56 73 1
56 74 1
56 75 1
56 76 1
57 58 1
57 59 1
57 60 1
57 61 1
57 62 1
57 63 1
57 64 1
57 65 1
57 66 1
57 67 1
57 68 1
57 69 1
57 70 1
57 71 1
57 72 1
57 73 1
57 74 1
57 75 1
57 76 1
58 59 1
58 60 1
58 61 1
58 62 1
58 63 1
58 64 1
58 65 1
58 66 1
58 67 1
58 68 1
58 69 1
58 70 1
58 71 1
58 72 1
58 73 1
58 74 1
58 75 1
58 76 1
59 60 1
59 61 1
59 62 1
59 63 1
59 64 1
59 65 1
59 66 1
59 67 1
59 68 1
59 69 1
59 70 1
59 71 1
59 72 1
59 73 1
59 74 1
59 75 1
59 76 1
60 61 1
60 62 1
60 63 1
60 64 1
60 65 1
60 66 1
60 67 1
60 68 1
60 69 1
60 70 1
60 71 1
60 72 1
60 73 1
60 74 1
60 75 1
61 62 1
61 63 1
61 64 1
61 65 1
61 66 1
61 67 1
61 68 1
61 69 1
61 70 1
61 71 1
61 72 1
61 73 1
61 74 1
61 75 1
62 63 1
62 64 1
62 65 1
62 66 1
62 67 1
62 68 1
62 69 1
62 70 1
62 71 1
62 72 1
62 73 1
62 74 1
63 64 1
63 65 1
63 66 1
63 67 1
63 68 1
63 69 1
63 70 1
63 71 1
63 72 1
63 73 1
63 74 1
64 65 1
64 66 1
64 67 1
64 68 1
64 69 1
64 70 1
64 71 1
64 72 1
64 73 1
65 66 1
65 67 1
65 68 1
65 69 1
65 70 1
65 71 1
65 72 1
65 73 1
66 67 1
66 68 1
66 69 1
66 70 1
66 71 1
66 72 1
66 73 1
67 68 1
67 69 1
67 70 1
67 71 1
67 72 1
68 69 1
68 70 1
68 71 1
68 72 1
69 70 1
69 71 1
70 71 1
71 72 1
72 73 1
73 74 1
74 75 1
75 76 1
76 77 1
77 78 1
77 97 1
77 98 1
77 99 1
77 100 1
77 101 1
77 102 1
77 127 1
77 152 1
77 177 1
78 79 1
78 93 1
78 94 1
78 95 1
78 96 1
78 97 1
78 98 1
78 99 1
78 100 1
78 101 1
78 102 1
79 80 1
79 91 1
79 92 1
79 93 1
79 94 1
79 95 1
79 96 1
79 97 1
79 98 1
79 99 1
79 100 1
79 101 1
79 102 1
80 81 1
80 88 1
80 89 1
80 90 1
80 91 1
80 92 1
80 93 1
80 94 1
80 95 1
80 96 1
80 97 1
80 98 1
80 99 1
80 100 1
80 101 1
80 102 1
81 82 1
81 86 1
81 87 1
81 88 1
81 89 1
81 90 1
81 91 1
81 92 1
81 93 1
81 94 1
81 95 1
81 96 1
81 97 1
81 98 1
81 99 1
81 100 1
81 101 1
81 102 1
82 83 1
82 84 1
82 85 1
82 86 1
82 87 1
82 88 1
82 89 1
82 90 1
82 91 1
82 92 1
82 93 1
82 94 1
82 95 1
82 96 1
82 97 1
82 98 1
82 99 1
82 100 1
82 101 1
83 84 1
83 85 1
83 86 1
83 87 1
83 88 1
83 89 1
83 90 1
83 91 1
83 92 1
83 93 1
83 94 1
83 95 1
83 96 1
83 97 1
83 98 1
83 99 1
83 100 1
83 101 1
84 85 1
84 86 1
84 87 1
84 88 1
84 89 1
84 90 1
84 91 1
84 92 1
84 93 1
84 94 1
84 95 1
84 96 1
84 97 1
84 98 1
84 99 1
84 100 1
84 101 1
85 86 1
85 87 1
85 88 1
85 89 1
85 90 1
85 91 1
85 92 1
85 93 1
85 94 1
85 95 1
85 96 1
85 97 1
85 98 1
85 99 1
85 100 1
86 87 1
86 88 1
86 89 1
86 90 1
86 91 1
86 92 1
86 93 1
86 94 1
86 95 1
86 96 1
86 97 1
86 98 1
86 99 1
86 100 1
87 88 1
87 89 1
87 90 1
87 91 1
87 92 1
87 93 1
87 94 1
87 95 1
87 96 1
87 97 1
87 98 1
87 99 1
87 100 1
88 89 1
88 90 1
88 91 1
88 92 1
88 93 1
88 94 1
88 95 1
88 96 1
88 97 1
88 98 1
88 99 1
89 90 1
89 91 1
89 92 1
89 93 1
89 94 1
89 95 1
89 96 1
89 97 1
89 98 1
89 99 1
90 91 1
90 92 1
90 93 1
90 94 1
90 95 1
90 96 1
90 97 1
90 98 1
91 92 1
91 93 1
91 94 1
91 95 1
91 96 1
91 97 1
91 98 1
92 93 1
92 94 1
92 95 1
92 96 1
92 97 1
93 94 1
93 95 1
93 96 1
93 97 1
94 95 1
94 96 1
95 96 1
96 97 1
97 98 1
98 99 1
99 100 1
100 101 1
101 102 1
102 103 1
102 122 1
102 123 1
102 124 1
102 125 1
102 126 1
102 127 1
102 152 1
102 177 1
103 104 1
103 119 1
103 120 1
103 121 1
103 122 1
103 123 1
103 124 1
103 125 1
103 126 1
103 127 1
104 105 1
104 116 1
104 117 1
104 118 1
104 119 1
104 120 1
104 121 1
104 122 1
104 123 1
104 124 1
104 125 1
104 126 1
104 127 1
105 106 1
105 114 1
105 115 1
105 116 1
105 117 1
105 118 1
105 119 1
105 120 1
105 121 1
105 122 1
105 123 1
105 124 1
105 125 1
105 126 1
105 127 1
106 107 1
106 112 1
106 113 1
106 114 1
106 115 1
106 116 1
106 117 1
106 118 1
106 119 1
106 120 1
106 121 1
106 122 1
106 123 1
106 124 1
106 125 1
106 126 1
106 127 1
107 108 1
107 110 1
107 111 1
107 112 1
107 113 1
107 114 1
107 115 1
107 116 1
107 117 1
107 118 1
107 119 1
107 120 1
107 121 1
107 122 1
107 123 1
107 124 1
107 125 1
107 126 1
108 109 1
108 110 1
108 111 1
108 112 1
108 113 1
108 114 1
108 115 1
108 116 1
108 117 1
108 118 1
108 119 1
108 120 1
108 121 1
108 122 1
108 123 1
108 124 1
108 125 1
108 126 1
109 110 1
109 111 1
109 112 1
109 113 1
109 114 1
109 115 1
109 116 1
109 117 1
109 118 1
109 119 1
109 120 1
109 121 1
109 122 1
109 123 1
109 124 1
109 125 1
109 126 1
110 111 1
110 112 1
110 113 1
110 114 1
110 115 1
110 116 1
110 117 1
110 118 1
110 119 1
110 120 1
110 121 1
110 122 1
110 123 1
110 124 1
110 125 1
110 126 1
111 112 1
111 113 1
111 114 1
111 115 1
111 116 1
111 117 1
111 118 1
111 119 1
111 120 1
111 121 1
111 122 1
111 123 1
111 124 1
111 125 1
112 113 1
112 114 1
112 115 1
112 116 1
112 117 1
112 118 1
112 119 1
112 120 1
112 121 1
112 122 1
112 123 1
112 124 1
112 125 1
113 114 1
113 115 1
113 116 1
113 117 1
113 118 1
113 119 1
113 120 1
113 121 1
113 122 1
113 123 1
113 124 1
114 115 1
114 116 1
114 117 1
114 118 1
114 119 1
114 120 1
114 121 1
114 122 1
114 123 1
114 124 1
115 116 1
115 117 1
115 118 1
115 119 1
115 120 1
115 121 1
115 122 1
115 123 1
116 117 1
116 118 1
116 119 1
116 120 1
116 121 1
116 122 1
116 123 1
117 118 1
117 119 1
117 120 1
117 121 1
117 122 1
118 119 1
118 120 1
118 121 1
118 122 1
119 120 1
119 121 1
120 121 1
121 122 1
122 123 1
123 124 1
124 125 1
125 126 1
126 127 1
127 128 1
127 148 1
127 149 1
127 150 1
127 151 1
127 152 1
127 177 1
128 129 1
128 144 1
128 145 1
128 146 1
128 147 1
128 148 1
128 149 1
128 150 1
128 151 1
128 152 1
129 130 1
129 142 1
129 143 1
129 144 1
129 145 1
129 146 1
129 147 1
129 148 1
129 149 1
129 150 1
129 151 1
129 152 1
130 131 1
130 139 1
130 140 1
130 141 1
130 142 1
130 143 1
130 144 1
130 145 1
130 146 1
130 147 1
130 148 1
130 149 1
130 150 1
130 151 1
130 152 1
131 132 1
131 137 1
131 138 1
131 139 1
131 140 1
131 141 1
131 142 1
131 143 1
131 144 1
131 145 1
131 146 1
131 147 1
131 148 1
131 149 1
131 150 1
131 151 1
131 152 1
132 133 1
132 135 1
132 136 1
132 137 1
132 138 1
132 139 1
132 140 1
132 141 1
132 142 1
132 143 1
132 144 1
132 145 1
132 146 1
132 147 1
132 148 1
132 149 1
132 150 1
132 151 1
132 152 1
133 134 1
133 135 1
133 136 1
133 137 1
133 138 1
133 139 1
133 140 1
133 141 1
133 142 1
133 143 1
133 144 1
133 145 1
133 146 1
133 147 1
133 148 1
133 149 1
133 150 1
133 151 1
134 135 1
134 136 1
134 137 1
134 138 1
134 139 1
134 140 1
134 141 1
134 142 1
134 143 1
134 144 1
134 145 1
134 146 1
134 147 1
134 148 1
134 149 1
134 150 1
134 151 1
135 136 1
135 137 1
135 138 1
135 139 1
135 140 1
135 141 1
135 142 1
135 143 1
135 144 1
135 145 1
135 146 1
135 147 1
135 148 1
135 149 1
135 150 1
135 151 1
136 137 1
136 138 1
136 139 1
136 140 1
136 141 1
136 142 1
136 143 1
136 144 1
136 145 1
136 146 1
136 147 1
136 148 1
136 149 1
136 150 1
137 138 1
137 139 1
137 140 1
137 141 1
137 142 1
137 143 1
137 144 1
137 145 1
137 146 1
137 147 1
137 148 1
137 149 1
137 150 1
138 139 1
138 140 1
138 141 1
138 142 1
138 143 1
138 144 1
138 145 1
138 146 1
138 147 1
138 148 1
138 149 1
138 150 1
139 140 1
139 141 1
139 142 1
139 143 1
139 144 1
139 145 1
139 146 1
139 147 1
139 148 1
139 149 1
140 141 1
140 142 1
140 143 1
140 144 1
140 145 1
140 146 1
140 147 1
140 148 1
140 149 1
141 142 1
141 143 1
141 144 1
141 145 1
141 146 1
141 147 1
141 148 1
142 143 1
142 144 1
142 145 1
142 146 1
142 147 1
142 148 1
143 144 1
143 145 1
143 146 1
143 147 1
144 145 1
144 146 1
144 147 1
145 146 1
146 147 1
147 148 1
148 149 1
149 150 1
150 151 1
151 152 1
152 153 1
152 174 1
152 175 1
152 176 1
152 177 1
153 154 1
153 170 1
153 171 1
153 172 1
153 173 1
153 174 1
153 175 1
153 176 1
153 177 1
154 155 1
154 167 1
154 168 1
154 169 1
154 170 1
154 171 1
154 172 1
154 173 1
154 174 1
154 175 1
154 176 1
154 177 1
155 156 1
155 165 1
155 166 1
155 167 1
155 168 1
155 169 1
155 170 1
155 171 1
155 172 1
155 173 1
155 174 1
155 175 1
155 176 1
155 177 1
156 157 1
156 163 1
156 164 1
156 165 1
156 166 1
156 167 1
156 168 1
156 169 1
156 170 1
156 171 1
156 172 1
156 173 1
156 174 1
156 175 1
156 176 1
156 177 1
157 158 1
157 161 1
157 162 1
157 163 1
157 164 1
157 165 1
157 166 1
157 167 1
157 168 1
157 169 1
157 170 1
157 171 1
157 172 1
157 173 1
157 174 1
157 175 1
157 176 1
157 177 1
158 159 1
158 160 1
158 161 1
158 162 1
158 163 1
158 164 1
158 165 1
158 166 1
158 167 1
158 168 1
158 169 1
158 170 1
158 171 1
158 172 1
158 173 1
158 174 1
158 175 1
158 176 1
158 177 1
159 160 1
159 161 1
159 162 1
159 163 1
159 164 1
159 165 1
159 166 1
159 167 1
159 168 1
159 169 1
159 170 1
159 171 1
159 172 1
159 173 1
159 174 1
159 175 1
159 176 1
160 161 1
160 162 1
160 163 1
160 164 1
160 165 1
160 166 1
160 167 1
160 168 1
160 169 1
160 170 1
160 171 1
160 172 1
160 173 1
160 174 1
160 175 1
160 176 1
161 162 1
161 163 1
161 164 1
161 165 1
161 166 1
161 167 1
161 168 1
161 169 1
161 170 1
161 171 1
161 172 1
161 173 1
161 174 1
161 175 1
161 176 1
162 163 1
162 164 1
162 165 1
162 166 1
162 167 1
162 168 1
162 169 1
162 170 1
162 171 1
162 172 1
162 173 1
162 174 1
162 175 1
163 164 1
163 165 1
163 166 1
163 167 1
163 168 1
163 169 1
163 170 1
163 171 1
163 172 1
163 173 1
163 174 1
163 175 1
164 165 1
164 166 1
164 167 1
164 168 1
164 169 1
164 170 1
164 171 1
164 172 1
164 173 1
164 174 1
165 166 1
165 167 1
165 168 1
165 169 1
165 170 1
165 171 1
165 172 1
165 173 1
165 174 1
166 167 1
166 168 1
166 169 1
166 170 1
166 171 1
166 172 1
166 173 1
167 168 1
167 169 1
167 170 1
167 171 1
167 172 1
167 173 1
168 169 1
168 170 1
168 171 1
168 172 1
169 170 1
169 171 1
169 172 1
170 171 1
171 172 1
172 173 1
173 174 1
174 175 1
175 176 1
176 177 1
177 178 1
178 179 1
178 195 1
178 196 1
178 197 1
178 198 1
178 199 1
179 180 1
179 193 1
179 194 1
179 195 1
179 196 1
179 197 1
179 198 1
179 199 1
180 181 1
180 190 1
180 191 1
180 192 1
180 193 1
180 194 1
180 195 1
180 196 1
180 197 1
180 198 1
180 199 1
181 182 1
181 188 1
181 189 1
181 190 1
181 191 1
181 192 1
181 193 1
181 194 1
181 195 1
181 196 1
181 197 1
181 198 1
181 199 1
182 183 1
182 186 1
182 187 1
182 188 1
182 189 1
182 190 1
182 191 1
182 192 1
182 193 1
182 194 1
182 195 1
182 196 1
182 197 1
182 198 1
182 199 1
183 184 1
183 185 1
183 186 1
183 187 1
183 188 1
183 189 1
183 190 1
183 191 1
183 192 1
183 193 1
183 194 1
183 195 1
183 196 1
183 197 1
183 198 1
183 199 1
184 185 1
184 186 1
184 187 1
184 188 1
184 189 1
184 190 1
184 191 1
184 192 1
184 193 1
184 194 1
184 195 1
184 196 1
184 197 1
184 198 1
184 199 1
185 186 1
185 187 1
185 188 1
185 189 1
185 190 1
185 191 1
185 192 1
185 193 1
185 194 1
185 195 1
185 196 1
185 197 1
185 198 1
185 199 1
186 187 1
186 188 1
186 189 1
186 190 1
186 191 1
186 192 1
186 193 1
186 194 1
186 195 1
186 196 1
186 197 1
186 198 1
186 199 1
187 188 1
187 189 1
187 190 1
187 191 1
187 192 1
187 193 1
187 194 1
187 195 1
187 196 1
187 197 1
187 198 1
187 199 1
188 189 1
188 190 1
188 191 1
188 192 1
188 193 1
188 194 1
188 195 1
188 196 1
188 197 1
188 198 1
188 199 1
189 190 1
189 191 1
189 192 1
189 193 1
189 194 1
189 195 1
189 196 1
189 197 1
189 198 1
189 199 1
190 191 1
190 192 1
190 193 1
190 194 1
190 195 1
190 196 1
190 197 1
190 198 1
190 199 1
191 192 1
191 193 1
191 194 1
191 195 1
191 196 1
191 197 1
191 198 1
191 199 1
192 193 1
192 194 1
192 195 1
192 196 1
192 197 1
192 198 1
193 194 1
193 195 1
193 196 1
193 197 1
193 198 1
194 195 1
194 196 1
194 197 1
195 196 1
195 197 1
196 197 1
197 198 1
198 199 1
