0 153 155
0 153 156
0 153 157
0 153 158
0 153 159
0 153 160
0 153 161
0 153 162
0 153 163
0 153 164
0 153 165
0 153 166
0 153 167
0 154 155
0 154 156
0 154 157
0 154 158
0 154 159
0 154 160
0 154 161
0 154 162
0 154 163
0 154 164
0 154 165
0 154 166
0 155 156
0 155 157
0 155 158
0 155 159
0 155 160
0 155 161
301 151 153
301 151 154
301 151 155
301 151 156
301 151 157
301 151 158
301 151 159
301 151 160
301 151 161
301 151 162
301 151 163
301 151 164
301 151 165
301 151 166
301 151 167
301 152 153
301 152 154
301 152 155
301 152 156
301 152 157
301 152 158
301 152 159
301 152 160
301 152 161
301 152 162
301 152 163
301 152 164
301 152 165
301 152 166
301 152 167
301 153 154
602 70 88
602 70 89
602 70 90
602 70 91
602 70 92
602 70 93
602 71 72
602 71 81
602 71 82
602 71 83
602 71 84
602 71 85
602 71 86
602 71 87
602 71 88
602 71 89
602 71 90
602 71 91
602 71 92
602 71 93
602 72 73
602 72 78
602 72 79
602 72 80
602 72 81
602 72 82
602 72 83
602 72 84
602 72 85
602 72 86
602 72 87
903 155 162
903 155 163
903 155 164
903 155 165
903 155 166
903 156 157
903 156 158
903 156 159
903 156 160
903 156 161
903 156 162
903 156 163
903 156 164
903 156 165
903 157 158
903 157 159
903 157 160
903 157 161
903 157 162
903 157 163
903 157 164
903 157 165
903 158 159
903 158 160
903 158 161
903 158 162
903 158 163
903 158 164
903 159 160
903 159 161
903 159 162
1204 76 79
1204 76 80
1204 76 81
1204 76 82
1204 76 83
1204 76 84
1204 76 85
1204 76 86
1204 76 87
1204 76 88
1204 76 89
1204 76 90
1204 76 91
1204 76 92
1204 77 78
1204 77 79
1204 77 80
1204 77 81
1204 77 82
1204 77 83
1204 77 84
1204 77 85
1204 77 86
1204 77 87
1204 77 88
1204 77 89
1204 77 90
1204 77 91
1204 78 79
1204 78 80
1204 78 81
1505 100 115
1505 100 116
1505 100 117
1505 101 102
1505 101 103
1505 101 104
1505 101 105
1505 101 106
1505 101 107
1505 101 108
1505 101 109
1505 101 110
1505 101 111
1505 101 112
1505 101 113
1505 101 114
1505 101 115
1505 101 116
1505 101 117
1505 102 103
1505 102 104
1505 102 105
1505 102 106
1505 102 107
1505 102 108
1505 102 109
1505 102 110
1505 102 111
1505 102 112
1505 102 113
1505 102 114
1806 159 163
1806 159 164
1806 160 161
1806 160 162
1806 160 163
1806 161 162
1806 161 163
1806 162 163
1806 163 164
1806 164 165
1806 165 166
1806 166 167
1806 167 168
1806 168 169
1806 169 170
1806 169 188
1806 169 189
1806 169 190
1806 169 191
1806 169 192
1806 169 193
1806 169 194
1806 170 171
1806 170 185
1806 170 186
1806 170 187
1806 170 188
1806 170 189
1806 170 190
1806 170 191
1806 170 192
2107 78 82
2107 78 83
2107 78 84
2107 78 85
2107 78 86
2107 78 87
2107 78 88
2107 78 89
2107 78 90
2107 78 91
2107 79 80
2107 79 81
2107 79 82
2107 79 83
2107 79 84
2107 79 85
2107 79 86
2107 79 87
2107 79 88
2107 79 89
2107 79 90
2107 79 91
2107 80 81
2107 80 82
2107 80 83
2107 80 84
2107 80 85
2107 80 86
2107 80 87
2107 80 88
2107 80 89
2408 49 62
2408 49 63
2408 49 64
2408 49 65
2408 49 66
2408 49 67
2408 50 51
2408 50 52
2408 50 53
2408 50 54
2408 50 55
2408 50 56
2408 50 57
2408 50 58
2408 50 59
2408 50 60
2408 50 61
2408 50 62
2408 50 63
2408 50 64
2408 50 65
2408 50 66
2408 50 67
2408 51 52
2408 51 53
2408 51 54
2408 51 55
2408 51 56
2408 51 57
2408 51 58
2408 51 59
2709 99 102
2709 99 103
2709 99 104
2709 99 105
2709 99 106
2709 99 107
2709 99 108
2709 99 109
2709 99 110
2709 99 111
2709 99 112
2709 99 113
2709 99 114
2709 99 115
2709 99 116
2709 99 117
2709 99 118
2709 100 101
2709 100 102
2709 100 103
2709 100 104
2709 100 105
2709 100 106
2709 100 107
2709 100 108
2709 100 109
2709 100 110
2709 100 111
2709 100 112
2709 100 113
2709 100 114
3010 46 55
3010 46 56
3010 46 57
3010 46 58
3010 46 59
3010 46 60
3010 46 61
3010 46 62
3010 46 63
3010 46 64
3010 46 65
3010 46 66
3010 46 67
3010 46 68
3010 47 48
3010 47 53
3010 47 54
3010 47 55
3010 47 56
3010 47 57
3010 47 58
3010 47 59
3010 47 60
3010 47 61
3010 47 62
3010 47 63
3010 47 64
3010 47 65
3010 47 66
3010 47 67
3010 47 68
3311 105 109
3311 105 110
3311 105 111
3311 105 112
3311 105 113
3311 105 114
3311 105 115
3311 106 107
3311 106 108
3311 106 109
3311 106 110
3311 106 111
3311 106 112
3311 106 113
3311 106 114
3311 106 115
3311 107 108
3311 107 109
3311 107 110
3311 107 111
3311 107 112
3311 107 113
3311 107 114
3311 108 109
3311 108 110
3311 108 111
3311 108 112
3311 108 113
3311 108 114
3311 109 110
3311 109 111
3612 178 185
3612 178 186
3612 178 187
3612 178 188
3612 178 189
3612 178 190
3612 178 191
3612 178 192
3612 179 180
3612 179 181
3612 179 182
3612 179 183
3612 179 184
3612 179 185
3612 179 186
3612 179 187
3612 179 188
3612 179 189
3612 179 190
3612 179 191
3612 180 181
3612 180 182
3612 180 183
3612 180 184
3612 180 185
3612 180 186
3612 180 187
3612 180 188
3612 180 189
3612 180 190
3612 180 191
3913 53 63
3913 53 64
3913 53 65
3913 53 66
3913 54 55
3913 54 56
3913 54 57
3913 54 58
3913 54 59
3913 54 60
3913 54 61
3913 54 62
3913 54 63
3913 54 64
3913 54 65
3913 55 56
3913 55 57
3913 55 58
3913 55 59
3913 55 60
3913 55 61
3913 55 62
3913 55 63
3913 55 64
3913 55 65
3913 56 57
3913 56 58
3913 56 59
3913 56 60
3913 56 61
3913 56 62
4214 147 162
4214 147 163
4214 147 164
4214 147 165
4214 147 166
4214 147 167
4214 147 168
4214 148 149
4214 148 153
4214 148 154
4214 148 155
4214 148 156
4214 148 157
4214 148 158
4214 148 159
4214 148 160
4214 148 161
4214 148 162
4214 148 163
4214 148 164
4214 148 165
4214 148 166
4214 148 167
4214 148 168
4214 149 150
4214 149 151
4214 149 152
4214 149 153
4214 149 154
4214 149 155
4214 149 156
4515 176 184
4515 176 185
4515 176 186
4515 176 187
4515 176 188
4515 176 189
4515 176 190
4515 176 191
4515 176 192
4515 176 193
4515 177 178
4515 177 179
4515 177 180
4515 177 181
4515 177 182
4515 177 183
4515 177 184
4515 177 185
4515 177 186
4515 177 187
4515 177 188
4515 177 189
4515 177 190
4515 177 191
4515 177 192
4515 178 179
4515 178 180
4515 178 181
4515 178 182
4515 178 183
4515 178 184
4816 145 161
4816 145 162
4816 145 163
4816 145 164
4816 145 165
4816 145 166
4816 145 167
4816 145 168
4816 145 169
4816 146 147
4816 146 157
4816 146 158
4816 146 159
4816 146 160
4816 146 161
4816 146 162
4816 146 163
4816 146 164
4816 146 165
4816 146 166
4816 146 167
4816 146 168
4816 146 169
4816 147 148
4816 147 155
4816 147 156
4816 147 157
4816 147 158
4816 147 159
4816 147 160
4816 147 161
5117 87 88
5117 88 89
5117 89 90
5117 90 91
5117 91 92
5117 92 93
5117 93 94
5117 93 115
5117 93 116
5117 93 117
5117 93 118
5117 93 143
5117 93 144
5117 93 168
5117 93 169
5117 93 193
5117 93 194
5117 94 95
5117 94 111
5117 94 112
5117 94 113
5117 94 114
5117 94 115
5117 94 116
5117 94 117
5117 94 118
5117 94 144
5117 94 168
5117 94 169
5117 94 193
5117 94 194
5418 74 81
5418 74 82
5418 74 83
5418 74 84
5418 74 85
5418 74 86
5418 74 87
5418 74 88
5418 74 89
5418 74 90
5418 74 91
5418 74 92
5418 75 76
5418 75 77
5418 75 78
5418 75 79
5418 75 80
5418 75 81
5418 75 82
5418 75 83
5418 75 84
5418 75 85
5418 75 86
5418 75 87
5418 75 88
5418 75 89
5418 75 90
5418 75 91
5418 75 92
5418 76 77
5418 76 78
5719 119 193
5719 119 194
5719 120 121
5719 120 134
5719 120 135
5719 120 136
5719 120 137
5719 120 138
5719 120 139
5719 120 140
5719 120 141
5719 120 142
5719 120 143
5719 121 122
5719 121 131
5719 121 132
5719 121 133
5719 121 134
5719 121 135
5719 121 136
5719 121 137
5719 121 138
5719 121 139
5719 121 140
5719 121 141
5719 121 142
5719 121 143
5719 122 123
5719 122 129
5719 122 130
5719 122 131
6020 72 88
6020 72 89
6020 72 90
6020 72 91
6020 72 92
6020 72 93
6020 73 74
6020 73 76
6020 73 77
6020 73 78
6020 73 79
6020 73 80
6020 73 81
6020 73 82
6020 73 83
6020 73 84
6020 73 85
6020 73 86
6020 73 87
6020 73 88
6020 73 89
6020 73 90
6020 73 91
6020 73 92
6020 73 93
6020 74 75
6020 74 76
6020 74 77
6020 74 78
6020 74 79
6020 74 80
6321 56 63
6321 56 64
6321 56 65
6321 57 58
6321 57 59
6321 57 60
6321 57 61
6321 57 62
6321 57 63
6321 57 64
6321 58 59
6321 58 60
6321 58 61
6321 58 62
6321 58 63
6321 58 64
6321 59 60
6321 59 61
6321 59 62
6321 59 63
6321 60 61
6321 60 62
6321 60 63
6321 61 62
6321 62 63
6321 63 64
6321 64 65
6321 65 66
6321 66 67
6321 67 68
6321 68 69
6622 80 90
6622 81 82
6622 81 83
6622 81 84
6622 81 85
6622 81 86
6622 81 87
6622 81 88
6622 81 89
6622 81 90
6622 82 83
6622 82 84
6622 82 85
6622 82 86
6622 82 87
6622 82 88
6622 82 89
6622 83 84
6622 83 85
6622 83 86
6622 83 87
6622 83 88
6622 83 89
6622 84 85
6622 84 86
6622 84 87
6622 84 88
6622 85 86
6622 85 87
6622 85 88
6622 86 87
6923 97 108
6923 97 109
6923 97 110
6923 97 111
6923 97 112
6923 97 113
6923 97 114
6923 97 115
6923 97 116
6923 97 117
6923 97 118
6923 98 99
6923 98 102
6923 98 103
6923 98 104
6923 98 105
6923 98 106
6923 98 107
6923 98 108
6923 98 109
6923 98 110
6923 98 111
6923 98 112
6923 98 113
6923 98 114
6923 98 115
6923 98 116
6923 98 117
6923 98 118
6923 99 100
6923 99 101
7224 102 115
7224 102 116
7224 102 117
7224 103 104
7224 103 105
7224 103 106
7224 103 107
7224 103 108
7224 103 109
7224 103 110
7224 103 111
7224 103 112
7224 103 113
7224 103 114
7224 103 115
7224 103 116
7224 104 105
7224 104 106
7224 104 107
7224 104 108
7224 104 109
7224 104 110
7224 104 111
7224 104 112
7224 104 113
7224 104 114
7224 104 115
7224 104 116
7224 105 106
7224 105 107
7224 105 108
7525 43 144
7525 43 168
7525 43 169
7525 43 193
7525 43 194
7525 44 45
7525 44 60
7525 44 61
7525 44 62
7525 44 63
7525 44 64
7525 44 65
7525 44 66
7525 44 67
7525 44 68
7525 44 193
7525 44 194
7525 45 46
7525 45 57
7525 45 58
7525 45 59
7525 45 60
7525 45 61
7525 45 62
7525 45 63
7525 45 64
7525 45 65
7525 45 66
7525 45 67
7525 45 68
7525 46 47
7826 29 31
7826 29 32
7826 29 33
7826 29 34
7826 29 35
7826 29 36
7826 29 37
7826 29 38
7826 29 39
7826 29 40
7826 30 31
7826 30 32
7826 30 33
7826 30 34
7826 30 35
7826 30 36
7826 30 37
7826 30 38
7826 30 39
7826 30 40
7826 31 32
7826 31 33
7826 31 34
7826 31 35
7826 31 36
7826 31 37
7826 31 38
7826 31 39
7826 32 33
7826 32 34
7826 32 35
8127 122 132
8127 122 133
8127 122 134
8127 122 135
8127 122 136
8127 122 137
8127 122 138
8127 122 139
8127 122 140
8127 122 141
8127 122 142
8127 122 143
8127 123 124
8127 123 127
8127 123 128
8127 123 129
8127 123 130
8127 123 131
8127 123 132
8127 123 133
8127 123 134
8127 123 135
8127 123 136
8127 123 137
8127 123 138
8127 123 139
8127 123 140
8127 123 141
8127 123 142
8127 123 143
8127 124 125
8428 32 36
8428 32 37
8428 32 38
8428 32 39
8428 33 34
8428 33 35
8428 33 36
8428 33 37
8428 33 38
8428 34 35
8428 34 36
8428 34 37
8428 34 38
8428 35 36
8428 35 37
8428 36 37
8428 37 38
8428 38 39
8428 39 40
8428 40 41
8428 41 42
8428 42 43
8428 43 44
8428 43 64
8428 43 65
8428 43 66
8428 43 67
8428 43 68
8428 43 93
8428 43 118
8428 43 143
8729 0 1
8729 0 2
8729 0 3
8729 0 4
8729 0 5
8729 0 6
8729 0 7
8729 0 8
8729 0 9
8729 0 10
8729 0 11
8729 0 12
8729 0 13
8729 0 14
8729 0 15
8729 0 16
8729 0 17
8729 1 2
8729 1 3
8729 1 4
8729 1 5
8729 1 6
8729 1 7
8729 1 8
8729 1 9
8729 1 10
8729 1 11
8729 1 12
8729 1 13
8729 1 14
8729 1 15
9030 7 14
9030 8 9
9030 8 10
9030 8 11
9030 8 12
9030 8 13
9030 9 10
9030 9 11
9030 9 12
9030 9 13
9030 10 11
9030 10 12
9030 11 12
9030 12 13
9030 13 14
9030 14 15
9030 15 16
9030 16 17
9030 17 18
9030 18 19
9030 18 38
9030 18 39
9030 18 40
9030 18 41
9030 18 42
9030 18 43
9030 18 68
9030 18 93
9030 18 118
9030 18 143
9030 18 144
9331 1 16
9331 2 3
9331 2 4
9331 2 5
9331 2 6
9331 2 7
9331 2 8
9331 2 9
9331 2 10
9331 2 11
9331 2 12
9331 2 13
9331 2 14
9331 2 15
9331 2 16
9331 3 4
9331 3 5
9331 3 6
9331 3 7
9331 3 8
9331 3 9
9331 3 10
9331 3 11
9331 3 12
9331 3 13
9331 3 14
9331 3 15
9331 4 5
9331 4 6
9331 4 7
9331 4 8
9632 133 139
9632 134 135
9632 134 136
9632 134 137
9632 134 138
9632 134 139
9632 135 136
9632 135 137
9632 135 138
9632 136 137
9632 136 138
9632 137 138
9632 138 139
9632 139 140
9632 140 141
9632 141 142
9632 142 143
9632 143 144
9632 144 145
9632 144 162
9632 144 163
9632 144 164
9632 144 165
9632 144 166
9632 144 167
9632 144 168
9632 144 169
9632 144 194
9632 145 146
9632 145 159
9632 145 160
9933 26 39
9933 26 40
9933 26 41
9933 27 28
9933 27 29
9933 27 30
9933 27 31
9933 27 32
9933 27 33
9933 27 34
9933 27 35
9933 27 36
9933 27 37
9933 27 38
9933 27 39
9933 27 40
9933 27 41
9933 28 29
9933 28 30
9933 28 31
9933 28 32
9933 28 33
9933 28 34
9933 28 35
9933 28 36
9933 28 37
9933 28 38
9933 28 39
9933 28 40
9933 28 41
9933 29 30
10234 48 49
10234 48 51
10234 48 52
10234 48 53
10234 48 54
10234 48 55
10234 48 56
10234 48 57
10234 48 58
10234 48 59
10234 48 60
10234 48 61
10234 48 62
10234 48 63
10234 48 64
10234 48 65
10234 48 66
10234 48 67
10234 48 68
10234 49 50
10234 49 51
10234 49 52
10234 49 53
10234 49 54
10234 49 55
10234 49 56
10234 49 57
10234 49 58
10234 49 59
10234 49 60
10234 49 61
10535 149 157
10535 149 158
10535 149 159
10535 149 160
10535 149 161
10535 149 162
10535 149 163
10535 149 164
10535 149 165
10535 149 166
10535 149 167
10535 149 168
10535 150 151
10535 150 152
10535 150 153
10535 150 154
10535 150 155
10535 150 156
10535 150 157
10535 150 158
10535 150 159
10535 150 160
10535 150 161
10535 150 162
10535 150 163
10535 150 164
10535 150 165
10535 150 166
10535 150 167
10535 150 168
10535 151 152
10836 170 193
10836 170 194
10836 171 172
10836 171 182
10836 171 183
10836 171 184
10836 171 185
10836 171 186
10836 171 187
10836 171 188
10836 171 189
10836 171 190
10836 171 191
10836 171 192
10836 171 193
10836 171 194
10836 172 173
10836 172 180
10836 172 181
10836 172 182
10836 172 183
10836 172 184
10836 172 185
10836 172 186
10836 172 187
10836 172 188
10836 172 189
10836 172 190
10836 172 191
10836 172 192
10836 172 193
11137 95 96
11137 95 108
11137 95 109
11137 95 110
11137 95 111
11137 95 112
11137 95 113
11137 95 114
11137 95 115
11137 95 116
11137 95 117
11137 95 118
11137 96 97
11137 96 106
11137 96 107
11137 96 108
11137 96 109
11137 96 110
11137 96 111
11137 96 112
11137 96 113
11137 96 114
11137 96 115
11137 96 116
11137 96 117
11137 96 118
11137 97 98
11137 97 104
11137 97 105
11137 97 106
11137 97 107
11438 127 139
11438 127 140
11438 127 141
11438 127 142
11438 128 129
11438 128 130
11438 128 131
11438 128 132
11438 128 133
11438 128 134
11438 128 135
11438 128 136
11438 128 137
11438 128 138
11438 128 139
11438 128 140
11438 128 141
11438 129 130
11438 129 131
11438 129 132
11438 129 133
11438 129 134
11438 129 135
11438 129 136
11438 129 137
11438 129 138
11438 129 139
11438 129 140
11438 129 141
11438 130 131
11438 130 132
11739 124 126
11739 124 127
11739 124 128
11739 124 129
11739 124 130
11739 124 131
11739 124 132
11739 124 133
11739 124 134
11739 124 135
11739 124 136
11739 124 137
11739 124 138
11739 124 139
11739 124 140
11739 124 141
11739 124 142
11739 124 143
11739 125 126
11739 125 127
11739 125 128
11739 125 129
11739 125 130
11739 125 131
11739 125 132
11739 125 133
11739 125 134
11739 125 135
11739 125 136
11739 125 137
11739 125 138
12040 172 194
12040 173 174
12040 173 178
12040 173 179
12040 173 180
12040 173 181
12040 173 182
12040 173 183
12040 173 184
12040 173 185
12040 173 186
12040 173 187
12040 173 188
12040 173 189
12040 173 190
12040 173 191
12040 173 192
12040 173 193
12040 174 175
12040 174 176
12040 174 177
12040 174 178
12040 174 179
12040 174 180
12040 174 181
12040 174 182
12040 174 183
12040 174 184
12040 174 185
12040 174 186
12040 174 187
12341 51 60
12341 51 61
12341 51 62
12341 51 63
12341 51 64
12341 51 65
12341 51 66
12341 51 67
12341 52 53
12341 52 54
12341 52 55
12341 52 56
12341 52 57
12341 52 58
12341 52 59
12341 52 60
12341 52 61
12341 52 62
12341 52 63
12341 52 64
12341 52 65
12341 52 66
12341 53 54
12341 53 55
12341 53 56
12341 53 57
12341 53 58
12341 53 59
12341 53 60
12341 53 61
12341 53 62
12642 4 9
12642 4 10
12642 4 11
12642 4 12
12642 4 13
12642 4 14
12642 4 15
12642 5 6
12642 5 7
12642 5 8
12642 5 9
12642 5 10
12642 5 11
12642 5 12
12642 5 13
12642 5 14
12642 5 15
12642 6 7
12642 6 8
12642 6 9
12642 6 10
12642 6 11
12642 6 12
12642 6 13
12642 6 14
12642 7 8
12642 7 9
12642 7 10
12642 7 11
12642 7 12
12642 7 13
12943 125 139
12943 125 140
12943 125 141
12943 125 142
12943 126 127
12943 126 128
12943 126 129
12943 126 130
12943 126 131
12943 126 132
12943 126 133
12943 126 134
12943 126 135
12943 126 136
12943 126 137
12943 126 138
12943 126 139
12943 126 140
12943 126 141
12943 126 142
12943 127 128
12943 127 129
12943 127 130
12943 127 131
12943 127 132
12943 127 133
12943 127 134
12943 127 135
12943 127 136
12943 127 137
12943 127 138
13244 18 168
13244 18 169
13244 18 193
13244 18 194
13244 19 20
13244 19 35
13244 19 36
13244 19 37
13244 19 38
13244 19 39
13244 19 40
13244 19 41
13244 19 42
13244 19 43
13244 20 21
13244 20 32
13244 20 33
13244 20 34
13244 20 35
13244 20 36
13244 20 37
13244 20 38
13244 20 39
13244 20 40
13244 20 41
13244 20 42
13244 20 43
13244 21 22
13244 21 30
13244 21 31
13244 21 32
13545 109 112
13545 109 113
13545 110 111
13545 110 112
13545 110 113
13545 111 112
13545 112 113
13545 113 114
13545 114 115
13545 115 116
13545 116 117
13545 117 118
13545 118 119
13545 118 142
13545 118 143
13545 118 144
13545 118 168
13545 118 169
13545 118 193
13545 118 194
13545 119 120
13545 119 137
13545 119 138
13545 119 139
13545 119 140
13545 119 141
13545 119 142
13545 119 143
13545 119 144
13545 119 168
13545 119 169
13846 68 89
13846 68 90
13846 68 91
13846 68 92
13846 68 93
13846 68 118
13846 68 143
13846 68 144
13846 68 168
13846 68 169
13846 68 193
13846 68 194
13846 69 70
13846 69 86
13846 69 87
13846 69 88
13846 69 89
13846 69 90
13846 69 91
13846 69 92
13846 69 93
13846 69 168
13846 69 169
13846 69 193
13846 69 194
13846 70 71
13846 70 83
13846 70 84
13846 70 85
13846 70 86
13846 70 87
14147 24 41
14147 24 42
14147 25 26
14147 25 27
14147 25 28
14147 25 29
14147 25 30
14147 25 31
14147 25 32
14147 25 33
14147 25 34
14147 25 35
14147 25 36
14147 25 37
14147 25 38
14147 25 39
14147 25 40
14147 25 41
14147 25 42
14147 26 27
14147 26 28
14147 26 29
14147 26 30
14147 26 31
14147 26 32
14147 26 33
14147 26 34
14147 26 35
14147 26 36
14147 26 37
14147 26 38
14448 174 188
14448 174 189
14448 174 190
14448 174 191
14448 174 192
14448 174 193
14448 175 176
14448 175 177
14448 175 178
14448 175 179
14448 175 180
14448 175 181
14448 175 182
14448 175 183
14448 175 184
14448 175 185
14448 175 186
14448 175 187
14448 175 188
14448 175 189
14448 175 190
14448 175 191
14448 175 192
14448 175 193
14448 176 177
14448 176 178
14448 176 179
14448 176 180
14448 176 181
14448 176 182
14448 176 183
14749 130 133
14749 130 134
14749 130 135
14749 130 136
14749 130 137
14749 130 138
14749 130 139
14749 130 140
14749 130 141
14749 131 132
14749 131 133
14749 131 134
14749 131 135
14749 131 136
14749 131 137
14749 131 138
14749 131 139
14749 131 140
14749 132 133
14749 132 134
14749 132 135
14749 132 136
14749 132 137
14749 132 138
14749 132 139
14749 132 140
14749 133 134
14749 133 135
14749 133 136
14749 133 137
14749 133 138
15050 23 28
15050 23 29
15050 23 30
15050 23 31
15050 23 32
15050 23 33
15050 23 34
15050 23 35
15050 23 36
15050 23 37
15050 23 38
15050 23 39
15050 23 40
15050 23 41
15050 23 42
15050 24 25
15050 24 26
15050 24 27
15050 24 28
15050 24 29
15050 24 30
15050 24 31
15050 24 32
15050 24 33
15050 24 34
15050 24 35
15050 24 36
15050 24 37
15050 24 38
15050 24 39
15050 24 40
15351 21 33
15351 21 34
15351 21 35
15351 21 36
15351 21 37
15351 21 38
15351 21 39
15351 21 40
15351 21 41
15351 21 42
15351 21 43
15351 22 23
15351 22 28
15351 22 29
15351 22 30
15351 22 31
15351 22 32
15351 22 33
15351 22 34
15351 22 35
15351 22 36
15351 22 37
15351 22 38
15351 22 39
15351 22 40
15351 22 41
15351 22 42
15351 22 43
15351 23 24
15351 23 26
15351 23 27
15652 185 188
15652 185 189
15652 186 187
15652 186 188
15652 187 188
15652 188 189
15652 189 190
15652 190 191
15652 191 192
15652 192 193
15652 193 194
15652 194 195
15652 195 196
15652 196 197
15652 197 198
15652 198 199
15953 181 182
15953 181 183
15953 181 184
15953 181 185
15953 181 186
15953 181 187
15953 181 188
15953 181 189
15953 181 190
15953 182 183
15953 182 184
15953 182 185
15953 182 186
15953 182 187
15953 182 188
15953 182 189
15953 182 190
15953 183 184
15953 183 185
15953 183 186
15953 183 187
15953 183 188
15953 183 189
15953 183 190
15953 184 185
15953 184 186
15953 184 187
15953 184 188
15953 184 189
15953 185 186
15953 185 187
0 103 105
0 103 106
1.5 124 143
1.5 125 126
3.0 141 142
3.0 142 143
4.5 53 55
4.5 53 56
6.0 125 141
6.0 125 142
7.5 172 194
7.5 173 174
9.0 4 5
9.0 4 6
10.5 177 182
10.5 177 183
12.0 128 136
12.0 128 137
13.5 0 5
13.5 0 6
15.0 0 17
15.0 1 2
16.5 7 9
16.5 7 10
18.0 72 88
18.0 72 89
19.5 33 36
19.5 33 37
21.0 116 117
21.0 117 118
22.5 146 161
22.5 146 162
24.0 151 152
24.0 151 153
25.5 76 81
25.5 76 82
27.0 75 77
27.0 75 78
28.5 122 138
28.5 122 139
30.0 33 38
30.0 34 35
31.5 105 106
31.5 105 107
33.0 145 163
33.0 145 164
34.5 194 195
34.5 195 196
36.0 184 185
36.0 184 186
37.5 124 125
37.5 124 126
39.0 69 70
39.0 69 86
40.5 129 130
40.5 129 131
42.0 48 65
42.0 48 66
43.5 169 189
43.5 169 190
45.0 174 193
45.0 175 176
46.5 102 115
46.5 102 116
48.0 180 184
48.0 180 185
49.5 145 159
49.5 145 160
51.0 51 61
51.0 51 62
52.5 122 140
52.5 122 141
54.0 104 109
54.0 104 110
55.5 186 188
55.5 187 188
57.0 99 114
57.0 99 115
58.5 75 83
58.5 75 84
60.0 21 34
60.0 21 35
61.5 150 161
61.5 150 162
63.0 153 155
63.0 153 156
64.5 43 65
64.5 43 66
66.0 179 187
66.0 179 188
67.5 126 139
67.5 126 140
69.0 125 139
69.0 125 140
70.5 122 130
70.5 122 131
72.0 21 38
72.0 21 39
73.5 130 137
73.5 130 138
75.0 73 87
75.0 73 88
76.5 72 86
76.5 72 87
78.0 156 159
78.0 156 160
79.5 130 135
79.5 130 136
81.0 126 133
81.0 126 134
82.5 155 161
82.5 155 162
84.0 185 189
84.0 186 187
85.5 27 29
85.5 27 30
87.0 73 74
87.0 73 76
88.5 134 135
88.5 134 136
90.0 121 138
90.0 121 139
91.5 149 155
91.5 149 156
93.0 104 113
93.0 104 114
94.5 79 89
94.5 79 90
96.0 90 91
96.0 91 92
97.5 121 140
97.5 121 141
99.0 149 165
99.0 149 166
100.5 170 188
100.5 170 189
102.0 78 83
102.0 78 84
103.5 121 136
103.5 121 137
105.0 139 140
105.0 140 141
106.5 92 93
106.5 93 94
108.0 56 60
108.0 56 61
109.5 74 76
109.5 74 77
111.0 50 67
111.0 51 52
112.5 16 17
112.5 17 18
114.0 50 55
114.0 50 56
115.5 31 33
115.5 31 34
117.0 98 115
117.0 98 116
118.5 6 8
118.5 6 9
120.0 74 84
120.0 74 85
121.5 49 52
121.5 49 53
123.0 57 62
123.0 57 63
124.5 49 60
124.5 49 61
126.0 73 83
126.0 73 84
127.5 122 132
127.5 122 133
129.0 68 91
129.0 68 92
130.5 3 10
130.5 3 11
132.0 21 42
132.0 21 43
133.5 26 29
133.5 26 30
135.0 28 38
135.0 28 39
136.5 49 50
136.5 49 51
138.0 120 140
138.0 120 141
139.5 83 89
139.5 84 85
141.0 103 113
141.0 103 114
142.5 171 190
142.5 171 191
144.0 47 60
144.0 47 61
145.5 4 7
145.5 4 8
147.0 129 136
147.0 129 137
148.5 152 161
148.5 152 162
150.0 144 164
150.0 144 165
151.5 52 66
151.5 53 54
153.0 146 165
153.0 146 166
154.5 120 136
154.5 120 137
156.0 57 58
156.0 57 59
157.5 0 15
157.5 0 16
159.0 181 184
159.0 181 185
160.5 127 142
160.5 128 129
162.0 107 109
162.0 107 110
163.5 152 153
163.5 152 154
165.0 105 112
165.0 105 113
166.5 165 166
166.5 166 167
168.0 74 82
168.0 74 83
169.5 99 110
169.5 99 111
171.0 57 64
171.0 58 59
172.5 126 141
172.5 126 142
174.0 5 13
174.0 5 14
175.5 32 36
175.5 32 37
177.0 143 144
177.0 144 145
178.5 119 194
178.5 120 121
180.0 175 177
180.0 175 178
181.5 82 89
181.5 83 84
183.0 25 33
183.0 25 34
184.5 80 90
184.5 81 82
186.0 59 61
186.0 59 62
187.5 153 163
187.5 153 164
189.0 176 184
189.0 176 185
190.5 70 89
190.5 70 90
192.0 130 141
192.0 131 132
193.5 73 85
193.5 73 86
195.0 78 91
195.0 79 80
196.5 94 112
196.5 94 113
198.0 94 118
198.0 94 144
199.5 28 32
199.5 28 33
201.0 58 60
201.0 58 61
202.5 121 142
202.5 121 143
204.0 28 30
204.0 28 31
205.5 61 62
205.5 62 63
207.0 175 191
207.0 175 192
208.5 47 64
208.5 47 65
210.0 2 15
210.0 2 16
211.5 123 142
211.5 123 143
213.0 0 9
213.0 0 10
214.5 23 30
214.5 23 31
216.0 97 111
216.0 97 112
217.5 70 93
217.5 71 72
219.0 176 188
219.0 176 189
220.5 24 36
220.5 24 37
222.0 59 63
222.0 60 61
223.5 19 42
223.5 19 43
225.0 127 138
225.0 127 139
226.5 159 163
226.5 159 164
228.0 97 117
228.0 97 118
229.5 75 81
229.5 75 82
231.0 160 163
231.0 161 162
232.5 176 180
232.5 176 181
234.0 24 26
234.0 24 27
235.5 123 138
235.5 123 139
237.0 43 93
237.0 43 118
238.5 174 175
238.5 174 176
240.0 106 107
240.0 106 108
241.5 77 82
241.5 77 83
243.0 185 187
243.0 185 188
244.5 68 168
244.5 68 169
246.0 178 188
246.0 178 189
247.5 172 186
247.5 172 187
249.0 71 81
249.0 71 82
250.5 68 89
250.5 68 90
252.0 47 54
252.0 47 55
253.5 155 159
253.5 155 160
255.0 27 35
255.0 27 36
256.5 178 184
256.5 178 185
258.0 158 162
258.0 158 163
259.5 151 156
259.5 151 157
261.0 54 65
261.0 55 56
262.5 51 57
262.5 51 58
264.0 71 91
264.0 71 92
265.5 98 111
265.5 98 112
267.0 151 162
267.0 151 163
268.5 44 193
268.5 44 194
270.0 144 166
270.0 144 167
271.5 77 78
271.5 77 79
273.0 100 104
273.0 100 105
274.5 173 182
274.5 173 183
276.0 184 189
276.0 185 186
277.5 96 115
277.5 96 116
279.0 125 133
279.0 125 134
280.5 147 161
280.5 147 162
282.0 100 112
282.0 100 113
283.5 148 166
283.5 148 167
285.0 75 89
285.0 75 90
286.5 56 64
286.5 56 65
288.0 27 33
288.0 27 34
289.5 174 189
289.5 174 190
291.0 147 155
291.0 147 156
292.5 180 186
292.5 180 187
294.0 77 88
294.0 77 89
295.5 175 179
295.5 175 180
297.0 157 163
297.0 157 164
298.5 3 12
298.5 3 13
300.0 157 159
300.0 157 160
301.5 26 27
301.5 26 28
303.0 47 48
303.0 47 53
304.5 56 62
304.5 56 63
306.0 72 82
306.0 72 83
307.5 151 154
307.5 151 155
309.0 178 180
309.0 178 181
310.5 43 143
310.5 43 144
312.0 8 11
312.0 8 12
313.5 129 140
313.5 129 141
315.0 3 4
315.0 3 5
316.5 175 187
316.5 175 188
318.0 79 91
318.0 80 81
319.5 76 85
319.5 76 86
321.0 119 169
321.0 119 193
322.5 169 191
322.5 169 192
324.0 70 87
324.0 70 88
325.5 47 58
325.5 47 59
327.0 86 87
327.0 87 88
328.5 147 167
328.5 147 168
330.0 88 89
330.0 89 90
331.5 5 11
331.5 5 12
333.0 130 133
333.0 130 134
334.5 57 60
334.5 57 61
336.0 1 9
336.0 1 10
337.5 145 161
337.5 145 162
339.0 173 184
339.0 173 185
340.5 134 137
340.5 134 138
342.0 161 163
342.0 162 163
343.5 75 85
343.5 75 86
345.0 146 169
345.0 147 148
346.5 5 9
346.5 5 10
348.0 79 81
348.0 79 82
349.5 98 113
349.5 98 114
351.0 156 161
351.0 156 162
352.5 136 137
352.5 136 138
354.0 23 34
354.0 23 35
355.5 74 92
355.5 75 76
357.0 178 182
357.0 178 183
358.5 54 61
358.5 54 62
360.0 148 168
360.0 149 150
361.5 73 77
361.5 73 78
363.0 156 163
363.0 156 164
364.5 103 111
364.5 103 112
366.0 76 87
366.0 76 88
367.5 0 3
367.5 0 4
369.0 101 110
369.0 101 111
370.5 149 151
370.5 149 152
372.0 2 13
372.0 2 14
373.5 54 57
373.5 54 58
375.0 124 127
375.0 124 128
376.5 54 63
376.5 54 64
378.0 147 157
378.0 147 158
379.5 101 112
379.5 101 113
381.0 151 160
381.0 151 161
382.5 28 36
382.5 28 37
384.0 72 90
384.0 72 91
385.5 22 23
385.5 22 28
387.0 96 117
387.0 96 118
388.5 26 37
388.5 26 38
390.0 78 85
390.0 78 86
391.5 178 190
391.5 178 191
393.0 144 194
393.0 145 146
394.5 97 107
394.5 97 108
396.0 49 56
396.0 49 57
397.5 79 83
397.5 79 84
399.0 150 165
399.0 150 166
400.5 99 108
400.5 99 109
402.0 29 36
402.0 29 37
403.5 98 109
403.5 98 110
405.0 177 184
405.0 177 185
406.5 98 103
406.5 98 104
408.0 154 158
408.0 154 159
409.5 126 127
409.5 126 128
411.0 29 34
411.0 29 35
412.5 151 158
412.5 151 159
414.0 167 168
414.0 168 169
415.5 45 66
415.5 45 67
417.0 18 41
417.0 18 42
418.5 50 63
418.5 50 64
420.0 20 39
420.0 20 40
421.5 75 87
421.5 75 88
423.0 9 13
423.0 10 11
424.5 31 37
424.5 31 38
426.0 30 32
426.0 30 33
427.5 182 184
427.5 182 185
429.0 182 188
429.0 182 189
430.5 0 1
430.5 0 2
432.0 95 109
432.0 95 110
433.5 80 88
433.5 80 89
435.0 124 133
435.0 124 134
436.5 46 59
436.5 46 60
438.0 2 9
438.0 2 10
439.5 119 138
439.5 119 139
441.0 5 15
441.0 6 7
442.5 125 137
442.5 125 138
444.0 45 60
444.0 45 61
445.5 152 159
445.5 152 160
447.0 50 61
447.0 50 62
448.5 4 9
448.5 4 10
450.0 76 89
450.0 76 90
451.5 73 79
451.5 73 80
453.0 120 134
453.0 120 135
454.5 74 88
454.5 74 89
456.0 118 119
456.0 118 142
457.5 70 83
457.5 70 84
459.0 72 78
459.0 72 79
460.5 100 116
460.5 100 117
462.0 53 59
462.0 53 60
463.5 23 42
463.5 24 25
465.0 77 90
465.0 77 91
466.5 149 157
466.5 149 158
468.0 150 153
468.0 150 154
469.5 93 115
469.5 93 116
471.0 84 88
471.0 85 86
472.5 93 143
472.5 93 144
474.0 120 142
474.0 120 143
475.5 150 157
475.5 150 158
477.0 145 165
477.0 145 166
478.5 81 89
478.5 81 90
480.0 123 136
480.0 123 137
481.5 153 157
481.5 153 158
483.0 1 5
483.0 1 6
484.5 25 27
484.5 25 28
486.0 149 153
486.0 149 154
487.5 132 133
487.5 132 134
489.0 26 33
489.0 26 34
490.5 171 192
490.5 171 193
492.0 18 143
492.0 18 144
493.5 27 37
493.5 27 38
495.0 170 190
495.0 170 191
496.5 18 39
496.5 18 40
498.0 128 134
498.0 128 135
499.5 19 38
499.5 19 39
501.0 22 35
501.0 22 36
502.5 181 182
502.5 181 183
504.0 30 36
504.0 30 37
505.5 154 164
505.5 154 165
507.0 32 34
507.0 32 35
508.5 52 54
508.5 52 55
510.0 4 13
510.0 4 14
511.5 71 83
511.5 71 84
513.0 152 165
513.0 152 166
514.5 4 15
514.5 5 6
516.0 101 106
516.0 101 107
517.5 31 39
517.5 32 33
519.0 174 183
519.0 174 184
520.5 121 132
520.5 121 133
522.0 69 194
522.0 70 71
523.5 153 161
523.5 153 162
525.0 63 64
525.0 64 65
526.5 177 192
526.5 178 179
528.0 153 167
528.0 154 155
529.5 50 51
529.5 50 52
531.0 157 161
531.0 157 162
532.5 93 117
532.5 93 118
534.0 101 108
534.0 101 109
535.5 125 131
535.5 125 132
537.0 49 66
537.0 49 67
538.5 52 58
538.5 52 59
540.0 45 64
540.0 45 65
541.5 129 134
541.5 129 135
543.0 32 38
543.0 32 39
544.5 56 58
544.5 56 59
546.0 74 80
546.0 74 81
547.5 99 112
547.5 99 113
549.0 176 192
549.0 176 193
550.5 75 79
550.5 75 80
552.0 150 163
552.0 150 164
553.5 147 159
553.5 147 160
555.0 119 120
555.0 119 137
556.5 171 194
556.5 172 173
558.0 80 84
558.0 80 85
559.5 102 103
559.5 102 104
561.0 2 3
561.0 2 4
562.5 22 31
562.5 22 32
564.0 170 171
564.0 170 185
565.5 169 193
565.5 169 194
567.0 70 85
567.0 70 86
568.5 70 91
568.5 70 92
570.0 71 87
570.0 71 88
571.5 159 161
571.5 159 162
573.0 93 168
573.0 93 169
574.5 176 190
574.5 176 191
576.0 173 178
576.0 173 179
577.5 123 130
577.5 123 131
579.0 181 188
579.0 181 189
580.5 48 67
580.5 48 68
582.0 28 34
582.0 28 35
583.5 130 139
583.5 130 140
585.0 73 89
585.0 73 90
586.5 126 129
586.5 126 130
588.0 49 62
588.0 49 63
589.5 7 13
589.5 7 14
591.0 127 132
591.0 127 133
592.5 76 83
592.5 76 84
594.0 154 156
594.0 154 157
595.5 20 35
595.5 20 36
597.0 29 32
597.0 29 33
598.5 134 139
598.5 135 136
600.0 177 190
600.0 177 191
601.5 52 60
601.5 52 61
603.0 127 128
603.0 127 129
604.5 1 3
604.5 1 4
606.0 125 135
606.0 125 136
607.5 104 105
607.5 104 106
609.0 20 21
609.0 20 32
610.5 97 105
610.5 97 106
612.0 84 86
612.0 84 87
613.5 150 159
613.5 150 160
615.0 124 137
615.0 124 138
616.5 73 93
616.5 74 75
618.0 184 187
618.0 184 188
619.5 106 113
619.5 106 114
621.0 22 39
621.0 22 40
622.5 77 84
622.5 77 85
624.0 75 91
624.0 75 92
625.5 54 55
625.5 54 56
627.0 99 100
627.0 99 101
628.5 100 106
628.5 100 107
630.0 107 113
630.0 107 114
631.5 171 186
631.5 171 187
633.0 123 128
633.0 123 129
634.5 96 97
634.5 96 106
636.0 154 160
636.0 154 161
637.5 6 12
637.5 6 13
639.0 34 38
639.0 35 36
640.5 176 178
640.5 176 179
642.0 49 64
642.0 49 65
643.5 152 167
643.5 153 154
645.0 128 130
645.0 128 131
646.5 172 192
646.5 172 193
648.0 45 46
648.0 45 57
649.5 102 113
649.5 102 114
651.0 45 68
651.0 46 47
652.5 46 57
652.5 46 58
654.0 1 15
654.0 1 16
655.5 51 67
655.5 52 53
657.0 81 83
657.0 81 84
658.5 175 193
658.5 176 177
660.0 118 168
660.0 118 169
661.5 6 10
661.5 6 11
663.0 179 189
663.0 179 190
664.5 71 85
664.5 71 86
666.0 177 178
666.0 177 179
667.5 77 80
667.5 77 81
669.0 174 191
669.0 174 192
670.5 133 134
670.5 133 135
672.0 74 86
672.0 74 87
673.5 105 114
673.5 105 115
675.0 22 29
675.0 22 30
676.5 145 169
676.5 146 147
678.0 52 64
678.0 52 65
679.5 47 56
679.5 47 57
681.0 99 106
681.0 99 107
682.5 78 87
682.5 78 88
684.0 34 36
684.0 34 37
685.5 81 85
685.5 81 86
687.0 110 113
687.0 111 112
688.5 108 109
688.5 108 110
690.0 131 139
690.0 131 140
691.5 169 170
691.5 169 188
693.0 146 163
693.0 146 164
694.5 26 35
694.5 26 36
696.0 3 8
696.0 3 9
697.5 49 58
697.5 49 59
699.0 23 36
699.0 23 37
700.5 69 93
700.5 69 168
702.0 95 115
702.0 95 116
703.5 100 110
703.5 100 111
705.0 96 107
705.0 96 108
706.5 155 163
706.5 155 164
708.0 58 62
708.0 58 63
709.5 131 137
709.5 131 138
711.0 50 57
711.0 50 58
712.5 55 63
712.5 55 64
714.0 55 57
714.0 55 58
715.5 173 186
715.5 173 187
717.0 179 185
717.0 179 186
718.5 26 39
718.5 26 40
720.0 178 192
720.0 179 180
721.5 170 186
721.5 170 187
723.0 69 89
723.0 69 90
724.5 153 159
724.5 153 160
726.0 95 113
726.0 95 114
727.5 132 135
727.5 132 136
729.0 137 138
729.0 138 139
730.5 2 5
730.5 2 6
732.0 53 65
732.0 53 66
733.5 144 162
733.5 144 163
735.0 5 7
735.0 5 8
736.5 128 138
736.5 128 139
738.0 0 13
738.0 0 14
739.5 98 117
739.5 98 118
741.0 122 134
741.0 122 135
742.5 80 86
742.5 80 87
744.0 151 164
744.0 151 165
745.5 8 13
745.5 9 10
747.0 152 155
747.0 152 156
748.5 145 167
748.5 145 168
750.0 102 105
750.0 102 106
751.5 50 59
751.5 50 60
753.0 82 83
753.0 82 84
754.5 14 15
754.5 15 16
756.0 60 62
756.0 60 63
757.5 101 104
757.5 101 105
759.0 125 127
759.0 125 128
760.5 150 167
760.5 150 168
762.0 157 165
762.0 158 159
763.5 53 63
763.5 53 64
765.0 127 136
765.0 127 137
766.5 41 42
766.5 42 43
768.0 44 45
768.0 44 60
769.5 102 117
769.5 103 104
771.0 51 65
771.0 51 66
772.5 102 111
772.5 102 112
774.0 23 32
774.0 23 33
775.5 47 62
775.5 47 63
777.0 106 111
777.0 106 112
778.5 127 134
778.5 127 135
780.0 104 111
780.0 104 112
781.5 47 66
781.5 47 67
783.0 25 37
783.0 25 38
784.5 21 36
784.5 21 37
786.0 9 11
786.0 9 12
787.5 177 188
787.5 177 189
789.0 50 65
789.0 50 66
790.5 120 138
790.5 120 139
792.0 46 63
792.0 46 64
793.5 158 160
793.5 158 161
795.0 171 184
795.0 171 185
796.5 97 98
796.5 97 104
798.0 128 140
798.0 128 141
799.5 46 67
799.5 46 68
801.0 122 123
801.0 122 129
802.5 100 114
802.5 100 115
804.0 175 183
804.0 175 184
805.5 124 141
805.5 124 142
807.0 158 164
807.0 159 160
808.5 104 115
808.5 104 116
810.0 51 63
810.0 51 64
811.5 105 108
811.5 105 109
813.0 131 135
813.0 131 136
814.5 178 186
814.5 178 187
816.0 20 37
816.0 20 38
817.5 192 193
817.5 193 194
819.0 149 161
819.0 149 162
820.5 126 131
820.5 126 132
822.0 99 102
822.0 99 103
823.5 76 91
823.5 76 92
825.0 24 38
825.0 24 39
826.5 163 164
826.5 164 165
828.0 30 40
828.0 31 32
829.5 183 187
829.5 183 188
831.0 190 191
831.0 191 192
832.5 104 107
832.5 104 108
834.0 122 142
834.0 122 143
835.5 22 37
835.5 22 38
837.0 148 154
837.0 148 155
838.5 73 81
838.5 73 82
840.0 124 139
840.0 124 140
841.5 148 162
841.5 148 163
843.0 133 138
843.0 133 139
844.5 24 28
844.5 24 29
846.0 24 32
846.0 24 33
847.5 124 135
847.5 124 136
849.0 2 7
849.0 2 8
850.5 108 113
850.5 108 114
852.0 112 113
852.0 113 114
853.5 94 168
853.5 94 169
855.0 109 110
855.0 109 111
856.5 103 109
856.5 103 110
858.0 148 164
858.0 148 165
859.5 177 186
859.5 177 187
861.0 2 11
861.0 2 12
862.5 148 149
862.5 148 153
864.0 18 43
864.0 18 68
865.5 95 96
865.5 95 108
867.0 78 89
867.0 78 90
868.5 43 67
868.5 43 68
870.0 52 62
870.0 52 63
871.5 25 29
871.5 25 30
873.0 154 166
873.0 155 156
874.5 181 186
874.5 181 187
876.0 37 38
876.0 38 39
877.5 76 77
877.5 76 78
879.0 22 33
879.0 22 34
880.5 148 156
880.5 148 157
882.0 94 116
882.0 94 117
883.5 144 168
883.5 144 169
885.0 100 108
885.0 100 109
886.5 22 41
886.5 22 42
888.0 94 114
888.0 94 115
889.5 10 12
889.5 11 12
891.0 55 61
891.0 55 62
892.5 29 40
892.5 30 31
894.0 135 137
894.0 135 138
895.5 170 192
895.5 170 193
897.0 55 65
897.0 56 57
898.5 174 181
898.5 174 182
900.0 19 20
900.0 19 35
901.5 147 165
901.5 147 166
903.0 83 87
903.0 83 88
904.5 114 115
904.5 115 116
906.0 127 140
906.0 127 141
907.5 156 165
907.5 157 158
909.0 180 188
909.0 180 189
910.5 24 34
910.5 24 35
912.0 129 138
912.0 129 139
913.5 69 91
913.5 69 92
915.0 174 187
915.0 174 188
916.5 123 140
916.5 123 141
918.0 80 82
918.0 80 83
919.5 6 14
919.5 7 8
921.0 68 193
921.0 68 194
922.5 105 110
922.5 105 111
924.0 47 68
924.0 48 49
925.5 24 42
925.5 25 26
927.0 179 183
927.0 179 184
928.5 23 38
928.5 23 39
930.0 103 107
930.0 103 108
931.5 106 109
931.5 106 110
933.0 198 199
934.5 78 81
934.5 78 82
936.0 23 28
936.0 23 29
937.5 94 193
937.5 94 194
939.0 12 13
939.0 13 14
940.5 21 32
940.5 21 33
942.0 30 34
942.0 30 35
943.5 175 185
943.5 175 186
945.0 179 191
945.0 180 181
946.5 153 165
946.5 153 166
948.0 154 162
948.0 154 163
949.5 171 182
949.5 171 183
951.0 27 39
951.0 27 40
952.5 95 117
952.5 95 118
954.0 102 107
954.0 102 108
955.5 81 87
955.5 81 88
957.0 72 80
957.0 72 81
958.5 156 157
958.5 156 158
960.0 29 38
960.0 29 39
961.5 182 186
961.5 182 187
963.0 23 26
963.0 23 27
964.5 1 13
964.5 1 14
966.0 149 159
966.0 149 160
967.5 124 129
967.5 124 130
969.0 125 129
969.0 125 130
970.5 20 33
970.5 20 34
972.0 171 188
972.0 171 189
973.5 118 193
973.5 118 194
975.0 146 167
975.0 146 168
976.5 8 9
976.5 8 10
978.0 30 38
978.0 30 39
979.5 132 137
979.5 132 138
981.0 1 11
981.0 1 12
982.5 45 62
982.5 45 63
984.0 126 135
984.0 126 136
985.5 150 151
985.5 150 152
987.0 83 85
987.0 83 86
988.5 121 134
988.5 121 135
990.0 149 167
990.0 149 168
991.5 43 168
991.5 43 169
993.0 99 104
993.0 99 105
994.5 173 188
994.5 173 189
996.0 23 40
996.0 23 41
997.5 55 59
997.5 55 60
999.0 26 41
999.0 27 28
1000.5 118 143
1000.5 118 144
1002.0 152 157
1002.0 152 158
1003.5 173 180
1003.5 173 181
1005.0 19 40
1005.0 19 41
1006.5 24 40
1006.5 24 41
1008.0 103 115
1008.0 103 116
1009.5 93 193
1009.5 93 194
1011.0 97 113
1011.0 97 114
1012.5 3 6
1012.5 3 7
1014.0 146 159
1014.0 146 160
1015.5 24 30
1015.5 24 31
1017.0 85 87
1017.0 85 88
1018.5 18 19
1018.5 18 38
1020.0 109 112
1020.0 109 113
1021.5 29 30
1021.5 29 31
1023.0 97 109
1023.0 97 110
1024.5 48 61
1024.5 48 62
1026.0 44 63
1026.0 44 64
1027.5 1 7
1027.5 1 8
1029.0 44 67
1029.0 44 68
1030.5 124 131
1030.5 124 132
1032.0 45 58
1032.0 45 59
1033.5 146 157
1033.5 146 158
1035.0 48 51
1035.0 48 52
1036.5 155 165
1036.5 155 166
1038.0 150 155
1038.0 150 156
1039.5 52 56
1039.5 52 57
1041.0 0 7
1041.0 0 8
1042.5 22 43
1042.5 23 24
1044.0 99 116
1044.0 99 117
1045.5 99 118
1045.5 100 101
1047.0 126 137
1047.0 126 138
1048.5 74 90
1048.5 74 91
1050.0 25 31
1050.0 25 32
1051.5 0 11
1051.5 0 12
1053.0 53 61
1053.0 53 62
1054.5 28 40
1054.5 28 41
1056.0 48 63
1056.0 48 64
1057.5 20 43
1057.5 21 22
1059.0 132 139
1059.0 132 140
1060.5 3 14
1060.5 3 15
1062.0 96 113
1062.0 96 114
1063.5 79 85
1063.5 79 86
1065.0 180 190
1065.0 180 191
1066.5 160 161
1066.5 160 162
1068.0 172 190
1068.0 172 191
1069.5 69 87
1069.5 69 88
1071.0 96 111
1071.0 96 112
1072.5 96 109
1072.5 96 110
1074.0 176 182
1074.0 176 183
1075.5 183 185
1075.5 183 186
1077.0 18 193
1077.0 18 194
1078.5 101 102
1078.5 101 103
1080.0 25 41
1080.0 25 42
1081.5 51 53
1081.5 51 54
1083.0 25 35
1083.0 25 36
1084.5 21 40
1084.5 21 41
1086.0 7 11
1086.0 7 12
1087.5 98 99
1087.5 98 102
1089.0 65 66
1089.0 66 67
1090.5 46 55
1090.5 46 56
1092.0 35 37
1092.0 36 37
1093.5 149 163
1093.5 149 164
1095.0 131 133
1095.0 131 134
1096.5 196 197
1096.5 197 198
1098.0 133 136
1098.0 133 137
1099.5 173 190
1099.5 173 191
1101.0 71 89
1101.0 71 90
1102.5 128 132
1102.5 128 133
1104.0 18 168
1104.0 18 169
1105.5 98 107
1105.5 98 108
1107.0 46 61
1107.0 46 62
1108.5 119 144
1108.5 119 168
1110.0 48 57
1110.0 48 58
1111.5 53 57
1111.5 53 58
1113.0 121 122
1113.0 121 131
1114.5 123 132
1114.5 123 133
1116.0 49 54
1116.0 49 55
1117.5 69 169
1117.5 69 193
1119.0 71 93
1119.0 72 73
1120.5 155 157
1120.5 155 158
1122.0 43 193
1122.0 43 194
1123.5 182 190
1123.5 183 184
1125.0 74 78
1125.0 74 79
1126.5 43 44
1126.5 43 64
1128.0 51 59
1128.0 51 60
1129.5 82 87
1129.5 82 88
1131.0 148 158
1131.0 148 159
1132.5 48 53
1132.5 48 54
1134.0 106 115
1134.0 107 108
1135.5 102 109
1135.5 102 110
1137.0 174 177
1137.0 174 178
1138.5 180 182
1138.5 180 183
1140.0 177 180
1140.0 177 181
1141.5 172 184
1141.5 172 185
1143.0 94 95
1143.0 94 111
1144.5 76 79
1144.5 76 80
1146.0 179 181
1146.0 179 182
1147.5 100 102
1147.5 100 103
1149.0 19 36
1149.0 19 37
1150.5 123 124
1150.5 123 127
1152.0 18 93
1152.0 18 118
1153.5 173 192
1153.5 173 193
1155.0 46 65
1155.0 46 66
1156.5 78 79
1156.5 78 80
1158.0 172 182
1158.0 172 183
1159.5 21 30
1159.5 21 31
1161.0 77 86
1161.0 77 87
1162.5 4 11
1162.5 4 12
1164.0 172 188
1164.0 172 189
1165.5 20 41
1165.5 20 42
1167.0 39 40
1167.0 40 41
1168.5 176 186
1168.5 176 187
1170.0 97 115
1170.0 97 116
1171.5 33 34
1171.5 33 35
1173.0 51 55
1173.0 51 56
1174.5 147 163
1174.5 147 164
1176.0 183 189
1176.0 183 190
1177.5 101 114
1177.5 101 115
1179.0 44 61
1179.0 44 62
1180.5 181 190
1180.5 182 183
1182.0 130 131
1182.0 130 132
1183.5 174 179
1183.5 174 180
1185.0 101 116
1185.0 101 117
1186.5 31 35
1186.5 31 36
1188.0 175 181
1188.0 175 182
1189.5 79 87
1189.5 79 88
1191.0 72 92
1191.0 72 93
1192.5 129 132
1192.5 129 133
1194.0 82 85
1194.0 82 86
1195.5 44 65
1195.5 44 66
1197.0 174 185
1197.0 174 186
1198.5 108 111
1198.5 108 112
1200.0 148 160
1200.0 148 161
1201.5 68 143
1201.5 68 144
1203.0 50 53
1203.0 50 54
1204.5 107 111
1204.5 107 112
1206.0 98 105
1206.0 98 106
1207.5 127 130
1207.5 127 131
1209.0 54 59
1209.0 54 60
1210.5 72 84
1210.5 72 85
1212.0 73 91
1212.0 73 92
1213.5 67 68
1213.5 68 69
1215.0 152 163
1215.0 152 164
1216.5 122 136
1216.5 122 137
1218.0 151 166
1218.0 151 167
1219.5 48 55
1219.5 48 56
1221.0 175 189
1221.0 175 190
1222.5 58 64
1222.5 59 60
1224.0 110 111
1224.0 110 112
1225.5 68 93
1225.5 68 118
1227.0 27 41
1227.0 28 29
1228.5 170 194
1228.5 171 172
1230.0 188 189
1230.0 189 190
1231.5 119 142
1231.5 119 143
1233.0 26 31
1233.0 26 32
1234.5 27 31
1234.5 27 32
1236.0 25 39
1236.0 25 40
1237.5 123 134
1237.5 123 135
1239.0 119 140
1239.0 119 141
1240.5 95 111
1240.5 95 112
1242.0 172 180
1242.0 172 181
1243.5 48 59
1243.5 48 60
