0 176 184
0 176 185
0 176 186
0 176 187
0 176 188
0 176 189
0 176 190
0 176 191
0 176 192
0 176 193
0 177 178
0 177 179
0 177 180
0 177 181
0 177 182
0 177 183
0 177 184
0 177 185
0 177 186
0 177 187
0 177 188
0 177 189
0 177 190
0 177 191
0 177 192
0 178 179
0 178 180
0 178 181
0 178 182
0 178 183
0 178 184
301 155 162
301 155 163
301 155 164
301 155 165
301 155 166
301 156 157
301 156 158
301 156 159
301 156 160
301 156 161
301 156 162
301 156 163
301 156 164
301 156 165
301 157 158
301 157 159
301 157 160
301 157 161
301 157 162
301 157 163
301 157 164
301 157 165
301 158 159
301 158 160
301 158 161
301 158 162
301 158 163
301 158 164
301 159 160
301 159 161
301 159 162
602 74 81
602 74 82
602 74 83
602 74 84
602 74 85
602 74 86
602 74 87
602 74 88
602 74 89
602 74 90
602 74 91
602 74 92
602 75 76
602 75 77
602 75 78
602 75 79
602 75 80
602 75 81
602 75 82
602 75 83
602 75 84
602 75 85
602 75 86
602 75 87
602 75 88
602 75 89
602 75 90
602 75 91
602 75 92
602 76 77
602 76 78
903 109 112
903 109 113
903 110 111
903 110 112
903 110 113
903 111 112
903 112 113
903 113 114
903 114 115
903 115 116
903 116 117
903 117 118
903 118 119
903 118 142
903 118 143
903 118 144
903 118 168
903 118 169
903 118 193
903 118 194
903 119 120
903 119 137
903 119 138
903 119 139
903 119 140
903 119 141
903 119 142
903 119 143
903 119 144
903 119 168
903 119 169
1204 29 31
1204 29 32
1204 29 33
1204 29 34
1204 29 35
1204 29 36
1204 29 37
1204 29 38
1204 29 39
1204 29 40
1204 30 31
1204 30 32
1204 30 33
1204 30 34
1204 30 35
1204 30 36
1204 30 37
1204 30 38
1204 30 39
1204 30 40
1204 31 32
1204 31 33
1204 31 34
1204 31 35
1204 31 36
1204 31 37
1204 31 38
1204 31 39
1204 32 33
1204 32 34
1204 32 35
1505 18 168
1505 18 169
1505 18 193
1505 18 194
1505 19 20
1505 19 35
1505 19 36
1505 19 37
1505 19 38
1505 19 39
1505 19 40
1505 19 41
1505 19 42
1505 19 43
1505 20 21
1505 20 32
1505 20 33
1505 20 34
1505 20 35
1505 20 36
1505 20 37
1505 20 38
1505 20 39
1505 20 40
1505 20 41
1505 20 42
1505 20 43
1505 21 22
1505 21 30
1505 21 31
1505 21 32
1806 78 82
1806 78 83
1806 78 84
1806 78 85
1806 78 86
1806 78 87
1806 78 88
1806 78 89
1806 78 90
1806 78 91
1806 79 80
1806 79 81
1806 79 82
1806 79 83
1806 79 84
1806 79 85
1806 79 86
1806 79 87
1806 79 88
1806 79 89
1806 79 90
1806 79 91
1806 80 81
1806 80 82
1806 80 83
1806 80 84
1806 80 85
1806 80 86
1806 80 87
1806 80 88
1806 80 89
2107 119 193
2107 119 194
2107 120 121
2107 120 134
2107 120 135
2107 120 136
2107 120 137
2107 120 138
2107 120 139
2107 120 140
2107 120 141
2107 120 142
2107 120 143
2107 121 122
2107 121 131
2107 121 132
2107 121 133
2107 121 134
2107 121 135
2107 121 136
2107 121 137
2107 121 138
2107 121 139
2107 121 140
2107 121 141
2107 121 142
2107 121 143
2107 122 123
2107 122 129
2107 122 130
2107 122 131
2408 99 102
2408 99 103
2408 99 104
2408 99 105
2408 99 106
2408 99 107
2408 99 108
2408 99 109
2408 99 110
2408 99 111
2408 99 112
2408 99 113
2408 99 114
2408 99 115
2408 99 116
2408 99 117
2408 99 118
2408 100 101
2408 100 102
2408 100 103
2408 100 104
2408 100 105
2408 100 106
2408 100 107
2408 100 108
2408 100 109
2408 100 110
2408 100 111
2408 100 112
2408 100 113
2408 100 114
2709 170 193
2709 170 194
2709 171 172
2709 171 182
2709 171 183
2709 171 184
2709 171 185
2709 171 186
2709 171 187
2709 171 188
2709 171 189
2709 171 190
2709 171 191
2709 171 192
2709 171 193
2709 171 194
2709 172 173
2709 172 180
2709 172 181
2709 172 182
2709 172 183
2709 172 184
2709 172 185
2709 172 186
2709 172 187
2709 172 188
2709 172 189
2709 172 190
2709 172 191
2709 172 192
2709 172 193
3010 43 144
3010 43 168
3010 43 169
3010 43 193
3010 43 194
3010 44 45
3010 44 60
3010 44 61
3010 44 62
3010 44 63
3010 44 64
3010 44 65
3010 44 66
3010 44 67
3010 44 68
3010 44 193
3010 44 194
3010 45 46
3010 45 57
3010 45 58
3010 45 59
3010 45 60
3010 45 61
3010 45 62
3010 45 63
3010 45 64
3010 45 65
3010 45 66
3010 45 67
3010 45 68
3010 46 47
3311 53 63
3311 53 64
3311 53 65
3311 53 66
3311 54 55
3311 54 56
3311 54 57
3311 54 58
3311 54 59
3311 54 60
3311 54 61
3311 54 62
3311 54 63
3311 54 64
3311 54 65
3311 55 56
3311 55 57
3311 55 58
3311 55 59
3311 55 60
3311 55 61
3311 55 62
3311 55 63
3311 55 64
3311 55 65
3311 56 57
3311 56 58
3311 56 59
3311 56 60
3311 56 61
3311 56 62
3612 46 55
3612 46 56
3612 46 57
3612 46 58
3612 46 59
3612 46 60
3612 46 61
3612 46 62
3612 46 63
3612 46 64
3612 46 65
3612 46 66
3612 46 67
3612 46 68
3612 47 48
3612 47 53
3612 47 54
3612 47 55
3612 47 56
3612 47 57
3612 47 58
3612 47 59
3612 47 60
3612 47 61
3612 47 62
3612 47 63
3612 47 64
3612 47 65
3612 47 66
3612 47 67
3612 47 68
3913 76 79
3913 76 80
3913 76 81
3913 76 82
3913 76 83
3913 76 84
3913 76 85
3913 76 86
3913 76 87
3913 76 88
3913 76 89
3913 76 90
3913 76 91
3913 76 92
3913 77 78
3913 77 79
3913 77 80
3913 77 81
3913 77 82
3913 77 83
3913 77 84
3913 77 85
3913 77 86
3913 77 87
3913 77 88
3913 77 89
3913 77 90
3913 77 91
3913 78 79
3913 78 80
3913 78 81
4214 7 14
4214 8 9
4214 8 10
4214 8 11
4214 8 12
4214 8 13
4214 9 10
4214 9 11
4214 9 12
4214 9 13
4214 10 11
4214 10 12
4214 11 12
4214 12 13
4214 13 14
4214 14 15
4214 15 16
4214 16 17
4214 17 18
4214 18 19
4214 18 38
4214 18 39
4214 18 40
4214 18 41
4214 18 42
4214 18 43
4214 18 68
4214 18 93
4214 18 118
4214 18 143
4214 18 144
4515 124 126
4515 124 127
4515 124 128
4515 124 129
4515 124 130
4515 124 131
4515 124 132
4515 124 133
4515 124 134
4515 124 135
4515 124 136
4515 124 137
4515 124 138
4515 124 139
4515 124 140
4515 124 141
4515 124 142
4515 124 143
4515 125 126
4515 125 127
4515 125 128
4515 125 129
4515 125 130
4515 125 131
4515 125 132
4515 125 133
4515 125 134
4515 125 135
4515 125 136
4515 125 137
4515 125 138
4816 24 41
4816 24 42
4816 25 26
4816 25 27
4816 25 28
4816 25 29
4816 25 30
4816 25 31
4816 25 32
4816 25 33
4816 25 34
4816 25 35
4816 25 36
4816 25 37
4816 25 38
4816 25 39
4816 25 40
4816 25 41
4816 25 42
4816 26 27
4816 26 28
4816 26 29
4816 26 30
4816 26 31
4816 26 32
4816 26 33
4816 26 34
4816 26 35
4816 26 36
4816 26 37
4816 26 38
5117 181 182
5117 181 183
5117 181 184
5117 181 185
5117 181 186
5117 181 187
5117 181 188
5117 181 189
5117 181 190
5117 182 183
5117 182 184
5117 182 185
5117 182 186
5117 182 187
5117 182 188
5117 182 189
5117 182 190
5117 183 184
5117 183 185
5117 183 186
5117 183 187
5117 183 188
5117 183 189
5117 183 190
5117 184 185
5117 184 186
5117 184 187
5117 184 188
5117 184 189
5117 185 186
5117 185 187
5418 56 63
5418 56 64
5418 56 65
5418 57 58
5418 57 59
5418 57 60
5418 57 61
5418 57 62
5418 57 63
5418 57 64
5418 58 59
5418 58 60
5418 58 61
5418 58 62
5418 58 63
5418 58 64
5418 59 60
5418 59 61
5418 59 62
5418 59 63
5418 60 61
5418 60 62
5418 60 63
5418 61 62
5418 62 63
5418 63 64
5418 64 65
5418 65 66
5418 66 67
5418 67 68
5418 68 69
5719 100 115
5719 100 116
5719 100 117
5719 101 102
5719 101 103
5719 101 104
5719 101 105
5719 101 106
5719 101 107
5719 101 108
5719 101 109
5719 101 110
5719 101 111
5719 101 112
5719 101 113
5719 101 114
5719 101 115
5719 101 116
5719 101 117
5719 102 103
5719 102 104
5719 102 105
5719 102 106
5719 102 107
5719 102 108
5719 102 109
5719 102 110
5719 102 111
5719 102 112
5719 102 113
5719 102 114
6020 4 9
6020 4 10
6020 4 11
6020 4 12
6020 4 13
6020 4 14
6020 4 15
6020 5 6
6020 5 7
6020 5 8
6020 5 9
6020 5 10
6020 5 11
6020 5 12
6020 5 13
6020 5 14
6020 5 15
6020 6 7
6020 6 8
6020 6 9
6020 6 10
6020 6 11
6020 6 12
6020 6 13
6020 6 14
6020 7 8
6020 7 9
6020 7 10
6020 7 11
6020 7 12
6020 7 13
6321 125 139
6321 125 140
6321 125 141
6321 125 142
6321 126 127
6321 126 128
6321 126 129
6321 126 130
6321 126 131
6321 126 132
6321 126 133
6321 126 134
6321 126 135
6321 126 136
6321 126 137
6321 126 138
6321 126 139
6321 126 140
6321 126 141
6321 126 142
6321 127 128
6321 127 129
6321 127 130
6321 127 131
6321 127 132
6321 127 133
6321 127 134
6321 127 135
6321 127 136
6321 127 137
6321 127 138
6622 48 49
6622 48 51
6622 48 52
6622 48 53
6622 48 54
6622 48 55
6622 48 56
6622 48 57
6622 48 58
6622 48 59
6622 48 60
6622 48 61
6622 48 62
6622 48 63
6622 48 64
6622 48 65
6622 48 66
6622 48 67
6622 48 68
6622 49 50
6622 49 51
6622 49 52
6622 49 53
6622 49 54
6622 49 55
6622 49 56
6622 49 57
6622 49 58
6622 49 59
6622 49 60
6622 49 61
6923 26 39
6923 26 40
6923 26 41
6923 27 28
6923 27 29
6923 27 30
6923 27 31
6923 27 32
6923 27 33
6923 27 34
6923 27 35
6923 27 36
6923 27 37
6923 27 38
6923 27 39
6923 27 40
6923 27 41
6923 28 29
6923 28 30
6923 28 31
6923 28 32
6923 28 33
6923 28 34
6923 28 35
6923 28 36
6923 28 37
6923 28 38
6923 28 39
6923 28 40
6923 28 41
6923 29 30
7224 23 28
7224 23 29
7224 23 30
7224 23 31
7224 23 32
7224 23 33
7224 23 34
7224 23 35
7224 23 36
7224 23 37
7224 23 38
7224 23 39
7224 23 40
7224 23 41
7224 23 42
7224 24 25
7224 24 26
7224 24 27
7224 24 28
7224 24 29
7224 24 30
7224 24 31
7224 24 32
7224 24 33
7224 24 34
7224 24 35
7224 24 36
7224 24 37
7224 24 38
7224 24 39
7224 24 40
7525 127 139
7525 127 140
7525 127 141
7525 127 142
7525 128 129
7525 128 130
7525 128 131
7525 128 132
7525 128 133
7525 128 134
7525 128 135
7525 128 136
7525 128 137
7525 128 138
7525 128 139
7525 128 140
7525 128 141
7525 129 130
7525 129 131
7525 129 132
7525 129 133
7525 129 134
7525 129 135
7525 129 136
7525 129 137
7525 129 138
7525 129 139
7525 129 140
7525 129 141
7525 130 131
7525 130 132
7826 122 132
7826 122 133
7826 122 134
7826 122 135
7826 122 136
7826 122 137
7826 122 138
7826 122 139
7826 122 140
7826 122 141
7826 122 142
7826 122 143
7826 123 124
7826 123 127
7826 123 128
7826 123 129
7826 123 130
7826 123 131
7826 123 132
7826 123 133
7826 123 134
7826 123 135
7826 123 136
7826 123 137
7826 123 138
7826 123 139
7826 123 140
7826 123 141
7826 123 142
7826 123 143
7826 124 125
8127 159 163
8127 159 164
8127 160 161
8127 160 162
8127 160 163
8127 161 162
8127 161 163
8127 162 163
8127 163 164
8127 164 165
8127 165 166
8127 166 167
8127 167 168
8127 168 169
8127 169 170
8127 169 188
8127 169 189
8127 169 190
8127 169 191
8127 169 192
8127 169 193
8127 169 194
8127 170 171
8127 170 185
8127 170 186
8127 170 187
8127 170 188
8127 170 189
8127 170 190
8127 170 191
8127 170 192
8428 185 188
8428 185 189
8428 186 187
8428 186 188
8428 187 188
8428 188 189
8428 189 190
8428 190 191
8428 191 192
8428 192 193
8428 193 194
8428 194 195
8428 195 196
8428 196 197
8428 197 198
8428 198 199
8729 174 188
8729 174 189
8729 174 190
8729 174 191
8729 174 192
8729 174 193
8729 175 176
8729 175 177
8729 175 178
8729 175 179
8729 175 180
8729 175 181
8729 175 182
8729 175 183
8729 175 184
8729 175 185
8729 175 186
8729 175 187
8729 175 188
8729 175 189
8729 175 190
8729 175 191
8729 175 192
8729 175 193
8729 176 177
8729 176 178
8729 176 179
8729 176 180
8729 176 181
8729 176 182
8729 176 183
9030 80 90
9030 81 82
9030 81 83
9030 81 84
9030 81 85
9030 81 86
9030 81 87
9030 81 88
9030 81 89
9030 81 90
9030 82 83
9030 82 84
9030 82 85
9030 82 86
9030 82 87
9030 82 88
9030 82 89
9030 83 84
9030 83 85
9030 83 86
9030 83 87
9030 83 88
9030 83 89
9030 84 85
9030 84 86
9030 84 87
9030 84 88
9030 85 86
9030 85 87
9030 85 88
9030 86 87
9331 147 162
9331 147 163
9331 147 164
9331 147 165
9331 147 166
9331 147 167
9331 147 168
9331 148 149
9331 148 153
9331 148 154
9331 148 155
9331 148 156
9331 148 157
9331 148 158
9331 148 159
9331 148 160
9331 148 161
9331 148 162
9331 148 163
9331 148 164
9331 148 165
9331 148 166
9331 148 167
9331 148 168
9331 149 150
9331 149 151
9331 149 152
9331 149 153
9331 149 154
9331 149 155
9331 149 156
9632 72 88
9632 72 89
9632 72 90
9632 72 91
9632 72 92
9632 72 93
9632 73 74
9632 73 76
9632 73 77
9632 73 78
9632 73 79
9632 73 80
9632 73 81
9632 73 82
9632 73 83
9632 73 84
9632 73 85
9632 73 86
9632 73 87
9632 73 88
9632 73 89
9632 73 90
9632 73 91
9632 73 92
9632 73 93
9632 74 75
9632 74 76
9632 74 77
9632 74 78
9632 74 79
9632 74 80
9933 145 161
9933 145 162
9933 145 163
9933 145 164
9933 145 165
9933 145 166
9933 145 167
9933 145 168
9933 145 169
9933 146 147
9933 146 157
9933 146 158
9933 146 159
9933 146 160
9933 146 161
9933 146 162
9933 146 163
9933 146 164
9933 146 165
9933 146 166
9933 146 167
9933 146 168
9933 146 169
9933 147 148
9933 147 155
9933 147 156
9933 147 157
9933 147 158
9933 147 159
9933 147 160
9933 147 161
10234 32 36
10234 32 37
10234 32 38
10234 32 39
10234 33 34
10234 33 35
10234 33 36
10234 33 37
10234 33 38
10234 34 35
10234 34 36
10234 34 37
10234 34 38
10234 35 36
10234 35 37
10234 36 37
10234 37 38
10234 38 39
10234 39 40
10234 40 41
10234 41 42
10234 42 43
10234 43 44
10234 43 64
10234 43 65
10234 43 66
10234 43 67
10234 43 68
10234 43 93
10234 43 118
10234 43 143
10535 133 139
10535 134 135
10535 134 136
10535 134 137
10535 134 138
10535 134 139
10535 135 136
10535 135 137
10535 135 138
10535 136 137
10535 136 138
10535 137 138
10535 138 139
10535 139 140
10535 140 141
10535 141 142
10535 142 143
10535 143 144
10535 144 145
10535 144 162
10535 144 163
10535 144 164
10535 144 165
10535 144 166
10535 144 167
10535 144 168
10535 144 169
10535 144 194
10535 145 146
10535 145 159
10535 145 160
10836 149 157
10836 149 158
10836 149 159
10836 149 160
10836 149 161
10836 149 162
10836 149 163
10836 149 164
10836 149 165
10836 149 166
10836 149 167
10836 149 168
10836 150 151
10836 150 152
10836 150 153
10836 150 154
10836 150 155
10836 150 156
10836 150 157
10836 150 158
10836 150 159
10836 150 160
10836 150 161
10836 150 162
10836 150 163
10836 150 164
10836 150 165
10836 150 166
10836 150 167
10836 150 168
10836 151 152
11137 87 88
11137 88 89
11137 89 90
11137 90 91
11137 91 92
11137 92 93
11137 93 94
11137 93 115
11137 93 116
11137 93 117
11137 93 118
11137 93 143
11137 93 144
11137 93 168
11137 93 169
11137 93 193
11137 93 194
11137 94 95
11137 94 111
11137 94 112
11137 94 113
11137 94 114
11137 94 115
11137 94 116
11137 94 117
11137 94 118
11137 94 144
11137 94 168
11137 94 169
11137 94 193
11137 94 194
11438 153 155
11438 153 156
11438 153 157
11438 153 158
11438 153 159
11438 153 160
11438 153 161
11438 153 162
11438 153 163
11438 153 164
11438 153 165
11438 153 166
11438 153 167
11438 154 155
11438 154 156
11438 154 157
11438 154 158
11438 154 159
11438 154 160
11438 154 161
11438 154 162
11438 154 163
11438 154 164
11438 154 165
11438 154 166
11438 155 156
11438 155 157
11438 155 158
11438 155 159
11438 155 160
11438 155 161
11739 130 133
11739 130 134
11739 130 135
11739 130 136
11739 130 137
11739 130 138
11739 130 139
11739 130 140
11739 130 141
11739 131 132
11739 131 133
11739 131 134
11739 131 135
11739 131 136
11739 131 137
11739 131 138
11739 131 139
11739 131 140
11739 132 133
11739 132 134
11739 132 135
11739 132 136
11739 132 137
11739 132 138
11739 132 139
11739 132 140
11739 133 134
11739 133 135
11739 133 136
11739 133 137
11739 133 138
12040 178 185
12040 178 186
12040 178 187
12040 178 188
12040 178 189
12040 178 190
12040 178 191
12040 178 192
12040 179 180
12040 179 181
12040 179 182
12040 179 183
12040 179 184
12040 179 185
12040 179 186
12040 179 187
12040 179 188
12040 179 189
12040 179 190
12040 179 191
12040 180 181
12040 180 182
12040 180 183
12040 180 184
12040 180 185
12040 180 186
12040 180 187
12040 180 188
12040 180 189
12040 180 190
12040 180 191
12341 0 1
12341 0 2
12341 0 3
12341 0 4
12341 0 5
12341 0 6
12341 0 7
12341 0 8
12341 0 9
12341 0 10
12341 0 11
12341 0 12
12341 0 13
12341 0 14
12341 0 15
12341 0 16
12341 0 17
12341 1 2
12341 1 3
12341 1 4
12341 1 5
12341 1 6
12341 1 7
12341 1 8
12341 1 9
12341 1 10
12341 1 11
12341 1 12
12341 1 13
12341 1 14
12341 1 15
12642 102 115
12642 102 116
12642 102 117
12642 103 104
12642 103 105
12642 103 106
12642 103 107
12642 103 108
12642 103 109
12642 103 110
12642 103 111
12642 103 112
12642 103 113
12642 103 114
12642 103 115
12642 103 116
12642 104 105
12642 104 106
12642 104 107
12642 104 108
12642 104 109
12642 104 110
12642 104 111
12642 104 112
12642 104 113
12642 104 114
12642 104 115
12642 104 116
12642 105 106
12642 105 107
12642 105 108
12943 21 33
12943 21 34
12943 21 35
12943 21 36
12943 21 37
12943 21 38
12943 21 39
12943 21 40
12943 21 41
12943 21 42
12943 21 43
12943 22 23
12943 22 28
12943 22 29
12943 22 30
12943 22 31
12943 22 32
12943 22 33
12943 22 34
12943 22 35
12943 22 36
12943 22 37
12943 22 38
12943 22 39
12943 22 40
12943 22 41
12943 22 42
12943 22 43
12943 23 24
12943 23 26
12943 23 27
13244 51 60
13244 51 61
13244 51 62
13244 51 63
13244 51 64
13244 51 65
13244 51 66
13244 51 67
13244 52 53
13244 52 54
13244 52 55
13244 52 56
13244 52 57
13244 52 58
13244 52 59
13244 52 60
13244 52 61
13244 52 62
13244 52 63
13244 52 64
13244 52 65
13244 52 66
13244 53 54
13244 53 55
13244 53 56
13244 53 57
13244 53 58
13244 53 59
13244 53 60
13244 53 61
13244 53 62
13545 97 108
13545 97 109
13545 97 110
13545 97 111
13545 97 112
13545 97 113
13545 97 114
13545 97 115
13545 97 116
13545 97 117
13545 97 118
13545 98 99
13545 98 102
13545 98 103
13545 98 104
13545 98 105
13545 98 106
13545 98 107
13545 98 108
13545 98 109
13545 98 110
13545 98 111
13545 98 112
13545 98 113
13545 98 114
13545 98 115
13545 98 116
13545 98 117
13545 98 118
13545 99 100
13545 99 101
13846 151 153
13846 151 154
13846 151 155
13846 151 156
13846 151 157
13846 151 158
13846 151 159
13846 151 160
13846 151 161
13846 151 162
13846 151 163
13846 151 164
13846 151 165
13846 151 166
13846 151 167
13846 152 153
13846 152 154
13846 152 155
13846 152 156
13846 152 157
13846 152 158
13846 152 159
13846 152 160
13846 152 161
13846 152 162
13846 152 163
13846 152 164
13846 152 165
13846 152 166
13846 152 167
13846 153 154
14147 95 96
14147 95 108
14147 95 109
14147 95 110
14147 95 111
14147 95 112
14147 95 113
14147 95 114
14147 95 115
14147 95 116
14147 95 117
14147 95 118
14147 96 97
14147 96 106
14147 96 107
14147 96 108
14147 96 109
14147 96 110
14147 96 111
14147 96 112
14147 96 113
14147 96 114
14147 96 115
14147 96 116
14147 96 117
14147 96 118
14147 97 98
14147 97 104
14147 97 105
14147 97 106
14147 97 107
14448 105 109
14448 105 110
14448 105 111
14448 105 112
14448 105 113
14448 105 114
14448 105 115
14448 106 107
14448 106 108
14448 106 109
14448 106 110
14448 106 111
14448 106 112
14448 106 113
14448 106 114
14448 106 115
14448 107 108
14448 107 109
14448 107 110
14448 107 111
14448 107 112
14448 107 113
14448 107 114
14448 108 109
14448 108 110
14448 108 111
14448 108 112
14448 108 113
14448 108 114
14448 109 110
14448 109 111
14749 68 89
14749 68 90
14749 68 91
14749 68 92
14749 68 93
14749 68 118
14749 68 143
14749 68 144
14749 68 168
14749 68 169
14749 68 193
14749 68 194
14749 69 70
14749 69 86
14749 69 87
14749 69 88
14749 69 89
14749 69 90
14749 69 91
14749 69 92
14749 69 93
14749 69 168
14749 69 169
14749 69 193
14749 69 194
14749 70 71
14749 70 83
14749 70 84
14749 70 85
14749 70 86
14749 70 87
15050 1 16
15050 2 3
15050 2 4
15050 2 5
15050 2 6
15050 2 7
15050 2 8
15050 2 9
15050 2 10
15050 2 11
15050 2 12
15050 2 13
15050 2 14
15050 2 15
15050 2 16
15050 3 4
15050 3 5
15050 3 6
15050 3 7
15050 3 8
15050 3 9
15050 3 10
15050 3 11
15050 3 12
15050 3 13
15050 3 14
15050 3 15
15050 4 5
15050 4 6
15050 4 7
15050 4 8
15351 172 194
15351 173 174
15351 173 178
15351 173 179
15351 173 180
15351 173 181
15351 173 182
15351 173 183
15351 173 184
15351 173 185
15351 173 186
15351 173 187
15351 173 188
15351 173 189
15351 173 190
15351 173 191
15351 173 192
15351 173 193
15351 174 175
15351 174 176
15351 174 177
15351 174 178
15351 174 179
15351 174 180
15351 174 181
15351 174 182
15351 174 183
15351 174 184
15351 174 185
15351 174 186
15351 174 187
15652 49 62
15652 49 63
15652 49 64
15652 49 65
15652 49 66
15652 49 67
15652 50 51
15652 50 52
15652 50 53
15652 50 54
15652 50 55
15652 50 56
15652 50 57
15652 50 58
15652 50 59
15652 50 60
15652 50 61
15652 50 62
15652 50 63
15652 50 64
15652 50 65
15652 50 66
15652 50 67
15652 51 52
15652 51 53
15652 51 54
15652 51 55
15652 51 56
15652 51 57
15652 51 58
15652 51 59
15953 70 88
15953 70 89
15953 70 90
15953 70 91
15953 70 92
15953 70 93
15953 71 72
15953 71 81
15953 71 82
15953 71 83
15953 71 84
15953 71 85
15953 71 86
15953 71 87
15953 71 88
15953 71 89
15953 71 90
15953 71 91
15953 71 92
15953 71 93
15953 72 73
15953 72 78
15953 72 79
15953 72 80
15953 72 81
15953 72 82
15953 72 83
15953 72 84
15953 72 85
15953 72 86
15953 72 87
0 176 178
0 176 179
1.5 145 161
1.5 145 162
3.0 155 163
3.0 155 164
4.5 150 155
4.5 150 156
6.0 78 83
6.0 78 84
7.5 48 51
7.5 48 52
9.0 50 59
9.0 50 60
10.5 150 151
10.5 150 152
12.0 120 136
12.0 120 137
13.5 54 63
13.5 54 64
15.0 114 115
15.0 115 116
16.5 127 128
16.5 127 129
18.0 127 138
18.0 127 139
19.5 23 42
19.5 24 25
21.0 177 192
21.0 178 179
22.5 107 113
22.5 107 114
24.0 131 135
24.0 131 136
25.5 75 87
25.5 75 88
27.0 56 64
27.0 56 65
28.5 181 188
28.5 181 189
30.0 146 165
30.0 146 166
31.5 75 77
31.5 75 78
33.0 180 186
33.0 180 187
34.5 157 165
34.5 158 159
36.0 73 83
36.0 73 84
37.5 9 11
37.5 9 12
39.0 79 81
39.0 79 82
40.5 31 33
40.5 31 34
42.0 154 160
42.0 154 161
43.5 172 192
43.5 172 193
45.0 178 180
45.0 178 181
46.5 150 157
46.5 150 158
48.0 74 88
48.0 74 89
49.5 99 112
49.5 99 113
51.0 69 70
51.0 69 86
52.5 19 42
52.5 19 43
54.0 29 34
54.0 29 35
55.5 45 62
55.5 45 63
57.0 177 188
57.0 177 189
58.5 25 27
58.5 25 28
60.0 51 57
60.0 51 58
61.5 69 169
61.5 69 193
63.0 59 63
63.0 60 61
64.5 12 13
64.5 13 14
66.0 145 163
66.0 145 164
67.5 55 61
67.5 55 62
69.0 68 168
69.0 68 169
70.5 119 194
70.5 120 121
72.0 53 57
72.0 53 58
73.5 158 164
73.5 159 160
75.0 26 31
75.0 26 32
76.5 33 34
76.5 33 35
78.0 49 58
78.0 49 59
79.5 149 165
79.5 149 166
81.0 120 138
81.0 120 139
82.5 52 54
82.5 52 55
84.0 48 63
84.0 48 64
85.5 1 9
85.5 1 10
87.0 152 167
87.0 153 154
88.5 124 133
88.5 124 134
90.0 136 137
90.0 136 138
91.5 156 163
91.5 156 164
93.0 32 34
93.0 32 35
94.5 2 15
94.5 2 16
96.0 52 56
96.0 52 57
97.5 102 105
97.5 102 106
99.0 54 65
99.0 55 56
100.5 76 89
100.5 76 90
102.0 74 92
102.0 75 76
103.5 107 109
103.5 107 110
105.0 75 85
105.0 75 86
106.5 147 165
106.5 147 166
108.0 18 193
108.0 18 194
109.5 129 132
109.5 129 133
111.0 101 102
111.0 101 103
112.5 88 89
112.5 89 90
114.0 155 165
114.0 155 166
115.5 27 41
115.5 28 29
117.0 152 157
117.0 152 158
118.5 93 193
118.5 93 194
120.0 122 134
120.0 122 135
121.5 0 5
121.5 0 6
123.0 145 167
123.0 145 168
124.5 121 142
124.5 121 143
126.0 98 103
126.0 98 104
127.5 130 137
127.5 130 138
129.0 21 30
129.0 21 31
130.5 122 140
130.5 122 141
132.0 97 113
132.0 97 114
133.5 126 141
133.5 126 142
135.0 120 134
135.0 120 135
136.5 46 61
136.5 46 62
138.0 22 39
138.0 22 40
139.5 172 184
139.5 172 185
141.0 83 87
141.0 83 88
142.5 169 191
142.5 169 192
144.0 160 163
144.0 161 162
145.5 121 136
145.5 121 137
147.0 77 88
147.0 77 89
148.5 99 108
148.5 99 109
150.0 150 159
150.0 150 160
151.5 165 166
151.5 166 167
153.0 170 186
153.0 170 187
154.5 78 91
154.5 79 80
156.0 47 54
156.0 47 55
157.5 102 107
157.5 102 108
159.0 130 139
159.0 130 140
160.5 83 89
160.5 84 85
162.0 3 10
162.0 3 11
163.5 72 82
163.5 72 83
165.0 101 108
165.0 101 109
166.5 186 188
166.5 187 188
168.0 83 85
168.0 83 86
169.5 147 155
169.5 147 156
171.0 74 76
171.0 74 77
172.5 73 93
172.5 74 75
174.0 153 167
174.0 154 155
175.5 179 191
175.5 180 181
177.0 73 91
177.0 73 92
178.5 23 30
178.5 23 31
180.0 21 36
180.0 21 37
181.5 176 180
181.5 176 181
183.0 69 87
183.0 69 88
184.5 5 9
184.5 5 10
186.0 126 129
186.0 126 130
187.5 7 11
187.5 7 12
189.0 108 109
189.0 108 110
190.5 76 77
190.5 76 78
192.0 182 188
192.0 182 189
193.5 178 182
193.5 178 183
195.0 131 137
195.0 131 138
196.5 51 67
196.5 52 53
198.0 82 83
198.0 82 84
199.5 183 185
199.5 183 186
201.0 52 66
201.0 53 54
202.5 126 137
202.5 126 138
204.0 46 67
204.0 46 68
205.5 30 32
205.5 30 33
207.0 24 38
207.0 24 39
208.5 155 159
208.5 155 160
210.0 119 144
210.0 119 168
211.5 173 178
211.5 173 179
213.0 176 188
213.0 176 189
214.5 75 81
214.5 75 82
216.0 170 192
216.0 170 193
217.5 153 163
217.5 153 164
219.0 125 131
219.0 125 132
220.5 130 141
220.5 131 132
222.0 175 193
222.0 176 177
223.5 3 12
223.5 3 13
225.0 5 15
225.0 6 7
226.5 104 113
226.5 104 114
228.0 181 186
228.0 181 187
229.5 65 66
229.5 66 67
231.0 125 135
231.0 125 136
232.5 146 159
232.5 146 160
234.0 76 83
234.0 76 84
235.5 78 85
235.5 78 86
237.0 79 89
237.0 79 90
238.5 157 161
238.5 157 162
240.0 24 30
240.0 24 31
241.5 171 184
241.5 171 185
243.0 69 93
243.0 69 168
244.5 178 190
244.5 178 191
246.0 96 113
246.0 96 114
247.5 132 135
247.5 132 136
249.0 124 129
249.0 124 130
250.5 150 165
250.5 150 166
252.0 124 141
252.0 124 142
253.5 55 63
253.5 55 64
255.0 182 186
255.0 182 187
256.5 175 189
256.5 175 190
258.0 107 111
258.0 107 112
259.5 95 109
259.5 95 110
261.0 43 65
261.0 43 66
262.5 112 113
262.5 113 114
264.0 118 193
264.0 118 194
265.5 104 107
265.5 104 108
267.0 174 181
267.0 174 182
268.5 154 158
268.5 154 159
270.0 27 39
270.0 27 40
271.5 26 41
271.5 27 28
273.0 2 3
273.0 2 4
274.5 178 186
274.5 178 187
276.0 184 185
276.0 184 186
277.5 29 38
277.5 29 39
279.0 76 85
279.0 76 86
280.5 119 169
280.5 119 193
282.0 152 161
282.0 152 162
283.5 128 136
283.5 128 137
285.0 99 118
285.0 100 101
286.5 77 78
286.5 77 79
288.0 25 31
288.0 25 32
289.5 23 38
289.5 23 39
291.0 97 117
291.0 97 118
292.5 30 34
292.5 30 35
294.0 81 83
294.0 81 84
295.5 18 168
295.5 18 169
297.0 125 127
297.0 125 128
298.5 21 38
298.5 21 39
300.0 19 38
300.0 19 39
301.5 5 11
301.5 5 12
303.0 106 107
303.0 106 108
304.5 24 26
304.5 24 27
306.0 174 185
306.0 174 186
307.5 47 58
307.5 47 59
309.0 147 159
309.0 147 160
310.5 0 11
310.5 0 12
312.0 98 99
312.0 98 102
313.5 132 139
313.5 132 140
315.0 26 33
315.0 26 34
316.5 73 77
316.5 73 78
318.0 144 162
318.0 144 163
319.5 22 35
319.5 22 36
321.0 146 163
321.0 146 164
322.5 148 158
322.5 148 159
324.0 156 161
324.0 156 162
325.5 172 190
325.5 172 191
327.0 167 168
327.0 168 169
328.5 77 90
328.5 77 91
330.0 19 20
330.0 19 35
331.5 103 105
331.5 103 106
333.0 151 166
333.0 151 167
334.5 132 133
334.5 132 134
336.0 1 5
336.0 1 6
337.5 100 102
337.5 100 103
339.0 176 186
339.0 176 187
340.5 50 63
340.5 50 64
342.0 9 13
342.0 10 11
343.5 179 187
343.5 179 188
345.0 47 48
345.0 47 53
346.5 25 41
346.5 25 42
348.0 176 190
348.0 176 191
349.5 31 39
349.5 32 33
351.0 5 7
351.0 5 8
352.5 6 8
352.5 6 9
354.0 24 28
354.0 24 29
355.5 103 107
355.5 103 108
357.0 177 178
357.0 177 179
358.5 126 127
358.5 126 128
360.0 155 161
360.0 155 162
361.5 21 32
361.5 21 33
363.0 3 8
363.0 3 9
364.5 123 136
364.5 123 137
366.0 153 157
366.0 153 158
367.5 22 23
367.5 22 28
369.0 58 60
369.0 58 61
370.5 43 44
370.5 43 64
372.0 173 182
372.0 173 183
373.5 118 143
373.5 118 144
375.0 30 38
375.0 30 39
376.5 121 140
376.5 121 141
378.0 171 186
378.0 171 187
379.5 95 115
379.5 95 116
381.0 77 82
381.0 77 83
382.5 104 111
382.5 104 112
384.0 108 111
384.0 108 112
385.5 99 100
385.5 99 101
387.0 49 62
387.0 49 63
388.5 101 114
388.5 101 115
390.0 150 163
390.0 150 164
391.5 0 17
391.5 1 2
393.0 105 112
393.0 105 113
394.5 53 63
394.5 53 64
396.0 21 34
396.0 21 35
397.5 75 91
397.5 75 92
399.0 128 138
399.0 128 139
400.5 100 106
400.5 100 107
402.0 192 193
402.0 193 194
403.5 163 164
403.5 164 165
405.0 59 61
405.0 59 62
406.5 48 65
406.5 48 66
408.0 22 43
408.0 23 24
409.5 100 114
409.5 100 115
411.0 196 197
411.0 197 198
412.5 18 93
412.5 18 118
414.0 1 7
414.0 1 8
415.5 124 139
415.5 124 140
417.0 28 40
417.0 28 41
418.5 127 130
418.5 127 131
420.0 98 111
420.0 98 112
421.5 145 165
421.5 145 166
423.0 153 155
423.0 153 156
424.5 72 92
424.5 72 93
426.0 51 61
426.0 51 62
427.5 82 87
427.5 82 88
429.0 178 192
429.0 179 180
430.5 74 86
430.5 74 87
432.0 159 161
432.0 159 162
433.5 26 37
433.5 26 38
435.0 1 11
435.0 1 12
436.5 46 65
436.5 46 66
438.0 69 89
438.0 69 90
439.5 4 9
439.5 4 10
441.0 124 143
441.0 125 126
442.5 43 193
442.5 43 194
444.0 172 186
444.0 172 187
445.5 96 117
445.5 96 118
447.0 124 131
447.0 124 132
448.5 95 111
448.5 95 112
450.0 144 168
450.0 144 169
451.5 106 109
451.5 106 110
453.0 180 190
453.0 180 191
454.5 149 163
454.5 149 164
456.0 174 187
456.0 174 188
457.5 147 157
457.5 147 158
459.0 129 136
459.0 129 137
460.5 173 184
460.5 173 185
462.0 174 179
462.0 174 180
463.5 43 93
463.5 43 118
465.0 146 161
465.0 146 162
466.5 124 135
466.5 124 136
468.0 139 140
468.0 140 141
469.5 152 159
469.5 152 160
471.0 177 186
471.0 177 187
472.5 144 164
472.5 144 165
474.0 180 184
474.0 180 185
475.5 74 84
475.5 74 85
477.0 71 93
477.0 72 73
478.5 176 184
478.5 176 185
480.0 51 55
480.0 51 56
481.5 96 97
481.5 96 106
483.0 72 88
483.0 72 89
484.5 129 134
484.5 129 135
486.0 71 85
486.0 71 86
487.5 55 59
487.5 55 60
489.0 99 116
489.0 99 117
490.5 179 183
490.5 179 184
492.0 175 179
492.0 175 180
493.5 144 166
493.5 144 167
495.0 50 57
495.0 50 58
496.5 108 113
496.5 108 114
498.0 27 33
498.0 27 34
499.5 22 41
499.5 22 42
501.0 180 182
501.0 180 183
502.5 99 110
502.5 99 111
504.0 73 79
504.0 73 80
505.5 180 188
505.5 180 189
507.0 50 53
507.0 50 54
508.5 49 64
508.5 49 65
510.0 79 87
510.0 79 88
511.5 50 51
511.5 50 52
513.0 72 90
513.0 72 91
514.5 128 140
514.5 128 141
516.0 70 85
516.0 70 86
517.5 123 142
517.5 123 143
519.0 50 65
519.0 50 66
520.5 35 37
520.5 36 37
522.0 69 194
522.0 70 71
523.5 53 59
523.5 53 60
525.0 175 187
525.0 175 188
526.5 55 65
526.5 56 57
528.0 24 36
528.0 24 37
529.5 48 61
529.5 48 62
531.0 80 90
531.0 81 82
532.5 148 160
532.5 148 161
534.0 55 57
534.0 55 58
535.5 134 139
535.5 135 136
537.0 18 19
537.0 18 38
538.5 51 59
538.5 51 60
540.0 147 163
540.0 147 164
541.5 126 135
541.5 126 136
543.0 73 81
543.0 73 82
544.5 174 189
544.5 174 190
546.0 16 17
546.0 17 18
547.5 94 114
547.5 94 115
549.0 125 129
549.0 125 130
550.5 70 89
550.5 70 90
552.0 20 43
552.0 21 22
553.5 102 109
553.5 102 110
555.0 182 184
555.0 182 185
556.5 171 194
556.5 172 173
558.0 125 139
558.0 125 140
559.5 150 167
559.5 150 168
561.0 56 58
561.0 56 59
562.5 151 162
562.5 151 163
564.0 22 29
564.0 22 30
565.5 125 141
565.5 125 142
567.0 20 37
567.0 20 38
568.5 21 40
568.5 21 41
570.0 71 91
570.0 71 92
571.5 98 115
571.5 98 116
573.0 100 110
573.0 100 111
574.5 127 136
574.5 127 137
576.0 123 128
576.0 123 129
577.5 131 139
577.5 131 140
579.0 96 109
579.0 96 110
580.5 23 32
580.5 23 33
582.0 169 170
582.0 169 188
583.5 122 130
583.5 122 131
585.0 126 133
585.0 126 134
586.5 183 189
586.5 183 190
588.0 158 160
588.0 158 161
589.5 160 161
589.5 160 162
591.0 118 168
591.0 118 169
592.5 102 113
592.5 102 114
594.0 81 85
594.0 81 86
595.5 0 15
595.5 0 16
597.0 18 41
597.0 18 42
598.5 51 63
598.5 51 64
600.0 23 40
600.0 23 41
601.5 123 138
601.5 123 139
603.0 95 117
603.0 95 118
604.5 81 87
604.5 81 88
606.0 135 137
606.0 135 138
607.5 148 168
607.5 149 150
609.0 124 127
609.0 124 128
610.5 177 180
610.5 177 181
612.0 127 140
612.0 127 141
613.5 68 91
613.5 68 92
615.0 25 37
615.0 25 38
616.5 129 138
616.5 129 139
618.0 78 89
618.0 78 90
619.5 22 31
619.5 22 32
621.0 174 175
621.0 174 176
622.5 158 162
622.5 158 163
624.0 56 60
624.0 56 61
625.5 93 115
625.5 93 116
627.0 26 39
627.0 26 40
628.5 98 117
628.5 98 118
630.0 2 13
630.0 2 14
631.5 151 164
631.5 151 165
633.0 23 34
633.0 23 35
634.5 145 159
634.5 145 160
636.0 184 189
636.0 185 186
637.5 18 43
637.5 18 68
639.0 57 62
639.0 57 63
640.5 175 185
640.5 175 186
642.0 46 63
642.0 46 64
643.5 104 115
643.5 104 116
645.0 48 57
645.0 48 58
646.5 41 42
646.5 42 43
648.0 95 113
648.0 95 114
649.5 172 180
649.5 172 181
651.0 74 80
651.0 74 81
652.5 161 163
652.5 162 163
654.0 171 192
654.0 171 193
655.5 2 5
655.5 2 6
657.0 20 41
657.0 20 42
658.5 170 194
658.5 171 172
660.0 121 134
660.0 121 135
661.5 170 190
661.5 170 191
663.0 170 171
663.0 170 185
664.5 33 36
664.5 33 37
666.0 122 123
666.0 122 129
667.5 156 157
667.5 156 158
669.0 21 42
669.0 21 43
670.5 79 91
670.5 80 81
672.0 119 140
672.0 119 141
673.5 44 63
673.5 44 64
675.0 123 140
675.0 123 141
676.5 133 134
676.5 133 135
678.0 56 62
678.0 56 63
679.5 75 89
679.5 75 90
681.0 71 81
681.0 71 82
682.5 52 62
682.5 52 63
684.0 177 184
684.0 177 185
685.5 104 105
685.5 104 106
687.0 46 57
687.0 46 58
688.5 57 58
688.5 57 59
690.0 54 59
690.0 54 60
691.5 47 56
691.5 47 57
693.0 92 93
693.0 93 94
694.5 2 7
694.5 2 8
696.0 106 111
696.0 106 112
697.5 82 85
697.5 82 86
699.0 105 106
699.0 105 107
700.5 78 81
700.5 78 82
702.0 172 182
702.0 172 183
703.5 34 38
703.5 35 36
705.0 151 152
705.0 151 153
706.5 154 164
706.5 154 165
708.0 72 78
708.0 72 79
709.5 80 82
709.5 80 83
711.0 152 163
711.0 152 164
712.5 30 40
712.5 31 32
714.0 39 40
714.0 40 41
715.5 172 188
715.5 172 189
717.0 145 169
717.0 146 147
718.5 100 116
718.5 100 117
720.0 58 64
720.0 59 60
721.5 8 13
721.5 9 10
723.0 23 28
723.0 23 29
724.5 182 190
724.5 183 184
726.0 76 81
726.0 76 82
727.5 25 33
727.5 25 34
729.0 44 45
729.0 44 60
730.5 94 116
730.5 94 117
732.0 4 7
732.0 4 8
733.5 121 138
733.5 121 139
735.0 23 26
735.0 23 27
736.5 45 46
736.5 45 57
738.0 177 190
738.0 177 191
739.5 185 187
739.5 185 188
741.0 151 154
741.0 151 155
742.5 98 105
742.5 98 106
744.0 97 98
744.0 97 104
745.5 29 30
745.5 29 31
747.0 101 104
747.0 101 105
748.5 123 130
748.5 123 131
750.0 4 5
750.0 4 6
751.5 4 13
751.5 4 14
753.0 23 36
753.0 23 37
754.5 176 182
754.5 176 183
756.0 81 89
756.0 81 90
757.5 52 64
757.5 52 65
759.0 156 165
759.0 157 158
760.5 173 180
760.5 173 181
762.0 46 59
762.0 46 60
763.5 1 15
763.5 1 16
765.0 29 36
765.0 29 37
766.5 130 131
766.5 130 132
768.0 169 189
768.0 169 190
769.5 75 79
769.5 75 80
771.0 43 143
771.0 43 144
772.5 174 191
772.5 174 192
774.0 57 60
774.0 57 61
775.5 44 61
775.5 44 62
777.0 169 193
777.0 169 194
778.5 173 186
778.5 173 187
780.0 190 191
780.0 191 192
781.5 152 155
781.5 152 156
783.0 156 159
783.0 156 160
784.5 76 91
784.5 76 92
786.0 57 64
786.0 58 59
787.5 7 9
787.5 7 10
789.0 122 132
789.0 122 133
790.5 104 109
790.5 104 110
792.0 148 162
792.0 148 163
793.5 49 66
793.5 49 67
795.0 120 142
795.0 120 143
796.5 25 39
796.5 25 40
798.0 99 104
798.0 99 105
799.5 47 64
799.5 47 65
801.0 68 89
801.0 68 90
802.5 130 133
802.5 130 134
804.0 120 140
804.0 120 141
805.5 157 159
805.5 157 160
807.0 133 136
807.0 133 137
808.5 79 85
808.5 79 86
810.0 84 88
810.0 85 86
811.5 146 167
811.5 146 168
813.0 134 135
813.0 134 136
814.5 24 40
814.5 24 41
816.0 95 96
816.0 95 108
817.5 122 142
817.5 122 143
819.0 74 82
819.0 74 83
820.5 155 157
820.5 155 158
822.0 76 79
822.0 76 80
823.5 27 35
823.5 27 36
825.0 4 11
825.0 4 12
826.5 170 188
826.5 170 189
828.0 10 12
828.0 11 12
829.5 18 39
829.5 18 40
831.0 99 114
831.0 99 115
832.5 154 156
832.5 154 157
834.0 130 135
834.0 130 136
835.5 123 132
835.5 123 133
837.0 173 192
837.0 173 193
838.5 94 168
838.5 94 169
840.0 102 111
840.0 102 112
841.5 103 111
841.5 103 112
843.0 2 11
843.0 2 12
844.5 152 153
844.5 152 154
846.0 32 36
846.0 32 37
847.5 177 182
847.5 177 183
849.0 73 85
849.0 73 86
850.5 94 112
850.5 94 113
852.0 96 115
852.0 96 116
853.5 175 177
853.5 175 178
855.0 43 168
855.0 43 169
856.5 102 117
856.5 103 104
858.0 148 156
858.0 148 157
859.5 82 89
859.5 83 84
861.0 26 35
861.0 26 36
862.5 52 58
862.5 52 59
864.0 54 61
864.0 54 62
865.5 0 3
865.5 0 4
867.0 122 136
867.0 122 137
868.5 105 114
868.5 105 115
870.0 19 36
870.0 19 37
871.5 37 38
871.5 38 39
873.0 175 183
873.0 175 184
874.5 97 109
874.5 97 110
876.0 63 64
876.0 64 65
877.5 110 113
877.5 111 112
879.0 149 159
879.0 149 160
880.5 174 177
880.5 174 178
882.0 74 90
882.0 74 91
883.5 24 34
883.5 24 35
885.0 47 66
885.0 47 67
886.5 28 30
886.5 28 31
888.0 97 115
888.0 97 116
889.5 46 55
889.5 46 56
891.0 147 161
891.0 147 162
892.5 6 10
892.5 6 11
894.0 0 9
894.0 0 10
895.5 96 107
895.5 96 108
897.0 100 104
897.0 100 105
898.5 27 37
898.5 27 38
900.0 48 55
900.0 48 56
901.5 106 113
901.5 106 114
903.0 153 165
903.0 153 166
904.5 70 91
904.5 70 92
906.0 49 50
906.0 49 51
907.5 102 103
907.5 102 104
909.0 119 138
909.0 119 139
910.5 50 61
910.5 50 62
912.0 154 166
912.0 155 156
913.5 119 120
913.5 119 137
915.0 185 189
915.0 186 187
916.5 126 139
916.5 126 140
918.0 7 13
918.0 7 14
919.5 45 68
919.5 46 47
921.0 29 40
921.0 30 31
922.5 98 107
922.5 98 108
924.0 175 181
924.0 175 182
925.5 45 58
925.5 45 59
927.0 1 13
927.0 1 14
928.5 116 117
928.5 117 118
930.0 60 62
930.0 60 63
931.5 44 193
931.5 44 194
933.0 181 190
933.0 182 183
934.5 157 163
934.5 157 164
936.0 179 185
936.0 179 186
937.5 71 83
937.5 71 84
939.0 34 36
939.0 34 37
940.5 137 138
940.5 138 139
942.0 53 65
942.0 53 66
943.5 28 36
943.5 28 37
945.0 171 190
945.0 171 191
946.5 118 119
946.5 118 142
948.0 97 107
948.0 97 108
949.5 127 142
949.5 128 129
951.0 8 9
951.0 8 10
952.5 73 87
952.5 73 88
954.0 102 115
954.0 102 116
955.5 121 132
955.5 121 133
957.0 69 91
957.0 69 92
958.5 183 187
958.5 183 188
960.0 128 130
960.0 128 131
961.5 24 42
961.5 25 26
963.0 77 84
963.0 77 85
964.5 51 65
964.5 51 66
966.0 172 194
966.0 173 174
967.5 27 31
967.5 27 32
969.0 148 164
969.0 148 165
970.5 109 110
970.5 109 111
972.0 174 183
972.0 174 184
973.5 22 37
973.5 22 38
975.0 181 184
975.0 181 185
976.5 127 134
976.5 127 135
978.0 132 137
978.0 132 138
979.5 0 7
979.5 0 8
981.0 1 3
981.0 1 4
982.5 31 37
982.5 31 38
984.0 86 87
984.0 87 88
985.5 98 109
985.5 98 110
987.0 123 134
987.0 123 135
988.5 184 187
988.5 184 188
990.0 68 143
990.0 68 144
991.5 174 193
991.5 175 176
993.0 148 154
993.0 148 155
994.5 54 55
994.5 54 56
996.0 29 32
996.0 29 33
997.5 80 84
997.5 80 85
999.0 28 38
999.0 28 39
1000.5 61 62
1000.5 62 63
1002.0 78 79
1002.0 78 80
1003.5 45 60
1003.5 45 61
1005.0 153 161
1005.0 153 162
1006.5 159 163
1006.5 159 164
1008.0 73 89
1008.0 73 90
1009.5 141 142
1009.5 142 143
1011.0 25 35
1011.0 25 36
1012.5 49 56
1012.5 49 57
1014.0 94 118
1014.0 94 144
1015.5 70 83
1015.5 70 84
1017.0 48 59
1017.0 48 60
1018.5 105 110
1018.5 105 111
1020.0 129 140
1020.0 129 141
1021.5 148 149
1021.5 148 153
1023.0 77 80
1023.0 77 81
1024.5 128 132
1024.5 128 133
1026.0 119 142
1026.0 119 143
1027.5 28 34
1027.5 28 35
1029.0 18 143
1029.0 18 144
1030.5 3 14
1030.5 3 15
1032.0 33 38
1032.0 34 35
1033.5 14 15
1033.5 15 16
1035.0 73 74
1035.0 73 76
1036.5 173 188
1036.5 173 189
1038.0 71 89
1038.0 71 90
1039.5 176 192
1039.5 176 193
1041.0 32 38
1041.0 32 39
1042.5 106 115
1042.5 107 108
1044.0 47 60
1044.0 47 61
1045.5 99 102
1045.5 99 103
1047.0 3 4
1047.0 3 5
1048.5 101 110
1048.5 101 111
1050.0 151 158
1050.0 151 159
1051.5 50 55
1051.5 50 56
1053.0 94 95
1053.0 94 111
1054.5 105 108
1054.5 105 109
1056.0 28 32
1056.0 28 33
1057.5 48 53
1057.5 48 54
1059.0 125 137
1059.0 125 138
1060.5 153 159
1060.5 153 160
1062.0 54 57
1062.0 54 58
1063.5 4 15
1063.5 5 6
1065.0 123 124
1065.0 123 127
1066.5 93 117
1066.5 93 118
1068.0 0 13
1068.0 0 14
1069.5 94 193
1069.5 94 194
1071.0 76 87
1071.0 76 88
1072.5 154 162
1072.5 154 163
1074.0 101 106
1074.0 101 107
1075.5 5 13
1075.5 5 14
1077.0 45 64
1077.0 45 65
1078.5 126 131
1078.5 126 132
1080.0 72 86
1080.0 72 87
1081.5 67 68
1081.5 68 69
1083.0 47 62
1083.0 47 63
1084.5 173 190
1084.5 173 191
1086.0 53 55
1086.0 53 56
1087.5 152 165
1087.5 152 166
1089.0 68 193
1089.0 68 194
1090.5 171 188
1090.5 171 189
1092.0 49 60
1092.0 49 61
1093.5 50 67
1093.5 51 52
1095.0 20 39
1095.0 20 40
1096.5 2 9
1096.5 2 10
1098.0 80 86
1098.0 80 87
1099.5 26 29
1099.5 26 30
1101.0 188 189
1101.0 189 190
1102.5 146 157
1102.5 146 158
1104.0 97 105
1104.0 97 106
1105.5 125 133
1105.5 125 134
1107.0 151 156
1107.0 151 157
1108.5 78 87
1108.5 78 88
1110.0 44 67
1110.0 44 68
1111.5 149 167
1111.5 149 168
1113.0 93 168
1113.0 93 169
1114.5 48 67
1114.5 48 68
1116.0 149 151
1116.0 149 152
1117.5 100 112
1117.5 100 113
1119.0 26 27
1119.0 26 28
1120.5 22 33
1120.5 22 34
1122.0 79 83
1122.0 79 84
1123.5 96 111
1123.5 96 112
1125.0 0 1
1125.0 0 2
1126.5 101 116
1126.5 101 117
1128.0 149 153
1128.0 149 154
1129.5 70 93
1129.5 71 72
1131.0 103 115
1131.0 103 116
1132.5 179 189
1132.5 179 190
1134.0 30 36
1134.0 30 37
1135.5 171 182
1135.5 171 183
1137.0 150 153
1137.0 150 154
1138.5 53 61
1138.5 53 62
1140.0 179 181
1140.0 179 182
1141.5 20 33
1141.5 20 34
1143.0 99 106
1143.0 99 107
1144.5 124 137
1144.5 124 138
1146.0 134 137
1146.0 134 138
1147.5 110 111
1147.5 110 112
1149.0 149 161
1149.0 149 162
1150.5 43 67
1150.5 43 68
1152.0 8 11
1152.0 8 12
1153.5 52 60
1153.5 52 61
1155.0 47 68
1155.0 48 49
1156.5 100 108
1156.5 100 109
1158.0 129 130
1158.0 129 131
1159.5 143 144
1159.5 144 145
1161.0 68 93
1161.0 68 118
1162.5 6 14
1162.5 7 8
1164.0 84 86
1164.0 84 87
1165.5 150 161
1165.5 150 162
1167.0 98 113
1167.0 98 114
1168.5 103 109
1168.5 103 110
1170.0 151 160
1170.0 151 161
1171.5 101 112
1171.5 101 113
1173.0 70 87
1173.0 70 88
1174.5 121 122
1174.5 121 131
1176.0 75 83
1176.0 75 84
1177.5 44 65
1177.5 44 66
1179.0 97 111
1179.0 97 112
1180.5 20 35
1180.5 20 36
1182.0 109 112
1182.0 109 113
1183.5 175 191
1183.5 175 192
1185.0 147 167
1185.0 147 168
1186.5 49 52
1186.5 49 53
1188.0 144 194
1188.0 145 146
1189.5 181 182
1189.5 181 183
1191.0 45 66
1191.0 45 67
1192.5 133 138
1192.5 133 139
1194.0 71 87
1194.0 71 88
1195.5 72 84
1195.5 72 85
1197.0 194 195
1197.0 195 196
1198.5 85 87
1198.5 85 88
1200.0 27 29
1200.0 27 30
1201.5 131 133
1201.5 131 134
1203.0 80 88
1203.0 80 89
1204.5 90 91
1204.5 91 92
1206.0 49 54
1206.0 49 55
1207.5 19 40
1207.5 19 41
1209.0 148 166
1209.0 148 167
1210.5 6 12
1210.5 6 13
1212.0 124 125
1212.0 124 126
1213.5 72 80
1213.5 72 81
1215.0 74 78
1215.0 74 79
1216.5 198 199
1218.0 24 32
1218.0 24 33
1219.5 25 29
1219.5 25 30
1221.0 149 155
1221.0 149 156
1222.5 103 113
1222.5 103 114
1224.0 178 184
1224.0 178 185
1225.5 149 157
1225.5 149 158
1227.0 20 21
1227.0 20 32
1228.5 3 6
1228.5 3 7
1230.0 127 132
1230.0 127 133
1231.5 128 134
1231.5 128 135
1233.0 178 188
1233.0 178 189
1234.5 58 62
1234.5 58 63
1236.0 93 143
1236.0 93 144
1237.5 77 86
1237.5 77 87
1239.0 122 138
1239.0 122 139
1240.5 146 169
1240.5 147 148
1242.0 31 35
1242.0 31 36
1243.5 51 53
1243.5 51 54
