0 73 79
0 73 80
1.5 182 184
1.5 182 185
3.0 176 182
3.0 176 183
4.5 8 11
4.5 8 12
6.0 102 103
6.0 102 104
7.5 32 34
7.5 32 35
9.0 26 37
9.0 26 38
10.5 32 38
10.5 32 39
12.0 59 63
12.0 60 61
13.5 178 182
13.5 178 183
15.0 156 159
15.0 156 160
16.5 28 38
16.5 28 39
18.0 106 113
18.0 106 114
19.5 84 88
19.5 85 86
21.0 126 141
21.0 126 142
22.5 149 167
22.5 149 168
24.0 18 41
24.0 18 42
25.5 85 87
25.5 85 88
27.0 125 127
27.0 125 128
28.5 71 83
28.5 71 84
30.0 180 186
30.0 180 187
31.5 54 55
31.5 54 56
33.0 107 109
33.0 107 110
34.5 49 52
34.5 49 53
36.0 44 45
36.0 44 60
37.5 147 163
37.5 147 164
39.0 133 138
39.0 133 139
40.5 153 163
40.5 153 164
42.0 190 191
42.0 191 192
43.5 43 65
43.5 43 66
45.0 30 34
45.0 30 35
46.5 144 168
46.5 144 169
48.0 127 134
48.0 127 135
49.5 72 90
49.5 72 91
51.0 3 8
51.0 3 9
52.5 97 111
52.5 97 112
54.0 128 134
54.0 128 135
55.5 147 167
55.5 147 168
57.0 20 21
57.0 20 32
58.5 146 165
58.5 146 166
60.0 2 13
60.0 2 14
61.5 173 182
61.5 173 183
63.0 82 89
63.0 83 84
64.5 100 114
64.5 100 115
66.0 96 117
66.0 96 118
67.5 26 41
67.5 27 28
69.0 134 139
69.0 135 136
70.5 9 11
70.5 9 12
72.0 154 160
72.0 154 161
73.5 119 142
73.5 119 143
75.0 119 194
75.0 120 121
76.5 43 67
76.5 43 68
78.0 52 60
78.0 52 61
79.5 123 140
79.5 123 141
81.0 96 113
81.0 96 114
82.5 78 89
82.5 78 90
84.0 57 62
84.0 57 63
85.5 46 55
85.5 46 56
87.0 180 182
87.0 180 183
88.5 43 93
88.5 43 118
90.0 123 124
90.0 123 127
91.5 156 163
91.5 156 164
93.0 128 138
93.0 128 139
94.5 53 55
94.5 53 56
96.0 98 117
96.0 98 118
97.5 132 137
97.5 132 138
99.0 125 135
99.0 125 136
100.5 78 91
100.5 79 80
102.0 2 9
102.0 2 10
103.5 47 58
103.5 47 59
105.0 75 85
105.0 75 86
106.5 175 191
106.5 175 192
108.0 24 34
108.0 24 35
109.5 23 36
109.5 23 37
111.0 58 64
111.0 59 60
112.5 169 189
112.5 169 190
114.0 48 63
114.0 48 64
115.5 169 193
115.5 169 194
117.0 121 136
117.0 121 137
118.5 78 83
118.5 78 84
120.0 123 130
120.0 123 131
121.5 4 13
121.5 4 14
123.0 67 68
123.0 68 69
124.5 178 190
124.5 178 191
126.0 102 109
126.0 102 110
127.5 152 165
127.5 152 166
129.0 76 85
129.0 76 86
130.5 99 112
130.5 99 113
132.0 74 82
132.0 74 83
133.5 73 91
133.5 73 92
135.0 104 111
135.0 104 112
136.5 18 168
136.5 18 169
138.0 170 186
138.0 170 187
139.5 150 155
139.5 150 156
141.0 81 83
141.0 81 84
142.5 44 63
142.5 44 64
144.0 1 7
144.0 1 8
145.5 0 9
145.5 0 10
147.0 51 61
147.0 51 62
148.5 52 64
148.5 52 65
150.0 54 59
150.0 54 60
151.5 151 154
151.5 151 155
153.0 57 64
153.0 58 59
154.5 150 153
154.5 150 154
156.0 151 166
156.0 151 167
157.5 155 157
157.5 155 158
159.0 130 141
159.0 131 132
160.5 150 167
160.5 150 168
162.0 52 56
162.0 52 57
163.5 75 79
163.5 75 80
165.0 130 131
165.0 130 132
166.5 46 59
166.5 46 60
168.0 196 197
168.0 197 198
169.5 54 63
169.5 54 64
171.0 150 157
171.0 150 158
172.5 149 159
172.5 149 160
174.0 145 163
174.0 145 164
175.5 101 110
175.5 101 111
177.0 75 91
177.0 75 92
178.5 50 53
178.5 50 54
180.0 0 17
180.0 1 2
181.5 0 13
181.5 0 14
183.0 156 161
183.0 156 162
184.5 81 85
184.5 81 86
186.0 58 62
186.0 58 63
187.5 5 7
187.5 5 8
189.0 96 97
189.0 96 106
190.5 131 135
190.5 131 136
192.0 49 58
192.0 49 59
193.5 100 104
193.5 100 105
195.0 141 142
195.0 142 143
196.5 73 81
196.5 73 82
198.0 51 67
198.0 52 53
199.5 192 193
199.5 193 194
201.0 82 85
201.0 82 86
202.5 127 132
202.5 127 133
204.0 165 166
204.0 166 167
205.5 25 27
205.5 25 28
207.0 178 180
207.0 178 181
208.5 73 89
208.5 73 90
210.0 59 61
210.0 59 62
211.5 25 29
211.5 25 30
213.0 129 136
213.0 129 137
214.5 1 3
214.5 1 4
216.0 18 39
216.0 18 40
217.5 118 193
217.5 118 194
219.0 108 111
219.0 108 112
220.5 8 9
220.5 8 10
222.0 149 163
222.0 149 164
223.5 6 12
223.5 6 13
225.0 72 86
225.0 72 87
226.5 0 5
226.5 0 6
228.0 105 114
228.0 105 115
229.5 72 82
229.5 72 83
231.0 71 91
231.0 71 92
232.5 18 193
232.5 18 194
234.0 172 184
234.0 172 185
235.5 122 142
235.5 122 143
237.0 97 113
237.0 97 114
238.5 60 62
238.5 60 63
240.0 123 132
240.0 123 133
241.5 26 29
241.5 26 30
243.0 97 109
243.0 97 110
244.5 160 161
244.5 160 162
246.0 72 78
246.0 72 79
247.5 45 58
247.5 45 59
249.0 95 113
249.0 95 114
250.5 77 78
250.5 77 79
252.0 194 195
252.0 195 196
253.5 151 160
253.5 151 161
255.0 171 190
255.0 171 191
256.5 121 132
256.5 121 133
258.0 28 32
258.0 28 33
259.5 121 142
259.5 121 143
261.0 72 80
261.0 72 81
262.5 18 93
262.5 18 118
264.0 48 65
264.0 48 66
265.5 105 112
265.5 105 113
267.0 109 112
267.0 109 113
268.5 69 169
268.5 69 193
270.0 8 13
270.0 9 10
271.5 12 13
271.5 13 14
273.0 48 53
273.0 48 54
274.5 148 158
274.5 148 159
276.0 65 66
276.0 66 67
277.5 123 128
277.5 123 129
279.0 50 55
279.0 50 56
280.5 101 102
280.5 101 103
282.0 160 163
282.0 161 162
283.5 100 110
283.5 100 111
285.0 49 64
285.0 49 65
286.5 51 63
286.5 51 64
288.0 155 165
288.0 155 166
289.5 28 30
289.5 28 31
291.0 44 67
291.0 44 68
292.5 61 62
292.5 62 63
294.0 95 109
294.0 95 110
295.5 71 93
295.5 72 73
297.0 179 181
297.0 179 182
298.5 80 86
298.5 80 87
300.0 34 38
300.0 35 36
301.5 145 159
301.5 145 160
303.0 69 89
303.0 69 90
304.5 4 11
304.5 4 12
306.0 122 136
306.0 122 137
307.5 22 23
307.5 22 28
309.0 82 83
309.0 82 84
310.5 47 48
310.5 47 53
312.0 44 65
312.0 44 66
313.5 102 107
313.5 102 108
315.0 77 90
315.0 77 91
316.5 101 106
316.5 101 107
318.0 178 192
318.0 179 180
319.5 105 110
319.5 105 111
321.0 132 133
321.0 132 134
322.5 35 37
322.5 36 37
324.0 129 140
324.0 129 141
325.5 171 188
325.5 171 189
327.0 99 110
327.0 99 111
328.5 69 91
328.5 69 92
330.0 5 9
330.0 5 10
331.5 83 89
331.5 84 85
333.0 49 62
333.0 49 63
334.5 146 157
334.5 146 158
336.0 23 34
336.0 23 35
337.5 33 34
337.5 33 35
339.0 119 120
339.0 119 137
340.5 106 107
340.5 106 108
342.0 72 88
342.0 72 89
343.5 144 166
343.5 144 167
345.0 177 178
345.0 177 179
346.5 88 89
346.5 89 90
348.0 81 87
348.0 81 88
349.5 150 151
349.5 150 152
351.0 104 115
351.0 104 116
352.5 73 87
352.5 73 88
354.0 102 113
354.0 102 114
355.5 43 44
355.5 43 64
357.0 99 108
357.0 99 109
358.5 56 58
358.5 56 59
360.0 77 80
360.0 77 81
361.5 119 140
361.5 119 141
363.0 150 159
363.0 150 160
364.5 147 159
364.5 147 160
366.0 134 137
366.0 134 138
367.5 77 86
367.5 77 87
369.0 148 156
369.0 148 157
370.5 127 136
370.5 127 137
372.0 69 87
372.0 69 88
373.5 55 57
373.5 55 58
375.0 79 83
375.0 79 84
376.5 73 83
376.5 73 84
378.0 177 182
378.0 177 183
379.5 95 111
379.5 95 112
381.0 181 186
381.0 181 187
382.5 151 158
382.5 151 159
384.0 133 136
384.0 133 137
385.5 7 13
385.5 7 14
387.0 161 163
387.0 162 163
388.5 25 39
388.5 25 40
390.0 97 105
390.0 97 106
391.5 1 11
391.5 1 12
393.0 53 59
393.0 53 60
394.5 99 114
394.5 99 115
396.0 151 164
396.0 151 165
397.5 95 115
397.5 95 116
399.0 55 63
399.0 55 64
400.5 58 60
400.5 58 61
402.0 154 156
402.0 154 157
403.5 152 163
403.5 152 164
405.0 56 62
405.0 56 63
406.5 45 62
406.5 45 63
408.0 118 168
408.0 118 169
409.5 19 20
409.5 19 35
411.0 172 186
411.0 172 187
412.5 52 66
412.5 53 54
414.0 23 40
414.0 23 41
415.5 70 91
415.5 70 92
417.0 26 31
417.0 26 32
418.5 22 41
418.5 22 42
420.0 149 165
420.0 149 166
421.5 176 190
421.5 176 191
423.0 0 7
423.0 0 8
424.5 71 81
424.5 71 82
426.0 146 167
426.0 146 168
427.5 74 86
427.5 74 87
429.0 155 159
429.0 155 160
430.5 93 168
430.5 93 169
432.0 29 32
432.0 29 33
433.5 101 108
433.5 101 109
435.0 94 116
435.0 94 117
436.5 72 84
436.5 72 85
438.0 74 80
438.0 74 81
439.5 128 130
439.5 128 131
441.0 155 161
441.0 155 162
442.5 153 159
442.5 153 160
444.0 173 188
444.0 173 189
445.5 51 65
445.5 51 66
447.0 75 81
447.0 75 82
448.5 96 115
448.5 96 116
450.0 172 188
450.0 172 189
451.5 49 60
451.5 49 61
453.0 184 189
453.0 185 186
454.5 29 40
454.5 30 31
456.0 70 85
456.0 70 86
457.5 148 164
457.5 148 165
459.0 47 66
459.0 47 67
460.5 127 128
460.5 127 129
462.0 84 86
462.0 84 87
463.5 46 65
463.5 46 66
465.0 21 34
465.0 21 35
466.5 102 115
466.5 102 116
468.0 68 193
468.0 68 194
469.5 183 187
469.5 183 188
471.0 99 102
471.0 99 103
472.5 74 84
472.5 74 85
474.0 186 188
474.0 187 188
475.5 70 93
475.5 71 72
477.0 83 85
477.0 83 86
478.5 6 8
478.5 6 9
480.0 32 36
480.0 32 37
481.5 129 130
481.5 129 131
483.0 21 36
483.0 21 37
484.5 33 38
484.5 34 35
486.0 176 188
486.0 176 189
487.5 1 5
487.5 1 6
489.0 5 13
489.0 5 14
490.5 180 190
490.5 180 191
492.0 53 61
492.0 53 62
493.5 170 192
493.5 170 193
495.0 25 37
495.0 25 38
496.5 148 162
496.5 148 163
498.0 76 83
498.0 76 84
499.5 175 183
499.5 175 184
501.0 120 140
501.0 120 141
502.5 183 189
502.5 183 190
504.0 107 113
504.0 107 114
505.5 126 129
505.5 126 130
507.0 182 188
507.0 182 189
508.5 175 187
508.5 175 188
510.0 75 87
510.0 75 88
511.5 93 115
511.5 93 116
513.0 69 70
513.0 69 86
514.5 153 157
514.5 153 158
516.0 173 178
516.0 173 179
517.5 74 90
517.5 74 91
519.0 124 141
519.0 124 142
520.5 21 38
520.5 21 39
522.0 50 59
522.0 50 60
523.5 103 113
523.5 103 114
525.0 171 182
525.0 171 183
526.5 31 39
526.5 32 33
528.0 148 160
528.0 148 161
529.5 156 165
529.5 157 158
531.0 122 140
531.0 122 141
532.5 106 115
532.5 107 108
534.0 22 33
534.0 22 34
535.5 147 157
535.5 147 158
537.0 158 162
537.0 158 163
538.5 3 6
538.5 3 7
540.0 104 113
540.0 104 114
541.5 53 65
541.5 53 66
543.0 172 194
543.0 173 174
544.5 78 85
544.5 78 86
546.0 34 36
546.0 34 37
547.5 30 32
547.5 30 33
549.0 50 51
549.0 50 52
550.5 139 140
550.5 140 141
552.0 119 169
552.0 119 193
553.5 68 91
553.5 68 92
555.0 57 60
555.0 57 61
556.5 21 30
556.5 21 31
558.0 146 161
558.0 146 162
559.5 48 55
559.5 48 56
561.0 131 137
561.0 131 138
562.5 179 183
562.5 179 184
564.0 55 59
564.0 55 60
565.5 98 115
565.5 98 116
567.0 41 42
567.0 42 43
568.5 124 133
568.5 124 134
570.0 76 89
570.0 76 90
571.5 80 84
571.5 80 85
573.0 48 51
573.0 48 52
574.5 23 32
574.5 23 33
576.0 175 189
576.0 175 190
577.5 68 168
577.5 68 169
579.0 93 117
579.0 93 118
580.5 130 139
580.5 130 140
582.0 126 127
582.0 126 128
583.5 5 15
583.5 6 7
585.0 172 180
585.0 172 181
586.5 121 138
586.5 121 139
588.0 102 117
588.0 103 104
589.5 116 117
589.5 117 118
591.0 179 189
591.0 179 190
592.5 112 113
592.5 113 114
594.0 145 167
594.0 145 168
595.5 148 166
595.5 148 167
597.0 4 7
597.0 4 8
598.5 177 188
598.5 177 189
600.0 52 54
600.0 52 55
601.5 169 191
601.5 169 192
603.0 175 193
603.0 176 177
604.5 159 163
604.5 159 164
606.0 47 62
606.0 47 63
607.5 45 60
607.5 45 61
609.0 51 53
609.0 51 54
610.5 21 32
610.5 21 33
612.0 56 64
612.0 56 65
613.5 137 138
613.5 138 139
615.0 175 185
615.0 175 186
616.5 99 100
616.5 99 101
618.0 76 77
618.0 76 78
619.5 43 193
619.5 43 194
621.0 31 35
621.0 31 36
622.5 170 190
622.5 170 191
624.0 171 186
624.0 171 187
625.5 98 105
625.5 98 106
627.0 27 41
627.0 28 29
628.5 127 130
628.5 127 131
630.0 3 14
630.0 3 15
631.5 171 194
631.5 172 173
633.0 19 38
633.0 19 39
634.5 174 183
634.5 174 184
636.0 79 89
636.0 79 90
637.5 54 61
637.5 54 62
639.0 146 159
639.0 146 160
640.5 70 89
640.5 70 90
642.0 24 28
642.0 24 29
643.5 163 164
643.5 164 165
645.0 24 38
645.0 24 39
646.5 149 157
646.5 149 158
648.0 27 31
648.0 27 32
649.5 157 163
649.5 157 164
651.0 173 184
651.0 173 185
652.5 26 27
652.5 26 28
654.0 53 63
654.0 53 64
655.5 126 139
655.5 126 140
657.0 24 26
657.0 24 27
658.5 106 111
658.5 106 112
660.0 145 161
660.0 145 162
661.5 76 87
661.5 76 88
663.0 28 34
663.0 28 35
664.5 22 35
664.5 22 36
666.0 52 58
666.0 52 59
667.5 149 151
667.5 149 152
669.0 54 57
669.0 54 58
670.5 68 143
670.5 68 144
672.0 125 131
672.0 125 132
673.5 3 10
673.5 3 11
675.0 170 188
675.0 170 189
676.5 19 40
676.5 19 41
678.0 21 40
678.0 21 41
679.5 23 38
679.5 23 39
681.0 174 187
681.0 174 188
682.5 147 165
682.5 147 166
684.0 99 106
684.0 99 107
685.5 63 64
685.5 64 65
687.0 177 180
687.0 177 181
688.5 68 93
688.5 68 118
690.0 50 63
690.0 50 64
691.5 152 167
691.5 153 154
693.0 70 87
693.0 70 88
694.5 175 179
694.5 175 180
696.0 156 157
696.0 156 158
697.5 24 40
697.5 24 41
699.0 83 87
699.0 83 88
700.5 102 105
700.5 102 106
702.0 170 171
702.0 170 185
703.5 145 169
703.5 146 147
705.0 174 185
705.0 174 186
706.5 152 155
706.5 152 156
708.0 43 168
708.0 43 169
709.5 170 194
709.5 171 172
711.0 75 89
711.0 75 90
712.5 94 114
712.5 94 115
714.0 159 161
714.0 159 162
715.5 97 98
715.5 97 104
717.0 177 186
717.0 177 187
718.5 1 9
718.5 1 10
720.0 176 186
720.0 176 187
721.5 74 78
721.5 74 79
723.0 157 165
723.0 158 159
724.5 98 111
724.5 98 112
726.0 120 142
726.0 120 143
727.5 97 107
727.5 97 108
729.0 128 132
729.0 128 133
730.5 124 125
730.5 124 126
732.0 44 193
732.0 44 194
733.5 73 85
733.5 73 86
735.0 22 37
735.0 22 38
736.5 20 41
736.5 20 42
738.0 180 184
738.0 180 185
739.5 53 57
739.5 53 58
741.0 46 57
741.0 46 58
742.5 26 33
742.5 26 34
744.0 120 134
744.0 120 135
745.5 45 64
745.5 45 65
747.0 151 152
747.0 151 153
748.5 14 15
748.5 15 16
750.0 100 108
750.0 100 109
751.5 49 54
751.5 49 55
753.0 157 159
753.0 157 160
754.5 119 144
754.5 119 168
756.0 101 112
756.0 101 113
757.5 93 193
757.5 93 194
759.0 153 155
759.0 153 156
760.5 154 158
760.5 154 159
762.0 94 112
762.0 94 113
763.5 155 163
763.5 155 164
765.0 2 15
765.0 2 16
766.5 179 191
766.5 180 181
768.0 2 5
768.0 2 6
769.5 146 163
769.5 146 164
771.0 48 67
771.0 48 68
772.5 50 57
772.5 50 58
774.0 37 38
774.0 38 39
775.5 77 82
775.5 77 83
777.0 4 5
777.0 4 6
778.5 68 89
778.5 68 90
780.0 148 149
780.0 148 153
781.5 25 41
781.5 25 42
783.0 95 117
783.0 95 118
784.5 93 143
784.5 93 144
786.0 147 161
786.0 147 162
787.5 29 38
787.5 29 39
789.0 172 192
789.0 172 193
790.5 173 180
790.5 173 181
792.0 69 93
792.0 69 168
793.5 152 161
793.5 152 162
795.0 52 62
795.0 52 63
796.5 20 33
796.5 20 34
798.0 182 190
798.0 183 184
799.5 127 142
799.5 128 129
801.0 198 199
802.5 94 168
802.5 94 169
804.0 177 184
804.0 177 185
805.5 98 103
805.5 98 104
807.0 92 93
807.0 93 94
808.5 181 190
808.5 182 183
810.0 183 185
810.0 183 186
811.5 144 194
811.5 145 146
813.0 149 153
813.0 149 154
814.5 171 184
814.5 171 185
816.0 94 193
816.0 94 194
817.5 118 143
817.5 118 144
819.0 148 154
819.0 148 155
820.5 134 135
820.5 134 136
822.0 154 162
822.0 154 163
823.5 175 177
823.5 175 178
825.0 80 82
825.0 80 83
826.5 127 138
826.5 127 139
828.0 153 167
828.0 154 155
829.5 136 137
829.5 136 138
831.0 81 89
831.0 81 90
832.5 150 161
832.5 150 162
834.0 31 37
834.0 31 38
835.5 2 3
835.5 2 4
837.0 132 139
837.0 132 140
838.5 55 61
838.5 55 62
840.0 74 88
840.0 74 89
841.5 24 32
841.5 24 33
843.0 178 188
843.0 178 189
844.5 25 33
844.5 25 34
846.0 45 68
846.0 46 47
847.5 103 109
847.5 103 110
849.0 7 9
849.0 7 10
850.5 182 186
850.5 182 187
852.0 126 133
852.0 126 134
853.5 20 39
853.5 20 40
855.0 173 190
855.0 173 191
856.5 174 177
856.5 174 178
858.0 49 56
858.0 49 57
859.5 76 81
859.5 76 82
861.0 105 108
861.0 105 109
862.5 133 134
862.5 133 135
864.0 75 83
864.0 75 84
865.5 39 40
865.5 40 41
867.0 29 34
867.0 29 35
868.5 49 66
868.5 49 67
870.0 129 138
870.0 129 139
871.5 5 11
871.5 5 12
873.0 46 61
873.0 46 62
874.5 18 143
874.5 18 144
876.0 99 104
876.0 99 105
877.5 79 87
877.5 79 88
879.0 176 184
879.0 176 185
880.5 129 134
880.5 129 135
882.0 23 28
882.0 23 29
883.5 135 137
883.5 135 138
885.0 3 12
885.0 3 13
886.5 126 137
886.5 126 138
888.0 179 187
888.0 179 188
889.5 50 67
889.5 51 52
891.0 1 15
891.0 1 16
892.5 57 58
892.5 57 59
894.0 144 162
894.0 144 163
895.5 78 87
895.5 78 88
897.0 75 77
897.0 75 78
898.5 126 131
898.5 126 132
900.0 127 140
900.0 127 141
901.5 154 166
901.5 155 156
903.0 181 188
903.0 181 189
904.5 176 178
904.5 176 179
906.0 22 31
906.0 22 32
907.5 50 65
907.5 50 66
909.0 74 76
909.0 74 77
910.5 86 87
910.5 87 88
912.0 148 168
912.0 149 150
913.5 7 11
913.5 7 12
915.0 125 129
915.0 125 130
916.5 0 3
916.5 0 4
918.0 179 185
918.0 179 186
919.5 6 10
919.5 6 11
921.0 98 99
921.0 98 102
922.5 176 180
922.5 176 181
924.0 145 165
924.0 145 166
925.5 143 144
925.5 144 145
927.0 94 118
927.0 94 144
928.5 173 192
928.5 173 193
930.0 49 50
930.0 49 51
931.5 72 92
931.5 72 93
933.0 157 161
933.0 157 162
934.5 158 160
934.5 158 161
936.0 124 139
936.0 124 140
937.5 48 61
937.5 48 62
939.0 98 107
939.0 98 108
940.5 79 85
940.5 79 86
942.0 48 57
942.0 48 58
943.5 123 142
943.5 123 143
945.0 110 111
945.0 110 112
946.5 146 169
946.5 147 148
948.0 128 136
948.0 128 137
949.5 121 122
949.5 121 131
951.0 22 29
951.0 22 30
952.5 129 132
952.5 129 133
954.0 173 186
954.0 173 187
955.5 167 168
955.5 168 169
957.0 124 127
957.0 124 128
958.5 132 135
958.5 132 136
960.0 50 61
960.0 50 62
961.5 23 26
961.5 23 27
963.0 123 134
963.0 123 135
964.5 109 110
964.5 109 111
966.0 99 118
966.0 100 101
967.5 174 189
967.5 174 190
969.0 153 165
969.0 153 166
970.5 79 81
970.5 79 82
972.0 123 138
972.0 123 139
973.5 24 42
973.5 25 26
975.0 20 43
975.0 21 22
976.5 122 130
976.5 122 131
978.0 122 123
978.0 122 129
979.5 188 189
979.5 189 190
981.0 2 7
981.0 2 8
982.5 96 107
982.5 96 108
984.0 131 139
984.0 131 140
985.5 110 113
985.5 111 112
987.0 43 143
987.0 43 144
988.5 26 35
988.5 26 36
990.0 124 131
990.0 124 132
991.5 21 42
991.5 21 43
993.0 45 66
993.0 45 67
994.5 20 35
994.5 20 36
996.0 144 164
996.0 144 165
997.5 25 35
997.5 25 36
999.0 28 40
999.0 28 41
1000.5 48 59
1000.5 48 60
1002.0 26 39
1002.0 26 40
1003.5 152 159
1003.5 152 160
1005.0 107 111
1005.0 107 112
1006.5 130 137
1006.5 130 138
1008.0 174 179
1008.0 174 180
1009.5 102 111
1009.5 102 112
1011.0 126 135
1011.0 126 136
1012.5 23 30
1012.5 23 31
1014.0 122 138
1014.0 122 139
1015.5 131 133
1015.5 131 134
1017.0 47 68
1017.0 48 49
1018.5 29 36
1018.5 29 37
1020.0 114 115
1020.0 115 116
1021.5 55 65
1021.5 56 57
1023.0 100 102
1023.0 100 103
1024.5 27 37
1024.5 27 38
1026.0 0 1
1026.0 0 2
1027.5 175 181
1027.5 175 182
1029.0 125 139
1029.0 125 140
1030.5 24 30
1030.5 24 31
1032.0 1 13
1032.0 1 14
1033.5 10 12
1033.5 11 12
1035.0 124 135
1035.0 124 136
1036.5 23 42
1036.5 24 25
1038.0 70 83
1038.0 70 84
1039.5 172 182
1039.5 172 183
1041.0 51 57
1041.0 51 58
1042.5 77 84
1042.5 77 85
1044.0 121 140
1044.0 121 141
1045.5 125 137
1045.5 125 138
1047.0 151 156
1047.0 151 157
1048.5 44 61
1048.5 44 62
1050.0 78 81
1050.0 78 82
1051.5 184 185
1051.5 184 186
1053.0 158 164
1053.0 159 160
1054.5 123 136
1054.5 123 137
1056.0 121 134
1056.0 121 135
1057.5 176 192
1057.5 176 193
1059.0 174 191
1059.0 174 192
1060.5 118 119
1060.5 118 142
1062.0 172 190
1062.0 172 191
1063.5 178 184
1063.5 178 185
1065.0 74 92
1065.0 75 76
1066.5 73 77
1066.5 73 78
1068.0 2 11
1068.0 2 12
1069.5 47 54
1069.5 47 55
1071.0 47 56
1071.0 47 57
1072.5 25 31
1072.5 25 32
1074.0 20 37
1074.0 20 38
1075.5 3 4
1075.5 3 5
1077.0 9 13
1077.0 10 11
1078.5 124 143
1078.5 125 126
1080.0 153 161
1080.0 153 162
1081.5 100 112
1081.5 100 113
1083.0 181 184
1083.0 181 185
1084.5 96 109
1084.5 96 110
1086.0 82 87
1086.0 82 88
1087.5 95 96
1087.5 95 108
1089.0 76 91
1089.0 76 92
1090.5 73 74
1090.5 73 76
1092.0 103 107
1092.0 103 108
1093.5 22 43
1093.5 23 24
1095.0 79 91
1095.0 80 81
1096.5 33 36
1096.5 33 37
1098.0 147 155
1098.0 147 156
1099.5 185 187
1099.5 185 188
1101.0 154 164
1101.0 154 165
1102.5 122 134
1102.5 122 135
1104.0 177 192
1104.0 178 179
1105.5 108 109
1105.5 108 110
1107.0 103 115
1107.0 103 116
1108.5 119 138
1108.5 119 139
1110.0 130 135
1110.0 130 136
1111.5 108 113
1111.5 108 114
1113.0 105 106
1113.0 105 107
1114.5 174 181
1114.5 174 182
1116.0 29 30
1116.0 29 31
1117.5 178 186
1117.5 178 187
1119.0 28 36
1119.0 28 37
1120.5 30 36
1120.5 30 37
1122.0 106 109
1122.0 106 110
1123.5 150 165
1123.5 150 166
1125.0 100 106
1125.0 100 107
1126.5 27 35
1126.5 27 36
1128.0 101 116
1128.0 101 117
1129.5 99 116
1129.5 99 117
1131.0 180 188
1131.0 180 189
1132.5 22 39
1132.5 22 40
1134.0 152 153
1134.0 152 154
1135.5 30 40
1135.5 31 32
1137.0 51 55
1137.0 51 56
1138.5 80 90
1138.5 81 82
1140.0 73 93
1140.0 74 75
1141.5 100 116
1141.5 100 117
1143.0 27 39
1143.0 27 40
1144.5 120 136
1144.5 120 137
1146.0 54 65
1146.0 55 56
1147.5 46 63
1147.5 46 64
1149.0 177 190
1149.0 177 191
1150.5 171 192
1150.5 171 193
1152.0 124 129
1152.0 124 130
1153.5 120 138
1153.5 120 139
1155.0 56 60
1155.0 56 61
1156.5 19 42
1156.5 19 43
1158.0 97 115
1158.0 97 116
1159.5 0 15
1159.5 0 16
1161.0 130 133
1161.0 130 134
1162.5 78 79
1162.5 78 80
1164.0 104 109
1164.0 104 110
1165.5 51 59
1165.5 51 60
1167.0 27 29
1167.0 27 30
1168.5 19 36
1168.5 19 37
1170.0 77 88
1170.0 77 89
1171.5 184 187
1171.5 184 188
1173.0 47 64
1173.0 47 65
1174.5 174 175
1174.5 174 176
1176.0 71 85
1176.0 71 86
1177.5 125 141
1177.5 125 142
1179.0 101 114
1179.0 101 115
1180.5 125 133
1180.5 125 134
1182.0 185 189
1182.0 186 187
1183.5 46 67
1183.5 46 68
1185.0 128 140
1185.0 128 141
1186.5 101 104
1186.5 101 105
1188.0 6 14
1188.0 7 8
1189.5 104 107
1189.5 104 108
1191.0 76 79
1191.0 76 80
1192.5 174 193
1192.5 175 176
1194.0 27 33
1194.0 27 34
1195.5 18 19
1195.5 18 38
1197.0 98 109
1197.0 98 110
1198.5 103 111
1198.5 103 112
1200.0 169 170
1200.0 169 188
1201.5 69 194
1201.5 70 71
1203.0 31 33
1203.0 31 34
1204.5 71 87
1204.5 71 88
1206.0 18 43
1206.0 18 68
1207.5 122 132
1207.5 122 133
1209.0 71 89
1209.0 71 90
1210.5 90 91
1210.5 91 92
1212.0 45 46
1212.0 45 57
1213.5 30 38
1213.5 30 39
1215.0 104 105
1215.0 104 106
1216.5 47 60
1216.5 47 61
1218.0 24 36
1218.0 24 37
1219.5 150 163
1219.5 150 164
1221.0 152 157
1221.0 152 158
1222.5 80 88
1222.5 80 89
1224.0 149 155
1224.0 149 156
1225.5 98 113
1225.5 98 114
1227.0 181 182
1227.0 181 183
1228.5 97 117
1228.5 97 118
1230.0 16 17
1230.0 17 18
1231.5 149 161
1231.5 149 162
1233.0 0 11
1233.0 0 12
1234.5 96 111
1234.5 96 112
1236.0 103 105
1236.0 103 106
1237.5 94 95
1237.5 94 111
1239.0 124 137
1239.0 124 138
1240.5 4 9
1240.5 4 10
1242.0 4 15
1242.0 5 6
1243.5 151 162
1243.5 151 163
