0 9 28
0 9 29
0 9 30
0 9 31
0 9 32
0 9 33
0 10 11
0 10 21
0 10 22
0 10 23
0 10 24
0 10 25
0 10 26
0 10 27
0 10 28
0 10 29
0 10 30
0 10 31
0 10 32
0 10 33
0 11 12
0 11 19
0 11 20
0 11 21
0 11 22
0 11 23
0 11 24
0 11 25
0 11 26
0 11 27
0 11 28
301 36 55
301 36 56
301 36 57
301 36 58
301 37 38
301 37 42
301 37 43
301 37 44
301 37 45
301 37 46
301 37 47
301 37 48
301 37 49
301 37 50
301 37 51
301 37 52
301 37 53
301 37 54
301 37 55
301 37 56
301 37 57
301 38 39
301 38 40
301 38 41
301 38 42
301 38 43
301 38 44
301 38 45
301 38 46
301 38 47
301 38 48
602 19 29
602 19 30
602 20 21
602 20 22
602 20 23
602 20 24
602 20 25
602 20 26
602 20 27
602 20 28
602 20 29
602 21 22
602 21 23
602 21 24
602 21 25
602 21 26
602 21 27
602 21 28
602 21 29
602 22 23
602 22 24
602 22 25
602 22 26
602 22 27
602 22 28
602 23 24
602 23 25
602 23 26
602 23 27
602 23 28
602 24 25
903 13 24
903 13 25
903 13 26
903 13 27
903 13 28
903 13 29
903 13 30
903 13 31
903 13 32
903 14 15
903 14 16
903 14 17
903 14 18
903 14 19
903 14 20
903 14 21
903 14 22
903 14 23
903 14 24
903 14 25
903 14 26
903 14 27
903 14 28
903 14 29
903 14 30
903 14 31
903 14 32
903 15 16
903 15 17
903 15 18
903 15 19
1204 115 126
1204 115 127
1204 115 128
1204 115 129
1204 115 130
1204 115 131
1204 115 132
1204 116 117
1204 116 118
1204 116 119
1204 116 120
1204 116 121
1204 116 122
1204 116 123
1204 116 124
1204 116 125
1204 116 126
1204 116 127
1204 116 128
1204 116 129
1204 116 130
1204 116 131
1204 116 132
1204 117 118
1204 117 119
1204 117 120
1204 117 121
1204 117 122
1204 117 123
1204 117 124
1204 117 125
1505 67 73
1505 67 74
1505 67 75
1505 67 76
1505 67 77
1505 67 78
1505 67 79
1505 67 80
1505 67 81
1505 68 69
1505 68 70
1505 68 71
1505 68 72
1505 68 73
1505 68 74
1505 68 75
1505 68 76
1505 68 77
1505 68 78
1505 68 79
1505 68 80
1505 68 81
1505 69 70
1505 69 71
1505 69 72
1505 69 73
1505 69 74
1505 69 75
1505 69 76
1505 69 77
1505 69 78
1806 15 20
1806 15 21
1806 15 22
1806 15 23
1806 15 24
1806 15 25
1806 15 26
1806 15 27
1806 15 28
1806 15 29
1806 15 30
1806 15 31
1806 16 17
1806 16 18
1806 16 19
1806 16 20
1806 16 21
1806 16 22
1806 16 23
1806 16 24
1806 16 25
1806 16 26
1806 16 27
1806 16 28
1806 16 29
1806 16 30
1806 16 31
1806 17 18
1806 17 19
1806 17 20
1806 17 21
2107 48 52
2107 48 53
2107 49 50
2107 49 51
2107 49 52
2107 49 53
2107 50 51
2107 50 52
2107 51 52
2107 52 53
2107 53 54
2107 54 55
2107 55 56
2107 56 57
2107 57 58
2107 58 59
2107 58 78
2107 58 79
2107 58 80
2107 58 81
2107 58 82
2107 58 83
2107 58 108
2107 58 133
2107 58 158
2107 58 183
2107 58 184
2107 59 60
2107 59 75
2107 59 76
2107 59 77
2408 73 78
2408 74 75
2408 74 76
2408 74 77
2408 74 78
2408 75 76
2408 75 77
2408 76 77
2408 77 78
2408 78 79
2408 79 80
2408 80 81
2408 81 82
2408 82 83
2408 83 84
2408 83 104
2408 83 105
2408 83 106
2408 83 107
2408 83 108
2408 83 133
2408 83 158
2408 83 183
2408 83 184
2408 84 85
2408 84 100
2408 84 101
2408 84 102
2408 84 103
2408 84 104
2408 84 105
2709 87 88
2709 87 93
2709 87 94
2709 87 95
2709 87 96
2709 87 97
2709 87 98
2709 87 99
2709 87 100
2709 87 101
2709 87 102
2709 87 103
2709 87 104
2709 87 105
2709 87 106
2709 87 107
2709 87 108
2709 88 89
2709 88 91
2709 88 92
2709 88 93
2709 88 94
2709 88 95
2709 88 96
2709 88 97
2709 88 98
2709 88 99
2709 88 100
2709 88 101
2709 88 102
2709 88 103
3010 113 131
3010 113 132
3010 113 133
3010 114 115
3010 114 116
3010 114 117
3010 114 118
3010 114 119
3010 114 120
3010 114 121
3010 114 122
3010 114 123
3010 114 124
3010 114 125
3010 114 126
3010 114 127
3010 114 128
3010 114 129
3010 114 130
3010 114 131
3010 114 132
3010 115 116
3010 115 117
3010 115 118
3010 115 119
3010 115 120
3010 115 121
3010 115 122
3010 115 123
3010 115 124
3010 115 125
3311 24 26
3311 24 27
3311 25 26
3311 25 27
3311 26 27
3311 27 28
3311 28 29
3311 29 30
3311 30 31
3311 31 32
3311 32 33
3311 33 34
3311 33 52
3311 33 53
3311 33 54
3311 33 55
3311 33 56
3311 33 57
3311 33 58
3311 33 83
3311 33 108
3311 33 133
3311 33 158
3311 33 183
3311 33 184
3311 34 35
3311 34 49
3311 34 50
3311 34 51
3311 34 52
3311 34 53
3612 40 45
3612 40 46
3612 40 47
3612 40 48
3612 40 49
3612 40 50
3612 40 51
3612 40 52
3612 40 53
3612 40 54
3612 40 55
3612 40 56
3612 40 57
3612 41 42
3612 41 43
3612 41 44
3612 41 45
3612 41 46
3612 41 47
3612 41 48
3612 41 49
3612 41 50
3612 41 51
3612 41 52
3612 41 53
3612 41 54
3612 41 55
3612 41 56
3612 42 43
3612 42 44
3612 42 45
3913 164 173
3913 164 174
3913 164 175
3913 164 176
3913 164 177
3913 164 178
3913 164 179
3913 164 180
3913 164 181
3913 164 182
3913 164 183
3913 165 166
3913 165 167
3913 165 168
3913 165 169
3913 165 170
3913 165 171
3913 165 172
3913 165 173
3913 165 174
3913 165 175
3913 165 176
3913 165 177
3913 165 178
3913 165 179
3913 165 180
3913 165 181
3913 165 182
3913 166 167
3913 166 168
3913 166 169
4214 175 177
4214 175 178
4214 176 177
4214 176 178
4214 177 178
4214 178 179
4214 179 180
4214 180 181
4214 181 182
4214 182 183
4214 183 184
4214 184 185
4214 185 186
4214 185 199
4214 186 187
4214 186 197
4214 186 198
4214 186 199
4214 187 188
4214 187 195
4214 187 196
4214 187 197
4214 187 198
4214 187 199
4214 188 189
4214 188 193
4214 188 194
4214 188 195
4214 188 196
4214 188 197
4214 188 198
4515 94 105
4515 95 96
4515 95 97
4515 95 98
4515 95 99
4515 95 100
4515 95 101
4515 95 102
4515 95 103
4515 95 104
4515 95 105
4515 96 97
4515 96 98
4515 96 99
4515 96 100
4515 96 101
4515 96 102
4515 96 103
4515 96 104
4515 96 105
4515 97 98
4515 97 99
4515 97 100
4515 97 101
4515 97 102
4515 97 103
4515 97 104
4515 98 99
4515 98 100
4515 98 101
4515 98 102
4816 112 119
4816 112 120
4816 112 121
4816 112 122
4816 112 123
4816 112 124
4816 112 125
4816 112 126
4816 112 127
4816 112 128
4816 112 129
4816 112 130
4816 112 131
4816 112 132
4816 112 133
4816 113 114
4816 113 116
4816 113 117
4816 113 118
4816 113 119
4816 113 120
4816 113 121
4816 113 122
4816 113 123
4816 113 124
4816 113 125
4816 113 126
4816 113 127
4816 113 128
4816 113 129
4816 113 130
5117 140 154
5117 140 155
5117 140 156
5117 140 157
5117 141 142
5117 141 143
5117 141 144
5117 141 145
5117 141 146
5117 141 147
5117 141 148
5117 141 149
5117 141 150
5117 141 151
5117 141 152
5117 141 153
5117 141 154
5117 141 155
5117 141 156
5117 141 157
5117 142 143
5117 142 144
5117 142 145
5117 142 146
5117 142 147
5117 142 148
5117 142 149
5117 142 150
5117 142 151
5117 142 152
5117 142 153
5418 134 184
5418 135 136
5418 135 148
5418 135 149
5418 135 150
5418 135 151
5418 135 152
5418 135 153
5418 135 154
5418 135 155
5418 135 156
5418 135 157
5418 135 158
5418 136 137
5418 136 146
5418 136 147
5418 136 148
5418 136 149
5418 136 150
5418 136 151
5418 136 152
5418 136 153
5418 136 154
5418 136 155
5418 136 156
5418 136 157
5418 136 158
5418 137 138
5418 137 144
5418 137 145
5418 137 146
5719 139 141
5719 139 142
5719 139 143
5719 139 144
5719 139 145
5719 139 146
5719 139 147
5719 139 148
5719 139 149
5719 139 150
5719 139 151
5719 139 152
5719 139 153
5719 139 154
5719 139 155
5719 139 156
5719 139 157
5719 139 158
5719 140 141
5719 140 142
5719 140 143
5719 140 144
5719 140 145
5719 140 146
5719 140 147
5719 140 148
5719 140 149
5719 140 150
5719 140 151
5719 140 152
5719 140 153
6020 170 180
6020 170 181
6020 171 172
6020 171 173
6020 171 174
6020 171 175
6020 171 176
6020 171 177
6020 171 178
6020 171 179
6020 171 180
6020 172 173
6020 172 174
6020 172 175
6020 172 176
6020 172 177
6020 172 178
6020 172 179
6020 172 180
6020 173 174
6020 173 175
6020 173 176
6020 173 177
6020 173 178
6020 173 179
6020 174 175
6020 174 176
6020 174 177
6020 174 178
6020 174 179
6020 175 176
6321 38 49
6321 38 50
6321 38 51
6321 38 52
6321 38 53
6321 38 54
6321 38 55
6321 38 56
6321 38 57
6321 39 40
6321 39 41
6321 39 42
6321 39 43
6321 39 44
6321 39 45
6321 39 46
6321 39 47
6321 39 48
6321 39 49
6321 39 50
6321 39 51
6321 39 52
6321 39 53
6321 39 54
6321 39 55
6321 39 56
6321 39 57
6321 40 41
6321 40 42
6321 40 43
6321 40 44
6622 145 148
6622 145 149
6622 145 150
6622 145 151
6622 145 152
6622 145 153
6622 145 154
6622 145 155
6622 146 147
6622 146 148
6622 146 149
6622 146 150
6622 146 151
6622 146 152
6622 146 153
6622 146 154
6622 146 155
6622 147 148
6622 147 149
6622 147 150
6622 147 151
6622 147 152
6622 147 153
6622 147 154
6622 148 149
6622 148 150
6622 148 151
6622 148 152
6622 148 153
6622 148 154
6622 149 150
6923 109 131
6923 109 132
6923 109 133
6923 110 111
6923 110 123
6923 110 124
6923 110 125
6923 110 126
6923 110 127
6923 110 128
6923 110 129
6923 110 130
6923 110 131
6923 110 132
6923 110 133
6923 111 112
6923 111 121
6923 111 122
6923 111 123
6923 111 124
6923 111 125
6923 111 126
6923 111 127
6923 111 128
6923 111 129
6923 111 130
6923 111 131
6923 111 132
6923 111 133
6923 112 113
6923 112 118
7224 17 22
7224 17 23
7224 17 24
7224 17 25
7224 17 26
7224 17 27
7224 17 28
7224 17 29
7224 17 30
7224 17 31
7224 18 19
7224 18 20
7224 18 21
7224 18 22
7224 18 23
7224 18 24
7224 18 25
7224 18 26
7224 18 27
7224 18 28
7224 18 29
7224 18 30
7224 19 20
7224 19 21
7224 19 22
7224 19 23
7224 19 24
7224 19 25
7224 19 26
7224 19 27
7224 19 28
7525 98 103
7525 98 104
7525 99 100
7525 99 101
7525 99 102
7525 99 103
7525 100 101
7525 100 102
7525 100 103
7525 101 102
7525 102 103
7525 103 104
7525 104 105
7525 105 106
7525 106 107
7525 107 108
7525 108 109
7525 108 129
7525 108 130
7525 108 131
7525 108 132
7525 108 133
7525 108 158
7525 108 183
7525 108 184
7525 109 110
7525 109 126
7525 109 127
7525 109 128
7525 109 129
7525 109 130
7826 137 147
7826 137 148
7826 137 149
7826 137 150
7826 137 151
7826 137 152
7826 137 153
7826 137 154
7826 137 155
7826 137 156
7826 137 157
7826 137 158
7826 138 139
7826 138 142
7826 138 143
7826 138 144
7826 138 145
7826 138 146
7826 138 147
7826 138 148
7826 138 149
7826 138 150
7826 138 151
7826 138 152
7826 138 153
7826 138 154
7826 138 155
7826 138 156
7826 138 157
7826 138 158
7826 139 140
8127 90 99
8127 90 100
8127 90 101
8127 90 102
8127 90 103
8127 90 104
8127 90 105
8127 90 106
8127 90 107
8127 91 92
8127 91 93
8127 91 94
8127 91 95
8127 91 96
8127 91 97
8127 91 98
8127 91 99
8127 91 100
8127 91 101
8127 91 102
8127 91 103
8127 91 104
8127 91 105
8127 91 106
8127 91 107
8127 92 93
8127 92 94
8127 92 95
8127 92 96
8127 92 97
8127 92 98
8428 11 29
8428 11 30
8428 11 31
8428 11 32
8428 12 13
8428 12 17
8428 12 18
8428 12 19
8428 12 20
8428 12 21
8428 12 22
8428 12 23
8428 12 24
8428 12 25
8428 12 26
8428 12 27
8428 12 28
8428 12 29
8428 12 30
8428 12 31
8428 12 32
8428 13 14
8428 13 15
8428 13 16
8428 13 17
8428 13 18
8428 13 19
8428 13 20
8428 13 21
8428 13 22
8428 13 23
8729 69 79
8729 69 80
8729 70 71
8729 70 72
8729 70 73
8729 70 74
8729 70 75
8729 70 76
8729 70 77
8729 70 78
8729 70 79
8729 70 80
8729 71 72
8729 71 73
8729 71 74
8729 71 75
8729 71 76
8729 71 77
8729 71 78
8729 71 79
8729 72 73
8729 72 74
8729 72 75
8729 72 76
8729 72 77
8729 72 78
8729 72 79
8729 73 74
8729 73 75
8729 73 76
8729 73 77
9030 160 178
9030 160 179
9030 160 180
9030 160 181
9030 160 182
9030 160 183
9030 161 162
9030 161 171
9030 161 172
9030 161 173
9030 161 174
9030 161 175
9030 161 176
9030 161 177
9030 161 178
9030 161 179
9030 161 180
9030 161 181
9030 161 182
9030 161 183
9030 162 163
9030 162 169
9030 162 170
9030 162 171
9030 162 172
9030 162 173
9030 162 174
9030 162 175
9030 162 176
9030 162 177
9030 162 178
9331 44 53
9331 44 54
9331 44 55
9331 45 46
9331 45 47
9331 45 48
9331 45 49
9331 45 50
9331 45 51
9331 45 52
9331 45 53
9331 45 54
9331 45 55
9331 46 47
9331 46 48
9331 46 49
9331 46 50
9331 46 51
9331 46 52
9331 46 53
9331 46 54
9331 47 48
9331 47 49
9331 47 50
9331 47 51
9331 47 52
9331 47 53
9331 47 54
9331 48 49
9331 48 50
9331 48 51
9632 192 196
9632 192 197
9632 192 198
9632 192 199
9632 193 194
9632 193 195
9632 193 196
9632 193 197
9632 193 198
9632 193 199
9632 194 195
9632 194 196
9632 194 197
9632 194 198
9632 194 199
9632 195 196
9632 195 197
9632 195 198
9632 195 199
9632 196 197
9632 196 198
9632 196 199
9632 197 198
9632 197 199
9632 198 199
9933 59 78
9933 59 79
9933 59 80
9933 59 81
9933 59 82
9933 59 83
9933 60 61
9933 60 72
9933 60 73
9933 60 74
9933 60 75
9933 60 76
9933 60 77
9933 60 78
9933 60 79
9933 60 80
9933 60 81
9933 60 82
9933 60 83
9933 61 62
9933 61 70
9933 61 71
9933 61 72
9933 61 73
9933 61 74
9933 61 75
9933 61 76
9933 61 77
9933 61 78
9933 61 79
9933 61 80
10234 63 76
10234 63 77
10234 63 78
10234 63 79
10234 63 80
10234 63 81
10234 63 82
10234 64 65
10234 64 66
10234 64 67
10234 64 68
10234 64 69
10234 64 70
10234 64 71
10234 64 72
10234 64 73
10234 64 74
10234 64 75
10234 64 76
10234 64 77
10234 64 78
10234 64 79
10234 64 80
10234 64 81
10234 64 82
10234 65 66
10234 65 67
10234 65 68
10234 65 69
10234 65 70
10234 65 71
10535 34 54
10535 34 55
10535 34 56
10535 34 57
10535 34 58
10535 35 36
10535 35 46
10535 35 47
10535 35 48
10535 35 49
10535 35 50
10535 35 51
10535 35 52
10535 35 53
10535 35 54
10535 35 55
10535 35 56
10535 35 57
10535 35 58
10535 36 37
10535 36 44
10535 36 45
10535 36 46
10535 36 47
10535 36 48
10535 36 49
10535 36 50
10535 36 51
10535 36 52
10535 36 53
10535 36 54
10836 0 1
10836 0 2
10836 1 2
10836 2 3
10836 3 4
10836 4 5
10836 5 6
10836 6 7
10836 7 8
10836 8 9
10836 8 27
10836 8 28
10836 8 29
10836 8 30
10836 8 31
10836 8 32
10836 8 33
10836 8 58
10836 8 83
10836 8 108
10836 8 133
10836 8 157
10836 8 158
10836 8 182
10836 8 183
10836 8 184
10836 9 10
10836 9 24
10836 9 25
10836 9 26
10836 9 27
11137 117 126
11137 117 127
11137 117 128
11137 117 129
11137 117 130
11137 117 131
11137 118 119
11137 118 120
11137 118 121
11137 118 122
11137 118 123
11137 118 124
11137 118 125
11137 118 126
11137 118 127
11137 118 128
11137 118 129
11137 118 130
11137 118 131
11137 119 120
11137 119 121
11137 119 122
11137 119 123
11137 119 124
11137 119 125
11137 119 126
11137 119 127
11137 119 128
11137 119 129
11137 119 130
11137 119 131
11438 166 170
11438 166 171
11438 166 172
11438 166 173
11438 166 174
11438 166 175
11438 166 176
11438 166 177
11438 166 178
11438 166 179
11438 166 180
11438 166 181
11438 166 182
11438 167 168
11438 167 169
11438 167 170
11438 167 171
11438 167 172
11438 167 173
11438 167 174
11438 167 175
11438 167 176
11438 167 177
11438 167 178
11438 167 179
11438 167 180
11438 167 181
11438 167 182
11438 168 169
11438 168 170
11438 168 171
11739 168 172
11739 168 173
11739 168 174
11739 168 175
11739 168 176
11739 168 177
11739 168 178
11739 168 179
11739 168 180
11739 168 181
11739 169 170
11739 169 171
11739 169 172
11739 169 173
11739 169 174
11739 169 175
11739 169 176
11739 169 177
11739 169 178
11739 169 179
11739 169 180
11739 169 181
11739 170 171
11739 170 172
11739 170 173
11739 170 174
11739 170 175
11739 170 176
11739 170 177
11739 170 178
11739 170 179
12040 61 81
12040 61 82
12040 61 83
12040 62 63
12040 62 68
12040 62 69
12040 62 70
12040 62 71
12040 62 72
12040 62 73
12040 62 74
12040 62 75
12040 62 76
12040 62 77
12040 62 78
12040 62 79
12040 62 80
12040 62 81
12040 62 82
12040 62 83
12040 63 64
12040 63 66
12040 63 67
12040 63 68
12040 63 69
12040 63 70
12040 63 71
12040 63 72
12040 63 73
12040 63 74
12040 63 75
12341 162 179
12341 162 180
12341 162 181
12341 162 182
12341 162 183
12341 163 164
12341 163 167
12341 163 168
12341 163 169
12341 163 170
12341 163 171
12341 163 172
12341 163 173
12341 163 174
12341 163 175
12341 163 176
12341 163 177
12341 163 178
12341 163 179
12341 163 180
12341 163 181
12341 163 182
12341 163 183
12341 164 165
12341 164 166
12341 164 167
12341 164 168
12341 164 169
12341 164 170
12341 164 171
12341 164 172
12642 149 151
12642 149 152
12642 149 153
12642 150 151
12642 150 152
12642 150 153
12642 151 152
12642 152 153
12642 153 154
12642 154 155
12642 155 156
12642 156 157
12642 157 158
12642 158 159
12642 158 182
12642 158 183
12642 158 184
12642 159 160
12642 159 177
12642 159 178
12642 159 179
12642 159 180
12642 159 181
12642 159 182
12642 159 183
12642 159 184
12642 160 161
12642 160 174
12642 160 175
12642 160 176
12642 160 177
12943 92 99
12943 92 100
12943 92 101
12943 92 102
12943 92 103
12943 92 104
12943 92 105
12943 92 106
12943 93 94
12943 93 95
12943 93 96
12943 93 97
12943 93 98
12943 93 99
12943 93 100
12943 93 101
12943 93 102
12943 93 103
12943 93 104
12943 93 105
12943 93 106
12943 94 95
12943 94 96
12943 94 97
12943 94 98
12943 94 99
12943 94 100
12943 94 101
12943 94 102
12943 94 103
12943 94 104
13244 120 121
13244 120 122
13244 120 123
13244 120 124
13244 120 125
13244 120 126
13244 120 127
13244 120 128
13244 120 129
13244 120 130
13244 121 122
13244 121 123
13244 121 124
13244 121 125
13244 121 126
13244 121 127
13244 121 128
13244 121 129
13244 121 130
13244 122 123
13244 122 124
13244 122 125
13244 122 126
13244 122 127
13244 122 128
13244 122 129
13244 123 124
13244 123 125
13244 123 126
13244 123 127
13244 123 128
13545 142 154
13545 142 155
13545 142 156
13545 142 157
13545 143 144
13545 143 145
13545 143 146
13545 143 147
13545 143 148
13545 143 149
13545 143 150
13545 143 151
13545 143 152
13545 143 153
13545 143 154
13545 143 155
13545 143 156
13545 144 145
13545 144 146
13545 144 147
13545 144 148
13545 144 149
13545 144 150
13545 144 151
13545 144 152
13545 144 153
13545 144 154
13545 144 155
13545 144 156
13545 145 146
13545 145 147
13846 88 104
13846 88 105
13846 88 106
13846 88 107
13846 88 108
13846 89 90
13846 89 91
13846 89 92
13846 89 93
13846 89 94
13846 89 95
13846 89 96
13846 89 97
13846 89 98
13846 89 99
13846 89 100
13846 89 101
13846 89 102
13846 89 103
13846 89 104
13846 89 105
13846 89 106
13846 89 107
13846 90 91
13846 90 92
13846 90 93
13846 90 94
13846 90 95
13846 90 96
13846 90 97
13846 90 98
14147 84 106
14147 84 107
14147 84 108
14147 85 86
14147 85 97
14147 85 98
14147 85 99
14147 85 100
14147 85 101
14147 85 102
14147 85 103
14147 85 104
14147 85 105
14147 85 106
14147 85 107
14147 85 108
14147 86 87
14147 86 95
14147 86 96
14147 86 97
14147 86 98
14147 86 99
14147 86 100
14147 86 101
14147 86 102
14147 86 103
14147 86 104
14147 86 105
14147 86 106
14147 86 107
14147 86 108
14448 188 199
14448 189 190
14448 189 191
14448 189 192
14448 189 193
14448 189 194
14448 189 195
14448 189 196
14448 189 197
14448 189 198
14448 189 199
14448 190 191
14448 190 192
14448 190 193
14448 190 194
14448 190 195
14448 190 196
14448 190 197
14448 190 198
14448 190 199
14448 191 192
14448 191 193
14448 191 194
14448 191 195
14448 191 196
14448 191 197
14448 191 198
14448 191 199
14448 192 193
14448 192 194
14448 192 195
14749 123 129
14749 124 125
14749 124 126
14749 124 127
14749 124 128
14749 125 126
14749 125 127
14749 125 128
14749 126 127
14749 127 128
14749 128 129
14749 129 130
14749 130 131
14749 131 132
14749 132 133
14749 133 134
14749 133 155
14749 133 156
14749 133 157
14749 133 158
14749 133 183
14749 133 184
14749 134 135
14749 134 151
14749 134 152
14749 134 153
14749 134 154
14749 134 155
14749 134 156
14749 134 157
14749 134 158
15050 65 72
15050 65 73
15050 65 74
15050 65 75
15050 65 76
15050 65 77
15050 65 78
15050 65 79
15050 65 80
15050 65 81
15050 65 82
15050 66 67
15050 66 68
15050 66 69
15050 66 70
15050 66 71
15050 66 72
15050 66 73
15050 66 74
15050 66 75
15050 66 76
15050 66 77
15050 66 78
15050 66 79
15050 66 80
15050 66 81
15050 67 68
15050 67 69
15050 67 70
15050 67 71
15050 67 72
15351 42 46
15351 42 47
15351 42 48
15351 42 49
15351 42 50
15351 42 51
15351 42 52
15351 42 53
15351 42 54
15351 42 55
15351 42 56
15351 43 44
15351 43 45
15351 43 46
15351 43 47
15351 43 48
15351 43 49
15351 43 50
15351 43 51
15351 43 52
15351 43 53
15351 43 54
15351 43 55
15351 44 45
15351 44 46
15351 44 47
15351 44 48
15351 44 49
15351 44 50
15351 44 51
15351 44 52
0 64 69
0 64 70
1.5 86 87
1.5 86 95
3.0 15 28
3.0 15 29
4.5 136 158
4.5 137 138
6.0 71 74
6.0 71 75
7.5 63 81
7.5 63 82
9.0 131 132
9.0 132 133
10.5 116 126
10.5 116 127
12.0 117 125
12.0 117 126
13.5 37 56
13.5 37 57
15.0 144 156
15.0 145 146
16.5 118 122
16.5 118 123
18.0 89 97
18.0 89 98
19.5 41 46
19.5 41 47
21.0 16 23
21.0 16 24
22.5 161 173
22.5 161 174
24.0 46 47
24.0 46 48
25.5 66 80
25.5 66 81
27.0 112 125
27.0 112 126
28.5 18 24
28.5 18 25
30.0 136 156
30.0 136 157
31.5 115 126
31.5 115 127
33.0 188 193
33.0 188 194
34.5 141 155
34.5 141 156
36.0 133 184
36.0 134 135
37.5 120 127
37.5 120 128
39.0 19 23
39.0 19 24
40.5 108 184
40.5 109 110
42.0 75 76
42.0 75 77
43.5 169 171
43.5 169 172
45.0 167 179
45.0 167 180
46.5 123 128
46.5 123 129
48.0 119 130
48.0 119 131
49.5 120 125
49.5 120 126
51.0 163 181
51.0 163 182
52.5 83 158
52.5 83 183
54.0 85 107
54.0 85 108
55.5 172 178
55.5 172 179
57.0 110 128
57.0 110 129
58.5 46 53
58.5 46 54
60.0 145 147
60.0 145 148
61.5 124 127
61.5 124 128
63.0 89 91
63.0 89 92
64.5 190 192
64.5 190 193
66.0 12 18
66.0 12 19
67.5 13 15
67.5 13 16
69.0 144 152
69.0 144 153
70.5 162 173
70.5 162 174
72.0 140 153
72.0 140 154
73.5 20 29
73.5 21 22
75.0 10 27
75.0 10 28
76.5 165 168
76.5 165 169
78.0 164 176
78.0 164 177
79.5 146 154
79.5 146 155
81.0 33 57
81.0 33 58
82.5 88 102
82.5 88 103
84.0 85 97
84.0 85 98
85.5 141 147
85.5 141 148
87.0 180 181
87.0 181 182
88.5 42 48
88.5 42 49
90.0 9 10
90.0 9 24
91.5 166 168
91.5 166 169
93.0 116 130
93.0 116 131
94.5 165 166
94.5 165 167
96.0 58 80
96.0 58 81
97.5 94 102
97.5 94 103
99.0 84 104
99.0 84 105
100.5 36 54
100.5 36 55
102.0 87 95
102.0 87 96
103.5 140 145
103.5 140 146
105.0 92 103
105.0 92 104
106.5 84 102
106.5 84 103
108.0 90 100
108.0 90 101
109.5 65 78
109.5 65 79
111.0 150 152
111.0 150 153
112.5 0 1
112.5 0 2
114.0 45 48
114.0 45 49
115.5 113 116
115.5 113 117
117.0 78 79
117.0 79 80
118.5 13 21
118.5 13 22
120.0 25 27
120.0 26 27
121.5 172 174
121.5 172 175
123.0 65 74
123.0 65 75
124.5 173 175
124.5 173 176
126.0 147 154
126.0 148 149
127.5 87 107
127.5 87 108
129.0 83 108
129.0 83 133
130.5 164 170
130.5 164 171
132.0 186 197
132.0 186 198
133.5 44 50
133.5 44 51
135.0 98 99
135.0 98 100
136.5 163 177
136.5 163 178
138.0 62 82
138.0 62 83
139.5 167 173
139.5 167 174
141.0 86 102
141.0 86 103
142.5 17 21
142.5 17 22
144.0 108 158
144.0 108 183
145.5 35 46
145.5 35 47
147.0 11 23
147.0 11 24
148.5 137 152
148.5 137 153
150.0 137 150
150.0 137 151
151.5 92 97
151.5 92 98
153.0 139 143
153.0 139 144
154.5 43 51
154.5 43 52
156.0 113 128
156.0 113 129
157.5 49 50
157.5 49 51
159.0 161 177
159.0 161 178
160.5 86 96
160.5 86 97
162.0 62 70
162.0 62 71
163.5 102 103
163.5 103 104
165.0 140 147
165.0 140 148
166.5 137 156
166.5 137 157
168.0 85 103
168.0 85 104
169.5 165 178
169.5 165 179
171.0 165 176
171.0 165 177
172.5 140 141
172.5 140 142
174.0 41 50
174.0 41 51
175.5 120 123
175.5 120 124
177.0 138 146
177.0 138 147
178.5 139 147
178.5 139 148
180.0 70 73
180.0 70 74
181.5 19 29
181.5 19 30
183.0 112 131
183.0 112 132
184.5 175 178
184.5 176 177
186.0 148 154
186.0 149 150
187.5 67 76
187.5 67 77
189.0 138 154
189.0 138 155
190.5 138 148
190.5 138 149
192.0 192 197
192.0 192 198
193.5 49 52
193.5 49 53
195.0 120 121
195.0 120 122
196.5 9 25
196.5 9 26
198.0 116 120
198.0 116 121
199.5 110 130
199.5 110 131
201.0 189 191
201.0 189 192
202.5 112 113
202.5 112 118
204.0 59 75
204.0 59 76
205.5 33 183
205.5 33 184
207.0 113 124
207.0 113 125
208.5 115 132
208.5 116 117
210.0 96 97
210.0 96 98
211.5 163 179
211.5 163 180
213.0 83 184
213.0 84 85
214.5 142 152
214.5 142 153
216.0 87 93
216.0 87 94
217.5 166 176
217.5 166 177
219.0 116 132
219.0 117 118
220.5 89 107
220.5 90 91
222.0 141 151
222.0 141 152
223.5 72 77
223.5 72 78
225.0 8 29
225.0 8 30
226.5 134 157
226.5 134 158
228.0 149 153
228.0 150 151
229.5 45 50
229.5 45 51
231.0 58 82
231.0 58 83
232.5 141 143
232.5 141 144
234.0 41 42
234.0 41 43
235.5 37 48
235.5 37 49
237.0 36 56
237.0 36 57
238.5 13 23
238.5 13 24
240.0 142 156
240.0 142 157
241.5 162 177
241.5 162 178
243.0 20 23
243.0 20 24
244.5 196 197
244.5 196 198
246.0 115 130
246.0 115 131
247.5 40 50
247.5 40 51
249.0 59 81
249.0 59 82
250.5 60 72
250.5 60 73
252.0 153 154
252.0 154 155
253.5 9 33
253.5 10 11
255.0 93 102
255.0 93 103
256.5 35 50
256.5 35 51
258.0 62 76
258.0 62 77
259.5 120 129
259.5 120 130
261.0 194 196
261.0 194 197
262.5 169 175
262.5 169 176
264.0 114 121
264.0 114 122
265.5 148 150
265.5 148 151
267.0 88 100
267.0 88 101
268.5 169 173
268.5 169 174
270.0 144 146
270.0 144 147
271.5 61 81
271.5 61 82
273.0 17 31
273.0 18 19
274.5 10 29
274.5 10 30
276.0 13 27
276.0 13 28
277.5 108 109
277.5 108 129
279.0 43 47
279.0 43 48
280.5 88 104
280.5 88 105
282.0 168 179
282.0 168 180
283.5 168 175
283.5 168 176
285.0 172 180
285.0 173 174
286.5 121 122
286.5 121 123
288.0 63 69
288.0 63 70
289.5 166 178
289.5 166 179
291.0 163 171
291.0 163 172
292.5 37 50
292.5 37 51
294.0 40 42
294.0 40 43
295.5 45 46
295.5 45 47
297.0 160 175
297.0 160 176
298.5 165 180
298.5 165 181
300.0 136 154
300.0 136 155
301.5 141 149
301.5 141 150
303.0 164 180
303.0 164 181
304.5 21 27
304.5 21 28
306.0 33 83
306.0 33 108
307.5 64 79
307.5 64 80
309.0 39 41
309.0 39 42
310.5 85 105
310.5 85 106
312.0 41 54
312.0 41 55
313.5 143 144
313.5 143 145
315.0 10 23
315.0 10 24
316.5 74 77
316.5 74 78
318.0 192 195
318.0 192 196
319.5 10 33
319.5 11 12
321.0 65 76
321.0 65 77
322.5 113 122
322.5 113 123
324.0 143 150
324.0 143 151
325.5 50 51
325.5 50 52
327.0 114 129
327.0 114 130
328.5 146 150
328.5 146 151
330.0 15 20
330.0 15 21
331.5 87 97
331.5 87 98
333.0 112 129
333.0 112 130
334.5 134 153
334.5 134 154
336.0 121 130
336.0 122 123
337.5 190 196
337.5 190 197
339.0 61 62
339.0 61 70
340.5 143 148
340.5 143 149
342.0 33 34
342.0 33 52
343.5 18 28
343.5 18 29
345.0 138 142
345.0 138 143
346.5 88 89
346.5 88 91
348.0 12 22
348.0 12 23
349.5 38 39
349.5 38 40
351.0 109 128
351.0 109 129
352.5 68 77
352.5 68 78
354.0 164 178
354.0 164 179
355.5 167 171
355.5 167 172
357.0 88 106
357.0 88 107
358.5 166 172
358.5 166 173
360.0 70 71
360.0 70 72
361.5 80 81
361.5 81 82
363.0 21 25
363.0 21 26
364.5 112 127
364.5 112 128
366.0 167 181
366.0 167 182
367.5 92 99
367.5 92 100
369.0 142 146
369.0 142 147
370.5 191 196
370.5 191 197
372.0 92 101
372.0 92 102
373.5 115 118
373.5 115 119
375.0 16 17
375.0 16 18
376.5 36 58
376.5 37 38
378.0 121 124
378.0 121 125
379.5 92 95
379.5 92 96
381.0 13 25
381.0 13 26
382.5 90 92
382.5 90 93
384.0 191 192
384.0 191 193
385.5 16 29
385.5 16 30
387.0 164 182
387.0 164 183
388.5 166 182
388.5 167 168
390.0 9 29
390.0 9 30
391.5 108 132
391.5 108 133
393.0 142 150
393.0 142 151
394.5 125 128
394.5 126 127
396.0 16 21
396.0 16 22
397.5 20 27
397.5 20 28
399.0 165 170
399.0 165 171
400.5 40 56
400.5 40 57
402.0 151 152
402.0 152 153
403.5 35 48
403.5 35 49
405.0 149 151
405.0 149 152
406.5 135 154
406.5 135 155
408.0 42 50
408.0 42 51
409.5 110 111
409.5 110 123
411.0 38 51
411.0 38 52
412.5 11 21
412.5 11 22
414.0 135 148
414.0 135 149
415.5 108 130
415.5 108 131
417.0 39 45
417.0 39 46
418.5 34 35
418.5 34 49
420.0 166 174
420.0 166 175
421.5 60 78
421.5 60 79
423.0 86 108
423.0 87 88
424.5 38 43
424.5 38 44
426.0 97 101
426.0 97 102
427.5 95 96
427.5 95 97
429.0 110 132
429.0 110 133
430.5 125 126
430.5 125 127
432.0 137 146
432.0 137 147
433.5 1 2
433.5 2 3
435.0 85 99
435.0 85 100
436.5 136 146
436.5 136 147
438.0 114 123
438.0 114 124
439.5 24 25
439.5 24 26
441.0 86 98
441.0 86 99
442.5 87 99
442.5 87 100
444.0 89 93
444.0 89 94
445.5 47 50
445.5 47 51
447.0 8 158
447.0 8 182
448.5 140 143
448.5 140 144
450.0 115 120
450.0 115 121
451.5 185 199
451.5 186 187
453.0 173 179
453.0 174 175
454.5 61 83
454.5 62 63
456.0 191 194
456.0 191 195
457.5 93 94
457.5 93 95
459.0 72 79
459.0 73 74
460.5 15 16
460.5 15 17
462.0 91 96
462.0 91 97
463.5 159 177
463.5 159 178
465.0 138 156
465.0 138 157
466.5 143 154
466.5 143 155
468.0 117 123
468.0 117 124
469.5 18 26
469.5 18 27
471.0 14 23
471.0 14 24
472.5 142 148
472.5 142 149
474.0 168 169
474.0 168 170
475.5 14 25
475.5 14 26
477.0 123 126
477.0 123 127
478.5 17 25
478.5 17 26
480.0 118 126
480.0 118 127
481.5 63 77
481.5 63 78
483.0 15 22
483.0 15 23
484.5 13 19
484.5 13 20
486.0 158 182
486.0 158 183
487.5 86 104
487.5 86 105
489.0 13 17
489.0 13 18
490.5 38 41
490.5 38 42
492.0 14 15
492.0 14 16
493.5 187 199
493.5 188 189
495.0 33 133
495.0 33 158
496.5 134 155
496.5 134 156
498.0 69 71
498.0 69 72
499.5 14 27
499.5 14 28
501.0 188 199
501.0 189 190
502.5 114 131
502.5 114 132
504.0 96 101
504.0 96 102
505.5 94 104
505.5 94 105
507.0 41 44
507.0 41 45
508.5 172 176
508.5 172 177
510.0 166 180
510.0 166 181
511.5 147 148
511.5 147 149
513.0 96 99
513.0 96 100
514.5 14 31
514.5 14 32
516.0 87 101
516.0 87 102
517.5 144 154
517.5 144 155
519.0 9 31
519.0 9 32
520.5 184 185
520.5 185 186
522.0 91 104
522.0 91 105
523.5 194 198
523.5 194 199
525.0 121 126
525.0 121 127
526.5 68 79
526.5 68 80
528.0 39 55
528.0 39 56
529.5 22 28
529.5 23 24
531.0 63 73
531.0 63 74
532.5 41 48
532.5 41 49
534.0 97 99
534.0 97 100
535.5 139 149
535.5 139 150
537.0 67 78
537.0 67 79
538.5 129 130
538.5 130 131
540.0 63 75
540.0 63 76
541.5 169 179
541.5 169 180
543.0 117 121
543.0 117 122
544.5 167 169
544.5 167 170
546.0 60 74
546.0 60 75
547.5 38 53
547.5 38 54
549.0 70 77
549.0 70 78
550.5 114 115
550.5 114 116
552.0 193 199
552.0 194 195
553.5 45 52
553.5 45 53
555.0 191 198
555.0 191 199
556.5 17 23
556.5 17 24
558.0 146 152
558.0 146 153
559.5 165 182
559.5 166 167
561.0 135 156
561.0 135 157
562.5 147 150
562.5 147 151
564.0 34 54
564.0 34 55
565.5 142 154
565.5 142 155
567.0 39 49
567.0 39 50
568.5 67 74
568.5 67 75
570.0 161 181
570.0 161 182
571.5 17 29
571.5 17 30
573.0 115 124
573.0 115 125
574.5 109 126
574.5 109 127
576.0 72 75
576.0 72 76
577.5 40 52
577.5 40 53
579.0 44 52
579.0 44 53
580.5 157 158
580.5 158 159
582.0 178 179
582.0 179 180
583.5 59 79
583.5 59 80
585.0 68 75
585.0 68 76
586.5 94 96
586.5 94 97
588.0 12 30
588.0 12 31
589.5 12 32
589.5 13 14
591.0 11 27
591.0 11 28
592.5 8 31
592.5 8 32
594.0 60 80
594.0 60 81
595.5 16 27
595.5 16 28
597.0 94 98
597.0 94 99
598.5 113 132
598.5 113 133
600.0 111 130
600.0 111 131
601.5 44 46
601.5 44 47
603.0 13 31
603.0 13 32
604.5 31 32
604.5 32 33
606.0 65 80
606.0 65 81
607.5 44 54
607.5 44 55
609.0 69 79
609.0 69 80
610.5 88 94
610.5 88 95
612.0 68 81
612.0 69 70
613.5 39 47
613.5 39 48
615.0 59 83
615.0 60 61
616.5 165 174
616.5 165 175
618.0 89 101
618.0 89 102
619.5 19 21
619.5 19 22
621.0 65 70
621.0 65 71
622.5 84 100
622.5 84 101
624.0 22 24
624.0 22 25
625.5 119 126
625.5 119 127
627.0 133 134
627.0 133 155
628.5 97 103
628.5 97 104
630.0 94 100
630.0 94 101
631.5 35 52
631.5 35 53
633.0 137 158
633.0 138 139
634.5 138 144
634.5 138 145
636.0 111 128
636.0 111 129
637.5 71 76
637.5 71 77
639.0 118 128
639.0 118 129
640.5 37 44
640.5 37 45
642.0 160 179
642.0 160 180
643.5 100 103
643.5 101 102
645.0 162 171
645.0 162 172
646.5 41 52
646.5 41 53
648.0 169 181
648.0 170 171
649.5 66 74
649.5 66 75
651.0 66 78
651.0 66 79
652.5 43 53
652.5 43 54
654.0 20 25
654.0 20 26
655.5 69 77
655.5 69 78
657.0 139 155
657.0 139 156
658.5 61 77
658.5 61 78
660.0 96 105
660.0 97 98
661.5 133 156
661.5 133 157
663.0 71 78
663.0 71 79
664.5 112 123
664.5 112 124
666.0 66 70
666.0 66 71
667.5 140 155
667.5 140 156
669.0 12 28
669.0 12 29
670.5 139 145
670.5 139 146
672.0 118 124
672.0 118 125
673.5 86 100
673.5 86 101
675.0 95 98
675.0 95 99
676.5 64 75
676.5 64 76
678.0 60 82
678.0 60 83
679.5 93 100
679.5 93 101
681.0 162 179
681.0 162 180
682.5 69 75
682.5 69 76
684.0 64 67
684.0 64 68
685.5 111 132
685.5 111 133
687.0 171 178
687.0 171 179
688.5 38 47
688.5 38 48
690.0 144 148
690.0 144 149
691.5 68 71
691.5 68 72
693.0 63 64
693.0 63 66
694.5 68 69
694.5 68 70
696.0 63 79
696.0 63 80
697.5 91 106
697.5 91 107
699.0 15 26
699.0 15 27
700.5 112 121
700.5 112 122
702.0 14 21
702.0 14 22
703.5 27 28
703.5 28 29
705.0 11 29
705.0 11 30
706.5 195 198
706.5 195 199
708.0 111 122
708.0 111 123
709.5 58 184
709.5 59 60
711.0 36 50
711.0 36 51
712.5 135 150
712.5 135 151
714.0 73 75
714.0 73 76
715.5 141 145
715.5 141 146
717.0 134 184
717.0 135 136
718.5 14 17
718.5 14 18
720.0 19 27
720.0 19 28
721.5 39 57
721.5 40 41
723.0 58 78
723.0 58 79
724.5 110 124
724.5 110 125
726.0 122 126
726.0 122 127
727.5 98 101
727.5 98 102
729.0 96 103
729.0 96 104
730.5 62 80
730.5 62 81
732.0 190 194
732.0 190 195
733.5 64 77
733.5 64 78
735.0 8 183
735.0 8 184
736.5 15 30
736.5 15 31
738.0 118 130
738.0 118 131
739.5 95 100
739.5 95 101
741.0 113 118
741.0 113 119
742.5 162 183
742.5 163 164
744.0 196 199
744.0 197 198
745.5 5 6
745.5 6 7
747.0 160 181
747.0 160 182
748.5 45 54
748.5 45 55
750.0 119 120
750.0 119 121
751.5 70 75
751.5 70 76
753.0 62 68
753.0 62 69
754.5 42 56
754.5 43 44
756.0 170 174
756.0 170 175
757.5 98 103
757.5 98 104
759.0 136 148
759.0 136 149
760.5 159 179
760.5 159 180
762.0 64 65
762.0 64 66
763.5 144 150
763.5 144 151
765.0 63 67
765.0 63 68
766.5 161 171
766.5 161 172
768.0 171 174
768.0 171 175
769.5 22 26
769.5 22 27
771.0 90 94
771.0 90 95
772.5 16 31
772.5 17 18
774.0 66 68
774.0 66 69
775.5 11 25
775.5 11 26
777.0 189 197
777.0 189 198
778.5 163 169
778.5 163 170
780.0 44 48
780.0 44 49
781.5 42 44
781.5 42 45
783.0 121 128
783.0 121 129
784.5 168 177
784.5 168 178
786.0 91 100
786.0 91 101
787.5 189 195
787.5 189 196
789.0 159 183
789.0 159 184
790.5 43 55
790.5 44 45
792.0 193 197
792.0 193 198
793.5 40 48
793.5 40 49
795.0 58 108
795.0 58 133
796.5 87 105
796.5 87 106
798.0 24 27
798.0 25 26
799.5 111 126
799.5 111 127
801.0 163 167
801.0 163 168
802.5 83 106
802.5 83 107
804.0 55 56
804.0 56 57
805.5 18 30
805.5 19 20
807.0 85 101
807.0 85 102
808.5 37 42
808.5 37 43
810.0 160 183
810.0 161 162
811.5 65 66
811.5 65 67
813.0 115 116
813.0 115 117
814.5 53 54
814.5 54 55
816.0 48 50
816.0 48 51
817.5 37 46
817.5 37 47
819.0 72 73
819.0 72 74
820.5 38 57
820.5 39 40
822.0 161 179
822.0 161 180
823.5 117 131
823.5 118 119
825.0 12 13
825.0 12 17
826.5 174 176
826.5 174 177
828.0 99 100
828.0 99 101
829.5 62 78
829.5 62 79
831.0 38 49
831.0 38 50
832.5 115 128
832.5 115 129
834.0 88 96
834.0 88 97
835.5 171 180
835.5 172 173
837.0 114 125
837.0 114 126
838.5 139 153
838.5 139 154
840.0 90 98
840.0 90 99
841.5 176 178
841.5 177 178
843.0 88 98
843.0 88 99
844.5 33 55
844.5 33 56
846.0 21 23
846.0 21 24
847.5 166 170
847.5 166 171
849.0 9 27
849.0 9 28
850.5 39 43
850.5 39 44
852.0 118 120
852.0 118 121
853.5 38 55
853.5 38 56
855.0 35 56
855.0 35 57
856.5 100 101
856.5 100 102
858.0 113 126
858.0 113 127
859.5 93 106
859.5 94 95
861.0 91 92
861.0 91 93
862.5 115 122
862.5 115 123
864.0 12 26
864.0 12 27
865.5 84 106
865.5 84 107
867.0 74 75
867.0 74 76
868.5 162 181
868.5 162 182
870.0 42 52
870.0 42 53
871.5 41 56
871.5 42 43
873.0 141 157
873.0 142 143
874.5 143 156
874.5 144 145
876.0 109 132
876.0 109 133
877.5 160 161
877.5 160 174
879.0 64 81
879.0 64 82
880.5 90 96
880.5 90 97
882.0 161 183
882.0 162 163
883.5 93 96
883.5 93 97
885.0 140 157
885.0 141 142
886.5 162 175
886.5 162 176
888.0 95 102
888.0 95 103
889.5 36 52
889.5 36 53
891.0 111 124
891.0 111 125
892.5 35 54
892.5 35 55
894.0 187 197
894.0 187 198
895.5 137 148
895.5 137 149
897.0 119 124
897.0 119 125
898.5 114 127
898.5 114 128
900.0 87 103
900.0 87 104
901.5 116 122
901.5 116 123
903.0 89 103
903.0 89 104
904.5 8 133
904.5 8 157
906.0 64 73
906.0 64 74
907.5 67 68
907.5 67 69
909.0 91 98
909.0 91 99
910.5 192 199
910.5 193 194
912.0 95 104
912.0 95 105
913.5 112 119
913.5 112 120
915.0 60 76
915.0 60 77
916.5 106 107
916.5 107 108
918.0 64 71
918.0 64 72
919.5 51 52
919.5 52 53
921.0 40 46
921.0 40 47
922.5 23 27
922.5 23 28
924.0 173 177
924.0 173 178
925.5 10 21
925.5 10 22
927.0 116 124
927.0 116 125
928.5 140 149
928.5 140 150
930.0 47 52
930.0 47 53
931.5 188 197
931.5 188 198
933.0 65 72
933.0 65 73
934.5 16 25
934.5 16 26
936.0 37 52
936.0 37 53
937.5 146 148
937.5 146 149
939.0 12 24
939.0 12 25
940.5 67 72
940.5 67 73
942.0 58 158
942.0 58 183
943.5 86 106
943.5 86 107
945.0 113 120
945.0 113 121
946.5 133 158
946.5 133 183
948.0 174 178
948.0 174 179
949.5 143 152
949.5 143 153
951.0 161 175
951.0 161 176
952.5 70 79
952.5 70 80
954.0 11 31
954.0 11 32
955.5 39 53
955.5 39 54
957.0 116 128
957.0 116 129
958.5 61 71
958.5 61 72
960.0 36 44
960.0 36 45
961.5 93 98
961.5 93 99
963.0 21 29
963.0 22 23
964.5 163 183
964.5 164 165
966.0 89 99
966.0 89 100
967.5 197 199
967.5 198 199
969.0 122 124
969.0 122 125
970.5 163 173
970.5 163 174
972.0 46 51
972.0 46 52
973.5 171 176
973.5 171 177
975.0 110 126
975.0 110 127
976.5 138 150
976.5 138 151
978.0 17 27
978.0 17 28
979.5 195 196
979.5 195 197
981.0 139 151
981.0 139 152
982.5 43 49
982.5 43 50
984.0 88 108
984.0 89 90
985.5 170 180
985.5 170 181
987.0 162 169
987.0 162 170
988.5 7 8
988.5 8 9
990.0 17 19
990.0 17 20
991.5 35 58
991.5 36 37
993.0 66 72
993.0 66 73
994.5 18 20
994.5 18 21
996.0 47 48
996.0 47 49
997.5 12 20
997.5 12 21
999.0 134 151
999.0 134 152
1000.5 10 25
1000.5 10 26
1002.0 36 48
1002.0 36 49
1003.5 165 172
1003.5 165 173
1005.0 164 168
1005.0 164 169
1006.5 61 79
1006.5 61 80
1008.0 135 152
1008.0 135 153
1009.5 46 49
1009.5 46 50
1011.0 123 124
1011.0 123 125
1012.5 88 92
1012.5 88 93
1014.0 145 155
1014.0 146 147
1015.5 67 70
1015.5 67 71
1017.0 145 149
1017.0 145 150
1018.5 15 24
1018.5 15 25
1020.0 38 45
1020.0 38 46
1021.5 93 104
1021.5 93 105
1023.0 148 152
1023.0 148 153
1024.5 124 125
1024.5 124 126
1026.0 63 71
1026.0 63 72
1027.5 112 133
1027.5 113 114
1029.0 127 128
1029.0 128 129
1030.5 39 51
1030.5 39 52
1032.0 67 80
1032.0 67 81
1033.5 119 128
1033.5 119 129
1035.0 11 19
1035.0 11 20
1036.5 34 58
1036.5 35 36
1038.0 47 54
1038.0 48 49
1039.5 42 46
1039.5 42 47
1041.0 14 19
1041.0 14 20
1042.5 84 108
1042.5 85 86
1044.0 62 72
1044.0 62 73
1045.5 91 94
1045.5 91 95
1047.0 61 75
1047.0 61 76
1048.5 76 77
1048.5 77 78
1050.0 8 27
1050.0 8 28
1051.5 137 154
1051.5 137 155
1053.0 37 54
1053.0 37 55
1054.5 90 102
1054.5 90 103
1056.0 42 54
1056.0 42 55
1057.5 193 195
1057.5 193 196
1059.0 119 122
1059.0 119 123
1060.5 168 181
1060.5 169 170
1062.0 92 93
1062.0 92 94
1063.5 147 152
1063.5 147 153
1065.0 163 175
1065.0 163 176
1066.5 89 95
1066.5 89 96
1068.0 61 73
1068.0 61 74
1069.5 189 193
1069.5 189 194
1071.0 40 44
1071.0 40 45
1072.5 57 58
1072.5 58 59
1074.0 190 198
1074.0 190 199
1075.5 114 117
1075.5 114 118
1077.0 29 30
1077.0 30 31
1078.5 171 172
1078.5 171 173
1080.0 90 106
1080.0 90 107
1081.5 71 72
1081.5 71 73
1083.0 40 54
1083.0 40 55
1084.5 135 158
1084.5 136 137
1086.0 117 129
1086.0 117 130
1087.5 59 77
1087.5 59 78
1089.0 164 172
1089.0 164 173
1090.5 136 150
1090.5 136 151
1092.0 175 176
1092.0 175 177
1093.5 73 77
1093.5 73 78
1095.0 170 176
1095.0 170 177
1096.5 139 157
1096.5 139 158
1098.0 142 144
1098.0 142 145
1099.5 113 130
1099.5 113 131
1101.0 186 199
1101.0 187 188
1102.5 20 21
1102.5 20 22
1104.0 189 199
1104.0 190 191
1105.5 138 152
1105.5 138 153
1107.0 104 105
1107.0 105 106
1108.5 18 22
1108.5 18 23
1110.0 188 195
1110.0 188 196
1111.5 66 76
1111.5 66 77
1113.0 138 158
1113.0 139 140
1114.5 34 50
1114.5 34 51
1116.0 65 68
1116.0 65 69
1117.5 34 56
1117.5 34 57
1119.0 137 144
1119.0 137 145
1120.5 116 118
1120.5 116 119
1122.0 8 83
1122.0 8 108
1123.5 83 104
1123.5 83 105
1125.0 139 141
1125.0 139 142
1126.5 192 193
1126.5 192 194
1128.0 3 4
1128.0 4 5
1129.5 145 151
1129.5 145 152
1131.0 48 52
1131.0 48 53
1132.5 16 19
1132.5 16 20
1134.0 136 152
1134.0 136 153
1135.5 111 112
1135.5 111 121
1137.0 122 128
1137.0 122 129
1138.5 155 156
1138.5 156 157
1140.0 36 46
1140.0 36 47
1141.5 34 52
1141.5 34 53
1143.0 117 127
1143.0 117 128
1144.5 170 172
1144.5 170 173
1146.0 43 45
1146.0 43 46
1147.5 8 33
1147.5 8 58
1149.0 169 177
1149.0 169 178
1150.5 168 171
1150.5 168 172
1152.0 187 195
1152.0 187 196
1153.5 109 130
1153.5 109 131
1155.0 62 74
1155.0 62 75
1156.5 145 153
1156.5 145 154
1158.0 10 31
1158.0 10 32
1159.5 164 174
1159.5 164 175
1161.0 168 173
1161.0 168 174
1162.5 90 104
1162.5 90 105
1164.0 160 177
1164.0 160 178
1165.5 143 146
1165.5 143 147
1167.0 19 25
1167.0 19 26
1168.5 82 83
1168.5 83 84
1170.0 69 73
1170.0 69 74
1171.5 99 102
1171.5 99 103
1173.0 159 181
1173.0 159 182
1174.5 92 105
1174.5 92 106
1176.0 170 178
1176.0 170 179
1177.5 140 151
1177.5 140 152
1179.0 158 184
1179.0 159 160
1180.5 164 166
1180.5 164 167
1182.0 13 29
1182.0 13 30
1183.5 167 175
1183.5 167 176
1185.0 91 102
1185.0 91 103
1186.5 167 177
1186.5 167 178
1188.0 117 119
1188.0 117 120
1189.5 65 82
1189.5 66 67
1191.0 114 119
1191.0 114 120
1192.5 68 73
1192.5 68 74
1194.0 182 183
1194.0 183 184
1195.5 141 153
1195.5 141 154
1197.0 33 53
1197.0 33 54
1198.5 14 29
1198.5 14 30
1200.0 89 105
1200.0 89 106
1201.5 15 18
1201.5 15 19
1203.0 23 25
1203.0 23 26
