0 163 164
0 163 165
1.5 1 22
1.5 1 23
3.0 0 18
3.0 0 19
4.5 173 175
4.5 173 176
6.0 70 106
6.0 70 107
7.5 45 48
7.5 45 49
9.0 112 113
9.0 113 114
10.5 184 186
10.5 184 187
12.0 197 198
12.0 197 199
13.5 135 138
13.5 135 147
15.0 69 86
15.0 69 87
16.5 5 6
16.5 5 13
18.0 92 93
18.0 92 102
19.5 96 112
19.5 96 113
21.0 140 141
21.0 140 146
22.5 151 152
22.5 151 172
24.0 2 21
24.0 2 22
25.5 161 175
25.5 161 176
27.0 71 105
27.0 71 106
28.5 131 156
28.5 131 157
30.0 133 147
30.0 133 148
31.5 39 42
31.5 39 43
33.0 160 170
33.0 160 171
34.5 68 130
34.5 69 70
36.0 70 74
36.0 70 75
37.5 71 89
37.5 71 90
39.0 115 127
39.0 115 128
40.5 183 188
40.5 183 189
42.0 161 171
42.0 161 172
43.5 134 153
43.5 134 154
45.0 159 170
45.0 159 171
46.5 130 175
46.5 130 176
48.0 9 14
48.0 9 15
49.5 162 175
49.5 162 176
51.0 96 101
51.0 96 102
52.5 25 27
52.5 25 28
54.0 5 22
54.0 5 23
55.5 91 106
55.5 91 107
57.0 53 61
57.0 53 62
58.5 130 141
58.5 130 145
60.0 6 19
60.0 6 20
61.5 133 173
61.5 133 174
63.0 85 86
63.0 86 87
64.5 115 119
64.5 115 120
66.0 180 190
66.0 181 182
67.5 73 88
67.5 73 89
69.0 158 176
69.0 158 177
70.5 115 121
70.5 115 122
72.0 132 171
72.0 132 172
73.5 76 88
73.5 76 89
75.0 132 153
75.0 132 154
76.5 131 154
76.5 131 155
78.0 51 52
78.0 52 53
79.5 74 89
79.5 74 90
81.0 40 42
81.0 40 43
82.5 132 157
82.5 132 168
84.0 169 170
84.0 170 171
85.5 133 151
85.5 133 152
87.0 78 111
87.0 78 112
88.5 77 107
88.5 77 108
90.0 75 112
90.0 75 113
91.5 94 110
91.5 94 111
93.0 157 177
93.0 158 159
94.5 123 126
94.5 123 127
96.0 52 60
96.0 52 61
97.5 116 119
97.5 116 120
99.0 3 14
99.0 3 15
100.5 93 102
100.5 93 103
102.0 97 113
102.0 98 99
103.5 43 49
103.5 43 50
105.0 110 112
105.0 111 112
106.5 157 175
106.5 157 176
108.0 81 87
108.0 82 83
109.5 137 148
109.5 137 149
111.0 194 195
111.0 194 196
112.5 113 130
112.5 114 115
114.0 138 149
114.0 138 150
115.5 61 67
115.5 61 68
117.0 4 22
117.0 4 23
118.5 77 86
118.5 77 87
120.0 152 170
120.0 152 171
121.5 161 177
121.5 162 163
123.0 120 129
123.0 121 122
124.5 69 73
124.5 69 74
126.0 99 103
126.0 100 101
127.5 136 150
127.5 136 151
129.0 37 38
129.0 37 50
130.5 52 64
130.5 52 65
132.0 187 188
132.0 187 189
133.5 20 21
133.5 20 22
135.0 136 176
135.0 136 177
136.5 24 35
136.5 24 36
138.0 137 173
138.0 137 174
139.5 18 20
139.5 18 21
141.0 93 106
141.0 93 107
142.5 59 68
142.5 60 61
144.0 139 174
144.0 139 175
145.5 181 187
145.5 181 188
147.0 77 113
147.0 78 79
148.5 35 36
148.5 36 37
150.0 130 158
150.0 130 168
151.5 134 172
151.5 134 173
153.0 104 105
153.0 104 111
154.5 80 86
154.5 80 87
156.0 29 37
156.0 30 31
157.5 134 155
157.5 134 169
159.0 116 117
159.0 116 118
160.5 195 197
160.5 195 198
162.0 136 152
162.0 136 153
163.5 69 108
163.5 69 109
165.0 97 98
165.0 97 99
166.5 31 32
166.5 31 33
168.0 55 66
168.0 55 67
169.5 136 172
169.5 136 173
171.0 70 76
171.0 70 77
172.5 76 110
172.5 76 111
174.0 194 197
174.0 194 198
175.5 174 175
175.5 175 176
177.0 3 16
177.0 3 17
178.5 76 106
178.5 76 107
180.0 43 45
180.0 43 46
181.5 27 32
181.5 27 33
183.0 75 108
183.0 75 109
184.5 138 172
184.5 138 173
186.0 69 79
186.0 69 83
187.5 132 138
187.5 132 139
189.0 142 150
189.0 143 144
190.5 116 129
190.5 116 130
192.0 91 92
192.0 91 103
193.5 0 22
193.5 0 23
195.0 93 108
195.0 93 109
196.5 72 88
196.5 72 89
198.0 56 66
198.0 56 67
199.5 32 36
199.5 33 34
201.0 129 130
201.0 130 131
202.5 78 86
202.5 78 87
204.0 68 114
204.0 68 129
205.5 191 197
205.5 191 198
207.0 159 160
207.0 159 167
208.5 80 84
208.5 80 85
210.0 25 35
210.0 25 36
211.5 159 176
211.5 159 177
213.0 108 110
213.0 108 111
214.5 158 168
214.5 158 169
216.0 52 68
216.0 53 54
217.5 132 134
217.5 132 135
219.0 78 109
219.0 78 110
220.5 58 61
220.5 58 62
222.0 72 109
222.0 72 110
223.5 124 125
223.5 124 126
225.0 156 157
225.0 156 169
226.5 159 168
226.5 159 169
228.0 53 63
228.0 53 64
229.5 31 36
229.5 32 33
231.0 134 136
231.0 134 137
232.5 158 170
232.5 158 171
234.0 6 13
234.0 6 14
235.5 74 87
235.5 74 88
237.0 70 108
237.0 70 109
238.5 137 150
238.5 137 151
240.0 19 21
240.0 19 22
241.5 130 148
241.5 130 149
243.0 74 108
243.0 74 109
244.5 30 34
244.5 30 35
246.0 179 184
246.0 179 185
247.5 42 47
247.5 42 48
249.0 54 63
249.0 54 64
250.5 63 66
250.5 63 67
252.0 37 68
252.0 38 39
253.5 17 21
253.5 17 22
255.0 57 65
255.0 57 66
256.5 140 147
256.5 140 148
258.0 154 176
258.0 154 177
259.5 16 23
259.5 17 18
261.0 133 139
261.0 133 146
262.5 133 175
262.5 133 176
264.0 42 51
264.0 43 44
265.5 73 104
265.5 73 105
267.0 137 152
267.0 137 170
268.5 163 170
268.5 164 165
270.0 93 112
270.0 93 113
271.5 41 49
271.5 41 50
273.0 77 90
273.0 77 106
274.5 119 120
274.5 119 121
276.0 144 148
276.0 145 146
277.5 120 127
277.5 120 128
279.0 141 146
279.0 141 147
280.5 95 110
280.5 95 111
282.0 160 161
282.0 160 167
283.5 131 135
283.5 131 136
285.0 92 103
285.0 92 104
286.5 79 87
286.5 79 88
288.0 136 137
288.0 136 147
289.5 122 126
289.5 122 127
291.0 154 155
291.0 154 169
292.5 95 104
292.5 95 105
294.0 79 113
294.0 80 81
295.5 88 113
295.5 89 90
297.0 133 169
297.0 133 170
298.5 115 129
298.5 115 130
300.0 2 3
300.0 2 14
301.5 6 21
301.5 6 22
303.0 69 90
303.0 69 91
304.5 55 64
304.5 55 65
306.0 121 127
306.0 121 128
307.5 124 127
307.5 124 128
309.0 6 7
309.0 6 12
310.5 24 33
310.5 24 34
312.0 176 177
312.0 177 178
313.5 170 175
313.5 170 176
315.0 39 40
315.0 39 41
316.5 3 20
316.5 3 21
318.0 184 190
318.0 185 186
319.5 72 90
319.5 72 91
321.0 185 189
321.0 186 187
322.5 5 16
322.5 5 17
324.0 69 112
324.0 69 113
325.5 133 153
325.5 133 154
327.0 75 86
327.0 75 87
328.5 26 34
328.5 26 35
330.0 73 112
330.0 73 113
331.5 139 147
331.5 139 148
333.0 28 37
333.0 29 30
334.5 72 76
334.5 72 77
336.0 164 168
336.0 164 169
337.5 127 128
337.5 128 129
339.0 155 156
339.0 155 169
340.5 26 28
340.5 26 29
342.0 136 174
342.0 136 175
343.5 179 188
343.5 179 189
345.0 141 148
345.0 141 149
346.5 131 171
346.5 131 172
348.0 77 88
348.0 77 89
349.5 30 36
349.5 30 37
351.0 63 64
351.0 63 65
352.5 117 120
352.5 117 121
354.0 152 172
354.0 152 173
355.5 76 90
355.5 76 105
357.0 6 15
357.0 6 16
358.5 153 172
358.5 153 173
360.0 92 111
360.0 92 112
361.5 156 170
361.5 156 171
363.0 70 84
363.0 70 85
364.5 160 172
364.5 160 173
366.0 133 137
366.0 133 138
367.5 162 167
367.5 162 168
369.0 25 37
369.0 26 27
370.5 96 110
370.5 96 111
372.0 82 84
372.0 82 85
373.5 107 113
373.5 108 109
375.0 58 63
375.0 58 64
376.5 40 50
376.5 40 51
378.0 46 47
378.0 46 48
379.5 8 14
379.5 8 15
381.0 106 113
381.0 107 108
382.5 155 172
382.5 155 173
384.0 1 16
384.0 1 17
385.5 108 112
385.5 108 113
387.0 196 198
387.0 196 199
388.5 69 114
388.5 69 129
390.0 39 44
390.0 39 45
391.5 134 151
391.5 134 152
393.0 4 14
393.0 4 15
394.5 31 34
394.5 31 35
396.0 132 151
396.0 132 152
397.5 179 180
397.5 179 181
399.0 182 189
399.0 182 190
400.5 161 162
400.5 161 166
402.0 55 56
402.0 55 57
403.5 83 84
403.5 83 85
405.0 42 49
405.0 42 50
406.5 135 136
406.5 135 137
408.0 159 174
408.0 159 175
409.5 73 86
409.5 73 87
411.0 74 104
411.0 74 105
412.5 135 174
412.5 135 175
414.0 193 198
414.0 193 199
415.5 83 86
415.5 84 85
417.0 94 102
417.0 94 103
418.5 71 111
418.5 71 112
420.0 139 172
420.0 139 173
421.5 155 174
421.5 155 175
423.0 70 92
423.0 70 93
424.5 4 18
424.5 4 19
426.0 75 76
426.0 75 85
427.5 131 169
427.5 131 170
429.0 121 125
429.0 121 126
430.5 138 176
430.5 138 177
432.0 172 176
432.0 173 174
433.5 57 67
433.5 57 68
435.0 4 5
435.0 4 13
436.5 114 126
436.5 114 127
438.0 6 23
438.0 7 8
439.5 73 106
439.5 73 107
441.0 183 186
441.0 183 187
442.5 77 78
442.5 77 85
444.0 80 82
444.0 80 83
445.5 54 55
445.5 54 56
447.0 23 24
447.0 24 25
448.5 102 103
448.5 103 104
450.0 137 177
450.0 138 139
451.5 152 174
451.5 152 175
453.0 68 110
453.0 68 111
454.5 71 72
454.5 71 73
456.0 45 50
456.0 45 51
457.5 94 112
457.5 94 113
459.0 139 140
459.0 139 146
460.5 109 110
460.5 109 111
462.0 147 148
462.0 148 149
463.5 0 1
463.5 0 15
465.0 73 108
465.0 73 109
466.5 105 112
466.5 105 113
468.0 118 128
468.0 118 129
469.5 116 121
469.5 116 122
471.0 136 148
471.0 136 149
472.5 54 61
472.5 54 62
474.0 7 11
474.0 7 12
475.5 131 133
475.5 131 134
477.0 73 110
477.0 73 111
478.5 181 185
478.5 181 186
480.0 107 111
480.0 107 112
481.5 95 106
481.5 95 107
483.0 58 59
483.0 58 60
484.5 130 156
484.5 130 157
486.0 80 88
486.0 81 82
487.5 72 107
487.5 72 108
489.0 120 121
489.0 120 122
490.5 117 122
490.5 117 123
492.0 181 189
492.0 181 190
493.5 25 29
493.5 25 30
495.0 117 130
495.0 118 119
496.5 198 199
498.0 117 124
498.0 117 125
499.5 39 48
499.5 39 49
501.0 44 48
501.0 44 49
502.5 134 147
502.5 134 148
504.0 132 149
504.0 132 150
505.5 152 176
505.5 152 177
507.0 133 171
507.0 133 172
508.5 182 185
508.5 182 186
510.0 143 145
510.0 143 146
511.5 76 108
511.5 76 109
513.0 163 168
513.0 163 169
514.5 38 49
514.5 38 50
516.0 79 83
516.0 79 84
517.5 71 113
517.5 72 73
519.0 132 155
519.0 132 156
520.5 114 120
520.5 114 121
522.0 177 189
522.0 177 190
523.5 70 104
523.5 70 105
525.0 47 49
525.0 47 50
526.5 73 90
526.5 73 91
528.0 156 176
528.0 156 177
529.5 24 68
529.5 25 26
531.0 135 172
531.0 135 173
532.5 44 50
532.5 44 51
534.0 178 184
534.0 178 185
535.5 6 17
535.5 6 18
537.0 2 17
537.0 2 18
538.5 62 63
538.5 62 64
540.0 41 47
540.0 41 48
541.5 67 68
541.5 68 69
543.0 130 150
543.0 130 151
544.5 106 107
544.5 106 108
546.0 91 110
546.0 91 111
547.5 91 112
547.5 91 113
549.0 91 104
549.0 91 105
550.5 57 63
550.5 57 64
552.0 115 117
552.0 115 118
553.5 130 177
553.5 130 190
555.0 45 46
555.0 45 47
556.5 154 174
556.5 154 175
558.0 7 15
558.0 7 16
559.5 82 86
559.5 82 87
561.0 71 107
561.0 71 108
562.5 114 128
562.5 114 129
564.0 105 106
564.0 105 109
565.5 131 141
565.5 131 145
567.0 119 124
567.0 119 125
568.5 131 148
568.5 131 149
570.0 26 36
570.0 26 37
571.5 130 146
571.5 130 147
573.0 14 15
573.0 15 16
574.5 76 112
574.5 76 113
576.0 171 172
576.0 171 173
577.5 74 112
577.5 74 113
579.0 192 194
579.0 192 195
580.5 133 149
580.5 133 150
582.0 56 68
582.0 57 58
583.5 96 103
583.5 96 104
585.0 161 169
585.0 161 170
586.5 141 142
586.5 141 145
588.0 151 173
588.0 151 174
589.5 56 64
589.5 56 65
591.0 7 23
591.0 8 9
592.5 70 102
592.5 70 103
594.0 43 47
594.0 43 48
595.5 55 60
595.5 55 61
597.0 130 154
597.0 130 155
598.5 9 12
598.5 9 13
600.0 135 170
600.0 135 171
601.5 100 102
601.5 101 102
603.0 89 107
603.0 89 108
604.5 59 62
604.5 59 63
606.0 29 33
606.0 29 34
607.5 53 55
607.5 53 56
609.0 99 101
609.0 99 102
610.5 89 109
610.5 89 110
612.0 145 147
612.0 146 147
613.5 130 169
613.5 130 170
615.0 98 100
615.0 98 101
616.5 92 113
616.5 93 94
618.0 72 111
618.0 72 112
619.5 160 176
619.5 160 177
621.0 24 31
621.0 24 32
622.5 89 113
622.5 90 91
624.0 38 45
624.0 38 46
625.5 26 30
625.5 26 31
627.0 69 75
627.0 69 76
628.5 27 34
628.5 27 35
630.0 46 51
630.0 47 48
631.5 29 31
631.5 29 32
633.0 134 170
633.0 134 171
634.5 94 106
634.5 94 107
636.0 72 105
636.0 72 106
637.5 27 36
637.5 27 37
639.0 178 186
639.0 178 187
640.5 71 87
640.5 71 88
642.0 193 194
642.0 193 195
643.5 4 20
643.5 4 21
645.0 93 110
645.0 93 111
646.5 73 75
646.5 73 76
648.0 61 63
648.0 61 64
649.5 157 171
649.5 157 172
651.0 144 146
651.0 144 147
652.5 4 16
652.5 4 17
654.0 90 108
654.0 90 109
655.5 74 106
655.5 74 107
657.0 59 64
657.0 59 65
658.5 12 13
658.5 13 14
660.0 60 66
660.0 60 67
661.5 106 111
661.5 106 112
663.0 69 102
663.0 69 103
664.5 142 144
664.5 142 145
666.0 55 58
666.0 55 59
667.5 153 170
667.5 153 171
669.0 16 17
669.0 16 20
670.5 3 22
670.5 3 23
672.0 139 151
672.0 139 152
673.5 5 20
673.5 5 21
675.0 39 46
675.0 39 47
676.5 184 188
676.5 184 189
678.0 140 149
678.0 140 150
679.5 81 83
679.5 81 84
681.0 119 126
681.0 119 127
682.5 7 19
682.5 7 20
684.0 91 108
684.0 91 109
685.5 2 19
685.5 2 20
687.0 62 67
687.0 62 68
688.5 182 187
688.5 182 188
690.0 58 65
690.0 58 66
691.5 71 74
691.5 71 75
693.0 154 172
693.0 154 173
694.5 95 112
694.5 95 113
696.0 41 45
696.0 41 46
697.5 72 103
697.5 72 104
699.0 53 67
699.0 53 68
700.5 77 111
700.5 77 112
702.0 39 50
702.0 39 51
703.5 161 173
703.5 161 174
705.0 26 32
705.0 26 33
706.5 71 103
706.5 71 104
708.0 136 170
708.0 136 171
709.5 68 112
709.5 68 113
711.0 116 123
711.0 116 124
712.5 162 171
712.5 162 174
714.0 30 32
714.0 30 33
715.5 160 168
715.5 160 169
717.0 132 169
717.0 132 170
718.5 76 86
718.5 76 87
720.0 118 126
720.0 118 127
721.5 8 16
721.5 8 21
723.0 180 184
723.0 180 185
724.5 69 77
724.5 69 78
726.0 2 15
726.0 2 16
727.5 60 62
727.5 60 63
729.0 8 10
729.0 8 11
730.5 40 52
730.5 41 42
732.0 143 147
732.0 143 148
733.5 39 52
733.5 40 41
735.0 121 129
735.0 122 123
736.5 8 22
736.5 8 23
738.0 195 199
738.0 196 197
739.5 72 113
739.5 73 74
741.0 114 122
741.0 114 123
742.5 161 167
742.5 161 168
744.0 119 122
744.0 119 123
745.5 75 88
745.5 75 89
747.0 69 88
747.0 69 89
748.5 43 51
748.5 44 45
750.0 54 57
750.0 54 58
751.5 180 182
751.5 180 183
753.0 153 176
753.0 153 177
754.5 96 105
754.5 96 106
756.0 183 184
756.0 183 185
757.5 171 174
757.5 171 175
759.0 53 59
759.0 53 60
760.5 78 113
760.5 79 80
762.0 165 166
762.0 165 167
763.5 75 90
763.5 75 105
765.0 191 199
765.0 192 193
766.5 10 11
766.5 10 12
768.0 180 186
768.0 180 187
769.5 155 170
769.5 155 171
771.0 156 174
771.0 156 175
772.5 117 118
772.5 117 119
774.0 158 172
774.0 158 173
775.5 151 175
775.5 151 176
777.0 70 72
777.0 70 73
778.5 34 35
778.5 34 36
780.0 179 190
780.0 180 181
781.5 55 62
781.5 55 63
783.0 54 65
783.0 54 66
784.5 115 123
784.5 115 124
786.0 163 166
786.0 163 167
787.5 192 196
787.5 192 197
789.0 69 104
789.0 69 105
790.5 121 123
790.5 121 124
792.0 131 152
792.0 131 153
793.5 131 173
793.5 131 174
795.0 42 43
795.0 42 44
796.5 123 124
796.5 123 125
798.0 153 154
798.0 153 169
799.5 132 177
799.5 133 134
801.0 81 85
801.0 81 86
802.5 0 20
802.5 0 21
804.0 7 17
804.0 7 18
805.5 9 10
805.5 9 11
807.0 123 128
807.0 123 129
808.5 46 49
808.5 46 50
810.0 60 64
810.0 60 65
811.5 134 138
811.5 134 139
813.0 1 20
813.0 1 21
814.5 92 107
814.5 92 108
816.0 130 137
816.0 130 138
817.5 130 152
817.5 130 153
819.0 71 76
819.0 71 77
820.5 118 120
820.5 118 121
822.0 131 150
822.0 131 151
823.5 137 175
823.5 137 176
825.0 131 158
825.0 131 168
826.5 157 169
826.5 157 170
828.0 194 199
828.0 195 196
829.5 138 151
829.5 138 152
831.0 71 91
831.0 71 92
832.5 188 189
832.5 189 190
834.0 177 191
834.0 178 179
835.5 98 102
835.5 98 103
837.0 124 129
837.0 125 126
838.5 153 174
838.5 153 175
840.0 3 18
840.0 3 19
841.5 11 12
841.5 11 13
843.0 119 128
843.0 119 129
844.5 28 33
844.5 28 34
846.0 89 111
846.0 89 112
847.5 133 155
847.5 133 156
849.0 70 88
849.0 70 89
850.5 69 84
850.5 69 85
852.0 40 44
852.0 40 45
853.5 49 50
853.5 50 51
855.0 97 100
855.0 97 101
856.5 131 175
856.5 131 176
858.0 78 88
858.0 78 89
859.5 61 65
859.5 61 66
861.0 28 31
861.0 28 32
862.5 70 86
862.5 70 87
864.0 41 43
864.0 41 44
865.5 5 14
865.5 5 15
867.0 56 58
867.0 56 59
868.5 69 130
868.5 70 71
870.0 38 51
870.0 38 52
871.5 79 85
871.5 79 86
873.0 21 22
873.0 22 23
874.5 115 125
874.5 115 126
876.0 72 86
876.0 72 87
877.5 154 170
877.5 154 171
879.0 97 111
879.0 97 112
880.5 71 85
880.5 71 86
882.0 155 176
882.0 155 177
883.5 116 127
883.5 116 128
885.0 134 174
885.0 134 175
886.5 107 109
886.5 107 110
888.0 37 51
888.0 37 52
889.5 70 78
889.5 70 79
891.0 179 186
891.0 179 187
892.5 64 66
892.5 64 67
894.0 165 168
894.0 166 167
895.5 160 174
895.5 160 175
897.0 105 110
897.0 105 111
898.5 95 96
898.5 95 101
900.0 117 126
900.0 117 127
901.5 135 150
901.5 135 151
903.0 114 124
903.0 114 125
904.5 76 77
904.5 76 85
906.0 117 128
906.0 117 129
907.5 118 124
907.5 118 125
909.0 131 137
909.0 131 138
910.5 133 177
910.5 134 135
912.0 38 47
912.0 38 48
913.5 52 66
913.5 52 67
915.0 74 110
915.0 74 111
916.5 132 173
916.5 132 174
918.0 171 176
918.0 172 173
919.5 158 174
919.5 158 175
921.0 182 183
921.0 182 184
922.5 142 146
922.5 142 147
924.0 72 78
924.0 72 85
925.5 59 60
925.5 59 61
927.0 164 166
927.0 164 167
928.5 130 173
928.5 130 174
930.0 90 106
930.0 90 107
931.5 90 112
931.5 90 113
933.0 48 50
933.0 48 51
934.5 185 187
934.5 185 188
936.0 172 174
936.0 172 175
937.5 162 169
937.5 162 170
939.0 55 68
939.0 56 57
940.5 38 43
940.5 38 44
942.0 151 177
942.0 152 153
943.5 2 23
943.5 3 4
945.0 60 68
945.0 61 62
946.5 131 146
946.5 131 147
948.0 90 104
948.0 90 105
949.5 125 127
949.5 125 128
951.0 79 89
951.0 79 112
952.5 190 191
952.5 191 192
954.0 116 125
954.0 116 126
955.5 138 170
955.5 138 171
957.0 97 102
957.0 97 103
958.5 69 110
958.5 69 111
960.0 156 172
960.0 156 173
961.5 70 114
961.5 70 130
963.0 93 104
963.0 93 105
964.5 192 198
964.5 192 199
966.0 125 129
966.0 126 127
967.5 135 148
967.5 135 149
969.0 92 109
969.0 92 110
970.5 73 77
970.5 73 85
972.0 25 33
972.0 25 34
973.5 98 104
973.5 99 100
975.0 75 106
975.0 75 107
976.5 104 112
976.5 104 113
978.0 130 191
978.0 131 132
979.5 69 92
979.5 69 93
981.0 178 188
981.0 178 189
982.5 24 37
982.5 24 52
984.0 75 110
984.0 75 111
985.5 131 177
985.5 131 190
987.0 53 57
987.0 53 58
988.5 7 13
988.5 7 14
990.0 120 125
990.0 120 126
991.5 126 128
991.5 126 129
993.0 10 13
993.0 10 14
994.5 56 60
994.5 56 61
996.0 138 147
996.0 138 148
997.5 94 95
997.5 94 101
999.0 16 21
999.0 16 22
1000.5 178 190
1000.5 178 191
1002.0 54 59
1002.0 54 60
1003.5 78 84
1003.5 78 85
1005.0 139 149
1005.0 139 150
1006.5 7 21
1006.5 7 22
1008.0 120 123
1008.0 120 124
1009.5 122 128
1009.5 122 129
1011.0 29 35
1011.0 29 36
1012.5 28 35
1012.5 28 36
1014.0 132 147
1014.0 132 148
1015.5 44 46
1015.5 44 47
1017.0 135 154
1017.0 135 169
1018.5 132 136
1018.5 132 137
1020.0 96 108
1020.0 96 109
1021.5 1 18
1021.5 1 19
1023.0 137 171
1023.0 137 172
1024.5 74 75
1024.5 74 76
1026.0 8 12
1026.0 8 13
1027.5 133 135
1027.5 133 136
1029.0 114 130
1029.0 115 116
1030.5 33 35
1030.5 33 36
1032.0 138 174
1032.0 138 175
1033.5 74 85
1033.5 74 86
1035.0 94 104
1035.0 94 105
1036.5 70 90
1036.5 70 91
1038.0 181 183
1038.0 181 184
1039.5 180 188
1039.5 180 189
1041.0 71 109
1041.0 71 110
1042.5 40 46
1042.5 40 47
1044.0 134 149
1044.0 134 150
1045.5 149 150
1045.5 150 151
1047.0 69 106
1047.0 69 107
1048.5 143 149
1048.5 144 145
1050.0 122 124
1050.0 122 125
1051.5 157 173
1051.5 157 174
1053.0 157 158
1053.0 157 168
1054.5 90 110
1054.5 90 111
1056.0 65 67
1056.0 66 67
1057.5 132 140
1057.5 132 146
1059.0 1 2
1059.0 1 15
1060.5 54 67
1060.5 54 68
1062.0 95 102
1062.0 95 103
1063.5 59 66
1063.5 59 67
1065.0 131 139
1065.0 131 140
1066.5 141 150
1066.5 142 143
1068.0 58 67
1068.0 58 68
1069.5 118 122
1069.5 118 123
1071.0 0 16
1071.0 0 17
1072.5 77 109
1072.5 77 110
1074.0 63 68
1074.0 64 65
1075.5 52 62
1075.5 52 63
1077.0 70 110
1077.0 70 111
1078.5 18 22
1078.5 19 20
1080.0 183 190
1080.0 184 185
1081.5 95 108
1081.5 95 109
1083.0 41 51
1083.0 41 52
1084.5 17 19
1084.5 17 20
1086.0 42 45
1086.0 42 46
1087.5 159 172
1087.5 159 173
1089.0 130 171
1089.0 130 172
1090.5 106 109
1090.5 106 110
1092.0 56 62
1092.0 56 63
1093.5 5 18
1093.5 5 19
1095.0 131 191
1095.0 132 133
1096.5 186 188
1096.5 186 189
1098.0 135 176
1098.0 135 177
1099.5 57 61
1099.5 57 62
1101.0 17 23
1101.0 18 19
1102.5 140 151
1102.5 140 175
1104.0 139 176
1104.0 139 177
1105.5 109 112
1105.5 110 111
1107.0 92 105
1107.0 92 106
1108.5 32 34
1108.5 32 35
1110.0 47 51
1110.0 48 49
1111.5 135 152
1111.5 135 153
1113.0 193 196
1113.0 193 197
1114.5 64 68
1114.5 65 66
1116.0 94 108
1116.0 94 109
1117.5 28 29
1117.5 28 30
1119.0 27 28
1119.0 27 29
1120.5 53 65
1120.5 53 66
1122.0 130 139
1122.0 130 140
1123.5 87 88
1123.5 88 89
1125.0 96 97
1125.0 96 100
1126.5 27 30
1126.5 27 31
1128.0 62 65
1128.0 62 66
1129.5 134 176
1129.5 134 177
1131.0 137 138
1131.0 137 147
1132.5 162 165
1132.5 162 166
1134.0 167 168
1134.0 168 169
1135.5 97 104
1135.5 97 105
1137.0 132 175
1137.0 132 176
1138.5 142 148
1138.5 142 149
1140.0 71 78
1140.0 71 84
1141.5 179 182
1141.5 179 183
1143.0 57 59
1143.0 57 60
1144.5 25 31
1144.5 25 32
1146.0 72 74
1146.0 72 75
1147.5 140 176
1147.5 140 177
1149.0 70 112
1149.0 70 113
1150.5 40 48
1150.5 40 49
