0 116 121
0 116 122
1.5 95 106
1.5 95 107
3.0 161 175
3.0 161 176
4.5 141 146
4.5 141 147
6.0 92 103
6.0 92 104
7.5 2 21
7.5 2 22
9.0 74 89
9.0 74 90
10.5 131 152
10.5 131 153
12.0 89 113
12.0 90 91
13.5 161 171
13.5 161 172
15.0 180 184
15.0 180 185
16.5 132 173
16.5 132 174
18.0 155 156
18.0 155 169
19.5 131 150
19.5 131 151
21.0 143 145
21.0 143 146
22.5 69 108
22.5 69 109
24.0 134 151
24.0 134 152
25.5 74 87
25.5 74 88
27.0 174 175
27.0 175 176
28.5 69 112
28.5 69 113
30.0 2 17
30.0 2 18
31.5 79 87
31.5 79 88
33.0 96 103
33.0 96 104
34.5 6 23
34.5 7 8
36.0 92 93
36.0 92 102
37.5 136 137
37.5 136 147
39.0 58 65
39.0 58 66
40.5 68 112
40.5 68 113
42.0 37 68
42.0 38 39
43.5 156 176
43.5 156 177
45.0 158 176
45.0 158 177
46.5 118 122
46.5 118 123
48.0 14 15
48.0 15 16
49.5 133 175
49.5 133 176
51.0 180 186
51.0 180 187
52.5 155 176
52.5 155 177
54.0 46 51
54.0 47 48
55.5 141 148
55.5 141 149
57.0 102 103
57.0 103 104
58.5 131 148
58.5 131 149
60.0 72 76
60.0 72 77
61.5 1 16
61.5 1 17
63.0 58 61
63.0 58 62
64.5 99 103
64.5 100 101
66.0 5 20
66.0 5 21
67.5 69 114
67.5 69 129
69.0 135 138
69.0 135 147
70.5 42 43
70.5 42 44
72.0 27 28
72.0 27 29
73.5 61 67
73.5 61 68
75.0 60 62
75.0 60 63
76.5 75 106
76.5 75 107
78.0 40 52
78.0 41 42
79.5 94 95
79.5 94 101
81.0 77 88
81.0 77 89
82.5 138 149
82.5 138 150
84.0 140 147
84.0 140 148
85.5 71 111
85.5 71 112
87.0 28 33
87.0 28 34
88.5 172 176
88.5 173 174
90.0 157 169
90.0 157 170
91.5 114 120
91.5 114 121
93.0 120 125
93.0 120 126
94.5 179 190
94.5 180 181
96.0 109 112
96.0 110 111
97.5 29 33
97.5 29 34
99.0 177 191
99.0 178 179
100.5 6 15
100.5 6 16
102.0 54 57
102.0 54 58
103.5 65 67
103.5 66 67
105.0 69 75
105.0 69 76
106.5 132 134
106.5 132 135
108.0 163 168
108.0 163 169
109.5 132 138
109.5 132 139
111.0 28 35
111.0 28 36
112.5 138 151
112.5 138 152
114.0 73 104
114.0 73 105
115.5 188 189
115.5 189 190
117.0 104 105
117.0 104 111
118.5 62 67
118.5 62 68
120.0 130 156
120.0 130 157
121.5 42 45
121.5 42 46
123.0 131 173
123.0 131 174
124.5 90 110
124.5 90 111
126.0 90 112
126.0 90 113
127.5 45 48
127.5 45 49
129.0 137 150
129.0 137 151
130.5 7 19
130.5 7 20
132.0 134 138
132.0 134 139
133.5 134 172
133.5 134 173
135.0 27 36
135.0 27 37
136.5 116 123
136.5 116 124
138.0 161 177
138.0 162 163
139.5 12 13
139.5 13 14
141.0 78 86
141.0 78 87
142.5 71 74
142.5 71 75
144.0 115 117
144.0 115 118
145.5 159 160
145.5 159 167
147.0 122 124
147.0 122 125
148.5 17 23
148.5 18 19
150.0 141 142
150.0 141 145
151.5 1 18
151.5 1 19
153.0 92 113
153.0 93 94
154.5 138 174
154.5 138 175
156.0 72 105
156.0 72 106
157.5 119 122
157.5 119 123
159.0 114 126
159.0 114 127
160.5 58 63
160.5 58 64
162.0 181 185
162.0 181 186
163.5 76 108
163.5 76 109
165.0 115 119
165.0 115 120
166.5 76 110
166.5 76 111
168.0 153 174
168.0 153 175
169.5 158 174
169.5 158 175
171.0 137 173
171.0 137 174
172.5 196 198
172.5 196 199
174.0 21 22
174.0 22 23
175.5 10 11
175.5 10 12
177.0 30 34
177.0 30 35
178.5 5 14
178.5 5 15
180.0 192 196
180.0 192 197
181.5 42 47
181.5 42 48
183.0 142 144
183.0 142 145
184.5 60 68
184.5 61 62
186.0 117 118
186.0 117 119
187.5 133 137
187.5 133 138
189.0 139 147
189.0 139 148
190.5 57 67
190.5 57 68
192.0 38 51
192.0 38 52
193.5 160 170
193.5 160 171
195.0 117 128
195.0 117 129
196.5 68 130
196.5 69 70
198.0 5 6
198.0 5 13
199.5 160 168
199.5 160 169
201.0 133 173
201.0 133 174
202.5 75 88
202.5 75 89
204.0 25 29
204.0 25 30
205.5 16 17
205.5 16 20
207.0 70 114
207.0 70 130
208.5 131 137
208.5 131 138
210.0 130 139
210.0 130 140
211.5 8 22
211.5 8 23
213.0 117 122
213.0 117 123
214.5 24 68
214.5 25 26
216.0 73 106
216.0 73 107
217.5 104 112
217.5 104 113
219.0 193 196
219.0 193 197
220.5 60 64
220.5 60 65
222.0 60 66
222.0 60 67
223.5 70 108
223.5 70 109
225.0 182 185
225.0 182 186
226.5 130 137
226.5 130 138
228.0 6 7
228.0 6 12
229.5 57 59
229.5 57 60
231.0 152 170
231.0 152 171
232.5 25 31
232.5 25 32
234.0 124 127
234.0 124 128
235.5 142 146
235.5 142 147
237.0 115 127
237.0 115 128
238.5 20 21
238.5 20 22
240.0 39 48
240.0 39 49
241.5 27 32
241.5 27 33
243.0 64 66
243.0 64 67
244.5 82 84
244.5 82 85
246.0 4 16
246.0 4 17
247.5 131 139
247.5 131 140
249.0 139 176
249.0 139 177
250.5 97 113
250.5 98 99
252.0 48 50
252.0 48 51
253.5 41 45
253.5 41 46
255.0 130 150
255.0 130 151
256.5 135 154
256.5 135 169
258.0 72 78
258.0 72 85
259.5 125 129
259.5 126 127
261.0 172 174
261.0 172 175
262.5 54 55
262.5 54 56
264.0 32 36
264.0 33 34
265.5 70 78
265.5 70 79
267.0 73 75
267.0 73 76
268.5 41 49
268.5 41 50
270.0 151 177
270.0 152 153
271.5 112 113
271.5 113 114
273.0 30 36
273.0 30 37
274.5 94 104
274.5 94 105
276.0 70 76
276.0 70 77
277.5 91 92
277.5 91 103
279.0 16 23
279.0 17 18
280.5 106 113
280.5 107 108
282.0 194 199
282.0 195 196
283.5 154 176
283.5 154 177
285.0 77 107
285.0 77 108
286.5 91 108
286.5 91 109
288.0 154 172
288.0 154 173
289.5 178 184
289.5 178 185
291.0 152 174
291.0 152 175
292.5 47 51
292.5 48 49
294.0 179 180
294.0 179 181
295.5 74 85
295.5 74 86
297.0 133 147
297.0 133 148
298.5 71 103
298.5 71 104
300.0 186 188
300.0 186 189
301.5 183 184
301.5 183 185
303.0 0 22
303.0 0 23
304.5 143 147
304.5 143 148
306.0 53 67
306.0 53 68
307.5 161 169
307.5 161 170
309.0 78 88
309.0 78 89
310.5 67 68
310.5 68 69
312.0 98 104
312.0 99 100
313.5 132 155
313.5 132 156
315.0 70 84
315.0 70 85
316.5 182 189
316.5 182 190
318.0 167 168
318.0 168 169
319.5 131 135
319.5 131 136
321.0 93 108
321.0 93 109
322.5 44 46
322.5 44 47
324.0 69 110
324.0 69 111
325.5 55 64
325.5 55 65
327.0 94 108
327.0 94 109
328.5 182 187
328.5 182 188
330.0 165 168
330.0 166 167
331.5 135 174
331.5 135 175
333.0 97 100
333.0 97 101
334.5 115 125
334.5 115 126
336.0 106 111
336.0 106 112
337.5 152 172
337.5 152 173
339.0 93 112
339.0 93 113
340.5 133 177
340.5 134 135
342.0 162 175
342.0 162 176
343.5 38 49
343.5 38 50
345.0 136 152
345.0 136 153
346.5 162 169
346.5 162 170
348.0 4 5
348.0 4 13
349.5 73 77
349.5 73 85
351.0 92 109
351.0 92 110
352.5 26 36
352.5 26 37
354.0 71 109
354.0 71 110
355.5 79 85
355.5 79 86
357.0 24 31
357.0 24 32
358.5 25 35
358.5 25 36
360.0 58 67
360.0 58 68
361.5 105 112
361.5 105 113
363.0 140 149
363.0 140 150
364.5 97 102
364.5 97 103
366.0 77 111
366.0 77 112
367.5 170 175
367.5 170 176
369.0 92 105
369.0 92 106
370.5 187 188
370.5 187 189
372.0 121 125
372.0 121 126
373.5 89 109
373.5 89 110
375.0 131 133
375.0 131 134
376.5 163 170
376.5 164 165
378.0 161 162
378.0 161 166
379.5 107 109
379.5 107 110
381.0 59 64
381.0 59 65
382.5 171 172
382.5 171 173
384.0 74 75
384.0 74 76
385.5 127 128
385.5 128 129
387.0 177 189
387.0 177 190
388.5 106 107
388.5 106 108
390.0 71 87
390.0 71 88
391.5 160 172
391.5 160 173
393.0 38 43
393.0 38 44
394.5 59 62
394.5 59 63
396.0 132 157
396.0 132 168
397.5 131 141
397.5 131 145
399.0 62 65
399.0 62 66
400.5 28 29
400.5 28 30
402.0 195 199
402.0 196 197
403.5 81 83
403.5 81 84
405.0 138 147
405.0 138 148
406.5 74 106
406.5 74 107
408.0 73 110
408.0 73 111
409.5 162 171
409.5 162 174
411.0 114 130
411.0 115 116
412.5 71 89
412.5 71 90
414.0 35 36
414.0 36 37
415.5 120 127
415.5 120 128
417.0 77 78
417.0 77 85
418.5 27 30
418.5 27 31
420.0 71 78
420.0 71 84
421.5 69 77
421.5 69 78
423.0 6 21
423.0 6 22
424.5 61 65
424.5 61 66
426.0 119 120
426.0 119 121
427.5 131 175
427.5 131 176
429.0 82 86
429.0 82 87
430.5 133 169
430.5 133 170
432.0 108 112
432.0 108 113
433.5 95 104
433.5 95 105
435.0 133 139
435.0 133 146
436.5 59 66
436.5 59 67
438.0 132 171
438.0 132 172
439.5 8 16
439.5 8 21
441.0 73 86
441.0 73 87
442.5 122 126
442.5 122 127
444.0 161 173
444.0 161 174
445.5 130 148
445.5 130 149
447.0 151 152
447.0 151 172
448.5 81 85
448.5 81 86
450.0 40 48
450.0 40 49
451.5 135 152
451.5 135 153
453.0 95 102
453.0 95 103
454.5 69 86
454.5 69 87
456.0 3 20
456.0 3 21
457.5 154 170
457.5 154 171
459.0 114 124
459.0 114 125
460.5 94 110
460.5 94 111
462.0 109 110
462.0 109 111
463.5 11 12
463.5 11 13
465.0 72 107
465.0 72 108
466.5 71 113
466.5 72 73
468.0 181 189
468.0 181 190
469.5 54 59
469.5 54 60
471.0 90 106
471.0 90 107
472.5 110 112
472.5 111 112
474.0 89 111
474.0 89 112
475.5 56 62
475.5 56 63
477.0 54 67
477.0 54 68
478.5 194 197
478.5 194 198
480.0 69 102
480.0 69 103
481.5 185 187
481.5 185 188
483.0 135 172
483.0 135 173
484.5 96 108
484.5 96 109
486.0 5 16
486.0 5 17
487.5 59 68
487.5 60 61
489.0 96 101
489.0 96 102
490.5 34 35
490.5 34 36
492.0 0 20
492.0 0 21
493.5 70 110
493.5 70 111
495.0 123 124
495.0 123 125
496.5 157 175
496.5 157 176
498.0 105 106
498.0 105 109
499.5 116 117
499.5 116 118
501.0 47 49
501.0 47 50
502.5 164 168
502.5 164 169
504.0 119 124
504.0 119 125
505.5 94 106
505.5 94 107
507.0 96 112
507.0 96 113
508.5 120 129
508.5 121 122
510.0 74 104
510.0 74 105
511.5 64 68
511.5 65 66
513.0 124 125
513.0 124 126
514.5 119 128
514.5 119 129
516.0 56 60
516.0 56 61
517.5 120 121
517.5 120 122
519.0 163 166
519.0 163 167
520.5 122 128
520.5 122 129
522.0 92 111
522.0 92 112
523.5 136 170
523.5 136 171
525.0 70 74
525.0 70 75
526.5 97 111
526.5 97 112
528.0 39 46
528.0 39 47
529.5 16 21
529.5 16 22
531.0 56 66
531.0 56 67
532.5 115 123
532.5 115 124
534.0 72 111
534.0 72 112
535.5 137 171
535.5 137 172
537.0 68 114
537.0 68 129
538.5 96 97
538.5 96 100
540.0 57 61
540.0 57 62
541.5 55 68
541.5 56 57
543.0 17 21
543.0 17 22
544.5 123 126
544.5 123 127
546.0 132 177
546.0 133 134
547.5 74 108
547.5 74 109
549.0 171 174
549.0 171 175
550.5 137 175
550.5 137 176
552.0 7 11
552.0 7 12
553.5 3 18
553.5 3 19
555.0 140 176
555.0 140 177
556.5 140 141
556.5 140 146
558.0 31 32
558.0 31 33
559.5 131 171
559.5 131 172
561.0 77 86
561.0 77 87
562.5 139 172
562.5 139 173
564.0 71 76
564.0 71 77
565.5 134 174
565.5 134 175
567.0 154 155
567.0 154 169
568.5 155 174
568.5 155 175
570.0 176 177
570.0 177 178
571.5 184 186
571.5 184 187
573.0 149 150
573.0 150 151
574.5 58 59
574.5 58 60
576.0 135 176
576.0 135 177
577.5 7 17
577.5 7 18
579.0 63 68
579.0 64 65
580.5 72 86
580.5 72 87
582.0 198 199
583.5 121 129
583.5 122 123
585.0 69 104
585.0 69 105
586.5 41 51
586.5 41 52
588.0 44 48
588.0 44 49
589.5 147 148
589.5 148 149
591.0 71 107
591.0 71 108
592.5 184 188
592.5 184 189
594.0 117 126
594.0 117 127
595.5 90 108
595.5 90 109
597.0 95 108
597.0 95 109
598.5 8 14
598.5 8 15
600.0 169 170
600.0 170 171
601.5 69 73
601.5 69 74
603.0 97 104
603.0 97 105
604.5 114 128
604.5 114 129
606.0 51 52
606.0 52 53
607.5 135 150
607.5 135 151
609.0 69 92
609.0 69 93
610.5 9 14
610.5 9 15
612.0 162 167
612.0 162 168
613.5 45 50
613.5 45 51
615.0 116 125
615.0 116 126
616.5 79 89
616.5 79 112
618.0 132 147
618.0 132 148
619.5 3 22
619.5 3 23
621.0 43 51
621.0 44 45
622.5 18 22
622.5 19 20
624.0 69 84
624.0 69 85
625.5 132 153
625.5 132 154
627.0 117 120
627.0 117 121
628.5 7 15
628.5 7 16
630.0 154 174
630.0 154 175
631.5 53 59
631.5 53 60
633.0 105 110
633.0 105 111
634.5 171 176
634.5 172 173
636.0 26 34
636.0 26 35
637.5 73 112
637.5 73 113
639.0 52 62
639.0 52 63
640.5 37 38
640.5 37 50
642.0 6 17
642.0 6 18
643.5 134 149
643.5 134 150
645.0 52 64
645.0 52 65
646.5 4 14
646.5 4 15
648.0 45 46
648.0 45 47
649.5 71 105
649.5 71 106
651.0 194 195
651.0 194 196
652.5 63 66
652.5 63 67
654.0 76 106
654.0 76 107
655.5 40 46
655.5 40 47
657.0 183 188
657.0 183 189
658.5 133 155
658.5 133 156
660.0 180 190
660.0 181 182
661.5 133 151
661.5 133 152
663.0 95 112
663.0 95 113
664.5 70 102
664.5 70 103
666.0 139 149
666.0 139 150
667.5 53 57
667.5 53 58
669.0 7 13
669.0 7 14
670.5 38 45
670.5 38 46
672.0 137 148
672.0 137 149
673.5 123 128
673.5 123 129
675.0 99 101
675.0 99 102
676.5 133 149
676.5 133 150
678.0 136 172
678.0 136 173
679.5 137 152
679.5 137 170
681.0 138 176
681.0 138 177
682.5 153 154
682.5 153 169
684.0 69 88
684.0 69 89
685.5 9 12
685.5 9 13
687.0 55 60
687.0 55 61
688.5 31 36
688.5 32 33
690.0 153 172
690.0 153 173
691.5 160 161
691.5 160 167
693.0 157 171
693.0 157 172
694.5 158 170
694.5 158 171
696.0 91 106
696.0 91 107
697.5 179 188
697.5 179 189
699.0 137 138
699.0 137 147
700.5 73 90
700.5 73 91
702.0 159 168
702.0 159 169
703.5 136 176
703.5 136 177
705.0 46 49
705.0 46 50
706.5 161 167
706.5 161 168
708.0 23 24
708.0 24 25
709.5 77 109
709.5 77 110
711.0 130 158
711.0 130 168
712.5 75 86
712.5 75 87
714.0 69 130
714.0 70 71
715.5 24 35
715.5 24 36
717.0 155 170
717.0 155 171
718.5 4 20
718.5 4 21
720.0 93 102
720.0 93 103
721.5 131 177
721.5 131 190
723.0 37 51
723.0 37 52
724.5 24 37
724.5 24 52
726.0 1 20
726.0 1 21
727.5 121 127
727.5 121 128
729.0 183 190
729.0 184 185
730.5 74 112
730.5 74 113
732.0 75 110
732.0 75 111
733.5 143 149
733.5 144 145
735.0 2 15
735.0 2 16
736.5 39 40
736.5 39 41
738.0 156 170
738.0 156 171
739.5 76 112
739.5 76 113
741.0 133 135
741.0 133 136
742.5 56 64
742.5 56 65
744.0 142 148
744.0 142 149
745.5 98 100
745.5 98 101
747.0 192 198
747.0 192 199
748.5 126 128
748.5 126 129
750.0 76 86
750.0 76 87
751.5 132 136
751.5 132 137
753.0 78 113
753.0 79 80
754.5 135 170
754.5 135 171
756.0 43 47
756.0 43 48
757.5 180 188
757.5 180 189
759.0 56 68
759.0 57 58
760.5 151 175
760.5 151 176
762.0 79 83
762.0 79 84
763.5 24 33
763.5 24 34
765.0 5 18
765.0 5 19
766.5 193 198
766.5 193 199
768.0 144 146
768.0 144 147
769.5 79 113
769.5 80 81
771.0 130 173
771.0 130 174
772.5 164 166
772.5 164 167
774.0 95 96
774.0 95 101
775.5 107 111
775.5 107 112
777.0 178 188
777.0 178 189
778.5 85 86
778.5 86 87
780.0 25 27
780.0 25 28
781.5 138 172
781.5 138 173
783.0 153 176
783.0 153 177
784.5 4 18
784.5 4 19
786.0 91 104
786.0 91 105
787.5 38 47
787.5 38 48
789.0 42 51
789.0 43 44
790.5 131 154
790.5 131 155
792.0 46 47
792.0 46 48
793.5 131 158
793.5 131 168
795.0 6 19
795.0 6 20
796.5 10 13
796.5 10 14
798.0 135 136
798.0 135 137
799.5 133 171
799.5 133 172
801.0 2 3
801.0 2 14
802.5 159 170
802.5 159 171
804.0 40 42
804.0 40 43
805.5 18 20
805.5 18 21
807.0 77 113
807.0 78 79
808.5 139 174
808.5 139 175
810.0 69 106
810.0 69 107
811.5 72 113
811.5 73 74
813.0 185 189
813.0 186 187
814.5 57 65
814.5 57 66
816.0 130 146
816.0 130 147
817.5 39 42
817.5 39 43
819.0 134 153
819.0 134 154
820.5 96 110
820.5 96 111
822.0 156 157
822.0 156 169
823.5 136 174
823.5 136 175
825.0 71 85
825.0 71 86
826.5 181 187
826.5 181 188
828.0 118 128
828.0 118 129
829.5 72 88
829.5 72 89
831.0 40 50
831.0 40 51
832.5 32 34
832.5 32 35
834.0 80 88
834.0 81 82
835.5 193 194
835.5 193 195
837.0 116 119
837.0 116 120
838.5 69 90
838.5 69 91
840.0 132 151
840.0 132 152
841.5 131 146
841.5 131 147
843.0 133 153
843.0 133 154
844.5 26 30
844.5 26 31
846.0 153 170
846.0 153 171
847.5 80 84
847.5 80 85
849.0 3 14
849.0 3 15
850.5 39 52
850.5 40 41
852.0 115 121
852.0 115 122
853.5 78 109
853.5 78 110
855.0 70 88
855.0 70 89
856.5 91 112
856.5 91 113
858.0 160 174
858.0 160 175
859.5 107 113
859.5 108 109
861.0 4 22
861.0 4 23
862.5 151 173
862.5 151 174
864.0 70 112
864.0 70 113
865.5 152 176
865.5 152 177
867.0 43 45
867.0 43 46
868.5 29 35
868.5 29 36
870.0 71 72
870.0 71 73
871.5 8 10
871.5 8 11
873.0 134 170
873.0 134 171
874.5 52 66
874.5 52 67
876.0 59 60
876.0 59 61
877.5 97 98
877.5 97 99
879.0 181 183
879.0 181 184
880.5 90 104
880.5 90 105
882.0 96 105
882.0 96 106
883.5 2 23
883.5 3 4
885.0 94 112
885.0 94 113
886.5 54 61
886.5 54 62
888.0 137 177
888.0 138 139
889.5 70 90
889.5 70 91
891.0 73 88
891.0 73 89
892.5 29 31
892.5 29 32
894.0 54 63
894.0 54 64
895.5 125 127
895.5 125 128
897.0 116 129
897.0 116 130
898.5 156 174
898.5 156 175
900.0 130 177
900.0 130 190
901.5 106 109
901.5 106 110
903.0 95 110
903.0 95 111
904.5 132 149
904.5 132 150
906.0 39 44
906.0 39 45
907.5 54 65
907.5 54 66
909.0 108 110
909.0 108 111
910.5 41 47
910.5 41 48
912.0 136 150
912.0 136 151
913.5 1 22
913.5 1 23
915.0 0 1
915.0 0 15
916.5 80 86
916.5 80 87
918.0 140 151
918.0 140 175
919.5 173 175
919.5 173 176
921.0 139 151
921.0 139 152
922.5 72 90
922.5 72 91
924.0 62 63
924.0 62 64
925.5 131 156
925.5 131 157
927.0 121 123
927.0 121 124
928.5 134 176
928.5 134 177
930.0 55 62
930.0 55 63
931.5 31 34
931.5 31 35
933.0 70 106
933.0 70 107
934.5 132 175
934.5 132 176
936.0 157 177
936.0 158 159
937.5 44 50
937.5 44 51
939.0 180 182
939.0 180 183
940.5 178 190
940.5 178 191
942.0 130 191
942.0 131 132
943.5 136 148
943.5 136 149
945.0 156 172
945.0 156 173
946.5 157 158
946.5 157 168
948.0 55 58
948.0 55 59
949.5 130 169
949.5 130 170
951.0 93 104
951.0 93 105
952.5 26 28
952.5 26 29
954.0 178 186
954.0 178 187
955.5 142 150
955.5 143 144
957.0 53 65
957.0 53 66
958.5 159 172
958.5 159 173
960.0 183 186
960.0 183 187
961.5 191 197
961.5 191 198
963.0 81 87
963.0 82 83
964.5 118 126
964.5 118 127
966.0 115 129
966.0 115 130
967.5 78 84
967.5 78 85
969.0 76 90
969.0 76 105
970.5 138 170
970.5 138 171
972.0 55 56
972.0 55 57
973.5 7 23
973.5 8 9
975.0 26 32
975.0 26 33
976.5 88 113
976.5 89 90
978.0 76 77
978.0 76 85
979.5 160 176
979.5 160 177
981.0 120 123
981.0 120 124
982.5 1 2
982.5 1 15
984.0 52 60
984.0 52 61
985.5 132 140
985.5 132 146
987.0 74 110
987.0 74 111
988.5 89 107
988.5 89 108
990.0 87 88
990.0 88 89
991.5 179 182
991.5 179 183
993.0 68 110
993.0 68 111
994.5 70 72
994.5 70 73
996.0 130 152
996.0 130 153
997.5 117 130
997.5 118 119
999.0 192 194
999.0 192 195
1000.5 49 50
1000.5 50 51
1002.0 184 190
1002.0 185 186
1003.5 158 168
1003.5 158 169
1005.0 159 174
1005.0 159 175
1006.5 158 172
1006.5 158 173
1008.0 113 130
1008.0 114 115
1009.5 130 154
1009.5 130 155
1011.0 134 136
1011.0 134 137
1012.5 63 64
1012.5 63 65
1014.0 17 19
1014.0 17 20
1015.5 131 169
1015.5 131 170
1017.0 163 164
1017.0 163 165
1018.5 179 184
1018.5 179 185
1020.0 70 92
1020.0 70 93
1021.5 42 49
1021.5 42 50
1023.0 132 169
1023.0 132 170
1024.5 129 130
1024.5 130 131
1026.0 162 165
1026.0 162 166
1027.5 6 13
1027.5 6 14
1029.0 0 16
1029.0 0 17
1030.5 73 108
1030.5 73 109
1032.0 53 55
1032.0 53 56
1033.5 3 16
1033.5 3 17
1035.0 131 191
1035.0 132 133
1036.5 134 155
1036.5 134 169
1038.0 191 199
1038.0 192 193
1039.5 75 76
1039.5 75 85
1041.0 135 148
1041.0 135 149
1042.5 25 37
1042.5 26 27
1044.0 2 19
1044.0 2 20
1045.5 40 44
1045.5 40 45
1047.0 157 173
1047.0 157 174
1048.5 93 110
1048.5 93 111
1050.0 33 35
1050.0 33 36
1051.5 8 12
1051.5 8 13
1053.0 56 58
1053.0 56 59
1054.5 76 88
1054.5 76 89
1056.0 28 31
1056.0 28 32
1057.5 53 61
1057.5 53 62
1059.0 43 49
1059.0 43 50
1060.5 124 129
1060.5 125 126
1062.0 0 18
1062.0 0 19
1063.5 27 34
1063.5 27 35
1065.0 57 63
1065.0 57 64
1066.5 72 109
1066.5 72 110
1068.0 41 43
1068.0 41 44
1069.5 165 166
1069.5 165 167
1071.0 130 175
1071.0 130 176
1072.5 145 147
1072.5 146 147
1074.0 19 21
1074.0 19 22
1075.5 30 32
1075.5 30 33
1077.0 52 68
1077.0 53 54
1078.5 69 79
1078.5 69 83
1080.0 98 102
1080.0 98 103
1081.5 179 186
1081.5 179 187
1083.0 9 10
1083.0 9 11
1084.5 75 90
1084.5 75 105
1086.0 114 122
1086.0 114 123
1087.5 53 63
1087.5 53 64
1089.0 72 103
1089.0 72 104
1090.5 134 147
1090.5 134 148
1092.0 119 126
1092.0 119 127
1093.5 100 102
1093.5 101 102
1095.0 7 21
1095.0 7 22
1096.5 155 172
1096.5 155 173
1098.0 55 66
1098.0 55 67
1099.5 197 198
1099.5 197 199
1101.0 61 63
1101.0 61 64
1102.5 29 37
1102.5 30 31
1104.0 93 106
1104.0 93 107
1105.5 39 50
1105.5 39 51
1107.0 118 124
1107.0 118 125
1108.5 130 141
1108.5 130 145
1110.0 116 127
1110.0 116 128
1111.5 75 108
1111.5 75 109
1113.0 130 171
1113.0 130 172
1114.5 75 112
1114.5 75 113
1116.0 72 74
1116.0 72 75
1117.5 159 176
1117.5 159 177
1119.0 139 140
1119.0 139 146
1120.5 71 91
1120.5 71 92
1122.0 144 148
1122.0 145 146
1123.5 94 102
1123.5 94 103
1125.0 182 183
1125.0 182 184
1126.5 118 120
1126.5 118 121
1128.0 70 104
1128.0 70 105
1129.5 91 110
1129.5 91 111
1131.0 78 111
1131.0 78 112
1132.5 92 107
1132.5 92 108
1134.0 28 37
1134.0 29 30
1135.5 70 86
1135.5 70 87
1137.0 5 22
1137.0 5 23
1138.5 190 191
1138.5 191 192
1140.0 80 82
1140.0 80 83
1141.5 141 150
1141.5 142 143
1143.0 25 33
1143.0 25 34
1144.5 83 84
1144.5 83 85
1146.0 117 124
1146.0 117 125
1147.5 77 90
1147.5 77 106
1149.0 83 86
1149.0 84 85
1150.5 195 197
1150.5 195 198
