0 121 125
0 121 126
0.501 97 100
0.501 97 101
1.0019999999999998 89 107
1.0019999999999998 89 108
1.5029999999999997 117 122
1.5029999999999997 117 123
2.0039999999999996 194 197
2.0039999999999996 194 198
2.5049999999999994 131 175
2.5049999999999994 131 176
3.0059999999999993 70 76
3.0059999999999993 70 77
3.5069999999999992 109 110
3.5069999999999992 109 111
4.008 131 133
4.008 131 134
4.509 131 139
4.509 131 140
5.010000000000001 157 169
5.010000000000001 157 170
5.511000000000001 79 87
5.511000000000001 79 88
6.012000000000001 72 111
6.012000000000001 72 112
6.513000000000002 160 172
6.513000000000002 160 173
7.014000000000002 5 20
7.014000000000002 5 21
7.515000000000002 1 22
7.515000000000002 1 23
8.016000000000002 70 84
8.016000000000002 70 85
8.517000000000001 180 182
8.517000000000001 180 183
9.018 63 66
9.018 63 67
9.519 108 112
9.519 108 113
10.02 160 168
10.02 160 169
10.520999999999999 57 61
10.520999999999999 57 62
11.021999999999998 163 168
11.021999999999998 163 169
11.522999999999998 174 175
11.522999999999998 175 176
12.023999999999997 180 190
12.023999999999997 181 182
12.524999999999997 9 10
12.524999999999997 9 11
13.025999999999996 153 176
13.025999999999996 153 177
13.526999999999996 158 174
13.526999999999996 158 175
14.027999999999995 164 166
14.027999999999995 164 167
14.528999999999995 78 88
14.528999999999995 78 89
15.029999999999994 71 72
15.029999999999994 71 73
15.530999999999993 134 153
15.530999999999993 134 154
16.031999999999993 99 101
16.031999999999993 99 102
16.532999999999994 151 177
16.532999999999994 152 153
17.033999999999995 69 73
17.033999999999995 69 74
17.534999999999997 130 156
17.534999999999997 130 157
18.035999999999998 27 30
18.035999999999998 27 31
18.537 6 7
18.537 6 12
19.038 136 170
19.038 136 171
19.539 135 174
19.539 135 175
20.040000000000003 125 129
20.040000000000003 126 127
20.541000000000004 79 85
20.541000000000004 79 86
21.042000000000005 7 19
21.042000000000005 7 20
21.543000000000006 93 102
21.543000000000006 93 103
22.044000000000008 112 113
22.044000000000008 113 114
22.54500000000001 72 90
22.54500000000001 72 91
23.04600000000001 124 125
23.04600000000001 124 126
23.54700000000001 9 12
23.54700000000001 9 13
24.048000000000012 74 108
24.048000000000012 74 109
24.549000000000014 190 191
24.549000000000014 191 192
25.050000000000015 154 172
25.050000000000015 154 173
25.551000000000016 40 42
25.551000000000016 40 43
26.052000000000017 56 60
26.052000000000017 56 61
26.55300000000002 153 170
26.55300000000002 153 171
27.05400000000002 76 77
27.05400000000002 76 85
27.55500000000002 159 170
27.55500000000002 159 171
28.056000000000022 138 151
28.056000000000022 138 152
28.557000000000023 159 174
28.557000000000023 159 175
29.058000000000025 33 35
29.058000000000025 33 36
29.559000000000026 45 48
29.559000000000026 45 49
30.060000000000027 0 18
30.060000000000027 0 19
30.56100000000003 48 50
30.56100000000003 48 51
31.06200000000003 26 34
31.06200000000003 26 35
31.56300000000003 40 52
31.56300000000003 41 42
32.06400000000003 52 62
32.06400000000003 52 63
32.565000000000026 95 110
32.565000000000026 95 111
33.066000000000024 122 128
33.066000000000024 122 129
33.56700000000002 177 191
33.56700000000002 178 179
34.06800000000002 71 109
34.06800000000002 71 110
34.56900000000002 182 185
34.56900000000002 182 186
35.070000000000014 39 48
35.070000000000014 39 49
35.57100000000001 58 61
35.57100000000001 58 62
36.07200000000001 131 146
36.07200000000001 131 147
36.57300000000001 114 128
36.57300000000001 114 129
37.074000000000005 91 110
37.074000000000005 91 111
37.575 123 128
37.575 123 129
38.076 7 23
38.076 8 9
38.577 96 108
38.577 96 109
39.077999999999996 114 120
39.077999999999996 114 121
39.57899999999999 155 176
39.57899999999999 155 177
40.07999999999999 123 124
40.07999999999999 123 125
40.58099999999999 133 169
40.58099999999999 133 170
41.08199999999999 71 91
41.08199999999999 71 92
41.582999999999984 106 113
41.582999999999984 107 108
42.08399999999998 157 173
42.08399999999998 157 174
42.58499999999998 95 104
42.58499999999998 95 105
43.08599999999998 115 125
43.08599999999998 115 126
43.586999999999975 71 113
43.586999999999975 72 73
44.08799999999997 73 104
44.08799999999997 73 105
44.58899999999997 139 140
44.58899999999997 139 146
45.08999999999997 136 172
45.08999999999997 136 173
45.590999999999966 163 164
45.590999999999966 163 165
46.09199999999996 18 22
46.09199999999996 19 20
46.59299999999996 159 172
46.59299999999996 159 173
47.09399999999996 154 155
47.09399999999996 154 169
47.594999999999956 55 58
47.594999999999956 55 59
48.095999999999954 130 169
48.095999999999954 130 170
48.59699999999995 132 138
48.59699999999995 132 139
49.09799999999995 159 160
49.09799999999995 159 167
49.59899999999995 69 104
49.59899999999995 69 105
50.099999999999945 72 74
50.099999999999945 72 75
50.60099999999994 131 137
50.60099999999994 131 138
51.10199999999994 27 36
51.10199999999994 27 37
51.60299999999994 106 107
51.60299999999994 106 108
52.103999999999935 182 183
52.103999999999935 182 184
52.60499999999993 3 16
52.60499999999993 3 17
53.10599999999993 57 67
53.10599999999993 57 68
53.60699999999993 76 106
53.60699999999993 76 107
54.107999999999926 183 186
54.107999999999926 183 187
54.608999999999924 54 59
54.608999999999924 54 60
55.10999999999992 134 147
55.10999999999992 134 148
55.61099999999992 26 36
55.61099999999992 26 37
56.11199999999992 130 154
56.11199999999992 130 155
56.612999999999914 32 36
56.612999999999914 33 34
57.11399999999991 132 157
57.11399999999991 132 168
57.61499999999991 73 88
57.61499999999991 73 89
58.11599999999991 72 105
58.11599999999991 72 106
58.616999999999905 72 78
58.616999999999905 72 85
59.1179999999999 96 97
59.1179999999999 96 100
59.6189999999999 116 127
59.6189999999999 116 128
60.1199999999999 136 137
60.1199999999999 136 147
60.620999999999896 73 112
60.620999999999896 73 113
61.12199999999989 64 66
61.12199999999989 64 67
61.62299999999989 23 24
61.62299999999989 24 25
62.12399999999989 162 167
62.12399999999989 162 168
62.624999999999886 171 176
62.624999999999886 172 173
63.125999999999884 132 177
63.125999999999884 133 134
63.62699999999988 2 15
63.62699999999988 2 16
64.12799999999989 97 104
64.12799999999989 97 105
64.62899999999989 90 110
64.62899999999989 90 111
65.1299999999999 77 88
65.1299999999999 77 89
65.6309999999999 85 86
65.6309999999999 86 87
66.1319999999999 134 174
66.1319999999999 134 175
66.63299999999991 142 148
66.63299999999991 142 149
67.13399999999992 61 63
67.13399999999992 61 64
67.63499999999992 94 106
67.63499999999992 94 107
68.13599999999992 153 174
68.13599999999992 153 175
68.63699999999993 77 109
68.63699999999993 77 110
69.13799999999993 130 139
69.13799999999993 130 140
69.63899999999994 47 49
69.63899999999994 47 50
70.13999999999994 106 111
70.13999999999994 106 112
70.64099999999995 77 113
70.64099999999995 78 79
71.14199999999995 138 149
71.14199999999995 138 150
71.64299999999996 163 166
71.64299999999996 163 167
72.14399999999996 56 68
72.14399999999996 57 58
72.64499999999997 116 129
72.64499999999997 116 130
73.14599999999997 39 50
73.14599999999997 39 51
73.64699999999998 130 177
73.64699999999998 130 190
74.14799999999998 113 130
74.14799999999998 114 115
74.64899999999999 171 174
74.64899999999999 171 175
75.14999999999999 90 112
75.14999999999999 90 113
75.651 72 76
75.651 72 77
76.152 72 86
76.152 72 87
76.653 70 114
76.653 70 130
77.15400000000001 70 108
77.15400000000001 70 109
77.65500000000002 179 182
77.65500000000002 179 183
78.15600000000002 56 58
78.15600000000002 56 59
78.65700000000002 107 111
78.65700000000002 107 112
79.15800000000003 132 175
79.15800000000003 132 176
79.65900000000003 71 105
79.65900000000003 71 106
80.16000000000004 6 13
80.16000000000004 6 14
80.66100000000004 54 57
80.66100000000004 54 58
81.16200000000005 156 172
81.16200000000005 156 173
81.66300000000005 1 2
81.66300000000005 1 15
82.16400000000006 171 172
82.16400000000006 171 173
82.66500000000006 26 28
82.66500000000006 26 29
83.16600000000007 117 120
83.16600000000007 117 121
83.66700000000007 140 149
83.66700000000007 140 150
84.16800000000008 16 17
84.16800000000008 16 20
84.66900000000008 41 49
84.66900000000008 41 50
85.17000000000009 31 36
85.17000000000009 32 33
85.67100000000009 73 86
85.67100000000009 73 87
86.1720000000001 10 11
86.1720000000001 10 12
86.6730000000001 165 168
86.6730000000001 166 167
87.1740000000001 2 23
87.1740000000001 3 4
87.67500000000011 27 34
87.67500000000011 27 35
88.17600000000012 61 67
88.17600000000012 61 68
88.67700000000012 56 64
88.67700000000012 56 65
89.17800000000013 130 191
89.17800000000013 131 132
89.67900000000013 73 108
89.67900000000013 73 109
90.18000000000013 134 149
90.18000000000013 134 150
90.68100000000014 43 45
90.68100000000014 43 46
91.18200000000014 2 19
91.18200000000014 2 20
91.68300000000015 25 37
91.68300000000015 26 27
92.18400000000015 158 168
92.18400000000015 158 169
92.68500000000016 160 161
92.68500000000016 160 167
93.18600000000016 138 174
93.18600000000016 138 175
93.68700000000017 68 110
93.68700000000017 68 111
94.18800000000017 68 130
94.18800000000017 69 70
94.68900000000018 69 92
94.68900000000018 69 93
95.19000000000018 3 18
95.19000000000018 3 19
95.69100000000019 75 110
95.69100000000019 75 111
96.19200000000019 53 65
96.19200000000019 53 66
96.6930000000002 115 117
96.6930000000002 115 118
97.1940000000002 93 104
97.1940000000002 93 105
97.6950000000002 92 93
97.6950000000002 92 102
98.19600000000021 155 170
98.19600000000021 155 171
98.69700000000022 53 55
98.69700000000022 53 56
99.19800000000022 53 61
99.19800000000022 53 62
99.69900000000023 37 38
99.69900000000023 37 50
100.20000000000023 137 175
100.20000000000023 137 176
100.70100000000023 152 174
100.70100000000023 152 175
101.20200000000024 69 84
101.20200000000024 69 85
101.70300000000024 19 21
101.70300000000024 19 22
102.20400000000025 94 102
102.20400000000025 94 103
102.70500000000025 92 109
102.70500000000025 92 110
103.20600000000026 45 46
103.20600000000026 45 47
103.70700000000026 71 74
103.70700000000026 71 75
104.20800000000027 29 37
104.20800000000027 30 31
104.70900000000027 90 104
104.70900000000027 90 105
105.21000000000028 177 189
105.21000000000028 177 190
105.71100000000028 59 66
105.71100000000028 59 67
106.21200000000029 43 51
106.21200000000029 44 45
106.71300000000029 115 121
106.71300000000029 115 122
107.2140000000003 73 110
107.2140000000003 73 111
107.7150000000003 158 172
107.7150000000003 158 173
108.2160000000003 25 29
108.2160000000003 25 30
108.71700000000031 125 127
108.71700000000031 125 128
109.21800000000032 2 17
109.21800000000032 2 18
109.71900000000032 133 153
109.71900000000032 133 154
110.22000000000033 151 175
110.22000000000033 151 176
110.72100000000033 192 196
110.72100000000033 192 197
111.22200000000034 164 168
111.22200000000034 164 169
111.72300000000034 178 186
111.72300000000034 178 187
112.22400000000034 28 33
112.22400000000034 28 34
112.72500000000035 179 186
112.72500000000035 179 187
113.22600000000035 89 111
113.22600000000035 89 112
113.72700000000036 194 199
113.72700000000036 195 196
114.22800000000036 117 128
114.22800000000036 117 129
114.72900000000037 116 121
114.72900000000037 116 122
115.23000000000037 149 150
115.23000000000037 150 151
115.73100000000038 181 185
115.73100000000038 181 186
116.23200000000038 96 105
116.23200000000038 96 106
116.73300000000039 108 110
116.73300000000039 108 111
117.23400000000039 183 190
117.23400000000039 184 185
117.7350000000004 95 106
117.7350000000004 95 107
118.2360000000004 77 86
118.2360000000004 77 87
118.7370000000004 75 76
118.7370000000004 75 85
119.23800000000041 30 36
119.23800000000041 30 37
119.73900000000042 11 12
119.73900000000042 11 13
120.24000000000042 58 59
120.24000000000042 58 60
120.74100000000043 117 124
120.74100000000043 117 125
121.24200000000043 39 46
121.24200000000043 39 47
121.74300000000044 1 20
121.74300000000044 1 21
122.24400000000044 131 173
122.24400000000044 131 174
122.74500000000045 145 147
122.74500000000045 146 147
123.24600000000045 130 146
123.24600000000045 130 147
123.74700000000045 183 188
123.74700000000045 183 189
124.24800000000046 52 60
124.24800000000046 52 61
124.74900000000046 79 89
124.74900000000046 79 112
125.25000000000047 132 134
125.25000000000047 132 135
125.75100000000047 154 176
125.75100000000047 154 177
126.25200000000048 116 123
126.25200000000048 116 124
126.75300000000048 77 90
126.75300000000048 77 106
127.25400000000049 69 106
127.25400000000049 69 107
127.75500000000049 58 63
127.75500000000049 58 64
128.2560000000005 134 136
128.2560000000005 134 137
128.75700000000052 119 124
128.75700000000052 119 125
129.25800000000052 47 51
129.25800000000052 48 49
129.75900000000053 25 33
129.75900000000053 25 34
130.26000000000053 70 74
130.26000000000053 70 75
130.76100000000054 132 149
130.76100000000054 132 150
131.26200000000054 132 155
131.26200000000054 132 156
131.76300000000055 24 68
131.76300000000055 25 26
132.26400000000055 6 17
132.26400000000055 6 18
132.76500000000055 135 150
132.76500000000055 135 151
133.26600000000056 116 125
133.26600000000056 116 126
133.76700000000056 71 111
133.76700000000056 71 112
134.26800000000057 120 129
134.26800000000057 121 122
134.76900000000057 144 148
134.76900000000057 145 146
135.27000000000058 42 43
135.27000000000058 42 44
135.77100000000058 39 44
135.77100000000058 39 45
136.2720000000006 155 174
136.2720000000006 155 175
136.7730000000006 32 34
136.7730000000006 32 35
137.2740000000006 4 16
137.2740000000006 4 17
137.7750000000006 44 46
137.7750000000006 44 47
138.2760000000006 173 175
138.2760000000006 173 176
138.7770000000006 59 68
138.7770000000006 60 61
139.27800000000062 80 82
139.27800000000062 80 83
139.77900000000062 156 157
139.77900000000062 156 169
140.28000000000063 133 147
140.28000000000063 133 148
140.78100000000063 70 110
140.78100000000063 70 111
141.28200000000064 191 197
141.28200000000064 191 198
141.78300000000064 107 109
141.78300000000064 107 110
142.28400000000065 156 174
142.28400000000065 156 175
142.78500000000065 63 68
142.78500000000065 64 65
143.28600000000066 58 65
143.28600000000066 58 66
143.78700000000066 0 20
143.78700000000066 0 21
144.28800000000066 161 167
144.28800000000066 161 168
144.78900000000067 95 102
144.78900000000067 95 103
145.29000000000067 39 42
145.29000000000067 39 43
145.79100000000068 159 176
145.79100000000068 159 177
146.29200000000068 72 107
146.29200000000068 72 108
146.7930000000007 140 141
146.7930000000007 140 146
147.2940000000007 152 170
147.2940000000007 152 171
147.7950000000007 132 153
147.7950000000007 132 154
148.2960000000007 140 151
148.2960000000007 140 175
148.7970000000007 43 47
148.7970000000007 43 48
149.2980000000007 38 49
149.2980000000007 38 50
149.79900000000072 122 124
149.79900000000072 122 125
150.30000000000072 30 32
150.30000000000072 30 33
150.80100000000073 94 108
150.80100000000073 94 109
151.30200000000073 119 122
151.30200000000073 119 123
151.80300000000074 181 187
151.80300000000074 181 188
152.30400000000074 5 16
152.30400000000074 5 17
152.80500000000075 131 158
152.80500000000075 131 168
153.30600000000075 137 152
153.30600000000075 137 170
153.80700000000076 120 121
153.80700000000076 120 122
154.30800000000076 97 111
154.30800000000076 97 112
154.80900000000076 72 109
154.80900000000076 72 110
155.31000000000077 156 176
155.31000000000077 156 177
155.81100000000077 182 187
155.81100000000077 182 188
156.31200000000078 39 52
156.31200000000078 40 41
156.81300000000078 130 173
156.81300000000078 130 174
157.3140000000008 126 128
157.3140000000008 126 129
157.8150000000008 159 168
157.8150000000008 159 169
158.3160000000008 161 177
158.3160000000008 162 163
158.8170000000008 158 176
158.8170000000008 158 177
159.3180000000008 41 47
159.3180000000008 41 48
159.8190000000008 90 106
159.8190000000008 90 107
160.32000000000082 179 190
160.32000000000082 180 181
160.82100000000082 91 108
160.82100000000082 91 109
161.32200000000083 69 88
161.32200000000083 69 89
161.82300000000083 73 77
161.82300000000083 73 85
162.32400000000084 76 108
162.32400000000084 76 109
162.82500000000084 27 28
162.82500000000084 27 29
163.32600000000085 187 188
163.32600000000085 187 189
163.82700000000085 120 123
163.82700000000085 120 124
164.32800000000086 55 56
164.32800000000086 55 57
164.82900000000086 118 128
164.82900000000086 118 129
165.33000000000087 138 176
165.33000000000087 138 177
165.83100000000087 138 172
165.83100000000087 138 173
166.33200000000087 96 112
166.33200000000087 96 113
166.83300000000088 37 51
166.83300000000088 37 52
167.33400000000088 133 139
167.33400000000088 133 146
167.8350000000009 75 90
167.8350000000009 75 105
168.3360000000009 17 21
168.3360000000009 17 22
168.8370000000009 116 117
168.8370000000009 116 118
169.3380000000009 179 188
169.3380000000009 179 189
169.8390000000009 141 148
169.8390000000009 141 149
170.3400000000009 89 109
170.3400000000009 89 110
170.84100000000092 71 87
170.84100000000092 71 88
171.34200000000092 77 111
171.34200000000092 77 112
171.84300000000093 82 86
171.84300000000093 82 87
172.34400000000093 60 66
172.34400000000093 60 67
172.84500000000094 78 84
172.84500000000094 78 85
173.34600000000094 24 37
173.34600000000094 24 52
173.84700000000095 4 20
173.84700000000095 4 21
174.34800000000095 4 14
174.34800000000095 4 15
174.84900000000096 160 170
174.84900000000096 160 171
175.35000000000096 59 60
175.35000000000096 59 61
175.85100000000097 143 145
175.85100000000097 143 146
176.35200000000097 118 124
176.35200000000097 118 125
176.85300000000097 69 90
176.85300000000097 69 91
177.35400000000098 6 21
177.35400000000098 6 22
177.85500000000098 40 44
177.85500000000098 40 45
178.356000000001 57 65
178.356000000001 57 66
178.857000000001 133 175
178.857000000001 133 176
179.358000000001 120 127
179.358000000001 120 128
179.859000000001 157 177
179.859000000001 158 159
180.360000000001 162 169
180.360000000001 162 170
180.861000000001 53 59
180.861000000001 53 60
181.36200000000102 161 171
181.36200000000102 161 172
181.86300000000102 71 78
181.86300000000102 71 84
182.36400000000103 147 148
182.36400000000103 148 149
182.86500000000103 141 146
182.86500000000103 141 147
183.36600000000104 139 176
183.36600000000104 139 177
183.86700000000104 79 83
183.86700000000104 79 84
184.36800000000105 131 148
184.36800000000105 131 149
184.86900000000105 60 68
184.86900000000105 61 62
185.37000000000106 118 122
185.37000000000106 118 123
185.87100000000106 130 175
185.87100000000106 130 176
186.37200000000107 69 112
186.37200000000107 69 113
186.87300000000107 118 120
186.87300000000107 118 121
187.37400000000108 45 50
187.37400000000108 45 51
187.87500000000108 91 112
187.87500000000108 91 113
188.37600000000108 139 151
188.37600000000108 139 152
188.8770000000011 14 15
188.8770000000011 15 16
189.3780000000011 133 155
189.3780000000011 133 156
189.8790000000011 81 83
189.8790000000011 81 84
190.3800000000011 130 150
190.3800000000011 130 151
190.8810000000011 70 78
190.8810000000011 70 79
191.3820000000011 142 150
191.3820000000011 143 144
191.88300000000112 53 57
191.88300000000112 53 58
192.38400000000112 70 104
192.38400000000112 70 105
192.88500000000113 122 126
192.88500000000113 122 127
193.38600000000113 153 154
193.38600000000113 153 169
193.88700000000114 70 102
193.88700000000114 70 103
194.38800000000114 115 119
194.38800000000114 115 120
194.88900000000115 96 101
194.88900000000115 96 102
195.39000000000115 83 86
195.39000000000115 84 85
195.89100000000116 8 16
195.89100000000116 8 21
196.39200000000116 133 151
196.39200000000116 133 152
196.89300000000117 41 51
196.89300000000117 41 52
197.39400000000117 161 173
197.39400000000117 161 174
197.89500000000118 131 154
197.89500000000118 131 155
198.39600000000118 52 64
198.39600000000118 52 65
198.89700000000119 182 189
198.89700000000119 182 190
199.3980000000012 140 176
199.3980000000012 140 177
199.8990000000012 55 60
199.8990000000012 55 61
200.4000000000012 75 88
200.4000000000012 75 89
200.9010000000012 163 170
200.9010000000012 164 165
201.4020000000012 74 87
201.4020000000012 74 88
201.9030000000012 157 175
201.9030000000012 157 176
202.40400000000122 38 45
202.40400000000122 38 46
202.90500000000122 135 172
202.90500000000122 135 173
203.40600000000123 130 152
203.40600000000123 130 153
203.90700000000123 29 35
203.90700000000123 29 36
204.40800000000124 167 168
204.40800000000124 168 169
204.90900000000124 7 15
204.90900000000124 7 16
205.41000000000125 8 10
205.41000000000125 8 11
205.91100000000125 34 35
205.91100000000125 34 36
206.41200000000126 185 189
206.41200000000126 186 187
206.91300000000126 131 191
206.91300000000126 132 133
207.41400000000127 100 102
207.41400000000127 101 102
207.91500000000127 55 68
207.91500000000127 56 57
208.41600000000128 179 180
208.41600000000128 179 181
208.91700000000128 130 171
208.91700000000128 130 172
209.41800000000129 28 37
209.41800000000129 29 30
209.9190000000013 75 112
209.9190000000013 75 113
210.4200000000013 88 113
210.4200000000013 89 90
210.9210000000013 161 162
210.9210000000013 161 166
211.4220000000013 133 149
211.4220000000013 133 150
211.9230000000013 69 102
211.9230000000013 69 103
212.4240000000013 183 184
212.4240000000013 183 185
212.92500000000132 37 68
212.92500000000132 38 39
213.42600000000132 44 50
213.42600000000132 44 51
213.92700000000133 162 171
213.92700000000133 162 174
214.42800000000133 4 18
214.42800000000133 4 19
214.92900000000134 144 146
214.92900000000134 144 147
215.43000000000134 5 18
215.43000000000134 5 19
215.93100000000135 38 43
215.93100000000135 38 44
216.43200000000135 141 150
216.43200000000135 142 143
216.93300000000136 73 75
216.93300000000136 73 76
217.43400000000136 119 128
217.43400000000136 119 129
217.93500000000137 134 151
217.93500000000137 134 152
218.43600000000137 40 46
218.43600000000137 40 47
218.93700000000138 53 67
218.93700000000138 53 68
219.43800000000138 69 108
219.43800000000138 69 109
219.93900000000139 137 148
219.93900000000139 137 149
220.4400000000014 7 13
220.4400000000014 7 14
220.9410000000014 8 14
220.9410000000014 8 15
221.4420000000014 105 106
221.4420000000014 105 109
221.9430000000014 68 112
221.9430000000014 68 113
222.4440000000014 44 48
222.4440000000014 44 49
222.94500000000141 180 188
222.94500000000141 180 189
223.44600000000142 154 174
223.44600000000142 154 175
223.94700000000142 130 141
223.94700000000142 130 145
224.44800000000143 141 142
224.44800000000143 141 145
224.94900000000143 92 103
224.94900000000143 92 104
225.45000000000144 17 23
225.45000000000144 18 19
225.95100000000144 134 176
225.95100000000144 134 177
226.45200000000145 192 194
226.45200000000145 192 195
226.95300000000145 160 174
226.95300000000145 160 175
227.45400000000146 26 30
227.45400000000146 26 31
227.95500000000146 80 88
227.95500000000146 81 82
228.45600000000147 8 22
228.45600000000147 8 23
228.95700000000147 38 51
228.95700000000147 38 52
229.45800000000148 8 12
229.45800000000148 8 13
229.95900000000148 92 107
229.95900000000148 92 108
230.4600000000015 69 130
230.4600000000015 70 71
230.9610000000015 123 126
230.9610000000015 123 127
231.4620000000015 59 64
231.4620000000015 59 65
231.9630000000015 31 32
231.9630000000015 31 33
232.4640000000015 94 112
232.4640000000015 94 113
232.9650000000015 55 62
232.9650000000015 55 63
233.46600000000151 193 194
233.46600000000151 193 195
233.96700000000152 178 184
233.96700000000152 178 185
234.46800000000152 25 35
234.46800000000152 25 36
234.96900000000153 7 17
234.96900000000153 7 18
235.47000000000153 93 106
235.47000000000153 93 107
235.97100000000154 64 68
235.97100000000154 65 66
236.47200000000154 0 1
236.47200000000154 0 15
236.97300000000155 70 86
236.97300000000155 70 87
237.47400000000155 69 86
237.47400000000155 69 87
237.97500000000156 136 174
237.97500000000156 136 175
238.47600000000156 139 147
238.47600000000156 139 148
238.97700000000157 40 48
238.97700000000157 40 49
239.47800000000157 6 19
239.47800000000157 6 20
239.97900000000158 92 113
239.97900000000158 93 94
240.48000000000158 98 102
240.48000000000158 98 103
240.9810000000016 191 199
240.9810000000016 192 193
241.4820000000016 161 169
241.4820000000016 161 170
241.9830000000016 42 45
241.9830000000016 42 46
242.4840000000016 110 112
242.4840000000016 111 112
242.9850000000016 92 105
242.9850000000016 92 106
243.4860000000016 131 169
243.4860000000016 131 170
243.98700000000161 127 128
243.98700000000161 128 129
244.48800000000162 69 75
244.48800000000162 69 76
244.98900000000162 74 85
244.98900000000162 74 86
245.49000000000163 178 188
245.49000000000163 178 189
245.99100000000163 52 68
245.99100000000163 53 54
246.49200000000164 46 49
246.49200000000164 46 50
246.99300000000164 129 130
246.99300000000164 130 131
247.49400000000165 35 36
247.49400000000165 36 37
247.99500000000165 42 47
247.99500000000165 42 48
248.49600000000166 29 33
248.49600000000166 29 34
248.99700000000166 135 176
248.99700000000166 135 177
249.49800000000167 5 14
249.49800000000167 5 15
249.99900000000167 60 64
249.99900000000167 60 65
250.50000000000168 96 110
250.50000000000168 96 111
251.00100000000168 0 16
251.00100000000168 0 17
251.5020000000017 140 147
251.5020000000017 140 148
252.0030000000017 42 49
252.0030000000017 42 50
252.5040000000017 95 112
252.5040000000017 95 113
253.0050000000017 70 106
253.0050000000017 70 107
253.5060000000017 24 33
253.5060000000017 24 34
254.0070000000017 1 18
254.0070000000017 1 19
254.50800000000172 6 15
254.50800000000172 6 16
255.00900000000172 77 78
255.00900000000172 77 85
255.51000000000172 20 21
255.51000000000172 20 22
256.0110000000017 134 170
256.0110000000017 134 171
256.51200000000165 114 124
256.51200000000165 114 125
257.0130000000016 151 152
257.0130000000016 151 172
257.5140000000016 104 105
257.5140000000016 104 111
258.0150000000016 62 65
258.0150000000016 62 66
258.51600000000155 72 113
258.51600000000155 73 74
259.01700000000153 55 64
259.01700000000153 55 65
259.5180000000015 74 106
259.5180000000015 74 107
260.0190000000015 71 76
260.0190000000015 71 77
260.52000000000146 135 136
260.52000000000146 135 137
261.02100000000144 70 72
261.02100000000144 70 73
261.5220000000014 181 183
261.5220000000014 181 184
262.0230000000014 78 86
262.0230000000014 78 87
262.52400000000137 154 170
262.52400000000137 154 171
263.02500000000134 54 61
263.02500000000134 54 62
263.5260000000013 93 108
263.5260000000013 93 109
264.0270000000013 121 123
264.0270000000013 121 124
264.52800000000127 120 125
264.52800000000127 120 126
265.02900000000125 71 103
265.02900000000125 71 104
265.5300000000012 18 20
265.5300000000012 18 21
266.0310000000012 54 63
266.0310000000012 54 64
266.5320000000012 134 155
266.5320000000012 134 169
267.03300000000115 155 156
267.03300000000115 155 169
267.53400000000113 151 173
267.53400000000113 151 174
268.0350000000011 67 68
268.0350000000011 68 69
268.5360000000011 3 20
268.5360000000011 3 21
269.03700000000106 162 175
269.03700000000106 162 176
269.53800000000103 57 59
269.53800000000103 57 60
270.039000000001 72 103
270.039000000001 72 104
270.540000000001 87 88
270.540000000001 88 89
271.04100000000096 186 188
271.04100000000096 186 189
271.54200000000094 95 96
271.54200000000094 95 101
272.0430000000009 131 177
272.0430000000009 131 190
272.5440000000009 152 176
272.5440000000009 152 177
273.04500000000087 62 63
273.04500000000087 62 64
273.54600000000084 105 110
273.54600000000084 105 111
274.0470000000008 2 21
274.0470000000008 2 22
274.5480000000008 52 66
274.5480000000008 52 67
275.0490000000008 130 158
275.0490000000008 130 168
275.55000000000075 80 84
275.55000000000075 80 85
276.0510000000007 152 172
276.0510000000007 152 173
276.5520000000007 139 149
276.5520000000007 139 150
277.0530000000007 136 176
277.0530000000007 136 177
277.55400000000066 192 198
277.55400000000066 192 199
278.05500000000063 135 170
278.05500000000063 135 171
278.5560000000006 139 174
278.5560000000006 139 175
279.0570000000006 51 52
279.0570000000006 52 53
279.55800000000056 26 32
279.55800000000056 26 33
280.05900000000054 158 170
280.05900000000054 158 171
280.5600000000005 109 112
280.5600000000005 110 111
281.0610000000005 130 137
281.0610000000005 130 138
281.56200000000047 75 106
281.56200000000047 75 107
282.06300000000044 12 13
282.06300000000044 13 14
282.5640000000004 135 154
282.5640000000004 135 169
283.0650000000004 193 196
283.0650000000004 193 197
283.5660000000004 176 177
283.5660000000004 177 178
284.06700000000035 137 177
284.06700000000035 138 139
284.5680000000003 131 152
284.5680000000003 131 153
285.0690000000003 131 141
285.0690000000003 131 145
285.5700000000003 63 64
285.5700000000003 63 65
286.07100000000025 93 110
286.07100000000025 93 111
286.57200000000023 91 106
286.57200000000023 91 107
287.0730000000002 77 107
287.0730000000002 77 108
287.5740000000002 172 174
287.5740000000002 172 175
288.07500000000016 81 85
288.07500000000016 81 86
288.57600000000014 132 136
288.57600000000014 132 137
289.0770000000001 69 79
289.0770000000001 69 83
289.5780000000001 117 126
289.5780000000001 117 127
290.07900000000006 94 95
290.07900000000006 94 101
290.58000000000004 76 110
290.58000000000004 76 111
291.081 180 184
291.081 180 185
291.582 70 92
291.582 70 93
292.08299999999997 134 172
292.08299999999997 134 173
292.58399999999995 80 86
292.58399999999995 80 87
293.0849999999999 155 172
293.0849999999999 155 173
293.5859999999999 137 173
293.5859999999999 137 174
294.0869999999999 132 147
294.0869999999999 132 148
294.58799999999985 97 113
294.58799999999985 98 99
295.0889999999998 54 55
295.0889999999998 54 56
295.5899999999998 5 6
295.5899999999998 5 13
296.0909999999998 115 129
296.0909999999998 115 130
296.59199999999976 97 98
296.59199999999976 97 99
297.09299999999973 46 47
297.09299999999973 46 48
297.5939999999997 58 67
297.5939999999997 58 68
298.0949999999997 132 173
298.0949999999997 132 174
298.59599999999966 143 149
298.59599999999966 144 145
299.09699999999964 25 31
299.09699999999964 25 32
299.5979999999996 70 88
299.5979999999996 70 89
300.0989999999996 181 189
300.0989999999996 181 190
300.59999999999957 143 147
300.59999999999957 143 148
301.10099999999954 24 35
301.10099999999954 24 36
301.6019999999995 96 103
301.6019999999995 96 104
302.1029999999995 38 47
302.1029999999995 38 48
302.6039999999995 9 14
302.6039999999995 9 15
303.10499999999945 90 108
303.10499999999945 90 109
303.6059999999994 184 188
303.6059999999994 184 189
304.1069999999994 65 67
304.1069999999994 66 67
304.6079999999994 169 170
304.6079999999994 170 171
305.10899999999936 49 50
305.10899999999936 50 51
305.60999999999933 71 107
305.60999999999933 71 108
306.1109999999993 82 84
306.1109999999993 82 85
306.6119999999993 74 104
306.6119999999993 74 105
307.11299999999926 46 51
307.11299999999926 47 48
307.61399999999924 184 190
307.61399999999924 185 186
308.1149999999992 28 29
308.1149999999992 28 30
308.6159999999992 25 27
308.6159999999992 25 28
309.11699999999917 3 22
309.11699999999917 3 23
309.61799999999914 56 66
309.61799999999914 56 67
310.1189999999991 57 63
310.1189999999991 57 64
310.6199999999991 132 171
310.6199999999991 132 172
311.12099999999907 55 66
311.12099999999907 55 67
311.62199999999905 91 92
311.62199999999905 91 103
312.122999999999 54 65
312.122999999999 54 66
312.623999999999 56 62
312.623999999999 56 63
313.124999999999 157 158
313.124999999999 157 168
313.62599999999895 179 184
313.62599999999895 179 185
314.12699999999893 160 176
314.12699999999893 160 177
314.6279999999989 132 169
314.6279999999989 132 170
315.1289999999989 72 88
315.1289999999989 72 89
315.62999999999886 78 111
315.62999999999886 78 112
316.13099999999883 198 199
316.6319999999988 93 112
316.6319999999988 93 113
317.1329999999988 162 165
317.1329999999988 162 166
317.63399999999876 102 103
317.63399999999876 103 104
318.13499999999874 197 198
318.13499999999874 197 199
318.6359999999987 71 85
318.6359999999987 71 86
319.1369999999987 91 104
319.1369999999987 91 105
319.63799999999867 74 112
319.63799999999867 74 113
320.13899999999865 157 171
320.13899999999865 157 172
320.6399999999986 133 173
320.6399999999986 133 174
321.1409999999986 69 77
321.1409999999986 69 78
321.6419999999986 83 84
321.6419999999986 83 85
322.14299999999855 104 112
322.14299999999855 104 113
322.6439999999985 105 112
322.6439999999985 105 113
323.1449999999985 76 112
323.1449999999985 76 113
323.6459999999985 70 112
323.6459999999985 70 113
324.14699999999846 142 146
324.14699999999846 142 147
324.64799999999843 121 127
324.64799999999843 121 128
325.1489999999984 136 150
325.1489999999984 136 151
325.6499999999984 7 11
325.6499999999984 7 12
326.15099999999836 1 16
326.15099999999836 1 17
326.65199999999834 10 13
326.65199999999834 10 14
327.1529999999983 5 22
327.1529999999983 5 23
327.6539999999983 54 67
327.6539999999983 54 68
328.15499999999827 4 5
328.15499999999827 4 13
328.65599999999824 6 23
328.65599999999824 7 8
329.1569999999982 73 90
329.1569999999982 73 91
329.6579999999982 76 90
329.6579999999982 76 105
330.1589999999982 133 135
330.1589999999982 133 136
330.65999999999815 71 89
330.65999999999815 71 90
331.1609999999981 69 110
331.1609999999981 69 111
331.6619999999981 99 103
331.6619999999981 100 101
332.1629999999981 139 172
332.1629999999981 139 173
332.66399999999805 121 129
332.66399999999805 122 123
333.16499999999803 117 130
333.16499999999803 118 119
333.665999999998 74 110
333.665999999998 74 111
334.166999999998 195 197
334.166999999998 195 198
334.66799999999796 76 86
334.66799999999796 76 87
335.16899999999794 78 113
335.16899999999794 79 80
335.6699999999979 75 108
335.6699999999979 75 109
336.1709999999979 107 113
336.1709999999979 108 109
336.67199999999787 119 126
336.67199999999787 119 127
337.17299999999784 62 67
337.17299999999784 62 68
337.6739999999978 60 62
337.6739999999978 60 63
338.1749999999978 73 106
338.1749999999978 73 107
338.67599999999777 119 120
338.67599999999777 119 121
339.17699999999775 117 118
339.17699999999775 117 119
339.6779999999977 130 148
339.6779999999977 130 149
340.1789999999977 78 109
340.1789999999977 78 110
340.6799999999977 31 34
340.6799999999977 31 35
341.18099999999765 185 187
341.18099999999765 185 188
341.68199999999763 43 49
341.68199999999763 43 50
342.1829999999976 42 51
342.1829999999976 43 44
342.6839999999976 3 14
342.6839999999976 3 15
343.18499999999756 7 21
343.18499999999756 7 22
343.68599999999753 136 148
343.68599999999753 136 149
344.1869999999975 156 170
344.1869999999975 156 171
344.6879999999975 133 177
344.6879999999975 134 135
345.18899999999746 61 65
345.18899999999746 61 66
345.68999999999744 4 22
345.68999999999744 4 23
346.1909999999974 195 199
346.1909999999974 196 197
346.6919999999974 24 31
346.6919999999974 24 32
347.19299999999737 165 166
347.19299999999737 165 167
347.69399999999735 170 175
347.69399999999735 170 176
348.1949999999973 132 151
348.1949999999973 132 152
348.6959999999973 137 171
348.6959999999973 137 172
349.1969999999973 21 22
349.1969999999973 22 23
349.69799999999725 79 113
349.69799999999725 80 81
350.1989999999972 53 63
350.1989999999972 53 64
350.6999999999972 180 186
350.6999999999972 180 187
351.2009999999972 74 89
351.2009999999972 74 90
351.70199999999716 74 75
351.70199999999716 74 76
352.20299999999713 68 114
352.20299999999713 68 129
352.7039999999971 133 137
352.7039999999971 133 138
353.2049999999971 196 198
353.2049999999971 196 199
353.70599999999706 116 119
353.70599999999706 116 120
354.20699999999704 131 135
354.20699999999704 131 136
354.707999999997 114 130
354.707999999997 115 116
355.208999999997 29 31
355.208999999997 29 32
355.70999999999697 193 198
355.70999999999697 193 199
356.21099999999694 134 138
356.21099999999694 134 139
356.7119999999969 98 104
356.7119999999969 99 100
357.2129999999969 142 144
357.2129999999969 142 145
357.7139999999969 0 22
357.7139999999969 0 23
358.21499999999685 97 102
358.21499999999685 97 103
358.7159999999968 41 43
358.7159999999968 41 44
359.2169999999968 89 113
359.2169999999968 90 91
359.7179999999968 135 148
359.7179999999968 135 149
360.21899999999675 94 110
360.21899999999675 94 111
360.71999999999673 124 129
360.71999999999673 125 126
361.2209999999967 115 123
361.2209999999967 115 124
361.7219999999967 137 150
361.7219999999967 137 151
362.22299999999666 184 186
362.22299999999666 184 187
362.72399999999664 135 152
362.72399999999664 135 153
363.2249999999966 114 122
363.2249999999966 114 123
363.7259999999966 75 86
363.7259999999966 75 87
364.22699999999656 28 35
364.22699999999656 28 36
364.72799999999654 81 87
364.72799999999654 82 83
365.2289999999965 194 195
365.2289999999965 194 196
365.7299999999965 40 50
365.7299999999965 40 51
366.23099999999647 2 3
366.23099999999647 2 14
366.73199999999645 28 31
366.73199999999645 28 32
367.2329999999964 70 90
367.2329999999964 70 91
367.7339999999964 30 34
367.7339999999964 30 35
368.2349999999964 178 190
368.2349999999964 178 191
368.73599999999635 188 189
368.73599999999635 189 190
369.2369999999963 41 45
369.2369999999963 41 46
369.7379999999963 95 108
369.7379999999963 95 109
370.2389999999963 153 172
370.2389999999963 153 173
370.73999999999626 16 23
370.73999999999626 17 18
371.24099999999623 69 114
371.24099999999623 69 129
371.7419999999962 133 171
371.7419999999962 133 172
372.2429999999962 27 32
372.2429999999962 27 33
372.74399999999616 17 19
372.74399999999616 17 20
373.24499999999614 135 138
373.24499999999614 135 147
373.7459999999961 131 171
373.7459999999961 131 172
374.2469999999961 106 109
374.2469999999961 106 110
374.74799999999607 92 111
374.74799999999607 92 112
375.24899999999604 124 127
375.24899999999604 124 128
375.749999999996 161 175
375.749999999996 161 176
376.250999999996 39 40
376.250999999996 39 41
376.751999999996 131 156
376.751999999996 131 157
377.25299999999595 136 152
377.25299999999595 136 153
377.7539999999959 137 138
377.7539999999959 137 147
378.2549999999959 115 127
378.2549999999959 115 128
378.7559999999959 59 62
378.7559999999959 59 63
379.25699999999586 138 147
379.25699999999586 138 148
379.75799999999583 131 150
379.75799999999583 131 151
380.2589999999958 98 100
380.2589999999958 98 101
380.7599999999958 138 170
380.7599999999958 138 171
381.26099999999576 132 140
381.26099999999576 132 146
381.76199999999574 172 176
381.76199999999574 173 174
382.2629999999957 76 88
382.2629999999957 76 89
382.7639999999957 16 21
382.7639999999957 16 22
383.26499999999567 94 104
383.26499999999567 94 105
383.76599999999564 114 126
383.76599999999564 114 127
384.2669999999956 118 126
384.2669999999956 118 127
