0 178 183
0 178 184
0.501 134 139
0.501 134 140
1.0019999999999998 138 140
1.0019999999999998 138 141
1.5029999999999997 182 186
1.5029999999999997 182 187
2.0039999999999996 70 116
2.0039999999999996 70 117
2.5049999999999994 56 68
2.5049999999999994 56 69
3.0059999999999993 17 25
3.0059999999999993 17 26
3.5069999999999992 12 17
3.5069999999999992 12 18
4.008 18 50
4.008 18 51
4.509 99 116
4.509 99 117
5.010000000000001 120 128
5.010000000000001 120 129
5.511000000000001 14 51
5.511000000000001 14 52
6.012000000000001 78 91
6.012000000000001 78 92
6.513000000000002 35 45
6.513000000000002 35 46
7.014000000000002 55 68
7.014000000000002 55 69
7.515000000000002 17 48
7.515000000000002 17 49
8.016000000000002 121 127
8.016000000000002 121 128
8.517000000000001 102 107
8.517000000000001 102 108
9.018 33 53
9.018 34 35
9.519 132 142
9.519 132 143
10.02 131 132
10.02 131 137
10.520999999999999 191 196
10.520999999999999 191 197
11.021999999999998 30 45
11.021999999999998 30 46
11.522999999999998 75 92
11.522999999999998 75 93
12.023999999999997 190 194
12.023999999999997 190 195
12.524999999999997 72 91
12.524999999999997 72 92
13.025999999999996 79 87
13.025999999999996 79 88
13.526999999999996 80 91
13.526999999999996 80 115
14.027999999999995 136 139
14.027999999999995 136 140
14.528999999999995 15 27
14.528999999999995 15 28
15.029999999999994 45 49
15.029999999999994 45 50
15.530999999999993 71 92
15.530999999999993 71 93
16.031999999999993 149 152
16.031999999999993 149 153
16.532999999999994 48 53
16.532999999999994 49 50
17.033999999999995 9 10
17.033999999999995 9 13
17.534999999999997 190 192
17.534999999999997 190 193
18.035999999999998 107 108
18.035999999999998 108 109
18.537 53 54
18.537 53 70
19.038 29 48
19.038 29 49
19.539 176 186
19.539 176 187
20.040000000000003 62 67
20.040000000000003 62 68
20.541000000000004 82 88
20.541000000000004 82 89
21.042000000000005 78 114
21.042000000000005 78 115
21.543000000000006 71 144
21.543000000000006 71 157
22.044000000000008 189 193
22.044000000000008 189 194
22.54500000000001 131 140
22.54500000000001 131 141
23.04600000000001 93 110
23.04600000000001 93 111
23.54700000000001 91 117
23.54700000000001 92 93
24.048000000000012 10 45
24.048000000000012 10 46
24.549000000000014 11 17
24.549000000000014 11 18
25.050000000000015 79 80
25.050000000000015 79 86
25.551000000000016 98 110
25.551000000000016 98 111
26.052000000000017 84 88
26.052000000000017 85 86
26.55300000000002 34 45
26.55300000000002 34 46
27.05400000000002 6 7
27.05400000000002 7 8
27.55500000000002 73 95
27.55500000000002 73 96
28.056000000000022 124 126
28.056000000000022 124 127
28.557000000000023 55 60
28.557000000000023 55 61
29.058000000000025 98 116
29.058000000000025 98 117
29.559000000000026 63 67
29.559000000000026 63 68
30.060000000000027 165 167
30.060000000000027 165 168
30.56100000000003 97 109
30.56100000000003 97 110
31.06200000000003 190 196
31.06200000000003 190 197
31.56300000000003 9 49
31.56300000000003 9 50
32.06400000000003 63 69
32.06400000000003 64 65
32.565000000000026 145 157
32.565000000000026 145 158
33.066000000000024 0 3
33.066000000000024 0 4
33.56700000000002 70 95
33.56700000000002 70 96
34.06800000000002 195 196
34.06800000000002 196 197
34.56900000000002 9 31
34.56900000000002 9 32
35.070000000000014 121 123
35.070000000000014 121 124
35.57100000000001 160 170
35.57100000000001 160 171
36.07200000000001 79 89
36.07200000000001 79 90
36.57300000000001 161 167
36.57300000000001 161 168
37.074000000000005 14 28
37.074000000000005 14 29
37.575 92 110
37.575 92 111
38.076 9 27
38.076 9 28
38.577 103 108
38.577 103 109
39.077999999999996 172 185
39.077999999999996 172 186
39.57899999999999 150 153
39.57899999999999 150 154
40.07999999999999 70 97
40.07999999999999 70 98
40.58099999999999 123 128
40.58099999999999 123 129
41.08199999999999 18 25
41.08199999999999 18 26
41.582999999999984 163 166
41.582999999999984 163 167
42.08399999999998 70 110
42.08399999999998 70 111
42.58499999999998 146 149
42.58499999999998 146 150
43.08599999999998 17 46
43.08599999999998 17 47
43.586999999999975 136 141
43.586999999999975 136 142
44.08799999999997 17 50
44.08799999999997 17 51
44.58899999999997 16 25
44.58899999999997 16 26
45.08999999999997 98 114
45.08999999999997 98 115
45.590999999999966 60 68
45.590999999999966 60 69
46.09199999999996 97 115
46.09199999999996 97 116
46.59299999999996 13 27
46.59299999999996 13 28
47.09399999999996 166 170
47.09399999999996 166 171
47.594999999999956 72 76
47.594999999999956 72 77
48.095999999999954 20 25
48.095999999999954 20 26
48.59699999999995 74 76
48.59699999999995 74 77
49.09799999999995 173 177
49.09799999999995 173 178
49.59899999999995 175 184
49.59899999999995 175 185
50.099999999999945 177 185
50.099999999999945 177 186
50.60099999999994 134 135
50.60099999999994 134 136
51.10199999999994 178 185
51.10199999999994 178 186
51.60299999999994 15 53
51.60299999999994 16 17
52.103999999999935 162 167
52.103999999999935 162 168
52.60499999999993 94 95
52.60499999999993 94 109
53.10599999999993 56 60
53.10599999999993 56 61
53.60699999999993 176 178
53.60699999999993 176 179
54.107999999999926 164 169
54.107999999999926 164 170
54.608999999999924 161 169
54.608999999999924 161 170
55.10999999999992 81 82
55.10999999999992 81 85
55.61099999999992 158 170
55.61099999999992 158 171
56.11199999999992 172 173
56.11199999999992 172 182
56.612999999999914 12 31
56.612999999999914 12 43
57.11399999999991 55 64
57.11399999999991 55 65
57.61499999999991 45 51
57.61499999999991 45 52
58.11599999999991 35 53
58.11599999999991 36 37
58.616999999999905 11 32
58.616999999999905 11 43
59.1179999999999 144 155
59.1179999999999 144 156
59.6189999999999 34 41
59.6189999999999 34 42
60.1199999999999 145 146
60.1199999999999 145 148
60.620999999999896 103 110
60.620999999999896 104 105
61.12199999999989 148 156
61.12199999999989 148 157
61.62299999999989 72 113
61.62299999999989 72 114
62.12399999999989 70 130
62.12399999999989 70 131
62.624999999999886 61 64
62.624999999999886 61 65
63.125999999999884 153 154
63.125999999999884 153 155
63.62699999999988 118 125
63.62699999999988 118 126
64.12799999999989 173 174
64.12799999999989 173 176
64.62899999999989 73 93
64.62899999999989 73 94
65.1299999999999 82 84
65.1299999999999 82 85
65.6309999999999 81 90
65.6309999999999 82 83
66.1319999999999 57 69
66.1319999999999 57 70
66.63299999999991 137 141
66.63299999999991 137 142
67.13399999999992 70 78
67.13399999999992 70 79
67.63499999999992 32 46
67.63499999999992 32 47
68.13599999999992 145 153
68.13599999999992 145 154
68.63699999999993 13 29
68.63699999999993 13 30
69.13799999999993 15 51
69.13799999999993 15 52
69.63899999999994 21 22
69.63899999999994 21 23
70.13999999999994 147 149
70.13999999999994 147 150
70.64099999999995 147 151
70.64099999999995 147 152
71.14199999999995 47 50
71.14199999999995 47 51
71.64299999999996 8 9
71.64299999999996 8 50
72.14399999999996 174 177
72.14399999999996 174 178
72.64499999999997 175 180
72.64499999999997 175 181
73.14599999999997 23 25
73.14599999999997 23 26
73.64699999999998 127 128
73.64699999999998 127 129
74.14799999999998 33 51
74.14799999999998 33 52
74.64899999999999 10 31
74.64899999999999 10 32
75.14999999999999 19 24
75.14999999999999 19 25
75.651 31 43
75.651 31 44
76.152 133 141
76.152 133 142
76.653 175 182
76.653 175 183
77.15400000000001 174 185
77.15400000000001 174 186
77.65500000000002 72 109
77.65500000000002 72 110
78.15600000000002 160 162
78.15600000000002 160 163
78.65700000000002 17 27
78.65700000000002 17 28
79.15800000000003 71 77
79.15800000000003 71 78
79.65900000000003 59 67
79.65900000000003 59 68
80.16000000000004 55 58
80.16000000000004 55 59
80.66100000000004 146 155
80.66100000000004 146 156
81.16200000000005 31 45
81.16200000000005 31 46
81.66300000000005 55 62
81.66300000000005 55 63
82.16400000000006 104 106
82.16400000000006 104 107
82.66500000000006 10 19
82.66500000000006 10 24
83.16600000000007 100 112
83.16600000000007 100 113
83.66700000000007 2 6
83.66700000000007 2 7
84.16800000000008 92 112
84.16800000000008 92 113
84.66900000000008 73 77
84.66900000000008 73 78
85.17000000000009 37 45
85.17000000000009 37 51
85.67100000000009 178 179
85.67100000000009 178 180
86.1720000000001 15 25
86.1720000000001 15 26
86.6730000000001 102 109
86.6730000000001 102 110
87.1740000000001 187 188
87.1740000000001 188 189
87.67500000000011 120 126
87.67500000000011 120 127
88.17600000000012 32 42
88.17600000000012 32 43
88.67700000000012 144 172
88.67700000000012 144 188
89.17800000000013 118 131
89.17800000000013 118 144
89.67900000000013 10 27
89.67900000000013 10 28
90.18000000000013 70 143
90.18000000000013 70 144
90.68100000000014 31 53
90.68100000000014 32 33
91.18200000000014 9 25
91.18200000000014 9 26
91.68300000000015 160 172
91.68300000000015 161 162
92.18400000000015 163 170
92.18400000000015 163 171
92.68500000000016 10 53
92.68500000000016 10 54
93.18600000000016 91 113
93.18600000000016 91 114
93.68700000000017 102 115
93.68700000000017 102 116
94.18800000000017 135 140
94.18800000000017 135 141
94.68900000000018 92 114
94.68900000000018 92 115
95.19000000000018 8 53
95.19000000000018 8 54
95.69100000000019 189 197
95.69100000000019 189 198
96.19200000000019 9 23
96.19200000000019 9 24
96.6930000000002 11 30
96.6930000000002 11 31
97.1940000000002 60 64
97.1940000000002 60 65
97.6950000000002 70 89
97.6950000000002 70 90
98.19600000000021 1 2
98.19600000000021 1 3
98.69700000000022 96 114
98.69700000000022 96 115
99.19800000000022 79 112
99.19800000000022 79 113
99.69900000000023 1 6
99.69900000000023 1 7
100.20000000000023 133 137
100.20000000000023 133 138
100.70100000000023 22 27
100.70100000000023 23 24
101.20200000000024 193 196
101.20200000000024 193 197
101.70300000000024 14 30
101.70300000000024 14 44
102.20400000000025 0 1
102.20400000000025 0 2
102.70500000000025 180 188
102.70500000000025 181 182
103.20600000000026 18 52
103.20600000000026 18 53
103.70700000000026 62 69
103.70700000000026 63 64
104.20800000000027 38 41
104.20800000000027 38 42
104.70900000000027 38 39
104.70900000000027 38 40
105.21000000000028 95 114
105.21000000000028 95 115
105.71100000000028 104 108
105.71100000000028 104 109
106.21200000000029 152 154
106.21200000000029 152 155
106.71300000000029 44 53
106.71300000000029 45 46
107.2140000000003 37 52
107.2140000000003 37 53
107.7150000000003 132 138
107.7150000000003 132 139
108.2160000000003 48 51
108.2160000000003 48 52
108.71700000000031 100 108
108.71700000000031 100 109
109.21800000000032 131 142
109.21800000000032 131 143
109.71900000000032 103 104
109.71900000000032 103 105
110.22000000000033 29 50
110.22000000000033 29 51
110.72100000000033 14 26
110.72100000000033 14 27
111.22200000000034 65 68
111.22200000000034 65 69
111.72300000000034 75 88
111.72300000000034 75 89
112.22400000000034 80 89
112.22400000000034 80 90
112.72500000000035 74 91
112.72500000000035 74 92
113.22600000000035 77 92
113.22600000000035 77 110
113.72700000000036 96 116
113.72700000000036 96 117
114.22800000000036 75 94
114.22800000000036 75 109
114.72900000000037 76 110
114.72900000000037 76 111
115.23000000000037 162 163
115.23000000000037 162 164
115.73100000000038 12 48
115.73100000000038 12 49
116.23200000000038 94 116
116.23200000000038 94 117
116.73300000000039 71 88
116.73300000000039 71 89
117.23400000000039 58 69
117.23400000000039 59 60
117.7350000000004 78 116
117.7350000000004 78 117
118.2360000000004 134 137
118.2360000000004 134 138
118.7370000000004 149 154
118.7370000000004 149 155
119.23800000000041 71 117
119.23800000000041 71 130
119.73900000000042 141 142
119.73900000000042 142 143
120.24000000000042 123 124
120.24000000000042 123 125
120.74100000000043 139 142
120.74100000000043 139 143
121.24200000000043 146 147
121.24200000000043 146 148
121.74300000000044 73 75
121.74300000000044 73 76
122.24400000000044 143 144
122.24400000000044 144 145
122.74500000000045 72 89
122.74500000000045 72 90
123.24600000000045 71 98
123.24600000000045 71 108
123.74700000000045 0 7
123.74700000000045 0 8
124.24800000000046 37 41
124.24800000000046 37 42
124.74900000000046 15 47
124.74900000000046 15 48
125.25000000000047 172 183
125.25000000000047 172 184
125.75100000000047 10 51
125.75100000000047 10 52
126.25200000000048 30 51
126.25200000000048 30 52
126.75300000000048 74 93
126.75300000000048 74 94
127.25400000000049 144 153
127.25400000000049 144 154
127.75500000000049 78 89
127.75500000000049 78 90
128.2560000000005 71 113
128.2560000000005 71 114
128.75700000000052 74 114
128.75700000000052 74 115
129.25800000000052 9 33
129.25800000000052 9 42
129.75900000000053 177 187
129.75900000000053 177 188
130.26000000000053 97 111
130.26000000000053 97 112
130.76100000000054 54 55
130.76100000000054 54 60
131.26200000000054 132 134
131.26200000000054 132 135
131.76300000000055 71 73
131.76300000000055 71 74
132.26400000000055 2 8
132.26400000000055 3 4
132.76500000000055 72 80
132.76500000000055 72 86
133.26600000000056 8 51
133.26600000000056 8 52
133.76700000000056 101 117
133.76700000000056 102 103
134.26800000000057 20 27
134.26800000000057 20 28
134.76900000000057 147 155
134.76900000000057 147 156
135.27000000000058 135 138
135.27000000000058 135 139
135.77100000000058 124 130
135.77100000000058 125 126
136.2720000000006 32 50
136.2720000000006 32 51
136.7730000000006 184 187
136.7730000000006 185 186
137.2740000000006 158 166
137.2740000000006 158 167
137.7750000000006 164 167
137.7750000000006 164 168
138.2760000000006 179 182
138.2760000000006 179 183
138.7770000000006 159 168
138.7770000000006 159 169
139.27800000000062 95 110
139.27800000000062 95 111
139.77900000000062 176 180
139.77900000000062 176 181
140.28000000000063 94 114
140.28000000000063 94 115
140.78100000000063 96 110
140.78100000000063 96 111
141.28200000000064 54 69
141.28200000000064 54 70
141.78300000000064 150 151
141.78300000000064 150 152
142.28400000000065 73 113
142.28400000000065 73 114
142.78500000000065 76 112
142.78500000000065 76 113
143.28600000000066 119 128
143.28600000000066 119 129
143.78700000000066 19 52
143.78700000000066 19 53
144.28800000000066 191 192
144.28800000000066 191 193
144.78900000000067 47 48
144.78900000000067 47 49
145.29000000000067 95 112
145.29000000000067 95 113
145.79100000000068 99 114
145.79100000000068 99 115
146.29200000000068 135 142
146.29200000000068 135 143
146.7930000000007 31 49
146.7930000000007 31 50
147.2940000000007 35 43
147.2940000000007 35 44
147.7950000000007 36 46
147.7950000000007 36 48
148.2960000000007 98 108
148.2960000000007 98 109
148.7970000000007 191 198
148.7970000000007 192 193
149.2980000000007 173 185
149.2980000000007 173 186
149.79900000000072 132 136
149.79900000000072 132 137
150.30000000000072 59 61
150.30000000000072 59 62
150.80100000000073 38 43
150.80100000000073 38 44
151.30200000000073 114 115
151.30200000000073 115 116
151.80300000000074 122 125
151.80300000000074 122 126
152.30400000000074 182 184
152.30400000000074 182 185
152.80500000000075 75 76
152.80500000000075 75 77
153.30600000000075 9 51
153.30600000000075 9 52
153.80700000000076 73 115
153.80700000000076 73 116
154.30800000000076 61 66
154.30800000000076 61 67
154.80900000000076 0 5
154.80900000000076 0 6
155.31000000000077 175 188
155.31000000000077 176 177
155.81100000000077 173 187
155.81100000000077 173 188
156.31200000000078 58 67
156.31200000000078 58 68
156.81300000000078 9 14
156.81300000000078 9 15
157.3140000000008 73 117
157.3140000000008 74 75
157.8150000000008 65 66
157.8150000000008 65 67
158.3160000000008 130 131
158.3160000000008 130 188
158.8170000000008 149 150
158.8170000000008 149 151
159.3180000000008 64 66
159.3180000000008 64 67
159.8190000000008 76 88
159.8190000000008 76 89
160.32000000000082 95 116
160.32000000000082 95 117
160.82100000000082 105 106
160.82100000000082 105 107
161.32200000000083 153 156
161.32200000000083 154 155
161.82300000000083 11 52
161.82300000000083 11 53
162.32400000000084 73 87
162.32400000000084 73 88
162.82500000000084 11 28
162.82500000000084 11 29
163.32600000000085 34 43
163.32600000000085 34 44
163.82700000000085 165 171
163.82700000000085 166 167
164.32800000000086 78 112
164.32800000000086 78 113
164.82900000000086 134 141
164.82900000000086 134 142
165.33000000000087 180 186
165.33000000000087 180 187
165.83100000000087 173 181
165.83100000000087 173 182
166.33200000000087 13 47
166.33200000000087 13 48
166.83300000000088 54 67
166.83300000000088 54 68
167.33400000000088 15 45
167.33400000000088 15 46
167.8350000000009 11 46
167.8350000000009 11 47
168.3360000000009 118 172
168.3360000000009 118 188
168.8370000000009 161 171
168.8370000000009 161 172
169.3380000000009 167 170
169.3380000000009 167 171
169.8390000000009 80 116
169.8390000000009 80 117
170.3400000000009 72 78
170.3400000000009 72 79
170.84100000000092 37 43
170.84100000000092 37 44
171.34200000000092 11 15
171.34200000000092 11 16
171.84300000000093 61 62
171.84300000000093 61 63
172.34400000000093 48 49
172.34400000000093 48 50
172.84500000000094 9 18
172.84500000000094 9 19
173.34600000000094 74 87
173.34600000000094 74 88
173.84700000000095 81 88
173.84700000000095 81 89
174.34800000000095 173 183
174.34800000000095 173 184
174.84900000000096 162 171
174.84900000000096 162 172
175.35000000000096 93 112
175.35000000000096 93 113
175.85100000000097 72 115
175.85100000000097 72 116
176.35200000000097 46 52
176.35200000000097 46 53
176.85300000000097 36 40
176.85300000000097 36 41
177.35400000000098 119 130
177.35400000000098 120 121
177.85500000000098 72 111
177.85500000000098 72 112
178.356000000001 93 114
178.356000000001 93 115
178.857000000001 97 113
178.857000000001 97 114
179.358000000001 181 185
179.358000000001 181 186
179.859000000001 74 78
179.859000000001 74 79
180.360000000001 102 105
180.360000000001 102 106
180.861000000001 135 136
180.861000000001 135 137
181.36200000000102 189 190
181.36200000000102 189 192
181.86300000000102 39 40
181.86300000000102 39 41
182.36400000000103 57 67
182.36400000000103 57 68
182.86500000000103 83 85
182.86500000000103 83 86
183.36600000000104 14 45
183.36600000000104 14 46
183.86700000000104 119 120
183.86700000000104 119 121
184.36800000000105 99 112
184.36800000000105 99 113
184.86900000000105 11 24
184.86900000000105 11 25
185.37000000000106 29 52
185.37000000000106 29 53
185.87100000000106 177 181
185.87100000000106 177 182
186.37200000000107 159 164
186.37200000000107 159 165
186.87300000000107 12 15
186.87300000000107 12 16
187.37400000000108 137 143
187.37400000000108 138 139
187.87500000000108 99 108
187.87500000000108 99 109
188.37600000000108 93 116
188.37600000000108 93 117
188.8770000000011 163 168
188.8770000000011 163 169
189.3780000000011 10 15
189.3780000000011 10 16
189.8790000000011 102 111
189.8790000000011 102 114
190.3800000000011 36 49
190.3800000000011 36 50
190.8810000000011 161 163
190.8810000000011 161 164
191.3820000000011 14 49
191.3820000000011 14 50
191.88300000000112 35 47
191.88300000000112 35 48
192.38400000000112 172 187
192.38400000000112 172 188
192.88500000000113 79 116
192.88500000000113 79 117
193.38600000000113 9 69
193.38600000000113 9 70
193.88700000000114 140 141
193.88700000000114 140 142
194.38800000000114 168 171
194.38800000000114 169 170
194.88900000000115 46 50
194.88900000000115 46 51
195.39000000000115 71 109
195.39000000000115 71 110
195.89100000000116 41 42
195.89100000000116 42 43
196.39200000000116 55 56
196.39200000000116 55 57
196.89300000000117 10 11
196.89300000000117 10 12
197.39400000000117 4 5
197.39400000000117 4 6
197.89500000000118 164 171
197.89500000000118 165 166
198.39600000000118 12 50
198.39600000000118 12 51
198.89700000000119 73 111
198.89700000000119 73 112
199.3980000000012 147 153
199.3980000000012 147 154
199.8990000000012 83 89
199.8990000000012 84 85
200.4000000000012 151 157
200.4000000000012 152 153
200.9010000000012 70 114
200.9010000000012 70 115
201.4020000000012 9 47
201.4020000000012 9 48
201.9030000000012 80 87
201.9030000000012 80 88
202.40400000000122 101 111
202.40400000000122 101 112
202.90500000000122 17 29
202.90500000000122 17 30
203.40600000000123 71 90
203.40600000000123 71 91
203.90700000000123 3 7
203.90700000000123 3 8
204.40800000000124 131 138
204.40800000000124 131 139
204.90900000000124 19 28
204.90900000000124 19 29
205.41000000000125 66 69
205.41000000000125 67 68
205.91100000000125 10 43
205.91100000000125 10 44
206.41200000000126 175 178
206.41200000000126 175 179
206.91300000000126 111 114
206.91300000000126 111 115
207.41400000000127 131 188
207.41400000000127 132 133
207.91500000000127 12 13
207.91500000000127 12 14
208.41600000000128 35 51
208.41600000000128 35 52
208.91700000000128 47 52
208.91700000000128 47 53
209.41800000000129 144 157
209.41800000000129 144 158
209.9190000000013 70 112
209.9190000000013 70 113
210.4200000000013 77 115
210.4200000000013 77 116
210.9210000000013 79 114
210.9210000000013 79 115
211.4220000000013 71 81
211.4220000000013 71 85
211.9230000000013 29 30
211.9230000000013 29 47
212.4240000000013 30 53
212.4240000000013 31 32
212.92500000000132 22 25
212.92500000000132 22 26
213.42600000000132 32 52
213.42600000000132 32 53
213.92700000000133 101 115
213.92700000000133 101 116
214.42800000000133 71 131
214.42800000000133 71 143
214.92900000000134 164 165
214.92900000000134 164 166
215.43000000000134 100 110
215.43000000000134 100 111
215.93100000000135 99 100
215.93100000000135 99 107
216.43200000000135 132 140
216.43200000000135 132 141
216.93300000000136 73 79
216.93300000000136 73 86
217.43400000000136 9 43
217.43400000000136 9 44
217.93500000000137 9 45
217.93500000000137 9 46
218.43600000000137 70 91
218.43600000000137 70 92
218.93700000000138 59 63
218.93700000000138 59 64
219.43800000000138 76 114
219.43800000000138 76 115
219.93900000000139 59 65
219.93900000000139 59 66
220.4400000000014 146 151
220.4400000000014 146 152
220.9410000000014 54 63
220.9410000000014 54 64
221.4420000000014 136 143
221.4420000000014 137 138
221.9430000000014 10 47
221.9430000000014 10 48
222.4440000000014 185 187
222.4440000000014 186 187
222.94500000000141 158 159
222.94500000000141 158 165
223.44600000000142 176 182
223.44600000000142 176 183
223.94700000000142 190 198
223.94700000000142 190 199
224.44800000000143 36 42
224.44800000000143 36 43
224.94900000000143 124 128
224.94900000000143 124 129
225.45000000000144 36 51
225.45000000000144 36 52
225.95100000000144 58 59
225.95100000000144 58 60
226.45200000000145 121 125
226.45200000000145 121 126
226.95300000000145 35 41
226.95300000000145 35 42
227.45400000000146 51 52
227.45400000000146 52 53
227.95500000000146 12 29
227.95500000000146 12 30
228.45600000000147 16 29
228.45600000000147 16 30
228.95700000000147 179 184
228.95700000000147 179 185
229.45800000000148 74 89
229.45800000000148 74 90
229.95900000000148 148 150
229.95900000000148 148 151
230.4600000000015 44 51
230.4600000000015 44 52
230.9610000000015 162 165
230.9610000000015 162 166
231.4620000000015 83 87
231.4620000000015 83 88
231.9630000000015 56 64
231.9630000000015 56 65
232.4640000000015 71 111
232.4640000000015 71 112
232.9650000000015 12 25
232.9650000000015 12 26
233.46600000000151 57 59
233.46600000000151 57 60
233.96700000000152 55 70
233.96700000000152 56 57
234.46800000000152 4 7
234.46800000000152 4 8
234.96900000000153 152 156
234.96900000000153 152 157
235.47000000000153 193 194
235.47000000000153 193 195
235.97100000000154 179 180
235.97100000000154 179 181
236.47200000000154 146 157
236.47200000000154 147 148
236.97300000000155 74 116
236.97300000000155 74 117
237.47400000000155 70 71
237.47400000000155 70 77
237.97500000000156 70 157
237.97500000000156 70 158
238.47600000000156 74 95
238.47600000000156 74 109
238.97700000000157 146 153
238.97700000000157 146 154
239.47800000000157 56 66
239.47800000000157 56 67
239.97900000000158 76 92
239.97900000000158 76 93
240.48000000000158 101 102
240.48000000000158 101 106
240.9810000000016 57 65
240.9810000000016 57 66
241.4820000000016 121 129
241.4820000000016 121 130
241.9830000000016 71 115
241.9830000000016 71 116
242.4840000000016 122 127
242.4840000000016 122 128
242.9850000000016 26 27
242.9850000000016 27 28
243.4860000000016 71 79
243.4860000000016 71 80
243.98700000000161 168 169
243.98700000000161 168 170
244.48800000000162 159 162
244.48800000000162 159 163
244.98900000000162 158 172
244.98900000000162 158 188
245.49000000000163 192 194
245.49000000000163 192 195
245.99100000000163 194 195
245.99100000000163 194 196
246.49200000000164 101 113
246.49200000000164 101 114
246.99300000000164 30 47
246.99300000000164 30 48
247.49400000000165 18 29
247.49400000000165 18 49
247.99500000000165 109 110
247.99500000000165 110 111
248.49600000000166 12 44
248.49600000000166 12 45
248.99700000000166 11 13
248.99700000000166 11 14
249.49800000000167 59 69
249.49800000000167 60 61
249.99900000000167 120 130
249.99900000000167 121 122
250.50000000000168 72 117
250.50000000000168 73 74
251.00100000000168 151 153
251.00100000000168 151 154
251.5020000000017 163 164
251.5020000000017 163 165
252.0030000000017 134 143
252.0030000000017 134 144
252.5040000000017 72 93
252.5040000000017 72 94
253.0050000000017 131 144
253.0050000000017 131 172
253.5060000000017 126 128
253.5060000000017 126 129
254.0070000000017 77 117
254.0070000000017 78 79
254.50800000000172 76 116
254.50800000000172 76 117
255.00900000000172 10 13
255.00900000000172 10 14
255.51000000000172 43 44
255.51000000000172 44 45
256.0110000000017 89 90
256.0110000000017 90 91
256.51200000000165 133 143
256.51200000000165 133 144
257.0130000000016 170 171
257.0130000000016 171 172
257.5140000000016 68 69
257.5140000000016 69 70
258.0150000000016 75 114
258.0150000000016 75 115
258.51600000000155 183 186
258.51600000000155 183 187
259.01700000000153 105 108
259.01700000000153 106 107
259.5180000000015 56 70
259.5180000000015 57 58
260.0190000000015 75 116
260.0190000000015 75 117
260.52000000000146 16 51
260.52000000000146 16 52
261.02100000000144 76 90
261.02100000000144 76 91
261.5220000000014 72 95
261.5220000000014 72 96
262.0230000000014 40 41
262.0230000000014 40 42
262.52400000000137 13 49
262.52400000000137 13 50
263.02500000000134 176 184
263.02500000000134 176 185
263.5260000000013 179 186
263.5260000000013 179 187
264.0270000000013 150 155
264.0270000000013 150 156
264.52800000000127 180 182
264.52800000000127 180 183
265.02900000000125 73 91
265.02900000000125 73 92
265.5300000000012 17 52
265.5300000000012 17 53
266.0310000000012 173 179
266.0310000000012 173 180
266.5320000000012 117 172
266.5320000000012 117 188
267.03300000000115 138 142
267.03300000000115 138 143
267.53400000000113 91 92
267.53400000000113 91 112
268.0350000000011 9 53
268.0350000000011 9 54
268.5360000000011 62 65
268.5360000000011 62 66
269.03700000000106 100 114
269.03700000000106 100 115
269.53800000000103 12 27
269.53800000000103 12 28
270.039000000001 14 47
270.039000000001 14 48
270.540000000001 120 124
270.540000000001 120 125
271.04100000000096 33 45
271.04100000000096 33 46
271.54200000000094 101 107
271.54200000000094 101 108
272.0430000000009 14 53
272.0430000000009 15 16
272.5440000000009 191 194
272.5440000000009 191 195
273.04500000000087 100 116
273.04500000000087 100 117
273.54600000000084 11 50
273.54600000000084 11 51
274.0470000000008 112 114
274.0470000000008 112 115
274.5480000000008 94 112
274.5480000000008 94 113
275.0490000000008 149 156
275.0490000000008 149 157
275.55000000000075 70 93
275.55000000000075 70 94
276.0510000000007 174 175
276.0510000000007 174 176
276.5520000000007 13 53
276.5520000000007 14 15
277.0530000000007 19 26
277.0530000000007 19 27
277.55400000000066 30 31
277.55400000000066 30 44
278.05500000000063 11 48
278.05500000000063 11 49
278.5560000000006 145 151
278.5560000000006 145 152
279.0570000000006 175 176
279.0570000000006 175 177
279.55800000000056 55 66
279.55800000000056 55 67
280.05900000000054 177 179
280.05900000000054 177 180
280.5600000000005 100 101
280.5600000000005 100 107
281.0610000000005 181 183
281.0610000000005 181 184
281.56200000000047 72 87
281.56200000000047 72 88
282.06300000000044 3 5
282.06300000000044 3 6
282.5640000000004 91 115
282.5640000000004 91 116
283.0650000000004 75 78
283.0650000000004 75 87
283.5660000000004 174 179
283.5660000000004 174 180
284.06700000000035 66 67
284.06700000000035 66 68
284.5680000000003 87 88
284.5680000000003 88 89
285.0690000000003 125 127
285.0690000000003 125 128
285.5700000000003 45 53
285.5700000000003 46 47
286.07100000000025 54 61
286.07100000000025 54 62
286.57200000000023 18 19
286.57200000000023 18 24
287.0730000000002 183 184
287.0730000000002 183 185
287.5740000000002 136 137
287.5740000000002 136 138
288.07500000000016 70 108
288.07500000000016 70 109
288.57600000000014 81 86
288.57600000000014 81 87
289.0770000000001 159 160
289.0770000000001 159 161
289.5780000000001 192 196
289.5780000000001 192 197
290.07900000000006 93 94
290.07900000000006 93 109
290.58000000000004 122 129
290.58000000000004 122 130
291.081 20 21
291.081 20 22
291.582 73 89
291.582 73 90
292.08299999999997 9 29
292.08299999999997 9 30
292.58399999999995 12 46
292.58399999999995 12 47
293.0849999999999 113 115
293.0849999999999 113 116
293.5859999999999 32 44
293.5859999999999 32 45
294.0869999999999 36 44
294.0869999999999 36 45
294.58799999999985 1 8
294.58799999999985 2 3
295.0889999999998 13 51
295.0889999999998 13 52
295.5899999999998 117 131
295.5899999999998 117 144
296.0909999999998 60 62
296.0909999999998 60 63
296.59199999999976 166 168
296.59199999999976 166 169
297.09299999999973 189 195
297.09299999999973 189 196
297.5939999999997 176 188
297.5939999999997 177 178
298.0949999999997 28 29
298.0949999999997 28 53
298.59599999999966 10 49
298.59599999999966 10 50
299.09699999999964 174 183
299.09699999999964 174 184
299.5979999999996 77 78
299.5979999999996 77 87
300.0989999999996 12 52
300.0989999999996 12 53
300.59999999999957 16 45
300.59999999999957 16 46
301.10099999999954 58 65
301.10099999999954 58 66
301.6019999999995 161 165
301.6019999999995 161 166
302.1029999999995 165 169
302.1029999999995 165 170
302.6039999999995 58 61
302.6039999999995 58 62
303.10499999999945 35 49
303.10499999999945 35 50
303.6059999999994 82 86
303.6059999999994 82 87
304.1069999999994 77 90
304.1069999999994 77 91
304.6079999999994 20 23
304.6079999999994 20 24
305.10899999999936 71 188
305.10899999999936 72 73
305.60999999999933 74 112
305.60999999999933 74 113
306.1109999999993 132 144
306.1109999999993 133 134
306.6119999999993 159 172
306.6119999999993 160 161
307.11299999999926 110 115
307.11299999999926 110 116
307.61399999999924 49 51
307.61399999999924 49 52
308.1149999999992 111 112
308.1149999999992 111 113
308.6159999999992 119 122
308.6159999999992 119 123
309.11699999999917 13 16
309.11699999999917 13 17
309.61799999999914 70 87
309.61799999999914 70 88
310.1189999999991 33 47
310.1189999999991 33 48
310.6199999999991 160 164
310.6199999999991 160 165
311.12099999999907 75 110
311.12099999999907 75 111
311.62199999999905 77 88
311.62199999999905 77 89
312.122999999999 84 86
312.122999999999 84 87
312.623999999999 148 152
312.623999999999 148 153
313.124999999999 160 166
313.124999999999 160 167
313.62599999999895 117 129
313.62599999999895 117 130
314.12699999999893 10 17
314.12699999999893 10 18
314.6279999999989 174 187
314.6279999999989 174 188
315.1289999999989 70 188
315.1289999999989 71 72
315.62999999999886 154 156
315.62999999999886 155 156
316.13099999999883 71 94
316.13099999999883 71 95
316.6319999999988 98 112
316.6319999999988 98 113
317.1329999999988 13 25
317.1329999999988 13 26
317.63399999999876 95 96
317.63399999999876 95 109
318.13499999999874 14 16
318.13499999999874 14 25
318.6359999999987 33 49
318.6359999999987 33 50
319.1369999999987 112 116
319.1369999999987 113 114
319.63799999999867 167 168
319.63799999999867 167 169
320.13899999999865 128 129
320.13899999999865 129 130
320.6399999999986 58 63
320.6399999999986 58 64
321.1409999999986 16 47
321.1409999999986 16 48
321.6419999999986 189 199
321.6419999999986 190 191
322.14299999999855 75 90
322.14299999999855 75 91
322.6439999999985 62 63
322.6439999999985 62 64
323.1449999999985 33 34
323.1449999999985 33 42
323.6459999999985 39 42
323.6459999999985 39 43
324.14699999999846 118 119
324.14699999999846 118 124
324.64799999999843 11 44
324.64799999999843 11 45
325.1489999999984 82 90
325.1489999999984 83 84
325.6499999999984 36 53
325.6499999999984 37 38
326.15099999999836 77 113
326.15099999999836 77 114
326.65199999999834 8 69
326.65199999999834 8 70
327.1529999999983 74 110
327.1529999999983 74 111
327.6539999999983 116 117
327.6539999999983 117 118
328.15499999999827 174 181
328.15499999999827 174 182
328.65599999999824 22 23
328.65599999999824 22 24
329.1569999999982 37 39
329.1569999999982 37 40
329.6579999999982 70 85
329.6579999999982 70 86
330.1589999999982 24 25
330.1589999999982 25 26
330.65999999999815 178 181
330.65999999999815 178 182
331.1609999999981 10 25
331.1609999999981 10 26
331.6619999999981 31 51
331.6619999999981 31 52
332.1629999999981 156 157
332.1629999999981 157 158
332.66399999999805 118 129
332.66399999999805 118 130
333.16499999999803 71 75
333.16499999999803 71 76
333.665999999998 179 188
333.665999999998 180 181
334.166999999998 147 157
334.166999999998 148 149
334.66799999999796 19 20
334.66799999999796 19 23
335.16899999999794 85 87
335.16899999999794 86 87
335.6699999999979 70 171
335.6699999999979 70 172
336.1709999999979 72 74
336.1709999999979 72 75
336.67199999999787 151 155
336.67199999999787 151 156
337.17299999999784 133 135
337.17299999999784 133 136
337.6739999999978 71 158
337.6739999999978 71 172
338.1749999999978 148 154
338.1749999999978 148 155
338.67599999999777 75 112
338.67599999999777 75 113
339.17699999999775 101 109
339.17699999999775 101 110
339.6779999999977 31 47
339.6779999999977 31 48
340.1789999999977 50 51
340.1789999999977 50 52
340.6799999999977 79 91
340.6799999999977 79 92
341.18099999999765 16 53
341.18099999999765 17 18
341.68199999999763 2 4
341.68199999999763 2 5
342.1829999999976 34 49
342.1829999999976 34 50
342.6839999999976 77 111
342.6839999999976 77 112
343.18499999999756 1 4
343.18499999999756 1 5
343.68599999999753 145 155
343.68599999999753 145 156
344.1869999999975 162 169
344.1869999999975 162 170
344.6879999999975 46 48
344.6879999999975 46 49
345.18899999999746 32 48
345.18899999999746 32 49
345.68999999999744 78 110
345.68999999999744 78 111
346.1909999999974 94 110
346.1909999999974 94 111
346.6919999999974 56 62
346.6919999999974 56 63
347.19299999999737 96 112
347.19299999999737 96 113
347.69399999999735 175 186
347.69399999999735 175 187
348.1949999999973 120 122
348.1949999999973 120 123
348.6959999999973 21 26
348.6959999999973 21 27
349.1969999999973 71 96
349.1969999999973 71 97
349.69799999999725 125 129
349.69799999999725 126 127
350.1989999999972 13 31
350.1989999999972 13 44
350.6999999999972 15 29
350.6999999999972 15 30
351.2009999999972 177 183
351.2009999999972 177 184
351.70199999999716 5 6
351.70199999999716 5 7
352.20299999999713 71 86
352.20299999999713 71 87
352.7039999999971 34 47
352.7039999999971 34 48
353.2049999999971 197 198
353.2049999999971 198 199
353.70599999999706 63 65
353.70599999999706 63 66
354.20699999999704 57 63
354.20699999999704 57 64
354.707999999997 33 43
354.707999999997 33 44
355.208999999997 178 187
355.208999999997 178 188
355.70999999999697 54 65
355.70999999999697 54 66
356.21099999999694 97 98
356.21099999999694 97 108
356.7119999999969 145 149
356.7119999999969 145 150
357.2129999999969 123 126
357.2129999999969 123 127
357.7139999999969 133 139
357.7139999999969 133 140
358.21499999999685 184 185
358.21499999999685 184 186
358.7159999999968 111 116
358.7159999999968 112 113
359.2169999999968 34 53
359.2169999999968 35 36
359.7179999999968 34 51
359.7179999999968 34 52
360.21899999999675 103 106
360.21899999999675 103 107
360.71999999999673 73 109
360.71999999999673 73 110
361.2209999999967 21 24
361.2209999999967 21 25
361.7219999999967 13 14
361.7219999999967 13 15
362.22299999999666 137 139
362.22299999999666 137 140
362.72399999999664 18 27
362.72399999999664 18 28
363.2249999999966 10 33
363.2249999999966 10 42
363.7259999999966 16 49
363.7259999999966 16 50
364.22699999999656 122 123
364.22699999999656 122 124
364.72799999999654 70 80
364.72799999999654 70 81
365.2289999999965 150 157
365.2289999999965 151 152
365.7299999999965 96 97
365.7299999999965 96 109
366.23099999999647 118 127
366.23099999999647 118 128
366.73199999999645 10 70
366.73199999999645 11 12
367.2329999999964 158 168
367.2329999999964 158 169
367.7339999999964 159 170
367.7339999999964 159 171
368.2349999999964 76 77
368.2349999999964 76 87
368.73599999999635 119 126
368.73599999999635 119 127
369.2369999999963 99 110
369.2369999999963 99 111
369.7379999999963 123 130
369.7379999999963 124 125
370.2389999999963 78 87
370.2389999999963 78 88
370.73999999999626 119 124
370.73999999999626 119 125
371.24099999999623 60 66
371.24099999999623 60 67
371.7419999999962 9 16
371.7419999999962 9 17
372.2429999999962 139 140
372.2429999999962 139 141
372.74399999999616 160 168
372.74399999999616 160 169
373.24499999999614 61 68
373.24499999999614 61 69
373.7459999999961 56 58
373.7459999999961 56 59
374.2469999999961 72 97
374.2469999999961 72 108
374.74799999999607 180 184
374.74799999999607 180 185
375.24899999999604 30 49
375.24899999999604 30 50
375.749999999996 10 29
375.749999999996 10 30
376.250999999996 16 27
376.250999999996 16 28
376.751999999996 11 26
376.751999999996 11 27
377.25299999999595 159 166
377.25299999999595 159 167
377.7539999999959 57 61
377.7539999999959 57 62
378.2549999999959 181 187
378.2549999999959 182 183
378.7559999999959 80 81
378.7559999999959 80 86
379.25699999999586 13 45
379.25699999999586 13 46
379.75799999999583 64 68
379.75799999999583 64 69
380.2589999999958 92 116
380.2589999999958 92 117
380.7599999999958 97 117
380.7599999999958 98 99
381.26099999999576 15 49
381.26099999999576 15 50
