0 178 187
0 178 188
0.501 73 89
0.501 73 90
1.0019999999999998 148 156
1.0019999999999998 148 157
1.5029999999999997 10 53
1.5029999999999997 10 54
2.0039999999999996 97 111
2.0039999999999996 97 112
2.5049999999999994 134 137
2.5049999999999994 134 138
3.0059999999999993 97 117
3.0059999999999993 98 99
3.5069999999999992 13 45
3.5069999999999992 13 46
4.008 14 30
4.008 14 44
4.509 63 67
4.509 63 68
5.010000000000001 175 176
5.010000000000001 175 177
5.511000000000001 72 76
5.511000000000001 72 77
6.012000000000001 71 75
6.012000000000001 71 76
6.513000000000002 72 115
6.513000000000002 72 116
7.014000000000002 138 140
7.014000000000002 138 141
7.515000000000002 70 130
7.515000000000002 70 131
8.016000000000002 60 62
8.016000000000002 60 63
8.517000000000001 39 42
8.517000000000001 39 43
9.018 183 186
9.018 183 187
9.519 159 164
9.519 159 165
10.02 65 68
10.02 65 69
10.520999999999999 101 107
10.520999999999999 101 108
11.021999999999998 11 24
11.021999999999998 11 25
11.522999999999998 194 195
11.522999999999998 194 196
12.023999999999997 137 139
12.023999999999997 137 140
12.524999999999997 58 67
12.524999999999997 58 68
13.025999999999996 182 184
13.025999999999996 182 185
13.526999999999996 83 87
13.526999999999996 83 88
14.027999999999995 54 67
14.027999999999995 54 68
14.528999999999995 91 115
14.528999999999995 91 116
15.029999999999994 75 112
15.029999999999994 75 113
15.530999999999993 122 129
15.530999999999993 122 130
16.031999999999993 100 110
16.031999999999993 100 111
16.532999999999994 18 27
16.532999999999994 18 28
17.033999999999995 111 112
17.033999999999995 111 113
17.534999999999997 13 51
17.534999999999997 13 52
18.035999999999998 117 129
18.035999999999998 117 130
18.537 61 68
18.537 61 69
19.038 0 1
19.038 0 2
19.539 47 52
19.539 47 53
20.040000000000003 81 88
20.040000000000003 81 89
20.541000000000004 10 27
20.541000000000004 10 28
21.042000000000005 118 129
21.042000000000005 118 130
21.543000000000006 70 143
21.543000000000006 70 144
22.044000000000008 154 156
22.044000000000008 155 156
22.54500000000001 161 171
22.54500000000001 161 172
23.04600000000001 94 95
23.04600000000001 94 109
23.54700000000001 72 109
23.54700000000001 72 110
24.048000000000012 44 53
24.048000000000012 45 46
24.549000000000014 16 45
24.549000000000014 16 46
25.050000000000015 145 157
25.050000000000015 145 158
25.551000000000016 102 111
25.551000000000016 102 114
26.052000000000017 72 111
26.052000000000017 72 112
26.55300000000002 43 44
26.55300000000002 44 45
27.05400000000002 120 130
27.05400000000002 121 122
27.55500000000002 79 87
27.55500000000002 79 88
28.056000000000022 8 9
28.056000000000022 8 50
28.557000000000023 114 115
28.557000000000023 115 116
29.058000000000025 99 114
29.058000000000025 99 115
29.559000000000026 13 29
29.559000000000026 13 30
30.060000000000027 78 91
30.060000000000027 78 92
30.56100000000003 83 89
30.56100000000003 84 85
31.06200000000003 11 32
31.06200000000003 11 43
31.56300000000003 123 126
31.56300000000003 123 127
32.06400000000003 30 49
32.06400000000003 30 50
32.565000000000026 103 106
32.565000000000026 103 107
33.066000000000024 148 150
33.066000000000024 148 151
33.56700000000002 70 108
33.56700000000002 70 109
34.06800000000002 72 93
34.06800000000002 72 94
34.56900000000002 173 183
34.56900000000002 173 184
35.070000000000014 102 109
35.070000000000014 102 110
35.57100000000001 10 13
35.57100000000001 10 14
36.07200000000001 70 89
36.07200000000001 70 90
36.57300000000001 92 112
36.57300000000001 92 113
37.074000000000005 118 172
37.074000000000005 118 188
37.575 44 51
37.575 44 52
38.076 147 151
38.076 147 152
38.577 4 5
38.577 4 6
39.077999999999996 72 91
39.077999999999996 72 92
39.57899999999999 163 168
39.57899999999999 163 169
40.07999999999999 11 46
40.07999999999999 11 47
40.58099999999999 71 115
40.58099999999999 71 116
41.08199999999999 85 87
41.08199999999999 86 87
41.582999999999984 56 68
41.582999999999984 56 69
42.08399999999998 96 116
42.08399999999998 96 117
42.58499999999998 133 141
42.58499999999998 133 142
43.08599999999998 159 170
43.08599999999998 159 171
43.586999999999975 93 110
43.586999999999975 93 111
44.08799999999997 132 144
44.08799999999997 133 134
44.58899999999997 134 143
44.58899999999997 134 144
45.08999999999997 172 173
45.08999999999997 172 182
45.590999999999966 151 155
45.590999999999966 151 156
46.09199999999996 136 143
46.09199999999996 137 138
46.59299999999996 9 49
46.59299999999996 9 50
47.09399999999996 173 187
47.09399999999996 173 188
47.594999999999956 96 110
47.594999999999956 96 111
48.095999999999954 162 163
48.095999999999954 162 164
48.59699999999995 36 46
48.59699999999995 36 48
49.09799999999995 132 134
49.09799999999995 132 135
49.59899999999995 107 108
49.59899999999995 108 109
50.099999999999945 145 155
50.099999999999945 145 156
50.60099999999994 1 4
50.60099999999994 1 5
51.10199999999994 8 53
51.10199999999994 8 54
51.60299999999994 33 43
51.60299999999994 33 44
52.103999999999935 80 87
52.103999999999935 80 88
52.60499999999993 12 17
52.60499999999993 12 18
53.10599999999993 6 7
53.10599999999993 7 8
53.60699999999993 17 29
53.60699999999993 17 30
54.107999999999926 118 127
54.107999999999926 118 128
54.608999999999924 40 41
54.608999999999924 40 42
55.10999999999992 144 155
55.10999999999992 144 156
55.61099999999992 101 111
55.61099999999992 101 112
56.11199999999992 146 157
56.11199999999992 147 148
56.612999999999914 135 140
56.612999999999914 135 141
57.11399999999991 20 27
57.11399999999991 20 28
57.61499999999991 18 19
57.61499999999991 18 24
58.11599999999991 70 116
58.11599999999991 70 117
58.616999999999905 33 45
58.616999999999905 33 46
59.1179999999999 11 13
59.1179999999999 11 14
59.6189999999999 131 132
59.6189999999999 131 137
60.1199999999999 99 100
60.1199999999999 99 107
60.620999999999896 101 117
60.620999999999896 102 103
61.12199999999989 19 20
61.12199999999989 19 23
61.62299999999989 75 78
61.62299999999989 75 87
62.12399999999989 70 80
62.12399999999989 70 81
62.624999999999886 103 108
62.624999999999886 103 109
63.125999999999884 80 81
63.125999999999884 80 86
63.62699999999988 92 114
63.62699999999988 92 115
64.12799999999989 12 31
64.12799999999989 12 43
64.62899999999989 91 117
64.62899999999989 92 93
65.1299999999999 137 143
65.1299999999999 138 139
65.6309999999999 45 53
65.6309999999999 46 47
66.1319999999999 132 138
66.1319999999999 132 139
66.63299999999991 62 63
66.63299999999991 62 64
67.13399999999992 47 48
67.13399999999992 47 49
67.63499999999992 103 110
67.63499999999992 104 105
68.13599999999992 97 113
68.13599999999992 97 114
68.63699999999993 13 47
68.63699999999993 13 48
69.13799999999993 9 51
69.13799999999993 9 52
69.63899999999994 57 59
69.63899999999994 57 60
70.13999999999994 130 131
70.13999999999994 130 188
70.64099999999995 138 142
70.64099999999995 138 143
71.14199999999995 30 51
71.14199999999995 30 52
71.64299999999996 71 188
71.64299999999996 72 73
72.14399999999996 34 51
72.14399999999996 34 52
72.64499999999997 147 149
72.64499999999997 147 150
73.14599999999997 38 43
73.14599999999997 38 44
73.64699999999998 59 67
73.64699999999998 59 68
74.14799999999998 71 96
74.14799999999998 71 97
74.64899999999999 77 111
74.64899999999999 77 112
75.14999999999999 14 26
75.14999999999999 14 27
75.651 152 154
75.651 152 155
76.152 77 113
76.152 77 114
76.653 73 75
76.653 73 76
77.15400000000001 72 87
77.15400000000001 72 88
77.65500000000002 16 29
77.65500000000002 16 30
78.15600000000002 92 116
78.15600000000002 92 117
78.65700000000002 9 45
78.65700000000002 9 46
79.15800000000003 35 51
79.15800000000003 35 52
79.65900000000003 49 51
79.65900000000003 49 52
80.16000000000004 133 143
80.16000000000004 133 144
80.66100000000004 83 85
80.66100000000004 83 86
81.16200000000005 94 110
81.16200000000005 94 111
81.66300000000005 35 53
81.66300000000005 36 37
82.16400000000006 13 27
82.16400000000006 13 28
82.66500000000006 75 92
82.66500000000006 75 93
83.16600000000007 77 90
83.16600000000007 77 91
83.66700000000007 135 138
83.66700000000007 135 139
84.16800000000008 166 168
84.16800000000008 166 169
84.66900000000008 146 147
84.66900000000008 146 148
85.17000000000009 18 25
85.17000000000009 18 26
85.67100000000009 74 91
85.67100000000009 74 92
86.1720000000001 96 112
86.1720000000001 96 113
86.6730000000001 5 6
86.6730000000001 5 7
87.1740000000001 120 124
87.1740000000001 120 125
87.67500000000011 95 110
87.67500000000011 95 111
88.17600000000012 10 29
88.17600000000012 10 30
88.67700000000012 36 53
88.67700000000012 37 38
89.17800000000013 54 55
89.17800000000013 54 60
89.67900000000013 11 17
89.67900000000013 11 18
90.18000000000013 78 116
90.18000000000013 78 117
90.68100000000014 4 7
90.68100000000014 4 8
91.18200000000014 180 182
91.18200000000014 180 183
91.68300000000015 9 14
91.68300000000015 9 15
92.18400000000015 36 51
92.18400000000015 36 52
92.68500000000016 12 44
92.68500000000016 12 45
93.18600000000016 99 110
93.18600000000016 99 111
93.68700000000017 57 65
93.68700000000017 57 66
94.18800000000017 158 159
94.18800000000017 158 165
94.68900000000018 10 31
94.68900000000018 10 32
95.19000000000018 63 69
95.19000000000018 64 65
95.69100000000019 158 172
95.69100000000019 158 188
96.19200000000019 78 89
96.19200000000019 78 90
96.6930000000002 37 45
96.6930000000002 37 51
97.1940000000002 59 63
97.1940000000002 59 64
97.6950000000002 75 114
97.6950000000002 75 115
98.19600000000021 70 93
98.19600000000021 70 94
98.69700000000022 104 108
98.69700000000022 104 109
99.19800000000022 173 177
99.19800000000022 173 178
99.69900000000023 162 165
99.69900000000023 162 166
100.20000000000023 37 52
100.20000000000023 37 53
100.70100000000023 172 183
100.70100000000023 172 184
101.20200000000024 55 66
101.20200000000024 55 67
101.70300000000024 161 167
101.70300000000024 161 168
102.20400000000025 170 171
102.20400000000025 171 172
102.70500000000025 17 48
102.70500000000025 17 49
103.20600000000026 29 48
103.20600000000026 29 49
103.70700000000026 77 117
103.70700000000026 78 79
104.20800000000027 10 25
104.20800000000027 10 26
104.70900000000027 136 139
104.70900000000027 136 140
105.21000000000028 74 89
105.21000000000028 74 90
105.71100000000028 191 192
105.71100000000028 191 193
106.21200000000029 70 95
106.21200000000029 70 96
106.71300000000029 74 87
106.71300000000029 74 88
107.2140000000003 177 183
107.2140000000003 177 184
107.7150000000003 178 181
107.7150000000003 178 182
108.2160000000003 61 62
108.2160000000003 61 63
108.71700000000031 71 98
108.71700000000031 71 108
109.21800000000032 74 110
109.21800000000032 74 111
109.71900000000032 177 181
109.71900000000032 177 182
110.22000000000033 175 182
110.22000000000033 175 183
110.72100000000033 98 112
110.72100000000033 98 113
111.22200000000034 136 137
111.22200000000034 136 138
111.72300000000034 178 179
111.72300000000034 178 180
112.22400000000034 16 27
112.22400000000034 16 28
112.72500000000035 192 196
112.72500000000035 192 197
113.22600000000035 153 156
113.22600000000035 154 155
113.72700000000036 96 97
113.72700000000036 96 109
114.22800000000036 167 168
114.22800000000036 167 169
114.72900000000037 2 4
114.72900000000037 2 5
115.23000000000037 9 43
115.23000000000037 9 44
115.73100000000038 112 114
115.73100000000038 112 115
116.23200000000038 9 10
116.23200000000038 9 13
116.73300000000039 78 87
116.73300000000039 78 88
117.23400000000039 54 69
117.23400000000039 54 70
117.7350000000004 164 171
117.7350000000004 165 166
118.2360000000004 89 90
118.2360000000004 90 91
118.7370000000004 76 110
118.7370000000004 76 111
119.23800000000041 193 196
119.23800000000041 193 197
119.73900000000042 159 160
119.73900000000042 159 161
120.24000000000042 73 95
120.24000000000042 73 96
120.74100000000043 119 120
120.74100000000043 119 121
121.24200000000043 45 49
121.24200000000043 45 50
121.74300000000044 71 131
121.74300000000044 71 143
122.24400000000044 15 53
122.24400000000044 16 17
122.74500000000045 71 90
122.74500000000045 71 91
123.24600000000045 2 6
123.24600000000045 2 7
123.74700000000045 79 116
123.74700000000045 79 117
124.24800000000046 74 114
124.24800000000046 74 115
124.74900000000046 12 29
124.74900000000046 12 30
125.25000000000047 121 125
125.25000000000047 121 126
125.75100000000047 93 114
125.75100000000047 93 115
126.25200000000048 34 47
126.25200000000048 34 48
126.75300000000048 73 117
126.75300000000048 74 75
127.25400000000049 11 28
127.25400000000049 11 29
127.75500000000049 22 25
127.75500000000049 22 26
128.2560000000005 99 112
128.2560000000005 99 113
128.75700000000052 31 43
128.75700000000052 31 44
129.25800000000052 10 51
129.25800000000052 10 52
129.75900000000053 121 123
129.75900000000053 121 124
130.26000000000053 127 128
130.26000000000053 127 129
130.76100000000054 123 124
130.76100000000054 123 125
131.26200000000054 172 187
131.26200000000054 172 188
131.76300000000055 174 187
131.76300000000055 174 188
132.26400000000055 131 142
132.26400000000055 131 143
132.76500000000055 124 128
132.76500000000055 124 129
133.26600000000056 71 113
133.26600000000056 71 114
133.76700000000056 15 51
133.76700000000056 15 52
134.26800000000057 181 185
134.26800000000057 181 186
134.76900000000057 21 24
134.76900000000057 21 25
135.27000000000058 11 50
135.27000000000058 11 51
135.77100000000058 59 69
135.77100000000058 60 61
136.2720000000006 161 163
136.2720000000006 161 164
136.7730000000006 82 90
136.7730000000006 83 84
137.2740000000006 2 8
137.2740000000006 3 4
137.7750000000006 176 180
137.7750000000006 176 181
138.2760000000006 10 45
138.2760000000006 10 46
138.7770000000006 99 108
138.7770000000006 99 109
139.27800000000062 197 198
139.27800000000062 198 199
139.77900000000062 72 80
139.77900000000062 72 86
140.28000000000063 95 112
140.28000000000063 95 113
140.78100000000063 178 183
140.78100000000063 178 184
141.28200000000064 93 116
141.28200000000064 93 117
141.78300000000064 32 52
141.78300000000064 32 53
142.28400000000065 0 7
142.28400000000065 0 8
142.78500000000065 35 49
142.78500000000065 35 50
143.28600000000066 164 167
143.28600000000066 164 168
143.78700000000066 10 17
143.78700000000066 10 18
144.28800000000066 0 5
144.28800000000066 0 6
144.78900000000067 119 122
144.78900000000067 119 123
145.29000000000067 71 77
145.29000000000067 71 78
145.79100000000068 175 186
145.79100000000068 175 187
146.29200000000068 124 130
146.29200000000068 125 126
146.7930000000007 95 114
146.7930000000007 95 115
147.2940000000007 24 25
147.2940000000007 25 26
147.7950000000007 79 91
147.7950000000007 79 92
148.2960000000007 112 116
148.2960000000007 113 114
148.7970000000007 9 47
148.7970000000007 9 48
149.2980000000007 167 170
149.2980000000007 167 171
149.79900000000072 72 78
149.79900000000072 72 79
150.30000000000072 144 157
150.30000000000072 144 158
150.80100000000073 94 114
150.80100000000073 94 115
151.30200000000073 133 135
151.30200000000073 133 136
151.80300000000074 16 53
151.80300000000074 17 18
152.30400000000074 34 45
152.30400000000074 34 46
152.80500000000075 45 51
152.80500000000075 45 52
153.30600000000075 120 126
153.30600000000075 120 127
153.80700000000076 96 114
153.80700000000076 96 115
154.30800000000076 58 65
154.30800000000076 58 66
154.80900000000076 190 196
154.80900000000076 190 197
155.31000000000077 18 29
155.31000000000077 18 49
155.81100000000077 64 66
155.81100000000077 64 67
156.31200000000078 163 170
156.31200000000078 163 171
156.81300000000078 58 59
156.81300000000078 58 60
157.3140000000008 63 65
157.3140000000008 63 66
157.8150000000008 176 188
157.8150000000008 177 178
158.3160000000008 144 153
158.3160000000008 144 154
158.8170000000008 75 76
158.8170000000008 75 77
159.3180000000008 174 177
159.3180000000008 174 178
159.8190000000008 9 16
159.8190000000008 9 17
160.32000000000082 71 109
160.32000000000082 71 110
160.82100000000082 16 51
160.82100000000082 16 52
161.32200000000083 73 93
161.32200000000083 73 94
161.82300000000083 159 172
161.82300000000083 160 161
162.32400000000084 59 65
162.32400000000084 59 66
162.82500000000084 81 90
162.82500000000084 82 83
163.32600000000085 161 165
163.32600000000085 161 166
163.82700000000085 78 110
163.82700000000085 78 111
164.32800000000086 55 68
164.32800000000086 55 69
164.82900000000086 174 181
164.82900000000086 174 182
165.33000000000087 62 65
165.33000000000087 62 66
165.83100000000087 34 49
165.83100000000087 34 50
166.33200000000087 80 116
166.33200000000087 80 117
166.83300000000088 149 152
166.83300000000088 149 153
167.33400000000088 164 169
167.33400000000088 164 170
167.8350000000009 135 136
167.8350000000009 135 137
168.3360000000009 13 53
168.3360000000009 14 15
168.8370000000009 72 74
168.8370000000009 72 75
169.3380000000009 101 102
169.3380000000009 101 106
169.8390000000009 105 108
169.8390000000009 106 107
170.3400000000009 177 187
170.3400000000009 177 188
170.84100000000092 162 167
170.84100000000092 162 168
171.34200000000092 78 112
171.34200000000092 78 113
171.84300000000093 30 45
171.84300000000093 30 46
172.34400000000093 176 184
172.34400000000093 176 185
172.84500000000094 38 41
172.84500000000094 38 42
173.34600000000094 150 155
173.34600000000094 150 156
173.84700000000095 17 46
173.84700000000095 17 47
174.34800000000095 70 87
174.34800000000095 70 88
174.84900000000096 97 109
174.84900000000096 97 110
175.35000000000096 176 178
175.35000000000096 176 179
175.85100000000097 189 190
175.85100000000097 189 192
176.35200000000097 139 142
176.35200000000097 139 143
176.85300000000097 101 109
176.85300000000097 101 110
177.35400000000098 181 183
177.35400000000098 181 184
177.85500000000098 70 85
177.85500000000098 70 86
178.356000000001 189 193
178.356000000001 189 194
178.857000000001 71 92
178.857000000001 71 93
179.358000000001 191 196
179.358000000001 191 197
179.859000000001 147 155
179.859000000001 147 156
180.360000000001 160 162
180.360000000001 160 163
180.861000000001 95 116
180.861000000001 95 117
181.36200000000102 158 170
181.36200000000102 158 171
181.86300000000102 84 86
181.86300000000102 84 87
182.36400000000103 62 69
182.36400000000103 63 64
182.86500000000103 73 111
182.86500000000103 73 112
183.36600000000104 3 7
183.36600000000104 3 8
183.86700000000104 98 110
183.86700000000104 98 111
184.36800000000105 149 156
184.36800000000105 149 157
184.86900000000105 75 88
184.86900000000105 75 89
185.37000000000106 123 128
185.37000000000106 123 129
185.87100000000106 97 115
185.87100000000106 97 116
186.37200000000107 131 138
186.37200000000107 131 139
186.87300000000107 60 68
186.87300000000107 60 69
187.37400000000108 181 187
187.37400000000108 182 183
187.87500000000108 31 51
187.87500000000108 31 52
188.37600000000108 113 115
188.37600000000108 113 116
188.8770000000011 80 91
188.8770000000011 80 115
189.3780000000011 55 58
189.3780000000011 55 59
189.8790000000011 76 77
189.8790000000011 76 87
190.3800000000011 180 188
190.3800000000011 181 182
190.8810000000011 9 69
190.8810000000011 9 70
191.3820000000011 159 162
191.3820000000011 159 163
191.88300000000112 59 61
191.88300000000112 59 62
192.38400000000112 160 168
192.38400000000112 160 169
192.88500000000113 97 98
192.88500000000113 97 108
193.38600000000113 79 89
193.38600000000113 79 90
193.88700000000114 55 64
193.88700000000114 55 65
194.38800000000114 164 165
194.38800000000114 164 166
194.88900000000115 14 28
194.88900000000115 14 29
195.39000000000115 165 167
195.39000000000115 165 168
195.89100000000116 9 33
195.89100000000116 9 42
196.39200000000116 168 169
196.39200000000116 168 170
196.89300000000117 76 112
196.89300000000117 76 113
197.39400000000117 77 88
197.39400000000117 77 89
197.89500000000118 26 27
197.89500000000118 27 28
198.39600000000118 73 113
198.39600000000118 73 114
198.89700000000119 178 185
198.89700000000119 178 186
199.3980000000012 103 104
199.3980000000012 103 105
199.8990000000012 122 125
199.8990000000012 122 126
200.4000000000012 91 113
200.4000000000012 91 114
200.9010000000012 166 170
200.9010000000012 166 171
201.4020000000012 71 79
201.4020000000012 71 80
201.9030000000012 70 91
201.9030000000012 70 92
202.40400000000122 71 144
202.40400000000122 71 157
202.90500000000122 187 188
202.90500000000122 188 189
203.40600000000123 31 47
203.40600000000123 31 48
203.90700000000123 101 113
203.90700000000123 101 114
204.40800000000124 23 25
204.40800000000124 23 26
204.90900000000124 61 64
204.90900000000124 61 65
205.41000000000125 147 153
205.41000000000125 147 154
205.91100000000125 57 67
205.91100000000125 57 68
206.41200000000126 9 53
206.41200000000126 9 54
206.91300000000126 73 115
206.91300000000126 73 116
207.41400000000127 13 25
207.41400000000127 13 26
207.91500000000127 66 67
207.91500000000127 66 68
208.41600000000128 72 97
208.41600000000128 72 108
208.91700000000128 70 112
208.91700000000128 70 113
209.41800000000129 11 48
209.41800000000129 11 49
209.9190000000013 39 40
209.9190000000013 39 41
210.4200000000013 173 179
210.4200000000013 173 180
210.9210000000013 33 53
210.9210000000013 34 35
211.4220000000013 172 185
211.4220000000013 172 186
211.9230000000013 37 39
211.9230000000013 37 40
212.4240000000013 55 60
212.4240000000013 55 61
212.92500000000132 13 49
212.92500000000132 13 50
213.42600000000132 51 52
213.42600000000132 52 53
213.92700000000133 174 183
213.92700000000133 174 184
214.42800000000133 100 108
214.42800000000133 100 109
214.92900000000134 33 49
214.92900000000134 33 50
215.43000000000134 55 70
215.43000000000134 56 57
215.93100000000135 48 49
215.93100000000135 48 50
216.43200000000135 174 185
216.43200000000135 174 186
216.93300000000136 76 114
216.93300000000136 76 115
217.43400000000136 98 114
217.43400000000136 98 115
217.93500000000137 71 88
217.93500000000137 71 89
218.43600000000137 192 194
218.43600000000137 192 195
218.93700000000138 160 164
218.93700000000138 160 165
219.43800000000138 70 71
219.43800000000138 70 77
219.93900000000139 10 19
219.93900000000139 10 24
220.4400000000014 100 114
220.4400000000014 100 115
220.9410000000014 87 88
220.9410000000014 88 89
221.4420000000014 10 43
221.4420000000014 10 44
221.9430000000014 125 127
221.9430000000014 125 128
222.4440000000014 19 52
222.4440000000014 19 53
222.94500000000141 33 47
222.94500000000141 33 48
223.44600000000142 159 168
223.44600000000142 159 169
223.94700000000142 134 139
223.94700000000142 134 140
224.44800000000143 17 52
224.44800000000143 17 53
224.94900000000143 10 49
224.94900000000143 10 50
225.45000000000144 0 3
225.45000000000144 0 4
225.95100000000144 184 185
225.95100000000144 184 186
226.45200000000145 156 157
226.45200000000145 157 158
226.95300000000145 37 43
226.95300000000145 37 44
227.45400000000146 56 70
227.45400000000146 57 58
227.95500000000146 179 180
227.95500000000146 179 181
228.45600000000147 14 16
228.45600000000147 14 25
228.95700000000147 84 88
228.95700000000147 85 86
229.45800000000148 9 23
229.45800000000148 9 24
229.95900000000148 136 141
229.95900000000148 136 142
230.4600000000015 125 129
230.4600000000015 126 127
230.9610000000015 16 25
230.9610000000015 16 26
231.4620000000015 9 27
231.4620000000015 9 28
231.9630000000015 163 164
231.9630000000015 163 165
232.4640000000015 131 140
232.4640000000015 131 141
232.9650000000015 65 66
232.9650000000015 65 67
233.46600000000151 122 127
233.46600000000151 122 128
233.96700000000152 158 166
233.96700000000152 158 167
234.46800000000152 131 188
234.46800000000152 132 133
234.96900000000153 15 25
234.96900000000153 15 26
235.47000000000153 50 51
235.47000000000153 50 52
235.97100000000154 13 31
235.97100000000154 13 44
236.47200000000154 176 182
236.47200000000154 176 183
236.97300000000155 190 192
236.97300000000155 190 193
237.47400000000155 60 66
237.47400000000155 60 67
237.97500000000156 132 140
237.97500000000156 132 141
238.47600000000156 36 44
238.47600000000156 36 45
238.97700000000157 79 114
238.97700000000157 79 115
239.47800000000157 119 130
239.47800000000157 120 121
239.97900000000158 185 187
239.97900000000158 186 187
240.48000000000158 79 80
240.48000000000158 79 86
240.9810000000016 153 154
240.9810000000016 153 155
241.4820000000016 118 119
241.4820000000016 118 124
241.9830000000016 76 116
241.9830000000016 76 117
242.4840000000016 116 117
242.4840000000016 117 118
242.9850000000016 72 89
242.9850000000016 72 90
243.4860000000016 16 47
243.4860000000016 16 48
243.98700000000161 30 47
243.98700000000161 30 48
244.48800000000162 102 107
244.48800000000162 102 108
244.98900000000162 191 198
244.98900000000162 192 193
245.49000000000163 13 16
245.49000000000163 13 17
245.99100000000163 9 29
245.99100000000163 9 30
246.49200000000164 99 116
246.49200000000164 99 117
246.99300000000164 148 152
246.99300000000164 148 153
247.49400000000165 150 153
247.49400000000165 150 154
247.99500000000165 117 172
247.99500000000165 117 188
248.49600000000166 10 33
248.49600000000166 10 42
248.99700000000166 58 63
248.99700000000166 58 64
249.49800000000167 145 146
249.49800000000167 145 148
249.99900000000167 15 29
249.99900000000167 15 30
250.50000000000168 46 52
250.50000000000168 46 53
251.00100000000168 183 184
251.00100000000168 183 185
251.5020000000017 145 151
251.5020000000017 145 152
252.0030000000017 12 46
252.0030000000017 12 47
252.5040000000017 149 150
252.5040000000017 149 151
253.0050000000017 34 43
253.0050000000017 34 44
253.5060000000017 151 153
253.5060000000017 151 154
254.0070000000017 55 62
254.0070000000017 55 63
254.50800000000172 122 123
254.50800000000172 122 124
255.00900000000172 95 96
255.00900000000172 95 109
255.51000000000172 30 53
255.51000000000172 31 32
256.0110000000017 29 50
256.0110000000017 29 51
256.51200000000165 68 69
256.51200000000165 69 70
257.0130000000016 35 43
257.0130000000016 35 44
257.5140000000016 14 49
257.5140000000016 14 50
258.0150000000016 98 116
258.0150000000016 98 117
258.51600000000155 36 49
258.51600000000155 36 50
259.01700000000153 56 66
259.01700000000153 56 67
259.5180000000015 71 86
259.5180000000015 71 87
260.0190000000015 75 110
260.0190000000015 75 111
260.52000000000146 160 166
260.52000000000146 160 167
261.02100000000144 175 178
261.02100000000144 175 179
261.5220000000014 76 92
261.5220000000014 76 93
262.0230000000014 100 116
262.0230000000014 100 117
262.52400000000137 73 87
262.52400000000137 73 88
263.02500000000134 134 135
263.02500000000134 134 136
263.5260000000013 73 109
263.5260000000013 73 110
264.0270000000013 189 197
264.0270000000013 189 198
264.52800000000127 195 196
264.52800000000127 196 197
265.02900000000125 9 31
265.02900000000125 9 32
265.5300000000012 176 186
265.5300000000012 176 187
266.0310000000012 124 126
266.0310000000012 124 127
266.5320000000012 189 195
266.5320000000012 189 196
267.03300000000115 158 168
267.03300000000115 158 169
267.53400000000113 62 67
267.53400000000113 62 68
268.0350000000011 64 68
268.0350000000011 64 69
268.5360000000011 14 45
268.5360000000011 14 46
269.03700000000106 177 185
269.03700000000106 177 186
269.53800000000103 14 47
269.53800000000103 14 48
270.039000000001 120 128
270.039000000001 120 129
270.540000000001 14 51
270.540000000001 14 52
271.04100000000096 46 48
271.04100000000096 46 49
271.54200000000094 76 88
271.54200000000094 76 89
272.0430000000009 191 194
272.0430000000009 191 195
272.5440000000009 140 141
272.5440000000009 140 142
273.04500000000087 189 199
273.04500000000087 190 191
273.54600000000084 72 117
273.54600000000084 73 74
274.0470000000008 3 5
274.0470000000008 3 6
274.5480000000008 146 153
274.5480000000008 146 154
275.0490000000008 82 84
275.0490000000008 82 85
275.55000000000075 35 47
275.55000000000075 35 48
276.0510000000007 126 128
276.0510000000007 126 129
276.5520000000007 80 89
276.5520000000007 80 90
277.0530000000007 61 66
277.0530000000007 61 67
277.55400000000066 15 47
277.55400000000066 15 48
278.05500000000063 12 13
278.05500000000063 12 14
278.5560000000006 92 110
278.5560000000006 92 111
279.0570000000006 60 64
279.0570000000006 60 65
279.55800000000056 163 166
279.55800000000056 163 167
280.05900000000054 179 182
280.05900000000054 179 183
280.5600000000005 54 61
280.5600000000005 54 62
281.0610000000005 148 154
281.0610000000005 148 155
281.56200000000047 179 188
281.56200000000047 180 181
282.06300000000044 70 97
282.06300000000044 70 98
282.5640000000004 37 41
282.5640000000004 37 42
283.0650000000004 22 27
283.0650000000004 23 24
283.5660000000004 21 22
283.5660000000004 21 23
284.06700000000035 58 69
284.06700000000035 59 60
284.5680000000003 17 27
284.5680000000003 17 28
285.0690000000003 71 158
285.0690000000003 71 172
285.5700000000003 175 184
285.5700000000003 175 185
286.07100000000025 94 116
286.07100000000025 94 117
286.57200000000023 18 50
286.57200000000023 18 51
287.0730000000002 33 51
287.0730000000002 33 52
287.5740000000002 71 73
287.5740000000002 71 74
288.07500000000016 9 18
288.07500000000016 9 19
288.57600000000014 133 137
288.57600000000014 133 138
289.0770000000001 57 69
289.0770000000001 57 70
289.5780000000001 76 90
289.5780000000001 76 91
290.07900000000006 162 169
290.07900000000006 162 170
290.58000000000004 160 172
290.58000000000004 161 162
291.081 75 116
291.081 75 117
291.582 173 174
291.582 173 176
292.08299999999997 145 153
292.08299999999997 145 154
292.58399999999995 15 27
292.58399999999995 15 28
293.0849999999999 78 114
293.0849999999999 78 115
293.5859999999999 12 27
293.5859999999999 12 28
294.0869999999999 79 112
294.0869999999999 79 113
294.58799999999985 20 25
294.58799999999985 20 26
295.0889999999998 34 53
295.0889999999998 35 36
295.5899999999998 137 141
295.5899999999998 137 142
296.0909999999998 94 112
296.0909999999998 94 113
296.59199999999976 168 171
296.59199999999976 169 170
297.09299999999973 105 106
297.09299999999973 105 107
297.5939999999997 180 184
297.5939999999997 180 185
298.0949999999997 54 63
298.0949999999997 54 64
298.59599999999966 20 21
298.59599999999966 20 22
299.09699999999964 41 42
299.09699999999964 42 43
299.5979999999996 132 136
299.5979999999996 132 137
300.0989999999996 10 70
300.0989999999996 11 12
300.59999999999957 74 93
300.59999999999957 74 94
301.10099999999954 72 95
301.10099999999954 72 96
301.6019999999995 33 34
301.6019999999995 33 42
302.1029999999995 146 151
302.1029999999995 146 152
302.6039999999995 35 41
302.6039999999995 35 42
303.10499999999945 36 40
303.10499999999945 36 41
303.6059999999994 73 91
303.6059999999994 73 92
304.1069999999994 102 115
304.1069999999994 102 116
304.6079999999994 121 129
304.6079999999994 121 130
305.10899999999936 184 187
305.10899999999936 185 186
305.60999999999933 141 142
305.60999999999933 142 143
306.1109999999993 12 48
306.1109999999993 12 49
306.6119999999993 48 53
306.6119999999993 49 50
307.11299999999926 70 114
307.11299999999926 70 115
307.61399999999924 100 101
307.61399999999924 100 107
308.1149999999992 123 130
308.1149999999992 124 125
308.6159999999992 32 50
308.6159999999992 32 51
309.11699999999917 121 127
309.11699999999917 121 128
309.61799999999914 1 8
309.61799999999914 2 3
310.1189999999991 48 51
310.1189999999991 48 52
310.6199999999991 19 26
310.6199999999991 19 27
311.12099999999907 28 29
311.12099999999907 28 53
311.62199999999905 11 44
311.62199999999905 11 45
312.122999999999 73 77
312.122999999999 73 78
312.623999999999 8 69
312.623999999999 8 70
313.124999999999 133 139
313.124999999999 133 140
313.62599999999895 151 157
313.62599999999895 152 153
314.12699999999893 93 112
314.12699999999893 93 113
314.6279999999989 12 15
314.6279999999989 12 16
315.1289999999989 1 6
315.1289999999989 1 7
315.62999999999886 134 141
315.62999999999886 134 142
316.13099999999883 165 169
316.13099999999883 165 170
316.6319999999988 32 42
316.6319999999988 32 43
317.1329999999988 179 186
317.1329999999988 179 187
317.63399999999876 162 171
317.63399999999876 162 172
318.13499999999874 131 144
318.13499999999874 131 172
318.6359999999987 177 179
318.6359999999987 177 180
319.1369999999987 74 78
319.1369999999987 74 79
319.63799999999867 82 88
319.63799999999867 82 89
320.13899999999865 74 116
320.13899999999865 74 117
320.6399999999986 111 114
320.6399999999986 111 115
321.1409999999986 71 94
321.1409999999986 71 95
321.6419999999986 119 126
321.6419999999986 119 127
322.14299999999855 145 149
322.14299999999855 145 150
322.6439999999985 146 155
322.6439999999985 146 156
323.1449999999985 10 15
323.1449999999985 10 16
323.6459999999985 46 50
323.6459999999985 46 51
324.14699999999846 182 186
324.14699999999846 182 187
324.64799999999843 128 129
324.64799999999843 129 130
325.1489999999984 15 45
325.1489999999984 15 46
325.6499999999984 132 142
325.6499999999984 132 143
326.15099999999836 150 151
326.15099999999836 150 152
326.65199999999834 147 157
326.65199999999834 148 149
327.1529999999983 8 51
327.1529999999983 8 52
327.6539999999983 10 47
327.6539999999983 10 48
328.15499999999827 57 61
328.15499999999827 57 62
328.65599999999824 56 58
328.65599999999824 56 59
329.1569999999982 18 52
329.1569999999982 18 53
329.6579999999982 34 41
329.6579999999982 34 42
330.1589999999982 98 108
330.1589999999982 98 109
330.65999999999815 75 94
330.65999999999815 75 109
331.1609999999981 160 170
331.1609999999981 160 171
331.6619999999981 70 157
331.6619999999981 70 158
332.1629999999981 12 52
332.1629999999981 12 53
332.66399999999805 71 81
332.66399999999805 71 85
333.16499999999803 77 115
333.16499999999803 77 116
333.665999999998 56 62
333.665999999998 56 63
334.166999999998 56 60
334.166999999998 56 61
334.66799999999796 175 188
334.66799999999796 176 177
335.16899999999794 12 50
335.16899999999794 12 51
335.6699999999979 111 116
335.6699999999979 112 113
336.1709999999979 32 48
336.1709999999979 32 49
336.67199999999787 109 110
336.67199999999787 110 111
337.17299999999784 47 50
337.17299999999784 47 51
337.6739999999978 104 106
337.6739999999978 104 107
338.1749999999978 20 23
338.1749999999978 20 24
338.67599999999777 93 94
338.67599999999777 93 109
339.17699999999775 21 26
339.17699999999775 21 27
339.6779999999977 135 142
339.6779999999977 135 143
340.1789999999977 38 39
340.1789999999977 38 40
340.6799999999977 119 128
340.6799999999977 119 129
341.18099999999765 29 30
341.18099999999765 29 47
341.68199999999763 179 184
341.68199999999763 179 185
342.1829999999976 9 25
342.1829999999976 9 26
342.6839999999976 14 53
342.6839999999976 15 16
343.18499999999756 10 11
343.18499999999756 10 12
343.68599999999753 74 76
343.68599999999753 74 77
344.1869999999975 193 194
344.1869999999975 193 195
344.6879999999975 66 69
344.6879999999975 67 68
345.18899999999746 117 131
345.18899999999746 117 144
345.68999999999744 13 14
345.68999999999744 13 15
346.1909999999974 22 23
346.1909999999974 22 24
346.6919999999974 72 113
346.6919999999974 72 114
347.19299999999737 31 53
347.19299999999737 32 33
347.69399999999735 32 44
347.69399999999735 32 45
348.1949999999973 81 82
348.1949999999973 81 85
348.6959999999973 17 50
348.6959999999973 17 51
349.1969999999973 149 154
349.1969999999973 149 155
349.69799999999725 70 188
349.69799999999725 71 72
350.1989999999972 57 63
350.1989999999972 57 64
350.6999999999972 77 92
350.6999999999972 77 110
351.2009999999972 54 65
351.2009999999972 54 66
351.70199999999716 30 31
351.70199999999716 30 44
352.20299999999713 174 175
352.20299999999713 174 176
352.7039999999971 35 45
352.7039999999971 35 46
353.2049999999971 174 179
353.2049999999971 174 180
353.70599999999706 82 86
353.70599999999706 82 87
354.20699999999704 55 56
354.20699999999704 55 57
354.707999999997 91 92
354.707999999997 91 112
355.208999999997 102 105
355.208999999997 102 106
355.70999999999697 74 95
355.70999999999697 74 109
356.21099999999694 1 2
356.21099999999694 1 3
356.7119999999969 19 28
356.7119999999969 19 29
357.2129999999969 29 52
357.2129999999969 29 53
357.7139999999969 58 61
357.7139999999969 58 62
358.21499999999685 143 144
358.21499999999685 144 145
358.7159999999968 119 124
358.7159999999968 119 125
359.2169999999968 101 115
359.2169999999968 101 116
359.7179999999968 16 49
359.7179999999968 16 50
360.21899999999675 15 49
360.21899999999675 15 50
360.71999999999673 190 194
360.71999999999673 190 195
361.2209999999967 11 15
361.2209999999967 11 16
361.7219999999967 71 111
361.7219999999967 71 112
362.22299999999666 100 112
362.22299999999666 100 113
362.72399999999664 161 169
362.72399999999664 161 170
363.2249999999966 173 181
363.2249999999966 173 182
363.7259999999966 118 131
363.7259999999966 118 144
364.22699999999656 150 157
364.22699999999656 151 152
364.72799999999654 118 125
364.72799999999654 118 126
365.2289999999965 36 42
365.2289999999965 36 43
365.7299999999965 139 140
365.7299999999965 139 141
366.23099999999647 152 156
366.23099999999647 152 157
366.73199999999645 144 172
366.73199999999645 144 188
367.2329999999964 75 90
367.2329999999964 75 91
367.7339999999964 56 64
367.7339999999964 56 65
368.2349999999964 32 46
368.2349999999964 32 47
368.73599999999635 180 186
368.73599999999635 180 187
369.2369999999963 74 112
369.2369999999963 74 113
369.7379999999963 81 86
369.7379999999963 81 87
370.2389999999963 31 45
370.2389999999963 31 46
370.73999999999626 120 122
370.73999999999626 120 123
371.24099999999623 146 149
371.24099999999623 146 150
371.7419999999962 71 117
371.7419999999962 71 130
372.2429999999962 77 78
372.2429999999962 77 87
372.74399999999616 190 198
372.74399999999616 190 199
373.24499999999614 17 25
373.24499999999614 17 26
373.7459999999961 165 171
373.7459999999961 166 167
374.2469999999961 175 180
374.2469999999961 175 181
374.74799999999607 11 52
374.74799999999607 11 53
375.24899999999604 70 110
375.24899999999604 70 111
375.749999999996 19 24
375.749999999996 19 25
376.250999999996 70 78
376.250999999996 70 79
376.751999999996 73 79
376.751999999996 73 86
377.25299999999595 159 166
377.25299999999595 159 167
377.7539999999959 110 115
377.7539999999959 110 116
378.2549999999959 173 185
378.2549999999959 173 186
378.7559999999959 11 30
378.7559999999959 11 31
379.25699999999586 53 54
379.25699999999586 53 70
379.75799999999583 11 26
379.75799999999583 11 27
380.2589999999958 70 171
380.2589999999958 70 172
380.7599999999958 31 49
380.7599999999958 31 50
381.26099999999576 12 25
381.26099999999576 12 26
