0 115 175
0 115 176
0.501 81 97
0.501 81 98
1.0019999999999998 112 178
1.0019999999999998 112 179
1.5029999999999997 30 32
1.5029999999999997 31 32
2.0039999999999996 175 180
2.0039999999999996 175 181
2.5049999999999994 84 108
2.5049999999999994 84 109
3.0059999999999993 90 95
3.0059999999999993 90 96
3.5069999999999992 120 126
3.5069999999999992 120 127
4.008 80 98
4.008 80 99
4.509 109 110
4.509 109 111
5.010000000000001 7 78
5.010000000000001 8 9
5.511000000000001 189 192
5.511000000000001 189 193
6.012000000000001 176 180
6.012000000000001 176 181
6.513000000000002 153 155
6.513000000000002 153 156
7.014000000000002 158 159
7.014000000000002 158 182
7.515000000000002 114 174
7.515000000000002 114 175
8.016000000000002 92 93
8.016000000000002 92 94
8.517000000000001 116 159
8.517000000000001 116 160
9.018 159 160
9.018 159 173
9.519 132 181
9.519 132 182
10.02 9 19
10.02 9 20
10.520999999999999 49 61
10.520999999999999 49 62
11.021999999999998 113 118
11.021999999999998 113 119
11.522999999999998 163 182
11.522999999999998 163 183
12.023999999999997 24 34
12.023999999999997 25 26
12.524999999999997 11 20
12.524999999999997 12 13
13.025999999999996 117 179
13.025999999999996 117 180
13.526999999999996 164 174
13.526999999999996 164 180
14.027999999999995 79 110
14.027999999999995 79 111
14.528999999999995 81 101
14.528999999999995 81 102
15.029999999999994 118 181
15.029999999999994 118 182
15.530999999999993 48 57
15.530999999999993 48 58
16.031999999999993 114 146
16.031999999999993 114 156
16.532999999999994 54 60
16.532999999999994 54 61
17.033999999999995 133 140
17.033999999999995 133 141
17.534999999999997 146 159
17.534999999999997 146 174
18.035999999999998 125 126
18.035999999999998 125 127
18.537 3 6
18.537 4 5
19.038 166 170
19.038 166 171
19.539 146 157
19.539 146 158
20.040000000000003 136 144
20.040000000000003 137 138
20.541000000000004 115 160
20.541000000000004 115 172
21.042000000000005 78 104
21.042000000000005 78 105
21.543000000000006 123 130
21.543000000000006 124 125
22.044000000000008 87 105
22.044000000000008 87 106
22.54500000000001 85 98
22.54500000000001 85 99
23.04600000000001 193 194
23.04600000000001 194 195
23.54700000000001 130 131
23.54700000000001 131 132
24.048000000000012 133 142
24.048000000000012 133 143
24.549000000000014 81 83
24.549000000000014 81 84
25.050000000000015 78 100
25.050000000000015 78 101
25.551000000000016 65 77
25.551000000000016 65 78
26.052000000000017 118 131
26.052000000000017 118 143
26.55300000000002 150 158
26.55300000000002 151 152
27.05400000000002 132 185
27.05400000000002 133 134
27.55500000000002 150 152
27.55500000000002 150 153
28.056000000000022 78 106
28.056000000000022 78 107
28.557000000000023 35 38
28.557000000000023 35 39
29.058000000000025 119 130
29.058000000000025 119 131
29.559000000000026 114 178
29.559000000000026 114 179
30.060000000000027 59 60
30.060000000000027 60 61
30.56100000000003 69 73
30.56100000000003 69 74
31.06200000000003 24 32
31.06200000000003 24 33
31.56300000000003 23 32
31.56300000000003 23 33
32.06400000000003 48 61
32.06400000000003 48 62
32.565000000000026 22 23
32.565000000000026 22 24
33.066000000000024 68 74
33.066000000000024 68 75
33.56700000000002 185 191
33.56700000000002 185 192
34.06800000000002 23 28
34.06800000000002 23 29
34.56900000000002 34 48
34.56900000000002 34 62
35.070000000000014 144 182
35.070000000000014 144 183
35.57100000000001 19 20
35.57100000000001 20 21
36.07200000000001 11 16
36.07200000000001 11 17
36.57300000000001 179 184
36.57300000000001 180 181
37.074000000000005 149 183
37.074000000000005 149 184
37.575 152 156
37.575 153 154
38.076 76 77
38.076 77 78
38.577 101 111
38.577 101 112
39.077999999999996 118 175
39.077999999999996 118 176
39.57899999999999 25 31
39.57899999999999 25 32
40.07999999999999 112 172
40.07999999999999 112 173
40.58099999999999 162 172
40.58099999999999 162 173
41.08199999999999 180 182
41.08199999999999 180 183
41.582999999999984 145 175
41.582999999999984 145 176
42.08399999999998 41 46
42.08399999999998 41 47
42.58499999999998 102 103
42.58499999999998 102 104
43.08599999999998 163 178
43.08599999999998 163 179
43.586999999999975 170 171
43.586999999999975 171 172
44.08799999999997 164 168
44.08799999999997 164 169
44.58899999999997 145 179
44.58899999999997 145 180
45.08999999999997 117 175
45.08999999999997 117 176
45.590999999999966 133 180
45.590999999999966 133 181
46.09199999999996 81 95
46.09199999999996 81 96
46.59299999999996 87 95
46.59299999999996 87 96
47.09399999999996 191 192
47.09399999999996 192 193
47.594999999999956 131 182
47.594999999999956 131 183
48.095999999999954 120 180
48.095999999999954 120 181
48.59699999999995 113 174
48.59699999999995 113 175
49.09799999999995 79 98
49.09799999999995 79 99
49.59899999999995 132 144
49.59899999999995 132 145
50.099999999999945 9 11
50.099999999999945 9 12
50.60099999999994 103 112
50.60099999999994 104 105
51.10199999999994 134 144
51.10199999999994 134 182
51.60299999999994 38 41
51.60299999999994 38 42
52.103999999999935 50 61
52.103999999999935 50 62
52.60499999999993 23 30
52.60499999999993 23 31
53.10599999999993 70 77
53.10599999999993 70 78
53.60699999999993 124 128
53.60699999999993 124 129
54.107999999999926 132 183
54.107999999999926 132 184
54.608999999999924 80 82
54.608999999999924 80 83
55.10999999999992 114 119
55.10999999999992 114 120
55.61099999999992 122 123
55.61099999999992 122 124
56.11199999999992 93 95
56.11199999999992 93 96
56.612999999999914 162 184
56.612999999999914 163 164
57.11399999999991 44 45
57.11399999999991 44 46
57.61499999999991 35 40
57.61499999999991 35 41
58.11599999999991 23 24
58.11599999999991 23 25
58.616999999999905 102 107
58.616999999999905 102 108
59.1179999999999 83 109
59.1179999999999 83 110
59.6189999999999 114 172
59.6189999999999 114 173
60.1199999999999 118 185
60.1199999999999 119 120
60.620999999999896 87 101
60.620999999999896 87 104
61.12199999999989 21 29
61.12199999999989 21 30
61.62299999999989 197 199
61.62299999999989 198 199
62.12399999999989 142 143
62.12399999999989 143 144
62.624999999999886 154 155
62.624999999999886 155 156
63.125999999999884 55 58
63.125999999999884 55 59
63.62699999999988 86 102
63.62699999999988 86 103
64.12799999999989 113 120
64.12799999999989 113 121
64.62899999999989 64 76
64.62899999999989 64 77
65.1299999999999 88 99
65.1299999999999 88 100
65.6309999999999 78 98
65.6309999999999 78 99
66.1319999999999 25 27
66.1319999999999 25 28
66.63299999999991 29 33
66.63299999999991 30 31
67.13399999999992 188 189
67.13399999999992 188 190
67.63499999999992 40 42
67.63499999999992 40 43
68.13599999999992 65 69
68.13599999999992 65 70
68.63699999999993 115 177
68.63699999999993 115 178
69.13799999999993 80 108
69.13799999999993 80 109
69.63899999999994 56 61
69.63899999999994 57 58
70.13999999999994 12 16
70.13999999999994 12 17
70.64099999999995 100 112
70.64099999999995 101 102
71.14199999999995 83 107
71.14199999999995 83 108
71.64299999999996 56 59
71.64299999999996 56 60
72.14399999999996 72 73
72.14399999999996 72 74
72.64499999999997 49 55
72.64499999999997 49 56
73.14599999999997 132 179
73.14599999999997 132 180
73.64699999999998 112 133
73.64699999999998 112 140
74.14799999999998 133 184
74.14799999999998 133 185
74.64899999999999 90 111
74.64899999999999 90 112
75.14999999999999 66 73
75.14999999999999 66 74
75.651 118 179
75.651 118 180
76.152 8 20
76.152 8 21
76.653 58 60
76.653 58 61
77.15400000000001 117 183
77.15400000000001 117 184
77.65500000000002 182 183
77.65500000000002 183 184
78.15600000000002 34 35
78.15600000000002 34 43
78.65700000000002 78 112
78.65700000000002 79 80
79.15800000000003 52 54
79.15800000000003 52 55
79.65900000000003 150 154
79.65900000000003 150 155
80.16000000000004 112 184
80.16000000000004 112 185
80.66100000000004 175 178
80.66100000000004 175 179
81.16200000000005 144 145
81.16200000000005 144 181
81.66300000000005 11 12
81.66300000000005 11 13
82.16400000000006 72 77
82.16400000000006 73 74
82.66500000000006 113 161
82.66500000000006 113 171
83.16600000000007 121 130
83.16600000000007 121 131
83.66700000000007 148 155
83.66700000000007 148 156
84.16800000000008 121 184
84.16800000000008 121 185
84.66900000000008 104 110
84.66900000000008 104 111
85.17000000000009 23 34
85.17000000000009 24 25
85.67100000000009 79 104
85.67100000000009 79 105
86.1720000000001 163 173
86.1720000000001 163 174
86.6730000000001 92 97
86.6730000000001 93 94
87.1740000000001 80 104
87.1740000000001 80 105
87.67500000000011 118 144
87.67500000000011 118 145
88.17600000000012 103 106
88.17600000000012 103 107
88.67700000000012 53 61
88.67700000000012 54 55
89.17800000000013 68 76
89.17800000000013 68 77
89.67900000000013 91 92
89.67900000000013 91 93
90.18000000000013 159 180
90.18000000000013 159 181
90.68100000000014 79 112
90.68100000000014 80 81
91.18200000000014 82 106
91.18200000000014 82 107
91.68300000000015 113 182
91.68300000000015 113 183
92.18400000000015 178 183
92.18400000000015 178 184
92.68500000000016 12 18
92.68500000000016 12 19
93.18600000000016 180 184
93.18600000000016 181 182
93.68700000000017 119 179
93.68700000000017 119 180
94.18800000000017 147 184
94.18800000000017 147 185
94.68900000000018 167 169
94.68900000000018 167 170
95.19000000000018 108 110
95.19000000000018 108 111
95.69100000000019 151 157
95.69100000000019 152 153
96.19200000000019 178 179
96.19200000000019 178 180
96.6930000000002 112 176
96.6930000000002 112 177
97.1940000000002 112 143
97.1940000000002 112 144
97.6950000000002 122 125
97.6950000000002 122 126
98.19600000000021 49 57
98.19600000000021 49 58
98.69700000000022 22 31
98.69700000000022 22 32
99.19800000000022 114 121
99.19800000000022 114 122
99.69900000000023 107 109
99.69900000000023 107 110
100.20000000000023 123 128
100.20000000000023 123 129
100.70100000000023 99 111
100.70100000000023 99 112
101.20200000000024 116 179
101.20200000000024 116 180
101.70300000000024 117 119
101.70300000000024 117 126
102.20400000000025 119 128
102.20400000000025 119 129
102.70500000000025 119 175
102.70500000000025 119 176
103.20600000000026 186 191
103.20600000000026 186 192
103.70700000000026 25 33
103.70700000000026 26 27
104.20800000000027 24 30
104.20800000000027 24 31
104.70900000000027 66 77
104.70900000000027 66 78
105.21000000000028 90 99
105.21000000000028 90 110
105.71100000000028 83 97
105.71100000000028 83 98
106.21200000000029 27 28
106.21200000000029 27 29
106.71300000000029 12 14
106.71300000000029 12 15
107.2140000000003 82 85
107.2140000000003 82 86
107.7150000000003 34 46
107.7150000000003 34 47
108.2160000000003 79 106
108.2160000000003 79 107
108.71700000000031 137 139
108.71700000000031 137 140
109.21800000000032 81 109
109.21800000000032 81 110
109.71900000000032 98 99
109.71900000000032 98 110
110.22000000000033 117 157
110.22000000000033 117 158
110.72100000000033 117 131
110.72100000000033 117 143
111.22200000000034 80 110
111.22200000000034 80 111
111.72300000000034 67 72
111.72300000000034 67 73
112.22400000000034 120 128
112.22400000000034 120 129
112.72500000000035 100 101
112.72500000000035 100 105
113.22600000000035 160 171
113.22600000000035 160 172
113.72700000000036 35 44
113.72700000000036 35 45
114.22800000000036 98 111
114.22800000000036 98 112
114.72900000000037 179 180
114.72900000000037 179 181
115.23000000000037 160 173
115.23000000000037 160 174
115.73100000000038 68 78
115.73100000000038 69 70
116.23200000000038 160 181
116.23200000000038 160 182
116.73300000000039 50 59
116.73300000000039 50 60
117.23400000000039 88 110
117.23400000000039 88 111
117.7350000000004 83 85
117.7350000000004 83 86
118.2360000000004 86 112
118.2360000000004 87 88
118.7370000000004 51 62
118.7370000000004 52 53
119.23800000000041 115 144
119.23800000000041 115 145
119.73900000000042 64 70
119.73900000000042 64 71
120.24000000000042 42 47
120.24000000000042 43 44
120.74100000000043 115 116
120.74100000000043 115 117
121.24200000000043 69 71
121.24200000000043 69 72
121.74300000000044 53 59
121.74300000000044 53 60
122.24400000000044 112 157
122.24400000000044 112 158
122.74500000000045 174 181
122.74500000000045 174 182
123.24600000000045 128 129
123.24600000000045 129 130
123.74700000000045 81 99
123.74700000000045 81 100
124.24800000000046 112 121
124.24800000000046 112 122
124.74900000000046 147 158
124.74900000000046 147 159
125.25000000000047 2 3
125.25000000000047 2 4
125.75100000000047 146 175
125.75100000000047 146 176
126.25200000000048 89 112
126.25200000000048 90 91
126.75300000000048 100 110
126.75300000000048 100 111
127.25400000000049 115 158
127.25400000000049 115 159
127.75500000000049 105 106
127.75500000000049 105 107
128.2560000000005 86 98
128.2560000000005 86 99
128.75700000000052 40 46
128.75700000000052 40 47
129.25800000000052 160 177
129.25800000000052 160 178
129.75900000000053 115 173
129.75900000000053 115 174
130.26000000000053 114 129
130.26000000000053 114 130
130.76100000000054 161 184
130.76100000000054 162 163
131.26200000000054 118 173
131.26200000000054 118 174
131.76300000000055 80 102
131.76300000000055 80 103
132.26400000000055 126 128
132.26400000000055 127 128
132.76500000000055 164 181
132.76500000000055 164 182
133.26600000000056 186 189
133.26600000000056 186 190
133.76700000000056 65 75
133.76700000000056 65 76
134.26800000000057 52 56
134.26800000000057 52 57
134.76900000000057 28 33
134.76900000000057 29 30
135.27000000000058 195 196
135.27000000000058 195 199
135.77100000000058 115 142
135.77100000000058 115 143
136.2720000000006 61 62
136.2720000000006 62 63
136.7730000000006 151 155
136.7730000000006 151 156
137.2740000000006 114 176
137.2740000000006 114 177
137.7750000000006 62 78
137.7750000000006 63 64
138.2760000000006 160 179
138.2760000000006 160 180
138.7770000000006 119 183
138.7770000000006 119 184
139.27800000000062 187 194
139.27800000000062 187 195
139.77900000000062 119 177
139.77900000000062 119 178
140.28000000000063 112 141
140.28000000000063 112 142
140.78100000000063 37 42
140.78100000000063 37 43
141.28200000000064 115 183
141.28200000000064 115 184
141.78300000000064 106 111
141.78300000000064 107 108
142.28400000000065 116 118
142.28400000000065 116 119
142.78500000000065 87 109
142.78500000000065 87 110
143.28600000000066 102 111
143.28600000000066 102 112
143.78700000000066 68 70
143.78700000000066 68 71
144.28800000000066 83 87
144.28800000000066 83 96
144.78900000000067 112 127
144.78900000000067 112 128
145.29000000000067 67 68
145.29000000000067 67 69
145.79100000000068 112 159
145.79100000000068 112 160
146.29200000000068 57 61
146.29200000000068 58 59
146.7930000000007 115 181
146.7930000000007 115 182
147.2940000000007 161 162
147.2940000000007 161 171
147.7950000000007 87 107
147.7950000000007 87 108
148.2960000000007 107 111
148.2960000000007 108 109
148.7970000000007 36 40
148.7970000000007 36 41
149.2980000000007 161 178
149.2980000000007 161 179
149.79900000000072 131 178
149.79900000000072 131 179
150.30000000000072 65 71
150.30000000000072 65 72
150.80100000000073 112 129
150.80100000000073 112 130
151.30200000000073 89 94
151.30200000000073 89 95
151.80300000000074 148 184
151.80300000000074 148 185
152.30400000000074 149 185
152.30400000000074 150 151
152.80500000000075 67 74
152.80500000000075 67 75
153.30600000000075 26 32
153.30600000000075 26 33
153.80700000000076 84 112
153.80700000000076 85 86
154.30800000000076 136 140
154.30800000000076 136 141
154.80900000000076 43 45
154.80900000000076 43 46
155.31000000000077 85 108
155.31000000000077 85 109
155.81100000000077 50 55
155.81100000000077 50 56
156.31200000000078 189 190
156.31200000000078 189 191
156.81300000000078 14 19
156.81300000000078 14 20
157.3140000000008 82 87
157.3140000000008 82 95
157.8150000000008 187 188
157.8150000000008 187 189
158.3160000000008 188 193
158.3160000000008 188 194
158.8170000000008 115 131
158.8170000000008 115 132
159.3180000000008 168 169
159.3180000000008 168 170
159.8190000000008 105 108
159.8190000000008 105 109
160.32000000000082 79 84
160.32000000000082 79 85
160.82100000000082 62 72
160.82100000000082 62 73
161.32200000000083 88 97
161.32200000000083 88 98
161.82300000000083 175 184
161.82300000000083 176 177
162.32400000000084 49 51
162.32400000000084 49 52
162.82500000000084 37 40
162.82500000000084 37 41
163.32600000000085 40 44
163.32600000000085 40 45
163.82700000000085 82 104
163.82700000000085 82 105
164.32800000000086 123 126
164.32800000000086 123 127
164.82900000000086 0 1
164.82900000000086 0 5
165.33000000000087 146 177
165.33000000000087 146 178
165.83100000000087 118 158
165.83100000000087 118 159
166.33200000000087 36 46
166.33200000000087 36 47
166.83300000000088 135 142
166.83300000000088 135 143
167.33400000000088 86 96
167.33400000000088 86 97
167.8350000000009 16 17
167.8350000000009 16 18
168.3360000000009 101 105
168.3360000000009 101 106
168.8370000000009 70 73
168.8370000000009 70 74
169.3380000000009 159 182
169.3380000000009 159 183
169.8390000000009 116 181
169.8390000000009 116 182
170.3400000000009 144 184
170.3400000000009 144 185
170.84100000000092 117 159
170.84100000000092 117 160
171.34200000000092 175 182
171.34200000000092 175 183
171.84300000000093 80 94
171.84300000000093 80 95
172.34400000000093 80 100
172.34400000000093 80 101
172.84500000000094 84 104
172.84500000000094 84 105
173.34600000000094 185 193
173.34600000000094 185 194
173.84700000000095 13 15
173.84700000000095 13 16
174.34800000000095 158 183
174.34800000000095 158 184
174.84900000000096 8 18
174.84900000000096 8 19
175.35000000000096 173 184
175.35000000000096 174 175
175.85100000000097 156 157
175.85100000000097 157 158
176.35200000000097 148 159
176.35200000000097 148 181
176.85300000000097 78 96
176.85300000000097 78 97
177.35400000000098 150 156
177.35400000000098 150 157
177.85500000000098 145 181
177.85500000000098 145 182
178.356000000001 9 17
178.356000000001 9 18
178.857000000001 38 43
178.857000000001 38 44
179.358000000001 42 43
179.358000000001 42 44
179.859000000001 105 110
179.859000000001 105 111
180.360000000001 116 173
180.360000000001 116 174
180.861000000001 117 177
180.861000000001 117 178
181.36200000000102 39 41
181.36200000000102 39 42
181.86300000000102 121 122
181.86300000000102 121 125
182.36400000000103 113 180
182.36400000000103 113 181
182.86500000000103 36 44
182.86500000000103 36 45
183.36600000000104 47 48
183.36600000000104 48 49
183.86700000000104 69 77
183.86700000000104 69 78
184.36800000000105 113 142
184.36800000000105 113 143
184.86900000000105 48 55
184.86900000000105 48 56
185.37000000000106 112 161
185.37000000000106 112 171
185.87100000000106 146 181
185.87100000000106 146 182
186.37200000000107 149 150
186.37200000000107 149 152
186.87300000000107 21 62
186.87300000000107 21 78
187.37400000000108 34 44
187.37400000000108 34 45
187.87500000000108 148 182
187.87500000000108 148 183
188.37600000000108 82 108
188.37600000000108 82 109
188.8770000000011 85 112
188.8770000000011 86 87
189.3780000000011 119 185
189.3780000000011 120 121
189.8790000000011 70 71
189.8790000000011 70 72
190.3800000000011 82 96
190.3800000000011 82 97
190.8810000000011 55 56
190.8810000000011 55 57
191.3820000000011 88 108
191.3820000000011 88 109
191.88300000000112 8 16
191.88300000000112 8 17
192.38400000000112 1 5
192.38400000000112 1 6
192.88500000000113 27 32
192.88500000000113 27 33
193.38600000000113 84 110
193.38600000000113 84 111
193.88700000000114 179 182
193.88700000000114 179 183
194.38800000000114 145 177
194.38800000000114 145 178
194.88900000000115 146 185
194.88900000000115 147 148
195.39000000000115 163 180
195.39000000000115 163 181
195.89100000000116 82 110
195.89100000000116 82 111
196.39200000000116 135 144
196.39200000000116 135 184
196.89300000000117 49 59
196.89300000000117 49 60
197.39400000000117 116 175
197.39400000000117 116 176
197.89500000000118 92 95
197.89500000000118 92 96
198.39600000000118 54 58
198.39600000000118 54 59
198.89700000000119 172 173
198.89700000000119 173 174
199.3980000000012 83 105
199.3980000000012 83 106
199.8990000000012 161 180
199.8990000000012 161 181
200.4000000000012 12 20
200.4000000000012 13 14
200.9010000000012 82 112
200.9010000000012 83 84
201.4020000000012 125 128
201.4020000000012 126 127
201.9030000000012 50 53
201.9030000000012 50 54
202.40400000000122 73 77
202.40400000000122 74 75
202.90500000000122 87 97
202.90500000000122 87 98
203.40600000000123 9 15
203.40600000000123 9 16
203.90700000000123 81 87
203.90700000000123 81 88
204.40800000000124 86 108
204.40800000000124 86 109
204.90900000000124 72 75
204.90900000000124 72 76
205.41000000000125 145 185
205.41000000000125 146 147
205.91100000000125 186 193
205.91100000000125 186 194
206.41200000000126 166 172
206.41200000000126 166 173
206.91300000000126 63 68
206.91300000000126 63 69
207.41400000000127 64 74
207.41400000000127 64 75
207.91500000000127 147 156
207.91500000000127 147 157
208.41600000000128 37 44
208.41600000000128 37 45
208.91700000000128 51 58
208.91700000000128 51 59
209.41800000000129 80 86
209.41800000000129 80 87
209.9190000000013 100 108
209.9190000000013 100 109
210.4200000000013 112 125
210.4200000000013 112 126
210.9210000000013 3 4
210.9210000000013 3 5
211.4220000000013 79 102
211.4220000000013 79 103
211.9230000000013 134 183
211.9230000000013 134 184
212.4240000000013 73 75
212.4240000000013 73 76
212.92500000000132 16 19
212.92500000000132 17 18
213.42600000000132 50 51
213.42600000000132 50 52
213.92700000000133 32 33
213.92700000000133 33 34
214.42800000000133 38 39
214.42800000000133 38 40
214.92900000000134 165 184
214.92900000000134 166 167
215.43000000000134 159 176
215.43000000000134 159 177
215.93100000000135 165 168
215.93100000000135 165 169
216.43200000000135 7 34
216.43200000000135 7 62
216.93300000000136 115 185
216.93300000000136 116 117
217.43400000000136 35 42
217.43400000000136 35 43
217.93500000000137 86 104
217.93500000000137 86 105
218.43600000000137 2 5
218.43600000000137 2 6
218.93700000000138 63 74
218.93700000000138 63 75
219.43800000000138 10 15
219.43800000000138 10 16
219.93900000000139 26 30
219.93900000000139 26 31
220.4400000000014 118 183
220.4400000000014 118 184
220.9410000000014 196 199
220.9410000000014 197 198
221.4420000000014 39 47
221.4420000000014 40 41
221.9430000000014 165 166
221.9430000000014 165 167
222.4440000000014 78 110
222.4440000000014 78 111
222.94500000000141 174 179
222.94500000000141 174 180
223.44600000000142 84 96
223.44600000000142 84 97
223.94700000000142 161 176
223.94700000000142 161 177
224.44800000000143 114 184
224.44800000000143 114 185
224.94900000000143 123 124
224.94900000000143 123 125
225.45000000000144 117 181
225.45000000000144 117 182
225.95100000000144 85 110
225.95100000000144 85 111
226.45200000000145 110 111
226.45200000000145 111 112
226.95300000000145 91 98
226.95300000000145 91 112
227.45400000000146 22 25
227.45400000000146 22 26
227.95500000000146 36 42
227.95500000000146 36 43
228.45600000000147 161 172
228.45600000000147 161 173
228.95700000000147 68 72
228.95700000000147 68 73
229.45800000000148 122 127
229.45800000000148 122 128
229.95900000000148 80 106
229.95900000000148 80 107
230.4600000000015 103 104
230.4600000000015 103 105
230.9610000000015 82 102
230.9610000000015 82 103
231.4620000000015 85 106
231.4620000000015 85 107
231.9630000000015 131 176
231.9630000000015 131 177
232.4640000000015 132 142
232.4640000000015 132 143
232.9650000000015 132 133
232.9650000000015 132 141
233.46600000000151 10 11
233.46600000000151 10 12
233.96700000000152 177 179
233.96700000000152 177 180
234.46800000000152 83 103
234.46800000000152 83 104
234.96900000000153 162 182
234.96900000000153 162 183
235.47000000000153 8 14
235.47000000000153 8 15
235.97100000000154 146 155
235.97100000000154 146 156
236.47200000000154 166 168
236.47200000000154 166 169
236.97300000000155 99 100
236.97300000000155 99 108
237.47400000000155 121 128
237.47400000000155 121 129
237.97500000000156 161 174
237.97500000000156 161 175
238.47600000000156 115 156
238.47600000000156 115 157
238.97700000000157 112 123
238.97700000000157 112 124
239.47800000000157 113 130
239.47800000000157 113 131
239.97900000000158 45 46
239.97900000000158 46 47
240.48000000000158 113 132
240.48000000000158 113 133
240.9810000000016 114 133
240.9810000000016 114 141
241.4820000000016 187 190
241.4820000000016 187 191
241.9830000000016 138 140
241.9830000000016 138 141
242.4840000000016 83 99
242.4840000000016 83 100
242.9850000000016 131 143
242.9850000000016 131 144
243.4860000000016 131 184
243.4860000000016 131 185
243.98700000000161 103 108
243.98700000000161 103 109
244.48800000000162 112 113
244.48800000000162 112 120
244.98900000000162 22 27
244.98900000000162 22 28
245.49000000000163 132 175
245.49000000000163 132 176
245.99100000000163 114 180
245.99100000000163 114 181
246.49200000000164 162 170
246.49200000000164 162 171
246.99300000000164 63 70
246.99300000000164 63 71
247.49400000000165 114 159
247.49400000000165 114 160
247.99500000000165 80 88
247.99500000000165 80 89
248.49600000000166 149 155
248.49600000000166 149 156
248.99700000000166 80 96
248.99700000000166 80 97
249.49800000000167 84 85
249.49800000000167 84 86
249.99900000000167 21 27
249.99900000000167 21 28
250.50000000000168 102 105
250.50000000000168 102 106
251.00100000000168 119 181
251.00100000000168 119 182
251.5020000000017 115 125
251.5020000000017 115 126
252.0030000000017 81 107
252.0030000000017 81 108
252.5040000000017 86 106
252.5040000000017 86 107
253.0050000000017 115 127
253.0050000000017 115 128
253.5060000000017 114 157
253.5060000000017 114 158
254.0070000000017 113 184
254.0070000000017 113 185
254.50800000000172 177 181
254.50800000000172 177 182
255.00900000000172 145 146
255.00900000000172 145 156
255.51000000000172 159 174
255.51000000000172 159 175
256.0110000000017 81 105
256.0110000000017 81 106
256.51200000000165 178 181
256.51200000000165 178 182
257.0130000000016 134 142
257.0130000000016 134 143
257.5140000000016 51 60
257.5140000000016 51 61
258.0150000000016 1 3
258.0150000000016 1 4
258.51600000000155 113 178
258.51600000000155 113 179
259.01700000000153 57 59
259.01700000000153 57 60
259.5180000000015 115 120
259.5180000000015 115 121
260.0190000000015 176 184
260.0190000000015 177 178
260.52000000000146 133 144
260.52000000000146 133 145
261.02100000000144 168 171
261.02100000000144 169 170
261.5220000000014 52 60
261.5220000000014 52 61
262.0230000000014 163 175
262.0230000000014 163 177
262.52400000000137 173 182
262.52400000000137 173 183
263.02500000000134 66 67
263.02500000000134 66 68
263.5260000000013 83 101
263.5260000000013 83 102
264.0270000000013 53 57
264.0270000000013 53 58
264.52800000000127 41 44
264.52800000000127 41 45
265.02900000000125 132 159
265.02900000000125 132 174
265.5300000000012 133 178
265.5300000000012 133 179
266.0310000000012 28 29
266.0310000000012 28 30
266.5320000000012 147 180
266.5320000000012 147 181
267.03300000000115 52 62
267.03300000000115 53 54
267.53400000000113 119 126
267.53400000000113 119 127
268.0350000000011 118 177
268.0350000000011 118 178
268.5360000000011 114 131
268.5360000000011 114 132
269.03700000000106 132 177
269.03700000000106 132 178
269.53800000000103 118 129
269.53800000000103 118 130
270.039000000001 82 98
270.039000000001 82 99
270.540000000001 11 14
270.540000000001 11 15
271.04100000000096 37 46
271.04100000000096 37 47
271.54200000000094 10 17
271.54200000000094 10 18
272.0430000000009 63 66
272.0430000000009 63 67
272.5440000000009 80 112
272.5440000000009 81 82
273.04500000000087 63 72
273.04500000000087 63 73
273.54600000000084 166 184
273.54600000000084 167 168
274.0470000000008 112 174
274.0470000000008 112 175
274.5480000000008 115 129
274.5480000000008 115 130
275.0490000000008 69 75
275.0490000000008 69 76
275.55000000000075 82 83
275.55000000000075 82 84
276.0510000000007 9 13
276.0510000000007 9 14
276.5520000000007 113 146
276.5520000000007 113 156
277.0530000000007 75 76
277.0530000000007 75 77
277.55400000000066 14 15
277.55400000000066 14 16
278.05500000000063 116 144
278.05500000000063 116 145
278.5560000000006 62 76
278.5560000000006 62 77
279.0570000000006 121 126
279.0570000000006 121 127
279.55800000000056 160 183
279.55800000000056 160 184
280.05900000000054 131 180
280.05900000000054 131 181
280.5600000000005 90 93
280.5600000000005 90 94
281.0610000000005 113 122
281.0610000000005 113 123
281.56200000000047 159 184
281.56200000000047 160 161
282.06300000000044 89 108
282.06300000000044 89 109
282.5640000000004 85 104
282.5640000000004 85 105
283.0650000000004 88 89
283.0650000000004 88 94
283.5660000000004 66 69
283.5660000000004 66 70
284.06700000000035 38 47
284.06700000000035 39 40
284.5680000000003 101 107
284.5680000000003 101 108
285.0690000000003 29 31
285.0690000000003 29 32
285.5700000000003 159 178
285.5700000000003 159 179
286.07100000000025 112 145
286.07100000000025 112 146
286.57200000000023 115 118
286.57200000000023 115 119
287.0730000000002 22 29
287.0730000000002 22 30
287.5740000000002 88 95
287.5740000000002 88 96
288.07500000000016 7 8
288.07500000000016 7 19
288.57600000000014 78 102
288.57600000000014 78 103
289.0770000000001 51 56
289.0770000000001 51 57
289.5780000000001 136 138
289.5780000000001 136 139
290.07900000000006 67 78
290.07900000000006 68 69
290.58000000000004 133 182
290.58000000000004 133 183
291.081 81 103
291.081 81 104
291.582 165 182
291.582 165 183
292.08299999999997 165 172
292.08299999999997 165 173
292.58399999999995 162 174
292.58399999999995 162 175
293.0849999999999 134 140
293.0849999999999 134 141
293.5859999999999 119 158
293.5859999999999 119 159
294.0869999999999 81 111
294.0869999999999 81 112
294.58799999999985 79 82
294.58799999999985 79 83
295.0889999999998 122 129
295.0889999999998 122 130
295.5899999999998 162 176
295.5899999999998 162 177
296.0909999999998 165 170
296.0909999999998 165 171
296.59199999999976 101 109
296.59199999999976 101 110
297.09299999999973 78 108
297.09299999999973 78 109
297.5939999999997 117 185
297.5939999999997 118 119
298.0949999999997 116 120
298.0949999999997 116 126
298.59599999999966 112 155
298.59599999999966 112 156
299.09699999999964 39 43
299.09699999999964 39 44
299.5979999999996 74 76
299.5979999999996 74 77
300.0989999999996 67 70
300.0989999999996 67 71
300.59999999999957 112 180
300.59999999999957 112 181
301.10099999999954 119 144
301.10099999999954 119 145
301.6019999999995 79 100
301.6019999999995 79 101
302.1029999999995 103 110
302.1029999999995 103 111
302.6039999999995 114 144
302.6039999999995 114 145
303.10499999999945 13 19
303.10499999999945 13 20
303.6059999999994 114 142
303.6059999999994 114 143
304.1069999999994 20 78
304.1069999999994 21 22
304.6079999999994 145 157
304.6079999999994 145 158
305.10899999999936 24 28
305.10899999999936 24 29
305.60999999999933 71 76
305.60999999999933 71 77
306.1109999999993 66 71
306.1109999999993 66 72
306.6119999999993 48 59
306.6119999999993 48 60
307.11299999999926 70 75
307.11299999999926 70 76
307.61399999999924 38 45
307.61399999999924 38 46
308.1149999999992 99 109
308.1149999999992 99 110
308.6159999999992 104 106
308.6159999999992 104 107
309.11699999999917 86 110
309.11699999999917 86 111
309.61799999999914 148 157
309.61799999999914 148 158
310.1189999999991 176 178
310.1189999999991 176 179
310.6199999999991 116 142
310.6199999999991 116 143
311.12099999999907 135 140
311.12099999999907 135 141
311.62199999999905 175 176
311.62199999999905 175 177
312.122999999999 113 159
312.122999999999 113 160
312.623999999999 131 145
312.623999999999 131 159
313.124999999999 102 109
313.124999999999 102 110
313.62599999999895 149 153
313.62599999999895 149 154
314.12699999999893 188 191
314.12699999999893 188 192
314.6279999999989 10 19
314.6279999999989 10 20
315.1289999999989 35 48
315.1289999999989 36 37
315.62999999999886 114 127
315.62999999999886 114 128
316.13099999999883 151 153
316.13099999999883 151 154
316.6319999999988 176 182
316.6319999999988 176 183
317.1329999999988 137 141
317.1329999999988 137 142
317.63399999999876 131 174
317.63399999999876 131 175
318.13499999999874 164 170
318.13499999999874 164 171
318.6359999999987 134 185
318.6359999999987 135 136
319.1369999999987 184 185
319.1369999999987 185 186
319.63799999999867 81 85
319.63799999999867 81 86
320.13899999999865 15 16
320.13899999999865 15 17
320.6399999999986 112 131
320.6399999999986 112 132
321.1409999999986 137 143
321.1409999999986 138 139
321.6419999999986 113 126
321.6419999999986 113 127
322.14299999999855 114 125
322.14299999999855 114 126
322.6439999999985 174 183
322.6439999999985 174 184
323.1449999999985 5 6
323.1449999999985 6 7
323.6459999999985 106 109
323.6459999999985 106 110
324.14699999999846 104 108
324.14699999999846 104 109
324.64799999999843 160 175
324.64799999999843 160 176
325.1489999999984 25 29
325.1489999999984 25 30
325.6499999999984 113 172
325.6499999999984 113 173
326.15099999999836 134 135
326.15099999999836 134 139
326.65199999999834 0 6
326.65199999999834 1 2
327.1529999999983 190 191
327.1529999999983 190 192
327.6539999999983 8 78
327.6539999999983 9 10
328.15499999999827 113 124
328.15499999999827 113 125
328.65599999999824 26 28
328.65599999999824 26 29
329.1569999999982 101 103
329.1569999999982 101 104
329.6579999999982 96 97
329.6579999999982 97 98
330.1589999999982 48 78
330.1589999999982 49 50
330.65999999999815 140 141
330.65999999999815 141 142
331.1609999999981 106 107
331.1609999999981 106 108
331.6619999999981 135 138
331.6619999999981 135 139
332.1629999999981 116 185
332.1629999999981 117 118
332.66399999999805 79 108
332.66399999999805 79 109
333.16499999999803 89 98
333.16499999999803 89 99
333.665999999998 115 179
333.665999999998 115 180
334.166999999998 116 131
334.166999999998 116 132
334.66799999999796 54 56
334.66799999999796 54 57
335.16899999999794 49 53
335.16899999999794 49 54
335.6699999999979 84 98
335.6699999999979 84 99
336.1709999999979 64 68
336.1709999999979 64 69
336.67199999999787 120 130
336.67199999999787 120 131
337.17299999999784 71 72
337.17299999999784 71 73
337.6739999999978 37 38
337.6739999999978 37 39
338.1749999999978 80 84
338.1749999999978 80 85
338.67599999999777 163 184
338.67599999999777 164 165
339.17699999999775 91 94
339.17699999999775 91 95
339.6779999999977 185 195
339.6779999999977 185 199
340.1789999999977 161 182
340.1789999999977 161 183
340.6799999999977 145 159
340.6799999999977 145 174
341.18099999999765 87 99
341.18099999999765 87 100
341.68199999999763 63 78
341.68199999999763 64 65
342.1829999999976 120 182
342.1829999999976 120 183
342.6839999999976 28 31
342.6839999999976 28 32
343.18499999999756 167 171
343.18499999999756 167 172
343.68599999999753 118 127
343.68599999999753 118 128
344.1869999999975 67 76
344.1869999999975 67 77
344.6879999999975 53 55
344.6879999999975 53 56
345.18899999999746 42 45
345.18899999999746 42 46
345.68999999999744 79 96
345.68999999999744 79 97
346.1909999999974 88 112
346.1909999999974 89 90
346.6919999999974 83 111
346.6919999999974 83 112
347.19299999999737 164 183
347.19299999999737 164 184
347.69399999999735 94 95
347.69399999999735 95 96
348.1949999999973 117 129
348.1949999999973 117 130
348.6959999999973 66 75
348.6959999999973 66 76
349.1969999999973 117 144
349.1969999999973 117 145
349.69799999999725 113 128
349.69799999999725 113 129
350.1989999999972 65 73
350.1989999999972 65 74
350.6999999999972 116 177
350.6999999999972 116 178
351.2009999999972 181 183
351.2009999999972 181 184
351.70199999999716 113 176
351.70199999999716 113 177
352.20299999999713 14 17
352.20299999999713 14 18
352.7039999999971 52 58
352.7039999999971 52 59
353.2049999999971 39 45
353.2049999999971 39 46
353.70599999999706 64 78
353.70599999999706 65 66
354.20699999999704 89 96
354.20699999999704 89 97
354.707999999997 116 183
354.707999999997 116 184
355.208999999997 56 57
355.208999999997 56 58
355.70999999999697 163 169
355.70999999999697 163 170
356.21099999999694 21 33
356.21099999999694 21 34
356.7119999999969 112 182
356.7119999999969 112 183
357.2129999999969 51 54
357.2129999999969 51 55
357.7139999999969 187 192
357.7139999999969 187 193
358.21499999999685 85 96
358.21499999999685 85 97
358.7159999999968 119 173
358.7159999999968 119 174
359.2169999999968 89 110
359.2169999999968 89 111
359.7179999999968 85 100
359.7179999999968 85 101
360.21899999999675 164 172
360.21899999999675 164 173
360.71999999999673 149 157
360.71999999999673 149 158
361.2209999999967 91 96
361.2209999999967 91 97
361.7219999999967 15 18
361.7219999999967 15 19
362.22299999999666 22 33
362.22299999999666 22 34
362.72399999999664 114 123
362.72399999999664 114 124
363.2249999999966 113 157
363.2249999999966 113 158
363.7259999999966 34 78
363.7259999999966 35 36
364.22699999999656 24 26
364.22699999999656 24 27
364.72799999999654 13 17
364.72799999999654 13 18
365.2289999999965 84 106
365.2289999999965 84 107
365.7299999999965 62 74
365.7299999999965 62 75
366.23099999999647 82 100
366.23099999999647 82 101
366.73199999999645 86 100
366.73199999999645 86 101
367.2329999999964 78 79
367.2329999999964 78 95
367.7339999999964 8 34
367.7339999999964 8 62
368.2349999999964 41 42
368.2349999999964 41 43
368.73599999999635 147 154
368.73599999999635 147 155
369.2369999999963 65 67
369.2369999999963 65 68
369.7379999999963 35 46
369.7379999999963 35 47
370.2389999999963 117 127
370.2389999999963 117 128
370.73999999999626 90 97
370.73999999999626 90 98
371.24099999999623 120 184
371.24099999999623 120 185
371.7419999999962 186 195
371.7419999999962 186 199
372.2429999999962 100 106
372.2429999999962 100 107
372.74399999999616 51 52
372.74399999999616 51 53
373.24499999999614 36 38
373.24499999999614 36 39
373.7459999999961 113 114
373.7459999999961 113 115
374.2469999999961 79 88
374.2469999999961 79 89
374.74799999999607 186 187
374.74799999999607 186 188
375.24899999999604 113 116
375.24899999999604 113 117
375.749999999996 116 129
375.749999999996 116 130
376.250999999996 177 183
376.250999999996 177 184
376.751999999996 113 144
376.751999999996 113 145
377.25299999999595 114 115
377.25299999999595 114 116
377.7539999999959 139 141
377.7539999999959 139 142
378.2549999999959 113 140
378.2549999999959 113 141
378.7559999999959 64 66
378.7559999999959 64 67
379.25699999999586 7 20
379.25699999999586 7 21
379.75799999999583 116 127
379.75799999999583 116 128
380.2589999999958 27 30
380.2589999999958 27 31
380.7599999999958 114 182
380.7599999999958 114 183
381.26099999999576 85 102
381.26099999999576 85 103
381.76199999999574 21 31
381.76199999999574 21 32
382.2629999999957 55 60
382.2629999999957 55 61
382.7639999999957 64 72
382.7639999999957 64 73
383.26499999999567 114 117
383.26499999999567 114 118
383.76599999999564 84 100
383.76599999999564 84 101
384.2669999999956 145 183
384.2669999999956 145 184
384.7679999999956 147 178
384.7679999999956 147 179
385.2689999999956 87 111
385.2689999999956 87 112
385.76999999999555 63 76
385.76999999999555 63 77
386.2709999999955 124 126
386.2709999999955 124 127
386.7719999999955 162 180
386.7719999999955 162 181
387.2729999999955 163 171
387.2729999999955 163 172
387.77399999999545 17 19
387.77399999999545 18 19
388.27499999999543 135 185
388.27499999999543 136 137
388.7759999999954 138 142
388.7759999999954 139 140
389.2769999999954 117 173
389.2769999999954 117 174
389.77799999999536 88 106
389.77799999999536 88 107
390.27899999999534 147 182
390.27899999999534 147 183
390.7799999999953 162 178
390.7799999999953 162 179
391.2809999999953 116 157
391.2809999999953 116 158
391.78199999999526 10 13
391.78199999999526 10 14
392.28299999999524 196 197
392.28299999999524 196 198
392.7839999999952 50 57
392.7839999999952 50 58
393.2849999999952 136 142
393.2849999999952 136 143
393.78599999999517 84 102
393.78599999999517 84 103
394.28699999999515 148 149
394.28699999999515 148 154
394.7879999999951 146 179
394.7879999999951 146 180
395.2889999999951 79 94
395.2889999999951 79 95
395.7899999999951 152 154
395.7899999999951 152 155
396.29099999999505 146 183
396.29099999999505 146 184
396.791999999995 11 18
396.791999999995 11 19
397.292999999995 71 74
397.292999999995 71 75
397.793999999995 79 86
397.793999999995 79 87
398.29499999999496 23 26
398.29499999999496 23 27
