0 95 96
0 96 97
0.501 86 97
0.501 86 98
1.0019999999999998 173 188
1.0019999999999998 173 189
1.5029999999999997 29 30
1.5029999999999997 29 31
2.0039999999999996 67 72
2.0039999999999996 67 73
2.5049999999999994 71 76
2.5049999999999994 71 77
3.0059999999999993 171 185
3.0059999999999993 171 186
3.5069999999999992 76 77
3.5069999999999992 77 78
4.008 88 122
4.008 88 123
4.509 80 116
4.509 80 117
5.010000000000001 14 15
5.010000000000001 14 22
5.511000000000001 125 127
5.511000000000001 125 128
6.012000000000001 36 45
6.012000000000001 36 46
6.513000000000002 125 129
6.513000000000002 125 130
7.014000000000002 161 165
7.014000000000002 161 166
7.515000000000002 51 59
7.515000000000002 51 60
8.016000000000002 124 137
8.016000000000002 124 152
8.517000000000001 82 83
8.517000000000001 82 84
9.018 128 135
9.018 128 136
9.519 145 146
9.519 145 147
10.02 34 35
10.02 34 37
10.520999999999999 37 38
10.520999999999999 37 39
11.021999999999998 62 74
11.021999999999998 62 75
11.522999999999998 64 65
11.522999999999998 64 66
12.023999999999997 69 71
12.023999999999997 69 72
12.524999999999997 145 148
12.524999999999997 145 149
13.025999999999996 13 24
13.025999999999996 13 25
13.526999999999996 121 122
13.526999999999996 122 123
14.027999999999995 12 32
14.027999999999995 12 33
14.528999999999995 87 94
14.528999999999995 87 95
15.029999999999994 114 115
15.029999999999994 115 116
15.530999999999993 0 3
15.530999999999993 0 4
16.031999999999993 165 167
16.031999999999993 166 167
16.532999999999994 15 32
16.532999999999994 16 17
17.033999999999995 17 29
17.033999999999995 17 30
17.534999999999997 85 95
17.534999999999997 85 96
18.035999999999998 74 76
18.035999999999998 75 76
18.537 71 74
18.537 71 75
19.038 118 122
19.038 119 120
19.539 62 76
19.539 62 77
20.040000000000003 36 43
20.040000000000003 36 44
20.541000000000004 154 159
20.541000000000004 154 160
21.042000000000005 84 117
21.042000000000005 84 118
21.543000000000006 140 142
21.543000000000006 140 143
22.044000000000008 128 133
22.044000000000008 128 134
22.54500000000001 82 94
22.54500000000001 82 95
23.04600000000001 41 44
23.04600000000001 41 45
23.54700000000001 81 83
23.54700000000001 81 84
24.048000000000012 158 159
24.048000000000012 158 160
24.549000000000014 177 186
24.549000000000014 177 187
25.050000000000015 83 118
25.050000000000015 83 119
25.551000000000016 49 54
25.551000000000016 49 55
26.052000000000017 81 95
26.052000000000017 81 96
26.55300000000002 65 69
26.55300000000002 65 70
27.05400000000002 138 149
27.05400000000002 138 150
27.55500000000002 18 23
27.55500000000002 18 24
28.056000000000022 179 180
28.056000000000022 179 183
28.557000000000023 11 28
28.557000000000023 11 29
29.058000000000025 124 131
29.058000000000025 124 132
29.559000000000026 38 46
29.559000000000026 39 40
30.060000000000027 65 73
30.060000000000027 65 74
30.56100000000003 155 162
30.56100000000003 155 163
31.06200000000003 117 121
31.06200000000003 117 122
31.56300000000003 78 115
31.56300000000003 78 116
32.06400000000003 66 72
32.06400000000003 66 73
32.565000000000026 86 122
32.565000000000026 86 123
33.066000000000024 156 164
33.066000000000024 156 165
33.56700000000002 81 97
33.56700000000002 81 98
34.06800000000002 102 119
34.06800000000002 102 120
34.56900000000002 85 122
34.56900000000002 85 123
35.070000000000014 171 178
35.070000000000014 171 184
35.57100000000001 92 95
35.57100000000001 93 94
36.07200000000001 79 102
36.07200000000001 79 103
36.57300000000001 33 46
36.57300000000001 33 47
37.074000000000005 84 85
37.074000000000005 84 95
37.575 7 8
37.575 7 32
38.076 169 185
38.076 169 186
38.577 152 168
38.577 153 154
39.077999999999996 110 113
39.077999999999996 110 114
39.57899999999999 152 160
39.57899999999999 152 161
40.07999999999999 181 184
40.07999999999999 181 185
40.58099999999999 69 77
40.58099999999999 70 71
41.08199999999999 102 117
41.08199999999999 102 118
41.582999999999984 163 166
41.582999999999984 163 167
42.08399999999998 42 44
42.08399999999998 42 45
42.58499999999998 83 98
42.58499999999998 83 99
43.08599999999998 14 27
43.08599999999998 14 28
43.586999999999975 83 122
43.586999999999975 83 123
44.08799999999997 28 29
44.08799999999997 28 30
44.58899999999997 52 58
44.58899999999997 52 59
45.08999999999997 142 147
45.08999999999997 142 148
45.590999999999966 36 41
45.590999999999966 36 42
46.09199999999996 156 162
46.09199999999996 156 163
46.59299999999996 39 45
46.59299999999996 39 46
47.09399999999996 84 119
47.09399999999996 84 120
47.594999999999956 100 118
47.594999999999956 100 119
48.095999999999954 34 44
48.095999999999954 34 45
48.59699999999995 190 191
48.59699999999995 191 192
49.09799999999995 101 118
49.09799999999995 101 119
49.59899999999995 50 53
49.59899999999995 50 54
50.099999999999945 12 13
50.099999999999945 12 23
50.60099999999994 175 190
50.60099999999994 176 177
51.10199999999994 164 166
51.10199999999994 164 167
51.60299999999994 71 72
51.60299999999994 71 73
52.103999999999935 146 149
52.103999999999935 146 150
52.60499999999993 41 46
52.60499999999993 42 43
53.10599999999993 81 99
53.10599999999993 81 100
53.60699999999993 14 31
53.60699999999993 14 32
54.107999999999926 184 185
54.107999999999926 185 186
54.608999999999924 40 45
54.608999999999924 40 46
55.10999999999992 140 152
55.10999999999992 141 142
55.61099999999992 172 173
55.61099999999992 172 174
56.11199999999992 154 165
56.11199999999992 154 166
56.612999999999914 49 56
56.612999999999914 49 57
57.11399999999991 87 88
57.11399999999991 87 93
57.61499999999991 153 165
57.61499999999991 153 166
58.11599999999991 83 85
58.11599999999991 83 95
58.616999999999905 27 31
58.616999999999905 27 32
59.1179999999999 129 131
59.1179999999999 129 132
59.6189999999999 170 192
59.6189999999999 170 193
60.1199999999999 126 134
60.1199999999999 126 135
60.620999999999896 156 168
60.620999999999896 157 158
61.12199999999989 99 116
61.12199999999989 99 117
61.62299999999989 48 52
61.62299999999989 48 53
62.12399999999989 139 148
62.12399999999989 139 149
62.624999999999886 88 95
62.624999999999886 88 96
63.125999999999884 53 56
63.125999999999884 53 57
63.62699999999988 35 42
63.62699999999988 35 43
64.12799999999989 112 113
64.12799999999989 113 114
64.62899999999989 80 102
64.62899999999989 80 103
65.1299999999999 126 136
65.1299999999999 126 137
65.6309999999999 68 77
65.6309999999999 69 70
66.1319999999999 9 26
66.1319999999999 9 27
66.63299999999991 181 186
66.63299999999991 181 187
67.13399999999992 154 167
67.13399999999992 154 168
67.63499999999992 110 111
67.63499999999992 110 112
68.13599999999992 82 121
68.13599999999992 82 122
68.63699999999993 170 188
68.63699999999993 170 189
69.13799999999993 173 177
69.13799999999993 173 185
69.63899999999994 89 97
69.63899999999994 89 98
70.13999999999994 137 168
70.13999999999994 138 139
70.64099999999995 90 93
70.64099999999995 90 94
71.14199999999995 8 30
71.14199999999995 8 31
71.64299999999996 107 115
71.64299999999996 107 116
72.14399999999996 82 115
72.14399999999996 82 116
72.64499999999997 101 120
72.64499999999997 101 121
73.14599999999997 102 115
73.14599999999997 102 116
73.64699999999998 25 32
73.64699999999998 26 27
74.14799999999998 78 83
74.14799999999998 78 84
74.64899999999999 50 57
74.64899999999999 50 58
75.14999999999999 141 145
75.14999999999999 141 146
75.651 105 106
75.651 105 113
76.152 78 101
76.152 78 102
76.653 86 99
76.653 86 117
77.15400000000001 158 167
77.15400000000001 158 168
77.65500000000002 171 191
77.65500000000002 171 192
78.15600000000002 155 160
78.15600000000002 155 161
78.65700000000002 143 149
78.65700000000002 143 150
79.15800000000003 143 147
79.15800000000003 143 148
79.65900000000003 154 163
79.65900000000003 154 164
80.16000000000004 177 190
80.16000000000004 178 179
80.66100000000004 79 119
80.66100000000004 79 120
81.16200000000005 142 145
81.16200000000005 142 146
81.66300000000005 30 31
81.66300000000005 31 32
82.16400000000006 67 70
82.16400000000006 67 71
82.66500000000006 180 183
82.66500000000006 180 184
83.16600000000007 86 118
83.16600000000007 86 119
83.66700000000007 99 120
83.66700000000007 99 121
84.16800000000008 180 185
84.16800000000008 180 186
84.66900000000008 107 121
84.66900000000008 107 122
85.17000000000009 172 191
85.17000000000009 173 174
85.67100000000009 79 123
85.67100000000009 79 124
86.1720000000001 107 123
86.1720000000001 108 109
86.6730000000001 67 76
86.6730000000001 67 77
87.1740000000001 130 136
87.1740000000001 130 137
87.67500000000011 50 61
87.67500000000011 51 52
88.17600000000012 105 114
88.17600000000012 105 115
88.67700000000012 103 118
88.67700000000012 103 119
89.17800000000013 2 3
89.17800000000013 2 4
89.67900000000013 139 146
89.67900000000013 139 147
90.18000000000013 170 174
90.18000000000013 170 175
90.68100000000014 192 193
90.68100000000014 193 194
91.18200000000014 82 98
91.18200000000014 82 99
91.68300000000015 152 166
91.68300000000015 152 167
92.18400000000015 90 91
92.18400000000015 90 92
92.68500000000016 141 151
92.68500000000016 141 152
93.18600000000016 38 42
93.18600000000016 38 43
93.68700000000017 152 164
93.68700000000017 152 165
94.18800000000017 33 42
94.18800000000017 33 43
94.68900000000018 140 146
94.68900000000018 140 147
95.19000000000018 12 24
95.19000000000018 12 25
95.69100000000019 14 29
95.69100000000019 14 30
96.19200000000019 56 60
96.19200000000019 57 58
96.6930000000002 19 21
96.6930000000002 19 22
97.1940000000002 22 23
97.1940000000002 23 24
97.6950000000002 20 21
97.6950000000002 20 22
98.19600000000021 84 96
98.19600000000021 84 97
98.69700000000022 86 120
98.69700000000022 86 121
99.19800000000022 79 86
99.19800000000022 79 87
99.69900000000023 35 40
99.69900000000023 35 41
100.20000000000023 79 117
100.20000000000023 79 118
100.70100000000023 102 121
100.70100000000023 102 122
101.20200000000024 131 134
101.20200000000024 131 135
101.70300000000024 15 30
101.70300000000024 15 31
102.20400000000025 188 189
102.20400000000025 189 190
102.70500000000025 159 164
102.70500000000025 159 165
103.20600000000026 5 6
103.20600000000026 6 7
103.70700000000026 162 167
103.70700000000026 162 168
104.20800000000027 47 58
104.20800000000027 47 59
104.70900000000027 143 145
104.70900000000027 143 146
105.21000000000028 10 27
105.21000000000028 10 28
105.71100000000028 53 60
105.71100000000028 53 61
106.21200000000029 172 175
106.21200000000029 172 176
106.71300000000029 81 116
106.71300000000029 81 117
107.2140000000003 172 187
107.2140000000003 172 188
107.7150000000003 80 86
107.7150000000003 80 87
108.2160000000003 171 172
108.2160000000003 171 173
108.71700000000031 177 178
108.71700000000031 177 185
109.21800000000032 140 150
109.21800000000032 140 151
109.71900000000032 9 28
109.71900000000032 9 29
110.22000000000033 63 76
110.22000000000033 63 77
110.72100000000033 9 10
110.72100000000033 9 25
111.22200000000034 85 118
111.22200000000034 85 119
111.72300000000034 80 124
111.72300000000034 81 82
112.22400000000034 141 143
112.22400000000034 141 144
112.72500000000035 103 120
112.72500000000035 103 121
113.22600000000035 145 150
113.22600000000035 145 151
113.72700000000036 46 47
113.72700000000036 47 48
114.22800000000036 73 75
114.22800000000036 73 76
114.72900000000037 34 40
114.72900000000037 34 41
115.23000000000037 20 23
115.23000000000037 21 22
115.73100000000038 11 32
115.73100000000038 11 33
116.23200000000038 127 130
116.23200000000038 127 131
116.73300000000039 103 114
116.73300000000039 103 115
117.23400000000039 169 176
117.23400000000039 169 177
117.7350000000004 138 143
117.7350000000004 138 144
118.2360000000004 83 120
118.2360000000004 83 121
118.7370000000004 144 150
118.7370000000004 144 151
119.23800000000041 124 133
119.23800000000041 124 134
119.73900000000042 15 28
119.73900000000042 15 29
120.24000000000042 135 136
120.24000000000042 136 137
120.74100000000043 78 121
120.74100000000043 78 122
121.24200000000043 126 130
121.24200000000043 126 131
121.74300000000044 72 75
121.74300000000044 72 76
122.24400000000044 182 183
122.24400000000044 182 184
122.74500000000045 63 64
122.74500000000045 63 65
123.24600000000045 63 74
123.24600000000045 63 75
123.74700000000045 3 4
123.74700000000045 4 5
124.24800000000046 100 116
124.24800000000046 100 117
124.74900000000046 65 77
124.74900000000046 66 67
125.25000000000047 101 122
125.25000000000047 101 123
125.75100000000047 107 117
125.75100000000047 107 118
126.25200000000048 84 100
126.25200000000048 84 116
126.75300000000048 64 67
126.75300000000048 64 68
127.25400000000049 13 28
127.25400000000049 13 29
127.75500000000049 64 75
127.75500000000049 64 76
128.2560000000005 104 116
128.2560000000005 104 117
128.75700000000052 99 118
128.75700000000052 99 119
129.25800000000052 11 24
129.25800000000052 11 25
129.75900000000053 65 75
129.75900000000053 65 76
130.26000000000053 163 164
130.26000000000053 163 165
130.76100000000054 55 58
130.76100000000054 55 59
131.26200000000054 79 94
131.26200000000054 79 95
131.76300000000055 178 184
131.76300000000055 178 185
132.26400000000055 69 73
132.26400000000055 69 74
132.76500000000055 87 121
132.76500000000055 87 122
133.26600000000056 125 137
133.26600000000056 126 127
133.76700000000056 64 77
133.76700000000056 65 66
134.26800000000057 81 122
134.26800000000057 81 123
134.76900000000057 153 155
134.76900000000057 153 156
135.27000000000058 33 61
135.27000000000058 33 77
135.77100000000058 87 123
135.77100000000058 88 89
136.2720000000006 82 119
136.2720000000006 82 120
136.7730000000006 26 32
136.7730000000006 27 28
137.2740000000006 126 128
137.2740000000006 126 129
137.7750000000006 93 95
137.7750000000006 94 95
138.2760000000006 106 119
138.2760000000006 106 120
138.7770000000006 18 21
138.7770000000006 18 22
139.27800000000062 82 96
139.27800000000062 82 97
139.77900000000062 158 163
139.77900000000062 158 164
140.28000000000063 106 115
140.28000000000063 106 116
140.78100000000063 26 28
140.78100000000063 26 29
141.28200000000064 157 165
141.28200000000064 157 166
141.78300000000064 39 41
141.78300000000064 39 42
142.28400000000065 142 143
142.28400000000065 142 144
142.78500000000065 127 136
142.78500000000065 127 137
143.28600000000066 108 112
143.28600000000066 108 113
143.78700000000066 80 96
143.78700000000066 80 97
144.28800000000066 81 114
144.28800000000066 81 115
144.78900000000067 102 123
144.78900000000067 103 104
145.29000000000067 62 70
145.29000000000067 62 71
145.79100000000068 79 96
145.79100000000068 79 97
146.29200000000068 139 144
146.29200000000068 139 145
146.7930000000007 81 118
146.7930000000007 81 119
147.2940000000007 154 161
147.2940000000007 154 162
147.7950000000007 78 123
147.7950000000007 78 124
148.2960000000007 171 187
148.2960000000007 171 188
148.7970000000007 141 147
148.7970000000007 141 148
149.2980000000007 109 112
149.2980000000007 109 113
149.79900000000072 82 100
149.79900000000072 82 101
150.30000000000072 182 185
150.30000000000072 182 186
150.80100000000073 79 104
150.80100000000073 79 114
151.30200000000073 10 29
151.30200000000073 10 30
151.80300000000074 107 113
151.80300000000074 107 114
152.30400000000074 83 100
152.30400000000074 83 115
152.80500000000075 137 151
152.80500000000075 137 152
153.30600000000075 151 152
153.30600000000075 152 153
153.80700000000076 101 102
153.80700000000076 101 115
154.30800000000076 169 191
154.30800000000076 169 192
154.80900000000076 91 95
154.80900000000076 91 96
155.31000000000077 178 188
155.31000000000077 178 189
155.81100000000077 57 59
155.81100000000077 57 60
156.31200000000078 162 163
156.31200000000078 162 164
156.81300000000078 104 114
156.81300000000078 104 115
157.3140000000008 169 178
157.3140000000008 169 179
157.8150000000008 80 122
157.8150000000008 80 123
158.3160000000008 50 55
158.3160000000008 50 56
158.8170000000008 155 156
158.8170000000008 155 157
159.3180000000008 52 56
159.3180000000008 52 57
159.8190000000008 86 95
159.8190000000008 86 96
160.32000000000082 34 38
160.32000000000082 34 39
160.82100000000082 78 137
160.82100000000082 78 151
161.32200000000083 37 40
161.32200000000083 37 41
161.82300000000083 103 122
161.82300000000083 103 123
162.32400000000084 132 134
162.32400000000084 132 135
162.82500000000084 49 52
162.82500000000084 49 53
163.32600000000085 41 42
163.32600000000085 41 43
163.82700000000085 49 50
163.82700000000085 49 51
164.32800000000086 182 187
164.32800000000086 183 184
164.82900000000086 130 134
164.82900000000086 130 135
165.33000000000087 133 135
165.33000000000087 133 136
165.83100000000087 90 95
165.83100000000087 90 96
166.33200000000087 86 87
166.33200000000087 86 94
166.83300000000088 183 185
166.83300000000088 183 186
167.33400000000088 169 183
167.33400000000088 169 184
167.8350000000009 98 121
167.8350000000009 98 122
168.3360000000009 146 151
168.3360000000009 147 148
168.8370000000009 70 76
168.8370000000009 70 77
169.3380000000009 106 123
169.3380000000009 107 108
169.8390000000009 169 174
169.8390000000009 169 175
170.3400000000009 49 60
170.3400000000009 49 61
170.84100000000092 12 28
170.84100000000092 12 29
171.34200000000092 66 76
171.34200000000092 66 77
171.84300000000093 83 96
171.84300000000093 83 97
172.34400000000093 67 68
172.34400000000093 67 69
172.84500000000094 24 25
172.84500000000094 25 26
173.34600000000094 142 149
173.34600000000094 142 150
173.84700000000095 172 185
173.84700000000095 172 186
174.34800000000095 137 138
174.34800000000095 137 150
174.84900000000096 17 18
174.84900000000096 17 20
175.35000000000096 155 164
175.35000000000096 155 165
175.85100000000097 80 100
175.85100000000097 80 101
176.35200000000097 149 150
176.35200000000097 150 151
176.85300000000097 55 56
176.85300000000097 55 57
177.35400000000098 172 177
177.35400000000098 172 178
177.85500000000098 48 50
177.85500000000098 48 51
178.356000000001 108 116
178.356000000001 108 121
178.857000000001 77 123
178.857000000001 77 124
179.358000000001 142 151
179.358000000001 143 144
179.859000000001 16 27
179.859000000001 16 28
180.360000000001 10 31
180.360000000001 10 32
180.861000000001 107 111
180.861000000001 107 112
181.36200000000102 62 68
181.36200000000102 62 69
181.86300000000102 134 135
181.86300000000102 134 136
182.36400000000103 78 97
182.36400000000103 78 98
182.86500000000103 139 152
182.86500000000103 140 141
183.36600000000104 13 14
183.36600000000104 13 23
183.86700000000104 79 98
183.86700000000104 79 99
184.36800000000105 81 85
184.36800000000105 81 86
184.86900000000105 80 84
184.86900000000105 80 85
185.37000000000106 12 30
185.37000000000106 12 31
185.87100000000106 65 67
185.87100000000106 65 68
186.37200000000107 129 135
186.37200000000107 129 136
186.87300000000107 171 189
186.87300000000107 171 190
187.37400000000108 124 168
187.37400000000108 125 126
187.87500000000108 160 166
187.87500000000108 160 167
188.37600000000108 154 155
188.37600000000108 154 156
188.8770000000011 128 137
188.8770000000011 129 130
189.3780000000011 18 25
189.3780000000011 19 20
189.8790000000011 62 72
189.8790000000011 62 73
190.3800000000011 158 165
190.3800000000011 158 166
190.8810000000011 17 21
190.8810000000011 17 22
191.3820000000011 63 68
191.3820000000011 63 69
191.88300000000112 102 103
191.88300000000112 102 114
192.38400000000112 47 56
192.38400000000112 47 57
192.88500000000113 105 122
192.88500000000113 105 123
193.38600000000113 170 176
193.38600000000113 170 177
193.88700000000114 89 93
193.88700000000114 89 94
194.38800000000114 80 82
194.38800000000114 80 83
194.88900000000115 1 4
194.88900000000115 1 5
195.39000000000115 78 85
195.39000000000115 78 86
195.89100000000116 61 74
195.89100000000116 61 75
196.39200000000116 14 25
196.39200000000116 14 26
196.89300000000117 147 149
196.89300000000117 147 150
197.39400000000117 174 185
197.39400000000117 174 186
197.89500000000118 106 117
197.89500000000118 106 118
198.39600000000118 61 76
198.39600000000118 61 77
198.89700000000119 131 136
198.89700000000119 132 133
199.3980000000012 79 115
199.3980000000012 79 116
199.8990000000012 80 114
199.8990000000012 80 115
200.4000000000012 78 119
200.4000000000012 78 120
200.9010000000012 99 122
200.9010000000012 99 123
201.4020000000012 140 144
201.4020000000012 140 145
201.9030000000012 176 189
201.9030000000012 176 190
202.40400000000122 78 79
202.40400000000122 78 82
202.90500000000122 138 151
202.90500000000122 138 152
203.40600000000123 79 100
203.40600000000123 79 101
203.90700000000123 173 175
203.90700000000123 173 176
204.40800000000124 51 53
204.40800000000124 51 54
204.90900000000124 15 26
204.90900000000124 15 27
205.41000000000125 85 120
205.41000000000125 85 121
205.91100000000125 179 188
205.91100000000125 179 189
206.41200000000126 108 110
206.41200000000126 108 111
206.91300000000126 108 122
206.91300000000126 108 123
207.41400000000127 13 30
207.41400000000127 13 31
207.91500000000127 66 70
207.91500000000127 66 71
208.41600000000128 104 118
208.41600000000128 104 119
208.91700000000128 129 133
208.91700000000128 129 134
209.41800000000129 15 22
209.41800000000129 15 23
209.9190000000013 153 161
209.9190000000013 153 162
210.4200000000013 87 119
210.4200000000013 87 120
210.9210000000013 139 142
210.9210000000013 139 143
211.4220000000013 66 68
211.4220000000013 66 69
211.9230000000013 79 82
211.9230000000013 79 83
212.4240000000013 65 71
212.4240000000013 65 72
212.92500000000132 116 123
212.92500000000132 117 118
213.42600000000132 78 99
213.42600000000132 78 100
213.92700000000133 170 190
213.92700000000133 170 191
214.42800000000133 63 70
214.42800000000133 63 71
214.92900000000134 109 110
214.92900000000134 109 111
215.43000000000134 8 28
215.43000000000134 8 29
215.93100000000135 175 176
215.93100000000135 175 185
216.43200000000135 27 29
216.43200000000135 27 30
216.93300000000136 173 186
216.93300000000136 173 187
217.43400000000136 129 137
217.43400000000136 130 131
217.93500000000137 64 71
217.93500000000137 64 72
218.43600000000137 64 69
218.43600000000137 64 70
218.93700000000138 109 114
218.93700000000138 109 115
219.43800000000138 35 36
219.43800000000138 35 37
219.93900000000139 88 93
219.93900000000139 88 94
220.4400000000014 34 46
220.4400000000014 34 47
220.9410000000014 140 148
220.9410000000014 140 149
221.4420000000014 80 118
221.4420000000014 80 119
221.9430000000014 85 116
221.9430000000014 85 117
222.4440000000014 123 124
222.4440000000014 124 125
222.94500000000141 155 166
222.94500000000141 155 167
223.44600000000142 17 25
223.44600000000142 17 26
223.94700000000142 68 69
223.94700000000142 68 70
224.44800000000143 7 33
224.44800000000143 8 9
224.94900000000143 26 30
224.94900000000143 26 31
225.45000000000144 117 123
225.45000000000144 118 119
225.95100000000144 38 44
225.95100000000144 38 45
226.45200000000145 153 163
226.45200000000145 153 164
226.95300000000145 156 160
226.95300000000145 156 161
227.45400000000146 17 31
227.45400000000146 17 32
227.95500000000146 49 58
227.95500000000146 49 59
228.45600000000147 77 152
228.45600000000147 77 168
228.95700000000147 68 73
228.95700000000147 68 74
229.45800000000148 84 121
229.45800000000148 84 122
229.95900000000148 9 30
229.95900000000148 9 31
230.4600000000015 157 159
230.4600000000015 157 160
230.9610000000015 197 199
230.9610000000015 198 199
231.4620000000015 169 187
231.4620000000015 169 188
231.9630000000015 89 90
231.9630000000015 89 92
232.4640000000015 80 94
232.4640000000015 80 95
232.9650000000015 176 187
232.9650000000015 176 188
233.46600000000151 89 95
233.46600000000151 89 96
233.96700000000152 66 74
233.96700000000152 66 75
234.46800000000152 10 11
234.46800000000152 10 24
234.96900000000153 87 98
234.96900000000153 87 99
235.47000000000153 82 85
235.47000000000153 82 86
235.97100000000154 97 98
235.97100000000154 98 99
236.47200000000154 157 163
236.47200000000154 157 164
236.97300000000155 63 72
236.97300000000155 63 73
237.47400000000155 92 93
237.47400000000155 92 94
237.97500000000156 36 39
237.97500000000156 36 40
238.47600000000156 78 93
238.47600000000156 78 94
238.97700000000157 91 93
238.97700000000157 91 94
239.47800000000157 16 21
239.47800000000157 16 22
239.97900000000158 174 189
239.97900000000158 174 190
240.48000000000158 153 159
240.48000000000158 153 160
240.9810000000016 77 137
240.9810000000016 77 151
241.4820000000016 80 98
241.4820000000016 80 99
241.9830000000016 70 72
241.9830000000016 70 73
242.4840000000016 156 158
242.4840000000016 156 159
242.9850000000016 124 135
242.9850000000016 124 136
243.4860000000016 127 132
243.4860000000016 127 133
243.98700000000161 11 26
243.98700000000161 11 27
244.48800000000162 51 57
244.48800000000162 51 58
244.98900000000162 157 167
244.98900000000162 157 168
245.49000000000163 51 61
245.49000000000163 52 53
245.99100000000163 90 97
245.99100000000163 91 92
246.49200000000164 67 74
246.49200000000164 67 75
246.99300000000164 100 101
246.99300000000164 100 115
247.49400000000165 155 168
247.49400000000165 156 157
247.99500000000165 14 33
247.99500000000165 15 16
248.49600000000166 153 157
248.49600000000166 153 158
248.99700000000166 54 57
248.99700000000166 54 58
249.49800000000167 73 77
249.49800000000167 74 75
249.99900000000167 68 75
249.99900000000167 68 76
250.50000000000168 16 25
250.50000000000168 16 26
251.00100000000168 51 55
251.00100000000168 51 56
251.5020000000017 101 116
251.5020000000017 101 117
252.0030000000017 104 105
252.0030000000017 104 113
252.5040000000017 81 101
252.5040000000017 81 102
253.0050000000017 100 120
253.0050000000017 100 121
253.5060000000017 179 184
253.5060000000017 179 185
254.0070000000017 138 145
254.0070000000017 138 146
254.50800000000172 36 37
254.50800000000172 36 38
255.00900000000172 194 195
255.00900000000172 195 196
255.51000000000172 34 42
255.51000000000172 34 43
256.0110000000017 160 162
256.0110000000017 160 163
256.51200000000165 108 114
256.51200000000165 108 115
257.0130000000016 15 24
257.0130000000016 15 25
257.5140000000016 87 96
257.5140000000016 87 97
258.0150000000016 79 88
258.0150000000016 79 93
258.51600000000155 179 186
258.51600000000155 179 187
259.01700000000153 158 161
259.01700000000153 158 162
259.5180000000015 84 123
259.5180000000015 85 86
260.0190000000015 50 59
260.0190000000015 50 60
260.52000000000146 128 131
260.52000000000146 128 132
261.02100000000144 85 99
261.02100000000144 85 100
261.5220000000014 164 168
261.5220000000014 165 166
262.0230000000014 125 135
262.0230000000014 125 136
262.52400000000137 52 54
262.52400000000137 52 55
263.02500000000134 100 122
263.02500000000134 100 123
263.5260000000013 80 120
263.5260000000013 80 121
264.0270000000013 138 147
264.0270000000013 138 148
264.52800000000127 35 38
264.52800000000127 35 39
265.02900000000125 68 71
265.02900000000125 68 72
265.5300000000012 155 158
265.5300000000012 155 159
266.0310000000012 127 134
266.0310000000012 127 135
266.5320000000012 32 33
266.5320000000012 33 34
267.03300000000115 58 59
267.03300000000115 58 60
267.53400000000113 16 23
267.53400000000113 16 24
268.0350000000011 40 41
268.0350000000011 40 42
268.5360000000011 186 187
268.5360000000011 187 188
269.03700000000106 64 73
269.03700000000106 64 74
269.53800000000103 159 168
269.53800000000103 160 161
270.039000000001 153 167
270.039000000001 153 168
270.540000000001 82 123
270.540000000001 83 84
271.04100000000096 139 140
271.04100000000096 139 141
271.54200000000094 103 116
271.54200000000094 103 117
272.0430000000009 159 166
272.0430000000009 159 167
272.5440000000009 17 23
272.5440000000009 17 24
273.04500000000087 1 2
273.04500000000087 1 3
273.54600000000084 162 165
273.54600000000084 162 166
274.0470000000008 8 26
274.0470000000008 8 27
274.5480000000008 40 43
274.5480000000008 40 44
275.0490000000008 160 164
275.0490000000008 160 165
275.55000000000075 56 58
275.55000000000075 56 59
276.0510000000007 169 170
276.0510000000007 169 173
276.5520000000007 48 60
276.5520000000007 48 61
277.0530000000007 178 186
277.0530000000007 178 187
277.55400000000066 53 58
277.55400000000066 53 59
278.05500000000063 167 168
278.05500000000063 168 169
278.5560000000006 37 46
278.5560000000006 38 39
279.0570000000006 170 172
279.0570000000006 170 173
279.55800000000056 43 44
279.55800000000056 43 45
280.05900000000054 79 168
280.05900000000054 80 81
280.5600000000005 170 184
280.5600000000005 170 185
281.0610000000005 175 186
281.0610000000005 175 187
281.56200000000047 128 129
281.56200000000047 128 130
282.06300000000044 163 168
282.06300000000044 164 165
282.5640000000004 62 63
282.5640000000004 62 65
283.0650000000004 48 58
283.0650000000004 48 59
283.5660000000004 83 116
283.5660000000004 83 117
284.06700000000035 119 121
284.06700000000035 119 122
284.5680000000003 117 119
284.5680000000003 117 120
285.0690000000003 116 121
285.0690000000003 116 122
285.5700000000003 13 26
285.5700000000003 13 27
286.07100000000025 106 113
286.07100000000025 106 114
286.57200000000023 78 113
286.57200000000023 78 114
287.0730000000002 131 132
287.0730000000002 131 133
287.5740000000002 44 45
287.5740000000002 45 46
288.07500000000016 11 30
288.07500000000016 11 31
288.57600000000014 160 168
288.57600000000014 161 162
289.0770000000001 10 25
289.0770000000001 10 26
289.5780000000001 159 160
289.5780000000001 159 161
290.07900000000006 53 54
290.07900000000006 53 55
290.58000000000004 48 56
290.58000000000004 48 57
291.081 16 29
291.081 16 30
291.582 69 75
291.582 69 76
292.08299999999997 127 128
292.08299999999997 127 129
292.58399999999995 25 30
292.58399999999995 25 31
293.0849999999999 55 60
293.0849999999999 56 57
293.5859999999999 38 40
293.5859999999999 38 41
294.0869999999999 154 157
294.0869999999999 154 158
294.58799999999985 147 151
294.58799999999985 148 149
295.0889999999998 79 137
295.0889999999998 79 152
295.5899999999998 180 181
295.5899999999998 180 182
296.0909999999998 79 84
296.0909999999998 79 85
296.59199999999976 141 149
296.59199999999976 141 150
297.09299999999973 81 87
297.09299999999973 81 94
297.5939999999997 82 117
297.5939999999997 82 118
298.0949999999997 111 112
298.0949999999997 111 113
298.59599999999966 170 178
298.59599999999966 170 179
299.09699999999964 70 74
299.09699999999964 70 75
299.5979999999996 47 77
299.5979999999996 48 49
300.0989999999996 79 80
300.0989999999996 79 81
300.59999999999957 16 31
300.59999999999957 16 32
301.10099999999954 152 162
301.10099999999954 152 163
301.6019999999995 156 166
301.6019999999995 156 167
302.1029999999995 79 121
302.1029999999995 79 122
302.6039999999995 174 175
302.6039999999995 174 176
303.10499999999945 8 32
303.10499999999945 8 33
303.6059999999994 47 60
303.6059999999994 47 61
304.1069999999994 125 133
304.1069999999994 125 134
304.6079999999994 48 54
304.6079999999994 48 55
305.10899999999936 174 187
305.10899999999936 174 188
305.60999999999933 18 19
305.60999999999933 18 20
306.1109999999993 54 55
306.1109999999993 54 56
306.6119999999993 106 121
306.6119999999993 106 122
307.11299999999926 116 117
307.11299999999926 116 120
307.61399999999924 144 148
307.61399999999924 144 149
308.1149999999992 148 150
308.1149999999992 148 151
308.6159999999992 144 146
308.6159999999992 144 147
309.11699999999917 54 59
309.11699999999917 54 60
309.61799999999914 161 163
309.61799999999914 161 164
310.1189999999991 84 98
310.1189999999991 84 99
310.6199999999991 132 136
310.6199999999991 133 134
311.12099999999907 107 119
311.12099999999907 107 120
311.62199999999905 98 123
311.62199999999905 99 100
312.122999999999 63 66
312.122999999999 63 67
312.623999999999 169 193
312.623999999999 170 171
313.124999999999 37 44
313.124999999999 37 45
313.62599999999895 126 132
313.62599999999895 126 133
314.12699999999893 104 122
314.12699999999893 104 123
314.6279999999989 35 46
314.6279999999989 35 47
315.1289999999989 12 26
315.1289999999989 12 27
315.62999999999886 35 44
315.62999999999886 35 45
316.13099999999883 28 31
316.13099999999883 28 32
316.6319999999988 146 147
316.6319999999988 146 148
317.1329999999988 172 189
317.1329999999988 172 190
317.63399999999876 78 117
317.63399999999876 78 118
318.13499999999874 72 77
318.13499999999874 73 74
318.6359999999987 47 54
318.6359999999987 47 55
319.1369999999987 78 87
319.1369999999987 78 88
319.63799999999867 88 97
319.63799999999867 88 98
320.13899999999865 13 32
320.13899999999865 13 33
320.6399999999986 0 5
320.6399999999986 0 6
321.1409999999986 105 118
321.1409999999986 105 119
321.6419999999986 78 152
321.6419999999986 78 168
322.14299999999855 169 189
322.14299999999855 169 190
322.6439999999985 173 190
322.6439999999985 173 191
323.1449999999985 106 107
323.1449999999985 106 112
323.6459999999985 37 42
323.6459999999985 37 43
324.14699999999846 77 121
324.14699999999846 77 122
324.64799999999843 170 186
324.64799999999843 170 187
325.1489999999984 19 23
325.1489999999984 19 24
325.6499999999984 175 188
325.6499999999984 175 189
326.15099999999836 176 185
326.15099999999836 176 186
326.65199999999834 125 131
326.65199999999834 125 132
327.1529999999983 157 161
327.1529999999983 157 162
327.6539999999983 78 103
327.6539999999983 78 104
328.15499999999827 14 23
328.15499999999827 14 24
328.65599999999824 171 176
328.65599999999824 171 177
329.1569999999982 52 60
329.1569999999982 52 61
329.6579999999982 78 95
329.6579999999982 78 96
330.1589999999982 181 182
330.1589999999982 181 183
330.65999999999815 143 151
330.65999999999815 144 145
331.1609999999981 118 120
331.1609999999981 118 121
331.6619999999981 33 44
331.6619999999981 33 45
332.1629999999981 9 32
332.1629999999981 9 33
332.66399999999805 50 51
332.66399999999805 50 52
333.16499999999803 177 188
333.16499999999803 177 189
333.665999999998 10 33
333.665999999998 11 12
334.166999999998 139 150
334.166999999998 139 151
334.66799999999796 0 1
334.66799999999796 0 2
335.16899999999794 104 120
335.16899999999794 104 121
335.6699999999979 159 162
335.6699999999979 159 163
336.1709999999979 130 132
336.1709999999979 130 133
336.67199999999787 171 174
336.67199999999787 171 175
337.17299999999784 62 66
337.17299999999784 62 67
337.6739999999978 196 197
337.6739999999978 197 198
338.1749999999978 81 120
338.1749999999978 81 121
338.67599999999777 61 62
338.67599999999777 61 73
339.17699999999775 120 121
339.17699999999775 120 122
339.6779999999977 85 97
339.6779999999977 85 98
340.1789999999977 72 73
340.1789999999977 72 74
340.6799999999977 105 116
340.6799999999977 105 117
341.18099999999765 180 187
341.18099999999765 180 188
341.68199999999763 39 43
341.68199999999763 39 44
342.1829999999976 59 60
342.1829999999976 60 61
342.6839999999976 105 120
342.6839999999976 105 121
343.18499999999756 161 167
343.18499999999756 161 168
