0 79 104
0 79 114
0.501 159 162
0.501 159 163
1.0019999999999998 63 76
1.0019999999999998 63 77
1.5029999999999997 153 167
1.5029999999999997 153 168
2.0039999999999996 26 30
2.0039999999999996 26 31
2.5049999999999994 90 97
2.5049999999999994 91 92
3.0059999999999993 118 122
3.0059999999999993 119 120
3.5069999999999992 62 68
3.5069999999999992 62 69
4.008 130 132
4.008 130 133
4.509 39 45
4.509 39 46
5.010000000000001 149 150
5.010000000000001 150 151
5.511000000000001 169 193
5.511000000000001 170 171
6.012000000000001 34 42
6.012000000000001 34 43
6.513000000000002 87 121
6.513000000000002 87 122
7.014000000000002 107 117
7.014000000000002 107 118
7.515000000000002 80 102
7.515000000000002 80 103
8.016000000000002 54 59
8.016000000000002 54 60
8.517000000000001 105 106
8.517000000000001 105 113
9.018 78 79
9.018 78 82
9.519 103 114
9.519 103 115
10.02 58 59
10.02 58 60
10.520999999999999 37 38
10.520999999999999 37 39
11.021999999999998 117 119
11.021999999999998 117 120
11.522999999999998 155 166
11.522999999999998 155 167
12.023999999999997 174 185
12.023999999999997 174 186
12.524999999999997 49 58
12.524999999999997 49 59
13.025999999999996 153 161
13.025999999999996 153 162
13.526999999999996 155 168
13.526999999999996 156 157
14.027999999999995 16 29
14.027999999999995 16 30
14.528999999999995 8 26
14.528999999999995 8 27
15.029999999999994 170 184
15.029999999999994 170 185
15.530999999999993 66 72
15.530999999999993 66 73
16.031999999999993 27 31
16.031999999999993 27 32
16.532999999999994 80 98
16.532999999999994 80 99
17.033999999999995 145 146
17.033999999999995 145 147
17.534999999999997 68 71
17.534999999999997 68 72
18.035999999999998 87 123
18.035999999999998 88 89
18.537 167 168
18.537 168 169
19.038 80 120
19.038 80 121
19.539 36 43
19.539 36 44
20.040000000000003 117 121
20.040000000000003 117 122
20.541000000000004 155 164
20.541000000000004 155 165
21.042000000000005 92 93
21.042000000000005 92 94
21.543000000000006 160 166
21.543000000000006 160 167
22.044000000000008 83 98
22.044000000000008 83 99
22.54500000000001 138 151
22.54500000000001 138 152
23.04600000000001 124 135
23.04600000000001 124 136
23.54700000000001 140 148
23.54700000000001 140 149
24.048000000000012 89 95
24.048000000000012 89 96
24.549000000000014 24 25
24.549000000000014 25 26
25.050000000000015 140 142
25.050000000000015 140 143
25.551000000000016 52 58
25.551000000000016 52 59
26.052000000000017 79 84
26.052000000000017 79 85
26.55300000000002 116 121
26.55300000000002 116 122
27.05400000000002 14 31
27.05400000000002 14 32
27.55500000000002 49 54
27.55500000000002 49 55
28.056000000000022 127 134
28.056000000000022 127 135
28.557000000000023 77 152
28.557000000000023 77 168
29.058000000000025 108 122
29.058000000000025 108 123
29.559000000000026 127 136
29.559000000000026 127 137
30.060000000000027 81 122
30.060000000000027 81 123
30.56100000000003 98 123
30.56100000000003 99 100
31.06200000000003 126 130
31.06200000000003 126 131
31.56300000000003 111 112
31.56300000000003 111 113
32.06400000000003 170 186
32.06400000000003 170 187
32.565000000000026 65 69
32.565000000000026 65 70
33.066000000000024 82 115
33.066000000000024 82 116
33.56700000000002 79 102
33.56700000000002 79 103
34.06800000000002 18 21
34.06800000000002 18 22
34.56900000000002 124 131
34.56900000000002 124 132
35.070000000000014 147 151
35.070000000000014 148 149
35.57100000000001 177 188
35.57100000000001 177 189
36.07200000000001 35 36
36.07200000000001 35 37
36.57300000000001 81 85
36.57300000000001 81 86
37.074000000000005 87 88
37.074000000000005 87 93
37.575 162 165
37.575 162 166
38.076 63 70
38.076 63 71
38.577 140 144
38.577 140 145
39.077999999999996 33 42
39.077999999999996 33 43
39.57899999999999 158 167
39.57899999999999 158 168
40.07999999999999 107 113
40.07999999999999 107 114
40.58099999999999 163 164
40.58099999999999 163 165
41.08199999999999 171 191
41.08199999999999 171 192
41.582999999999984 128 137
41.582999999999984 129 130
42.08399999999998 8 28
42.08399999999998 8 29
42.58499999999998 169 178
42.58499999999998 169 179
43.08599999999998 182 185
43.08599999999998 182 186
43.586999999999975 80 84
43.586999999999975 80 85
44.08799999999997 84 100
44.08799999999997 84 116
44.58899999999997 132 134
44.58899999999997 132 135
45.08999999999997 14 33
45.08999999999997 15 16
45.590999999999966 33 61
45.590999999999966 33 77
46.09199999999996 17 29
46.09199999999996 17 30
46.59299999999996 102 119
46.59299999999996 102 120
47.09399999999996 125 135
47.09399999999996 125 136
47.594999999999956 16 25
47.594999999999956 16 26
48.095999999999954 17 25
48.095999999999954 17 26
48.59699999999995 69 71
48.59699999999995 69 72
49.09799999999995 108 114
49.09799999999995 108 115
49.59899999999995 79 137
49.59899999999995 79 152
50.099999999999945 155 162
50.099999999999945 155 163
50.60099999999994 97 98
50.60099999999994 98 99
51.10199999999994 35 46
51.10199999999994 35 47
51.60299999999994 90 93
51.60299999999994 90 94
52.103999999999935 123 124
52.103999999999935 124 125
52.60499999999993 110 111
52.60499999999993 110 112
53.10599999999993 156 162
53.10599999999993 156 163
53.60699999999993 140 150
53.60699999999993 140 151
54.107999999999926 30 31
54.107999999999926 31 32
54.608999999999924 131 132
54.608999999999924 131 133
55.10999999999992 92 95
55.10999999999992 93 94
55.61099999999992 35 40
55.61099999999992 35 41
56.11199999999992 26 32
56.11199999999992 27 28
56.612999999999914 186 187
56.612999999999914 187 188
57.11399999999991 104 105
57.11399999999991 104 113
57.61499999999991 156 164
57.61499999999991 156 165
58.11599999999991 173 175
58.11599999999991 173 176
58.616999999999905 64 73
58.616999999999905 64 74
59.1179999999999 146 151
59.1179999999999 147 148
59.6189999999999 14 23
59.6189999999999 14 24
60.1199999999999 139 144
60.1199999999999 139 145
60.620999999999896 152 166
60.620999999999896 152 167
61.12199999999989 85 116
61.12199999999989 85 117
61.62299999999989 99 120
61.62299999999989 99 121
62.12399999999989 41 44
62.12399999999989 41 45
62.624999999999886 142 145
62.624999999999886 142 146
63.125999999999884 13 14
63.125999999999884 13 23
63.62699999999988 50 59
63.62699999999988 50 60
64.12799999999989 51 59
64.12799999999989 51 60
64.62899999999989 170 178
64.62899999999989 170 179
65.1299999999999 77 123
65.1299999999999 77 124
65.6309999999999 121 122
65.6309999999999 122 123
66.1319999999999 54 55
66.1319999999999 54 56
66.63299999999991 170 174
66.63299999999991 170 175
67.13399999999992 155 160
67.13399999999992 155 161
67.63499999999992 176 185
67.63499999999992 176 186
68.13599999999992 190 191
68.13599999999992 191 192
68.63699999999993 178 188
68.63699999999993 178 189
69.13799999999993 9 26
69.13799999999993 9 27
69.63899999999994 181 182
69.63899999999994 181 183
70.13999999999994 78 113
70.13999999999994 78 114
70.64099999999995 81 114
70.64099999999995 81 115
71.14199999999995 90 91
71.14199999999995 90 92
71.64299999999996 78 152
71.64299999999996 78 168
72.14399999999996 104 122
72.14399999999996 104 123
72.64499999999997 80 124
72.64499999999997 81 82
73.14599999999997 100 120
73.14599999999997 100 121
73.64699999999998 156 158
73.64699999999998 156 159
74.14799999999998 74 76
74.14799999999998 75 76
74.64899999999999 49 60
74.64899999999999 49 61
75.14999999999999 66 74
75.14999999999999 66 75
75.651 19 23
75.651 19 24
76.152 64 71
76.152 64 72
76.653 36 41
76.653 36 42
77.15400000000001 170 188
77.15400000000001 170 189
77.65500000000002 42 44
77.65500000000002 42 45
78.15600000000002 171 178
78.15600000000002 171 184
78.65700000000002 169 185
78.65700000000002 169 186
79.15800000000003 34 40
79.15800000000003 34 41
79.65900000000003 145 150
79.65900000000003 145 151
80.16000000000004 171 187
80.16000000000004 171 188
80.66100000000004 66 68
80.66100000000004 66 69
81.16200000000005 13 28
81.16200000000005 13 29
81.66300000000005 25 32
81.66300000000005 26 27
82.16400000000006 49 50
82.16400000000006 49 51
82.66500000000006 137 168
82.66500000000006 138 139
83.16600000000007 125 133
83.16600000000007 125 134
83.66700000000007 153 157
83.66700000000007 153 158
84.16800000000008 141 147
84.16800000000008 141 148
84.66900000000008 10 11
84.66900000000008 10 24
85.17000000000009 62 63
85.17000000000009 62 65
85.67100000000009 62 66
85.67100000000009 62 67
86.1720000000001 106 117
86.1720000000001 106 118
86.6730000000001 156 166
86.6730000000001 156 167
87.1740000000001 124 137
87.1740000000001 124 152
87.67500000000011 61 74
87.67500000000011 61 75
88.17600000000012 84 96
88.17600000000012 84 97
88.67700000000012 53 54
88.67700000000012 53 55
89.17800000000013 131 136
89.17800000000013 132 133
89.67900000000013 152 164
89.67900000000013 152 165
90.18000000000013 177 190
90.18000000000013 178 179
90.68100000000014 139 140
90.68100000000014 139 141
91.18200000000014 145 148
91.18200000000014 145 149
91.68300000000015 5 6
91.68300000000015 6 7
92.18400000000015 85 95
92.18400000000015 85 96
92.68500000000016 55 56
92.68500000000016 55 57
93.18600000000016 137 138
93.18600000000016 137 150
93.68700000000017 126 128
93.68700000000017 126 129
94.18800000000017 22 23
94.18800000000017 23 24
94.68900000000018 8 32
94.68900000000018 8 33
95.19000000000018 66 76
95.19000000000018 66 77
95.69100000000019 14 15
95.69100000000019 14 22
96.19200000000019 0 5
96.19200000000019 0 6
96.6930000000002 169 183
96.6930000000002 169 184
97.1940000000002 68 73
97.1940000000002 68 74
97.6950000000002 37 40
97.6950000000002 37 41
98.19600000000021 83 100
98.19600000000021 83 115
98.69700000000022 51 57
98.69700000000022 51 58
99.19800000000022 1 4
99.19800000000022 1 5
99.69900000000023 13 32
99.69900000000023 13 33
100.20000000000023 128 133
100.20000000000023 128 134
100.70100000000023 152 168
100.70100000000023 153 154
101.20200000000024 140 146
101.20200000000024 140 147
101.70300000000024 89 93
101.70300000000024 89 94
102.20400000000025 78 119
102.20400000000025 78 120
102.70500000000025 108 110
102.70500000000025 108 111
103.20600000000026 138 145
103.20600000000026 138 146
103.70700000000026 61 76
103.70700000000026 61 77
104.20800000000027 0 1
104.20800000000027 0 2
104.70900000000027 72 77
104.70900000000027 73 74
105.21000000000028 47 58
105.21000000000028 47 59
105.71100000000028 62 74
105.71100000000028 62 75
106.21200000000029 125 137
106.21200000000029 126 127
106.71300000000029 180 183
106.71300000000029 180 184
107.2140000000003 143 149
107.2140000000003 143 150
107.7150000000003 12 13
107.7150000000003 12 23
108.2160000000003 49 56
108.2160000000003 49 57
108.71700000000031 50 51
108.71700000000031 50 52
109.21800000000032 177 178
109.21800000000032 177 185
109.71900000000032 12 26
109.71900000000032 12 27
110.22000000000033 15 24
110.22000000000033 15 25
110.72100000000033 16 21
110.72100000000033 16 22
111.22200000000034 43 44
111.22200000000034 43 45
111.72300000000034 16 27
111.72300000000034 16 28
112.22400000000034 169 176
112.22400000000034 169 177
112.72500000000035 102 121
112.72500000000035 102 122
113.22600000000035 53 60
113.22600000000035 53 61
113.72700000000036 48 60
113.72700000000036 48 61
114.22800000000036 160 164
114.22800000000036 160 165
114.72900000000037 84 117
114.72900000000037 84 118
115.23000000000037 63 74
115.23000000000037 63 75
115.73100000000038 9 10
115.73100000000038 9 25
116.23200000000038 179 184
116.23200000000038 179 185
116.73300000000039 172 191
116.73300000000039 173 174
117.23400000000039 172 177
117.23400000000039 172 178
117.7350000000004 78 115
117.7350000000004 78 116
118.2360000000004 63 64
118.2360000000004 63 65
118.7370000000004 9 30
118.7370000000004 9 31
119.23800000000041 39 41
119.23800000000041 39 42
119.73900000000042 134 135
119.73900000000042 134 136
120.24000000000042 153 159
120.24000000000042 153 160
120.74100000000043 55 58
120.74100000000043 55 59
121.24200000000043 159 166
121.24200000000043 159 167
121.74300000000044 82 119
121.74300000000044 82 120
122.24400000000044 64 69
122.24400000000044 64 70
122.74500000000045 100 116
122.74500000000045 100 117
123.24600000000045 52 60
123.24600000000045 52 61
123.74700000000045 103 118
123.74700000000045 103 119
124.24800000000046 179 180
124.24800000000046 179 183
124.74900000000046 81 116
124.74900000000046 81 117
125.25000000000047 143 151
125.25000000000047 144 145
125.75100000000047 34 38
125.75100000000047 34 39
126.25200000000048 40 45
126.25200000000048 40 46
126.75300000000048 80 86
126.75300000000048 80 87
127.25400000000049 180 187
127.25400000000049 180 188
127.75500000000049 82 123
127.75500000000049 83 84
128.2560000000005 67 74
128.2560000000005 67 75
128.75700000000052 28 29
128.75700000000052 28 30
129.25800000000052 86 122
129.25800000000052 86 123
129.75900000000053 57 59
129.75900000000053 57 60
130.26000000000053 64 67
130.26000000000053 64 68
130.76100000000054 126 134
130.76100000000054 126 135
131.26200000000054 55 60
131.26200000000054 56 57
131.76300000000055 91 93
131.76300000000055 91 94
132.26400000000055 0 3
132.26400000000055 0 4
132.76500000000055 41 46
132.76500000000055 42 43
133.26600000000056 79 82
133.26600000000056 79 83
133.76700000000056 33 44
133.76700000000056 33 45
134.26800000000057 99 116
134.26800000000057 99 117
134.76900000000057 154 163
134.76900000000057 154 164
135.27000000000058 86 118
135.27000000000058 86 119
135.77100000000058 69 77
135.77100000000058 70 71
136.2720000000006 48 52
136.2720000000006 48 53
136.7730000000006 142 147
136.7730000000006 142 148
137.2740000000006 48 56
137.2740000000006 48 57
137.7750000000006 103 122
137.7750000000006 103 123
138.2760000000006 181 184
138.2760000000006 181 185
138.7770000000006 36 45
138.7770000000006 36 46
139.27800000000062 10 31
139.27800000000062 10 32
139.77900000000062 110 113
139.77900000000062 110 114
140.28000000000063 82 121
140.28000000000063 82 122
140.78100000000063 52 54
140.78100000000063 52 55
141.28200000000064 87 98
141.28200000000064 87 99
141.78300000000064 141 151
141.78300000000064 141 152
142.28400000000065 18 19
142.28400000000065 18 20
142.78500000000065 112 113
142.78500000000065 113 114
143.28600000000066 109 114
143.28600000000066 109 115
143.78700000000066 127 132
143.78700000000066 127 133
144.28800000000066 15 22
144.28800000000066 15 23
144.78900000000067 11 24
144.78900000000067 11 25
145.29000000000067 80 82
145.29000000000067 80 83
145.79100000000068 80 114
145.79100000000068 80 115
146.29200000000068 80 118
146.29200000000068 80 119
146.7930000000007 18 25
146.7930000000007 19 20
147.2940000000007 10 29
147.2940000000007 10 30
147.7950000000007 86 120
147.7950000000007 86 121
148.2960000000007 38 42
148.2960000000007 38 43
148.7970000000007 107 111
148.7970000000007 107 112
149.2980000000007 105 122
149.2980000000007 105 123
149.79900000000072 7 8
149.79900000000072 7 32
150.30000000000072 172 173
150.30000000000072 172 174
150.80100000000073 14 29
150.80100000000073 14 30
151.30200000000073 85 120
151.30200000000073 85 121
151.80300000000074 88 93
151.80300000000074 88 94
152.30400000000074 66 70
152.30400000000074 66 71
152.80500000000075 52 56
152.80500000000075 52 57
153.30600000000075 102 115
153.30600000000075 102 116
153.80700000000076 157 159
153.80700000000076 157 160
154.30800000000076 78 93
154.30800000000076 78 94
154.80900000000076 107 119
154.80900000000076 107 120
155.31000000000077 137 151
155.31000000000077 137 152
155.81100000000077 181 186
155.81100000000077 181 187
156.31200000000078 131 134
156.31200000000078 131 135
156.81300000000078 109 112
156.81300000000078 109 113
157.3140000000008 17 21
157.3140000000008 17 22
157.8150000000008 142 143
157.8150000000008 142 144
158.3160000000008 46 47
158.3160000000008 47 48
158.8170000000008 106 113
158.8170000000008 106 114
159.3180000000008 17 31
159.3180000000008 17 32
159.8190000000008 35 38
159.8190000000008 35 39
160.32000000000082 171 189
160.32000000000082 171 190
160.82100000000082 139 148
160.82100000000082 139 149
161.32200000000083 65 75
161.32200000000083 65 76
161.82300000000083 47 77
161.82300000000083 48 49
162.32400000000084 20 23
162.32400000000084 21 22
162.82500000000084 93 95
162.82500000000084 94 95
163.32600000000085 83 85
163.32600000000085 83 95
163.82700000000085 100 122
163.82700000000085 100 123
164.32800000000086 64 77
164.32800000000086 65 66
164.82900000000086 158 165
164.82900000000086 158 166
165.33000000000087 157 165
165.33000000000087 157 166
165.83100000000087 118 120
165.83100000000087 118 121
166.33200000000087 87 96
166.33200000000087 87 97
166.83300000000088 78 95
166.83300000000088 78 96
167.33400000000088 132 136
167.33400000000088 133 134
167.8350000000009 17 23
167.8350000000009 17 24
168.3360000000009 107 115
168.3360000000009 107 116
168.8370000000009 143 147
168.8370000000009 143 148
169.3380000000009 173 190
169.3380000000009 173 191
169.8390000000009 173 188
169.8390000000009 173 189
170.3400000000009 156 160
170.3400000000009 156 161
170.84100000000092 67 68
170.84100000000092 67 69
171.34200000000092 88 95
171.34200000000092 88 96
171.84300000000093 101 116
171.84300000000093 101 117
172.34400000000093 80 94
172.34400000000093 80 95
172.84500000000094 101 118
172.84500000000094 101 119
173.34600000000094 68 75
173.34600000000094 68 76
173.84700000000095 101 102
173.84700000000095 101 115
174.34800000000095 86 97
174.34800000000095 86 98
174.84900000000096 47 56
174.84900000000096 47 57
175.35000000000096 37 42
175.35000000000096 37 43
175.85100000000097 154 165
175.85100000000097 154 166
176.35200000000097 48 54
176.35200000000097 48 55
176.85300000000097 83 116
176.85300000000097 83 117
177.35400000000098 125 131
177.35400000000098 125 132
177.85500000000098 141 143
177.85500000000098 141 144
178.356000000001 158 163
178.356000000001 158 164
178.857000000001 26 28
178.857000000001 26 29
179.358000000001 59 60
179.358000000001 60 61
179.859000000001 169 189
179.859000000001 169 190
180.360000000001 82 83
180.360000000001 82 84
180.861000000001 159 168
180.861000000001 160 161
181.36200000000102 11 32
181.36200000000102 11 33
181.86300000000102 53 58
181.86300000000102 53 59
182.36400000000103 50 53
182.36400000000103 50 54
182.86500000000103 65 77
182.86500000000103 66 67
183.36600000000104 28 31
183.36600000000104 28 32
183.86700000000104 175 176
183.86700000000104 175 185
184.36800000000105 103 120
184.36800000000105 103 121
184.86900000000105 169 191
184.86900000000105 169 192
185.37000000000106 170 192
185.37000000000106 170 193
185.87100000000106 38 40
185.87100000000106 38 41
186.37200000000107 126 136
186.37200000000107 126 137
186.87300000000107 70 76
186.87300000000107 70 77
187.37400000000108 12 24
187.37400000000108 12 25
187.87500000000108 63 66
187.87500000000108 63 67
188.37600000000108 63 68
188.37600000000108 63 69
188.8770000000011 170 190
188.8770000000011 170 191
189.3780000000011 10 25
189.3780000000011 10 26
189.8790000000011 107 123
189.8790000000011 108 109
190.3800000000011 11 28
190.3800000000011 11 29
190.8810000000011 62 76
190.8810000000011 62 77
191.3820000000011 15 26
191.3820000000011 15 27
191.88300000000112 29 30
191.88300000000112 29 31
192.38400000000112 79 86
192.38400000000112 79 87
192.88500000000113 20 21
192.88500000000113 20 22
193.38600000000113 85 118
193.38600000000113 85 119
193.88700000000114 81 99
193.88700000000114 81 100
194.38800000000114 153 163
194.38800000000114 153 164
194.88900000000115 117 123
194.88900000000115 118 119
195.39000000000115 162 167
195.39000000000115 162 168
195.89100000000116 37 44
195.89100000000116 37 45
196.39200000000116 84 121
196.39200000000116 84 122
196.89300000000117 83 96
196.89300000000117 83 97
197.39400000000117 128 135
197.39400000000117 128 136
197.89500000000118 124 133
197.89500000000118 124 134
198.39600000000118 50 61
198.39600000000118 51 52
198.89700000000119 48 50
198.89700000000119 48 51
199.3980000000012 142 151
199.3980000000012 143 144
199.8990000000012 171 185
199.8990000000012 171 186
200.4000000000012 88 122
200.4000000000012 88 123
200.9010000000012 48 58
200.9010000000012 48 59
201.4020000000012 78 123
201.4020000000012 78 124
201.9030000000012 156 168
201.9030000000012 157 158
202.40400000000122 154 167
202.40400000000122 154 168
202.90500000000122 182 183
202.90500000000122 182 184
203.40600000000123 11 30
203.40600000000123 11 31
203.90700000000123 129 131
203.90700000000123 129 132
204.40800000000124 38 44
204.40800000000124 38 45
204.90900000000124 102 117
204.90900000000124 102 118
205.41000000000125 79 80
205.41000000000125 79 81
205.91100000000125 53 56
205.91100000000125 53 57
206.41200000000126 120 121
206.41200000000126 120 122
206.91300000000126 13 24
206.91300000000126 13 25
207.41400000000127 130 136
207.41400000000127 130 137
207.91500000000127 71 76
207.91500000000127 71 77
208.41600000000128 155 158
208.41600000000128 155 159
208.91700000000128 180 185
208.91700000000128 180 186
209.41800000000129 33 46
209.41800000000129 33 47
209.9190000000013 47 60
209.9190000000013 47 61
210.4200000000013 100 118
210.4200000000013 100 119
210.9210000000013 78 117
210.9210000000013 78 118
211.4220000000013 82 117
211.4220000000013 82 118
211.9230000000013 68 77
211.9230000000013 69 70
212.4240000000013 99 122
212.4240000000013 99 123
212.92500000000132 152 160
212.92500000000132 152 161
213.42600000000132 105 116
213.42600000000132 105 117
213.92700000000133 62 70
213.92700000000133 62 71
214.42800000000133 141 149
214.42800000000133 141 150
214.92900000000134 147 149
214.92900000000134 147 150
215.43000000000134 116 117
215.43000000000134 116 120
215.93100000000135 144 148
215.93100000000135 144 149
216.43200000000135 175 188
216.43200000000135 175 189
216.93300000000136 98 121
216.93300000000136 98 122
217.43400000000136 192 193
217.43400000000136 193 194
217.93500000000137 148 150
217.93500000000137 148 151
218.43600000000137 84 85
218.43600000000137 84 95
218.93700000000138 16 31
218.93700000000138 16 32
219.43800000000138 81 83
219.43800000000138 81 84
219.93900000000139 10 27
219.93900000000139 10 28
220.4400000000014 69 73
220.4400000000014 69 74
220.9410000000014 104 120
220.9410000000014 104 121
221.4420000000014 36 39
221.4420000000014 36 40
221.9430000000014 64 65
221.9430000000014 64 66
222.4440000000014 139 150
222.4440000000014 139 151
222.94500000000141 124 168
222.94500000000141 125 126
223.44600000000142 182 187
223.44600000000142 183 184
223.94700000000142 72 73
223.94700000000142 72 74
224.44800000000143 109 110
224.44800000000143 109 111
224.94900000000143 197 199
224.94900000000143 198 199
225.45000000000144 50 55
225.45000000000144 50 56
225.95100000000144 159 164
225.95100000000144 159 165
226.45200000000145 128 129
226.45200000000145 128 130
226.95300000000145 142 149
226.95300000000145 142 150
227.45400000000146 172 185
227.45400000000146 172 186
227.95500000000146 62 72
227.95500000000146 62 73
228.45600000000147 14 27
228.45600000000147 14 28
228.95700000000147 78 121
228.95700000000147 78 122
229.45800000000148 138 143
229.45800000000148 138 144
229.95900000000148 80 122
229.95900000000148 80 123
230.4600000000015 155 156
230.4600000000015 155 157
230.9610000000015 177 186
230.9610000000015 177 187
231.4620000000015 78 97
231.4620000000015 78 98
231.9630000000015 169 174
231.9630000000015 169 175
232.4640000000015 163 168
232.4640000000015 164 165
232.9650000000015 80 96
232.9650000000015 80 97
233.46600000000151 81 101
233.46600000000151 81 102
233.96700000000152 78 137
233.96700000000152 78 151
234.46800000000152 65 73
234.46800000000152 65 74
234.96900000000153 67 72
234.96900000000153 67 73
235.47000000000153 51 55
235.47000000000153 51 56
235.97100000000154 105 118
235.97100000000154 105 119
236.47200000000154 130 134
236.47200000000154 130 135
236.97300000000155 157 161
236.97300000000155 157 162
237.47400000000155 51 53
237.47400000000155 51 54
237.97500000000156 34 35
237.97500000000156 34 37
238.47600000000156 85 97
238.47600000000156 85 98
238.97700000000157 78 101
238.97700000000157 78 102
239.47800000000157 160 162
239.47800000000157 160 163
239.97900000000158 125 129
239.97900000000158 125 130
240.48000000000158 15 32
240.48000000000158 16 17
240.9810000000016 80 100
240.9810000000016 80 101
241.4820000000016 179 188
241.4820000000016 179 189
241.9830000000016 127 128
241.9830000000016 127 129
242.4840000000016 127 130
242.4840000000016 127 131
242.9850000000016 82 98
242.9850000000016 82 99
243.4860000000016 12 32
243.4860000000016 12 33
243.98700000000161 73 77
243.98700000000161 74 75
244.48800000000162 40 41
244.48800000000162 40 42
244.98900000000162 8 30
244.98900000000162 8 31
245.49000000000163 54 57
245.49000000000163 54 58
245.99100000000163 50 57
245.99100000000163 50 58
246.49200000000164 15 28
246.49200000000164 15 29
246.99300000000164 61 62
246.99300000000164 61 73
247.49400000000165 9 32
247.49400000000165 9 33
247.99500000000165 79 94
247.99500000000165 79 95
248.49600000000166 87 119
248.49600000000166 87 120
248.99700000000166 144 146
248.99700000000166 144 147
249.49800000000167 89 97
249.49800000000167 89 98
249.99900000000167 14 25
249.99900000000167 14 26
250.50000000000168 157 167
250.50000000000168 157 168
251.00100000000168 176 187
251.00100000000168 176 188
251.5020000000017 67 70
251.5020000000017 67 71
252.0030000000017 104 116
252.0030000000017 104 117
252.5040000000017 78 87
252.5040000000017 78 88
253.0050000000017 125 127
253.0050000000017 125 128
253.5060000000017 138 149
253.5060000000017 138 150
254.0070000000017 67 76
254.0070000000017 67 77
254.50800000000172 13 26
254.50800000000172 13 27
255.00900000000172 84 119
255.00900000000172 84 120
255.51000000000172 82 100
255.51000000000172 82 101
256.0110000000017 79 115
256.0110000000017 79 116
256.51200000000165 71 72
256.51200000000165 71 73
257.0130000000016 103 116
257.0130000000016 103 117
257.5140000000016 37 46
257.5140000000016 38 39
258.0150000000016 172 175
258.0150000000016 172 176
258.51600000000155 104 118
258.51600000000155 104 119
259.01700000000153 32 33
259.01700000000153 33 34
259.5180000000015 170 172
259.5180000000015 170 173
260.0190000000015 171 174
260.0190000000015 171 175
260.52000000000146 135 136
260.52000000000146 136 137
261.02100000000144 84 98
261.02100000000144 84 99
261.5220000000014 79 123
261.5220000000014 79 124
262.0230000000014 140 152
262.0230000000014 141 142
262.52400000000137 152 162
262.52400000000137 152 163
263.02500000000134 169 187
263.02500000000134 169 188
263.5260000000013 1 2
263.5260000000013 1 3
264.0270000000013 108 112
264.0270000000013 108 113
264.52800000000127 158 159
264.52800000000127 158 160
265.02900000000125 70 74
265.02900000000125 70 75
265.5300000000012 85 99
265.5300000000012 85 100
266.0310000000012 169 170
266.0310000000012 169 173
266.5320000000012 11 26
266.5320000000012 11 27
267.03300000000115 79 121
267.03300000000115 79 122
267.53400000000113 153 155
267.53400000000113 153 156
268.0350000000011 79 119
268.0350000000011 79 120
268.5360000000011 77 137
268.5360000000011 77 151
269.03700000000106 82 94
269.03700000000106 82 95
269.53800000000103 126 132
269.53800000000103 126 133
270.039000000001 101 122
270.039000000001 101 123
270.540000000001 78 83
270.540000000001 78 84
271.04100000000096 138 147
271.04100000000096 138 148
271.54200000000094 183 185
271.54200000000094 183 186
272.0430000000009 102 123
272.0430000000009 103 104
272.5440000000009 86 99
272.5440000000009 86 117
273.04500000000087 27 29
273.04500000000087 27 30
273.54600000000084 78 85
273.54600000000084 78 86
274.0470000000008 2 3
274.0470000000008 2 4
274.5480000000008 68 69
274.5480000000008 68 70
275.0490000000008 78 103
275.0490000000008 78 104
275.55000000000075 176 189
275.55000000000075 176 190
276.0510000000007 35 42
276.0510000000007 35 43
276.5520000000007 85 122
276.5520000000007 85 123
277.0530000000007 19 21
277.0530000000007 19 22
277.55400000000066 154 155
277.55400000000066 154 156
278.05500000000063 179 186
278.05500000000063 179 187
278.5560000000006 102 103
278.5560000000006 102 114
279.0570000000006 79 168
279.0570000000006 80 81
279.55800000000056 34 44
279.55800000000056 34 45
280.05900000000054 144 150
280.05900000000054 144 151
280.5600000000005 88 97
280.5600000000005 88 98
281.0610000000005 12 30
281.0610000000005 12 31
281.56200000000047 81 118
281.56200000000047 81 119
282.06300000000044 63 72
282.06300000000044 63 73
282.5640000000004 139 152
282.5640000000004 140 141
283.0650000000004 158 161
283.0650000000004 158 162
283.5660000000004 83 120
283.5660000000004 83 121
284.06700000000035 143 145
284.06700000000035 143 146
284.5680000000003 79 117
284.5680000000003 79 118
285.0690000000003 79 100
285.0690000000003 79 101
285.5700000000003 81 120
285.5700000000003 81 121
286.07100000000025 81 95
286.07100000000025 81 96
286.57200000000023 87 94
286.57200000000023 87 95
287.0730000000002 164 166
287.0730000000002 164 167
287.5740000000002 56 58
287.5740000000002 56 59
288.07500000000016 106 123
288.07500000000016 107 108
288.57600000000014 129 135
288.57600000000014 129 136
289.0770000000001 141 145
289.0770000000001 141 146
289.5780000000001 154 161
289.5780000000001 154 162
290.07900000000006 171 176
290.07900000000006 171 177
290.58000000000004 139 142
290.58000000000004 139 143
291.081 188 189
291.081 189 190
291.582 16 23
291.582 16 24
292.08299999999997 178 186
292.08299999999997 178 187
292.58399999999995 154 159
292.58399999999995 154 160
293.0849999999999 178 184
293.0849999999999 178 185
293.5859999999999 73 75
293.5859999999999 73 76
294.0869999999999 164 168
294.0869999999999 165 166
294.58799999999985 77 121
294.58799999999985 77 122
295.0889999999998 106 121
295.0889999999998 106 122
295.5899999999998 36 37
295.5899999999998 36 38
296.0909999999998 146 147
296.0909999999998 146 148
296.59199999999976 116 123
296.59199999999976 117 118
297.09299999999973 184 185
297.09299999999973 185 186
297.5939999999997 15 30
297.5939999999997 15 31
298.0949999999997 39 43
298.0949999999997 39 44
298.59599999999966 133 135
298.59599999999966 133 136
299.09699999999964 90 95
299.09699999999964 90 96
299.5979999999996 196 197
299.5979999999996 197 198
300.0989999999996 82 85
300.0989999999996 82 86
300.59999999999957 173 186
300.59999999999957 173 187
301.10099999999954 104 114
301.10099999999954 104 115
301.6019999999995 175 186
301.6019999999995 175 187
302.1029999999995 129 137
302.1029999999995 130 131
302.6039999999995 154 157
302.6039999999995 154 158
303.10499999999945 40 43
303.10499999999945 40 44
303.6059999999994 129 133
303.6059999999994 129 134
304.1069999999994 128 131
304.1069999999994 128 132
304.6079999999994 108 116
304.6079999999994 108 121
305.10899999999936 44 45
305.10899999999936 45 46
305.60999999999933 162 163
305.60999999999933 162 164
306.1109999999993 175 190
306.1109999999993 176 177
306.6119999999993 105 120
306.6119999999993 105 121
307.11299999999926 81 97
307.11299999999926 81 98
307.61399999999924 89 90
307.61399999999924 89 92
308.1149999999992 139 146
308.1149999999992 139 147
308.6159999999992 99 118
308.6159999999992 99 119
309.11699999999917 83 122
309.11699999999917 83 123
309.61799999999914 47 54
309.61799999999914 47 55
310.1189999999991 34 46
310.1189999999991 34 47
310.6199999999991 72 75
310.6199999999991 72 76
311.12099999999907 79 96
311.12099999999907 79 97
311.62199999999905 172 187
311.62199999999905 172 188
312.122999999999 114 115
312.122999999999 115 116
312.623999999999 157 163
312.623999999999 157 164
313.124999999999 86 95
313.124999999999 86 96
313.62599999999895 160 168
313.62599999999895 161 162
314.12699999999893 7 33
314.12699999999893 8 9
314.6279999999989 86 87
314.6279999999989 86 94
315.1289999999989 153 165
315.1289999999989 153 166
315.62999999999886 17 18
315.62999999999886 17 20
316.13099999999883 79 88
316.13099999999883 79 93
316.6319999999988 84 123
316.6319999999988 85 86
317.1329999999988 95 96
317.1329999999988 96 97
317.63399999999876 105 114
317.63399999999876 105 115
318.13499999999874 173 177
318.13499999999874 173 185
318.6359999999987 64 75
318.6359999999987 64 76
319.1369999999987 106 107
319.1369999999987 106 112
319.63799999999867 106 119
319.63799999999867 106 120
320.13899999999865 119 121
320.13899999999865 119 122
320.6399999999986 170 176
320.6399999999986 170 177
321.1409999999986 9 28
321.1409999999986 9 29
321.6419999999986 65 67
321.6419999999986 65 68
322.14299999999855 194 195
322.14299999999855 195 196
322.6439999999985 91 95
322.6439999999985 91 96
323.1449999999985 65 71
323.1449999999985 65 72
323.6459999999985 81 87
323.6459999999985 81 94
324.14699999999846 161 163
324.14699999999846 161 164
324.64799999999843 163 166
324.64799999999843 163 167
325.1489999999984 78 99
325.1489999999984 78 100
325.6499999999984 151 152
325.6499999999984 152 153
326.15099999999836 82 96
326.15099999999836 82 97
326.65199999999834 18 23
326.65199999999834 18 24
327.1529999999983 174 189
327.1529999999983 174 190
327.6539999999983 3 4
327.6539999999983 4 5
328.15499999999827 180 181
328.15499999999827 180 182
328.65599999999824 71 74
328.65599999999824 71 75
329.1569999999982 12 28
329.1569999999982 12 29
329.6579999999982 10 33
329.6579999999982 11 12
330.1589999999982 38 46
330.1589999999982 39 40
330.65999999999815 161 167
330.65999999999815 161 168
331.1609999999981 172 189
331.1609999999981 172 190
331.6619999999981 100 101
331.6619999999981 100 115
332.1629999999981 25 30
332.1629999999981 25 31
332.66399999999805 79 98
332.66399999999805 79 99
333.16499999999803 165 167
333.16499999999803 166 167
333.665999999998 41 42
333.665999999998 41 43
334.166999999998 70 72
334.166999999998 70 73
334.66799999999796 106 115
334.66799999999796 106 116
335.16899999999794 174 175
335.16899999999794 174 176
335.6699999999979 101 120
335.6699999999979 101 121
336.1709999999979 56 60
336.1709999999979 57 58
336.67199999999787 159 160
336.67199999999787 159 161
337.17299999999784 35 44
337.17299999999784 35 45
337.6739999999978 174 187
337.6739999999978 174 188
338.1749999999978 83 118
338.1749999999978 83 119
338.67599999999777 107 121
338.67599999999777 107 122
339.17699999999775 146 149
339.17699999999775 146 150
339.6779999999977 80 116
339.6779999999977 80 117
340.1789999999977 49 52
340.1789999999977 49 53
340.6799999999977 13 30
340.6799999999977 13 31
341.18099999999765 51 61
341.18099999999765 52 53
341.68199999999763 171 172
341.68199999999763 171 173
342.1829999999976 69 75
342.1829999999976 69 76
342.6839999999976 76 77
342.6839999999976 77 78
343.18499999999756 161 165
343.18499999999756 161 166
