0 117 124
0 117 125
1.5 60 69
1.5 60 70
3.0 68 71
3.0 68 72
4.5 163 176
4.5 163 177
6.0 67 69
6.0 67 70
7.5 170 177
7.5 170 178
9.0 36 55
9.0 36 56
10.5 68 73
10.5 68 74
12.0 57 82
12.0 57 107
13.5 60 71
13.5 60 72
15.0 116 129
15.0 116 130
16.5 174 177
16.5 175 176
18.0 110 128
18.0 110 129
19.5 22 24
19.5 22 25
21.0 115 122
21.0 115 123
22.5 162 175
22.5 162 176
24.0 40 49
24.0 40 50
25.5 188 198
25.5 188 199
27.0 143 146
27.0 143 147
28.5 140 153
28.5 140 154
30.0 64 76
30.0 64 77
31.5 121 126
31.5 121 127
33.0 14 23
33.0 14 24
34.5 89 98
34.5 89 99
36.0 134 135
36.0 134 147
37.5 13 20
37.5 13 21
39.0 4 5
39.0 5 6
40.5 64 78
40.5 64 79
42.0 87 95
42.0 87 96
43.5 110 126
43.5 110 127
45.0 60 61
45.0 60 68
46.5 163 174
46.5 163 175
48.0 161 179
48.0 161 180
49.5 116 123
49.5 116 124
51.0 20 24
51.0 20 25
52.5 61 75
52.5 61 76
54.0 13 22
54.0 13 23
55.5 173 177
55.5 173 178
57.0 144 153
57.0 144 154
58.5 21 27
58.5 22 23
60.0 39 53
60.0 39 54
61.5 36 45
61.5 36 46
63.0 48 52
63.0 49 50
64.5 45 51
64.5 45 52
66.0 167 171
66.0 167 172
67.5 34 51
67.5 34 52
69.0 36 53
69.0 36 54
70.5 117 122
70.5 117 123
72.0 114 124
72.0 114 125
73.5 138 145
73.5 138 146
75.0 61 67
75.0 61 68
76.5 63 77
76.5 63 78
78.0 159 175
78.0 159 176
79.5 113 131
79.5 114 115
81.0 141 142
81.0 141 143
82.5 39 49
82.5 39 50
84.0 7 31
84.0 7 32
85.5 114 126
85.5 114 127
87.0 184 198
87.0 184 199
88.5 82 183
88.5 83 84
90.0 14 29
90.0 14 30
91.5 62 67
91.5 62 68
93.0 86 102
93.0 86 103
94.5 82 107
94.5 82 132
96.0 117 120
96.0 117 121
97.5 139 143
97.5 139 144
99.0 10 26
99.0 10 27
100.5 96 100
100.5 96 101
102.0 15 20
102.0 15 21
103.5 115 124
103.5 115 125
105.0 112 116
105.0 112 117
106.5 35 53
106.5 35 54
108.0 65 66
108.0 65 67
109.5 161 175
109.5 161 176
111.0 112 118
111.0 112 119
112.5 179 180
112.5 180 181
114.0 117 126
114.0 117 127
115.5 131 132
115.5 132 133
117.0 134 152
117.0 134 153
118.5 11 17
118.5 11 18
120.0 147 152
120.0 147 153
121.5 137 156
121.5 137 157
123.0 84 100
123.0 84 101
124.5 118 124
124.5 118 125
126.0 85 97
126.0 85 98
127.5 149 152
127.5 150 151
129.0 60 81
129.0 60 82
130.5 170 175
130.5 170 176
132.0 47 50
132.0 47 51
133.5 159 181
133.5 159 182
135.0 9 30
135.0 9 31
136.5 112 120
136.5 112 121
138.0 107 131
138.0 107 132
139.5 93 94
139.5 93 95
141.0 90 92
141.0 90 93
142.5 134 156
142.5 134 157
144.0 32 54
144.0 32 55
145.5 16 26
145.5 16 27
147.0 82 103
147.0 82 104
148.5 146 148
148.5 146 149
150.0 143 154
150.0 143 155
151.5 17 19
151.5 17 20
153.0 17 29
153.0 18 19
154.5 69 71
154.5 69 72
156.0 189 194
156.0 189 195
157.5 177 178
157.5 178 179
159.0 136 156
159.0 136 157
160.5 116 119
160.5 116 120
162.0 85 107
162.0 86 87
163.5 142 144
163.5 142 145
165.0 12 22
165.0 12 23
166.5 142 154
166.5 142 155
168.0 87 91
168.0 87 92
169.5 114 116
169.5 114 117
171.0 43 47
171.0 43 48
172.5 20 22
172.5 20 23
174.0 37 54
174.0 37 55
175.5 142 152
175.5 142 153
177.0 57 80
177.0 57 81
178.5 137 152
178.5 137 153
180.0 64 72
180.0 64 73
181.5 89 92
181.5 89 93
183.0 110 122
183.0 110 123
184.5 166 175
184.5 166 176
186.0 7 107
186.0 7 132
187.5 120 126
187.5 120 127
189.0 26 27
189.0 27 28
190.5 198 199
192.0 140 147
192.0 140 148
193.5 87 103
193.5 87 104
195.0 175 177
195.0 176 177
196.5 59 73
196.5 59 74
198.0 196 198
198.0 196 199
199.5 89 106
199.5 90 91
201.0 18 26
201.0 18 27
202.5 113 121
202.5 113 122
204.0 85 105
204.0 85 106
205.5 101 102
205.5 102 103
207.0 32 52
207.0 32 53
208.5 44 49
208.5 44 50
210.0 137 146
210.0 137 147
211.5 136 146
211.5 136 147
213.0 187 197
213.0 187 198
214.5 110 120
214.5 110 121
216.0 113 117
216.0 113 118
217.5 93 96
217.5 93 97
219.0 36 51
219.0 36 52
220.5 193 196
220.5 193 197
222.0 140 143
222.0 140 144
223.5 141 146
223.5 141 147
225.0 164 168
225.0 164 169
226.5 90 98
226.5 90 99
228.0 167 173
228.0 167 174
229.5 66 78
229.5 66 79
231.0 121 128
231.0 122 123
232.5 94 104
232.5 95 96
234.0 136 152
234.0 136 153
235.5 47 52
235.5 48 49
237.0 12 18
237.0 12 19
238.5 189 196
238.5 189 197
240.0 39 43
240.0 39 44
241.5 85 86
241.5 85 94
243.0 161 181
243.0 161 182
244.5 110 130
244.5 110 131
246.0 119 129
246.0 120 121
247.5 113 127
247.5 113 128
249.0 110 124
249.0 110 125
250.5 38 46
250.5 38 47
252.0 186 197
252.0 186 198
253.5 113 129
253.5 113 130
255.0 40 43
255.0 40 44
256.5 166 179
256.5 166 180
258.0 80 81
258.0 81 82
259.5 94 100
259.5 94 101
261.0 191 199
261.0 192 193
262.5 68 79
262.5 69 70
264.0 64 66
264.0 64 67
265.5 66 80
265.5 67 68
267.0 85 99
267.0 85 100
268.5 111 127
268.5 111 128
270.0 7 181
270.0 7 182
271.5 24 26
271.5 25 26
273.0 197 198
273.0 197 199
274.5 35 55
274.5 35 56
276.0 111 117
276.0 111 118
277.5 189 198
277.5 189 199
279.0 189 190
279.0 189 191
280.5 192 194
280.5 192 195
282.0 14 25
282.0 14 26
283.5 122 124
283.5 122 125
285.0 162 179
285.0 162 180
286.5 159 177
286.5 159 178
288.0 20 28
288.0 21 22
289.5 71 77
289.5 71 78
291.0 115 116
291.0 115 117
292.5 28 29
292.5 29 30
294.0 93 104
294.0 94 95
295.5 88 101
295.5 88 102
297.0 185 197
297.0 185 198
298.5 135 150
298.5 135 151
300.0 8 26
300.0 8 27
301.5 74 76
301.5 75 76
303.0 140 145
303.0 140 146
304.5 141 144
304.5 141 145
306.0 91 99
306.0 91 100
307.5 39 55
307.5 39 56
309.0 61 73
309.0 61 74
310.5 19 22
310.5 19 23
312.0 86 94
312.0 86 95
313.5 111 121
313.5 111 122
315.0 195 199
315.0 196 197
316.5 16 28
316.5 16 29
318.0 122 128
318.0 123 124
319.5 43 45
319.5 43 46
321.0 9 26
321.0 9 27
322.5 97 100
322.5 97 101
324.0 111 129
324.0 111 130
325.5 16 30
325.5 17 18
327.0 66 70
327.0 66 71
328.5 34 53
328.5 34 54
330.0 14 21
330.0 14 22
331.5 86 106
331.5 86 107
333.0 112 122
333.0 112 123
334.5 60 73
334.5 60 74
336.0 39 45
336.0 39 46
337.5 188 194
337.5 188 195
339.0 67 71
339.0 67 72
340.5 118 122
340.5 118 123
342.0 141 156
342.0 142 143
343.5 107 108
343.5 107 128
345.0 147 150
345.0 147 151
346.5 88 93
346.5 88 94
348.0 44 45
348.0 44 46
349.5 140 149
349.5 140 150
351.0 97 102
351.0 98 99
352.5 37 44
352.5 37 45
354.0 63 73
354.0 63 74
355.5 35 51
355.5 35 52
357.0 65 70
357.0 65 71
358.5 88 89
358.5 88 90
360.0 138 157
360.0 139 140
361.5 34 47
361.5 34 48
363.0 145 148
363.0 145 149
364.5 7 29
364.5 7 30
366.0 138 147
366.0 138 148
367.5 46 50
367.5 46 51
369.0 84 96
369.0 84 97
370.5 44 51
370.5 44 52
372.0 186 195
372.0 186 196
373.5 171 179
373.5 172 173
375.0 153 154
375.0 154 155
376.5 90 94
376.5 90 95
378.0 164 170
378.0 164 171
379.5 168 175
379.5 168 176
381.0 108 125
381.0 108 126
382.5 38 48
382.5 38 49
384.0 10 22
384.0 10 23
385.5 44 47
385.5 44 48
387.0 187 199
387.0 188 189
388.5 38 50
388.5 38 51
390.0 187 195
390.0 187 196
391.5 144 149
391.5 144 150
393.0 84 102
393.0 84 103
394.5 8 30
394.5 8 31
396.0 114 128
396.0 114 129
397.5 65 76
397.5 65 77
399.0 16 18
399.0 16 19
400.5 147 148
400.5 147 149
402.0 72 73
402.0 72 74
403.5 142 150
403.5 142 151
405.0 89 102
405.0 89 103
406.5 171 175
406.5 171 176
408.0 148 149
408.0 148 150
409.5 58 82
409.5 59 60
411.0 120 122
411.0 120 123
412.5 39 51
412.5 39 52
414.0 90 102
414.0 90 103
415.5 61 69
415.5 61 70
417.0 166 167
417.0 166 168
418.5 61 62
418.5 61 66
420.0 137 144
420.0 137 145
421.5 40 55
421.5 41 42
423.0 66 74
423.0 66 75
424.5 116 125
424.5 116 126
426.0 139 147
426.0 139 148
427.5 123 127
427.5 124 125
429.0 92 100
429.0 92 101
430.5 35 43
430.5 35 44
432.0 157 158
432.0 157 180
433.5 71 75
433.5 71 76
435.0 82 105
435.0 82 106
436.5 112 132
436.5 113 114
438.0 40 53
438.0 40 54
439.5 112 130
439.5 112 131
441.0 44 53
441.0 45 46
442.5 70 76
442.5 70 77
444.0 87 99
444.0 87 100
445.5 118 130
445.5 119 120
447.0 41 47
447.0 41 48
448.5 92 98
448.5 92 99
450.0 43 49
450.0 43 50
451.5 190 195
451.5 190 196
453.0 118 126
453.0 118 127
454.5 18 28
454.5 18 29
456.0 117 118
456.0 117 119
457.5 137 148
457.5 137 149
459.0 11 23
459.0 11 24
460.5 142 146
460.5 142 147
462.0 145 146
462.0 145 147
463.5 95 103
463.5 96 97
465.0 170 171
465.0 170 172
466.5 11 31
466.5 12 13
468.0 62 65
468.0 62 66
469.5 60 79
469.5 60 80
471.0 12 26
471.0 12 27
472.5 11 29
472.5 11 30
474.0 166 169
474.0 166 170
475.5 96 102
475.5 96 103
477.0 192 198
477.0 192 199
478.5 137 138
478.5 137 141
480.0 10 28
480.0 10 29
481.5 194 197
481.5 194 198
483.0 113 115
483.0 113 116
484.5 173 175
484.5 173 176
486.0 47 48
486.0 47 49
487.5 12 20
487.5 12 21
489.0 9 24
489.0 9 25
490.5 115 130
490.5 115 131
492.0 85 95
492.0 85 96
493.5 70 72
493.5 70 73
495.0 66 72
495.0 66 73
496.5 120 124
496.5 120 125
498.0 87 105
498.0 87 106
499.5 19 28
499.5 20 21
501.0 96 98
501.0 96 99
502.5 168 179
502.5 168 180
504.0 151 152
504.0 152 153
505.5 63 69
505.5 63 70
507.0 59 79
507.0 59 80
508.5 63 81
508.5 64 65
510.0 168 173
510.0 168 174
511.5 92 102
511.5 92 103
513.0 159 173
513.0 159 174
514.5 137 142
514.5 137 143
516.0 107 129
516.0 107 130
517.5 117 130
517.5 118 119
519.0 68 69
519.0 68 70
520.5 10 24
520.5 10 25
522.0 9 32
522.0 10 11
523.5 112 124
523.5 112 125
525.0 143 150
525.0 143 151
526.5 138 149
526.5 138 150
528.0 169 170
528.0 169 171
529.5 88 105
529.5 88 106
531.0 37 42
531.0 37 43
532.5 123 125
532.5 123 126
534.0 37 50
534.0 37 51
535.5 63 71
535.5 63 72
537.0 164 178
537.0 164 179
538.5 64 68
538.5 64 69
540.0 35 49
540.0 35 50
541.5 35 45
541.5 35 46
543.0 85 101
543.0 85 102
544.5 63 79
544.5 63 80
546.0 114 118
546.0 114 119
547.5 8 24
547.5 8 25
549.0 17 27
549.0 17 28
550.5 11 25
550.5 11 26
552.0 161 177
552.0 161 178
553.5 57 58
553.5 57 77
555.0 18 20
555.0 18 21
556.5 42 48
556.5 42 49
558.0 137 150
558.0 137 151
559.5 37 56
559.5 38 39
561.0 62 79
561.0 62 80
562.5 163 180
562.5 163 181
564.0 141 148
564.0 141 149
565.5 165 168
565.5 165 169
567.0 35 47
567.0 35 48
568.5 87 97
568.5 87 98
570.0 9 28
570.0 9 29
571.5 132 156
571.5 132 157
573.0 105 106
573.0 106 107
574.5 193 194
574.5 193 195
576.0 7 25
576.0 7 26
577.5 62 63
577.5 62 64
579.0 138 153
579.0 138 154
580.5 45 47
580.5 45 48
582.0 122 126
582.0 122 127
583.5 160 181
583.5 160 182
585.0 38 56
585.0 39 40
586.5 163 168
586.5 163 169
588.0 181 182
588.0 182 183
589.5 121 122
589.5 121 123
591.0 158 178
591.0 158 179
592.5 36 43
592.5 36 44
594.0 110 111
594.0 110 119
595.5 59 81
595.5 59 82
597.0 120 128
597.0 120 129
598.5 166 171
598.5 166 172
600.0 41 43
600.0 41 44
601.5 165 170
601.5 165 171
603.0 12 24
603.0 12 25
604.5 98 102
604.5 99 100
606.0 135 148
606.0 135 149
607.5 41 45
607.5 41 46
609.0 42 54
609.0 43 44
610.5 65 80
610.5 66 67
612.0 139 151
612.0 139 152
613.5 189 192
613.5 189 193
615.0 111 119
615.0 111 120
616.5 165 176
616.5 165 177
618.0 90 106
618.0 91 92
619.5 13 18
619.5 13 19
621.0 143 152
621.0 143 153
622.5 141 152
622.5 141 153
624.0 194 195
624.0 194 196
625.5 113 123
625.5 113 124
627.0 11 19
627.0 11 20
628.5 10 20
628.5 10 21
630.0 71 73
630.0 71 74
631.5 34 57
631.5 35 36
633.0 84 104
633.0 84 105
634.5 138 139
634.5 138 140
636.0 169 176
636.0 169 177
637.5 159 179
637.5 159 180
639.0 164 166
639.0 164 167
640.5 72 77
640.5 73 74
642.0 112 126
642.0 112 127
643.5 11 27
643.5 11 28
645.0 15 28
645.0 15 29
646.5 132 154
646.5 132 155
648.0 16 24
648.0 16 25
649.5 33 55
649.5 33 56
651.0 160 173
651.0 160 174
652.5 109 125
652.5 109 126
654.0 190 191
654.0 190 192
655.5 17 23
655.5 17 24
657.0 8 32
657.0 9 10
658.5 166 181
658.5 167 168
660.0 9 20
660.0 9 21
661.5 36 41
661.5 36 42
663.0 83 101
663.0 83 102
664.5 61 79
664.5 61 80
666.0 62 69
666.0 62 70
667.5 63 65
667.5 63 66
669.0 36 49
669.0 36 50
670.5 188 190
670.5 188 191
672.0 158 180
672.0 158 181
673.5 38 52
673.5 38 53
675.0 164 174
675.0 164 175
676.5 22 26
676.5 22 27
678.0 63 75
678.0 63 76
679.5 34 49
679.5 34 50
681.0 46 52
681.0 46 53
682.5 93 98
682.5 93 99
684.0 144 147
684.0 144 148
685.5 13 16
685.5 13 17
687.0 30 31
687.0 31 32
688.5 57 132
688.5 57 157
690.0 165 180
690.0 165 181
691.5 140 155
691.5 140 156
693.0 57 78
693.0 57 79
694.5 109 127
694.5 109 128
696.0 37 52
696.0 37 53
697.5 83 105
697.5 83 106
699.0 90 100
699.0 90 101
700.5 94 102
700.5 94 103
702.0 91 105
702.0 92 93
703.5 61 71
703.5 61 72
705.0 115 126
705.0 115 127
706.5 191 193
706.5 191 194
708.0 188 192
708.0 188 193
709.5 137 154
709.5 137 155
711.0 164 180
711.0 164 181
712.5 38 54
712.5 38 55
714.0 191 195
714.0 191 196
715.5 95 101
715.5 95 102
717.0 158 182
717.0 159 160
718.5 48 50
718.5 48 51
720.0 32 132
720.0 32 157
721.5 161 171
721.5 161 172
723.0 136 154
723.0 136 155
724.5 169 174
724.5 169 175
726.0 174 175
726.0 174 176
727.5 58 80
727.5 58 81
729.0 93 102
729.0 93 103
730.5 163 170
730.5 163 171
732.0 13 30
732.0 13 31
733.5 190 197
733.5 190 198
735.0 134 148
735.0 134 149
736.5 90 96
736.5 90 97
738.0 133 156
738.0 133 157
739.5 134 150
739.5 134 151
741.0 92 104
741.0 92 105
742.5 110 132
742.5 111 112
744.0 135 152
744.0 135 153
745.5 65 74
745.5 65 75
747.0 59 77
747.0 59 78
748.5 39 41
748.5 39 42
750.0 88 91
750.0 88 92
751.5 21 25
751.5 21 26
753.0 107 157
753.0 107 182
754.5 139 141
754.5 139 142
756.0 190 193
756.0 190 194
757.5 32 33
757.5 32 51
759.0 89 100
759.0 89 101
760.5 16 20
760.5 16 21
762.0 10 18
762.0 10 19
763.5 168 169
763.5 168 170
765.0 76 77
765.0 77 78
766.5 169 172
766.5 169 173
768.0 165 174
768.0 165 175
769.5 42 46
769.5 42 47
771.0 36 47
771.0 36 48
772.5 73 75
772.5 73 76
774.0 38 40
774.0 38 41
775.5 82 83
775.5 82 102
777.0 143 144
777.0 143 145
778.5 58 59
778.5 58 73
780.0 160 175
780.0 160 176
781.5 132 182
781.5 133 134
783.0 93 100
783.0 93 101
784.5 41 49
784.5 41 50
786.0 13 14
786.0 13 15
787.5 133 150
787.5 133 151
789.0 72 75
789.0 72 76
790.5 12 16
790.5 12 17
792.0 109 110
792.0 109 122
793.5 111 131
793.5 111 132
795.0 94 96
795.0 94 97
796.5 138 151
796.5 138 152
798.0 19 24
798.0 19 25
799.5 89 94
799.5 89 95
801.0 172 178
801.0 173 174
802.5 84 106
802.5 84 107
804.0 135 146
804.0 135 147
805.5 108 127
805.5 108 128
807.0 119 123
807.0 119 124
808.5 162 173
808.5 162 174
810.0 57 182
810.0 57 183
811.5 58 74
811.5 58 75
813.0 42 44
813.0 42 45
814.5 168 177
814.5 168 178
816.0 34 45
816.0 34 46
817.5 161 173
817.5 161 174
819.0 115 118
819.0 115 119
820.5 8 22
820.5 8 23
822.0 40 45
822.0 40 46
823.5 14 15
823.5 14 16
825.0 13 28
825.0 13 29
826.5 14 17
826.5 14 18
828.0 66 76
828.0 66 77
829.5 166 173
829.5 166 174
831.0 133 154
831.0 133 155
832.5 41 55
832.5 42 43
834.0 18 24
834.0 18 25
835.5 83 99
835.5 83 100
837.0 62 71
837.0 62 72
838.5 23 24
838.5 23 25
840.0 11 21
840.0 11 22
841.5 127 128
841.5 128 129
843.0 33 53
843.0 33 54
844.5 45 49
844.5 45 50
846.0 133 152
846.0 133 153
847.5 168 171
847.5 168 172
849.0 69 77
849.0 69 78
850.5 61 81
850.5 61 82
852.0 37 46
852.0 37 47
853.5 89 104
853.5 89 105
855.0 37 38
855.0 37 39
856.5 17 25
856.5 17 26
858.0 140 151
858.0 140 152
859.5 165 178
859.5 165 179
861.0 166 177
861.0 166 178
862.5 158 159
862.5 158 175
864.0 113 125
864.0 113 126
865.5 88 97
865.5 88 98
867.0 16 22
867.0 16 23
868.5 58 76
868.5 58 77
870.0 62 81
870.0 63 64
871.5 90 104
871.5 90 105
873.0 163 178
873.0 163 179
874.5 165 172
874.5 165 173
876.0 15 26
876.0 15 27
877.5 70 78
877.5 71 72
879.0 167 179
879.0 167 180
880.5 32 56
880.5 32 57
882.0 190 199
882.0 191 192
883.5 109 129
883.5 109 130
885.0 41 53
885.0 41 54
886.5 108 109
886.5 108 124
888.0 183 184
888.0 184 185
889.5 14 19
889.5 14 20
891.0 109 123
891.0 109 124
892.5 171 177
892.5 171 178
894.0 94 98
894.0 94 99
895.5 169 178
895.5 169 179
897.0 138 155
897.0 138 156
898.5 43 53
898.5 43 54
900.0 15 22
900.0 15 23
901.5 12 28
901.5 12 29
903.0 7 156
903.0 7 157
904.5 87 93
904.5 87 94
906.0 186 193
906.0 186 194
907.5 13 24
907.5 13 25
909.0 145 150
909.0 145 151
910.5 109 131
910.5 109 132
912.0 92 94
912.0 92 95
913.5 186 199
913.5 187 188
915.0 89 90
915.0 89 91
916.5 39 47
916.5 39 48
918.0 139 145
918.0 139 146
919.5 45 53
919.5 46 47
921.0 171 173
921.0 171 174
922.5 115 128
922.5 115 129
924.0 15 24
924.0 15 25
925.5 95 97
925.5 95 98
927.0 9 22
927.0 9 23
928.5 87 88
928.5 87 90
930.0 59 71
930.0 59 72
931.5 191 197
931.5 191 198
933.0 160 171
933.0 160 172
934.5 185 199
934.5 186 187
936.0 111 125
936.0 111 126
937.5 164 176
937.5 164 177
939.0 18 22
939.0 18 23
940.5 86 104
940.5 86 105
942.0 125 126
942.0 126 127
943.5 91 101
943.5 91 102
945.0 136 137
945.0 136 143
946.5 129 130
946.5 130 131
948.0 83 103
948.0 83 104
949.5 51 52
949.5 52 53
951.0 59 75
951.0 59 76
952.5 67 79
952.5 67 80
954.0 62 75
954.0 62 76
955.5 164 172
955.5 164 173
957.0 172 174
957.0 172 175
958.5 73 77
958.5 74 75
960.0 69 73
960.0 69 74
961.5 138 141
961.5 138 142
963.0 187 193
963.0 187 194
964.5 65 68
964.5 65 69
966.0 111 123
966.0 111 124
967.5 167 175
967.5 167 176
969.0 55 56
969.0 56 57
970.5 33 49
970.5 33 50
972.0 86 100
972.0 86 101
973.5 69 75
973.5 69 76
975.0 135 156
975.0 135 157
976.5 67 75
976.5 67 76
978.0 148 151
978.0 148 152
979.5 69 79
979.5 70 71
981.0 119 127
981.0 119 128
982.5 92 96
982.5 92 97
984.0 115 120
984.0 115 121
985.5 188 196
985.5 188 197
987.0 43 51
987.0 43 52
988.5 32 182
988.5 32 183
990.0 68 77
990.0 68 78
991.5 119 121
991.5 119 122
993.0 33 57
993.0 34 35
994.5 88 99
994.5 88 100
996.0 91 93
996.0 91 94
997.5 160 161
997.5 160 170
999.0 155 156
999.0 156 157
1000.5 194 199
1000.5 195 196
1002.0 65 78
1002.0 65 79
1003.5 193 198
1003.5 193 199
1005.0 17 21
1005.0 17 22
1006.5 35 57
1006.5 36 37
1008.0 10 30
1008.0 10 31
1009.5 157 181
1009.5 157 182
1011.0 60 77
1011.0 60 78
1012.5 12 14
1012.5 12 15
1014.0 112 128
1014.0 112 129
1015.5 146 150
1015.5 146 151
1017.0 8 28
1017.0 8 29
1018.5 7 57
1018.5 7 82
1020.0 167 177
1020.0 167 178
1021.5 161 162
1021.5 161 168
1023.0 99 101
1023.0 100 101
1024.5 160 179
1024.5 160 180
1026.0 2 3
1026.0 3 4
1027.5 42 50
1027.5 42 51
1029.0 139 149
1029.0 139 150
1030.5 162 177
1030.5 162 178
1032.0 145 152
1032.0 145 153
1033.5 64 74
1033.5 64 75
1035.0 11 12
1035.0 11 16
1036.5 162 181
1036.5 162 182
1038.0 33 34
1038.0 33 48
1039.5 21 23
1039.5 21 24
1041.0 66 68
1041.0 66 69
1042.5 70 74
1042.5 70 75
1044.0 108 131
1044.0 108 132
1045.5 158 176
1045.5 158 177
1047.0 192 196
1047.0 192 197
1048.5 32 82
1048.5 32 107
1050.0 38 42
1050.0 38 43
1051.5 91 103
1051.5 91 104
1053.0 6 7
1053.0 7 8
1054.5 162 163
1054.5 162 166
1056.0 15 30
1056.0 16 17
1057.5 117 128
1057.5 117 129
1059.0 63 67
1059.0 63 68
1060.5 124 126
1060.5 124 127
1062.0 33 51
1062.0 33 52
1063.5 68 75
1063.5 68 76
1065.0 87 101
1065.0 87 102
1066.5 121 124
1066.5 121 125
1068.0 19 20
1068.0 19 21
1069.5 46 48
1069.5 46 49
1071.0 41 51
1071.0 41 52
1072.5 15 16
1072.5 15 17
1074.0 149 150
1074.0 149 151
1075.5 135 136
1075.5 135 145
1077.0 114 130
1077.0 114 131
1078.5 103 104
1078.5 104 105
1080.0 0 1
1080.0 1 2
1081.5 7 27
1081.5 7 28
1083.0 118 128
1083.0 118 129
1084.5 91 95
1084.5 91 96
1086.0 95 99
1086.0 95 100
1087.5 162 167
1087.5 162 168
1089.0 141 150
1089.0 141 151
1090.5 91 97
1090.5 91 98
1092.0 119 125
1092.0 119 126
1093.5 64 70
1093.5 64 71
1095.0 62 77
1095.0 62 78
1096.5 187 191
1096.5 187 192
1098.0 114 122
1098.0 114 123
1099.5 60 75
1099.5 60 76
1101.0 163 172
1101.0 163 173
1102.5 108 129
1102.5 108 130
1104.0 86 96
1104.0 86 97
1105.5 84 98
1105.5 84 99
1107.0 136 148
1107.0 136 149
1108.5 34 55
1108.5 34 56
1110.0 15 18
1110.0 15 19
1111.5 144 151
1111.5 144 152
1113.0 86 98
1113.0 86 99
1114.5 116 127
1114.5 116 128
1116.0 136 144
1116.0 136 145
1117.5 170 179
1117.5 171 172
1119.0 7 183
1119.0 8 9
1120.5 185 186
1120.5 185 196
1122.0 98 100
1122.0 98 101
1123.5 116 117
1123.5 116 118
1125.0 38 44
1125.0 38 45
1126.5 113 119
1126.5 113 120
1128.0 88 95
1128.0 88 96
1129.5 40 51
1129.5 40 52
1131.0 97 98
1131.0 97 99
1132.5 23 26
1132.5 24 25
1134.0 53 54
1134.0 54 55
1135.5 61 77
1135.5 61 78
1137.0 136 150
1137.0 136 151
1138.5 142 148
1138.5 142 149
1140.0 145 154
1140.0 146 147
1141.5 163 182
1141.5 164 165
1143.0 143 148
1143.0 143 149
1144.5 40 41
1144.5 40 42
1146.0 144 145
1146.0 144 146
1147.5 162 169
1147.5 162 170
1149.0 20 26
1149.0 20 27
1150.5 67 77
1150.5 67 78
1152.0 163 166
1152.0 163 167
1153.5 83 107
1153.5 84 85
1155.0 138 143
1155.0 138 144
1156.5 139 155
1156.5 139 156
1158.0 134 154
1158.0 134 155
1159.5 88 103
1159.5 88 104
1161.0 86 92
1161.0 86 93
1162.5 118 120
1162.5 118 121
1164.0 13 26
1164.0 13 27
1165.5 161 169
1165.5 161 170
1167.0 146 152
1167.0 146 153
1168.5 172 176
1168.5 172 177
1170.0 58 78
1170.0 58 79
1171.5 89 96
1171.5 89 97
1173.0 140 141
1173.0 140 142
1174.5 85 103
1174.5 85 104
1176.0 141 154
1176.0 141 155
1177.5 162 171
1177.5 162 172
1179.0 49 51
1179.0 50 51
1180.5 82 157
1180.5 82 182
1182.0 170 173
1182.0 170 174
1183.5 65 72
1183.5 65 73
1185.0 165 166
1185.0 165 167
1186.5 37 40
1186.5 37 41
1188.0 64 80
1188.0 64 81
1189.5 40 47
1189.5 40 48
1191.0 114 120
1191.0 114 121
1192.5 163 164
1192.5 163 165
1194.0 195 197
1194.0 195 198
1195.5 160 177
1195.5 160 178
1197.0 116 121
1197.0 116 122
1198.5 14 27
1198.5 14 28
1200.0 112 113
1200.0 112 115
1201.5 78 79
1201.5 79 80
1203.0 12 30
1203.0 12 31
1204.5 19 26
1204.5 19 27
1206.0 62 73
1206.0 62 74
1207.5 67 73
1207.5 67 74
1209.0 37 48
1209.0 37 49
1210.5 42 52
1210.5 42 53
1212.0 139 153
1212.0 139 154
1213.5 167 169
1213.5 167 170
1215.0 135 154
1215.0 135 155
