0 29 46
0 30 31
0 30 32
0 30 33
0 30 34
0 30 35
0 30 36
0 30 37
0 30 38
0 30 39
0 30 40
0 30 41
0 30 42
0 30 43
0 30 44
0 30 45
0 30 46
0 31 32
0 31 33
0 31 34
0 31 35
0 31 36
0 31 37
0 31 38
0 31 39
0 31 40
0 31 41
0 31 42
0 31 43
0 31 44
0 31 45
301 132 143
301 132 144
301 132 145
301 132 146
301 133 134
301 133 135
301 133 136
301 133 137
301 133 138
301 133 139
301 133 140
301 133 141
301 133 142
301 133 143
301 133 144
301 133 145
301 134 135
301 134 136
301 134 137
301 134 138
301 134 139
301 134 140
301 134 141
301 134 142
301 134 143
301 134 144
301 134 145
301 135 136
301 135 137
301 135 138
301 135 139
602 83 88
602 83 89
602 83 90
602 83 91
602 83 92
602 83 93
602 83 94
602 83 95
602 84 85
602 84 86
602 84 87
602 84 88
602 84 89
602 84 90
602 84 91
602 84 92
602 84 93
602 84 94
602 85 86
602 85 87
602 85 88
602 85 89
602 85 90
602 85 91
602 85 92
602 85 93
602 85 94
602 86 87
602 86 88
602 86 89
602 86 90
903 173 192
903 173 193
903 173 194
903 173 195
903 173 196
903 173 197
903 173 198
903 174 175
903 174 189
903 174 190
903 174 191
903 174 192
903 174 193
903 174 194
903 174 195
903 174 196
903 174 197
903 174 198
903 175 176
903 175 186
903 175 187
903 175 188
903 175 189
903 175 190
903 175 191
903 175 192
903 175 193
903 175 194
903 175 195
903 175 196
903 175 197
1204 135 140
1204 135 141
1204 135 142
1204 135 143
1204 135 144
1204 136 137
1204 136 138
1204 136 139
1204 136 140
1204 136 141
1204 136 142
1204 136 143
1204 136 144
1204 137 138
1204 137 139
1204 137 140
1204 137 141
1204 137 142
1204 137 143
1204 138 139
1204 138 140
1204 138 141
1204 138 142
1204 138 143
1204 139 140
1204 139 141
1204 139 142
1204 140 141
1204 140 142
1204 141 142
1204 142 143
1505 56 65
1505 56 66
1505 56 67
1505 56 68
1505 56 69
1505 56 70
1505 57 58
1505 57 59
1505 57 60
1505 57 61
1505 57 62
1505 57 63
1505 57 64
1505 57 65
1505 57 66
1505 57 67
1505 57 68
1505 57 69
1505 57 70
1505 58 59
1505 58 60
1505 58 61
1505 58 62
1505 58 63
1505 58 64
1505 58 65
1505 58 66
1505 58 67
1505 58 68
1505 58 69
1505 58 70
1806 130 141
1806 130 142
1806 130 143
1806 130 144
1806 130 145
1806 130 146
1806 131 132
1806 131 133
1806 131 134
1806 131 135
1806 131 136
1806 131 137
1806 131 138
1806 131 139
1806 131 140
1806 131 141
1806 131 142
1806 131 143
1806 131 144
1806 131 145
1806 131 146
1806 132 133
1806 132 134
1806 132 135
1806 132 136
1806 132 137
1806 132 138
1806 132 139
1806 132 140
1806 132 141
1806 132 142
2107 105 118
2107 105 119
2107 105 120
2107 105 121
2107 106 107
2107 106 108
2107 106 109
2107 106 110
2107 106 111
2107 106 112
2107 106 113
2107 106 114
2107 106 115
2107 106 116
2107 106 117
2107 106 118
2107 106 119
2107 106 120
2107 106 121
2107 107 108
2107 107 109
2107 107 110
2107 107 111
2107 107 112
2107 107 113
2107 107 114
2107 107 115
2107 107 116
2107 107 117
2107 107 118
2107 107 119
2408 143 144
2408 144 145
2408 145 146
2408 146 147
2408 147 148
2408 148 149
2408 148 167
2408 148 168
2408 148 169
2408 148 170
2408 148 171
2408 148 172
2408 148 173
2408 148 198
2408 149 150
2408 149 164
2408 149 165
2408 149 166
2408 149 167
2408 149 168
2408 149 169
2408 149 170
2408 149 171
2408 149 172
2408 149 173
2408 150 151
2408 150 161
2408 150 162
2408 150 163
2408 150 164
2408 150 165
2709 107 120
2709 108 109
2709 108 110
2709 108 111
2709 108 112
2709 108 113
2709 108 114
2709 108 115
2709 108 116
2709 108 117
2709 108 118
2709 108 119
2709 108 120
2709 109 110
2709 109 111
2709 109 112
2709 109 113
2709 109 114
2709 109 115
2709 109 116
2709 109 117
2709 109 118
2709 109 119
2709 110 111
2709 110 112
2709 110 113
2709 110 114
2709 110 115
2709 110 116
2709 110 117
2709 110 118
3010 54 65
3010 54 66
3010 54 67
3010 54 68
3010 54 69
3010 54 70
3010 54 71
3010 55 56
3010 55 57
3010 55 58
3010 55 59
3010 55 60
3010 55 61
3010 55 62
3010 55 63
3010 55 64
3010 55 65
3010 55 66
3010 55 67
3010 55 68
3010 55 69
3010 55 70
3010 55 71
3010 56 57
3010 56 58
3010 56 59
3010 56 60
3010 56 61
3010 56 62
3010 56 63
3010 56 64
3311 183 191
3311 183 192
3311 183 193
3311 183 194
3311 183 195
3311 184 185
3311 184 186
3311 184 187
3311 184 188
3311 184 189
3311 184 190
3311 184 191
3311 184 192
3311 184 193
3311 184 194
3311 184 195
3311 185 186
3311 185 187
3311 185 188
3311 185 189
3311 185 190
3311 185 191
3311 185 192
3311 185 193
3311 185 194
3311 185 195
3311 186 187
3311 186 188
3311 186 189
3311 186 190
3311 186 191
3612 175 198
3612 176 177
3612 176 184
3612 176 185
3612 176 186
3612 176 187
3612 176 188
3612 176 189
3612 176 190
3612 176 191
3612 176 192
3612 176 193
3612 176 194
3612 176 195
3612 176 196
3612 176 197
3612 176 198
3612 177 178
3612 177 182
3612 177 183
3612 177 184
3612 177 185
3612 177 186
3612 177 187
3612 177 188
3612 177 189
3612 177 190
3612 177 191
3612 177 192
3612 177 193
3612 177 194
3913 125 136
3913 125 137
3913 125 138
3913 125 139
3913 125 140
3913 125 141
3913 125 142
3913 125 143
3913 125 144
3913 125 145
3913 125 146
3913 125 147
3913 126 127
3913 126 133
3913 126 134
3913 126 135
3913 126 136
3913 126 137
3913 126 138
3913 126 139
3913 126 140
3913 126 141
3913 126 142
3913 126 143
3913 126 144
3913 126 145
3913 126 146
3913 126 147
3913 127 128
3913 127 131
3913 127 132
4214 77 89
4214 77 90
4214 77 91
4214 77 92
4214 77 93
4214 77 94
4214 77 95
4214 77 96
4214 77 97
4214 78 79
4214 78 80
4214 78 81
4214 78 82
4214 78 83
4214 78 84
4214 78 85
4214 78 86
4214 78 87
4214 78 88
4214 78 89
4214 78 90
4214 78 91
4214 78 92
4214 78 93
4214 78 94
4214 78 95
4214 78 96
4214 78 97
4214 79 80
4214 79 81
4214 79 82
4515 81 83
4515 81 84
4515 81 85
4515 81 86
4515 81 87
4515 81 88
4515 81 89
4515 81 90
4515 81 91
4515 81 92
4515 81 93
4515 81 94
4515 81 95
4515 81 96
4515 82 83
4515 82 84
4515 82 85
4515 82 86
4515 82 87
4515 82 88
4515 82 89
4515 82 90
4515 82 91
4515 82 92
4515 82 93
4515 82 94
4515 82 95
4515 83 84
4515 83 85
4515 83 86
4515 83 87
4816 28 32
4816 28 33
4816 28 34
4816 28 35
4816 28 36
4816 28 37
4816 28 38
4816 28 39
4816 28 40
4816 28 41
4816 28 42
4816 28 43
4816 28 44
4816 28 45
4816 28 46
4816 29 30
4816 29 31
4816 29 32
4816 29 33
4816 29 34
4816 29 35
4816 29 36
4816 29 37
4816 29 38
4816 29 39
4816 29 40
4816 29 41
4816 29 42
4816 29 43
4816 29 44
4816 29 45
5117 100 112
5117 100 113
5117 100 114
5117 100 115
5117 100 116
5117 100 117
5117 100 118
5117 100 119
5117 100 120
5117 100 121
5117 100 122
5117 101 102
5117 101 108
5117 101 109
5117 101 110
5117 101 111
5117 101 112
5117 101 113
5117 101 114
5117 101 115
5117 101 116
5117 101 117
5117 101 118
5117 101 119
5117 101 120
5117 101 121
5117 101 122
5117 102 103
5117 102 106
5117 102 107
5117 102 108
5418 24 39
5418 24 40
5418 24 41
5418 24 42
5418 24 43
5418 24 44
5418 24 45
5418 24 46
5418 24 47
5418 25 26
5418 25 34
5418 25 35
5418 25 36
5418 25 37
5418 25 38
5418 25 39
5418 25 40
5418 25 41
5418 25 42
5418 25 43
5418 25 44
5418 25 45
5418 25 46
5418 25 47
5418 26 27
5418 26 32
5418 26 33
5418 26 34
5418 26 35
5418 26 36
5418 26 37
5719 52 70
5719 52 71
5719 52 72
5719 53 54
5719 53 55
5719 53 56
5719 53 57
5719 53 58
5719 53 59
5719 53 60
5719 53 61
5719 53 62
5719 53 63
5719 53 64
5719 53 65
5719 53 66
5719 53 67
5719 53 68
5719 53 69
5719 53 70
5719 53 71
5719 54 55
5719 54 56
5719 54 57
5719 54 58
5719 54 59
5719 54 60
5719 54 61
5719 54 62
5719 54 63
5719 54 64
6020 32 33
6020 32 34
6020 32 35
6020 32 36
6020 32 37
6020 32 38
6020 32 39
6020 32 40
6020 32 41
6020 32 42
6020 32 43
6020 32 44
6020 32 45
6020 33 34
6020 33 35
6020 33 36
6020 33 37
6020 33 38
6020 33 39
6020 33 40
6020 33 41
6020 33 42
6020 33 43
6020 33 44
6020 34 35
6020 34 36
6020 34 37
6020 34 38
6020 34 39
6020 34 40
6020 34 41
6321 177 195
6321 177 196
6321 177 197
6321 178 179
6321 178 180
6321 178 181
6321 178 182
6321 178 183
6321 178 184
6321 178 185
6321 178 186
6321 178 187
6321 178 188
6321 178 189
6321 178 190
6321 178 191
6321 178 192
6321 178 193
6321 178 194
6321 178 195
6321 178 196
6321 178 197
6321 179 180
6321 179 181
6321 179 182
6321 179 183
6321 179 184
6321 179 185
6321 179 186
6321 179 187
6321 179 188
6622 59 60
6622 59 61
6622 59 62
6622 59 63
6622 59 64
6622 59 65
6622 59 66
6622 59 67
6622 59 68
6622 59 69
6622 60 61
6622 60 62
6622 60 63
6622 60 64
6622 60 65
6622 60 66
6622 60 67
6622 60 68
6622 60 69
6622 61 62
6622 61 63
6622 61 64
6622 61 65
6622 61 66
6622 61 67
6622 61 68
6622 62 63
6622 62 64
6622 62 65
6622 62 66
6622 62 67
6923 7 15
6923 7 16
6923 7 17
6923 7 18
6923 7 19
6923 7 20
6923 8 9
6923 8 10
6923 8 11
6923 8 12
6923 8 13
6923 8 14
6923 8 15
6923 8 16
6923 8 17
6923 8 18
6923 8 19
6923 9 10
6923 9 11
6923 9 12
6923 9 13
6923 9 14
6923 9 15
6923 9 16
6923 9 17
6923 9 18
6923 9 19
6923 10 11
6923 10 12
6923 10 13
6923 10 14
7224 158 161
7224 158 162
7224 158 163
7224 158 164
7224 158 165
7224 158 166
7224 158 167
7224 158 168
7224 158 169
7224 158 170
7224 159 160
7224 159 161
7224 159 162
7224 159 163
7224 159 164
7224 159 165
7224 159 166
7224 159 167
7224 159 168
7224 159 169
7224 159 170
7224 160 161
7224 160 162
7224 160 163
7224 160 164
7224 160 165
7224 160 166
7224 160 167
7224 160 168
7224 160 169
7224 161 162
7525 22 43
7525 22 44
7525 22 45
7525 22 46
7525 22 47
7525 22 72
7525 22 97
7525 22 122
7525 22 123
7525 22 147
7525 22 148
7525 22 172
7525 22 173
7525 22 197
7525 22 198
7525 23 24
7525 23 39
7525 23 40
7525 23 41
7525 23 42
7525 23 43
7525 23 44
7525 23 45
7525 23 46
7525 23 47
7525 23 197
7525 23 198
7525 24 25
7525 24 36
7525 24 37
7525 24 38
7826 102 109
7826 102 110
7826 102 111
7826 102 112
7826 102 113
7826 102 114
7826 102 115
7826 102 116
7826 102 117
7826 102 118
7826 102 119
7826 102 120
7826 102 121
7826 102 122
7826 103 104
7826 103 105
7826 103 106
7826 103 107
7826 103 108
7826 103 109
7826 103 110
7826 103 111
7826 103 112
7826 103 113
7826 103 114
7826 103 115
7826 103 116
7826 103 117
7826 103 118
7826 103 119
7826 103 120
8127 179 189
8127 179 190
8127 179 191
8127 179 192
8127 179 193
8127 179 194
8127 179 195
8127 179 196
8127 179 197
8127 180 181
8127 180 182
8127 180 183
8127 180 184
8127 180 185
8127 180 186
8127 180 187
8127 180 188
8127 180 189
8127 180 190
8127 180 191
8127 180 192
8127 180 193
8127 180 194
8127 180 195
8127 180 196
8127 180 197
8127 181 182
8127 181 183
8127 181 184
8127 181 185
8127 181 186
8428 161 163
8428 161 164
8428 161 165
8428 161 166
8428 161 167
8428 161 168
8428 161 169
8428 162 163
8428 162 164
8428 162 165
8428 162 166
8428 162 167
8428 162 168
8428 163 164
8428 163 165
8428 163 166
8428 163 167
8428 163 168
8428 164 165
8428 164 166
8428 164 167
8428 165 166
8428 165 167
8428 166 167
8428 167 168
8428 168 169
8428 169 170
8428 170 171
8428 171 172
8428 172 173
8428 173 174
8729 127 133
8729 127 134
8729 127 135
8729 127 136
8729 127 137
8729 127 138
8729 127 139
8729 127 140
8729 127 141
8729 127 142
8729 127 143
8729 127 144
8729 127 145
8729 127 146
8729 127 147
8729 128 129
8729 128 130
8729 128 131
8729 128 132
8729 128 133
8729 128 134
8729 128 135
8729 128 136
8729 128 137
8729 128 138
8729 128 139
8729 128 140
8729 128 141
8729 128 142
8729 128 143
8729 128 144
9030 152 164
9030 152 165
9030 152 166
9030 152 167
9030 152 168
9030 152 169
9030 152 170
9030 152 171
9030 152 172
9030 153 154
9030 153 155
9030 153 156
9030 153 157
9030 153 158
9030 153 159
9030 153 160
9030 153 161
9030 153 162
9030 153 163
9030 153 164
9030 153 165
9030 153 166
9030 153 167
9030 153 168
9030 153 169
9030 153 170
9030 153 171
9030 153 172
9030 154 155
9030 154 156
9030 154 157
9331 86 91
9331 86 92
9331 86 93
9331 87 88
9331 87 89
9331 87 90
9331 87 91
9331 87 92
9331 87 93
9331 88 89
9331 88 90
9331 88 91
9331 88 92
9331 89 90
9331 89 91
9331 89 92
9331 90 91
9331 91 92
9331 92 93
9331 93 94
9331 94 95
9331 95 96
9331 96 97
9331 97 98
9331 97 120
9331 97 121
9331 97 122
9331 97 147
9331 97 148
9331 97 172
9331 97 173
9632 156 157
9632 156 158
9632 156 159
9632 156 160
9632 156 161
9632 156 162
9632 156 163
9632 156 164
9632 156 165
9632 156 166
9632 156 167
9632 156 168
9632 156 169
9632 156 170
9632 156 171
9632 157 158
9632 157 159
9632 157 160
9632 157 161
9632 157 162
9632 157 163
9632 157 164
9632 157 165
9632 157 166
9632 157 167
9632 157 168
9632 157 169
9632 157 170
9632 157 171
9632 158 159
9632 158 160
9933 26 38
9933 26 39
9933 26 40
9933 26 41
9933 26 42
9933 26 43
9933 26 44
9933 26 45
9933 26 46
9933 26 47
9933 27 28
9933 27 30
9933 27 31
9933 27 32
9933 27 33
9933 27 34
9933 27 35
9933 27 36
9933 27 37
9933 27 38
9933 27 39
9933 27 40
9933 27 41
9933 27 42
9933 27 43
9933 27 44
9933 27 45
9933 27 46
9933 28 29
9933 28 30
9933 28 31
10234 51 58
10234 51 59
10234 51 60
10234 51 61
10234 51 62
10234 51 63
10234 51 64
10234 51 65
10234 51 66
10234 51 67
10234 51 68
10234 51 69
10234 51 70
10234 51 71
10234 51 72
10234 52 53
10234 52 55
10234 52 56
10234 52 57
10234 52 58
10234 52 59
10234 52 60
10234 52 61
10234 52 62
10234 52 63
10234 52 64
10234 52 65
10234 52 66
10234 52 67
10234 52 68
10234 52 69
10535 0 1
10535 0 8
10535 0 9
10535 0 10
10535 0 11
10535 0 12
10535 0 13
10535 0 14
10535 0 15
10535 0 16
10535 0 17
10535 0 18
10535 0 19
10535 0 20
10535 0 21
10535 0 22
10535 1 2
10535 1 6
10535 1 7
10535 1 8
10535 1 9
10535 1 10
10535 1 11
10535 1 12
10535 1 13
10535 1 14
10535 1 15
10535 1 16
10535 1 17
10535 1 18
10535 1 19
10836 128 145
10836 128 146
10836 128 147
10836 129 130
10836 129 131
10836 129 132
10836 129 133
10836 129 134
10836 129 135
10836 129 136
10836 129 137
10836 129 138
10836 129 139
10836 129 140
10836 129 141
10836 129 142
10836 129 143
10836 129 144
10836 129 145
10836 129 146
10836 129 147
10836 130 131
10836 130 132
10836 130 133
10836 130 134
10836 130 135
10836 130 136
10836 130 137
10836 130 138
10836 130 139
10836 130 140
11137 79 83
11137 79 84
11137 79 85
11137 79 86
11137 79 87
11137 79 88
11137 79 89
11137 79 90
11137 79 91
11137 79 92
11137 79 93
11137 79 94
11137 79 95
11137 79 96
11137 80 81
11137 80 82
11137 80 83
11137 80 84
11137 80 85
11137 80 86
11137 80 87
11137 80 88
11137 80 89
11137 80 90
11137 80 91
11137 80 92
11137 80 93
11137 80 94
11137 80 95
11137 80 96
11137 81 82
11438 110 119
11438 111 112
11438 111 113
11438 111 114
11438 111 115
11438 111 116
11438 111 117
11438 111 118
11438 111 119
11438 112 113
11438 112 114
11438 112 115
11438 112 116
11438 112 117
11438 112 118
11438 113 114
11438 113 115
11438 113 116
11438 113 117
11438 113 118
11438 114 115
11438 114 116
11438 114 117
11438 115 116
11438 115 117
11438 116 117
11438 117 118
11438 118 119
11438 119 120
11438 120 121
11438 121 122
11739 5 11
11739 5 12
11739 5 13
11739 5 14
11739 5 15
11739 5 16
11739 5 17
11739 5 18
11739 5 19
11739 5 20
11739 6 7
11739 6 8
11739 6 9
11739 6 10
11739 6 11
11739 6 12
11739 6 13
11739 6 14
11739 6 15
11739 6 16
11739 6 17
11739 6 18
11739 6 19
11739 6 20
11739 7 8
11739 7 9
11739 7 10
11739 7 11
11739 7 12
11739 7 13
11739 7 14
12040 97 197
12040 97 198
12040 98 99
12040 98 115
12040 98 116
12040 98 117
12040 98 118
12040 98 119
12040 98 120
12040 98 121
12040 98 122
12040 98 147
12040 98 148
12040 98 172
12040 98 173
12040 98 197
12040 98 198
12040 99 100
12040 99 113
12040 99 114
12040 99 115
12040 99 116
12040 99 117
12040 99 118
12040 99 119
12040 99 120
12040 99 121
12040 99 122
12040 100 101
12040 100 110
12040 100 111
12341 48 197
12341 48 198
12341 49 50
12341 49 62
12341 49 63
12341 49 64
12341 49 65
12341 49 66
12341 49 67
12341 49 68
12341 49 69
12341 49 70
12341 49 71
12341 49 72
12341 50 51
12341 50 59
12341 50 60
12341 50 61
12341 50 62
12341 50 63
12341 50 64
12341 50 65
12341 50 66
12341 50 67
12341 50 68
12341 50 69
12341 50 70
12341 50 71
12341 50 72
12341 51 52
12341 51 57
12642 73 93
12642 73 94
12642 73 95
12642 73 96
12642 73 97
12642 73 147
12642 73 148
12642 73 172
12642 73 173
12642 73 197
12642 73 198
12642 74 75
12642 74 87
12642 74 88
12642 74 89
12642 74 90
12642 74 91
12642 74 92
12642 74 93
12642 74 94
12642 74 95
12642 74 96
12642 74 97
12642 75 76
12642 75 85
12642 75 86
12642 75 87
12642 75 88
12642 75 89
12642 75 90
12642 75 91
12943 10 15
12943 10 16
12943 10 17
12943 10 18
12943 11 12
12943 11 13
12943 11 14
12943 11 15
12943 11 16
12943 11 17
12943 11 18
12943 12 13
12943 12 14
12943 12 15
12943 12 16
12943 12 17
12943 13 14
12943 13 15
12943 13 16
12943 13 17
12943 14 15
12943 14 16
12943 15 16
12943 16 17
12943 17 18
12943 18 19
12943 19 20
12943 20 21
12943 21 22
12943 22 23
12943 22 42
13244 103 121
13244 103 122
13244 104 105
13244 104 106
13244 104 107
13244 104 108
13244 104 109
13244 104 110
13244 104 111
13244 104 112
13244 104 113
13244 104 114
13244 104 115
13244 104 116
13244 104 117
13244 104 118
13244 104 119
13244 104 120
13244 104 121
13244 105 106
13244 105 107
13244 105 108
13244 105 109
13244 105 110
13244 105 111
13244 105 112
13244 105 113
13244 105 114
13244 105 115
13244 105 116
13244 105 117
13545 186 192
13545 186 193
13545 186 194
13545 187 188
13545 187 189
13545 187 190
13545 187 191
13545 187 192
13545 187 193
13545 187 194
13545 188 189
13545 188 190
13545 188 191
13545 188 192
13545 188 193
13545 189 190
13545 189 191
13545 189 192
13545 189 193
13545 190 191
13545 190 192
13545 191 192
13545 192 193
13545 193 194
13545 194 195
13545 195 196
13545 196 197
13545 197 198
13545 198 199
13846 1 20
13846 1 21
13846 1 22
13846 2 3
13846 2 4
13846 2 5
13846 2 6
13846 2 7
13846 2 8
13846 2 9
13846 2 10
13846 2 11
13846 2 12
13846 2 13
13846 2 14
13846 2 15
13846 2 16
13846 2 17
13846 2 18
13846 2 19
13846 2 20
13846 2 21
13846 3 4
13846 3 5
13846 3 6
13846 3 7
13846 3 8
13846 3 9
13846 3 10
13846 3 11
13846 3 12
14147 154 158
14147 154 159
14147 154 160
14147 154 161
14147 154 162
14147 154 163
14147 154 164
14147 154 165
14147 154 166
14147 154 167
14147 154 168
14147 154 169
14147 154 170
14147 154 171
14147 154 172
14147 155 156
14147 155 157
14147 155 158
14147 155 159
14147 155 160
14147 155 161
14147 155 162
14147 155 163
14147 155 164
14147 155 165
14147 155 166
14147 155 167
14147 155 168
14147 155 169
14147 155 170
14147 155 171
14448 3 13
14448 3 14
14448 3 15
14448 3 16
14448 3 17
14448 3 18
14448 3 19
14448 3 20
14448 3 21
14448 4 5
14448 4 6
14448 4 7
14448 4 8
14448 4 9
14448 4 10
14448 4 11
14448 4 12
14448 4 13
14448 4 14
14448 4 15
14448 4 16
14448 4 17
14448 4 18
14448 4 19
14448 4 20
14448 4 21
14448 5 6
14448 5 7
14448 5 8
14448 5 9
14448 5 10
14749 42 43
14749 43 44
14749 44 45
14749 45 46
14749 46 47
14749 47 48
14749 47 68
14749 47 69
14749 47 70
14749 47 71
14749 47 72
14749 47 97
14749 47 122
14749 47 147
14749 47 148
14749 47 172
14749 47 173
14749 47 197
14749 47 198
14749 48 49
14749 48 64
14749 48 65
14749 48 66
14749 48 67
14749 48 68
14749 48 69
14749 48 70
14749 48 71
14749 48 72
14749 48 172
14749 48 173
15050 62 68
15050 63 64
15050 63 65
15050 63 66
15050 63 67
15050 64 65
15050 64 66
15050 64 67
15050 65 66
15050 66 67
15050 67 68
15050 68 69
15050 69 70
15050 70 71
15050 71 72
15050 72 73
15050 72 94
15050 72 95
15050 72 96
15050 72 97
15050 72 122
15050 72 147
15050 72 148
15050 72 172
15050 72 173
15050 72 197
15050 72 198
15050 73 74
15050 73 90
15050 73 91
15050 73 92
15351 122 123
15351 122 147
15351 122 148
15351 122 172
15351 122 173
15351 122 197
15351 122 198
15351 123 124
15351 123 141
15351 123 142
15351 123 143
15351 123 144
15351 123 145
15351 123 146
15351 123 147
15351 123 148
15351 123 173
15351 123 198
15351 124 125
15351 124 138
15351 124 139
15351 124 140
15351 124 141
15351 124 142
15351 124 143
15351 124 144
15351 124 145
15351 124 146
15351 124 147
15351 124 148
15351 125 126
15652 181 187
15652 181 188
15652 181 189
15652 181 190
15652 181 191
15652 181 192
15652 181 193
15652 181 194
15652 181 195
15652 181 196
15652 182 183
15652 182 184
15652 182 185
15652 182 186
15652 182 187
15652 182 188
15652 182 189
15652 182 190
15652 182 191
15652 182 192
15652 182 193
15652 182 194
15652 182 195
15652 182 196
15652 183 184
15652 183 185
15652 183 186
15652 183 187
15652 183 188
15652 183 189
15652 183 190
15953 75 92
15953 75 93
15953 75 94
15953 75 95
15953 75 96
15953 75 97
15953 76 77
15953 76 83
15953 76 84
15953 76 85
15953 76 86
15953 76 87
15953 76 88
15953 76 89
15953 76 90
15953 76 91
15953 76 92
15953 76 93
15953 76 94
15953 76 95
15953 76 96
15953 76 97
15953 77 78
15953 77 81
15953 77 82
15953 77 83
15953 77 84
15953 77 85
15953 77 86
15953 77 87
15953 77 88
16254 150 166
16254 150 167
16254 150 168
16254 150 169
16254 150 170
16254 150 171
16254 150 172
16254 150 173
16254 151 152
16254 151 159
16254 151 160
16254 151 161
16254 151 162
16254 151 163
16254 151 164
16254 151 165
16254 151 166
16254 151 167
16254 151 168
16254 151 169
16254 151 170
16254 151 171
16254 151 172
16254 152 153
16254 152 157
16254 152 158
16254 152 159
16254 152 160
16254 152 161
16254 152 162
16254 152 163
16555 34 42
16555 34 43
16555 34 44
16555 35 36
16555 35 37
16555 35 38
16555 35 39
16555 35 40
16555 35 41
16555 35 42
16555 35 43
16555 36 37
16555 36 38
16555 36 39
16555 36 40
16555 36 41
16555 36 42
16555 36 43
16555 37 38
16555 37 39
16555 37 40
16555 37 41
16555 37 42
16555 38 39
16555 38 40
16555 38 41
16555 38 42
16555 39 40
16555 39 41
16555 40 41
16555 41 42
0 147 148
0 148 149
1.5 155 156
1.5 155 157
3.0 32 36
3.0 32 37
4.5 1 2
4.5 1 6
6.0 52 70
6.0 52 71
7.5 181 184
7.5 181 185
9.0 153 171
9.0 153 172
10.5 3 9
10.5 3 10
12.0 104 110
12.0 104 111
13.5 51 69
13.5 51 70
15.0 158 162
15.0 158 163
16.5 102 111
16.5 102 112
18.0 41 42
18.0 42 43
19.5 59 61
19.5 59 62
21.0 29 46
21.0 30 31
22.5 175 198
22.5 176 177
24.0 73 197
24.0 73 198
25.5 75 94
25.5 75 95
27.0 22 198
27.0 23 24
28.5 84 89
28.5 84 90
30.0 176 186
30.0 176 187
31.5 48 65
31.5 48 66
33.0 31 39
33.0 31 40
34.5 25 45
34.5 25 46
36.0 78 93
36.0 78 94
37.5 130 132
37.5 130 133
39.0 75 76
39.0 75 85
40.5 4 20
40.5 4 21
42.0 29 42
42.0 29 43
43.5 177 194
43.5 177 195
45.0 127 132
45.0 127 133
46.5 72 122
46.5 72 147
48.0 155 160
48.0 155 161
49.5 51 67
49.5 51 68
51.0 23 45
51.0 23 46
52.5 1 7
52.5 1 8
54.0 49 63
54.0 49 64
55.5 38 40
55.5 38 41
57.0 3 19
57.0 3 20
58.5 105 112
58.5 105 113
60.0 153 163
60.0 153 164
61.5 32 44
61.5 32 45
63.0 99 117
63.0 99 118
64.5 173 195
64.5 173 196
66.0 26 42
66.0 26 43
67.5 165 167
67.5 166 167
69.0 81 82
69.0 81 83
70.5 6 8
70.5 6 9
72.0 154 157
72.0 154 158
73.5 176 192
73.5 176 193
75.0 48 49
75.0 48 64
76.5 105 118
76.5 105 119
78.0 27 43
78.0 27 44
79.5 103 108
79.5 103 109
81.0 100 121
81.0 100 122
82.5 133 142
82.5 133 143
84.0 47 197
84.0 47 198
85.5 82 92
85.5 82 93
87.0 53 65
87.0 53 66
88.5 85 92
88.5 85 93
90.0 2 17
90.0 2 18
91.5 76 90
91.5 76 91
93.0 127 128
93.0 127 131
94.5 184 192
94.5 184 193
96.0 54 60
96.0 54 61
97.5 134 139
97.5 134 140
99.0 48 67
99.0 48 68
100.5 48 71
100.5 48 72
102.0 141 142
102.0 142 143
103.5 104 116
103.5 104 117
105.0 152 162
105.0 152 163
106.5 33 38
106.5 33 39
108.0 130 140
108.0 130 141
109.5 110 117
109.5 110 118
111.0 60 62
111.0 60 63
112.5 129 133
112.5 129 134
114.0 87 90
114.0 87 91
115.5 54 70
115.5 54 71
117.0 158 168
117.0 158 169
118.5 156 157
118.5 156 158
120.0 86 92
120.0 86 93
121.5 86 90
121.5 86 91
123.0 181 192
123.0 181 193
124.5 156 165
124.5 156 166
126.0 109 112
126.0 109 113
127.5 80 95
127.5 80 96
129.0 178 187
129.0 178 188
130.5 98 120
130.5 98 121
132.0 73 172
132.0 73 173
133.5 128 145
133.5 128 146
135.0 50 68
135.0 50 69
136.5 153 167
136.5 153 168
138.0 153 165
138.0 153 166
139.5 1 19
139.5 1 20
141.0 30 44
141.0 30 45
142.5 26 36
142.5 26 37
144.0 26 40
144.0 26 41
145.5 25 43
145.5 25 44
147.0 184 190
147.0 184 191
148.5 102 121
148.5 102 122
150.0 2 21
150.0 3 4
151.5 156 163
151.5 156 164
153.0 125 142
153.0 125 143
154.5 31 45
154.5 32 33
156.0 76 84
156.0 76 85
157.5 180 188
157.5 180 189
159.0 75 96
159.0 75 97
160.5 107 111
160.5 107 112
162.0 54 62
162.0 54 63
163.5 182 194
163.5 182 195
165.0 101 111
165.0 101 112
166.5 127 142
166.5 127 143
168.0 32 34
168.0 32 35
169.5 152 170
169.5 152 171
171.0 106 121
171.0 107 108
172.5 152 166
172.5 152 167
174.0 84 93
174.0 84 94
175.5 9 19
175.5 10 11
177.0 173 193
177.0 173 194
178.5 55 56
178.5 55 57
180.0 159 167
180.0 159 168
181.5 12 17
181.5 13 14
183.0 182 184
183.0 182 185
184.5 107 113
184.5 107 114
186.0 110 115
186.0 110 116
187.5 28 37
187.5 28 38
189.0 158 170
189.0 159 160
190.5 80 81
190.5 80 82
192.0 65 66
192.0 66 67
193.5 131 145
193.5 131 146
195.0 150 167
195.0 150 168
196.5 12 13
196.5 12 14
198.0 182 192
198.0 182 193
199.5 122 147
199.5 122 148
201.0 64 66
201.0 64 67
202.5 129 139
202.5 129 140
204.0 49 67
204.0 49 68
205.5 34 36
205.5 34 37
207.0 157 171
207.0 158 159
208.5 88 91
208.5 88 92
210.0 106 107
210.0 106 108
211.5 97 98
211.5 97 120
213.0 16 17
213.0 17 18
214.5 178 197
214.5 179 180
216.0 81 88
216.0 81 89
217.5 74 88
217.5 74 89
219.0 175 194
219.0 175 195
220.5 190 191
220.5 190 192
222.0 33 34
222.0 33 35
223.5 58 62
223.5 58 63
225.0 98 99
225.0 98 115
226.5 30 38
226.5 30 39
228.0 38 42
228.0 39 40
229.5 56 59
229.5 56 60
231.0 108 109
231.0 108 110
232.5 59 63
232.5 59 64
234.0 159 165
234.0 159 166
235.5 154 171
235.5 154 172
237.0 108 117
237.0 108 118
238.5 99 113
238.5 99 114
240.0 77 90
240.0 77 91
241.5 126 138
241.5 126 139
243.0 132 141
243.0 132 142
244.5 152 158
244.5 152 159
246.0 83 86
246.0 83 87
247.5 29 38
247.5 29 39
249.0 79 87
249.0 79 88
250.5 124 146
250.5 124 147
252.0 28 33
252.0 28 34
253.5 124 140
253.5 124 141
255.0 2 9
255.0 2 10
256.5 84 87
256.5 84 88
258.0 102 119
258.0 102 120
259.5 84 85
259.5 84 86
261.0 177 188
261.0 177 189
262.5 179 193
262.5 179 194
264.0 112 116
264.0 112 117
265.5 133 144
265.5 133 145
267.0 27 33
267.0 27 34
268.5 178 183
268.5 178 184
270.0 53 63
270.0 53 64
271.5 119 120
271.5 120 121
273.0 26 44
273.0 26 45
274.5 114 115
274.5 114 116
276.0 47 48
276.0 47 68
277.5 109 116
277.5 109 117
279.0 123 124
279.0 123 141
280.5 154 167
280.5 154 168
282.0 157 159
282.0 157 160
283.5 30 42
283.5 30 43
285.0 3 5
285.0 3 6
286.5 5 20
286.5 6 7
288.0 55 66
288.0 55 67
289.5 117 118
289.5 118 119
291.0 37 38
291.0 37 39
292.5 47 97
292.5 47 122
294.0 63 67
294.0 64 65
295.5 54 58
295.5 54 59
297.0 111 115
297.0 111 116
298.5 180 182
298.5 180 183
300.0 179 187
300.0 179 188
301.5 103 106
301.5 103 107
303.0 6 18
303.0 6 19
304.5 2 15
304.5 2 16
306.0 23 43
306.0 23 44
307.5 185 186
307.5 185 187
309.0 1 17
309.0 1 18
310.5 130 146
310.5 131 132
312.0 101 119
312.0 101 120
313.5 55 62
313.5 55 63
315.0 183 195
315.0 184 185
316.5 51 65
316.5 51 66
318.0 150 165
318.0 150 166
319.5 81 84
319.5 81 85
321.0 177 182
321.0 177 183
322.5 24 46
322.5 24 47
324.0 26 46
324.0 26 47
325.5 127 134
325.5 127 135
327.0 175 192
327.0 175 193
328.5 74 92
328.5 74 93
330.0 178 191
330.0 178 192
331.5 33 44
331.5 34 35
333.0 52 60
333.0 52 61
334.5 100 117
334.5 100 118
336.0 185 190
336.0 185 191
337.5 180 196
337.5 180 197
339.0 6 14
339.0 6 15
340.5 13 17
340.5 14 15
342.0 54 64
342.0 54 65
343.5 137 142
343.5 137 143
345.0 126 142
345.0 126 143
346.5 133 134
346.5 133 135
348.0 177 192
348.0 177 193
349.5 160 167
349.5 160 168
351.0 178 195
351.0 178 196
352.5 124 144
352.5 124 145
354.0 128 131
354.0 128 132
355.5 24 36
355.5 24 37
357.0 132 139
357.0 132 140
358.5 149 169
358.5 149 170
360.0 137 140
360.0 137 141
361.5 125 144
361.5 125 145
363.0 34 40
363.0 34 41
364.5 128 139
364.5 128 140
366.0 154 165
366.0 154 166
367.5 35 39
367.5 35 40
369.0 31 41
369.0 31 42
370.5 60 64
370.5 60 65
372.0 149 173
372.0 150 151
373.5 103 110
373.5 103 111
375.0 131 135
375.0 131 136
376.5 72 173
376.5 72 197
378.0 175 190
378.0 175 191
379.5 154 155
379.5 154 156
381.0 72 148
381.0 72 172
382.5 184 186
382.5 184 187
384.0 7 19
384.0 7 20
385.5 153 161
385.5 153 162
387.0 179 195
387.0 179 196
388.5 135 141
388.5 135 142
390.0 106 117
390.0 106 118
391.5 28 45
391.5 28 46
393.0 25 37
393.0 25 38
394.5 27 37
394.5 27 38
396.0 78 85
396.0 78 86
397.5 2 7
397.5 2 8
399.0 179 189
399.0 179 190
400.5 30 46
400.5 31 32
402.0 177 184
402.0 177 185
403.5 82 84
403.5 82 85
405.0 37 42
405.0 38 39
406.5 131 137
406.5 131 138
408.0 81 90
408.0 81 91
409.5 123 148
409.5 123 173
411.0 85 90
411.0 85 91
412.5 97 197
412.5 97 198
414.0 77 84
414.0 77 85
415.5 127 144
415.5 127 145
417.0 101 115
417.0 101 116
418.5 28 35
418.5 28 36
420.0 9 15
420.0 9 16
421.5 101 117
421.5 101 118
423.0 57 62
423.0 57 63
424.5 18 19
424.5 19 20
426.0 103 122
426.0 104 105
427.5 133 136
427.5 133 137
429.0 29 34
429.0 29 35
430.5 81 92
430.5 81 93
432.0 179 197
432.0 180 181
433.5 98 116
433.5 98 117
435.0 129 141
435.0 129 142
436.5 49 50
436.5 49 62
438.0 153 169
438.0 153 170
439.5 83 84
439.5 83 85
441.0 105 114
441.0 105 115
442.5 3 21
442.5 4 5
444.0 185 194
444.0 185 195
445.5 49 69
445.5 49 70
447.0 113 115
447.0 113 116
448.5 73 147
448.5 73 148
450.0 195 196
450.0 196 197
451.5 26 38
451.5 26 39
453.0 75 92
453.0 75 93
454.5 101 109
454.5 101 110
456.0 27 35
456.0 27 36
457.5 181 190
457.5 181 191
459.0 77 86
459.0 77 87
460.5 156 169
460.5 156 170
462.0 140 141
462.0 140 142
463.5 107 119
463.5 107 120
465.0 55 70
465.0 55 71
466.5 77 94
466.5 77 95
468.0 176 198
468.0 177 178
469.5 134 137
469.5 134 138
471.0 52 68
471.0 52 69
472.5 125 140
472.5 125 141
474.0 174 175
474.0 174 189
475.5 9 11
475.5 9 12
477.0 154 161
477.0 154 162
478.5 76 86
478.5 76 87
480.0 176 184
480.0 176 185
481.5 95 96
481.5 96 97
483.0 138 141
483.0 138 142
484.5 51 59
484.5 51 60
486.0 29 44
486.0 29 45
487.5 59 69
487.5 60 61
489.0 191 192
489.0 192 193
490.5 35 37
490.5 35 38
492.0 131 139
492.0 131 140
493.5 178 193
493.5 178 194
495.0 171 172
495.0 172 173
496.5 0 15
496.5 0 16
498.0 50 64
498.0 50 65
499.5 151 169
499.5 151 170
501.0 72 198
501.0 73 74
502.5 48 69
502.5 48 70
504.0 56 61
504.0 56 62
505.5 159 163
505.5 159 164
507.0 157 161
507.0 157 162
508.5 47 172
508.5 47 173
510.0 154 163
510.0 154 164
511.5 5 6
511.5 5 7
513.0 76 88
513.0 76 89
514.5 7 11
514.5 7 12
516.0 126 134
516.0 126 135
517.5 158 160
517.5 158 161
519.0 43 44
519.0 44 45
520.5 2 3
520.5 2 4
522.0 135 143
522.0 135 144
523.5 189 192
523.5 189 193
525.0 27 45
525.0 27 46
526.5 106 113
526.5 106 114
528.0 4 8
528.0 4 9
529.5 136 141
529.5 136 142
531.0 100 101
531.0 100 110
532.5 148 167
532.5 148 168
534.0 149 150
534.0 149 164
535.5 131 141
535.5 131 142
537.0 102 109
537.0 102 110
538.5 7 9
538.5 7 10
540.0 10 14
540.0 10 15
541.5 101 121
541.5 101 122
543.0 101 102
543.0 101 108
544.5 73 96
544.5 73 97
546.0 152 160
546.0 152 161
547.5 185 192
547.5 185 193
549.0 123 142
549.0 123 143
550.5 157 165
550.5 157 166
552.0 155 162
552.0 155 163
553.5 58 60
553.5 58 61
555.0 79 83
555.0 79 84
556.5 49 65
556.5 49 66
558.0 152 164
558.0 152 165
559.5 104 120
559.5 104 121
561.0 0 11
561.0 0 12
562.5 45 46
562.5 46 47
564.0 4 10
564.0 4 11
565.5 53 71
565.5 54 55
567.0 135 137
567.0 135 138
568.5 148 169
568.5 148 170
570.0 28 39
570.0 28 40
571.5 181 186
571.5 181 187
573.0 78 89
573.0 78 90
574.5 23 198
574.5 24 25
576.0 157 163
576.0 157 164
577.5 10 16
577.5 10 17
579.0 93 94
579.0 94 95
580.5 130 144
580.5 130 145
582.0 178 181
582.0 178 182
583.5 37 40
583.5 37 41
585.0 85 88
585.0 85 89
586.5 169 170
586.5 170 171
588.0 27 28
588.0 27 30
589.5 193 194
589.5 194 195
591.0 125 136
591.0 125 137
592.5 54 56
592.5 54 57
594.0 56 65
594.0 56 66
595.5 25 26
595.5 25 34
597.0 167 168
597.0 168 169
598.5 10 18
598.5 11 12
600.0 99 119
600.0 99 120
601.5 61 68
601.5 62 63
603.0 56 57
603.0 56 58
604.5 152 153
604.5 152 157
606.0 136 137
606.0 136 138
607.5 59 67
607.5 59 68
609.0 79 85
609.0 79 86
610.5 25 35
610.5 25 36
612.0 6 16
612.0 6 17
613.5 173 174
613.5 173 192
615.0 81 94
615.0 81 95
616.5 98 173
616.5 98 197
618.0 47 147
618.0 47 148
619.5 130 134
619.5 130 135
621.0 69 70
621.0 70 71
622.5 187 194
622.5 188 189
624.0 128 137
624.0 128 138
625.5 156 161
625.5 156 162
627.0 181 196
627.0 182 183
628.5 22 97
628.5 22 122
630.0 55 60
630.0 55 61
631.5 47 71
631.5 47 72
633.0 33 42
633.0 33 43
634.5 7 17
634.5 7 18
636.0 78 95
636.0 78 96
637.5 31 43
637.5 31 44
639.0 8 13
639.0 8 14
640.5 159 169
640.5 159 170
642.0 111 117
642.0 111 118
643.5 160 161
643.5 160 162
645.0 3 7
645.0 3 8
646.5 110 113
646.5 110 114
648.0 50 70
648.0 50 71
649.5 79 89
649.5 79 90
651.0 107 115
651.0 107 116
652.5 24 42
652.5 24 43
654.0 155 166
654.0 155 167
655.5 106 115
655.5 106 116
657.0 50 51
657.0 50 59
658.5 106 109
658.5 106 110
660.0 114 117
660.0 115 116
661.5 0 9
661.5 0 10
663.0 12 15
663.0 12 16
664.5 78 87
664.5 78 88
666.0 67 68
666.0 68 69
667.5 61 64
667.5 61 65
669.0 51 61
669.0 51 62
670.5 100 119
670.5 100 120
672.0 127 136
672.0 127 137
673.5 83 88
673.5 83 89
675.0 106 111
675.0 106 112
676.5 1 15
676.5 1 16
678.0 52 53
678.0 52 55
679.5 127 140
679.5 127 141
681.0 132 145
681.0 132 146
682.5 57 66
682.5 57 67
684.0 103 114
684.0 103 115
685.5 1 13
685.5 1 14
687.0 10 12
687.0 10 13
688.5 82 88
688.5 82 89
690.0 110 111
690.0 110 112
691.5 128 129
691.5 128 130
693.0 84 91
693.0 84 92
694.5 30 34
694.5 30 35
696.0 105 116
696.0 105 117
697.5 62 68
697.5 63 64
699.0 157 169
699.0 157 170
700.5 100 113
700.5 100 114
702.0 134 135
702.0 134 136
703.5 153 155
703.5 153 156
705.0 158 166
705.0 158 167
706.5 80 91
706.5 80 92
708.0 77 96
708.0 77 97
709.5 154 169
709.5 154 170
711.0 164 167
711.0 165 166
712.5 175 188
712.5 175 189
714.0 160 165
714.0 160 166
715.5 133 140
715.5 133 141
717.0 156 171
717.0 157 158
718.5 174 192
718.5 174 193
720.0 153 157
720.0 153 158
721.5 150 161
721.5 150 162
723.0 88 89
723.0 88 90
724.5 80 83
724.5 80 84
726.0 177 196
726.0 177 197
727.5 47 69
727.5 47 70
729.0 151 161
729.0 151 162
730.5 104 118
730.5 104 119
732.0 35 43
732.0 36 37
733.5 129 137
733.5 129 138
735.0 71 72
735.0 72 73
736.5 3 13
736.5 3 14
738.0 54 68
738.0 54 69
739.5 155 158
739.5 155 159
741.0 6 12
741.0 6 13
742.5 91 92
742.5 92 93
744.0 81 96
744.0 82 83
745.5 183 189
745.5 183 190
747.0 177 190
747.0 177 191
748.5 179 191
748.5 179 192
750.0 182 188
750.0 182 189
751.5 112 118
751.5 113 114
753.0 82 94
753.0 82 95
754.5 76 77
754.5 76 83
756.0 74 90
756.0 74 91
757.5 53 57
757.5 53 58
759.0 159 161
759.0 159 162
760.5 30 32
760.5 30 33
762.0 178 189
762.0 178 190
763.5 155 170
763.5 155 171
765.0 143 144
765.0 144 145
766.5 148 173
766.5 148 198
768.0 176 188
768.0 176 189
769.5 78 83
769.5 78 84
771.0 55 68
771.0 55 69
772.5 104 108
772.5 104 109
774.0 149 171
774.0 149 172
775.5 82 86
775.5 82 87
777.0 62 66
777.0 62 67
778.5 53 67
778.5 53 68
780.0 109 114
780.0 109 115
781.5 29 40
781.5 29 41
783.0 130 136
783.0 130 137
784.5 58 66
784.5 58 67
786.0 49 71
786.0 49 72
787.5 29 32
787.5 29 33
789.0 0 21
789.0 0 22
790.5 48 172
790.5 48 173
792.0 180 190
792.0 180 191
793.5 128 147
793.5 129 130
795.0 152 172
795.0 153 154
796.5 156 167
796.5 156 168
798.0 98 148
798.0 98 172
799.5 150 163
799.5 150 164
801.0 189 190
801.0 189 191
802.5 97 147
802.5 97 148
804.0 138 143
804.0 139 140
805.5 104 106
805.5 104 107
807.0 6 10
807.0 6 11
808.5 135 139
808.5 135 140
810.0 31 37
810.0 31 38
811.5 5 8
811.5 5 9
813.0 123 146
813.0 123 147
814.5 107 109
814.5 107 110
816.0 61 66
816.0 61 67
817.5 7 13
817.5 7 14
819.0 127 146
819.0 127 147
820.5 73 90
820.5 73 91
822.0 151 165
822.0 151 166
823.5 11 17
823.5 11 18
825.0 77 92
825.0 77 93
826.5 182 186
826.5 182 187
828.0 62 64
828.0 62 65
829.5 108 115
829.5 108 116
831.0 52 66
831.0 52 67
832.5 2 19
832.5 2 20
834.0 160 169
834.0 161 162
835.5 97 121
835.5 97 122
837.0 78 79
837.0 78 80
838.5 136 139
838.5 136 140
840.0 53 69
840.0 53 70
841.5 50 62
841.5 50 63
843.0 72 96
843.0 72 97
844.5 180 194
844.5 180 195
846.0 80 89
846.0 80 90
847.5 129 147
847.5 130 131
849.0 123 144
849.0 123 145
850.5 103 120
850.5 103 121
852.0 130 138
852.0 130 139
853.5 109 118
853.5 109 119
855.0 126 140
855.0 126 141
856.5 57 64
856.5 57 65
858.0 178 179
858.0 178 180
859.5 124 148
859.5 125 126
861.0 89 92
861.0 90 91
862.5 125 138
862.5 125 139
864.0 174 198
864.0 175 176
865.5 55 58
865.5 55 59
867.0 154 159
867.0 154 160
868.5 137 138
868.5 137 139
870.0 180 184
870.0 180 185
871.5 33 40
871.5 33 41
873.0 129 143
873.0 129 144
874.5 128 135
874.5 128 136
876.0 32 40
876.0 32 41
877.5 60 68
877.5 60 69
879.0 5 14
879.0 5 15
880.5 107 117
880.5 107 118
882.0 55 64
882.0 55 65
883.5 4 6
883.5 4 7
885.0 8 11
885.0 8 12
886.5 7 15
886.5 7 16
888.0 102 117
888.0 102 118
889.5 103 104
889.5 103 105
891.0 72 94
891.0 72 95
892.5 28 43
892.5 28 44
894.0 124 138
894.0 124 139
895.5 126 127
895.5 126 133
897.0 150 171
897.0 150 172
898.5 1 11
898.5 1 12
900.0 150 173
900.0 151 152
901.5 133 138
901.5 133 139
903.0 30 40
903.0 30 41
904.5 102 113
904.5 102 114
906.0 52 56
906.0 52 57
907.5 161 163
907.5 161 164
909.0 23 39
909.0 23 40
910.5 56 67
910.5 56 68
912.0 101 113
912.0 101 114
913.5 112 114
913.5 112 115
915.0 74 96
915.0 74 97
916.5 0 13
916.5 0 14
918.0 97 172
918.0 97 173
919.5 50 72
919.5 51 52
921.0 160 163
921.0 160 164
922.5 183 187
922.5 183 188
924.0 87 92
924.0 87 93
925.5 152 168
925.5 152 169
927.0 2 13
927.0 2 14
928.5 83 94
928.5 83 95
930.0 79 95
930.0 79 96
931.5 181 182
931.5 181 183
933.0 9 17
933.0 9 18
934.5 99 115
934.5 99 116
936.0 163 165
936.0 163 166
937.5 182 190
937.5 182 191
939.0 76 96
939.0 76 97
940.5 39 41
940.5 40 41
942.0 162 168
942.0 163 164
943.5 179 185
943.5 179 186
945.0 188 190
945.0 188 191
946.5 176 194
946.5 176 195
948.0 27 31
948.0 27 32
949.5 86 88
949.5 86 89
951.0 125 146
951.0 125 147
952.5 76 92
952.5 76 93
954.0 113 117
954.0 113 118
955.5 115 117
955.5 116 117
957.0 151 167
957.0 151 168
958.5 186 193
958.5 186 194
960.0 5 10
960.0 5 11
961.5 85 94
961.5 86 87
963.0 29 30
963.0 29 31
964.5 24 44
964.5 24 45
966.0 11 13
966.0 11 14
967.5 79 93
967.5 79 94
969.0 14 16
969.0 15 16
970.5 57 70
970.5 58 59
972.0 36 40
972.0 36 41
973.5 103 112
973.5 103 113
975.0 100 115
975.0 100 116
976.5 29 36
976.5 29 37
978.0 174 190
978.0 174 191
979.5 164 165
979.5 164 166
981.0 6 20
981.0 7 8
982.5 187 192
982.5 187 193
984.0 179 183
984.0 179 184
985.5 181 188
985.5 181 189
987.0 134 145
987.0 135 136
988.5 57 68
988.5 57 69
990.0 73 92
990.0 73 93
991.5 77 78
991.5 77 81
993.0 109 110
993.0 109 111
994.5 25 41
994.5 25 42
996.0 99 121
996.0 99 122
997.5 175 196
997.5 175 197
999.0 98 118
999.0 98 119
1000.5 77 82
1000.5 77 83
1002.0 57 60
1002.0 57 61
1003.5 75 88
1003.5 75 89
1005.0 24 38
1005.0 24 39
1006.5 35 41
1006.5 35 42
1008.0 83 92
1008.0 83 93
1009.5 132 135
1009.5 132 136
1011.0 23 41
1011.0 23 42
1012.5 87 88
1012.5 87 89
1014.0 163 167
1014.0 163 168
1015.5 59 65
1015.5 59 66
1017.0 178 185
1017.0 178 186
1018.5 50 66
1018.5 50 67
1020.0 184 188
1020.0 184 189
1021.5 51 57
1021.5 51 58
1023.0 8 9
1023.0 8 10
1024.5 85 86
1024.5 85 87
1026.0 83 90
1026.0 83 91
1027.5 56 63
1027.5 56 64
1029.0 27 39
1029.0 27 40
1030.5 4 16
1030.5 4 17
1032.0 79 91
1032.0 79 92
1033.5 8 17
1033.5 8 18
1035.0 122 197
1035.0 122 198
1036.5 153 159
1036.5 153 160
1038.0 22 47
1038.0 22 72
1039.5 1 9
1039.5 1 10
1041.0 151 171
1041.0 151 172
1042.5 11 15
1042.5 11 16
1044.0 53 61
1044.0 53 62
1045.5 148 171
1045.5 148 172
1047.0 102 107
1047.0 102 108
1048.5 134 143
1048.5 134 144
1050.0 161 169
1050.0 162 163
1051.5 27 41
1051.5 27 42
1053.0 186 191
1053.0 186 192
1054.5 80 87
1054.5 80 88
1056.0 98 122
1056.0 98 147
1057.5 0 19
1057.5 0 20
1059.0 54 66
1059.0 54 67
1060.5 22 43
1060.5 22 44
1062.0 31 35
1062.0 31 36
1063.5 151 159
1063.5 151 160
1065.0 132 143
1065.0 132 144
1066.5 52 58
1066.5 52 59
1068.0 131 143
1068.0 131 144
1069.5 52 72
1069.5 53 54
1071.0 108 111
1071.0 108 112
1072.5 149 165
1072.5 149 166
1074.0 50 60
1074.0 50 61
1075.5 105 106
1075.5 105 107
1077.0 130 142
1077.0 130 143
1078.5 183 185
1078.5 183 186
1080.0 188 192
1080.0 188 193
1081.5 53 55
1081.5 53 56
1083.0 78 91
1083.0 78 92
1084.5 25 39
1084.5 25 40
1086.0 102 103
1086.0 102 106
1087.5 103 116
1087.5 103 117
1089.0 20 21
1089.0 21 22
1090.5 22 45
1090.5 22 46
1092.0 161 167
1092.0 161 168
1093.5 4 14
1093.5 4 15
1095.0 129 131
1095.0 129 132
1096.5 73 94
1096.5 73 95
1098.0 51 71
1098.0 51 72
1099.5 108 119
1099.5 108 120
1101.0 3 11
1101.0 3 12
1102.5 48 197
1102.5 48 198
1104.0 136 143
1104.0 136 144
1105.5 36 38
1105.5 36 39
1107.0 184 194
1107.0 184 195
1108.5 179 181
1108.5 179 182
1110.0 111 113
1110.0 111 114
1111.5 105 110
1111.5 105 111
1113.0 126 136
1113.0 126 137
1114.5 174 196
1114.5 174 197
1116.0 58 64
1116.0 58 65
1117.5 63 65
1117.5 63 66
1119.0 61 62
1119.0 61 63
1120.5 106 119
1120.5 106 120
1122.0 56 69
1122.0 56 70
1123.5 22 123
1123.5 22 147
1125.0 151 163
1125.0 151 164
1126.5 75 86
1126.5 75 87
1128.0 13 15
1128.0 13 16
1129.5 0 1
1129.5 0 8
1131.0 28 31
1131.0 28 32
1132.5 180 186
1132.5 180 187
1134.0 57 58
1134.0 57 59
1135.5 129 135
1135.5 129 136
1137.0 126 146
1137.0 126 147
1138.5 34 42
1138.5 34 43
1140.0 124 142
1140.0 124 143
1141.5 102 115
1141.5 102 116
1143.0 103 118
1143.0 103 119
1144.5 4 12
1144.5 4 13
1146.0 80 93
1146.0 80 94
1147.5 51 63
1147.5 51 64
1149.0 74 75
1149.0 74 87
1150.5 75 90
1150.5 75 91
1152.0 26 32
1152.0 26 33
1153.5 77 88
1153.5 77 89
1155.0 126 144
1155.0 126 145
1156.5 34 38
1156.5 34 39
1158.0 173 197
1158.0 173 198
1159.5 23 47
1159.5 23 197
1161.0 105 108
1161.0 105 109
1162.5 60 66
1162.5 60 67
1164.0 58 68
1164.0 58 69
1165.5 162 164
1165.5 162 165
1167.0 22 148
1167.0 22 172
1168.5 78 97
1168.5 79 80
1170.0 127 138
1170.0 127 139
1171.5 8 19
1171.5 9 10
1173.0 155 168
1173.0 155 169
1174.5 3 17
1174.5 3 18
1176.0 89 90
1176.0 89 91
1177.5 105 120
1177.5 105 121
1179.0 180 192
1179.0 180 193
1180.5 122 172
1180.5 122 173
1182.0 149 167
1182.0 149 168
1183.5 145 146
1183.5 146 147
1185.0 129 145
1185.0 129 146
1186.5 5 16
1186.5 5 17
1188.0 186 189
1188.0 186 190
1189.5 104 112
1189.5 104 113
1191.0 175 186
1191.0 175 187
1192.5 31 33
1192.5 31 34
1194.0 132 133
1194.0 132 134
1195.5 98 198
1195.5 99 100
1197.0 187 188
1197.0 187 189
1198.5 53 59
1198.5 53 60
1200.0 80 85
1200.0 80 86
1201.5 181 194
1201.5 181 195
1203.0 33 36
1203.0 33 37
1204.5 131 133
1204.5 131 134
1206.0 100 111
1206.0 100 112
1207.5 157 167
1207.5 157 168
1209.0 121 122
1209.0 122 123
1210.5 183 193
1210.5 183 194
1212.0 76 94
1212.0 76 95
1213.5 182 196
1213.5 183 184
1215.0 36 42
1215.0 36 43
1216.5 28 41
1216.5 28 42
1218.0 52 62
1218.0 52 63
1219.5 5 12
1219.5 5 13
1221.0 22 173
1221.0 22 197
1222.5 30 36
1222.5 30 37
1224.0 9 13
1224.0 9 14
1225.5 132 137
1225.5 132 138
1227.0 186 187
1227.0 186 188
1228.5 58 70
1228.5 59 60
1230.0 25 47
1230.0 26 27
1231.5 150 169
1231.5 150 170
1233.0 32 38
1233.0 32 39
1234.5 174 194
1234.5 174 195
1236.0 155 164
1236.0 155 165
1237.5 111 119
1237.5 112 113
1239.0 82 90
1239.0 82 91
1240.5 8 15
1240.5 8 16
1242.0 0 17
1242.0 0 18
1243.5 183 191
1243.5 183 192
1245.0 22 23
1245.0 22 42
1246.5 128 133
1246.5 128 134
1248.0 128 141
1248.0 128 142
1249.5 24 40
1249.5 24 41
1251.0 3 15
1251.0 3 16
1252.5 104 114
1252.5 104 115
1254.0 187 190
1254.0 187 191
1255.5 2 5
1255.5 2 6
1257.0 81 86
1257.0 81 87
1258.5 5 18
1258.5 5 19
1260.0 110 119
1260.0 111 112
1261.5 158 164
1261.5 158 165
1263.0 177 186
1263.0 177 187
1264.5 32 42
1264.5 32 43
1266.0 176 196
1266.0 176 197
1267.5 1 21
1267.5 1 22
1269.0 26 34
1269.0 26 35
1270.5 108 113
1270.5 108 114
1272.0 197 198
1272.0 198 199
1273.5 4 18
1273.5 4 19
1275.0 74 94
1275.0 74 95
1276.5 185 188
1276.5 185 189
1278.0 52 64
1278.0 52 65
1279.5 162 166
1279.5 162 167
1281.0 123 198
1281.0 124 125
1282.5 176 190
1282.5 176 191
1284.0 78 81
1284.0 78 82
1285.5 138 139
1285.5 138 140
1287.0 79 81
1287.0 79 82
1288.5 34 44
1288.5 35 36
1290.0 156 159
1290.0 156 160
1291.5 2 11
1291.5 2 12
1293.0 128 143
1293.0 128 144
1294.5 134 141
1294.5 134 142
1296.0 28 29
1296.0 28 30
1297.5 161 165
1297.5 161 166
1299.0 139 141
1299.0 139 142
