0 57 64
0 57 65
1.5 72 173
1.5 72 197
3.0 3 5
3.0 3 6
4.5 78 79
4.5 78 80
6.0 86 90
6.0 86 91
7.5 48 65
7.5 48 66
9.0 149 150
9.0 149 164
10.5 127 140
10.5 127 141
12.0 79 83
12.0 79 84
13.5 54 56
13.5 54 57
15.0 29 32
15.0 29 33
16.5 74 96
16.5 74 97
18.0 108 119
18.0 108 120
19.5 183 191
19.5 183 192
21.0 190 191
21.0 190 192
22.5 85 86
22.5 85 87
24.0 152 153
24.0 152 157
25.5 28 41
25.5 28 42
27.0 122 197
27.0 122 198
28.5 137 140
28.5 137 141
30.0 128 143
30.0 128 144
31.5 81 90
31.5 81 91
33.0 105 120
33.0 105 121
34.5 37 42
34.5 38 39
36.0 2 7
36.0 2 8
37.5 133 134
37.5 133 135
39.0 169 170
39.0 170 171
40.5 77 88
40.5 77 89
42.0 29 46
42.0 30 31
43.5 83 88
43.5 83 89
45.0 59 61
45.0 59 62
46.5 31 45
46.5 32 33
48.0 7 19
48.0 7 20
49.5 78 95
49.5 78 96
51.0 108 109
51.0 108 110
52.5 125 138
52.5 125 139
54.0 37 40
54.0 37 41
55.5 16 17
55.5 17 18
57.0 73 147
57.0 73 148
58.5 37 38
58.5 37 39
60.0 9 19
60.0 10 11
61.5 173 193
61.5 173 194
63.0 134 143
63.0 134 144
64.5 47 172
64.5 47 173
66.0 152 164
66.0 152 165
67.5 150 161
67.5 150 162
69.0 98 198
69.0 99 100
70.5 153 163
70.5 153 164
72.0 110 111
72.0 110 112
73.5 156 159
73.5 156 160
75.0 24 40
75.0 24 41
76.5 6 12
76.5 6 13
78.0 133 136
78.0 133 137
79.5 30 46
79.5 31 32
81.0 160 163
81.0 160 164
82.5 178 189
82.5 178 190
84.0 74 88
84.0 74 89
85.5 5 16
85.5 5 17
87.0 179 185
87.0 179 186
88.5 79 85
88.5 79 86
90.0 27 33
90.0 27 34
91.5 25 41
91.5 25 42
93.0 60 66
93.0 60 67
94.5 84 89
94.5 84 90
96.0 4 10
96.0 4 11
97.5 132 135
97.5 132 136
99.0 149 169
99.0 149 170
100.5 43 44
100.5 44 45
102.0 131 137
102.0 131 138
103.5 22 173
103.5 22 197
105.0 128 135
105.0 128 136
106.5 180 182
106.5 180 183
108.0 27 45
108.0 27 46
109.5 59 67
109.5 59 68
111.0 103 112
111.0 103 113
112.5 109 110
112.5 109 111
114.0 99 115
114.0 99 116
115.5 126 142
115.5 126 143
117.0 175 198
117.0 176 177
118.5 104 120
118.5 104 121
120.0 183 185
120.0 183 186
121.5 180 184
121.5 180 185
123.0 129 143
123.0 129 144
124.5 149 171
124.5 149 172
126.0 24 42
126.0 24 43
127.5 20 21
127.5 21 22
129.0 78 89
129.0 78 90
130.5 126 134
130.5 126 135
132.0 75 92
132.0 75 93
133.5 29 42
133.5 29 43
135.0 128 133
135.0 128 134
136.5 2 3
136.5 2 4
138.0 121 122
138.0 122 123
139.5 160 161
139.5 160 162
141.0 28 45
141.0 28 46
142.5 188 192
142.5 188 193
144.0 26 44
144.0 26 45
145.5 24 38
145.5 24 39
147.0 183 195
147.0 184 185
148.5 73 92
148.5 73 93
150.0 33 36
150.0 33 37
151.5 135 139
151.5 135 140
153.0 77 90
153.0 77 91
154.5 49 71
154.5 49 72
156.0 185 192
156.0 185 193
157.5 61 66
157.5 61 67
159.0 180 190
159.0 180 191
160.5 55 56
160.5 55 57
162.0 89 92
162.0 90 91
163.5 137 142
163.5 137 143
165.0 158 160
165.0 158 161
166.5 2 5
166.5 2 6
168.0 77 94
168.0 77 95
169.5 136 137
169.5 136 138
171.0 35 37
171.0 35 38
172.5 73 197
172.5 73 198
174.0 159 167
174.0 159 168
175.5 197 198
175.5 198 199
177.0 4 6
177.0 4 7
178.5 57 60
178.5 57 61
180.0 58 62
180.0 58 63
181.5 140 141
181.5 140 142
183.0 2 15
183.0 2 16
184.5 58 66
184.5 58 67
186.0 51 69
186.0 51 70
187.5 29 36
187.5 29 37
189.0 1 7
189.0 1 8
190.5 108 117
190.5 108 118
192.0 131 141
192.0 131 142
193.5 123 124
193.5 123 141
195.0 128 139
195.0 128 140
196.5 128 131
196.5 128 132
198.0 78 85
198.0 78 86
199.5 102 115
199.5 102 116
201.0 157 165
201.0 157 166
202.5 55 60
202.5 55 61
204.0 28 31
204.0 28 32
205.5 56 67
205.5 56 68
207.0 51 71
207.0 51 72
208.5 4 12
208.5 4 13
210.0 30 34
210.0 30 35
211.5 57 70
211.5 58 59
213.0 49 65
213.0 49 66
214.5 29 44
214.5 29 45
216.0 81 96
216.0 82 83
217.5 151 167
217.5 151 168
219.0 182 194
219.0 182 195
220.5 158 166
220.5 158 167
222.0 106 121
222.0 107 108
223.5 151 161
223.5 151 162
225.0 104 106
225.0 104 107
226.5 74 75
226.5 74 87
228.0 27 43
228.0 27 44
229.5 3 17
229.5 3 18
231.0 155 160
231.0 155 161
232.5 63 67
232.5 64 65
234.0 67 68
234.0 68 69
235.5 53 61
235.5 53 62
237.0 129 137
237.0 129 138
238.5 25 26
238.5 25 34
240.0 50 60
240.0 50 61
241.5 53 65
241.5 53 66
243.0 6 14
243.0 6 15
244.5 179 189
244.5 179 190
246.0 158 162
246.0 158 163
247.5 155 164
247.5 155 165
249.0 6 16
249.0 6 17
250.5 178 191
250.5 178 192
252.0 9 13
252.0 9 14
253.5 130 146
253.5 131 132
255.0 163 167
255.0 163 168
256.5 151 171
256.5 151 172
258.0 55 64
258.0 55 65
259.5 0 11
259.5 0 12
261.0 157 169
261.0 157 170
262.5 179 197
262.5 180 181
264.0 101 102
264.0 101 108
265.5 76 94
265.5 76 95
267.0 171 172
267.0 172 173
268.5 187 190
268.5 187 191
270.0 27 37
270.0 27 38
271.5 127 146
271.5 127 147
273.0 109 116
273.0 109 117
274.5 177 192
274.5 177 193
276.0 11 17
276.0 11 18
277.5 36 38
277.5 36 39
279.0 87 90
279.0 87 91
280.5 4 20
280.5 4 21
282.0 160 167
282.0 160 168
283.5 34 44
283.5 35 36
285.0 23 43
285.0 23 44
286.5 22 198
286.5 23 24
288.0 72 96
288.0 72 97
289.5 54 64
289.5 54 65
291.0 0 15
291.0 0 16
292.5 184 194
292.5 184 195
294.0 53 69
294.0 53 70
295.5 185 188
295.5 185 189
297.0 0 1
297.0 0 8
298.5 56 69
298.5 56 70
300.0 155 162
300.0 155 163
301.5 30 40
301.5 30 41
303.0 179 193
303.0 179 194
304.5 0 13
304.5 0 14
306.0 27 35
306.0 27 36
307.5 134 135
307.5 134 136
309.0 119 120
309.0 120 121
310.5 3 13
310.5 3 14
312.0 153 155
312.0 153 156
313.5 102 113
313.5 102 114
315.0 130 142
315.0 130 143
316.5 75 76
316.5 75 85
318.0 93 94
318.0 94 95
319.5 79 81
319.5 79 82
321.0 78 91
321.0 78 92
322.5 186 191
322.5 186 192
324.0 147 148
324.0 148 149
325.5 98 120
325.5 98 121
327.0 51 57
327.0 51 58
328.5 188 190
328.5 188 191
330.0 154 163
330.0 154 164
331.5 129 145
331.5 129 146
333.0 189 190
333.0 189 191
334.5 150 163
334.5 150 164
336.0 71 72
336.0 72 73
337.5 133 138
337.5 133 139
339.0 82 90
339.0 82 91
340.5 83 90
340.5 83 91
342.0 97 121
342.0 97 122
343.5 126 127
343.5 126 133
345.0 133 140
345.0 133 141
346.5 52 64
346.5 52 65
348.0 72 198
348.0 73 74
349.5 62 68
349.5 63 64
351.0 126 136
351.0 126 137
352.5 125 136
352.5 125 137
354.0 23 45
354.0 23 46
355.5 35 43
355.5 36 37
357.0 176 190
357.0 176 191
358.5 26 36
358.5 26 37
360.0 5 6
360.0 5 7
361.5 153 165
361.5 153 166
363.0 112 116
363.0 112 117
364.5 124 138
364.5 124 139
366.0 6 20
366.0 7 8
367.5 185 190
367.5 185 191
369.0 133 144
369.0 133 145
370.5 74 90
370.5 74 91
372.0 159 161
372.0 159 162
373.5 103 114
373.5 103 115
375.0 6 10
375.0 6 11
376.5 156 157
376.5 156 158
378.0 48 49
378.0 48 64
379.5 148 169
379.5 148 170
381.0 12 17
381.0 13 14
382.5 134 141
382.5 134 142
384.0 105 114
384.0 105 115
385.5 85 88
385.5 85 89
387.0 176 194
387.0 176 195
388.5 159 163
388.5 159 164
390.0 97 98
390.0 97 120
391.5 128 147
391.5 129 130
393.0 176 184
393.0 176 185
394.5 150 167
394.5 150 168
396.0 50 62
396.0 50 63
397.5 1 2
397.5 1 6
399.0 24 46
399.0 24 47
400.5 161 165
400.5 161 166
402.0 103 116
402.0 103 117
403.5 123 144
403.5 123 145
405.0 4 14
405.0 4 15
406.5 82 92
406.5 82 93
408.0 54 62
408.0 54 63
409.5 54 58
409.5 54 59
411.0 51 59
411.0 51 60
412.5 174 194
412.5 174 195
414.0 10 14
414.0 10 15
415.5 32 34
415.5 32 35
417.0 81 86
417.0 81 87
418.5 111 119
418.5 112 113
420.0 99 121
420.0 99 122
421.5 156 165
421.5 156 166
423.0 54 60
423.0 54 61
424.5 184 186
424.5 184 187
426.0 57 68
426.0 57 69
427.5 25 47
427.5 26 27
429.0 75 86
429.0 75 87
430.5 189 192
430.5 189 193
432.0 53 71
432.0 54 55
433.5 107 117
433.5 107 118
435.0 110 115
435.0 110 116
436.5 28 37
436.5 28 38
438.0 100 113
438.0 100 114
439.5 80 93
439.5 80 94
441.0 33 42
441.0 33 43
442.5 30 36
442.5 30 37
444.0 33 40
444.0 33 41
445.5 136 139
445.5 136 140
447.0 31 41
447.0 31 42
448.5 38 40
448.5 38 41
450.0 5 20
450.0 6 7
451.5 101 117
451.5 101 118
453.0 177 184
453.0 177 185
454.5 101 109
454.5 101 110
456.0 1 13
456.0 1 14
457.5 77 78
457.5 77 81
459.0 52 68
459.0 52 69
460.5 132 143
460.5 132 144
462.0 14 16
462.0 15 16
463.5 32 38
463.5 32 39
465.0 22 23
465.0 22 42
466.5 164 165
466.5 164 166
468.0 104 110
468.0 104 111
469.5 56 65
469.5 56 66
471.0 50 72
471.0 51 52
472.5 129 147
472.5 130 131
474.0 1 21
474.0 1 22
475.5 102 107
475.5 102 108
477.0 97 197
477.0 97 198
478.5 32 36
478.5 32 37
480.0 107 109
480.0 107 110
481.5 103 122
481.5 104 105
483.0 81 84
483.0 81 85
484.5 13 15
484.5 13 16
486.0 63 65
486.0 63 66
487.5 58 68
487.5 58 69
489.0 55 66
489.0 55 67
490.5 114 117
490.5 115 116
492.0 113 115
492.0 113 116
493.5 54 68
493.5 54 69
495.0 132 145
495.0 132 146
496.5 50 66
496.5 50 67
498.0 5 8
498.0 5 9
499.5 130 134
499.5 130 135
501.0 154 171
501.0 154 172
502.5 161 169
502.5 162 163
504.0 104 116
504.0 104 117
505.5 22 123
505.5 22 147
507.0 114 115
507.0 114 116
508.5 104 118
508.5 104 119
510.0 11 13
510.0 11 14
511.5 59 69
511.5 60 61
513.0 27 31
513.0 27 32
514.5 25 39
514.5 25 40
516.0 76 84
516.0 76 85
517.5 82 84
517.5 82 85
519.0 48 197
519.0 48 198
520.5 36 42
520.5 36 43
522.0 145 146
522.0 146 147
523.5 183 187
523.5 183 188
525.0 76 88
525.0 76 89
526.5 56 59
526.5 56 60
528.0 31 35
528.0 31 36
529.5 52 60
529.5 52 61
531.0 28 33
531.0 28 34
532.5 0 9
532.5 0 10
534.0 131 143
534.0 131 144
535.5 182 188
535.5 182 189
537.0 127 128
537.0 127 131
538.5 76 86
538.5 76 87
540.0 76 96
540.0 76 97
541.5 80 91
541.5 80 92
543.0 83 84
543.0 83 85
544.5 65 66
544.5 66 67
546.0 64 66
546.0 64 67
547.5 124 144
547.5 124 145
549.0 130 140
549.0 130 141
550.5 186 193
550.5 186 194
552.0 97 172
552.0 97 173
553.5 175 196
553.5 175 197
555.0 159 165
555.0 159 166
556.5 150 165
556.5 150 166
558.0 179 183
558.0 179 184
559.5 97 147
559.5 97 148
561.0 157 167
561.0 157 168
562.5 80 83
562.5 80 84
564.0 102 111
564.0 102 112
565.5 33 34
565.5 33 35
567.0 181 194
567.0 181 195
568.5 13 17
568.5 14 15
570.0 7 9
570.0 7 10
571.5 95 96
571.5 96 97
573.0 103 110
573.0 103 111
574.5 98 99
574.5 98 115
576.0 151 159
576.0 151 160
577.5 100 111
577.5 100 112
579.0 74 92
579.0 74 93
580.5 7 11
580.5 7 12
582.0 174 198
582.0 175 176
583.5 125 144
583.5 125 145
585.0 126 138
585.0 126 139
586.5 22 43
586.5 22 44
588.0 182 184
588.0 182 185
589.5 33 38
589.5 33 39
591.0 167 168
591.0 168 169
592.5 56 57
592.5 56 58
594.0 30 32
594.0 30 33
595.5 143 144
595.5 144 145
597.0 175 190
597.0 175 191
598.5 157 163
598.5 157 164
600.0 25 43
600.0 25 44
601.5 102 109
601.5 102 110
603.0 180 194
603.0 180 195
604.5 3 21
604.5 4 5
606.0 158 170
606.0 159 160
607.5 102 103
607.5 102 106
609.0 177 194
609.0 177 195
610.5 154 161
610.5 154 162
612.0 127 134
612.0 127 135
613.5 10 18
613.5 11 12
615.0 48 172
615.0 48 173
616.5 180 196
616.5 180 197
618.0 101 113
618.0 101 114
619.5 0 17
619.5 0 18
621.0 84 93
621.0 84 94
622.5 159 169
622.5 159 170
624.0 103 106
624.0 103 107
625.5 73 172
625.5 73 173
627.0 127 132
627.0 127 133
628.5 1 9
628.5 1 10
630.0 185 194
630.0 185 195
631.5 80 81
631.5 80 82
633.0 111 113
633.0 111 114
634.5 123 142
634.5 123 143
636.0 76 90
636.0 76 91
637.5 124 146
637.5 124 147
639.0 174 175
639.0 174 189
640.5 60 68
640.5 60 69
642.0 55 58
642.0 55 59
643.5 125 142
643.5 125 143
645.0 60 64
645.0 60 65
646.5 50 68
646.5 50 69
648.0 153 157
648.0 153 158
649.5 31 37
649.5 31 38
651.0 75 94
651.0 75 95
652.5 124 140
652.5 124 141
654.0 185 186
654.0 185 187
655.5 155 168
655.5 155 169
657.0 2 9
657.0 2 10
658.5 57 62
658.5 57 63
660.0 55 62
660.0 55 63
661.5 98 118
661.5 98 119
663.0 58 64
663.0 58 65
664.5 8 9
664.5 8 10
666.0 141 142
666.0 142 143
667.5 181 186
667.5 181 187
669.0 107 115
669.0 107 116
670.5 178 195
670.5 178 196
672.0 32 42
672.0 32 43
673.5 79 95
673.5 79 96
675.0 100 101
675.0 100 110
676.5 180 188
676.5 180 189
678.0 34 36
678.0 34 37
679.5 75 90
679.5 75 91
681.0 105 116
681.0 105 117
682.5 102 119
682.5 102 120
684.0 138 141
684.0 138 142
685.5 177 182
685.5 177 183
687.0 181 184
687.0 181 185
688.5 153 159
688.5 153 160
690.0 102 121
690.0 102 122
691.5 178 183
691.5 178 184
693.0 130 144
693.0 130 145
694.5 83 92
694.5 83 93
696.0 7 17
696.0 7 18
697.5 100 121
697.5 100 122
699.0 178 193
699.0 178 194
700.5 106 109
700.5 106 110
702.0 100 115
702.0 100 116
703.5 178 197
703.5 179 180
705.0 53 63
705.0 53 64
706.5 178 187
706.5 178 188
708.0 115 117
708.0 116 117
709.5 74 94
709.5 74 95
711.0 176 196
711.0 176 197
712.5 6 8
712.5 6 9
714.0 61 64
714.0 61 65
715.5 52 70
715.5 52 71
717.0 51 67
717.0 51 68
718.5 106 119
718.5 106 120
720.0 153 171
720.0 153 172
721.5 52 66
721.5 52 67
723.0 51 65
723.0 51 66
724.5 75 88
724.5 75 89
726.0 31 33
726.0 31 34
727.5 175 194
727.5 175 195
729.0 152 170
729.0 152 171
730.5 7 15
730.5 7 16
732.0 158 168
732.0 158 169
733.5 131 133
733.5 131 134
735.0 126 146
735.0 126 147
736.5 73 94
736.5 73 95
738.0 30 38
738.0 30 39
739.5 132 141
739.5 132 142
741.0 156 161
741.0 156 162
742.5 158 164
742.5 158 165
744.0 56 63
744.0 56 64
745.5 72 122
745.5 72 147
747.0 55 68
747.0 55 69
748.5 152 168
748.5 152 169
750.0 81 88
750.0 81 89
751.5 8 19
751.5 9 10
753.0 101 119
753.0 101 120
754.5 23 198
754.5 24 25
756.0 47 147
756.0 47 148
757.5 106 107
757.5 106 108
759.0 181 182
759.0 181 183
760.5 9 17
760.5 9 18
762.0 31 39
762.0 31 40
763.5 184 188
763.5 184 189
765.0 153 161
765.0 153 162
766.5 98 116
766.5 98 117
768.0 28 43
768.0 28 44
769.5 174 190
769.5 174 191
771.0 124 148
771.0 125 126
772.5 154 159
772.5 154 160
774.0 152 166
774.0 152 167
775.5 152 172
775.5 153 154
777.0 173 174
777.0 173 192
778.5 9 11
778.5 9 12
780.0 129 141
780.0 129 142
781.5 103 104
781.5 103 105
783.0 106 113
783.0 106 114
784.5 104 114
784.5 104 115
786.0 182 190
786.0 182 191
787.5 47 48
787.5 47 68
789.0 61 62
789.0 61 63
790.5 22 45
790.5 22 46
792.0 173 197
792.0 173 198
793.5 175 186
793.5 175 187
795.0 2 19
795.0 2 20
796.5 134 145
796.5 135 136
798.0 181 192
798.0 181 193
799.5 151 163
799.5 151 164
801.0 59 65
801.0 59 66
802.5 61 68
802.5 62 63
804.0 112 114
804.0 112 115
805.5 152 160
805.5 152 161
807.0 34 38
807.0 34 39
808.5 47 71
808.5 47 72
810.0 38 42
810.0 39 40
811.5 103 118
811.5 103 119
813.0 1 19
813.0 1 20
814.5 133 142
814.5 133 143
816.0 123 148
816.0 123 173
817.5 155 158
817.5 155 159
819.0 125 146
819.0 125 147
820.5 4 18
820.5 4 19
822.0 77 92
822.0 77 93
823.5 165 167
823.5 166 167
825.0 24 36
825.0 24 37
826.5 85 90
826.5 85 91
828.0 184 192
828.0 184 193
829.5 34 42
829.5 34 43
831.0 181 190
831.0 181 191
832.5 162 168
832.5 163 164
834.0 33 44
834.0 34 35
835.5 161 167
835.5 161 168
837.0 174 196
837.0 174 197
838.5 127 138
838.5 127 139
840.0 162 164
840.0 162 165
841.5 129 139
841.5 129 140
843.0 128 129
843.0 128 130
844.5 26 34
844.5 26 35
846.0 154 169
846.0 154 170
847.5 160 169
847.5 161 162
849.0 182 186
849.0 182 187
850.5 88 89
850.5 88 90
852.0 180 186
852.0 180 187
853.5 151 169
853.5 151 170
855.0 132 137
855.0 132 138
856.5 112 118
856.5 113 114
858.0 9 15
858.0 9 16
859.5 84 85
859.5 84 86
861.0 28 39
861.0 28 40
862.5 53 59
862.5 53 60
864.0 85 94
864.0 86 87
865.5 138 139
865.5 138 140
867.0 23 39
867.0 23 40
868.5 27 41
868.5 27 42
870.0 130 138
870.0 130 139
871.5 153 169
871.5 153 170
873.0 53 55
873.0 53 56
874.5 186 189
874.5 186 190
876.0 28 29
876.0 28 30
877.5 50 51
877.5 50 59
879.0 149 167
879.0 149 168
880.5 51 61
880.5 51 62
882.0 135 141
882.0 135 142
883.5 182 192
883.5 182 193
885.0 130 136
885.0 130 137
886.5 105 118
886.5 105 119
888.0 27 28
888.0 27 30
889.5 195 196
889.5 196 197
891.0 27 39
891.0 27 40
892.5 81 92
892.5 81 93
894.0 78 97
894.0 79 80
895.5 152 158
895.5 152 159
897.0 135 143
897.0 135 144
898.5 12 13
898.5 12 14
900.0 175 192
900.0 175 193
901.5 134 139
901.5 134 140
903.0 1 11
903.0 1 12
904.5 132 133
904.5 132 134
906.0 73 90
906.0 73 91
907.5 80 95
907.5 80 96
909.0 161 163
909.0 161 164
910.5 156 171
910.5 157 158
912.0 52 72
912.0 53 54
913.5 154 165
913.5 154 166
915.0 77 86
915.0 77 87
916.5 101 115
916.5 101 116
918.0 128 141
918.0 128 142
919.5 26 32
919.5 26 33
921.0 24 44
921.0 24 45
922.5 98 173
922.5 98 197
924.0 122 147
924.0 122 148
925.5 52 62
925.5 52 63
927.0 98 148
927.0 98 172
928.5 134 137
928.5 134 138
930.0 122 172
930.0 122 173
931.5 181 188
931.5 181 189
933.0 51 63
933.0 51 64
934.5 4 16
934.5 4 17
936.0 45 46
936.0 46 47
937.5 106 115
937.5 106 116
939.0 26 46
939.0 26 47
940.5 164 167
940.5 165 166
942.0 10 12
942.0 10 13
943.5 177 188
943.5 177 189
945.0 48 71
945.0 48 72
946.5 173 195
946.5 173 196
948.0 105 112
948.0 105 113
949.5 25 45
949.5 25 46
951.0 109 114
951.0 109 115
952.5 102 117
952.5 102 118
954.0 72 148
954.0 72 172
955.5 150 173
955.5 151 152
957.0 53 57
957.0 53 58
958.5 72 94
958.5 72 95
960.0 160 165
960.0 160 166
961.5 155 156
961.5 155 157
963.0 79 87
963.0 79 88
964.5 80 87
964.5 80 88
966.0 154 167
966.0 154 168
967.5 3 7
967.5 3 8
969.0 29 40
969.0 29 41
970.5 34 40
970.5 34 41
972.0 156 167
972.0 156 168
973.5 49 63
973.5 49 64
975.0 69 70
975.0 70 71
976.5 79 89
976.5 79 90
978.0 99 119
978.0 99 120
979.5 104 112
979.5 104 113
981.0 0 21
981.0 0 22
982.5 163 165
982.5 163 166
984.0 29 30
984.0 29 31
985.5 179 195
985.5 179 196
987.0 83 94
987.0 83 95
988.5 157 161
988.5 157 162
990.0 48 69
990.0 48 70
991.5 155 170
991.5 155 171
993.0 78 87
993.0 78 88
994.5 100 119
994.5 100 120
996.0 10 16
996.0 10 17
997.5 54 70
997.5 54 71
999.0 81 82
999.0 81 83
1000.5 88 91
1000.5 88 92
1002.0 177 186
1002.0 177 187
1003.5 29 34
1003.5 29 35
1005.0 32 44
1005.0 32 45
1006.5 36 40
1006.5 36 41
1008.0 186 187
1008.0 186 188
1009.5 29 38
1009.5 29 39
1011.0 155 166
1011.0 155 167
1012.5 177 196
1012.5 177 197
1014.0 81 94
1014.0 81 95
1015.5 12 15
1015.5 12 16
1017.0 22 47
1017.0 22 72
1018.5 183 193
1018.5 183 194
1020.0 75 96
1020.0 75 97
1021.5 87 88
1021.5 87 89
1023.0 1 17
1023.0 1 18
1024.5 0 19
1024.5 0 20
1026.0 111 115
1026.0 111 116
1027.5 149 173
1027.5 150 151
1029.0 156 163
1029.0 156 164
1030.5 136 141
1030.5 136 142
1032.0 126 140
1032.0 126 141
1033.5 83 86
1033.5 83 87
1035.0 26 42
1035.0 26 43
1036.5 60 62
1036.5 60 63
1038.0 52 56
1038.0 52 57
1039.5 91 92
1039.5 92 93
1041.0 23 41
1041.0 23 42
1042.5 73 96
1042.5 73 97
1044.0 107 111
1044.0 107 112
1045.5 132 139
1045.5 132 140
1047.0 52 58
1047.0 52 59
1048.5 49 50
1048.5 49 62
1050.0 148 167
1050.0 148 168
1051.5 104 108
1051.5 104 109
1053.0 53 67
1053.0 53 68
1054.5 110 113
1054.5 110 114
1056.0 77 84
1056.0 77 85
1057.5 137 138
1057.5 137 139
1059.0 113 117
1059.0 113 118
1060.5 85 92
1060.5 85 93
1062.0 2 11
1062.0 2 12
1063.5 175 188
1063.5 175 189
1065.0 129 135
1065.0 129 136
1066.5 130 132
1066.5 130 133
1068.0 7 13
1068.0 7 14
1069.5 3 9
1069.5 3 10
1071.0 135 137
1071.0 135 138
1072.5 180 192
1072.5 180 193
1074.0 101 121
1074.0 101 122
1075.5 18 19
1075.5 19 20
1077.0 108 111
1077.0 108 112
1078.5 178 181
1078.5 178 182
1080.0 47 97
1080.0 47 122
1081.5 54 66
1081.5 54 67
1083.0 179 181
1083.0 179 182
1084.5 28 35
1084.5 28 36
1086.0 100 117
1086.0 100 118
1087.5 77 82
1087.5 77 83
1089.0 82 88
1089.0 82 89
1090.5 127 136
1090.5 127 137
1092.0 123 146
1092.0 123 147
1093.5 129 131
1093.5 129 132
1095.0 176 192
1095.0 176 193
1096.5 80 85
1096.5 80 86
1098.0 4 8
1098.0 4 9
1099.5 123 198
1099.5 124 125
1101.0 5 18
1101.0 5 19
1102.5 49 67
1102.5 49 68
1104.0 128 137
1104.0 128 138
1105.5 3 11
1105.5 3 12
1107.0 22 148
1107.0 22 172
1108.5 26 40
1108.5 26 41
1110.0 26 38
1110.0 26 39
1111.5 58 70
1111.5 59 60
1113.0 31 43
1113.0 31 44
1114.5 47 197
1114.5 47 198
1116.0 78 81
1116.0 78 82
1117.5 107 113
1117.5 107 114
1119.0 59 63
1119.0 59 64
1120.5 131 145
1120.5 131 146
1122.0 110 119
1122.0 111 112
1123.5 30 42
1123.5 30 43
1125.0 181 196
1125.0 182 183
1126.5 22 97
1126.5 22 122
1128.0 84 91
1128.0 84 92
1129.5 179 187
1129.5 179 188
1131.0 182 196
1131.0 183 184
1132.5 62 66
1132.5 62 67
1134.0 106 111
1134.0 106 112
1135.5 8 17
1135.5 8 18
1137.0 62 64
1137.0 62 65
1138.5 117 118
1138.5 118 119
1140.0 86 92
1140.0 86 93
1141.5 50 64
1141.5 50 65
1143.0 154 155
1143.0 154 156
1144.5 6 18
1144.5 6 19
1146.0 156 169
1146.0 156 170
1147.5 5 12
1147.5 5 13
1149.0 89 90
1149.0 89 91
1150.5 1 15
1150.5 1 16
1152.0 8 15
1152.0 8 16
1153.5 157 159
1153.5 157 160
1155.0 107 119
1155.0 107 120
1156.5 86 88
1156.5 86 89
1158.0 106 117
1158.0 106 118
1159.5 84 87
1159.5 84 88
1161.0 129 133
1161.0 129 134
1162.5 191 192
1162.5 192 193
1164.0 8 13
1164.0 8 14
1165.5 193 194
1165.5 194 195
1167.0 78 83
1167.0 78 84
1168.5 187 192
1168.5 187 193
1170.0 127 142
1170.0 127 143
1171.5 179 191
1171.5 179 192
1173.0 124 142
1173.0 124 143
1174.5 154 157
1174.5 154 158
1176.0 177 190
1176.0 177 191
1177.5 148 173
1177.5 148 198
1179.0 56 61
1179.0 56 62
1180.5 98 122
1180.5 98 147
1182.0 35 39
1182.0 35 40
1183.5 76 92
1183.5 76 93
1185.0 25 35
1185.0 25 36
1186.5 136 143
1186.5 136 144
1188.0 178 179
1188.0 178 180
1189.5 103 120
1189.5 103 121
1191.0 176 188
1191.0 176 189
1192.5 105 106
1192.5 105 107
1194.0 50 70
1194.0 50 71
1195.5 108 115
1195.5 108 116
1197.0 176 186
1197.0 176 187
1198.5 3 19
1198.5 3 20
1200.0 105 110
1200.0 105 111
1201.5 55 70
1201.5 55 71
1203.0 76 77
1203.0 76 83
1204.5 151 165
1204.5 151 166
1206.0 131 139
1206.0 131 140
1207.5 47 69
1207.5 47 70
1209.0 183 189
1209.0 183 190
1210.5 187 194
1210.5 188 189
1212.0 174 192
1212.0 174 193
1213.5 109 112
1213.5 109 113
1215.0 23 47
1215.0 23 197
1216.5 148 171
1216.5 148 172
1218.0 150 171
1218.0 150 172
1219.5 5 14
1219.5 5 15
1221.0 139 141
1221.0 139 142
1222.5 110 117
1222.5 110 118
1224.0 82 86
1224.0 82 87
1225.5 101 111
1225.5 101 112
1227.0 3 15
1227.0 3 16
1228.5 103 108
1228.5 103 109
1230.0 25 37
1230.0 25 38
1231.5 48 67
1231.5 48 68
1233.0 57 66
1233.0 57 67
1234.5 152 162
1234.5 152 163
1236.0 49 69
1236.0 49 70
1237.5 149 165
1237.5 149 166
1239.0 125 140
1239.0 125 141
1240.5 80 89
1240.5 80 90
1242.0 77 96
1242.0 77 97
1243.5 184 190
1243.5 184 191
1245.0 178 185
1245.0 178 186
1246.5 82 94
1246.5 82 95
1248.0 187 188
1248.0 187 189
1249.5 126 144
1249.5 126 145
1251.0 32 40
1251.0 32 41
1252.5 2 17
1252.5 2 18
1254.0 78 93
1254.0 78 94
1255.5 35 41
1255.5 35 42
1257.0 8 11
1257.0 8 12
1258.5 87 92
1258.5 87 93
1260.0 138 143
1260.0 139 140
1261.5 131 135
1261.5 131 136
1263.0 79 93
1263.0 79 94
1264.5 11 15
1264.5 11 16
1266.0 109 118
1266.0 109 119
1267.5 30 44
1267.5 30 45
1269.0 99 117
1269.0 99 118
1270.5 127 144
1270.5 127 145
1272.0 58 60
1272.0 58 61
1273.5 108 113
1273.5 108 114
1275.0 153 167
1275.0 153 168
1276.5 150 169
1276.5 150 170
1278.0 128 145
1278.0 128 146
1279.5 2 21
1279.5 3 4
1281.0 111 117
1281.0 111 118
1282.5 157 171
1282.5 158 159
1284.0 41 42
1284.0 42 43
1285.5 176 198
1285.5 177 178
1287.0 162 166
1287.0 162 167
1288.5 57 58
1288.5 57 59
1290.0 2 13
1290.0 2 14
1291.5 52 53
1291.5 52 55
1293.0 39 41
1293.0 40 41
1294.5 99 113
1294.5 99 114
1296.0 105 108
1296.0 105 109
1297.5 79 91
1297.5 79 92
1299.0 5 10
1299.0 5 11
