0 125 142
0 125 143
1.5 1 9
1.5 1 10
3.0 180 190
3.0 180 191
4.5 104 108
4.5 104 109
6.0 106 113
6.0 106 114
7.5 160 163
7.5 160 164
9.0 126 146
9.0 126 147
10.5 64 66
10.5 64 67
12.0 124 146
12.0 124 147
13.5 22 148
13.5 22 172
15.0 149 165
15.0 149 166
16.5 14 16
16.5 15 16
18.0 4 18
18.0 4 19
19.5 131 145
19.5 131 146
21.0 48 69
21.0 48 70
22.5 30 46
22.5 31 32
24.0 32 40
24.0 32 41
25.5 156 165
25.5 156 166
27.0 83 84
27.0 83 85
28.5 161 163
28.5 161 164
30.0 18 19
30.0 19 20
31.5 123 124
31.5 123 141
33.0 129 135
33.0 129 136
34.5 183 191
34.5 183 192
36.0 49 67
36.0 49 68
37.5 179 195
37.5 179 196
39.0 98 120
39.0 98 121
40.5 145 146
40.5 146 147
42.0 6 16
42.0 6 17
43.5 106 121
43.5 107 108
45.0 125 140
45.0 125 141
46.5 164 165
46.5 164 166
48.0 81 88
48.0 81 89
49.5 32 44
49.5 32 45
51.0 106 115
51.0 106 116
52.5 55 58
52.5 55 59
54.0 109 110
54.0 109 111
55.5 111 115
55.5 111 116
57.0 152 158
57.0 152 159
58.5 97 197
58.5 97 198
60.0 197 198
60.0 198 199
61.5 155 168
61.5 155 169
63.0 71 72
63.0 72 73
64.5 152 164
64.5 152 165
66.0 54 68
66.0 54 69
67.5 82 84
67.5 82 85
69.0 48 67
69.0 48 68
70.5 10 18
70.5 11 12
72.0 177 188
72.0 177 189
73.5 159 169
73.5 159 170
75.0 50 51
75.0 50 59
76.5 151 163
76.5 151 164
78.0 8 11
78.0 8 12
79.5 1 2
79.5 1 6
81.0 56 67
81.0 56 68
82.5 47 97
82.5 47 122
84.0 152 160
84.0 152 161
85.5 28 45
85.5 28 46
87.0 78 97
87.0 79 80
88.5 52 60
88.5 52 61
90.0 74 75
90.0 74 87
91.5 25 39
91.5 25 40
93.0 3 11
93.0 3 12
94.5 25 45
94.5 25 46
96.0 178 189
96.0 178 190
97.5 52 66
97.5 52 67
99.0 85 90
99.0 85 91
100.5 108 113
100.5 108 114
102.0 78 85
102.0 78 86
103.5 177 196
103.5 177 197
105.0 104 114
105.0 104 115
106.5 103 114
106.5 103 115
108.0 60 66
108.0 60 67
109.5 154 159
109.5 154 160
111.0 2 13
111.0 2 14
112.5 180 182
112.5 180 183
114.0 61 68
114.0 62 63
115.5 187 188
115.5 187 189
117.0 51 65
117.0 51 66
118.5 29 38
118.5 29 39
120.0 54 56
120.0 54 57
121.5 2 15
121.5 2 16
123.0 112 116
123.0 112 117
124.5 3 15
124.5 3 16
126.0 55 68
126.0 55 69
127.5 151 165
127.5 151 166
129.0 33 34
129.0 33 35
130.5 127 136
130.5 127 137
132.0 105 116
132.0 105 117
133.5 2 7
133.5 2 8
135.0 117 118
135.0 118 119
136.5 53 69
136.5 53 70
138.0 10 14
138.0 10 15
139.5 112 118
139.5 113 114
141.0 73 172
141.0 73 173
142.5 130 132
142.5 130 133
144.0 77 90
144.0 77 91
145.5 72 173
145.5 72 197
147.0 73 147
147.0 73 148
148.5 51 59
148.5 51 60
150.0 134 143
150.0 134 144
151.5 185 188
151.5 185 189
153.0 106 109
153.0 106 110
154.5 156 169
154.5 156 170
156.0 52 70
156.0 52 71
157.5 7 13
157.5 7 14
159.0 26 46
159.0 26 47
160.5 75 90
160.5 75 91
162.0 89 92
162.0 90 91
163.5 129 139
163.5 129 140
165.0 105 114
165.0 105 115
166.5 47 197
166.5 47 198
168.0 31 45
168.0 32 33
169.5 8 17
169.5 8 18
171.0 124 138
171.0 124 139
172.5 56 61
172.5 56 62
174.0 132 133
174.0 132 134
175.5 4 16
175.5 4 17
177.0 187 194
177.0 188 189
178.5 79 87
178.5 79 88
180.0 175 188
180.0 175 189
181.5 73 197
181.5 73 198
183.0 81 86
183.0 81 87
184.5 59 69
184.5 60 61
186.0 179 185
186.0 179 186
187.5 100 121
187.5 100 122
189.0 28 31
189.0 28 32
190.5 51 67
190.5 51 68
192.0 150 167
192.0 150 168
193.5 1 17
193.5 1 18
195.0 143 144
195.0 144 145
196.5 155 158
196.5 155 159
198.0 33 42
198.0 33 43
199.5 55 64
199.5 55 65
201.0 34 42
201.0 34 43
202.5 105 118
202.5 105 119
204.0 130 136
204.0 130 137
205.5 129 141
205.5 129 142
207.0 128 141
207.0 128 142
208.5 126 134
208.5 126 135
210.0 101 111
210.0 101 112
211.5 195 196
211.5 196 197
213.0 152 170
213.0 152 171
214.5 30 34
214.5 30 35
216.0 55 66
216.0 55 67
217.5 157 165
217.5 157 166
219.0 159 167
219.0 159 168
220.5 131 139
220.5 131 140
222.0 3 19
222.0 3 20
223.5 34 40
223.5 34 41
225.0 73 92
225.0 73 93
226.5 10 16
226.5 10 17
228.0 133 142
228.0 133 143
229.5 49 50
229.5 49 62
231.0 188 192
231.0 188 193
232.5 41 42
232.5 42 43
234.0 35 39
234.0 35 40
235.5 79 89
235.5 79 90
237.0 53 59
237.0 53 60
238.5 72 96
238.5 72 97
240.0 100 115
240.0 100 116
241.5 27 37
241.5 27 38
243.0 22 45
243.0 22 46
244.5 87 90
244.5 87 91
246.0 57 66
246.0 57 67
247.5 50 62
247.5 50 63
249.0 173 197
249.0 173 198
250.5 93 94
250.5 94 95
252.0 176 186
252.0 176 187
253.5 33 36
253.5 33 37
255.0 50 60
255.0 50 61
256.5 54 64
256.5 54 65
258.0 83 94
258.0 83 95
259.5 177 192
259.5 177 193
261.0 178 197
261.0 179 180
262.5 11 13
262.5 11 14
264.0 100 119
264.0 100 120
265.5 58 64
265.5 58 65
267.0 6 12
267.0 6 13
268.5 103 118
268.5 103 119
270.0 156 163
270.0 156 164
271.5 178 185
271.5 178 186
273.0 132 143
273.0 132 144
274.5 53 55
274.5 53 56
276.0 180 184
276.0 180 185
277.5 187 190
277.5 187 191
279.0 29 32
279.0 29 33
280.5 128 147
280.5 129 130
282.0 81 84
282.0 81 85
283.5 101 102
283.5 101 108
285.0 124 140
285.0 124 141
286.5 130 138
286.5 130 139
288.0 155 170
288.0 155 171
289.5 131 137
289.5 131 138
291.0 154 165
291.0 154 166
292.5 78 95
292.5 78 96
294.0 20 21
294.0 21 22
295.5 164 167
295.5 165 166
297.0 54 58
297.0 54 59
298.5 130 146
298.5 131 132
300.0 181 184
300.0 181 185
301.5 35 41
301.5 35 42
303.0 0 1
303.0 0 8
304.5 127 134
304.5 127 135
306.0 49 65
306.0 49 66
307.5 7 9
307.5 7 10
309.0 149 171
309.0 149 172
310.5 95 96
310.5 96 97
312.0 104 106
312.0 104 107
313.5 31 35
313.5 31 36
315.0 82 90
315.0 82 91
316.5 185 194
316.5 185 195
318.0 102 117
318.0 102 118
319.5 23 41
319.5 23 42
321.0 179 183
321.0 179 184
322.5 75 94
322.5 75 95
324.0 54 60
324.0 54 61
325.5 1 15
325.5 1 16
327.0 157 161
327.0 157 162
328.5 6 8
328.5 6 9
330.0 79 95
330.0 79 96
331.5 3 9
331.5 3 10
333.0 35 37
333.0 35 38
334.5 67 68
334.5 68 69
336.0 49 63
336.0 49 64
337.5 58 62
337.5 58 63
339.0 99 121
339.0 99 122
340.5 184 188
340.5 184 189
342.0 50 68
342.0 50 69
343.5 30 40
343.5 30 41
345.0 1 19
345.0 1 20
346.5 149 169
346.5 149 170
348.0 157 171
348.0 158 159
349.5 101 117
349.5 101 118
351.0 129 133
351.0 129 134
352.5 150 171
352.5 150 172
354.0 181 190
354.0 181 191
355.5 57 60
355.5 57 61
357.0 176 196
357.0 176 197
358.5 128 145
358.5 128 146
360.0 4 10
360.0 4 11
361.5 158 164
361.5 158 165
363.0 77 94
363.0 77 95
364.5 77 92
364.5 77 93
366.0 130 142
366.0 130 143
367.5 186 187
367.5 186 188
369.0 86 88
369.0 86 89
370.5 181 182
370.5 181 183
372.0 27 45
372.0 27 46
373.5 80 93
373.5 80 94
375.0 179 189
375.0 179 190
376.5 4 14
376.5 4 15
378.0 49 71
378.0 49 72
379.5 45 46
379.5 46 47
381.0 156 159
381.0 156 160
382.5 178 179
382.5 178 180
384.0 2 5
384.0 2 6
385.5 6 20
385.5 7 8
387.0 55 56
387.0 55 57
388.5 29 34
388.5 29 35
390.0 103 110
390.0 103 111
391.5 100 113
391.5 100 114
393.0 128 133
393.0 128 134
394.5 103 106
394.5 103 107
396.0 76 92
396.0 76 93
397.5 99 119
397.5 99 120
399.0 5 20
399.0 6 7
400.5 160 167
400.5 160 168
402.0 51 63
402.0 51 64
403.5 153 161
403.5 153 162
405.0 5 10
405.0 5 11
406.5 104 116
406.5 104 117
408.0 126 136
408.0 126 137
409.5 156 167
409.5 156 168
411.0 182 194
411.0 182 195
412.5 128 143
412.5 128 144
414.0 34 44
414.0 35 36
415.5 48 65
415.5 48 66
417.0 123 144
417.0 123 145
418.5 154 163
418.5 154 164
420.0 153 163
420.0 153 164
421.5 33 38
421.5 33 39
423.0 133 136
423.0 133 137
424.5 97 172
424.5 97 173
426.0 62 68
426.0 63 64
427.5 180 192
427.5 180 193
429.0 97 147
429.0 97 148
430.5 4 6
430.5 4 7
432.0 152 172
432.0 153 154
433.5 121 122
433.5 122 123
435.0 147 148
435.0 148 149
436.5 75 92
436.5 75 93
438.0 52 68
438.0 52 69
439.5 85 94
439.5 86 87
441.0 52 58
441.0 52 59
442.5 110 115
442.5 110 116
444.0 61 62
444.0 61 63
445.5 84 89
445.5 84 90
447.0 160 169
447.0 161 162
448.5 30 32
448.5 30 33
450.0 12 17
450.0 13 14
451.5 101 109
451.5 101 110
453.0 161 167
453.0 161 168
454.5 12 15
454.5 12 16
456.0 58 70
456.0 59 60
457.5 33 40
457.5 33 41
459.0 103 112
459.0 103 113
460.5 131 133
460.5 131 134
462.0 108 111
462.0 108 112
463.5 28 29
463.5 28 30
465.0 8 15
465.0 8 16
466.5 50 66
466.5 50 67
468.0 61 64
468.0 61 65
469.5 30 44
469.5 30 45
471.0 154 167
471.0 154 168
472.5 182 190
472.5 182 191
474.0 3 21
474.0 4 5
475.5 100 117
475.5 100 118
477.0 148 169
477.0 148 170
478.5 175 192
478.5 175 193
480.0 177 190
480.0 177 191
481.5 109 116
481.5 109 117
483.0 1 11
483.0 1 12
484.5 53 67
484.5 53 68
486.0 24 40
486.0 24 41
487.5 36 38
487.5 36 39
489.0 47 69
489.0 47 70
490.5 181 186
490.5 181 187
492.0 179 187
492.0 179 188
493.5 108 115
493.5 108 116
495.0 2 9
495.0 2 10
496.5 175 190
496.5 175 191
498.0 123 198
498.0 124 125
499.5 107 113
499.5 107 114
501.0 190 191
501.0 190 192
502.5 98 198
502.5 99 100
504.0 110 119
504.0 111 112
505.5 28 33
505.5 28 34
507.0 126 127
507.0 126 133
508.5 107 117
508.5 107 118
510.0 7 19
510.0 7 20
511.5 150 165
511.5 150 166
513.0 153 157
513.0 153 158
514.5 128 135
514.5 128 136
516.0 16 17
516.0 17 18
517.5 140 141
517.5 140 142
519.0 174 196
519.0 174 197
520.5 38 42
520.5 39 40
522.0 177 182
522.0 177 183
523.5 181 192
523.5 181 193
525.0 191 192
525.0 192 193
526.5 26 34
526.5 26 35
528.0 3 7
528.0 3 8
529.5 102 113
529.5 102 114
531.0 74 92
531.0 74 93
532.5 151 169
532.5 151 170
534.0 83 92
534.0 83 93
535.5 9 17
535.5 9 18
537.0 102 121
537.0 102 122
538.5 153 169
538.5 153 170
540.0 8 9
540.0 8 10
541.5 163 167
541.5 163 168
543.0 47 172
543.0 47 173
544.5 32 42
544.5 32 43
546.0 3 17
546.0 3 18
547.5 141 142
547.5 142 143
549.0 9 13
549.0 9 14
550.5 136 143
550.5 136 144
552.0 179 181
552.0 179 182
553.5 54 66
553.5 54 67
555.0 88 91
555.0 88 92
556.5 186 193
556.5 186 194
558.0 149 173
558.0 150 151
559.5 56 63
559.5 56 64
561.0 0 21
561.0 0 22
562.5 152 153
562.5 152 157
564.0 0 13
564.0 0 14
565.5 22 47
565.5 22 72
567.0 2 11
567.0 2 12
568.5 180 196
568.5 180 197
570.0 0 15
570.0 0 16
571.5 55 60
571.5 55 61
573.0 23 39
573.0 23 40
574.5 57 70
574.5 58 59
576.0 123 146
576.0 123 147
577.5 152 168
577.5 152 169
579.0 81 90
579.0 81 91
580.5 37 38
580.5 37 39
582.0 138 143
582.0 139 140
583.5 132 135
583.5 132 136
585.0 82 92
585.0 82 93
586.5 173 174
586.5 173 192
588.0 24 36
588.0 24 37
589.5 58 68
589.5 58 69
591.0 76 77
591.0 76 83
592.5 136 141
592.5 136 142
594.0 98 99
594.0 98 115
595.5 183 185
595.5 183 186
597.0 174 194
597.0 174 195
598.5 181 194
598.5 181 195
600.0 127 144
600.0 127 145
601.5 173 195
601.5 173 196
603.0 182 192
603.0 182 193
604.5 43 44
604.5 44 45
606.0 178 183
606.0 178 184
607.5 80 81
607.5 80 82
609.0 176 194
609.0 176 195
610.5 28 41
610.5 28 42
612.0 126 138
612.0 126 139
613.5 149 150
613.5 149 164
615.0 133 144
615.0 133 145
616.5 108 117
616.5 108 118
618.0 154 155
618.0 154 156
619.5 23 45
619.5 23 46
621.0 108 109
621.0 108 110
622.5 57 62
622.5 57 63
624.0 155 162
624.0 155 163
625.5 79 91
625.5 79 92
627.0 150 169
627.0 150 170
628.5 115 117
628.5 116 117
630.0 2 21
630.0 3 4
631.5 135 141
631.5 135 142
633.0 154 161
633.0 154 162
634.5 22 173
634.5 22 197
636.0 0 19
636.0 0 20
637.5 77 86
637.5 77 87
639.0 125 144
639.0 125 145
640.5 83 86
640.5 83 87
642.0 80 87
642.0 80 88
643.5 84 93
643.5 84 94
645.0 27 33
645.0 27 34
646.5 126 140
646.5 126 141
648.0 54 70
648.0 54 71
649.5 174 190
649.5 174 191
651.0 100 111
651.0 100 112
652.5 130 140
652.5 130 141
654.0 36 42
654.0 36 43
655.5 127 146
655.5 127 147
657.0 106 111
657.0 106 112
658.5 35 43
658.5 36 37
660.0 84 91
660.0 84 92
661.5 23 47
661.5 23 197
663.0 155 164
663.0 155 165
664.5 178 195
664.5 178 196
666.0 101 113
666.0 101 114
667.5 183 195
667.5 184 185
669.0 152 162
669.0 152 163
670.5 133 140
670.5 133 141
672.0 57 68
672.0 57 69
673.5 1 21
673.5 1 22
675.0 47 71
675.0 47 72
676.5 77 84
676.5 77 85
678.0 29 44
678.0 29 45
679.5 132 137
679.5 132 138
681.0 77 78
681.0 77 81
682.5 136 137
682.5 136 138
684.0 129 143
684.0 129 144
685.5 23 198
685.5 24 25
687.0 132 139
687.0 132 140
688.5 57 64
688.5 57 65
690.0 86 90
690.0 86 91
691.5 62 66
691.5 62 67
693.0 180 194
693.0 180 195
694.5 176 192
694.5 176 193
696.0 106 117
696.0 106 118
697.5 157 163
697.5 157 164
699.0 86 92
699.0 86 93
700.5 157 159
700.5 157 160
702.0 188 190
702.0 188 191
703.5 75 96
703.5 75 97
705.0 148 167
705.0 148 168
706.5 5 12
706.5 5 13
708.0 184 192
708.0 184 193
709.5 60 62
709.5 60 63
711.0 99 113
711.0 99 114
712.5 125 138
712.5 125 139
714.0 153 159
714.0 153 160
715.5 114 115
715.5 114 116
717.0 179 193
717.0 179 194
718.5 29 36
718.5 29 37
720.0 98 116
720.0 98 117
721.5 183 193
721.5 183 194
723.0 178 193
723.0 178 194
724.5 26 42
724.5 26 43
726.0 49 69
726.0 49 70
727.5 78 93
727.5 78 94
729.0 75 88
729.0 75 89
730.5 37 42
730.5 38 39
732.0 4 8
732.0 4 9
733.5 183 189
733.5 183 190
735.0 80 95
735.0 80 96
736.5 180 186
736.5 180 187
738.0 124 148
738.0 125 126
739.5 87 92
739.5 87 93
741.0 104 112
741.0 104 113
742.5 129 147
742.5 130 131
744.0 163 165
744.0 163 166
745.5 89 90
745.5 89 91
747.0 78 79
747.0 78 80
748.5 128 139
748.5 128 140
750.0 110 117
750.0 110 118
751.5 106 107
751.5 106 108
753.0 109 112
753.0 109 113
754.5 82 86
754.5 82 87
756.0 27 28
756.0 27 30
757.5 180 188
757.5 180 189
759.0 48 49
759.0 48 64
760.5 74 96
760.5 74 97
762.0 57 58
762.0 57 59
763.5 182 196
763.5 183 184
765.0 176 184
765.0 176 185
766.5 185 190
766.5 185 191
768.0 59 65
768.0 59 66
769.5 23 43
769.5 23 44
771.0 186 191
771.0 186 192
772.5 31 43
772.5 31 44
774.0 102 103
774.0 102 106
775.5 27 39
775.5 27 40
777.0 26 38
777.0 26 39
778.5 107 115
778.5 107 116
780.0 102 111
780.0 102 112
781.5 126 142
781.5 126 143
783.0 185 186
783.0 185 187
784.5 28 35
784.5 28 36
786.0 33 44
786.0 34 35
787.5 28 39
787.5 28 40
789.0 8 13
789.0 8 14
790.5 80 91
790.5 80 92
792.0 54 62
792.0 54 63
793.5 9 15
793.5 9 16
795.0 101 121
795.0 101 122
796.5 104 120
796.5 104 121
798.0 159 163
798.0 159 164
799.5 9 19
799.5 10 11
801.0 156 161
801.0 156 162
802.5 78 91
802.5 78 92
804.0 128 131
804.0 128 132
805.5 175 196
805.5 175 197
807.0 122 147
807.0 122 148
808.5 25 43
808.5 25 44
810.0 24 38
810.0 24 39
811.5 154 157
811.5 154 158
813.0 31 33
813.0 31 34
814.5 137 138
814.5 137 139
816.0 155 160
816.0 155 161
817.5 133 138
817.5 133 139
819.0 189 192
819.0 189 193
820.5 158 160
820.5 158 161
822.0 79 93
822.0 79 94
823.5 2 3
823.5 2 4
825.0 10 12
825.0 10 13
826.5 22 23
826.5 22 42
828.0 0 17
828.0 0 18
829.5 51 69
829.5 51 70
831.0 98 148
831.0 98 172
832.5 129 137
832.5 129 138
834.0 88 89
834.0 88 90
835.5 76 90
835.5 76 91
837.0 61 66
837.0 61 67
838.5 30 38
838.5 30 39
840.0 157 169
840.0 157 170
841.5 47 147
841.5 47 148
843.0 137 142
843.0 137 143
844.5 78 87
844.5 78 88
846.0 76 96
846.0 76 97
847.5 113 117
847.5 113 118
849.0 11 17
849.0 11 18
850.5 175 186
850.5 175 187
852.0 151 167
852.0 151 168
853.5 189 190
853.5 189 191
855.0 150 163
855.0 150 164
856.5 81 96
856.5 82 83
858.0 76 88
858.0 76 89
859.5 56 57
859.5 56 58
861.0 25 47
861.0 26 27
862.5 153 171
862.5 153 172
864.0 102 107
864.0 102 108
865.5 186 189
865.5 186 190
867.0 100 101
867.0 100 110
868.5 72 122
868.5 72 147
870.0 112 114
870.0 112 115
871.5 55 62
871.5 55 63
873.0 97 121
873.0 97 122
874.5 72 148
874.5 72 172
876.0 103 108
876.0 103 109
877.5 2 19
877.5 2 20
879.0 34 38
879.0 34 39
880.5 179 197
880.5 180 181
882.0 32 36
882.0 32 37
883.5 83 90
883.5 83 91
885.0 101 119
885.0 101 120
886.5 74 88
886.5 74 89
888.0 126 144
888.0 126 145
889.5 151 159
889.5 151 160
891.0 6 10
891.0 6 11
892.5 111 119
892.5 112 113
894.0 106 119
894.0 106 120
895.5 128 137
895.5 128 138
897.0 149 167
897.0 149 168
898.5 24 44
898.5 24 45
900.0 124 142
900.0 124 143
901.5 52 72
901.5 53 54
903.0 79 83
903.0 79 84
904.5 12 13
904.5 12 14
906.0 25 35
906.0 25 36
907.5 85 92
907.5 85 93
909.0 174 175
909.0 174 189
910.5 184 190
910.5 184 191
912.0 30 42
912.0 30 43
913.5 125 136
913.5 125 137
915.0 34 36
915.0 34 37
916.5 83 88
916.5 83 89
918.0 53 65
918.0 53 66
919.5 107 109
919.5 107 110
921.0 150 173
921.0 151 152
922.5 8 19
922.5 9 10
924.0 127 140
924.0 127 141
925.5 158 170
925.5 159 160
927.0 161 165
927.0 161 166
928.5 76 86
928.5 76 87
930.0 31 39
930.0 31 40
931.5 30 36
931.5 30 37
933.0 58 60
933.0 58 61
934.5 138 141
934.5 138 142
936.0 178 191
936.0 178 192
937.5 22 43
937.5 22 44
939.0 131 143
939.0 131 144
940.5 156 157
940.5 156 158
942.0 151 171
942.0 151 172
943.5 84 87
943.5 84 88
945.0 187 192
945.0 187 193
946.5 7 15
946.5 7 16
948.0 85 86
948.0 85 87
949.5 75 76
949.5 75 85
951.0 158 166
951.0 158 167
952.5 27 43
952.5 27 44
954.0 26 36
954.0 26 37
955.5 5 8
955.5 5 9
957.0 99 117
957.0 99 118
958.5 26 44
958.5 26 45
960.0 52 62
960.0 52 63
961.5 6 14
961.5 6 15
963.0 158 162
963.0 158 163
964.5 122 197
964.5 122 198
966.0 162 168
966.0 163 164
967.5 77 82
967.5 77 83
969.0 107 119
969.0 107 120
970.5 160 165
970.5 160 166
972.0 29 40
972.0 29 41
973.5 103 122
973.5 104 105
975.0 27 35
975.0 27 36
976.5 75 86
976.5 75 87
978.0 127 138
978.0 127 139
979.5 73 96
979.5 73 97
981.0 169 170
981.0 170 171
982.5 27 31
982.5 27 32
984.0 53 57
984.0 53 58
985.5 183 187
985.5 183 188
987.0 9 11
987.0 9 12
988.5 80 89
988.5 80 90
990.0 134 139
990.0 134 140
991.5 184 186
991.5 184 187
993.0 28 37
993.0 28 38
994.5 130 134
994.5 130 135
996.0 24 46
996.0 24 47
997.5 78 83
997.5 78 84
999.0 129 131
999.0 129 132
1000.5 76 94
1000.5 76 95
1002.0 65 66
1002.0 66 67
1003.5 48 197
1003.5 48 198
1005.0 56 65
1005.0 56 66
1006.5 129 145
1006.5 129 146
1008.0 155 156
1008.0 155 157
1009.5 1 7
1009.5 1 8
1011.0 135 143
1011.0 135 144
1012.5 182 186
1012.5 182 187
1014.0 122 172
1014.0 122 173
1015.5 136 139
1015.5 136 140
1017.0 177 184
1017.0 177 185
1018.5 156 171
1018.5 157 158
1020.0 36 40
1020.0 36 41
1021.5 56 69
1021.5 56 70
1023.0 0 9
1023.0 0 10
1024.5 176 188
1024.5 176 189
1026.0 157 167
1026.0 157 168
1027.5 153 167
1027.5 153 168
1029.0 53 71
1029.0 54 55
1030.5 74 90
1030.5 74 91
1032.0 74 94
1032.0 74 95
1033.5 5 18
1033.5 5 19
1035.0 11 15
1035.0 11 16
1036.5 1 13
1036.5 1 14
1038.0 32 38
1038.0 32 39
1039.5 50 72
1039.5 51 52
1041.0 131 141
1041.0 131 142
1042.5 48 71
1042.5 48 72
1044.0 160 161
1044.0 160 162
1045.5 60 64
1045.5 60 65
1047.0 77 96
1047.0 77 97
1048.5 5 6
1048.5 5 7
1050.0 131 135
1050.0 131 136
1051.5 109 114
1051.5 109 115
1053.0 159 165
1053.0 159 166
1054.5 29 42
1054.5 29 43
1056.0 153 165
1056.0 153 166
1057.5 181 188
1057.5 181 189
1059.0 29 46
1059.0 30 31
1060.5 26 40
1060.5 26 41
1062.0 103 120
1062.0 103 121
1063.5 123 142
1063.5 123 143
1065.0 91 92
1065.0 92 93
1066.5 82 88
1066.5 82 89
1068.0 81 94
1068.0 81 95
1069.5 81 92
1069.5 81 93
1071.0 184 194
1071.0 184 195
1072.5 3 5
1072.5 3 6
1074.0 105 110
1074.0 105 111
1075.5 151 161
1075.5 151 162
1077.0 105 106
1077.0 105 107
1078.5 127 142
1078.5 127 143
1080.0 124 144
1080.0 124 145
1081.5 139 141
1081.5 139 142
1083.0 59 67
1083.0 59 68
1084.5 105 120
1084.5 105 121
1086.0 174 192
1086.0 174 193
1087.5 102 119
1087.5 102 120
1089.0 37 40
1089.0 37 41
1090.5 50 70
1090.5 50 71
1092.0 155 166
1092.0 155 167
1093.5 127 132
1093.5 127 133
1095.0 31 41
1095.0 31 42
1096.5 53 61
1096.5 53 62
1098.0 134 141
1098.0 134 142
1099.5 72 198
1099.5 73 74
1101.0 175 198
1101.0 176 177
1102.5 135 137
1102.5 135 138
1104.0 111 113
1104.0 111 114
1105.5 119 120
1105.5 120 121
1107.0 80 85
1107.0 80 86
1108.5 134 145
1108.5 135 136
1110.0 137 140
1110.0 137 141
1111.5 2 17
1111.5 2 18
1113.0 38 40
1113.0 38 41
1114.5 60 68
1114.5 60 69
1116.0 63 67
1116.0 64 65
1117.5 125 146
1117.5 125 147
1119.0 3 13
1119.0 3 14
1120.5 5 14
1120.5 5 15
1122.0 162 166
1122.0 162 167
1123.5 26 32
1123.5 26 33
1125.0 82 94
1125.0 82 95
1126.5 182 184
1126.5 182 185
1128.0 31 37
1128.0 31 38
1129.5 48 172
1129.5 48 173
1131.0 58 66
1131.0 58 67
1132.5 107 111
1132.5 107 112
1134.0 56 59
1134.0 56 60
1135.5 152 166
1135.5 152 167
1137.0 22 198
1137.0 23 24
1138.5 7 17
1138.5 7 18
1140.0 99 115
1140.0 99 116
1141.5 52 53
1141.5 52 55
1143.0 79 85
1143.0 79 86
1144.5 128 129
1144.5 128 130
1146.0 105 108
1146.0 105 109
1147.5 109 118
1147.5 109 119
1149.0 78 89
1149.0 78 90
1150.5 101 115
1150.5 101 116
1152.0 52 56
1152.0 52 57
1153.5 132 141
1153.5 132 142
1155.0 113 115
1155.0 113 116
1156.5 110 111
1156.5 110 112
1158.0 104 110
1158.0 104 111
1159.5 55 70
1159.5 55 71
1161.0 98 122
1161.0 98 147
1162.5 79 81
1162.5 79 82
1164.0 167 168
1164.0 168 169
1165.5 98 173
1165.5 98 197
1167.0 162 164
1167.0 162 165
1168.5 80 83
1168.5 80 84
1170.0 104 118
1170.0 104 119
1171.5 102 109
1171.5 102 110
1173.0 111 117
1173.0 111 118
1174.5 108 119
1174.5 108 120
1176.0 7 11
1176.0 7 12
1177.5 4 12
1177.5 4 13
1179.0 25 37
1179.0 25 38
1180.5 154 169
1180.5 154 170
1182.0 175 194
1182.0 175 195
1183.5 29 30
1183.5 29 31
1185.0 171 172
1185.0 172 173
1186.5 174 198
1186.5 175 176
1188.0 154 171
1188.0 154 172
1189.5 103 104
1189.5 103 105
1191.0 176 190
1191.0 176 191
1192.5 73 90
1192.5 73 91
1194.0 130 144
1194.0 130 145
1195.5 98 118
1195.5 98 119
1197.0 181 196
1197.0 182 183
1198.5 132 145
1198.5 132 146
1200.0 25 41
1200.0 25 42
1201.5 13 15
1201.5 13 16
1203.0 47 48
1203.0 47 68
1204.5 32 34
1204.5 32 35
1206.0 72 94
1206.0 72 95
1207.5 87 88
1207.5 87 89
1209.0 161 169
1209.0 162 163
1210.5 179 191
1210.5 179 192
1212.0 182 188
1212.0 182 189
1213.5 22 123
1213.5 22 147
1215.0 134 135
1215.0 134 136
1216.5 51 61
1216.5 51 62
1218.0 5 16
1218.0 5 17
1219.5 138 139
1219.5 138 140
1221.0 59 61
1221.0 59 62
1222.5 22 97
1222.5 22 122
1224.0 150 161
1224.0 150 162
1225.5 110 113
1225.5 110 114
1227.0 185 192
1227.0 185 193
1228.5 39 41
1228.5 40 41
1230.0 85 88
1230.0 85 89
1231.5 62 64
1231.5 62 65
1233.0 148 171
1233.0 148 172
1234.5 51 57
1234.5 51 58
1236.0 77 88
1236.0 77 89
1237.5 4 20
1237.5 4 21
1239.0 193 194
1239.0 194 195
1240.5 25 26
1240.5 25 34
1242.0 6 18
1242.0 6 19
1243.5 148 173
1243.5 148 198
1245.0 159 161
1245.0 159 162
1246.5 13 17
1246.5 14 15
1248.0 0 11
1248.0 0 12
1249.5 63 65
1249.5 63 66
1251.0 178 181
1251.0 178 182
1252.5 27 41
1252.5 27 42
1254.0 52 64
1254.0 52 65
1255.5 78 81
1255.5 78 82
1257.0 173 193
1257.0 173 194
1258.5 135 139
1258.5 135 140
1260.0 105 112
1260.0 105 113
1261.5 165 167
1261.5 166 167
1263.0 102 115
1263.0 102 116
1264.5 24 42
1264.5 24 43
1266.0 53 63
1266.0 53 64
1267.5 28 43
1267.5 28 44
1269.0 176 198
1269.0 177 178
1270.5 51 71
1270.5 51 72
1272.0 97 98
1272.0 97 120
1273.5 123 148
1273.5 123 173
1275.0 73 94
1275.0 73 95
1276.5 178 187
1276.5 178 188
1278.0 133 134
1278.0 133 135
1279.5 81 82
1279.5 81 83
1281.0 158 168
1281.0 158 169
1282.5 84 85
1282.5 84 86
1284.0 153 155
1284.0 153 156
1285.5 69 70
1285.5 70 71
1287.0 177 186
1287.0 177 187
1288.5 59 63
1288.5 59 64
1290.0 127 128
1290.0 127 131
1291.5 50 64
1291.5 50 65
1293.0 114 117
1293.0 115 116
1294.5 177 194
1294.5 177 195
1296.0 103 116
1296.0 103 117
1297.5 76 84
1297.5 76 85
1299.0 134 137
1299.0 134 138
