0 170 171
0 170 172
1.5 86 95
1.5 86 96
3.0 165 176
3.0 165 177
4.5 173 176
4.5 173 177
6.0 45 46
6.0 45 47
7.5 129 132
7.5 129 133
9.0 8 9
9.0 8 10
10.5 130 135
10.5 130 136
12.0 15 17
12.0 15 18
13.5 92 99
13.5 92 100
15.0 76 106
15.0 76 107
16.5 1 27
16.5 1 28
18.0 169 178
18.0 169 179
19.5 79 90
19.5 79 91
21.0 168 173
21.0 168 174
22.5 148 149
22.5 149 150
24.0 161 185
24.0 161 186
25.5 79 98
25.5 79 99
27.0 81 91
27.0 81 92
28.5 42 57
28.5 42 58
30.0 120 147
30.0 120 148
31.5 40 51
31.5 40 52
33.0 159 180
33.0 159 181
34.5 165 180
34.5 165 181
36.0 46 67
36.0 47 48
37.5 2 13
37.5 2 14
39.0 10 19
39.0 10 20
40.5 128 129
40.5 128 130
42.0 70 107
42.0 70 108
43.5 88 95
43.5 88 96
45.0 157 168
45.0 157 169
46.5 36 50
46.5 36 51
48.0 106 107
48.0 107 108
49.5 39 48
49.5 39 49
51.0 76 98
51.0 76 99
52.5 73 98
52.5 73 99
54.0 131 135
54.0 131 136
55.5 40 67
55.5 40 68
57.0 172 175
57.0 172 176
58.5 79 94
58.5 79 95
60.0 126 139
60.0 126 140
61.5 39 42
61.5 39 43
63.0 56 61
63.0 56 62
64.5 83 102
64.5 83 103
66.0 78 97
66.0 78 98
67.5 51 53
67.5 51 54
69.0 123 148
69.0 124 125
70.5 79 88
70.5 79 89
72.0 3 26
72.0 3 27
73.5 114 144
73.5 114 145
75.0 70 105
75.0 70 106
76.5 98 99
76.5 98 100
78.0 123 136
78.0 123 137
79.5 133 140
79.5 133 141
81.0 47 59
81.0 47 60
82.5 82 83
82.5 82 84
84.0 152 178
84.0 152 179
85.5 168 179
85.5 168 180
87.0 31 61
87.0 31 62
88.5 153 180
88.5 153 181
90.0 3 24
90.0 3 25
91.5 90 101
91.5 90 102
93.0 163 170
93.0 163 171
94.5 80 105
94.5 80 106
96.0 10 21
96.0 10 22
97.5 112 150
97.5 113 114
99.0 162 171
99.0 162 172
100.5 34 56
100.5 34 57
102.0 85 102
102.0 85 103
103.5 118 141
103.5 118 142
105.0 135 137
105.0 135 138
106.5 41 63
106.5 41 64
108.0 113 146
108.0 113 147
109.5 167 179
109.5 167 180
111.0 119 144
111.0 119 145
112.5 42 49
112.5 42 50
114.0 137 140
114.0 137 141
115.5 168 181
115.5 168 182
117.0 158 181
117.0 158 182
118.5 39 64
118.5 39 65
120.0 134 139
120.0 134 140
121.5 125 138
121.5 125 139
123.0 93 96
123.0 93 97
124.5 120 135
124.5 120 136
126.0 136 139
126.0 136 140
127.5 84 94
127.5 84 95
129.0 5 10
129.0 5 11
130.5 34 70
130.5 35 36
132.0 52 61
132.0 52 62
133.5 89 98
133.5 89 99
135.0 49 56
135.0 49 57
136.5 82 95
136.5 82 96
138.0 34 60
138.0 34 61
139.5 15 21
139.5 15 22
141.0 162 175
141.0 162 176
142.5 78 109
142.5 79 80
144.0 77 96
144.0 77 97
145.5 87 89
145.5 87 90
147.0 35 62
147.0 35 63
148.5 82 105
148.5 82 106
150.0 156 174
150.0 156 175
151.5 172 173
151.5 172 174
153.0 114 142
153.0 114 143
154.5 118 143
154.5 118 144
156.0 50 59
156.0 50 60
157.5 152 184
157.5 152 185
159.0 124 138
159.0 124 139
160.5 84 96
160.5 84 97
162.0 34 58
162.0 34 59
163.5 41 59
163.5 41 60
165.0 154 176
165.0 154 177
166.5 83 92
166.5 83 93
168.0 49 62
168.0 49 63
169.5 73 100
169.5 73 101
171.0 166 169
171.0 166 170
172.5 165 166
172.5 165 167
174.0 163 176
174.0 163 177
175.5 115 148
175.5 115 149
177.0 74 102
177.0 74 103
178.5 51 57
178.5 51 58
180.0 46 65
180.0 46 66
181.5 90 97
181.5 90 98
183.0 152 180
183.0 152 181
184.5 7 17
184.5 7 18
186.0 0 1
186.0 0 2
187.5 138 141
187.5 139 140
189.0 156 182
189.0 156 183
190.5 118 125
190.5 118 126
192.0 117 140
192.0 117 141
193.5 169 184
193.5 169 185
195.0 56 57
195.0 56 58
196.5 182 183
196.5 183 184
198.0 78 85
198.0 78 86
199.5 157 172
199.5 157 173
201.0 40 57
201.0 40 58
202.5 169 170
202.5 169 171
204.0 11 13
204.0 11 14
205.5 7 23
205.5 7 24
207.0 54 63
207.0 55 56
208.5 73 94
208.5 73 95
210.0 121 145
210.0 121 146
211.5 85 92
211.5 85 93
213.0 174 175
213.0 174 176
214.5 46 63
214.5 46 64
216.0 50 55
216.0 50 56
217.5 89 90
217.5 89 91
219.0 73 104
219.0 73 105
220.5 110 147
220.5 110 148
222.0 167 175
222.0 167 176
223.5 38 49
223.5 38 50
225.0 1 9
225.0 1 10
226.5 81 101
226.5 81 102
228.0 37 58
228.0 37 59
229.5 39 58
229.5 39 59
231.0 83 100
231.0 83 101
232.5 88 103
232.5 88 104
234.0 4 6
234.0 4 7
235.5 3 28
235.5 4 5
237.0 47 61
237.0 47 62
238.5 1 17
238.5 1 18
240.0 152 190
240.0 153 154
241.5 47 49
241.5 47 50
243.0 82 107
243.0 82 108
244.5 130 143
244.5 130 144
246.0 131 141
246.0 131 142
247.5 77 102
247.5 77 103
249.0 26 27
249.0 27 28
250.5 41 45
250.5 41 46
252.0 127 131
252.0 127 132
253.5 33 64
253.5 33 65
255.0 150 151
255.0 150 184
256.5 80 89
256.5 80 90
258.0 171 177
258.0 171 178
259.5 88 105
259.5 88 106
261.0 122 133
261.0 122 134
262.5 125 144
262.5 125 145
264.0 37 52
264.0 37 53
265.5 36 48
265.5 36 49
267.0 161 177
267.0 161 178
268.5 1 23
268.5 1 24
270.0 160 163
270.0 160 164
271.5 74 104
271.5 74 105
273.0 119 136
273.0 119 137
274.5 98 101
274.5 99 100
276.0 117 128
276.0 117 129
277.5 158 177
277.5 158 178
279.0 117 144
279.0 117 145
280.5 127 135
280.5 127 136
282.0 72 110
282.0 73 74
283.5 153 186
283.5 153 187
285.0 37 46
285.0 37 47
286.5 73 106
286.5 73 107
288.0 34 54
288.0 34 55
289.5 166 185
289.5 166 186
291.0 80 109
291.0 81 82
292.5 76 104
292.5 76 105
294.0 161 167
294.0 161 168
295.5 89 104
295.5 89 105
297.0 79 104
297.0 79 105
298.5 158 159
298.5 158 164
300.0 165 184
300.0 165 185
301.5 133 136
301.5 133 137
303.0 41 67
303.0 41 68
304.5 82 93
304.5 82 94
306.0 76 96
306.0 76 97
307.5 162 165
307.5 162 166
309.0 116 136
309.0 116 137
310.5 2 7
310.5 2 8
312.0 163 174
312.0 163 175
313.5 88 101
313.5 88 102
315.0 94 101
315.0 94 102
316.5 124 130
316.5 124 131
318.0 157 184
318.0 157 185
319.5 40 55
319.5 40 56
321.0 154 172
321.0 154 173
322.5 96 101
322.5 96 102
324.0 43 66
324.0 43 67
325.5 91 103
325.5 91 104
327.0 151 152
327.0 151 180
328.5 126 143
328.5 126 144
330.0 87 101
330.0 87 102
331.5 156 168
331.5 156 169
333.0 49 50
333.0 49 51
334.5 160 181
334.5 160 182
336.0 158 183
336.0 158 184
337.5 82 85
337.5 82 86
339.0 1 15
339.0 1 16
340.5 80 85
340.5 80 86
342.0 15 19
342.0 15 20
343.5 84 102
343.5 84 103
345.0 5 8
345.0 5 9
346.5 102 103
346.5 103 104
348.0 163 172
348.0 163 173
349.5 73 96
349.5 73 97
351.0 34 66
351.0 34 67
352.5 43 62
352.5 43 63
354.0 134 143
354.0 135 136
355.5 0 17
355.5 0 18
357.0 5 20
357.0 5 21
358.5 48 65
358.5 48 66
360.0 169 174
360.0 169 175
361.5 86 103
361.5 86 104
363.0 13 14
363.0 13 15
364.5 112 142
364.5 112 143
366.0 41 65
366.0 41 66
367.5 81 85
367.5 81 86
369.0 155 180
369.0 155 181
370.5 41 47
370.5 41 48
372.0 127 129
372.0 127 130
373.5 24 25
373.5 25 26
375.0 7 19
375.0 7 20
376.5 123 146
376.5 123 147
378.0 80 91
378.0 80 92
379.5 42 45
379.5 42 46
381.0 42 61
381.0 42 62
382.5 123 124
382.5 123 125
384.0 151 185
384.0 151 186
385.5 77 100
385.5 77 101
387.0 5 24
387.0 5 25
388.5 125 132
388.5 125 133
390.0 12 15
390.0 12 16
391.5 92 97
391.5 92 98
393.0 175 177
393.0 175 178
394.5 83 88
394.5 83 89
396.0 12 13
396.0 12 14
397.5 165 186
397.5 165 187
399.0 78 91
399.0 78 92
400.5 155 174
400.5 155 175
402.0 84 92
402.0 84 93
403.5 124 134
403.5 124 135
405.0 170 181
405.0 170 182
406.5 12 23
406.5 12 24
408.0 75 90
408.0 75 91
409.5 36 68
409.5 36 69
411.0 52 57
411.0 52 58
412.5 46 51
412.5 46 52
414.0 158 167
414.0 158 168
415.5 40 41
415.5 40 42
417.0 75 108
417.0 75 109
418.5 112 144
418.5 112 145
420.0 117 136
420.0 117 137
421.5 86 97
421.5 86 98
423.0 1 5
423.0 1 6
424.5 41 51
424.5 41 52
426.0 163 186
426.0 163 187
427.5 117 126
427.5 117 127
429.0 87 97
429.0 87 98
430.5 155 178
430.5 155 179
432.0 76 88
432.0 76 89
433.5 48 49
433.5 48 50
435.0 0 21
435.0 0 22
436.5 77 94
436.5 77 95
438.0 167 181
438.0 167 182
439.5 31 69
439.5 31 70
441.0 47 63
441.0 47 64
442.5 173 180
442.5 173 181
444.0 128 143
444.0 128 144
445.5 117 138
445.5 117 139
447.0 128 135
447.0 128 136
448.5 41 43
448.5 41 44
450.0 122 125
450.0 122 126
451.5 40 45
451.5 40 46
453.0 35 70
453.0 36 37
454.5 114 150
454.5 115 116
456.0 160 161
456.0 160 162
457.5 74 94
457.5 74 95
459.0 113 150
459.0 114 115
460.5 33 54
460.5 33 55
462.0 75 104
462.0 75 105
463.5 124 142
463.5 124 143
465.0 151 187
465.0 151 188
466.5 123 140
466.5 123 141
468.0 110 145
468.0 110 146
469.5 163 178
469.5 163 179
471.0 114 140
471.0 114 141
472.5 174 179
472.5 174 180
474.0 132 143
474.0 132 144
475.5 41 49
475.5 41 50
477.0 40 47
477.0 40 48
478.5 10 23
478.5 10 24
480.0 122 145
480.0 122 146
481.5 124 128
481.5 124 129
483.0 70 109
483.0 70 110
484.5 54 57
484.5 54 58
486.0 113 134
486.0 113 135
487.5 169 176
487.5 169 177
489.0 46 47
489.0 46 48
490.5 121 143
490.5 121 144
492.0 128 145
492.0 128 146
493.5 9 24
493.5 9 25
495.0 33 56
495.0 33 57
496.5 52 63
496.5 52 64
498.0 157 170
498.0 157 171
499.5 120 121
499.5 120 122
501.0 72 98
501.0 72 99
502.5 165 168
502.5 165 169
504.0 39 54
504.0 39 55
505.5 174 183
505.5 175 176
507.0 72 100
507.0 72 101
508.5 163 184
508.5 163 185
510.0 86 99
510.0 86 100
511.5 45 50
511.5 45 51
513.0 113 144
513.0 113 145
514.5 123 134
514.5 123 135
516.0 157 180
516.0 157 181
517.5 39 56
517.5 39 57
519.0 80 87
519.0 80 88
520.5 45 66
520.5 45 67
522.0 115 142
522.0 115 143
523.5 30 67
523.5 30 68
525.0 68 69
525.0 69 70
526.5 119 124
526.5 119 125
528.0 126 141
528.0 126 142
529.5 118 149
529.5 119 120
531.0 160 179
531.0 160 180
532.5 9 12
532.5 9 13
534.0 94 99
534.0 94 100
535.5 129 138
535.5 129 139
537.0 31 65
537.0 31 66
538.5 119 126
538.5 119 127
540.0 43 60
540.0 43 61
541.5 30 69
541.5 30 70
543.0 169 182
543.0 169 183
544.5 123 130
544.5 123 131
546.0 1 19
546.0 1 20
547.5 122 147
547.5 122 148
549.0 162 163
549.0 162 164
550.5 130 131
550.5 130 132
552.0 159 188
552.0 159 189
553.5 133 138
553.5 133 139
555.0 85 88
555.0 85 89
556.5 108 109
556.5 109 110
558.0 41 61
558.0 41 62
559.5 164 182
559.5 164 183
561.0 77 92
561.0 77 93
562.5 88 97
562.5 88 98
564.0 74 110
564.0 75 76
565.5 156 180
565.5 156 181
567.0 83 104
567.0 83 105
568.5 79 82
568.5 79 83
570.0 7 9
570.0 7 10
571.5 161 181
571.5 161 182
573.0 1 13
573.0 1 14
574.5 4 16
574.5 4 17
576.0 5 18
576.0 5 19
577.5 153 184
577.5 153 185
579.0 74 106
579.0 74 107
580.5 113 142
580.5 113 143
582.0 56 59
582.0 56 60
583.5 127 133
583.5 127 134
585.0 9 22
585.0 9 23
586.5 52 53
586.5 52 54
588.0 118 135
588.0 118 136
589.5 32 66
589.5 32 67
591.0 167 171
591.0 167 172
592.5 135 139
592.5 135 140
594.0 161 171
594.0 161 172
595.5 91 93
595.5 91 94
597.0 163 164
597.0 163 165
598.5 83 96
598.5 83 97
600.0 4 24
600.0 4 25
601.5 169 172
601.5 169 173
603.0 3 8
603.0 3 9
604.5 3 6
604.5 3 7
606.0 144 145
606.0 145 146
607.5 121 131
607.5 121 132
609.0 123 126
609.0 123 127
610.5 44 58
610.5 44 59
612.0 116 138
612.0 116 139
613.5 172 181
613.5 172 182
615.0 88 89
615.0 88 90
616.5 74 108
616.5 74 109
618.0 2 27
618.0 2 28
619.5 6 21
619.5 6 22
621.0 159 176
621.0 159 177
622.5 131 139
622.5 131 140
624.0 94 95
624.0 94 96
625.5 82 91
625.5 82 92
627.0 73 110
627.0 74 75
628.5 51 61
628.5 51 62
630.0 50 51
630.0 50 52
631.5 1 21
631.5 1 22
633.0 81 103
633.0 81 104
634.5 186 187
634.5 187 188
636.0 79 86
636.0 79 87
637.5 188 189
637.5 189 190
639.0 14 19
639.0 14 20
640.5 178 179
640.5 178 180
642.0 42 47
642.0 42 48
643.5 31 67
643.5 31 68
645.0 122 139
645.0 122 140
646.5 159 168
646.5 159 169
648.0 16 21
648.0 16 22
649.5 12 17
649.5 12 18
651.0 3 20
651.0 3 21
652.5 110 111
652.5 110 144
654.0 146 147
654.0 147 148
655.5 123 128
655.5 123 129
657.0 177 180
657.0 177 181
658.5 5 12
658.5 5 13
660.0 134 137
660.0 134 138
661.5 76 94
661.5 76 95
663.0 153 190
663.0 154 155
664.5 118 137
664.5 118 138
666.0 81 87
666.0 81 88
667.5 84 86
667.5 84 87
669.0 117 134
669.0 117 135
670.5 120 125
670.5 120 126
672.0 18 21
672.0 19 20
673.5 112 113
673.5 112 137
675.0 2 25
675.0 2 26
676.5 175 179
676.5 175 180
678.0 43 58
678.0 43 59
679.5 158 179
679.5 158 180
681.0 125 142
681.0 125 143
682.5 125 128
682.5 125 129
684.0 196 197
684.0 197 198
685.5 120 143
685.5 120 144
687.0 124 136
687.0 124 137
688.5 164 166
688.5 164 167
690.0 44 60
690.0 44 61
691.5 42 65
691.5 42 66
693.0 84 98
693.0 84 99
694.5 28 29
694.5 29 30
696.0 48 61
696.0 48 62
697.5 130 137
697.5 130 138
699.0 36 56
699.0 36 57
700.5 80 99
700.5 80 100
702.0 117 146
702.0 117 147
703.5 114 134
703.5 114 135
705.0 127 145
705.0 127 146
706.5 161 173
706.5 161 174
708.0 92 101
708.0 92 102
709.5 162 185
709.5 162 186
711.0 121 123
711.0 121 124
712.5 137 138
712.5 137 139
714.0 3 14
714.0 3 15
715.5 126 131
715.5 126 132
717.0 164 170
717.0 164 171
718.5 121 135
718.5 121 136
720.0 85 100
720.0 85 101
721.5 80 97
721.5 80 98
723.0 135 141
723.0 135 142
724.5 117 132
724.5 117 133
726.0 128 141
726.0 128 142
727.5 155 182
727.5 155 183
729.0 78 87
729.0 78 88
730.5 76 90
730.5 76 91
732.0 10 13
732.0 10 14
733.5 112 146
733.5 112 147
735.0 194 195
735.0 195 196
736.5 37 60
736.5 37 61
738.0 159 186
738.0 159 187
739.5 8 23
739.5 8 24
741.0 17 18
741.0 17 19
742.5 120 139
742.5 120 140
744.0 43 56
744.0 43 57
745.5 126 135
745.5 126 136
747.0 75 100
747.0 75 101
748.5 157 182
748.5 157 183
750.0 92 93
750.0 92 94
751.5 173 178
751.5 173 179
753.0 118 119
753.0 118 124
754.5 113 148
754.5 113 149
756.0 151 183
756.0 151 184
757.5 78 93
757.5 78 94
759.0 150 187
759.0 150 188
760.5 81 97
760.5 81 98
762.0 44 66
762.0 44 67
763.5 111 145
763.5 111 146
765.0 167 183
765.0 167 184
766.5 18 19
766.5 18 20
768.0 119 132
768.0 119 133
769.5 83 86
769.5 83 87
771.0 0 23
771.0 0 24
772.5 160 187
772.5 160 188
774.0 13 22
774.0 13 23
775.5 47 65
775.5 47 66
777.0 40 69
777.0 41 42
778.5 156 188
778.5 156 189
780.0 38 67
780.0 38 68
781.5 84 90
781.5 84 91
783.0 71 105
783.0 71 106
784.5 156 184
784.5 156 185
786.0 39 66
786.0 39 67
787.5 74 98
787.5 74 99
789.0 163 166
789.0 163 167
790.5 71 72
790.5 71 100
792.0 120 129
792.0 120 130
793.5 73 108
793.5 73 109
795.0 156 190
795.0 157 158
796.5 124 146
796.5 124 147
798.0 166 173
798.0 166 174
799.5 47 55
799.5 47 56
801.0 33 58
801.0 33 59
802.5 4 18
802.5 4 19
804.0 190 191
804.0 191 192
805.5 80 81
805.5 80 82
807.0 36 70
807.0 37 38
808.5 123 138
808.5 123 139
810.0 74 100
810.0 74 101
811.5 34 64
811.5 34 65
813.0 160 167
813.0 160 168
814.5 51 59
814.5 51 60
816.0 6 19
816.0 6 20
817.5 113 136
817.5 113 137
819.0 6 13
819.0 6 14
820.5 115 146
820.5 115 147
822.0 117 130
822.0 117 131
823.5 120 137
823.5 120 138
825.0 75 102
825.0 75 103
826.5 12 21
826.5 12 22
828.0 131 133
828.0 131 134
829.5 2 3
829.5 2 4
831.0 46 61
831.0 46 62
832.5 132 139
832.5 132 140
834.0 152 182
834.0 152 183
835.5 110 149
835.5 110 150
837.0 7 21
837.0 7 22
838.5 8 15
838.5 8 16
840.0 118 133
840.0 118 134
841.5 126 127
841.5 126 128
843.0 37 50
843.0 37 51
844.5 88 91
844.5 88 92
846.0 77 106
846.0 77 107
847.5 6 23
847.5 6 24
849.0 78 101
849.0 78 102
850.5 78 99
850.5 78 100
852.0 74 92
852.0 74 93
853.5 9 16
853.5 9 17
855.0 11 21
855.0 11 22
856.5 77 86
856.5 77 87
858.0 33 66
858.0 33 67
859.5 32 60
859.5 32 61
861.0 6 25
861.0 6 26
862.5 37 56
862.5 37 57
864.0 44 52
864.0 44 53
865.5 116 142
865.5 116 143
867.0 22 23
867.0 23 24
868.5 36 62
868.5 36 63
870.0 163 180
870.0 163 181
871.5 128 133
871.5 128 134
873.0 44 54
873.0 44 55
874.5 165 170
874.5 165 171
876.0 6 27
876.0 7 8
877.5 114 136
877.5 114 137
879.0 45 48
879.0 45 49
880.5 154 178
880.5 154 179
882.0 171 183
882.0 171 184
883.5 58 61
883.5 59 60
885.0 119 142
885.0 119 143
886.5 160 171
886.5 160 172
888.0 79 106
888.0 79 107
889.5 155 170
889.5 155 171
891.0 2 5
891.0 2 6
892.5 166 167
892.5 166 168
894.0 152 186
894.0 152 187
895.5 55 57
895.5 55 58
897.0 134 141
897.0 134 142
898.5 42 53
898.5 42 54
900.0 46 49
900.0 46 50
901.5 0 15
901.5 0 16
903.0 0 7
903.0 0 8
904.5 125 126
904.5 125 127
906.0 11 19
906.0 11 20
907.5 116 150
907.5 117 118
909.0 171 181
909.0 171 182
910.5 129 130
910.5 129 131
912.0 83 84
912.0 83 85
913.5 131 143
913.5 131 144
915.0 20 21
915.0 21 22
916.5 115 144
916.5 115 145
918.0 130 139
918.0 130 140
919.5 38 59
919.5 38 60
921.0 162 169
921.0 162 170
922.5 42 67
922.5 42 68
924.0 10 17
924.0 10 18
925.5 86 93
925.5 86 94
927.0 158 173
927.0 158 174
928.5 81 107
928.5 81 108
930.0 82 99
930.0 82 100
931.5 8 25
931.5 8 26
933.0 33 68
933.0 33 69
934.5 32 70
934.5 33 34
936.0 85 90
936.0 85 91
937.5 11 17
937.5 11 18
939.0 126 147
939.0 127 128
940.5 115 134
940.5 115 135
942.0 91 101
942.0 91 102
943.5 164 176
943.5 164 177
945.0 87 99
945.0 87 100
946.5 132 141
946.5 132 142
948.0 76 102
948.0 76 103
949.5 111 149
949.5 111 150
951.0 155 186
951.0 155 187
952.5 4 26
952.5 4 27
954.0 43 46
954.0 43 47
955.5 75 106
955.5 75 107
957.0 78 95
957.0 78 96
958.5 154 190
958.5 155 156
960.0 94 103
960.0 95 96
961.5 11 15
961.5 11 16
963.0 159 170
963.0 159 171
964.5 155 190
964.5 156 157
966.0 93 102
966.0 93 103
967.5 14 21
967.5 14 22
969.0 121 125
969.0 121 126
970.5 38 55
970.5 38 56
972.0 82 97
972.0 82 98
973.5 162 173
973.5 162 174
975.0 54 61
975.0 54 62
976.5 6 11
976.5 6 12
978.0 89 100
978.0 89 101
979.5 2 17
979.5 2 18
981.0 79 92
981.0 79 93
982.5 168 185
982.5 168 186
984.0 43 54
984.0 43 55
985.5 133 134
985.5 133 135
987.0 168 175
987.0 168 176
988.5 38 39
988.5 38 44
990.0 48 59
990.0 48 60
991.5 78 79
991.5 78 84
993.0 86 87
993.0 86 88
994.5 35 56
994.5 35 57
996.0 152 188
996.0 152 189
997.5 115 132
997.5 115 133
999.0 128 131
999.0 128 132
1000.5 48 53
1000.5 48 54
1002.0 8 17
1002.0 8 18
1003.5 81 89
1003.5 81 90
1005.0 8 19
1005.0 8 20
1006.5 76 100
1006.5 76 101
1008.0 129 140
1008.0 129 141
1009.5 93 98
1009.5 93 99
1011.0 87 93
1011.0 87 94
1012.5 120 127
1012.5 120 128
1014.0 157 178
1014.0 157 179
1015.5 166 183
1015.5 166 184
1017.0 40 43
1017.0 40 44
1018.5 164 178
1018.5 164 179
1020.0 116 134
1020.0 116 135
1021.5 132 137
1021.5 132 138
1023.0 82 101
1023.0 82 102
1024.5 123 142
1024.5 123 143
1026.0 121 133
1026.0 121 134
1027.5 122 135
1027.5 122 136
1029.0 116 144
1029.0 116 145
1030.5 43 44
1030.5 43 45
1032.0 39 52
1032.0 39 53
1033.5 10 25
1033.5 11 12
1035.0 9 10
1035.0 9 11
1036.5 32 62
1036.5 32 63
1038.0 30 31
1038.0 30 64
1039.5 84 104
1039.5 84 105
1041.0 129 142
1041.0 129 143
1042.5 41 57
1042.5 41 58
1044.0 36 52
1044.0 36 53
1045.5 119 146
1045.5 119 147
1047.0 36 54
1047.0 36 55
1048.5 166 187
1048.5 167 168
1050.0 171 175
1050.0 171 176
1051.5 83 94
1051.5 83 95
1053.0 58 59
1053.0 58 60
1054.5 90 91
1054.5 90 92
1056.0 165 172
1056.0 165 173
1057.5 124 132
1057.5 124 133
1059.0 52 55
1059.0 52 56
1060.5 127 139
1060.5 127 140
1062.0 161 183
1062.0 161 184
1063.5 112 140
1063.5 112 141
1065.0 150 185
1065.0 150 186
1066.5 45 58
1066.5 45 59
1068.0 35 66
1068.0 35 67
1069.5 38 63
1069.5 38 64
1071.0 38 61
1071.0 38 62
1072.5 2 21
1072.5 2 22
1074.0 160 169
1074.0 160 170
1075.5 140 141
1075.5 141 142
1077.0 38 47
1077.0 38 48
1078.5 163 168
1078.5 163 169
1080.0 112 138
1080.0 112 139
1081.5 114 138
1081.5 114 139
1083.0 79 84
1083.0 79 85
1084.5 163 182
1084.5 163 183
1086.0 76 92
1086.0 76 93
1087.5 155 184
1087.5 155 185
1089.0 0 19
1089.0 0 20
1090.5 45 52
1090.5 45 53
1092.0 80 101
1092.0 80 102
1093.5 34 68
1093.5 34 69
1095.0 164 184
1095.0 164 185
1096.5 32 58
1096.5 32 59
1098.0 46 59
1098.0 46 60
1099.5 119 128
1099.5 119 129
1101.0 97 100
1101.0 97 101
1102.5 55 59
1102.5 55 60
1104.0 37 62
1104.0 37 63
1105.5 154 182
1105.5 154 183
1107.0 8 11
1107.0 8 12
1108.5 162 179
1108.5 162 180
1110.0 170 175
1110.0 170 176
1111.5 13 16
1111.5 13 17
1113.0 17 20
1113.0 17 21
1114.5 87 91
1114.5 87 92
1116.0 158 189
1116.0 159 160
1117.5 124 144
1117.5 124 145
1119.0 88 93
1119.0 88 94
1120.5 36 58
1120.5 36 59
1122.0 116 128
1122.0 116 129
1123.5 57 58
1123.5 57 59
1125.0 37 64
1125.0 37 65
1126.5 71 101
1126.5 71 102
1128.0 161 187
1128.0 161 188
1129.5 176 179
1129.5 176 180
1131.0 81 93
1131.0 81 94
1132.5 100 101
1132.5 101 102
1134.0 153 176
1134.0 153 177
1135.5 97 98
1135.5 97 99
1137.0 159 184
1137.0 159 185
1138.5 159 162
1138.5 159 163
1140.0 154 188
1140.0 154 189
1141.5 49 58
1141.5 49 59
1143.0 7 15
1143.0 7 16
1144.5 120 141
1144.5 120 142
1146.0 6 9
1146.0 6 10
1147.5 34 52
1147.5 34 53
1149.0 45 54
1149.0 45 55
1150.5 0 9
1150.5 0 10
1152.0 78 89
1152.0 78 90
1153.5 125 146
1153.5 125 147
1155.0 40 53
1155.0 40 54
1156.5 158 169
1156.5 158 170
1158.0 152 153
1158.0 152 177
1159.5 54 59
1159.5 54 60
1161.0 128 137
1161.0 128 138
1162.5 167 177
1162.5 167 178
1164.0 4 10
1164.0 4 11
1165.5 134 135
1165.5 134 136
1167.0 115 138
1167.0 115 139
1168.5 86 91
1168.5 86 92
1170.0 85 94
1170.0 85 95
1171.5 165 182
1171.5 165 183
1173.0 96 99
1173.0 96 100
1174.5 35 68
1174.5 35 69
1176.0 5 26
1176.0 5 27
1177.5 84 88
1177.5 84 89
1179.0 9 18
1179.0 9 19
1180.5 164 174
1180.5 164 175
1182.0 119 138
1182.0 119 139
1183.5 0 13
1183.5 0 14
1185.0 89 94
1185.0 89 95
1186.5 77 108
1186.5 77 109
1188.0 71 107
1188.0 71 108
1189.5 91 95
1189.5 91 96
1191.0 136 137
1191.0 136 138
1192.5 91 97
1192.5 91 98
1194.0 80 83
1194.0 80 84
1195.5 87 95
1195.5 87 96
1197.0 0 25
1197.0 0 26
1198.5 3 12
1198.5 3 13
1200.0 7 13
1200.0 7 14
1201.5 62 63
1201.5 63 64
1203.0 0 5
1203.0 0 6
1204.5 112 148
1204.5 112 149
1206.0 46 53
1206.0 46 54
1207.5 171 179
1207.5 171 180
1209.0 130 145
1209.0 131 132
1210.5 72 102
1210.5 72 103
1212.0 2 23
1212.0 2 24
1213.5 158 165
1213.5 158 166
1215.0 160 175
1215.0 160 176
1216.5 48 51
1216.5 48 52
1218.0 75 96
1218.0 75 97
1219.5 122 141
1219.5 122 142
1221.0 60 61
1221.0 61 62
1222.5 90 103
1222.5 90 104
1224.0 64 65
1224.0 65 66
1225.5 153 188
1225.5 153 189
1227.0 52 59
1227.0 52 60
1228.5 43 68
1228.5 44 45
1230.0 53 60
1230.0 53 61
1231.5 162 183
1231.5 162 184
1233.0 178 181
1233.0 179 180
1234.5 4 22
1234.5 4 23
1236.0 125 136
1236.0 125 137
1237.5 76 108
1237.5 76 109
1239.0 116 140
1239.0 116 141
1240.5 39 62
1240.5 39 63
1242.0 75 92
1242.0 75 93
1243.5 119 130
1243.5 119 131
1245.0 31 63
1245.0 31 64
1246.5 122 129
1246.5 122 130
1248.0 118 129
1248.0 118 130
1249.5 118 139
1249.5 118 140
1251.0 168 169
1251.0 168 170
1252.5 42 51
1252.5 42 52
1254.0 117 148
1254.0 117 149
1255.5 44 62
1255.5 44 63
1257.0 157 186
1257.0 157 187
1258.5 125 134
1258.5 125 135
1260.0 172 183
1260.0 172 184
1261.5 86 107
1261.5 87 88
1263.0 165 178
1263.0 165 179
1264.5 167 185
1264.5 167 186
1266.0 77 90
1266.0 77 91
1267.5 5 14
1267.5 5 15
1269.0 154 174
1269.0 154 175
1270.5 16 19
1270.5 16 20
1272.0 90 99
1272.0 90 100
1273.5 119 122
1273.5 119 123
1275.0 166 177
1275.0 166 178
1276.5 162 167
1276.5 162 168
1278.0 75 110
1278.0 76 77
1279.5 34 62
1279.5 34 63
1281.0 41 55
1281.0 41 56
1282.5 169 180
1282.5 169 181
1284.0 84 100
1284.0 84 101
1285.5 90 93
1285.5 90 94
1287.0 153 174
1287.0 153 175
1288.5 113 140
1288.5 113 141
1290.0 125 140
1290.0 125 141
1291.5 9 20
1291.5 9 21
1293.0 184 185
1293.0 185 186
1294.5 127 137
1294.5 127 138
1296.0 126 137
1296.0 126 138
1297.5 160 177
1297.5 160 178
1299.0 72 106
1299.0 72 107
1300.5 157 174
1300.5 157 175
1302.0 161 165
1302.0 161 166
1303.5 43 50
1303.5 43 51
1305.0 156 172
1305.0 156 173
1306.5 159 182
1306.5 159 183
1308.0 39 50
1308.0 39 51
1309.5 90 95
1309.5 90 96
1311.0 72 104
1311.0 72 105
1312.5 42 43
1312.5 42 44
1314.0 161 169
1314.0 161 170
1315.5 14 17
1315.5 14 18
1317.0 80 103
1317.0 80 104
1318.5 92 95
1318.5 92 96
1320.0 121 137
1320.0 121 138
1321.5 85 106
1321.5 85 107
1323.0 44 48
1323.0 44 49
1324.5 122 123
1324.5 122 124
1326.0 170 177
1326.0 170 178
1327.5 115 136
1327.5 115 137
1329.0 57 60
1329.0 57 61
1330.5 94 97
1330.5 94 98
1332.0 4 12
1332.0 4 13
1333.5 157 176
1333.5 157 177
1335.0 120 131
1335.0 120 132
1336.5 50 61
1336.5 50 62
1338.0 46 55
1338.0 46 56
1339.5 115 140
1339.5 115 141
1341.0 136 141
1341.0 136 142
1342.5 0 11
1342.5 0 12
1344.0 53 56
1344.0 53 57
1345.5 5 16
1345.5 5 17
1347.0 3 10
1347.0 3 11
1348.5 88 99
1348.5 88 100
1350.0 39 60
1350.0 39 61
1351.5 83 90
1351.5 83 91
1353.0 38 53
1353.0 38 54
1354.5 116 148
1354.5 116 149
1356.0 53 58
1356.0 53 59
1357.5 164 180
1357.5 164 181
1359.0 5 22
1359.0 5 23
1360.5 7 25
1360.5 7 26
1362.0 37 54
1362.0 37 55
1363.5 132 135
1363.5 132 136
1365.0 6 15
1365.0 6 16
1366.5 159 172
1366.5 159 173
1368.0 14 15
1368.0 14 16
1369.5 115 150
1369.5 116 117
1371.0 53 54
1371.0 53 55
1372.5 3 16
1372.5 3 17
1374.0 132 133
1374.0 132 134
1375.5 43 48
1375.5 43 49
1377.0 124 140
1377.0 124 141
1378.5 118 131
1378.5 118 132
1380.0 3 22
1380.0 3 23
1381.5 46 57
1381.5 46 58
1383.0 12 19
1383.0 12 20
1384.5 119 134
1384.5 119 135
1386.0 117 142
1386.0 117 143
1387.5 47 57
1387.5 47 58
1389.0 164 172
1389.0 164 173
1390.5 36 64
1390.5 36 65
1392.0 150 189
1392.0 150 190
1393.5 151 181
1393.5 151 182
1395.0 7 11
1395.0 7 12
1396.5 50 65
1396.5 51 52
1398.0 155 172
1398.0 155 173
1399.5 44 64
1399.5 44 65
1401.0 172 179
1401.0 172 180
1402.5 71 103
1402.5 71 104
1404.0 51 55
1404.0 51 56
1405.5 49 64
1405.5 49 65
1407.0 121 127
1407.0 121 128
1408.5 123 144
1408.5 123 145
1410.0 85 98
1410.0 85 99
1411.5 124 126
1411.5 124 127
1413.0 166 181
1413.0 166 182
1414.5 6 7
1414.5 6 8
1416.0 138 139
1416.0 138 140
1417.5 35 52
1417.5 35 53
1419.0 170 183
1419.0 170 184
1420.5 116 132
1420.5 116 133
1422.0 42 63
1422.0 42 64
1423.5 79 108
1423.5 79 109
1425.0 192 193
1425.0 193 194
1426.5 167 173
1426.5 167 174
1428.0 3 4
1428.0 3 5
1429.5 127 141
1429.5 127 142
1431.0 114 148
1431.0 114 149
1432.5 70 71
1432.5 70 104
1434.0 120 123
1434.0 120 124
1435.5 48 57
1435.5 48 58
1437.0 128 139
1437.0 128 140
1438.5 157 188
1438.5 157 189
1440.0 2 19
1440.0 2 20
1441.5 160 173
1441.5 160 174
1443.0 9 14
1443.0 9 15
1444.5 16 17
1444.5 16 18
1446.0 39 68
1446.0 39 69
1447.5 174 177
1447.5 174 178
1449.0 90 105
1449.0 91 92
1450.5 122 127
1450.5 122 128
1452.0 130 141
1452.0 130 142
1453.5 129 134
1453.5 129 135
1455.0 1 11
1455.0 1 12
1456.5 35 64
1456.5 35 65
1458.0 175 181
1458.0 175 182
1459.5 156 178
1459.5 156 179
1461.0 44 46
1461.0 44 47
1462.5 166 171
1462.5 166 172
1464.0 39 44
1464.0 39 45
1465.5 162 181
1465.5 162 182
1467.0 151 189
1467.0 151 190
1468.5 30 65
1468.5 30 66
1470.0 35 60
1470.0 35 61
1471.5 122 137
1471.5 122 138
1473.0 44 50
1473.0 44 51
1474.5 43 52
1474.5 43 53
1476.0 32 64
1476.0 32 65
1477.5 47 53
1477.5 47 54
1479.0 35 54
1479.0 35 55
1480.5 93 100
1480.5 93 101
1482.0 115 130
1482.0 115 131
1483.5 10 15
1483.5 10 16
1485.0 37 68
1485.0 37 69
1486.5 79 96
1486.5 79 97
1488.0 71 109
1488.0 71 110
1489.5 31 32
1489.5 31 60
1491.0 85 96
1491.0 85 97
1492.5 39 46
1492.5 39 47
1494.0 45 60
1494.0 45 61
1495.5 155 176
1495.5 155 177
1497.0 13 18
1497.0 13 19
1498.5 49 60
1498.5 49 61
1500.0 5 6
1500.0 5 7
1501.5 0 27
1501.5 0 28
1503.0 38 69
1503.0 39 40
1504.5 168 171
1504.5 168 172
1506.0 1 7
1506.0 1 8
1507.5 174 181
1507.5 174 182
1509.0 3 18
1509.0 3 19
1510.5 82 89
1510.5 82 90
1512.0 0 29
1512.0 1 2
1513.5 43 64
1513.5 43 65
1515.0 120 145
1515.0 120 146
1516.5 50 57
1516.5 50 58
1518.0 114 132
1518.0 114 133
1519.5 51 63
1519.5 51 64
1521.0 156 176
1521.0 156 177
1522.5 123 132
1522.5 123 133
1524.0 77 98
1524.0 77 99
1525.5 95 99
1525.5 95 100
1527.0 82 103
1527.0 82 104
1528.5 116 130
1528.5 116 131
1530.0 166 179
1530.0 166 180
1531.5 4 20
1531.5 4 21
1533.0 159 164
1533.0 159 165
1534.5 10 11
1534.5 10 12
1536.0 49 54
1536.0 49 55
1537.5 119 140
1537.5 119 141
1539.0 53 62
1539.0 53 63
1540.5 89 92
1540.5 89 93
1542.0 111 141
1542.0 111 142
1543.5 129 144
1543.5 129 145
1545.0 162 187
1545.0 162 188
1546.5 160 189
1546.5 161 162
1548.0 35 58
1548.0 35 59
1549.5 119 148
1549.5 119 149
1551.0 38 45
1551.0 38 46
1552.5 168 177
1552.5 168 178
1554.0 40 63
1554.0 40 64
1555.5 36 66
1555.5 36 67
1557.0 167 169
1557.0 167 170
1558.5 82 87
1558.5 82 88
1560.0 177 178
1560.0 177 179
1561.5 127 143
1561.5 127 144
1563.0 158 171
1563.0 158 172
1564.5 164 168
1564.5 164 169
1566.0 38 57
1566.0 38 58
1567.5 120 149
1567.5 121 122
1569.0 84 106
1569.0 84 107
1570.5 78 103
1570.5 78 104
1572.0 32 68
1572.0 32 69
1573.5 1 3
1573.5 1 4
1575.0 86 101
1575.0 86 102
1576.5 170 173
1576.5 170 174
1578.0 156 170
1578.0 156 171
1579.5 93 94
1579.5 93 95
1581.0 77 104
1581.0 77 105
1582.5 96 97
1582.5 96 98
1584.0 55 61
1584.0 55 62
1585.5 74 96
1585.5 74 97
1587.0 75 94
1587.0 75 95
1588.5 173 182
1588.5 173 183
1590.0 126 145
1590.0 126 146
1591.5 81 83
1591.5 81 84
1593.0 89 96
1593.0 89 97
1594.5 8 21
1594.5 8 22
1596.0 116 146
1596.0 116 147
1597.5 126 133
1597.5 126 134
1599.0 50 53
1599.0 50 54
1600.5 168 183
1600.5 168 184
1602.0 45 56
1602.0 45 57
1603.5 54 55
1603.5 54 56
1605.0 76 110
1605.0 77 78
1606.5 38 51
1606.5 38 52
1608.0 158 175
1608.0 158 176
1609.5 78 107
1609.5 78 108
1611.0 166 175
1611.0 166 176
1612.5 118 145
1612.5 118 146
1614.0 13 20
1614.0 13 21
1615.5 89 102
1615.5 89 103
1617.0 44 56
1617.0 44 57
1618.5 104 105
1618.5 105 106
1620.0 42 59
1620.0 42 60
1621.5 79 100
1621.5 79 101
1623.0 176 177
1623.0 176 178
1624.5 160 185
1624.5 160 186
1626.0 0 3
1626.0 0 4
1627.5 40 49
1627.5 40 50
1629.0 158 187
1629.0 158 188
1630.5 172 177
1630.5 172 178
1632.0 75 98
1632.0 75 99
1633.5 176 181
1633.5 176 182
1635.0 161 179
1635.0 161 180
1636.5 154 184
1636.5 154 185
1638.0 122 143
1638.0 122 144
1639.5 72 108
1639.5 72 109
1641.0 114 146
1641.0 114 147
1642.5 8 13
1642.5 8 14
1644.0 154 180
1644.0 154 181
1645.5 42 55
1645.5 42 56
1647.0 33 62
1647.0 33 63
1648.5 121 139
1648.5 121 140
1650.0 49 52
1650.0 49 53
1651.5 1 25
1651.5 1 26
1653.0 173 174
1653.0 173 175
1654.5 157 166
1654.5 157 167
1656.0 111 147
1656.0 111 148
1657.5 6 17
1657.5 6 18
1659.0 162 177
1659.0 162 178
1660.5 159 178
1660.5 159 179
1662.0 129 136
1662.0 129 137
1663.5 158 185
1663.5 158 186
1665.0 40 61
1665.0 40 62
1666.5 81 95
1666.5 81 96
1668.0 153 182
1668.0 153 183
1669.5 161 163
1669.5 161 164
1671.0 170 185
1671.0 171 172
1672.5 131 137
1672.5 131 138
1674.0 122 131
1674.0 122 132
1675.5 83 98
1675.5 83 99
1677.0 79 102
1677.0 79 103
1678.5 87 103
1678.5 87 104
1680.0 153 178
1680.0 153 179
1681.5 37 66
1681.5 37 67
1683.0 118 147
1683.0 118 148
1684.5 77 88
1684.5 77 89
1686.0 48 55
1686.0 48 56
1687.5 72 73
1687.5 72 97
1689.0 33 60
1689.0 33 61
1690.5 40 59
1690.5 40 60
1692.0 92 103
1692.0 92 104
1693.5 11 23
1693.5 11 24
1695.0 160 165
1695.0 160 166
1696.5 165 174
1696.5 165 175
1698.0 198 199
1699.5 161 175
1699.5 161 176
1701.0 37 48
1701.0 37 49
1702.5 83 108
1702.5 84 85
1704.0 38 65
1704.0 38 66
1705.5 180 181
1705.5 181 182
1707.0 80 95
1707.0 80 96
1708.5 66 67
1708.5 67 68
1710.0 121 141
1710.0 121 142
1711.5 35 50
1711.5 35 51
1713.0 48 63
1713.0 48 64
1714.5 159 166
1714.5 159 167
1716.0 121 147
1716.0 121 148
1717.5 4 14
1717.5 4 15
1719.0 170 179
1719.0 170 180
1720.5 95 97
1720.5 95 98
1722.0 130 133
1722.0 130 134
1723.5 87 105
1723.5 87 106
1725.0 159 174
1725.0 159 175
1726.5 47 51
1726.5 47 52
1728.0 32 33
1728.0 32 57
1729.5 126 129
1729.5 126 130
1731.0 111 143
1731.0 111 144
1732.5 154 186
1732.5 154 187
1734.0 163 188
1734.0 164 165
1735.5 118 127
1735.5 118 128
1737.0 142 143
1737.0 143 144
1738.5 33 70
1738.5 34 35
1740.0 45 64
1740.0 45 65
1741.5 45 62
1741.5 45 63
1743.0 155 188
1743.0 155 189
1744.5 41 53
1744.5 41 54
1746.0 156 186
1746.0 156 187
1747.5 85 104
1747.5 85 105
1749.0 113 138
1749.0 113 139
1750.5 86 105
1750.5 86 106
1752.0 14 23
1752.0 15 16
1753.5 111 112
1753.5 111 140
1755.0 4 8
1755.0 4 9
1756.5 85 86
1756.5 85 87
1758.0 81 105
1758.0 81 106
1759.5 2 9
1759.5 2 10
1761.0 164 186
1761.0 164 187
1762.5 81 99
1762.5 81 100
1764.0 95 101
1764.0 95 102
1765.5 73 102
1765.5 73 103
1767.0 121 129
1767.0 121 130
1768.5 91 99
1768.5 91 100
1770.0 171 173
1770.0 171 174
1771.5 2 11
1771.5 2 12
1773.0 120 133
1773.0 120 134
1774.5 36 60
1774.5 36 61
1776.0 80 107
1776.0 80 108
1777.5 160 183
1777.5 160 184
1779.0 133 142
1779.0 133 143
1780.5 83 106
1780.5 83 107
1782.0 40 65
1782.0 40 66
1783.5 78 105
1783.5 78 106
1785.0 125 130
1785.0 125 131
1786.5 86 89
1786.5 86 90
1788.0 50 63
1788.0 50 64
1789.5 2 15
1789.5 2 16
1791.0 80 93
1791.0 80 94
0 170 171
0 170 172
1.5 86 95
1.5 86 96
3.0 165 176
3.0 165 177
4.5 173 176
4.5 173 177
6.0 45 46
6.0 45 47
7.5 129 132
7.5 129 133
9.0 8 9
9.0 8 10
10.5 130 135
10.5 130 136
12.0 15 17
12.0 15 18
13.5 92 99
13.5 92 100
15.0 76 106
15.0 76 107
16.5 1 27
16.5 1 28
18.0 169 178
18.0 169 179
19.5 79 90
19.5 79 91
21.0 168 173
21.0 168 174
22.5 148 149
22.5 149 150
24.0 161 185
24.0 161 186
25.5 79 98
25.5 79 99
27.0 81 91
27.0 81 92
28.5 42 57
28.5 42 58
30.0 120 147
30.0 120 148
31.5 40 51
31.5 40 52
33.0 159 180
33.0 159 181
34.5 165 180
34.5 165 181
36.0 46 67
36.0 47 48
37.5 2 13
37.5 2 14
39.0 10 19
39.0 10 20
40.5 128 129
40.5 128 130
42.0 70 107
42.0 70 108
43.5 88 95
43.5 88 96
45.0 157 168
45.0 157 169
46.5 36 50
46.5 36 51
48.0 106 107
48.0 107 108
49.5 39 48
49.5 39 49
51.0 76 98
51.0 76 99
52.5 73 98
52.5 73 99
54.0 131 135
54.0 131 136
55.5 40 67
55.5 40 68
57.0 172 175
57.0 172 176
58.5 79 94
58.5 79 95
60.0 126 139
60.0 126 140
61.5 39 42
61.5 39 43
63.0 56 61
63.0 56 62
64.5 83 102
64.5 83 103
66.0 78 97
66.0 78 98
67.5 51 53
67.5 51 54
69.0 123 148
69.0 124 125
70.5 79 88
70.5 79 89
72.0 3 26
72.0 3 27
73.5 114 144
73.5 114 145
75.0 70 105
75.0 70 106
76.5 98 99
76.5 98 100
78.0 123 136
78.0 123 137
79.5 133 140
79.5 133 141
81.0 47 59
81.0 47 60
82.5 82 83
82.5 82 84
84.0 152 178
84.0 152 179
85.5 168 179
85.5 168 180
87.0 31 61
87.0 31 62
88.5 153 180
88.5 153 181
90.0 3 24
90.0 3 25
91.5 90 101
91.5 90 102
93.0 163 170
93.0 163 171
94.5 80 105
94.5 80 106
96.0 10 21
96.0 10 22
97.5 112 150
97.5 113 114
99.0 162 171
99.0 162 172
100.5 34 56
100.5 34 57
102.0 85 102
102.0 85 103
103.5 118 141
103.5 118 142
105.0 135 137
105.0 135 138
106.5 41 63
106.5 41 64
108.0 113 146
108.0 113 147
109.5 167 179
109.5 167 180
111.0 119 144
111.0 119 145
112.5 42 49
112.5 42 50
114.0 137 140
114.0 137 141
115.5 168 181
115.5 168 182
117.0 158 181
117.0 158 182
118.5 39 64
118.5 39 65
120.0 134 139
120.0 134 140
121.5 125 138
121.5 125 139
123.0 93 96
123.0 93 97
124.5 120 135
124.5 120 136
126.0 136 139
126.0 136 140
127.5 84 94
127.5 84 95
129.0 5 10
129.0 5 11
130.5 34 70
130.5 35 36
132.0 52 61
132.0 52 62
133.5 89 98
133.5 89 99
135.0 49 56
135.0 49 57
136.5 82 95
136.5 82 96
138.0 34 60
138.0 34 61
139.5 15 21
139.5 15 22
141.0 162 175
141.0 162 176
142.5 78 109
142.5 79 80
144.0 77 96
144.0 77 97
145.5 87 89
145.5 87 90
147.0 35 62
147.0 35 63
148.5 82 105
148.5 82 106
150.0 156 174
150.0 156 175
151.5 172 173
151.5 172 174
153.0 114 142
153.0 114 143
154.5 118 143
154.5 118 144
156.0 50 59
156.0 50 60
157.5 152 184
157.5 152 185
159.0 124 138
159.0 124 139
160.5 84 96
160.5 84 97
162.0 34 58
162.0 34 59
163.5 41 59
163.5 41 60
165.0 154 176
165.0 154 177
166.5 83 92
166.5 83 93
168.0 49 62
168.0 49 63
169.5 73 100
169.5 73 101
171.0 166 169
171.0 166 170
172.5 165 166
172.5 165 167
174.0 163 176
174.0 163 177
175.5 115 148
175.5 115 149
177.0 74 102
177.0 74 103
178.5 51 57
178.5 51 58
180.0 46 65
180.0 46 66
181.5 90 97
181.5 90 98
183.0 152 180
183.0 152 181
184.5 7 17
184.5 7 18
186.0 0 1
186.0 0 2
187.5 138 141
187.5 139 140
189.0 156 182
189.0 156 183
190.5 118 125
190.5 118 126
192.0 117 140
192.0 117 141
193.5 169 184
193.5 169 185
195.0 56 57
195.0 56 58
196.5 182 183
196.5 183 184
198.0 78 85
198.0 78 86
199.5 157 172
199.5 157 173
201.0 40 57
201.0 40 58
202.5 169 170
202.5 169 171
204.0 11 13
204.0 11 14
205.5 7 23
205.5 7 24
207.0 54 63
207.0 55 56
208.5 73 94
208.5 73 95
210.0 121 145
210.0 121 146
211.5 85 92
211.5 85 93
213.0 174 175
213.0 174 176
214.5 46 63
214.5 46 64
216.0 50 55
216.0 50 56
217.5 89 90
217.5 89 91
219.0 73 104
219.0 73 105
220.5 110 147
220.5 110 148
222.0 167 175
222.0 167 176
223.5 38 49
223.5 38 50
225.0 1 9
225.0 1 10
226.5 81 101
226.5 81 102
228.0 37 58
228.0 37 59
229.5 39 58
229.5 39 59
231.0 83 100
231.0 83 101
232.5 88 103
232.5 88 104
234.0 4 6
234.0 4 7
235.5 3 28
235.5 4 5
237.0 47 61
237.0 47 62
238.5 1 17
238.5 1 18
240.0 152 190
240.0 153 154
241.5 47 49
241.5 47 50
243.0 82 107
243.0 82 108
244.5 130 143
244.5 130 144
246.0 131 141
246.0 131 142
247.5 77 102
247.5 77 103
249.0 26 27
249.0 27 28
250.5 41 45
250.5 41 46
252.0 127 131
252.0 127 132
253.5 33 64
253.5 33 65
255.0 150 151
255.0 150 184
256.5 80 89
256.5 80 90
258.0 171 177
258.0 171 178
259.5 88 105
259.5 88 106
261.0 122 133
261.0 122 134
262.5 125 144
262.5 125 145
264.0 37 52
264.0 37 53
265.5 36 48
265.5 36 49
267.0 161 177
267.0 161 178
268.5 1 23
268.5 1 24
270.0 160 163
270.0 160 164
271.5 74 104
271.5 74 105
273.0 119 136
273.0 119 137
274.5 98 101
274.5 99 100
276.0 117 128
276.0 117 129
277.5 158 177
277.5 158 178
279.0 117 144
279.0 117 145
280.5 127 135
280.5 127 136
282.0 72 110
282.0 73 74
283.5 153 186
283.5 153 187
285.0 37 46
285.0 37 47
286.5 73 106
286.5 73 107
288.0 34 54
288.0 34 55
289.5 166 185
289.5 166 186
291.0 80 109
291.0 81 82
292.5 76 104
292.5 76 105
294.0 161 167
294.0 161 168
295.5 89 104
295.5 89 105
297.0 79 104
297.0 79 105
298.5 158 159
298.5 158 164
300.0 165 184
300.0 165 185
301.5 133 136
301.5 133 137
303.0 41 67
303.0 41 68
304.5 82 93
304.5 82 94
306.0 76 96
306.0 76 97
307.5 162 165
307.5 162 166
309.0 116 136
309.0 116 137
310.5 2 7
310.5 2 8
312.0 163 174
312.0 163 175
313.5 88 101
313.5 88 102
315.0 94 101
315.0 94 102
316.5 124 130
316.5 124 131
318.0 157 184
318.0 157 185
319.5 40 55
319.5 40 56
321.0 154 172
321.0 154 173
322.5 96 101
322.5 96 102
324.0 43 66
324.0 43 67
325.5 91 103
325.5 91 104
327.0 151 152
327.0 151 180
328.5 126 143
328.5 126 144
330.0 87 101
330.0 87 102
331.5 156 168
331.5 156 169
333.0 49 50
333.0 49 51
334.5 160 181
334.5 160 182
336.0 158 183
336.0 158 184
337.5 82 85
337.5 82 86
339.0 1 15
339.0 1 16
340.5 80 85
340.5 80 86
342.0 15 19
342.0 15 20
343.5 84 102
343.5 84 103
345.0 5 8
345.0 5 9
346.5 102 103
346.5 103 104
348.0 163 172
348.0 163 173
349.5 73 96
349.5 73 97
351.0 34 66
351.0 34 67
352.5 43 62
352.5 43 63
354.0 134 143
354.0 135 136
355.5 0 17
355.5 0 18
357.0 5 20
357.0 5 21
358.5 48 65
358.5 48 66
360.0 169 174
360.0 169 175
361.5 86 103
361.5 86 104
363.0 13 14
363.0 13 15
364.5 112 142
364.5 112 143
366.0 41 65
366.0 41 66
367.5 81 85
367.5 81 86
369.0 155 180
369.0 155 181
370.5 41 47
370.5 41 48
372.0 127 129
372.0 127 130
373.5 24 25
373.5 25 26
375.0 7 19
375.0 7 20
376.5 123 146
376.5 123 147
378.0 80 91
378.0 80 92
379.5 42 45
379.5 42 46
381.0 42 61
381.0 42 62
382.5 123 124
382.5 123 125
384.0 151 185
384.0 151 186
385.5 77 100
385.5 77 101
387.0 5 24
387.0 5 25
388.5 125 132
388.5 125 133
390.0 12 15
390.0 12 16
391.5 92 97
391.5 92 98
393.0 175 177
393.0 175 178
394.5 83 88
394.5 83 89
396.0 12 13
396.0 12 14
397.5 165 186
397.5 165 187
399.0 78 91
399.0 78 92
400.5 155 174
400.5 155 175
402.0 84 92
402.0 84 93
403.5 124 134
403.5 124 135
405.0 170 181
405.0 170 182
406.5 12 23
406.5 12 24
408.0 75 90
408.0 75 91
409.5 36 68
409.5 36 69
411.0 52 57
411.0 52 58
412.5 46 51
412.5 46 52
414.0 158 167
414.0 158 168
415.5 40 41
415.5 40 42
417.0 75 108
417.0 75 109
418.5 112 144
418.5 112 145
420.0 117 136
420.0 117 137
421.5 86 97
421.5 86 98
423.0 1 5
423.0 1 6
424.5 41 51
424.5 41 52
426.0 163 186
426.0 163 187
427.5 117 126
427.5 117 127
429.0 87 97
429.0 87 98
430.5 155 178
430.5 155 179
432.0 76 88
432.0 76 89
433.5 48 49
433.5 48 50
435.0 0 21
435.0 0 22
436.5 77 94
436.5 77 95
438.0 167 181
438.0 167 182
439.5 31 69
439.5 31 70
441.0 47 63
441.0 47 64
442.5 173 180
442.5 173 181
444.0 128 143
444.0 128 144
445.5 117 138
445.5 117 139
447.0 128 135
447.0 128 136
448.5 41 43
448.5 41 44
450.0 122 125
450.0 122 126
451.5 40 45
451.5 40 46
453.0 35 70
453.0 36 37
454.5 114 150
454.5 115 116
456.0 160 161
456.0 160 162
457.5 74 94
457.5 74 95
459.0 113 150
459.0 114 115
460.5 33 54
460.5 33 55
462.0 75 104
462.0 75 105
463.5 124 142
463.5 124 143
465.0 151 187
465.0 151 188
466.5 123 140
466.5 123 141
468.0 110 145
468.0 110 146
469.5 163 178
469.5 163 179
471.0 114 140
471.0 114 141
472.5 174 179
472.5 174 180
474.0 132 143
474.0 132 144
475.5 41 49
475.5 41 50
477.0 40 47
477.0 40 48
478.5 10 23
478.5 10 24
480.0 122 145
480.0 122 146
481.5 124 128
481.5 124 129
483.0 70 109
483.0 70 110
484.5 54 57
484.5 54 58
486.0 113 134
486.0 113 135
487.5 169 176
487.5 169 177
489.0 46 47
489.0 46 48
490.5 121 143
490.5 121 144
492.0 128 145
492.0 128 146
493.5 9 24
493.5 9 25
495.0 33 56
495.0 33 57
496.5 52 63
496.5 52 64
498.0 157 170
498.0 157 171
499.5 120 121
499.5 120 122
501.0 72 98
501.0 72 99
502.5 165 168
502.5 165 169
504.0 39 54
504.0 39 55
505.5 174 183
505.5 175 176
507.0 72 100
507.0 72 101
508.5 163 184
508.5 163 185
510.0 86 99
510.0 86 100
511.5 45 50
511.5 45 51
513.0 113 144
513.0 113 145
514.5 123 134
514.5 123 135
516.0 157 180
516.0 157 181
517.5 39 56
517.5 39 57
519.0 80 87
519.0 80 88
520.5 45 66
520.5 45 67
522.0 115 142
522.0 115 143
523.5 30 67
523.5 30 68
525.0 68 69
525.0 69 70
526.5 119 124
526.5 119 125
528.0 126 141
528.0 126 142
529.5 118 149
529.5 119 120
531.0 160 179
531.0 160 180
532.5 9 12
532.5 9 13
534.0 94 99
534.0 94 100
535.5 129 138
535.5 129 139
537.0 31 65
537.0 31 66
538.5 119 126
538.5 119 127
540.0 43 60
540.0 43 61
541.5 30 69
541.5 30 70
543.0 169 182
543.0 169 183
544.5 123 130
544.5 123 131
546.0 1 19
546.0 1 20
547.5 122 147
547.5 122 148
549.0 162 163
549.0 162 164
550.5 130 131
550.5 130 132
552.0 159 188
552.0 159 189
553.5 133 138
553.5 133 139
555.0 85 88
555.0 85 89
556.5 108 109
556.5 109 110
558.0 41 61
558.0 41 62
559.5 164 182
559.5 164 183
561.0 77 92
561.0 77 93
562.5 88 97
562.5 88 98
564.0 74 110
564.0 75 76
565.5 156 180
565.5 156 181
567.0 83 104
567.0 83 105
568.5 79 82
568.5 79 83
570.0 7 9
570.0 7 10
571.5 161 181
571.5 161 182
573.0 1 13
573.0 1 14
574.5 4 16
574.5 4 17
576.0 5 18
576.0 5 19
577.5 153 184
577.5 153 185
579.0 74 106
579.0 74 107
580.5 113 142
580.5 113 143
582.0 56 59
582.0 56 60
583.5 127 133
583.5 127 134
585.0 9 22
585.0 9 23
586.5 52 53
586.5 52 54
588.0 118 135
588.0 118 136
589.5 32 66
589.5 32 67
591.0 167 171
591.0 167 172
592.5 135 139
592.5 135 140
594.0 161 171
594.0 161 172
595.5 91 93
595.5 91 94
597.0 163 164
597.0 163 165
598.5 83 96
598.5 83 97
600.0 4 24
600.0 4 25
601.5 169 172
601.5 169 173
603.0 3 8
603.0 3 9
604.5 3 6
604.5 3 7
606.0 144 145
606.0 145 146
607.5 121 131
607.5 121 132
609.0 123 126
609.0 123 127
610.5 44 58
610.5 44 59
612.0 116 138
612.0 116 139
613.5 172 181
613.5 172 182
615.0 88 89
615.0 88 90
616.5 74 108
616.5 74 109
618.0 2 27
618.0 2 28
619.5 6 21
619.5 6 22
621.0 159 176
621.0 159 177
622.5 131 139
622.5 131 140
624.0 94 95
624.0 94 96
625.5 82 91
625.5 82 92
627.0 73 110
627.0 74 75
628.5 51 61
628.5 51 62
630.0 50 51
630.0 50 52
631.5 1 21
631.5 1 22
633.0 81 103
633.0 81 104
634.5 186 187
634.5 187 188
636.0 79 86
636.0 79 87
637.5 188 189
637.5 189 190
639.0 14 19
639.0 14 20
640.5 178 179
640.5 178 180
642.0 42 47
642.0 42 48
643.5 31 67
643.5 31 68
645.0 122 139
645.0 122 140
646.5 159 168
646.5 159 169
648.0 16 21
648.0 16 22
649.5 12 17
649.5 12 18
651.0 3 20
651.0 3 21
652.5 110 111
652.5 110 144
654.0 146 147
654.0 147 148
655.5 123 128
655.5 123 129
657.0 177 180
657.0 177 181
658.5 5 12
658.5 5 13
660.0 134 137
660.0 134 138
661.5 76 94
661.5 76 95
663.0 153 190
663.0 154 155
664.5 118 137
664.5 118 138
666.0 81 87
666.0 81 88
667.5 84 86
667.5 84 87
669.0 117 134
669.0 117 135
670.5 120 125
670.5 120 126
672.0 18 21
672.0 19 20
673.5 112 113
673.5 112 137
675.0 2 25
675.0 2 26
676.5 175 179
676.5 175 180
678.0 43 58
678.0 43 59
679.5 158 179
679.5 158 180
681.0 125 142
681.0 125 143
682.5 125 128
682.5 125 129
684.0 196 197
684.0 197 198
685.5 120 143
685.5 120 144
687.0 124 136
687.0 124 137
688.5 164 166
688.5 164 167
690.0 44 60
690.0 44 61
691.5 42 65
691.5 42 66
693.0 84 98
693.0 84 99
694.5 28 29
694.5 29 30
696.0 48 61
696.0 48 62
697.5 130 137
697.5 130 138
699.0 36 56
699.0 36 57
700.5 80 99
700.5 80 100
702.0 117 146
702.0 117 147
703.5 114 134
703.5 114 135
705.0 127 145
705.0 127 146
706.5 161 173
706.5 161 174
708.0 92 101
708.0 92 102
709.5 162 185
709.5 162 186
711.0 121 123
711.0 121 124
712.5 137 138
712.5 137 139
714.0 3 14
714.0 3 15
715.5 126 131
715.5 126 132
717.0 164 170
717.0 164 171
718.5 121 135
718.5 121 136
720.0 85 100
720.0 85 101
721.5 80 97
721.5 80 98
723.0 135 141
723.0 135 142
724.5 117 132
724.5 117 133
726.0 128 141
726.0 128 142
727.5 155 182
727.5 155 183
729.0 78 87
729.0 78 88
730.5 76 90
730.5 76 91
732.0 10 13
732.0 10 14
733.5 112 146
733.5 112 147
735.0 194 195
735.0 195 196
736.5 37 60
736.5 37 61
738.0 159 186
738.0 159 187
739.5 8 23
739.5 8 24
741.0 17 18
741.0 17 19
742.5 120 139
742.5 120 140
744.0 43 56
744.0 43 57
745.5 126 135
745.5 126 136
747.0 75 100
747.0 75 101
748.5 157 182
748.5 157 183
750.0 92 93
750.0 92 94
751.5 173 178
751.5 173 179
753.0 118 119
753.0 118 124
754.5 113 148
754.5 113 149
756.0 151 183
756.0 151 184
757.5 78 93
757.5 78 94
759.0 150 187
759.0 150 188
760.5 81 97
760.5 81 98
762.0 44 66
762.0 44 67
763.5 111 145
763.5 111 146
765.0 167 183
765.0 167 184
766.5 18 19
766.5 18 20
768.0 119 132
768.0 119 133
769.5 83 86
769.5 83 87
771.0 0 23
771.0 0 24
772.5 160 187
772.5 160 188
774.0 13 22
774.0 13 23
775.5 47 65
775.5 47 66
777.0 40 69
777.0 41 42
778.5 156 188
778.5 156 189
780.0 38 67
780.0 38 68
781.5 84 90
781.5 84 91
783.0 71 105
783.0 71 106
784.5 156 184
784.5 156 185
786.0 39 66
786.0 39 67
787.5 74 98
787.5 74 99
789.0 163 166
789.0 163 167
790.5 71 72
790.5 71 100
792.0 120 129
792.0 120 130
793.5 73 108
793.5 73 109
795.0 156 190
795.0 157 158
796.5 124 146
796.5 124 147
798.0 166 173
798.0 166 174
799.5 47 55
799.5 47 56
801.0 33 58
801.0 33 59
802.5 4 18
802.5 4 19
804.0 190 191
804.0 191 192
805.5 80 81
805.5 80 82
807.0 36 70
807.0 37 38
808.5 123 138
808.5 123 139
810.0 74 100
810.0 74 101
811.5 34 64
811.5 34 65
813.0 160 167
813.0 160 168
814.5 51 59
814.5 51 60
816.0 6 19
816.0 6 20
817.5 113 136
817.5 113 137
819.0 6 13
819.0 6 14
820.5 115 146
820.5 115 147
822.0 117 130
822.0 117 131
823.5 120 137
823.5 120 138
825.0 75 102
825.0 75 103
826.5 12 21
826.5 12 22
828.0 131 133
828.0 131 134
829.5 2 3
829.5 2 4
831.0 46 61
831.0 46 62
832.5 132 139
832.5 132 140
834.0 152 182
834.0 152 183
835.5 110 149
835.5 110 150
837.0 7 21
837.0 7 22
838.5 8 15
838.5 8 16
840.0 118 133
840.0 118 134
841.5 126 127
841.5 126 128
843.0 37 50
843.0 37 51
844.5 88 91
844.5 88 92
846.0 77 106
846.0 77 107
847.5 6 23
847.5 6 24
849.0 78 101
849.0 78 102
850.5 78 99
850.5 78 100
852.0 74 92
852.0 74 93
853.5 9 16
853.5 9 17
855.0 11 21
855.0 11 22
856.5 77 86
856.5 77 87
858.0 33 66
858.0 33 67
859.5 32 60
859.5 32 61
861.0 6 25
861.0 6 26
862.5 37 56
862.5 37 57
864.0 44 52
864.0 44 53
865.5 116 142
865.5 116 143
867.0 22 23
867.0 23 24
868.5 36 62
868.5 36 63
870.0 163 180
870.0 163 181
871.5 128 133
871.5 128 134
873.0 44 54
873.0 44 55
874.5 165 170
874.5 165 171
876.0 6 27
876.0 7 8
877.5 114 136
877.5 114 137
879.0 45 48
879.0 45 49
880.5 154 178
880.5 154 179
882.0 171 183
882.0 171 184
883.5 58 61
883.5 59 60
885.0 119 142
885.0 119 143
886.5 160 171
886.5 160 172
888.0 79 106
888.0 79 107
889.5 155 170
889.5 155 171
891.0 2 5
891.0 2 6
892.5 166 167
892.5 166 168
894.0 152 186
894.0 152 187
895.5 55 57
895.5 55 58
897.0 134 141
897.0 134 142
898.5 42 53
898.5 42 54
900.0 46 49
900.0 46 50
901.5 0 15
901.5 0 16
903.0 0 7
903.0 0 8
904.5 125 126
904.5 125 127
906.0 11 19
906.0 11 20
907.5 116 150
907.5 117 118
909.0 171 181
909.0 171 182
910.5 129 130
910.5 129 131
912.0 83 84
912.0 83 85
913.5 131 143
913.5 131 144
915.0 20 21
915.0 21 22
916.5 115 144
916.5 115 145
918.0 130 139
918.0 130 140
919.5 38 59
919.5 38 60
921.0 162 169
921.0 162 170
922.5 42 67
922.5 42 68
924.0 10 17
924.0 10 18
925.5 86 93
925.5 86 94
927.0 158 173
927.0 158 174
928.5 81 107
928.5 81 108
930.0 82 99
930.0 82 100
931.5 8 25
931.5 8 26
933.0 33 68
933.0 33 69
934.5 32 70
934.5 33 34
936.0 85 90
936.0 85 91
937.5 11 17
937.5 11 18
939.0 126 147
939.0 127 128
940.5 115 134
940.5 115 135
942.0 91 101
942.0 91 102
943.5 164 176
943.5 164 177
945.0 87 99
945.0 87 100
946.5 132 141
946.5 132 142
948.0 76 102
948.0 76 103
949.5 111 149
949.5 111 150
951.0 155 186
951.0 155 187
952.5 4 26
952.5 4 27
954.0 43 46
954.0 43 47
955.5 75 106
955.5 75 107
957.0 78 95
957.0 78 96
958.5 154 190
958.5 155 156
960.0 94 103
960.0 95 96
961.5 11 15
961.5 11 16
963.0 159 170
963.0 159 171
964.5 155 190
964.5 156 157
966.0 93 102
966.0 93 103
967.5 14 21
967.5 14 22
969.0 121 125
969.0 121 126
970.5 38 55
970.5 38 56
972.0 82 97
972.0 82 98
973.5 162 173
973.5 162 174
975.0 54 61
975.0 54 62
976.5 6 11
976.5 6 12
978.0 89 100
978.0 89 101
979.5 2 17
979.5 2 18
981.0 79 92
981.0 79 93
982.5 168 185
982.5 168 186
984.0 43 54
984.0 43 55
985.5 133 134
985.5 133 135
987.0 168 175
987.0 168 176
988.5 38 39
988.5 38 44
990.0 48 59
990.0 48 60
991.5 78 79
991.5 78 84
993.0 86 87
993.0 86 88
994.5 35 56
994.5 35 57
996.0 152 188
996.0 152 189
997.5 115 132
997.5 115 133
999.0 128 131
999.0 128 132
1000.5 48 53
1000.5 48 54
1002.0 8 17
1002.0 8 18
1003.5 81 89
1003.5 81 90
1005.0 8 19
1005.0 8 20
1006.5 76 100
1006.5 76 101
1008.0 129 140
1008.0 129 141
1009.5 93 98
1009.5 93 99
1011.0 87 93
1011.0 87 94
1012.5 120 127
1012.5 120 128
1014.0 157 178
1014.0 157 179
1015.5 166 183
1015.5 166 184
1017.0 40 43
1017.0 40 44
1018.5 164 178
1018.5 164 179
1020.0 116 134
1020.0 116 135
1021.5 132 137
1021.5 132 138
1023.0 82 101
1023.0 82 102
1024.5 123 142
1024.5 123 143
1026.0 121 133
1026.0 121 134
1027.5 122 135
1027.5 122 136
1029.0 116 144
1029.0 116 145
1030.5 43 44
1030.5 43 45
1032.0 39 52
1032.0 39 53
1033.5 10 25
1033.5 11 12
1035.0 9 10
1035.0 9 11
1036.5 32 62
1036.5 32 63
1038.0 30 31
1038.0 30 64
1039.5 84 104
1039.5 84 105
1041.0 129 142
1041.0 129 143
1042.5 41 57
1042.5 41 58
1044.0 36 52
1044.0 36 53
1045.5 119 146
1045.5 119 147
1047.0 36 54
1047.0 36 55
1048.5 166 187
1048.5 167 168
1050.0 171 175
1050.0 171 176
1051.5 83 94
1051.5 83 95
1053.0 58 59
1053.0 58 60
1054.5 90 91
1054.5 90 92
1056.0 165 172
1056.0 165 173
1057.5 124 132
1057.5 124 133
1059.0 52 55
1059.0 52 56
1060.5 127 139
1060.5 127 140
1062.0 161 183
1062.0 161 184
1063.5 112 140
1063.5 112 141
1065.0 150 185
1065.0 150 186
1066.5 45 58
1066.5 45 59
1068.0 35 66
1068.0 35 67
1069.5 38 63
1069.5 38 64
1071.0 38 61
1071.0 38 62
1072.5 2 21
1072.5 2 22
1074.0 160 169
1074.0 160 170
1075.5 140 141
1075.5 141 142
1077.0 38 47
1077.0 38 48
1078.5 163 168
1078.5 163 169
1080.0 112 138
1080.0 112 139
1081.5 114 138
1081.5 114 139
1083.0 79 84
1083.0 79 85
1084.5 163 182
1084.5 163 183
1086.0 76 92
1086.0 76 93
1087.5 155 184
1087.5 155 185
1089.0 0 19
1089.0 0 20
1090.5 45 52
1090.5 45 53
1092.0 80 101
1092.0 80 102
1093.5 34 68
1093.5 34 69
1095.0 164 184
1095.0 164 185
1096.5 32 58
1096.5 32 59
1098.0 46 59
1098.0 46 60
1099.5 119 128
1099.5 119 129
1101.0 97 100
1101.0 97 101
1102.5 55 59
1102.5 55 60
1104.0 37 62
1104.0 37 63
1105.5 154 182
1105.5 154 183
1107.0 8 11
1107.0 8 12
1108.5 162 179
1108.5 162 180
1110.0 170 175
1110.0 170 176
1111.5 13 16
1111.5 13 17
1113.0 17 20
1113.0 17 21
1114.5 87 91
1114.5 87 92
1116.0 158 189
1116.0 159 160
1117.5 124 144
1117.5 124 145
1119.0 88 93
1119.0 88 94
1120.5 36 58
1120.5 36 59
1122.0 116 128
1122.0 116 129
1123.5 57 58
1123.5 57 59
1125.0 37 64
1125.0 37 65
1126.5 71 101
1126.5 71 102
1128.0 161 187
1128.0 161 188
1129.5 176 179
1129.5 176 180
1131.0 81 93
1131.0 81 94
1132.5 100 101
1132.5 101 102
1134.0 153 176
1134.0 153 177
1135.5 97 98
1135.5 97 99
1137.0 159 184
1137.0 159 185
1138.5 159 162
1138.5 159 163
1140.0 154 188
1140.0 154 189
1141.5 49 58
1141.5 49 59
1143.0 7 15
1143.0 7 16
1144.5 120 141
1144.5 120 142
1146.0 6 9
1146.0 6 10
1147.5 34 52
1147.5 34 53
1149.0 45 54
1149.0 45 55
1150.5 0 9
1150.5 0 10
1152.0 78 89
1152.0 78 90
1153.5 125 146
1153.5 125 147
1155.0 40 53
1155.0 40 54
1156.5 158 169
1156.5 158 170
1158.0 152 153
1158.0 152 177
1159.5 54 59
1159.5 54 60
1161.0 128 137
1161.0 128 138
1162.5 167 177
1162.5 167 178
1164.0 4 10
1164.0 4 11
1165.5 134 135
1165.5 134 136
1167.0 115 138
1167.0 115 139
1168.5 86 91
1168.5 86 92
1170.0 85 94
1170.0 85 95
1171.5 165 182
1171.5 165 183
1173.0 96 99
1173.0 96 100
1174.5 35 68
1174.5 35 69
1176.0 5 26
1176.0 5 27
1177.5 84 88
1177.5 84 89
1179.0 9 18
1179.0 9 19
1180.5 164 174
1180.5 164 175
1182.0 119 138
1182.0 119 139
1183.5 0 13
1183.5 0 14
1185.0 89 94
1185.0 89 95
1186.5 77 108
1186.5 77 109
1188.0 71 107
1188.0 71 108
1189.5 91 95
1189.5 91 96
1191.0 136 137
1191.0 136 138
1192.5 91 97
1192.5 91 98
1194.0 80 83
1194.0 80 84
1195.5 87 95
1195.5 87 96
1197.0 0 25
1197.0 0 26
1198.5 3 12
1198.5 3 13
1200.0 7 13
1200.0 7 14
1201.5 62 63
1201.5 63 64
1203.0 0 5
1203.0 0 6
1204.5 112 148
1204.5 112 149
1206.0 46 53
1206.0 46 54
1207.5 171 179
1207.5 171 180
1209.0 130 145
1209.0 131 132
1210.5 72 102
1210.5 72 103
1212.0 2 23
1212.0 2 24
1213.5 158 165
1213.5 158 166
1215.0 160 175
1215.0 160 176
1216.5 48 51
1216.5 48 52
1218.0 75 96
1218.0 75 97
1219.5 122 141
1219.5 122 142
1221.0 60 61
1221.0 61 62
1222.5 90 103
1222.5 90 104
1224.0 64 65
1224.0 65 66
1225.5 153 188
1225.5 153 189
1227.0 52 59
1227.0 52 60
1228.5 43 68
1228.5 44 45
1230.0 53 60
1230.0 53 61
1231.5 162 183
1231.5 162 184
1233.0 178 181
1233.0 179 180
1234.5 4 22
1234.5 4 23
1236.0 125 136
1236.0 125 137
1237.5 76 108
1237.5 76 109
1239.0 116 140
1239.0 116 141
1240.5 39 62
1240.5 39 63
1242.0 75 92
1242.0 75 93
1243.5 119 130
1243.5 119 131
1245.0 31 63
1245.0 31 64
1246.5 122 129
1246.5 122 130
1248.0 118 129
1248.0 118 130
1249.5 118 139
1249.5 118 140
1251.0 168 169
1251.0 168 170
1252.5 42 51
1252.5 42 52
1254.0 117 148
1254.0 117 149
1255.5 44 62
1255.5 44 63
1257.0 157 186
1257.0 157 187
1258.5 125 134
1258.5 125 135
1260.0 172 183
1260.0 172 184
1261.5 86 107
1261.5 87 88
1263.0 165 178
1263.0 165 179
1264.5 167 185
1264.5 167 186
1266.0 77 90
1266.0 77 91
1267.5 5 14
1267.5 5 15
1269.0 154 174
1269.0 154 175
1270.5 16 19
1270.5 16 20
1272.0 90 99
1272.0 90 100
1273.5 119 122
1273.5 119 123
1275.0 166 177
1275.0 166 178
1276.5 162 167
1276.5 162 168
1278.0 75 110
1278.0 76 77
1279.5 34 62
1279.5 34 63
1281.0 41 55
1281.0 41 56
1282.5 169 180
1282.5 169 181
1284.0 84 100
1284.0 84 101
1285.5 90 93
1285.5 90 94
1287.0 153 174
1287.0 153 175
1288.5 113 140
1288.5 113 141
1290.0 125 140
1290.0 125 141
1291.5 9 20
1291.5 9 21
1293.0 184 185
1293.0 185 186
1294.5 127 137
1294.5 127 138
1296.0 126 137
1296.0 126 138
1297.5 160 177
1297.5 160 178
1299.0 72 106
1299.0 72 107
1300.5 157 174
1300.5 157 175
1302.0 161 165
1302.0 161 166
1303.5 43 50
1303.5 43 51
1305.0 156 172
1305.0 156 173
1306.5 159 182
1306.5 159 183
1308.0 39 50
1308.0 39 51
1309.5 90 95
1309.5 90 96
1311.0 72 104
1311.0 72 105
1312.5 42 43
1312.5 42 44
1314.0 161 169
1314.0 161 170
1315.5 14 17
1315.5 14 18
1317.0 80 103
1317.0 80 104
1318.5 92 95
1318.5 92 96
1320.0 121 137
1320.0 121 138
1321.5 85 106
1321.5 85 107
1323.0 44 48
1323.0 44 49
1324.5 122 123
1324.5 122 124
1326.0 170 177
1326.0 170 178
1327.5 115 136
1327.5 115 137
1329.0 57 60
1329.0 57 61
1330.5 94 97
1330.5 94 98
1332.0 4 12
1332.0 4 13
1333.5 157 176
1333.5 157 177
1335.0 120 131
1335.0 120 132
1336.5 50 61
1336.5 50 62
1338.0 46 55
1338.0 46 56
1339.5 115 140
1339.5 115 141
1341.0 136 141
1341.0 136 142
1342.5 0 11
1342.5 0 12
1344.0 53 56
1344.0 53 57
1345.5 5 16
1345.5 5 17
1347.0 3 10
1347.0 3 11
1348.5 88 99
1348.5 88 100
1350.0 39 60
1350.0 39 61
1351.5 83 90
1351.5 83 91
1353.0 38 53
1353.0 38 54
1354.5 116 148
1354.5 116 149
1356.0 53 58
1356.0 53 59
1357.5 164 180
1357.5 164 181
1359.0 5 22
1359.0 5 23
1360.5 7 25
1360.5 7 26
1362.0 37 54
1362.0 37 55
1363.5 132 135
1363.5 132 136
1365.0 6 15
1365.0 6 16
1366.5 159 172
1366.5 159 173
1368.0 14 15
1368.0 14 16
1369.5 115 150
1369.5 116 117
1371.0 53 54
1371.0 53 55
1372.5 3 16
1372.5 3 17
1374.0 132 133
1374.0 132 134
1375.5 43 48
1375.5 43 49
1377.0 124 140
1377.0 124 141
1378.5 118 131
1378.5 118 132
1380.0 3 22
1380.0 3 23
1381.5 46 57
1381.5 46 58
1383.0 12 19
1383.0 12 20
1384.5 119 134
1384.5 119 135
1386.0 117 142
1386.0 117 143
1387.5 47 57
1387.5 47 58
1389.0 164 172
1389.0 164 173
1390.5 36 64
1390.5 36 65
1392.0 150 189
1392.0 150 190
1393.5 151 181
1393.5 151 182
1395.0 7 11
1395.0 7 12
1396.5 50 65
1396.5 51 52
1398.0 155 172
1398.0 155 173
1399.5 44 64
1399.5 44 65
1401.0 172 179
1401.0 172 180
1402.5 71 103
1402.5 71 104
1404.0 51 55
1404.0 51 56
1405.5 49 64
1405.5 49 65
1407.0 121 127
1407.0 121 128
1408.5 123 144
1408.5 123 145
1410.0 85 98
1410.0 85 99
1411.5 124 126
1411.5 124 127
1413.0 166 181
1413.0 166 182
1414.5 6 7
1414.5 6 8
1416.0 138 139
1416.0 138 140
1417.5 35 52
1417.5 35 53
1419.0 170 183
1419.0 170 184
1420.5 116 132
1420.5 116 133
1422.0 42 63
1422.0 42 64
1423.5 79 108
1423.5 79 109
1425.0 192 193
1425.0 193 194
1426.5 167 173
1426.5 167 174
1428.0 3 4
1428.0 3 5
1429.5 127 141
1429.5 127 142
1431.0 114 148
1431.0 114 149
1432.5 70 71
1432.5 70 104
1434.0 120 123
1434.0 120 124
1435.5 48 57
1435.5 48 58
1437.0 128 139
1437.0 128 140
1438.5 157 188
1438.5 157 189
1440.0 2 19
1440.0 2 20
1441.5 160 173
1441.5 160 174
1443.0 9 14
1443.0 9 15
1444.5 16 17
1444.5 16 18
1446.0 39 68
1446.0 39 69
1447.5 174 177
1447.5 174 178
1449.0 90 105
1449.0 91 92
1450.5 122 127
1450.5 122 128
1452.0 130 141
1452.0 130 142
1453.5 129 134
1453.5 129 135
1455.0 1 11
1455.0 1 12
1456.5 35 64
1456.5 35 65
1458.0 175 181
1458.0 175 182
1459.5 156 178
1459.5 156 179
1461.0 44 46
1461.0 44 47
1462.5 166 171
1462.5 166 172
1464.0 39 44
1464.0 39 45
1465.5 162 181
1465.5 162 182
1467.0 151 189
1467.0 151 190
1468.5 30 65
1468.5 30 66
1470.0 35 60
1470.0 35 61
1471.5 122 137
1471.5 122 138
1473.0 44 50
1473.0 44 51
1474.5 43 52
1474.5 43 53
1476.0 32 64
1476.0 32 65
1477.5 47 53
1477.5 47 54
1479.0 35 54
1479.0 35 55
1480.5 93 100
1480.5 93 101
1482.0 115 130
1482.0 115 131
1483.5 10 15
1483.5 10 16
1485.0 37 68
1485.0 37 69
1486.5 79 96
1486.5 79 97
1488.0 71 109
1488.0 71 110
1489.5 31 32
1489.5 31 60
1491.0 85 96
1491.0 85 97
1492.5 39 46
1492.5 39 47
1494.0 45 60
1494.0 45 61
1495.5 155 176
1495.5 155 177
1497.0 13 18
1497.0 13 19
1498.5 49 60
1498.5 49 61
1500.0 5 6
1500.0 5 7
1501.5 0 27
1501.5 0 28
1503.0 38 69
1503.0 39 40
1504.5 168 171
1504.5 168 172
1506.0 1 7
1506.0 1 8
1507.5 174 181
1507.5 174 182
1509.0 3 18
1509.0 3 19
1510.5 82 89
1510.5 82 90
1512.0 0 29
1512.0 1 2
1513.5 43 64
1513.5 43 65
1515.0 120 145
1515.0 120 146
1516.5 50 57
1516.5 50 58
1518.0 114 132
1518.0 114 133
1519.5 51 63
1519.5 51 64
1521.0 156 176
1521.0 156 177
1522.5 123 132
1522.5 123 133
1524.0 77 98
1524.0 77 99
1525.5 95 99
1525.5 95 100
1527.0 82 103
1527.0 82 104
1528.5 116 130
1528.5 116 131
1530.0 166 179
1530.0 166 180
1531.5 4 20
1531.5 4 21
1533.0 159 164
1533.0 159 165
1534.5 10 11
1534.5 10 12
1536.0 49 54
1536.0 49 55
1537.5 119 140
1537.5 119 141
1539.0 53 62
1539.0 53 63
1540.5 89 92
1540.5 89 93
1542.0 111 141
1542.0 111 142
1543.5 129 144
1543.5 129 145
1545.0 162 187
1545.0 162 188
1546.5 160 189
1546.5 161 162
1548.0 35 58
1548.0 35 59
1549.5 119 148
1549.5 119 149
1551.0 38 45
1551.0 38 46
1552.5 168 177
1552.5 168 178
1554.0 40 63
1554.0 40 64
1555.5 36 66
1555.5 36 67
1557.0 167 169
1557.0 167 170
1558.5 82 87
1558.5 82 88
1560.0 177 178
1560.0 177 179
1561.5 127 143
1561.5 127 144
1563.0 158 171
1563.0 158 172
1564.5 164 168
1564.5 164 169
1566.0 38 57
1566.0 38 58
1567.5 120 149
1567.5 121 122
1569.0 84 106
1569.0 84 107
1570.5 78 103
1570.5 78 104
1572.0 32 68
1572.0 32 69
1573.5 1 3
1573.5 1 4
1575.0 86 101
1575.0 86 102
1576.5 170 173
1576.5 170 174
1578.0 156 170
1578.0 156 171
1579.5 93 94
1579.5 93 95
1581.0 77 104
1581.0 77 105
1582.5 96 97
1582.5 96 98
1584.0 55 61
1584.0 55 62
1585.5 74 96
1585.5 74 97
1587.0 75 94
1587.0 75 95
1588.5 173 182
1588.5 173 183
1590.0 126 145
1590.0 126 146
1591.5 81 83
1591.5 81 84
1593.0 89 96
1593.0 89 97
1594.5 8 21
1594.5 8 22
1596.0 116 146
1596.0 116 147
1597.5 126 133
1597.5 126 134
1599.0 50 53
1599.0 50 54
1600.5 168 183
1600.5 168 184
1602.0 45 56
1602.0 45 57
1603.5 54 55
1603.5 54 56
1605.0 76 110
1605.0 77 78
1606.5 38 51
1606.5 38 52
1608.0 158 175
1608.0 158 176
1609.5 78 107
1609.5 78 108
1611.0 166 175
1611.0 166 176
1612.5 118 145
1612.5 118 146
1614.0 13 20
1614.0 13 21
1615.5 89 102
1615.5 89 103
1617.0 44 56
1617.0 44 57
1618.5 104 105
1618.5 105 106
1620.0 42 59
1620.0 42 60
1621.5 79 100
1621.5 79 101
1623.0 176 177
1623.0 176 178
1624.5 160 185
1624.5 160 186
1626.0 0 3
1626.0 0 4
1627.5 40 49
1627.5 40 50
1629.0 158 187
1629.0 158 188
1630.5 172 177
1630.5 172 178
1632.0 75 98
1632.0 75 99
1633.5 176 181
1633.5 176 182
1635.0 161 179
1635.0 161 180
1636.5 154 184
1636.5 154 185
1638.0 122 143
1638.0 122 144
1639.5 72 108
1639.5 72 109
1641.0 114 146
1641.0 114 147
1642.5 8 13
1642.5 8 14
1644.0 154 180
1644.0 154 181
1645.5 42 55
1645.5 42 56
1647.0 33 62
1647.0 33 63
1648.5 121 139
1648.5 121 140
1650.0 49 52
1650.0 49 53
1651.5 1 25
1651.5 1 26
1653.0 173 174
1653.0 173 175
1654.5 157 166
1654.5 157 167
1656.0 111 147
1656.0 111 148
1657.5 6 17
1657.5 6 18
1659.0 162 177
1659.0 162 178
1660.5 159 178
1660.5 159 179
1662.0 129 136
1662.0 129 137
1663.5 158 185
1663.5 158 186
1665.0 40 61
1665.0 40 62
1666.5 81 95
1666.5 81 96
1668.0 153 182
1668.0 153 183
1669.5 161 163
1669.5 161 164
1671.0 170 185
1671.0 171 172
1672.5 131 137
1672.5 131 138
1674.0 122 131
1674.0 122 132
1675.5 83 98
1675.5 83 99
1677.0 79 102
1677.0 79 103
1678.5 87 103
1678.5 87 104
1680.0 153 178
1680.0 153 179
1681.5 37 66
1681.5 37 67
1683.0 118 147
1683.0 118 148
1684.5 77 88
1684.5 77 89
1686.0 48 55
1686.0 48 56
1687.5 72 73
1687.5 72 97
1689.0 33 60
1689.0 33 61
1690.5 40 59
1690.5 40 60
1692.0 92 103
1692.0 92 104
1693.5 11 23
1693.5 11 24
1695.0 160 165
1695.0 160 166
1696.5 165 174
1696.5 165 175
1698.0 198 199
1699.5 161 175
1699.5 161 176
1701.0 37 48
1701.0 37 49
1702.5 83 108
1702.5 84 85
1704.0 38 65
1704.0 38 66
1705.5 180 181
1705.5 181 182
1707.0 80 95
1707.0 80 96
1708.5 66 67
1708.5 67 68
1710.0 121 141
1710.0 121 142
1711.5 35 50
1711.5 35 51
1713.0 48 63
1713.0 48 64
1714.5 159 166
1714.5 159 167
1716.0 121 147
1716.0 121 148
1717.5 4 14
1717.5 4 15
1719.0 170 179
1719.0 170 180
1720.5 95 97
1720.5 95 98
1722.0 130 133
1722.0 130 134
1723.5 87 105
1723.5 87 106
1725.0 159 174
1725.0 159 175
1726.5 47 51
1726.5 47 52
1728.0 32 33
1728.0 32 57
1729.5 126 129
1729.5 126 130
1731.0 111 143
1731.0 111 144
1732.5 154 186
1732.5 154 187
1734.0 163 188
1734.0 164 165
1735.5 118 127
1735.5 118 128
1737.0 142 143
1737.0 143 144
1738.5 33 70
1738.5 34 35
1740.0 45 64
1740.0 45 65
1741.5 45 62
1741.5 45 63
1743.0 155 188
1743.0 155 189
1744.5 41 53
1744.5 41 54
1746.0 156 186
1746.0 156 187
1747.5 85 104
1747.5 85 105
1749.0 113 138
1749.0 113 139
1750.5 86 105
1750.5 86 106
1752.0 14 23
1752.0 15 16
1753.5 111 112
1753.5 111 140
1755.0 4 8
1755.0 4 9
1756.5 85 86
1756.5 85 87
1758.0 81 105
1758.0 81 106
1759.5 2 9
1759.5 2 10
1761.0 164 186
1761.0 164 187
1762.5 81 99
1762.5 81 100
1764.0 95 101
1764.0 95 102
1765.5 73 102
1765.5 73 103
1767.0 121 129
1767.0 121 130
1768.5 91 99
1768.5 91 100
1770.0 171 173
1770.0 171 174
1771.5 2 11
1771.5 2 12
1773.0 120 133
1773.0 120 134
1774.5 36 60
1774.5 36 61
1776.0 80 107
1776.0 80 108
1777.5 160 183
1777.5 160 184
1779.0 133 142
1779.0 133 143
1780.5 83 106
1780.5 83 107
1782.0 40 65
1782.0 40 66
1783.5 78 105
1783.5 78 106
1785.0 125 130
1785.0 125 131
1786.5 86 89
1786.5 86 90
1788.0 50 63
1788.0 50 64
1789.5 2 15
1789.5 2 16
1791.0 80 93
1791.0 80 94
