0 76 78
0 76 79
1.5 93 97
1.5 93 98
3.0 29 65
3.0 29 66
4.5 105 112
4.5 105 113
6.0 29 48
6.0 29 49
7.5 130 132
7.5 130 133
9.0 181 188
9.0 181 189
10.5 169 172
10.5 169 173
12.0 122 157
12.0 122 158
13.5 143 152
13.5 143 153
15.0 120 152
15.0 120 153
16.5 38 43
16.5 38 44
18.0 127 140
18.0 127 156
19.5 21 26
19.5 21 27
21.0 159 160
21.0 159 161
22.5 51 72
22.5 51 73
24.0 103 109
24.0 103 110
25.5 32 69
25.5 32 70
27.0 68 70
27.0 68 71
28.5 143 162
28.5 143 163
30.0 14 21
30.0 14 22
31.5 36 45
31.5 36 46
33.0 198 199
34.5 14 27
34.5 15 16
36.0 31 49
36.0 31 50
37.5 29 34
37.5 29 35
39.0 146 153
39.0 146 154
40.5 119 138
40.5 119 139
42.0 147 152
42.0 147 153
43.5 184 199
43.5 185 186
45.0 71 72
45.0 72 73
46.5 91 95
46.5 91 96
48.0 128 138
48.0 128 139
49.5 22 23
49.5 22 24
51.0 28 73
51.0 28 74
52.5 133 134
52.5 133 135
54.0 35 47
54.0 35 48
55.5 37 73
55.5 38 39
57.0 74 83
57.0 74 84
58.5 89 100
58.5 89 101
60.0 156 157
60.0 156 158
61.5 88 93
61.5 88 94
63.0 129 135
63.0 129 136
64.5 50 51
64.5 50 65
66.0 155 156
66.0 155 159
67.5 96 97
67.5 96 98
69.0 137 138
69.0 138 139
70.5 167 176
70.5 167 177
72.0 180 198
72.0 180 199
73.5 141 158
73.5 141 159
75.0 99 100
75.0 100 101
76.5 148 154
76.5 149 150
78.0 28 102
78.0 28 118
79.5 126 136
79.5 126 137
81.0 172 176
81.0 172 177
82.5 105 106
82.5 105 107
84.0 126 140
84.0 126 155
85.5 52 71
85.5 52 72
87.0 180 189
87.0 180 190
88.5 110 118
88.5 111 112
90.0 82 86
90.0 83 84
91.5 2 6
91.5 2 7
93.0 28 29
93.0 28 32
94.5 12 26
94.5 12 27
96.0 30 48
96.0 30 49
97.5 120 160
97.5 120 161
99.0 39 45
99.0 39 46
100.5 132 134
100.5 132 135
102.0 119 158
102.0 119 159
103.5 193 196
103.5 193 197
105.0 102 116
105.0 102 117
106.5 191 199
106.5 192 193
108.0 37 69
108.0 37 70
109.5 34 50
109.5 34 66
111.0 175 177
111.0 175 178
112.5 104 111
112.5 104 112
114.0 173 174
114.0 173 175
115.5 11 26
115.5 11 27
117.0 181 184
117.0 181 185
118.5 11 12
118.5 11 23
120.0 64 65
120.0 65 66
121.5 91 99
121.5 91 100
123.0 190 199
123.0 191 192
124.5 142 159
124.5 142 160
126.0 121 124
126.0 121 125
127.5 185 197
127.5 185 198
129.0 105 118
129.0 106 107
130.5 181 195
130.5 181 196
132.0 145 160
132.0 145 161
133.5 182 184
133.5 182 185
135.0 17 22
135.0 17 23
136.5 169 170
136.5 169 171
138.0 105 108
138.0 105 109
139.5 124 139
139.5 124 140
141.0 58 66
141.0 58 71
142.5 76 86
142.5 76 87
144.0 120 140
144.0 120 141
145.5 14 25
145.5 14 26
147.0 120 164
147.0 120 180
148.5 107 113
148.5 107 114
150.0 165 169
150.0 165 170
151.5 165 177
151.5 165 178
153.0 30 44
153.0 30 45
154.5 152 153
154.5 153 154
156.0 124 162
156.0 124 163
157.5 0 3
157.5 0 4
159.0 118 180
159.0 119 120
160.5 26 27
160.5 27 28
162.0 185 199
162.0 186 187
163.5 195 196
163.5 195 197
165.0 55 72
165.0 55 73
166.5 29 52
166.5 29 53
168.0 30 70
168.0 30 71
169.5 119 152
169.5 119 153
171.0 66 73
171.0 67 68
172.5 85 86
172.5 86 87
174.0 183 187
174.0 183 188
175.5 40 47
175.5 41 42
177.0 103 107
177.0 103 108
178.5 168 170
178.5 168 171
180.0 56 67
180.0 56 68
181.5 13 24
181.5 13 25
183.0 143 156
183.0 143 157
184.5 147 148
184.5 147 149
186.0 179 180
186.0 180 181
187.5 54 55
187.5 54 63
189.0 127 159
189.0 127 160
190.5 16 24
190.5 16 25
192.0 13 14
192.0 13 15
193.5 12 20
193.5 12 21
195.0 180 196
195.0 180 197
196.5 107 111
196.5 107 112
198.0 58 64
198.0 58 65
199.5 0 9
199.5 0 10
201.0 17 24
201.0 17 25
202.5 34 73
202.5 35 36
204.0 119 160
204.0 119 161
205.5 125 138
205.5 125 139
207.0 95 96
207.0 95 97
208.5 34 69
208.5 34 70
210.0 28 37
210.0 28 38
211.5 29 118
211.5 30 31
213.0 32 46
213.0 32 47
214.5 21 22
214.5 21 23
216.0 167 174
216.0 167 175
217.5 147 150
217.5 147 151
219.0 114 118
219.0 115 116
220.5 140 154
220.5 140 155
222.0 160 162
222.0 161 162
223.5 121 163
223.5 122 123
225.0 165 179
225.0 165 180
226.5 106 116
226.5 106 117
228.0 59 62
228.0 59 63
229.5 50 66
229.5 50 67
231.0 89 102
231.0 90 91
232.5 122 153
232.5 122 154
234.0 162 163
234.0 163 164
235.5 70 71
235.5 70 72
237.0 127 161
237.0 127 162
238.5 167 172
238.5 167 173
240.0 84 85
240.0 84 86
241.5 128 134
241.5 128 135
243.0 147 163
243.0 148 149
244.5 75 83
244.5 75 84
246.0 109 116
246.0 109 117
247.5 194 195
247.5 194 196
249.0 121 122
249.0 121 123
250.5 38 72
250.5 38 73
252.0 77 80
252.0 77 81
253.5 126 127
253.5 126 135
255.0 94 96
255.0 94 97
256.5 29 87
256.5 29 102
258.0 3 6
258.0 3 7
259.5 187 197
259.5 187 198
261.0 122 140
261.0 122 141
262.5 191 197
262.5 191 198
264.0 118 164
264.0 118 179
265.5 27 102
265.5 27 118
267.0 103 113
267.0 103 114
268.5 42 45
268.5 43 44
270.0 183 189
270.0 183 196
271.5 123 162
271.5 123 163
273.0 31 70
273.0 31 71
274.5 34 48
274.5 34 49
276.0 145 146
276.0 145 151
277.5 181 197
277.5 181 198
279.0 129 133
279.0 129 134
280.5 29 30
280.5 29 31
282.0 33 72
282.0 33 73
283.5 125 162
283.5 125 163
285.0 52 65
285.0 52 66
286.5 28 69
286.5 28 70
288.0 144 160
288.0 144 161
289.5 30 72
289.5 30 73
291.0 184 197
291.0 184 198
292.5 75 81
292.5 75 82
294.0 29 67
294.0 29 68
295.5 124 137
295.5 124 138
297.0 53 72
297.0 53 73
298.5 128 163
298.5 129 130
300.0 93 101
300.0 94 95
301.5 58 72
301.5 58 73
303.0 29 44
303.0 29 45
304.5 35 68
304.5 35 69
306.0 109 110
306.0 109 111
307.5 144 145
307.5 144 151
309.0 94 98
309.0 94 99
310.5 126 138
310.5 126 139
312.0 164 180
312.0 165 166
313.5 182 188
313.5 182 189
315.0 80 84
315.0 80 85
316.5 112 113
316.5 112 114
318.0 119 162
318.0 119 163
319.5 88 97
319.5 88 98
321.0 124 158
321.0 124 159
322.5 187 199
322.5 188 189
324.0 167 180
324.0 168 169
325.5 146 160
325.5 146 161
327.0 29 32
327.0 29 33
328.5 129 163
328.5 130 131
330.0 104 113
330.0 104 114
331.5 42 43
331.5 42 44
333.0 69 71
333.0 69 72
334.5 108 115
334.5 108 116
336.0 181 199
336.0 182 183
337.5 118 160
337.5 118 161
339.0 102 118
339.0 103 104
340.5 31 37
340.5 31 44
342.0 30 68
342.0 30 69
343.5 36 72
343.5 36 73
345.0 122 138
345.0 122 139
346.5 119 123
346.5 119 124
348.0 112 117
348.0 112 118
349.5 90 102
349.5 91 92
351.0 57 61
351.0 57 62
352.5 171 179
352.5 172 173
354.0 22 25
354.0 22 26
355.5 28 87
355.5 28 101
357.0 146 162
357.0 146 163
358.5 111 113
358.5 111 114
360.0 146 155
360.0 146 156
361.5 1 9
361.5 1 10
363.0 119 129
363.0 119 133
364.5 37 38
364.5 37 43
366.0 193 198
366.0 193 199
367.5 34 46
367.5 34 47
369.0 2 8
369.0 2 9
370.5 75 79
370.5 75 80
372.0 108 111
372.0 108 112
373.5 43 45
373.5 44 45
375.0 33 48
375.0 33 49
376.5 37 44
376.5 37 45
378.0 15 17
378.0 15 18
379.5 56 73
379.5 57 58
381.0 48 71
381.0 48 72
382.5 83 85
382.5 83 86
384.0 144 158
384.0 144 159
385.5 102 114
385.5 102 115
387.0 157 161
387.0 157 162
388.5 81 86
388.5 82 83
390.0 68 72
390.0 69 70
391.5 81 82
391.5 81 83
393.0 174 177
393.0 174 178
394.5 37 46
394.5 37 47
396.0 36 68
396.0 36 69
397.5 13 22
397.5 13 23
399.0 32 33
399.0 32 34
400.5 33 68
400.5 33 69
402.0 121 141
402.0 121 142
403.5 174 175
403.5 174 176
405.0 146 158
405.0 146 159
406.5 125 136
406.5 125 137
408.0 92 101
408.0 93 94
409.5 194 197
409.5 194 198
411.0 77 78
411.0 77 79
412.5 87 101
412.5 87 102
414.0 4 9
414.0 4 10
415.5 17 20
415.5 17 21
417.0 124 135
417.0 124 136
418.5 107 109
418.5 107 110
420.0 139 159
420.0 139 160
421.5 53 64
421.5 53 65
423.0 58 62
423.0 58 63
424.5 108 113
424.5 108 114
426.0 2 4
426.0 2 5
427.5 174 179
427.5 175 176
429.0 40 43
429.0 40 44
430.5 120 128
430.5 120 129
432.0 105 114
432.0 105 115
433.5 120 156
433.5 120 157
435.0 17 18
435.0 17 19
436.5 110 116
436.5 110 117
438.0 35 66
438.0 35 67
439.5 181 182
439.5 181 183
441.0 166 175
441.0 166 176
442.5 125 158
442.5 125 159
444.0 186 197
444.0 186 198
445.5 131 133
445.5 131 134
447.0 176 178
447.0 176 179
448.5 108 109
448.5 108 110
450.0 192 194
450.0 192 195
451.5 110 112
451.5 110 113
453.0 4 7
453.0 4 8
454.5 121 137
454.5 121 138
456.0 154 162
456.0 154 163
457.5 143 158
457.5 143 159
459.0 106 108
459.0 106 109
460.5 135 136
460.5 136 137
462.0 0 11
462.0 1 2
463.5 143 160
463.5 143 161
465.0 96 101
465.0 97 98
466.5 30 32
466.5 30 33
468.0 165 173
468.0 165 174
469.5 30 36
469.5 30 37
471.0 3 10
471.0 3 11
472.5 90 94
472.5 90 95
474.0 119 125
474.0 119 126
475.5 16 18
475.5 16 19
477.0 166 169
477.0 166 170
478.5 156 163
478.5 157 158
480.0 170 177
480.0 170 178
481.5 17 26
481.5 17 27
483.0 57 73
483.0 58 59
484.5 53 68
484.5 53 69
486.0 122 126
486.0 122 127
487.5 95 98
487.5 95 99
489.0 119 154
489.0 119 155
490.5 76 84
490.5 76 85
492.0 60 61
492.0 60 62
493.5 144 156
493.5 144 157
495.0 182 190
495.0 182 196
496.5 67 69
496.5 67 70
498.0 91 101
498.0 91 102
499.5 55 64
499.5 55 65
501.0 23 27
501.0 24 25
502.5 125 156
502.5 125 157
504.0 67 73
504.0 68 69
505.5 39 40
505.5 39 42
507.0 148 152
507.0 148 153
508.5 54 66
508.5 54 67
510.0 19 27
510.0 20 21
511.5 89 94
511.5 89 95
513.0 169 174
513.0 169 175
514.5 113 116
514.5 113 117
516.0 28 65
516.0 28 66
517.5 49 72
517.5 49 73
519.0 120 154
519.0 120 155
520.5 35 70
520.5 35 71
522.0 55 68
522.0 55 69
523.5 144 152
523.5 144 153
525.0 39 43
525.0 39 44
526.5 139 161
526.5 139 162
528.0 56 69
528.0 56 70
529.5 79 83
529.5 79 84
531.0 50 72
531.0 50 73
532.5 59 64
532.5 59 65
534.0 145 158
534.0 145 159
535.5 32 35
535.5 32 36
537.0 78 83
537.0 78 84
538.5 57 71
538.5 57 72
540.0 54 72
540.0 54 73
541.5 30 74
541.5 31 32
543.0 120 126
543.0 120 127
544.5 123 154
544.5 123 155
546.0 94 100
546.0 94 101
547.5 104 107
547.5 104 108
549.0 183 185
549.0 183 186
550.5 181 190
550.5 181 191
552.0 192 196
552.0 192 197
553.5 31 33
553.5 31 34
555.0 28 71
555.0 28 72
556.5 190 197
556.5 190 198
558.0 33 35
558.0 33 45
559.5 56 57
559.5 56 62
561.0 16 20
561.0 16 21
562.5 127 136
562.5 127 137
564.0 90 98
564.0 90 99
565.5 29 69
565.5 29 70
567.0 121 157
567.0 121 158
568.5 120 158
568.5 120 159
570.0 90 92
570.0 90 93
571.5 38 45
571.5 38 46
573.0 126 160
573.0 126 161
574.5 123 140
574.5 123 141
576.0 15 23
576.0 15 24
577.5 119 134
577.5 119 135
579.0 12 13
579.0 12 15
580.5 123 160
580.5 123 161
582.0 125 140
582.0 125 155
583.5 119 127
583.5 119 128
585.0 75 87
585.0 76 77
586.5 103 105
586.5 103 106
588.0 149 151
588.0 149 152
589.5 119 142
589.5 119 143
591.0 53 66
591.0 53 67
592.5 30 52
592.5 30 53
594.0 1 7
594.0 1 8
595.5 184 188
595.5 184 189
597.0 118 162
597.0 118 163
598.5 28 63
598.5 28 64
600.0 164 170
600.0 164 171
601.5 154 155
601.5 154 161
603.0 147 161
603.0 147 162
604.5 75 85
604.5 75 86
606.0 49 70
606.0 49 71
607.5 79 85
607.5 79 86
609.0 129 137
609.0 129 138
610.5 142 163
610.5 143 144
612.0 145 152
612.0 145 153
613.5 28 35
613.5 28 36
615.0 88 95
615.0 88 96
616.5 33 70
616.5 33 71
618.0 76 80
618.0 76 81
619.5 89 98
619.5 89 99
621.0 31 66
621.0 31 67
622.5 56 71
622.5 56 72
624.0 164 176
624.0 164 177
625.5 125 160
625.5 125 161
627.0 18 23
627.0 18 24
628.5 12 24
628.5 12 25
630.0 166 171
630.0 166 172
631.5 91 93
631.5 91 94
633.0 60 63
633.0 60 64
634.5 5 10
634.5 6 7
636.0 56 65
636.0 56 66
637.5 163 180
637.5 164 165
639.0 142 143
639.0 142 152
640.5 170 179
640.5 171 172
642.0 89 90
642.0 89 91
643.5 7 9
643.5 7 10
645.0 30 66
645.0 30 67
646.5 130 138
646.5 131 132
648.0 47 48
648.0 48 49
649.5 54 70
649.5 54 71
651.0 147 154
651.0 147 155
652.5 126 156
652.5 126 157
654.0 90 96
654.0 90 97
655.5 48 73
655.5 49 50
657.0 122 163
657.0 123 124
658.5 121 126
658.5 121 127
660.0 37 71
660.0 37 72
661.5 1 3
661.5 1 4
663.0 31 35
663.0 31 36
664.5 121 159
664.5 121 160
666.0 168 174
666.0 168 175
667.5 159 162
667.5 160 161
669.0 150 152
669.0 151 152
670.5 103 117
670.5 103 118
672.0 171 177
672.0 171 178
673.5 14 19
673.5 14 20
675.0 32 50
675.0 32 51
676.5 123 125
676.5 123 126
678.0 30 64
678.0 30 65
679.5 180 187
679.5 180 188
681.0 2 10
681.0 2 11
682.5 81 84
682.5 81 85
684.0 193 194
684.0 193 195
685.5 138 163
685.5 139 140
687.0 97 101
687.0 98 99
688.5 133 136
688.5 134 135
690.0 55 70
690.0 55 71
691.5 79 81
691.5 79 82
693.0 92 99
693.0 92 100
694.5 15 21
694.5 15 22
696.0 28 53
696.0 28 54
697.5 170 173
697.5 170 174
699.0 34 35
699.0 34 45
700.5 127 163
700.5 128 129
702.0 91 97
702.0 91 98
703.5 87 118
703.5 88 89
705.0 14 23
705.0 14 24
706.5 36 47
706.5 36 48
708.0 14 17
708.0 14 18
709.5 30 34
709.5 30 35
711.0 19 25
711.0 19 26
712.5 185 187
712.5 185 188
714.0 125 126
714.0 125 135
715.5 196 197
715.5 197 198
717.0 15 25
717.0 15 26
718.5 74 87
718.5 74 102
720.0 113 118
720.0 114 115
721.5 6 10
721.5 7 8
723.0 0 7
723.0 0 8
724.5 105 110
724.5 105 111
726.0 168 178
726.0 168 179
727.5 98 100
727.5 98 101
729.0 140 158
729.0 140 159
730.5 29 46
730.5 29 47
732.0 28 47
732.0 28 48
733.5 129 139
733.5 129 162
735.0 173 176
735.0 173 177
736.5 57 63
736.5 57 64
738.0 6 8
738.0 6 9
739.5 165 167
739.5 165 168
741.0 34 71
741.0 34 72
742.5 35 45
742.5 35 46
744.0 102 112
744.0 102 113
745.5 121 161
745.5 121 162
747.0 140 160
747.0 140 161
748.5 105 116
748.5 105 117
750.0 33 66
750.0 33 67
751.5 167 168
751.5 167 169
753.0 183 199
753.0 184 185
754.5 49 68
754.5 49 69
756.0 106 118
756.0 107 108
757.5 122 155
757.5 122 156
759.0 80 82
759.0 80 83
760.5 28 45
760.5 28 46
762.0 34 67
762.0 34 68
763.5 4 5
763.5 4 6
765.0 51 52
765.0 51 65
766.5 28 67
766.5 28 68
768.0 180 191
768.0 180 195
769.5 21 24
769.5 21 25
771.0 126 158
771.0 126 159
772.5 119 136
772.5 119 137
774.0 103 115
774.0 103 116
775.5 182 199
775.5 183 184
777.0 55 56
777.0 55 63
778.5 56 63
778.5 56 64
780.0 139 157
780.0 139 158
781.5 92 97
781.5 92 98
783.0 18 19
783.0 18 20
784.5 149 153
784.5 150 151
786.0 166 179
786.0 166 180
787.5 27 87
787.5 27 101
789.0 169 178
789.0 169 179
790.5 3 8
790.5 3 9
792.0 139 163
792.0 140 141
793.5 14 15
793.5 14 16
795.0 119 156
795.0 119 157
796.5 50 68
796.5 50 69
798.0 115 117
798.0 116 117
799.5 145 154
799.5 145 155
801.0 104 109
801.0 104 110
802.5 120 124
802.5 120 125
804.0 128 161
804.0 128 162
805.5 155 160
805.5 155 161
807.0 3 4
807.0 3 5
808.5 168 172
808.5 168 173
810.0 31 72
810.0 31 73
811.5 127 128
811.5 127 135
813.0 140 156
813.0 140 157
814.5 61 62
814.5 61 63
816.0 107 115
816.0 107 116
817.5 33 46
817.5 33 47
819.0 40 41
819.0 40 42
820.5 166 173
820.5 166 174
822.0 35 49
822.0 35 50
823.5 32 65
823.5 32 66
825.0 12 18
825.0 12 19
826.5 124 125
826.5 124 126
828.0 89 96
828.0 89 97
829.5 35 72
829.5 35 73
831.0 31 64
831.0 31 65
832.5 27 73
832.5 27 74
834.0 95 100
834.0 95 101
835.5 102 110
835.5 102 111
837.0 50 70
837.0 50 71
838.5 8 9
838.5 8 10
840.0 76 82
840.0 76 83
841.5 57 69
841.5 57 70
843.0 122 159
843.0 122 160
844.5 90 100
844.5 90 101
846.0 120 122
846.0 120 123
847.5 188 197
847.5 188 198
849.0 15 19
849.0 15 20
850.5 41 43
850.5 41 44
852.0 53 70
852.0 53 71
853.5 33 50
853.5 33 65
855.0 77 86
855.0 77 87
856.5 77 84
856.5 77 85
858.0 144 162
858.0 144 163
859.5 88 101
859.5 88 102
861.0 192 198
861.0 192 199
862.5 121 135
862.5 121 136
864.0 171 173
864.0 171 174
865.5 31 68
865.5 31 69
867.0 157 159
867.0 157 160
868.5 20 26
868.5 20 27
870.0 32 44
870.0 32 45
871.5 13 20
871.5 13 21
873.0 157 163
873.0 158 159
874.5 190 191
874.5 190 196
876.0 75 77
876.0 75 78
877.5 19 23
877.5 19 24
879.0 141 156
879.0 141 157
880.5 29 71
880.5 29 72
882.0 175 179
882.0 176 177
883.5 82 84
883.5 82 85
885.0 167 178
885.0 167 179
886.5 58 60
886.5 58 61
888.0 73 74
888.0 74 75
889.5 13 18
889.5 13 19
891.0 145 162
891.0 145 163
892.5 74 118
892.5 75 76
894.0 54 68
894.0 54 69
895.5 51 66
895.5 51 67
897.0 92 93
897.0 92 94
898.5 77 82
898.5 77 83
900.0 117 118
900.0 118 119
901.5 122 124
901.5 122 125
903.0 170 171
903.0 170 172
904.5 121 128
904.5 121 134
906.0 167 170
906.0 167 171
907.5 37 48
907.5 37 49
909.0 142 157
909.0 142 158
910.5 51 68
910.5 51 69
912.0 108 117
912.0 108 118
913.5 104 105
913.5 104 106
915.0 52 53
915.0 52 64
916.5 182 186
916.5 182 187
918.0 20 22
918.0 20 23
919.5 122 161
919.5 122 162
921.0 183 197
921.0 183 198
922.5 104 115
922.5 104 116
924.0 52 73
924.0 53 54
925.5 103 111
925.5 103 112
927.0 173 178
927.0 173 179
928.5 87 88
928.5 87 100
930.0 29 50
930.0 29 51
931.5 186 199
931.5 187 188
933.0 19 21
933.0 19 22
934.5 79 87
934.5 80 81
936.0 1 11
936.0 2 3
937.5 122 128
937.5 122 135
939.0 88 99
939.0 88 100
940.5 132 136
940.5 132 137
942.0 18 25
942.0 18 26
943.5 156 161
943.5 156 162
945.0 171 175
945.0 171 176
946.5 114 116
946.5 114 117
948.0 119 180
948.0 120 121
949.5 36 49
949.5 36 67
951.0 36 37
951.0 36 44
952.5 59 60
952.5 59 61
954.0 0 1
954.0 0 2
955.5 142 161
955.5 142 162
957.0 32 71
957.0 32 72
958.5 57 67
958.5 57 68
960.0 93 95
960.0 93 96
961.5 12 22
961.5 12 23
963.0 78 81
963.0 78 82
964.5 123 127
964.5 123 135
966.0 0 5
966.0 0 6
967.5 78 85
967.5 78 86
969.0 49 66
969.0 49 67
970.5 28 51
970.5 28 52
972.0 188 199
972.0 189 190
973.5 191 195
973.5 191 196
975.0 67 71
975.0 67 72
976.5 32 67
976.5 32 68
978.0 155 162
978.0 155 163
979.5 112 115
979.5 112 116
981.0 123 138
981.0 123 139
982.5 40 45
982.5 40 46
984.0 18 27
984.0 19 20
985.5 38 47
985.5 38 48
987.0 92 95
987.0 92 96
988.5 166 177
988.5 166 178
990.0 101 102
990.0 102 103
991.5 165 175
991.5 165 176
993.0 16 26
993.0 16 27
994.5 45 46
994.5 46 47
996.0 28 49
996.0 28 50
997.5 121 153
997.5 121 154
999.0 36 70
999.0 36 71
1000.5 146 151
1000.5 146 152
1002.0 32 73
1002.0 33 34
1003.5 121 155
1003.5 121 156
1005.0 130 134
1005.0 130 135
1006.5 169 176
1006.5 169 177
1008.0 57 65
1008.0 57 66
1009.5 158 162
1009.5 158 163
1011.0 156 159
1011.0 156 160
1012.5 141 160
1012.5 141 161
1014.0 184 186
1014.0 184 187
1015.5 106 114
1015.5 106 115
1017.0 106 112
1017.0 106 113
1018.5 181 186
1018.5 181 187
1020.0 18 21
1020.0 18 22
1021.5 120 162
1021.5 120 163
1023.0 120 138
1023.0 120 139
1024.5 15 27
1024.5 16 17
1026.0 124 154
1026.0 124 155
1027.5 127 138
1027.5 127 139
1029.0 172 174
1029.0 172 175
1030.5 54 64
1030.5 54 65
1032.0 1 5
1032.0 1 6
1033.5 168 176
1033.5 168 177
1035.0 124 160
1035.0 124 161
1036.5 39 47
1036.5 39 48
1038.0 55 66
1038.0 55 67
1039.5 106 110
1039.5 106 111
1041.0 12 16
1041.0 12 17
1042.5 93 99
1042.5 93 100
1044.0 119 140
1044.0 119 141
1045.5 30 46
1045.5 30 47
1047.0 111 115
1047.0 111 116
1048.5 74 85
1048.5 74 86
1050.0 177 178
1050.0 178 179
1051.5 119 164
1051.5 119 179
1053.0 170 175
1053.0 170 176
1054.5 29 54
1054.5 29 64
1056.0 29 73
1056.0 29 74
1057.5 141 154
1057.5 141 155
1059.0 31 45
1059.0 31 46
1060.5 28 33
1060.5 28 34
1062.0 144 154
1062.0 144 155
1063.5 110 114
1063.5 110 115
1065.0 104 117
1065.0 104 118
1066.5 121 139
1066.5 121 140
1068.0 113 114
1068.0 113 115
1069.5 164 172
1069.5 164 173
1071.0 80 86
1071.0 80 87
1072.5 22 27
1072.5 23 24
1074.0 27 71
1074.0 27 72
1075.5 66 71
1075.5 66 72
1077.0 74 81
1077.0 74 82
1078.5 62 63
1078.5 63 64
1080.0 11 24
1080.0 11 25
1081.5 145 156
1081.5 145 157
1083.0 24 26
1083.0 25 26
1084.5 142 155
1084.5 142 156
1086.0 122 136
1086.0 122 137
1087.5 29 36
1087.5 29 37
1089.0 5 8
1089.0 5 9
1090.5 146 147
1090.5 146 150
1092.0 182 197
1092.0 182 198
1093.5 128 159
1093.5 128 160
1095.0 16 22
1095.0 16 23
1096.5 140 162
1096.5 140 163
1098.0 165 171
1098.0 165 172
1099.5 126 162
1099.5 126 163
1101.0 109 118
1101.0 110 111
1102.5 143 154
1102.5 143 155
1104.0 120 142
1104.0 120 143
1105.5 41 45
1105.5 41 46
1107.0 52 67
1107.0 52 68
1108.5 23 25
1108.5 23 26
1110.0 164 174
1110.0 164 175
1111.5 166 167
1111.5 166 168
1113.0 20 24
1113.0 20 25
1114.5 189 196
1114.5 189 197
1116.0 31 51
1116.0 31 52
1117.5 89 92
1117.5 89 93
1119.0 141 162
1119.0 141 163
1120.5 131 135
1120.5 131 136
1122.0 128 136
1122.0 128 137
1123.5 189 198
1123.5 189 199
1125.0 109 112
1125.0 109 113
1126.5 148 150
1126.5 148 151
1128.0 130 136
1128.0 130 137
1129.5 141 142
1129.5 141 153
1131.0 120 134
1131.0 120 135
1132.5 142 153
1132.5 142 154
1134.0 123 156
1134.0 123 157
1135.5 123 136
1135.5 123 137
1137.0 97 99
1137.0 97 100
1138.5 111 117
1138.5 111 118
1140.0 32 48
1140.0 32 49
1141.5 164 178
1141.5 164 179
1143.0 123 158
1143.0 123 159
1144.5 107 117
1144.5 107 118
1146.0 127 157
1146.0 127 158
1147.5 5 6
1147.5 5 7
1149.0 30 50
1149.0 30 51
1150.5 172 178
1150.5 172 179
1152.0 28 43
1152.0 28 44
1153.5 66 67
1153.5 66 70
1155.0 78 87
1155.0 79 80
1156.5 96 99
1156.5 96 100
1158.0 9 10
1158.0 10 11
1159.5 51 70
1159.5 51 71
1161.0 124 156
1161.0 124 157
1162.5 13 26
1162.5 13 27
1164.0 31 47
1164.0 31 48
1165.5 78 79
1165.5 78 80
1167.0 13 16
1167.0 13 17
1168.5 29 38
1168.5 29 43
1170.0 120 136
1170.0 120 137
1171.5 131 137
1171.5 132 133
1173.0 109 114
1173.0 109 115
1174.5 52 69
1174.5 52 70
1176.0 158 160
1176.0 158 161
