0 51 66
0 51 67
1.5 128 159
1.5 128 160
3.0 17 24
3.0 17 25
4.5 181 190
4.5 181 191
6.0 118 160
6.0 118 161
7.5 167 170
7.5 167 171
9.0 168 170
9.0 168 171
10.5 35 70
10.5 35 71
12.0 7 9
12.0 7 10
13.5 166 169
13.5 166 170
15.0 45 46
15.0 46 47
16.5 14 25
16.5 14 26
18.0 105 110
18.0 105 111
19.5 77 84
19.5 77 85
21.0 147 161
21.0 147 162
22.5 93 95
22.5 93 96
24.0 49 72
24.0 49 73
25.5 122 128
25.5 122 135
27.0 27 71
27.0 27 72
28.5 177 178
28.5 178 179
30.0 146 160
30.0 146 161
31.5 33 72
31.5 33 73
33.0 195 196
33.0 195 197
34.5 189 198
34.5 189 199
36.0 190 191
36.0 190 196
37.5 22 23
37.5 22 24
39.0 13 24
39.0 13 25
40.5 31 51
40.5 31 52
42.0 105 116
42.0 105 117
43.5 35 72
43.5 35 73
45.0 122 159
45.0 122 160
46.5 76 80
46.5 76 81
48.0 57 67
48.0 57 68
49.5 29 118
49.5 30 31
51.0 118 162
51.0 118 163
52.5 28 51
52.5 28 52
54.0 33 50
54.0 33 65
55.5 172 178
55.5 172 179
57.0 12 16
57.0 12 17
58.5 103 107
58.5 103 108
60.0 144 154
60.0 144 155
61.5 123 125
61.5 123 126
63.0 132 136
63.0 132 137
64.5 66 71
64.5 66 72
66.0 143 158
66.0 143 159
67.5 13 20
67.5 13 21
69.0 29 48
69.0 29 49
70.5 182 186
70.5 182 187
72.0 80 86
72.0 80 87
73.5 80 84
73.5 80 85
75.0 31 72
75.0 31 73
76.5 41 43
76.5 41 44
78.0 140 160
78.0 140 161
79.5 35 66
79.5 35 67
81.0 124 135
81.0 124 136
82.5 171 177
82.5 171 178
84.0 52 65
84.0 52 66
85.5 128 134
85.5 128 135
87.0 144 162
87.0 144 163
88.5 104 105
88.5 104 106
90.0 120 160
90.0 120 161
91.5 33 48
91.5 33 49
93.0 168 178
93.0 168 179
94.5 43 45
94.5 44 45
96.0 16 26
96.0 16 27
97.5 33 66
97.5 33 67
99.0 37 69
99.0 37 70
100.5 50 72
100.5 50 73
102.0 32 50
102.0 32 51
103.5 58 64
103.5 58 65
105.0 59 62
105.0 59 63
106.5 148 152
106.5 148 153
108.0 119 164
108.0 119 179
109.5 119 138
109.5 119 139
111.0 194 195
111.0 194 196
112.5 29 54
112.5 29 64
114.0 36 49
114.0 36 67
115.5 165 167
115.5 165 168
117.0 77 86
117.0 77 87
118.5 148 150
118.5 148 151
120.0 52 69
120.0 52 70
121.5 107 117
121.5 107 118
123.0 34 67
123.0 34 68
124.5 83 85
124.5 83 86
126.0 111 115
126.0 111 116
127.5 30 64
127.5 30 65
129.0 110 112
129.0 110 113
130.5 129 135
130.5 129 136
132.0 89 102
132.0 90 91
133.5 128 136
133.5 128 137
135.0 11 24
135.0 11 25
136.5 109 114
136.5 109 115
138.0 184 199
138.0 185 186
139.5 75 83
139.5 75 84
141.0 33 70
141.0 33 71
142.5 30 70
142.5 30 71
144.0 51 72
144.0 51 73
145.5 124 137
145.5 124 138
147.0 142 163
147.0 143 144
148.5 67 69
148.5 67 70
150.0 169 176
150.0 169 177
151.5 168 174
151.5 168 175
153.0 57 63
153.0 57 64
154.5 27 87
154.5 27 101
156.0 75 79
156.0 75 80
157.5 15 23
157.5 15 24
159.0 166 171
159.0 166 172
160.5 66 73
160.5 67 68
162.0 170 171
162.0 170 172
163.5 57 61
163.5 57 62
165.0 121 139
165.0 121 140
166.5 91 97
166.5 91 98
168.0 173 176
168.0 173 177
169.5 120 154
169.5 120 155
171.0 142 155
171.0 142 156
172.5 121 141
172.5 121 142
174.0 126 160
174.0 126 161
175.5 147 163
175.5 148 149
177.0 144 160
177.0 144 161
178.5 55 66
178.5 55 67
180.0 121 163
180.0 122 123
181.5 29 34
181.5 29 35
183.0 73 74
183.0 74 75
184.5 119 158
184.5 119 159
186.0 144 158
186.0 144 159
187.5 130 136
187.5 130 137
189.0 92 97
189.0 92 98
190.5 144 145
190.5 144 151
192.0 125 138
192.0 125 139
193.5 104 111
193.5 104 112
195.0 89 94
195.0 89 95
196.5 182 197
196.5 182 198
198.0 124 160
198.0 124 161
199.5 109 118
199.5 110 111
201.0 55 70
201.0 55 71
202.5 12 26
202.5 12 27
204.0 113 116
204.0 113 117
205.5 112 117
205.5 112 118
207.0 141 162
207.0 141 163
208.5 96 101
208.5 97 98
210.0 28 43
210.0 28 44
211.5 36 37
211.5 36 44
213.0 20 24
213.0 20 25
214.5 2 6
214.5 2 7
216.0 21 26
216.0 21 27
217.5 120 138
217.5 120 139
219.0 131 133
219.0 131 134
220.5 170 173
220.5 170 174
222.0 120 140
222.0 120 141
223.5 69 71
223.5 69 72
225.0 122 140
225.0 122 141
226.5 12 18
226.5 12 19
228.0 32 71
228.0 32 72
229.5 36 45
229.5 36 46
231.0 36 47
231.0 36 48
232.5 109 110
232.5 109 111
234.0 112 115
234.0 112 116
235.5 139 157
235.5 139 158
237.0 11 12
237.0 11 23
238.5 119 136
238.5 119 137
240.0 104 117
240.0 104 118
241.5 19 27
241.5 20 21
243.0 30 32
243.0 30 33
244.5 122 126
244.5 122 127
246.0 124 162
246.0 124 163
247.5 36 68
247.5 36 69
249.0 54 66
249.0 54 67
250.5 57 65
250.5 57 66
252.0 182 184
252.0 182 185
253.5 54 55
253.5 54 63
255.0 98 100
255.0 98 101
256.5 122 153
256.5 122 154
258.0 191 195
258.0 191 196
259.5 39 43
259.5 39 44
261.0 106 108
261.0 106 109
262.5 164 176
262.5 164 177
264.0 74 118
264.0 75 76
265.5 32 46
265.5 32 47
267.0 36 70
267.0 36 71
268.5 162 163
268.5 163 164
270.0 40 47
270.0 41 42
271.5 29 46
271.5 29 47
273.0 50 68
273.0 50 69
274.5 167 176
274.5 167 177
276.0 68 72
276.0 69 70
277.5 1 5
277.5 1 6
279.0 103 115
279.0 103 116
280.5 34 48
280.5 34 49
282.0 0 3
282.0 0 4
283.5 129 139
283.5 129 162
285.0 34 71
285.0 34 72
286.5 121 122
286.5 121 123
288.0 28 47
288.0 28 48
289.5 157 159
289.5 157 160
291.0 57 71
291.0 57 72
292.5 55 68
292.5 55 69
294.0 79 81
294.0 79 82
295.5 104 109
295.5 104 110
297.0 146 158
297.0 146 159
298.5 94 100
298.5 94 101
300.0 12 13
300.0 12 15
301.5 29 67
301.5 29 68
303.0 128 138
303.0 128 139
304.5 16 18
304.5 16 19
306.0 59 64
306.0 59 65
307.5 146 155
307.5 146 156
309.0 145 162
309.0 145 163
310.5 164 180
310.5 165 166
312.0 165 175
312.0 165 176
313.5 122 163
313.5 123 124
315.0 70 71
315.0 70 72
316.5 125 126
316.5 125 135
318.0 166 179
318.0 166 180
319.5 1 3
319.5 1 4
321.0 105 118
321.0 106 107
322.5 101 102
322.5 102 103
324.0 15 21
324.0 15 22
325.5 137 138
325.5 138 139
327.0 92 101
327.0 93 94
328.5 4 7
328.5 4 8
330.0 42 43
330.0 42 44
331.5 3 6
331.5 3 7
333.0 123 140
333.0 123 141
334.5 30 68
334.5 30 69
336.0 74 85
336.0 74 86
337.5 188 199
337.5 189 190
339.0 92 93
339.0 92 94
340.5 140 162
340.5 140 163
342.0 14 15
342.0 14 16
343.5 56 57
343.5 56 62
345.0 125 158
345.0 125 159
346.5 5 6
346.5 5 7
348.0 119 162
348.0 119 163
349.5 88 101
349.5 88 102
351.0 107 115
351.0 107 116
352.5 130 138
352.5 131 132
354.0 96 99
354.0 96 100
355.5 33 35
355.5 33 45
357.0 31 64
357.0 31 65
358.5 110 118
358.5 111 112
360.0 147 150
360.0 147 151
361.5 67 71
361.5 67 72
363.0 120 134
363.0 120 135
364.5 147 148
364.5 147 149
366.0 182 199
366.0 183 184
367.5 189 196
367.5 189 197
369.0 58 60
369.0 58 61
370.5 29 32
370.5 29 33
372.0 143 154
372.0 143 155
373.5 117 118
373.5 118 119
375.0 76 86
375.0 76 87
376.5 5 10
376.5 6 7
378.0 146 151
378.0 146 152
379.5 103 113
379.5 103 114
381.0 17 18
381.0 17 19
382.5 141 158
382.5 141 159
384.0 19 23
384.0 19 24
385.5 167 180
385.5 168 169
387.0 106 118
387.0 107 108
388.5 94 96
388.5 94 97
390.0 37 48
390.0 37 49
391.5 130 134
391.5 130 135
393.0 17 26
393.0 17 27
394.5 166 167
394.5 166 168
396.0 28 33
396.0 28 34
397.5 105 108
397.5 105 109
399.0 190 197
399.0 190 198
400.5 196 197
400.5 197 198
402.0 28 29
402.0 28 32
403.5 120 136
403.5 120 137
405.0 57 73
405.0 58 59
406.5 31 49
406.5 31 50
408.0 129 163
408.0 130 131
409.5 74 81
409.5 74 82
411.0 140 154
411.0 140 155
412.5 145 156
412.5 145 157
414.0 28 71
414.0 28 72
415.5 154 155
415.5 154 161
417.0 4 9
417.0 4 10
418.5 120 156
418.5 120 157
420.0 119 125
420.0 119 126
421.5 18 23
421.5 18 24
423.0 88 97
423.0 88 98
424.5 120 142
424.5 120 143
426.0 28 53
426.0 28 54
427.5 95 98
427.5 95 99
429.0 104 115
429.0 104 116
430.5 184 188
430.5 184 189
432.0 26 27
432.0 27 28
433.5 145 160
433.5 145 161
435.0 49 68
435.0 49 69
436.5 55 64
436.5 55 65
438.0 174 179
438.0 175 176
439.5 165 177
439.5 165 178
441.0 139 161
441.0 139 162
442.5 74 83
442.5 74 84
444.0 121 137
444.0 121 138
445.5 105 112
445.5 105 113
447.0 181 188
447.0 181 189
448.5 112 113
448.5 112 114
450.0 37 38
450.0 37 43
451.5 135 136
451.5 136 137
453.0 122 161
453.0 122 162
454.5 113 114
454.5 113 115
456.0 54 72
456.0 54 73
457.5 30 34
457.5 30 35
459.0 58 72
459.0 58 73
460.5 50 51
460.5 50 65
462.0 51 52
462.0 51 65
463.5 28 69
463.5 28 70
465.0 159 162
465.0 160 161
466.5 93 101
466.5 94 95
468.0 173 178
468.0 173 179
469.5 51 68
469.5 51 69
471.0 156 159
471.0 156 160
472.5 67 73
472.5 68 69
474.0 129 133
474.0 129 134
475.5 111 113
475.5 111 114
477.0 144 156
477.0 144 157
478.5 49 70
478.5 49 71
480.0 28 65
480.0 28 66
481.5 54 64
481.5 54 65
483.0 18 19
483.0 18 20
484.5 95 100
484.5 95 101
486.0 102 116
486.0 102 117
487.5 126 136
487.5 126 137
489.0 123 136
489.0 123 137
490.5 30 66
490.5 30 67
492.0 122 136
492.0 122 137
493.5 180 196
493.5 180 197
495.0 169 174
495.0 169 175
496.5 80 82
496.5 80 83
498.0 29 38
498.0 29 43
499.5 31 66
499.5 31 67
501.0 126 127
501.0 126 135
502.5 23 25
502.5 23 26
504.0 185 187
504.0 185 188
505.5 131 137
505.5 132 133
507.0 30 46
507.0 30 47
508.5 14 21
508.5 14 22
510.0 29 30
510.0 29 31
511.5 87 101
511.5 87 102
513.0 119 127
513.0 119 128
514.5 155 162
514.5 155 163
516.0 169 172
516.0 169 173
517.5 52 53
517.5 52 64
519.0 52 71
519.0 52 72
520.5 123 154
520.5 123 155
522.0 28 35
522.0 28 36
523.5 40 43
523.5 40 44
525.0 120 122
525.0 120 123
526.5 32 69
526.5 32 70
528.0 121 124
528.0 121 125
529.5 171 179
529.5 172 173
531.0 21 24
531.0 21 25
532.5 186 197
532.5 186 198
534.0 146 162
534.0 146 163
535.5 16 20
535.5 16 21
537.0 31 33
537.0 31 34
538.5 113 118
538.5 114 115
540.0 120 152
540.0 120 153
541.5 53 68
541.5 53 69
543.0 15 27
543.0 16 17
544.5 131 135
544.5 131 136
546.0 0 7
546.0 0 8
547.5 127 140
547.5 127 156
549.0 140 156
549.0 140 157
550.5 120 162
550.5 120 163
552.0 32 65
552.0 32 66
553.5 143 160
553.5 143 161
555.0 142 153
555.0 142 154
556.5 30 52
556.5 30 53
558.0 29 44
558.0 29 45
559.5 121 157
559.5 121 158
561.0 39 40
561.0 39 42
562.5 2 4
562.5 2 5
564.0 126 138
564.0 126 139
565.5 56 65
565.5 56 66
567.0 142 143
567.0 142 152
568.5 8 9
568.5 8 10
570.0 29 73
570.0 29 74
571.5 58 62
571.5 58 63
573.0 76 84
573.0 76 85
574.5 1 11
574.5 2 3
576.0 20 26
576.0 20 27
577.5 141 154
577.5 141 155
579.0 180 191
579.0 180 195
580.5 34 46
580.5 34 47
582.0 74 87
582.0 74 102
583.5 170 179
583.5 171 172
585.0 28 67
585.0 28 68
586.5 119 142
586.5 119 143
588.0 184 197
588.0 184 198
589.5 103 109
589.5 103 110
591.0 156 163
591.0 157 158
592.5 183 185
592.5 183 186
594.0 103 105
594.0 103 106
595.5 123 162
595.5 123 163
597.0 28 73
597.0 28 74
598.5 185 197
598.5 185 198
600.0 2 10
600.0 2 11
601.5 40 41
601.5 40 42
603.0 108 111
603.0 108 112
604.5 78 85
604.5 78 86
606.0 32 44
606.0 32 45
607.5 192 196
607.5 192 197
609.0 6 10
609.0 7 8
610.5 172 176
610.5 172 177
612.0 164 178
612.0 164 179
613.5 34 73
613.5 35 36
615.0 109 116
615.0 109 117
616.5 28 37
616.5 28 38
618.0 171 173
618.0 171 174
619.5 107 109
619.5 107 110
621.0 6 8
621.0 6 9
622.5 127 128
622.5 127 135
624.0 9 10
624.0 10 11
625.5 97 101
625.5 98 99
627.0 170 175
627.0 170 176
628.5 78 83
628.5 78 84
630.0 110 116
630.0 110 117
631.5 14 19
631.5 14 20
633.0 150 152
633.0 151 152
634.5 120 128
634.5 120 129
636.0 81 82
636.0 81 83
637.5 180 189
637.5 180 190
639.0 121 128
639.0 121 134
640.5 193 194
640.5 193 195
642.0 110 114
642.0 110 115
643.5 138 163
643.5 139 140
645.0 183 187
645.0 183 188
646.5 85 86
646.5 86 87
648.0 128 163
648.0 129 130
649.5 75 85
649.5 75 86
651.0 32 35
651.0 32 36
652.5 12 22
652.5 12 23
654.0 17 20
654.0 17 21
655.5 37 73
655.5 38 39
657.0 166 173
657.0 166 174
658.5 164 174
658.5 164 175
660.0 48 73
660.0 49 50
661.5 89 92
661.5 89 93
663.0 29 87
663.0 29 102
664.5 62 63
664.5 63 64
666.0 108 115
666.0 108 116
667.5 31 37
667.5 31 44
669.0 181 186
669.0 181 187
670.5 71 72
670.5 72 73
672.0 174 177
672.0 174 178
673.5 33 68
673.5 33 69
675.0 49 66
675.0 49 67
676.5 128 161
676.5 128 162
678.0 31 45
678.0 31 46
679.5 39 45
679.5 39 46
681.0 28 45
681.0 28 46
682.5 193 196
682.5 193 197
684.0 60 63
684.0 60 64
685.5 164 170
685.5 164 171
687.0 181 195
687.0 181 196
688.5 19 21
688.5 19 22
690.0 79 87
690.0 80 81
691.5 48 71
691.5 48 72
693.0 120 124
693.0 120 125
694.5 31 35
694.5 31 36
696.0 183 189
696.0 183 196
697.5 5 8
697.5 5 9
699.0 127 163
699.0 128 129
700.5 28 102
700.5 28 118
702.0 127 157
702.0 127 158
703.5 122 124
703.5 122 125
705.0 147 152
705.0 147 153
706.5 75 77
706.5 75 78
708.0 181 199
708.0 182 183
709.5 198 199
711.0 185 199
711.0 186 187
712.5 34 35
712.5 34 45
714.0 194 197
714.0 194 198
715.5 91 93
715.5 91 94
717.0 31 68
717.0 31 69
718.5 152 153
718.5 153 154
720.0 165 173
720.0 165 174
721.5 12 24
721.5 12 25
723.0 90 96
723.0 90 97
724.5 47 48
724.5 48 49
726.0 182 188
726.0 182 189
727.5 174 175
727.5 174 176
729.0 168 172
729.0 168 173
730.5 157 163
730.5 158 159
732.0 132 134
732.0 132 135
733.5 33 46
733.5 33 47
735.0 129 137
735.0 129 138
736.5 82 84
736.5 82 85
738.0 16 24
738.0 16 25
739.5 93 99
739.5 93 100
741.0 126 140
741.0 126 155
742.5 160 162
742.5 161 162
744.0 41 45
744.0 41 46
745.5 53 66
745.5 53 67
747.0 78 81
747.0 78 82
748.5 165 169
748.5 165 170
750.0 165 179
750.0 165 180
751.5 30 50
751.5 30 51
753.0 118 180
753.0 119 120
754.5 15 25
754.5 15 26
756.0 32 48
756.0 32 49
757.5 0 5
757.5 0 6
759.0 38 47
759.0 38 48
760.5 53 70
760.5 53 71
762.0 167 174
762.0 167 175
763.5 22 27
763.5 23 24
765.0 107 111
765.0 107 112
766.5 119 180
766.5 120 121
768.0 124 158
768.0 124 159
769.5 99 100
769.5 100 101
771.0 121 159
771.0 121 160
772.5 57 69
772.5 57 70
774.0 88 95
774.0 88 96
775.5 28 63
775.5 28 64
777.0 141 160
777.0 141 161
778.5 36 72
778.5 36 73
780.0 3 8
780.0 3 9
781.5 143 156
781.5 143 157
783.0 58 66
783.0 58 71
784.5 89 90
784.5 89 91
786.0 191 199
786.0 192 193
787.5 182 190
787.5 182 196
789.0 90 92
789.0 90 93
790.5 35 49
790.5 35 50
792.0 38 45
792.0 38 46
793.5 32 67
793.5 32 68
795.0 157 161
795.0 157 162
796.5 169 178
796.5 169 179
798.0 56 71
798.0 56 72
799.5 143 152
799.5 143 153
801.0 61 62
801.0 61 63
802.5 144 152
802.5 144 153
804.0 53 72
804.0 53 73
805.5 122 138
805.5 122 139
807.0 12 20
807.0 12 21
808.5 102 112
808.5 102 113
810.0 68 70
810.0 68 71
811.5 4 5
811.5 4 6
813.0 75 81
813.0 75 82
814.5 56 67
814.5 56 68
816.0 28 87
816.0 28 101
817.5 125 162
817.5 125 163
819.0 66 67
819.0 66 70
820.5 167 178
820.5 167 179
822.0 35 68
822.0 35 69
823.5 53 64
823.5 53 65
825.0 0 11
825.0 1 2
826.5 127 159
826.5 127 160
828.0 30 74
828.0 31 32
829.5 119 154
829.5 119 155
831.0 37 71
831.0 37 72
832.5 166 177
832.5 166 178
834.0 170 177
834.0 170 178
835.5 102 118
835.5 103 104
837.0 76 82
837.0 76 83
838.5 108 113
838.5 108 114
840.0 141 156
840.0 141 157
841.5 124 139
841.5 124 140
843.0 90 98
843.0 90 99
844.5 146 153
844.5 146 154
846.0 175 177
846.0 175 178
847.5 29 69
847.5 29 70
849.0 127 161
849.0 127 162
850.5 145 154
850.5 145 155
852.0 181 182
852.0 181 183
853.5 76 78
853.5 76 79
855.0 106 116
855.0 106 117
856.5 79 85
856.5 79 86
858.0 126 158
858.0 126 159
859.5 103 117
859.5 103 118
861.0 119 160
861.0 119 161
862.5 91 99
862.5 91 100
864.0 133 136
864.0 134 135
865.5 158 162
865.5 158 163
867.0 13 18
867.0 13 19
868.5 97 99
868.5 97 100
870.0 29 36
870.0 29 37
871.5 120 164
871.5 120 180
873.0 56 73
873.0 57 58
874.5 78 79
874.5 78 80
876.0 140 158
876.0 140 159
877.5 0 1
877.5 0 2
879.0 1 9
879.0 1 10
880.5 15 19
880.5 15 20
882.0 145 146
882.0 145 151
883.5 173 174
883.5 173 175
885.0 115 117
885.0 116 117
886.5 180 187
886.5 180 188
888.0 77 78
888.0 77 79
889.5 96 97
889.5 96 98
891.0 127 136
891.0 127 137
892.5 192 198
892.5 192 199
894.0 108 117
894.0 108 118
895.5 3 10
895.5 3 11
897.0 143 162
897.0 143 163
898.5 183 199
898.5 184 185
900.0 35 47
900.0 35 48
901.5 22 25
901.5 22 26
903.0 149 151
903.0 149 152
904.5 121 155
904.5 121 156
906.0 13 26
906.0 13 27
907.5 32 73
907.5 33 34
909.0 166 175
909.0 166 176
910.5 42 45
910.5 43 44
912.0 109 112
912.0 109 113
913.5 149 153
913.5 150 151
915.0 191 197
915.0 191 198
916.5 154 162
916.5 154 163
918.0 55 56
918.0 55 63
919.5 30 48
919.5 30 49
921.0 79 83
921.0 79 84
922.5 93 97
922.5 93 98
924.0 114 118
924.0 115 116
925.5 32 33
925.5 32 34
927.0 34 50
927.0 34 66
928.5 123 127
928.5 123 135
930.0 11 26
930.0 11 27
931.5 31 47
931.5 31 48
933.0 55 72
933.0 55 73
934.5 28 49
934.5 28 50
936.0 88 93
936.0 88 94
937.5 126 156
937.5 126 157
939.0 125 136
939.0 125 137
940.5 88 99
940.5 88 100
942.0 122 157
942.0 122 158
943.5 183 197
943.5 183 198
945.0 39 47
945.0 39 48
946.5 119 134
946.5 119 135
948.0 38 43
948.0 38 44
949.5 193 198
949.5 193 199
951.0 125 140
951.0 125 155
952.5 54 68
952.5 54 69
954.0 105 106
954.0 105 107
955.5 78 87
955.5 79 80
957.0 133 134
957.0 133 135
958.5 87 118
958.5 88 89
960.0 107 113
960.0 107 114
961.5 159 160
961.5 159 161
963.0 192 194
963.0 192 195
964.5 142 159
964.5 142 160
966.0 106 112
966.0 106 113
967.5 119 152
967.5 119 153
969.0 145 158
969.0 145 159
970.5 118 164
970.5 118 179
972.0 92 99
972.0 92 100
973.5 14 17
973.5 14 18
975.0 186 199
975.0 187 188
976.5 121 161
976.5 121 162
978.0 139 159
978.0 139 160
979.5 168 176
979.5 168 177
981.0 21 22
981.0 21 23
982.5 89 96
982.5 89 97
984.0 27 102
984.0 27 118
985.5 111 117
985.5 111 118
987.0 17 22
987.0 17 23
988.5 142 161
988.5 142 162
990.0 124 154
990.0 124 155
991.5 106 114
991.5 106 115
993.0 94 98
993.0 94 99
994.5 37 46
994.5 37 47
996.0 89 100
996.0 89 101
997.5 29 71
997.5 29 72
999.0 30 72
999.0 30 73
1000.5 103 111
1000.5 103 112
1002.0 38 72
1002.0 38 73
1003.5 60 61
1003.5 60 62
1005.0 121 135
1005.0 121 136
1006.5 56 69
1006.5 56 70
1008.0 24 26
1008.0 25 26
1009.5 13 16
1009.5 13 17
1011.0 179 180
1011.0 180 181
1012.5 81 84
1012.5 81 85
1014.0 105 114
1014.0 105 115
1015.5 50 70
1015.5 50 71
1017.0 91 95
1017.0 91 96
1018.5 14 27
1018.5 15 16
1020.0 52 67
1020.0 52 68
1021.5 20 22
1021.5 20 23
1023.0 14 23
1023.0 14 24
1024.5 123 156
1024.5 123 157
1026.0 169 170
1026.0 169 171
1027.5 81 86
1027.5 82 83
1029.0 82 86
1029.0 83 84
1030.5 122 155
1030.5 122 156
1032.0 124 156
1032.0 124 157
1033.5 147 154
1033.5 147 155
1035.0 165 171
1035.0 165 172
1036.5 127 138
1036.5 127 139
1038.0 75 87
1038.0 76 77
1039.5 126 162
1039.5 126 163
1041.0 50 66
1041.0 50 67
1042.5 171 175
1042.5 171 176
1044.0 139 163
1044.0 140 141
1045.5 35 45
1045.5 35 46
1047.0 190 199
1047.0 191 192
1048.5 16 22
1048.5 16 23
1050.0 120 126
1050.0 120 127
1051.5 145 152
1051.5 145 153
1053.0 123 138
1053.0 123 139
1054.5 158 160
1054.5 158 161
1056.0 141 142
1056.0 141 153
1057.5 52 73
1057.5 53 54
1059.0 30 36
1059.0 30 37
1060.5 156 157
1060.5 156 158
1062.0 119 123
1062.0 119 124
1063.5 90 94
1063.5 90 95
1065.0 64 65
1065.0 65 66
1066.5 34 69
1066.5 34 70
1068.0 90 102
1068.0 91 92
1069.5 175 179
1069.5 176 177
1071.0 176 178
1071.0 176 179
1072.5 0 9
1072.5 0 10
1074.0 148 154
1074.0 149 150
1075.5 13 22
1075.5 13 23
1077.0 119 156
1077.0 119 157
1078.5 119 140
1078.5 119 141
1080.0 172 174
1080.0 172 175
1081.5 30 44
1081.5 30 45
1083.0 108 109
1083.0 108 110
1084.5 156 161
1084.5 156 162
1086.0 181 184
1086.0 181 185
1087.5 187 197
1087.5 187 198
1089.0 18 21
1089.0 18 22
1090.5 146 147
1090.5 146 150
1092.0 119 129
1092.0 119 133
1093.5 181 197
1093.5 181 198
1095.0 3 4
1095.0 3 5
1096.5 102 110
1096.5 102 111
1098.0 40 45
1098.0 40 46
1099.5 18 27
1099.5 19 20
1101.0 163 180
1101.0 164 165
1102.5 188 197
1102.5 188 198
1104.0 142 157
1104.0 142 158
1105.5 104 107
1105.5 104 108
1107.0 184 186
1107.0 184 187
1108.5 27 73
1108.5 27 74
1110.0 124 125
1110.0 124 126
1111.5 59 60
1111.5 59 61
1113.0 125 156
1113.0 125 157
1114.5 77 82
1114.5 77 83
1116.0 155 156
1116.0 155 159
1117.5 23 27
1117.5 24 25
1119.0 164 172
1119.0 164 173
1120.5 84 85
1120.5 84 86
1122.0 155 160
1122.0 155 161
1123.5 95 96
1123.5 95 97
1125.0 104 113
1125.0 104 114
1126.5 2 8
1126.5 2 9
1128.0 114 116
1128.0 114 117
1129.5 19 25
1129.5 19 26
1131.0 187 199
1131.0 188 189
1132.5 167 172
1132.5 167 173
1134.0 167 168
1134.0 167 169
1135.5 37 44
1135.5 37 45
1137.0 125 160
1137.0 125 161
1138.5 130 132
1138.5 130 133
1140.0 29 50
1140.0 29 51
1141.5 90 100
1141.5 90 101
1143.0 87 88
1143.0 87 100
1144.5 15 17
1144.5 15 18
1146.0 102 114
1146.0 102 115
1147.5 51 70
1147.5 51 71
1149.0 89 98
1149.0 89 99
1150.5 123 160
1150.5 123 161
1152.0 92 95
1152.0 92 96
1153.5 106 110
1153.5 106 111
1155.0 121 153
1155.0 121 154
1156.5 13 14
1156.5 13 15
1158.0 120 158
1158.0 120 159
1159.5 54 70
1159.5 54 71
1161.0 18 25
1161.0 18 26
1162.5 1 7
1162.5 1 8
1164.0 121 126
1164.0 121 127
1165.5 180 198
1165.5 180 199
1167.0 31 70
1167.0 31 71
1168.5 29 52
1168.5 29 53
1170.0 91 101
1170.0 91 102
1171.5 77 80
1171.5 77 81
1173.0 123 158
1173.0 123 159
1174.5 29 65
1174.5 29 66
1176.0 56 63
1176.0 56 64
