0 129 132
0 129 133
1.5 148 155
1.5 148 156
3.0 104 135
3.0 104 136
4.5 37 50
4.5 37 51
6.0 167 181
6.0 167 182
7.5 8 34
7.5 8 43
9.0 69 77
9.0 69 78
10.5 10 49
10.5 10 50
12.0 169 178
12.0 169 179
13.5 106 141
13.5 106 142
15.0 107 140
15.0 107 141
16.5 126 136
16.5 126 138
18.0 9 29
18.0 9 30
19.5 31 51
19.5 31 52
21.0 100 103
21.0 100 104
22.5 160 198
22.5 160 199
24.0 125 139
24.0 125 140
25.5 68 82
25.5 69 70
27.0 74 79
27.0 74 80
28.5 9 33
28.5 9 34
30.0 99 113
30.0 99 114
31.5 36 52
31.5 36 53
33.0 162 163
33.0 162 164
34.5 60 61
34.5 60 62
36.0 120 143
36.0 121 122
37.5 37 46
37.5 37 47
39.0 13 27
39.0 13 28
40.5 87 94
40.5 87 95
42.0 102 121
42.0 102 133
43.5 187 199
43.5 188 189
45.0 116 117
45.0 117 118
46.5 35 49
46.5 35 50
48.0 36 50
48.0 36 51
49.5 88 94
49.5 88 95
51.0 108 115
51.0 108 116
52.5 99 106
52.5 99 107
54.0 136 138
54.0 136 139
55.5 17 23
55.5 17 24
57.0 85 89
57.0 85 90
58.5 56 67
58.5 57 58
60.0 164 199
60.0 165 166
61.5 57 61
61.5 57 62
63.0 74 81
63.0 75 76
64.5 73 80
64.5 73 81
66.0 124 133
66.0 124 134
67.5 145 146
67.5 145 147
69.0 120 141
69.0 120 142
70.5 149 157
70.5 149 158
72.0 33 49
72.0 33 50
73.5 32 52
73.5 32 53
75.0 68 78
75.0 68 79
76.5 141 142
76.5 142 143
78.0 21 24
78.0 21 25
79.5 101 142
79.5 101 143
81.0 150 152
81.0 150 153
82.5 128 129
82.5 128 130
84.0 120 121
84.0 120 134
85.5 69 79
85.5 69 80
87.0 12 31
87.0 12 45
88.5 38 51
88.5 38 52
90.0 122 140
90.0 122 141
91.5 102 107
91.5 102 108
93.0 98 159
93.0 98 160
94.5 100 107
94.5 100 108
96.0 148 157
96.0 148 158
97.5 94 95
97.5 94 96
99.0 8 50
99.0 8 51
100.5 87 98
100.5 88 89
102.0 33 53
102.0 34 35
103.5 72 74
103.5 72 75
105.0 145 150
105.0 145 151
106.5 106 143
106.5 107 108
108.0 137 142
108.0 137 143
109.5 55 58
109.5 55 59
111.0 169 180
111.0 169 181
112.5 127 129
112.5 127 130
114.0 37 38
114.0 37 41
115.5 98 99
115.5 98 140
117.0 146 158
117.0 146 159
118.5 169 176
118.5 169 177
120.0 103 104
120.0 103 105
121.5 101 136
121.5 101 137
123.0 110 115
123.0 110 116
124.5 14 50
124.5 14 51
126.0 23 24
126.0 23 25
127.5 144 145
127.5 144 150
129.0 70 81
129.0 70 82
130.5 73 78
130.5 73 79
132.0 37 42
132.0 37 43
133.5 13 45
133.5 13 46
135.0 195 196
135.0 195 197
136.5 99 115
136.5 99 116
138.0 85 87
138.0 85 88
139.5 63 64
139.5 63 65
141.0 147 157
141.0 147 158
142.5 118 119
142.5 118 143
144.0 29 53
144.0 30 31
145.5 162 169
145.5 162 170
147.0 163 168
147.0 163 169
148.5 170 180
148.5 170 181
150.0 9 17
150.0 9 18
151.5 16 28
151.5 16 29
153.0 18 53
153.0 19 20
154.5 47 52
154.5 47 53
156.0 150 158
156.0 150 159
157.5 57 65
157.5 57 66
159.0 14 27
159.0 14 28
160.5 101 134
160.5 101 135
162.0 100 137
162.0 100 138
163.5 5 6
163.5 6 7
165.0 144 155
165.0 144 156
166.5 12 29
166.5 12 30
168.0 146 150
168.0 146 151
169.5 78 79
169.5 78 80
171.0 103 115
171.0 103 116
172.5 12 14
172.5 12 15
174.0 105 139
174.0 105 140
175.5 70 71
175.5 70 72
177.0 127 142
177.0 127 143
178.5 104 139
178.5 104 140
180.0 30 53
180.0 31 32
181.5 9 82
181.5 9 98
183.0 105 117
183.0 105 118
184.5 72 78
184.5 72 79
186.0 10 25
186.0 10 26
187.5 189 190
187.5 189 197
189.0 8 98
189.0 9 10
190.5 103 117
190.5 103 118
192.0 108 117
192.0 108 118
193.5 32 44
193.5 32 45
195.0 145 160
195.0 146 147
196.5 100 143
196.5 100 144
198.0 72 80
198.0 72 81
199.5 134 143
199.5 135 136
201.0 111 114
201.0 111 115
202.5 172 174
202.5 172 175
204.0 100 117
204.0 100 118
205.5 11 51
205.5 11 52
207.0 19 22
207.0 19 23
208.5 108 109
208.5 108 114
210.0 121 143
210.0 122 123
211.5 37 48
211.5 37 49
213.0 77 78
213.0 77 79
214.5 171 172
214.5 171 175
216.0 156 157
216.0 156 158
217.5 194 196
217.5 194 197
219.0 162 198
219.0 162 199
220.5 191 192
220.5 191 196
222.0 49 50
222.0 49 51
223.5 64 66
223.5 65 66
225.0 165 183
225.0 165 184
226.5 37 44
226.5 37 45
228.0 34 53
228.0 35 36
229.5 120 135
229.5 120 136
231.0 16 53
231.0 17 18
232.5 33 51
232.5 33 52
234.0 76 78
234.0 76 79
235.5 2 4
235.5 2 5
237.0 103 137
237.0 103 138
238.5 0 3
238.5 0 4
240.0 124 131
240.0 124 132
241.5 106 115
241.5 106 116
243.0 14 46
243.0 14 47
244.5 119 138
244.5 119 139
246.0 69 71
246.0 69 72
247.5 127 131
247.5 127 132
249.0 35 45
249.0 35 46
250.5 72 76
250.5 72 77
252.0 8 54
252.0 8 67
253.5 17 52
253.5 17 53
255.0 52 53
255.0 53 54
256.5 10 31
256.5 10 32
258.0 101 107
258.0 101 108
259.5 148 151
259.5 148 152
261.0 147 155
261.0 147 156
262.5 161 168
262.5 161 169
264.0 171 176
264.0 171 177
265.5 146 148
265.5 146 149
267.0 1 7
267.0 2 3
268.5 36 46
268.5 36 47
270.0 189 198
270.0 189 199
271.5 59 64
271.5 59 65
273.0 133 134
273.0 134 135
274.5 50 52
274.5 51 52
276.0 86 89
276.0 86 90
277.5 48 49
277.5 48 50
279.0 22 24
279.0 22 25
280.5 147 153
280.5 147 154
282.0 127 135
282.0 127 141
283.5 140 141
283.5 140 142
285.0 100 141
285.0 100 142
286.5 108 119
286.5 108 139
288.0 56 57
288.0 56 58
289.5 135 143
289.5 136 137
291.0 8 24
291.0 8 25
292.5 103 143
292.5 104 105
294.0 147 159
294.0 147 160
295.5 84 98
295.5 85 86
297.0 123 143
297.0 124 125
298.5 56 61
298.5 56 62
300.0 30 45
300.0 30 46
301.5 68 80
301.5 68 81
303.0 69 75
303.0 69 76
304.5 144 153
304.5 144 154
306.0 43 44
306.0 44 45
307.5 168 180
307.5 168 181
309.0 83 90
309.0 83 91
310.5 100 109
310.5 100 114
312.0 62 65
312.0 62 66
313.5 16 26
313.5 16 27
315.0 107 138
315.0 107 139
316.5 129 130
316.5 129 131
318.0 101 114
318.0 101 115
319.5 8 28
319.5 8 29
321.0 103 106
321.0 103 107
322.5 83 92
322.5 83 93
324.0 10 51
324.0 10 52
325.5 138 143
325.5 139 140
327.0 11 47
327.0 11 48
328.5 147 149
328.5 147 150
330.0 34 47
330.0 34 48
331.5 164 178
331.5 164 179
333.0 119 140
333.0 119 141
334.5 162 165
334.5 162 166
336.0 7 81
336.0 7 82
337.5 163 180
337.5 163 181
339.0 86 97
339.0 86 98
340.5 100 123
340.5 100 132
342.0 75 77
342.0 75 78
343.5 163 166
343.5 163 167
345.0 38 45
345.0 38 46
346.5 109 114
346.5 109 115
348.0 11 16
348.0 11 17
349.5 161 177
349.5 161 178
351.0 128 133
351.0 128 134
352.5 13 51
352.5 13 52
354.0 103 139
354.0 103 140
355.5 33 45
355.5 33 46
357.0 99 133
357.0 99 134
358.5 100 101
358.5 100 102
360.0 11 14
360.0 11 15
361.5 195 198
361.5 196 197
363.0 99 141
363.0 99 142
364.5 75 79
364.5 75 80
366.0 99 159
366.0 99 160
367.5 13 49
367.5 13 50
369.0 55 64
369.0 55 65
370.5 111 112
370.5 111 113
372.0 99 121
372.0 99 122
373.5 144 157
373.5 144 158
375.0 8 81
375.0 8 82
376.5 9 46
376.5 9 47
378.0 10 17
378.0 10 24
379.5 34 45
379.5 34 46
381.0 62 63
381.0 62 64
382.5 29 51
382.5 29 52
384.0 99 104
384.0 99 105
385.5 137 140
385.5 137 141
387.0 74 75
387.0 74 76
388.5 15 47
388.5 15 48
390.0 103 141
390.0 103 142
391.5 8 18
391.5 8 23
393.0 160 187
393.0 160 188
394.5 102 140
394.5 102 141
396.0 11 28
396.0 11 29
397.5 84 90
397.5 84 91
399.0 163 184
399.0 163 185
400.5 14 52
400.5 14 53
402.0 151 158
402.0 151 159
403.5 82 97
403.5 82 98
405.0 174 176
405.0 174 177
406.5 13 25
406.5 13 26
408.0 148 159
408.0 149 150
409.5 54 82
409.5 54 98
411.0 61 65
411.0 61 66
412.5 104 106
412.5 104 115
414.0 161 170
414.0 161 171
415.5 103 119
415.5 103 120
417.0 102 117
417.0 102 118
418.5 125 141
418.5 125 142
420.0 122 132
420.0 122 133
421.5 136 140
421.5 136 141
423.0 70 79
423.0 70 80
424.5 109 116
424.5 109 117
426.0 131 132
426.0 132 133
427.5 110 111
427.5 110 112
429.0 149 155
429.0 149 156
430.5 60 67
430.5 61 62
432.0 19 24
432.0 19 25
433.5 70 75
433.5 70 76
435.0 55 60
435.0 55 61
436.5 56 59
436.5 56 60
438.0 15 30
438.0 15 46
439.5 108 142
439.5 108 143
441.0 89 93
441.0 89 94
442.5 164 182
442.5 164 183
444.0 56 63
444.0 56 64
445.5 153 157
445.5 153 158
447.0 73 74
447.0 73 75
448.5 111 116
448.5 111 117
450.0 55 56
450.0 55 57
451.5 15 26
451.5 15 27
453.0 59 66
453.0 59 67
454.5 11 24
454.5 11 25
456.0 162 178
456.0 162 179
457.5 94 97
457.5 94 98
459.0 164 184
459.0 164 185
460.5 113 115
460.5 113 116
462.0 21 26
462.0 22 23
463.5 168 169
463.5 168 177
465.0 148 153
465.0 148 154
466.5 92 96
466.5 92 97
468.0 16 49
468.0 16 50
469.5 30 47
469.5 30 48
471.0 125 135
471.0 125 136
472.5 12 50
472.5 12 51
474.0 177 178
474.0 178 179
475.5 128 131
475.5 128 132
477.0 20 22
477.0 20 23
478.5 9 52
478.5 9 53
480.0 16 24
480.0 16 25
481.5 106 137
481.5 106 138
483.0 102 142
483.0 102 143
484.5 152 159
484.5 153 154
486.0 102 136
486.0 102 137
487.5 57 59
487.5 57 60
489.0 57 67
489.0 58 59
490.5 119 120
490.5 119 137
492.0 13 53
492.0 14 15
493.5 47 48
493.5 47 49
495.0 145 156
495.0 145 157
496.5 32 50
496.5 32 51
498.0 166 181
498.0 166 182
499.5 164 180
499.5 164 181
501.0 12 27
501.0 12 28
502.5 183 184
502.5 183 199
504.0 108 140
504.0 108 141
505.5 10 33
505.5 10 44
507.0 28 29
507.0 28 51
508.5 102 103
508.5 102 104
510.0 100 121
510.0 100 122
511.5 58 66
511.5 58 67
513.0 10 29
513.0 10 30
514.5 91 96
514.5 91 97
516.0 0 7
516.0 1 2
517.5 124 143
517.5 125 126
519.0 188 198
519.0 188 199
520.5 105 141
520.5 105 142
522.0 32 46
522.0 32 47
523.5 145 152
523.5 145 153
525.0 152 155
525.0 152 156
526.5 21 22
526.5 21 23
528.0 16 51
528.0 16 52
529.5 107 119
529.5 107 120
531.0 41 43
531.0 42 43
532.5 4 5
532.5 4 6
534.0 161 198
534.0 161 199
535.5 67 80
535.5 67 81
537.0 107 117
537.0 107 118
538.5 8 44
538.5 8 45
540.0 18 26
540.0 18 27
541.5 69 81
541.5 69 82
543.0 82 95
543.0 82 96
544.5 3 6
544.5 3 7
546.0 12 16
546.0 12 24
547.5 93 95
547.5 93 96
549.0 34 51
549.0 34 52
550.5 75 81
550.5 76 77
552.0 164 165
552.0 164 166
553.5 15 28
553.5 15 29
555.0 153 159
555.0 154 155
556.5 149 151
556.5 149 152
558.0 98 141
558.0 98 142
559.5 154 156
559.5 154 157
561.0 152 157
561.0 152 158
562.5 105 119
562.5 105 120
564.0 124 137
564.0 124 138
565.5 15 49
565.5 15 50
567.0 123 124
567.0 123 132
568.5 7 52
568.5 7 53
570.0 46 52
570.0 46 53
571.5 100 135
571.5 100 136
573.0 84 86
573.0 84 87
574.5 31 49
574.5 31 50
576.0 192 197
576.0 192 198
577.5 8 32
577.5 8 33
579.0 137 138
579.0 137 139
580.5 160 185
580.5 160 186
582.0 35 51
582.0 35 52
583.5 101 105
583.5 101 106
585.0 14 25
585.0 14 26
586.5 164 167
586.5 164 168
588.0 126 143
588.0 127 128
589.5 8 30
589.5 8 31
591.0 121 133
591.0 121 134
592.5 109 142
592.5 109 143
594.0 99 119
594.0 99 120
595.5 102 138
595.5 102 139
597.0 83 98
597.0 84 85
598.5 150 154
598.5 150 155
600.0 9 50
600.0 9 51
601.5 151 154
601.5 151 155
603.0 104 137
603.0 104 138
604.5 85 91
604.5 85 92
606.0 167 179
606.0 167 180
607.5 181 182
607.5 182 183
609.0 168 178
609.0 168 179
610.5 190 191
610.5 190 197
612.0 134 141
612.0 134 142
613.5 172 178
613.5 172 179
615.0 86 93
615.0 86 94
616.5 126 132
616.5 126 133
618.0 78 81
618.0 79 80
619.5 31 47
619.5 31 48
621.0 9 13
621.0 9 14
622.5 10 53
622.5 10 54
624.0 39 41
624.0 39 42
625.5 171 180
625.5 172 173
627.0 160 181
627.0 160 182
628.5 54 64
628.5 54 65
630.0 88 92
630.0 88 93
631.5 18 28
631.5 18 52
633.0 71 78
633.0 71 79
634.5 29 30
634.5 29 46
636.0 162 180
636.0 162 181
637.5 74 77
637.5 74 78
639.0 34 43
639.0 34 44
640.5 54 66
640.5 54 67
642.0 165 181
642.0 165 182
643.5 29 47
643.5 29 48
645.0 45 46
645.0 46 47
646.5 14 29
646.5 14 30
648.0 193 197
648.0 193 198
649.5 71 74
649.5 71 75
651.0 160 177
651.0 160 178
652.5 169 182
652.5 170 171
654.0 11 45
654.0 11 46
655.5 84 96
655.5 84 97
657.0 54 62
657.0 54 63
658.5 135 141
658.5 135 142
660.0 28 52
660.0 28 53
661.5 193 195
661.5 193 196
663.0 8 26
663.0 8 27
664.5 125 137
664.5 125 138
666.0 15 53
666.0 16 17
667.5 179 180
667.5 180 181
669.0 107 142
669.0 107 143
670.5 161 181
670.5 161 182
672.0 76 80
672.0 76 81
673.5 170 178
673.5 170 179
675.0 197 198
675.0 198 199
676.5 34 49
676.5 34 50
678.0 194 198
678.0 194 199
679.5 91 92
679.5 91 93
681.0 30 49
681.0 30 50
682.5 151 156
682.5 151 157
684.0 161 166
684.0 161 167
685.5 9 15
685.5 9 16
687.0 90 91
687.0 90 92
688.5 54 55
688.5 54 61
690.0 165 179
690.0 165 180
691.5 162 182
691.5 162 183
693.0 155 158
693.0 155 159
694.5 165 177
694.5 165 178
696.0 33 47
696.0 33 48
697.5 127 133
697.5 127 134
699.0 85 97
699.0 85 98
700.5 112 117
700.5 113 114
702.0 96 97
702.0 97 98
703.5 123 141
703.5 123 142
705.0 160 168
705.0 160 169
706.5 48 51
706.5 48 52
708.0 58 64
708.0 58 65
709.5 83 96
709.5 83 97
711.0 161 162
711.0 161 163
712.5 161 175
712.5 161 176
714.0 20 26
714.0 20 27
715.5 104 143
715.5 105 106
717.0 10 27
717.0 10 28
718.5 31 53
718.5 32 33
720.0 0 5
720.0 0 6
721.5 40 42
721.5 40 43
723.0 59 60
723.0 59 61
724.5 162 167
724.5 162 168
726.0 12 48
726.0 12 49
727.5 101 138
727.5 101 139
729.0 107 115
729.0 107 116
730.5 121 139
730.5 121 140
732.0 99 123
732.0 99 132
733.5 160 161
733.5 160 167
735.0 69 73
735.0 69 74
736.5 87 92
736.5 87 93
738.0 38 39
738.0 38 40
739.5 15 16
739.5 15 25
741.0 8 46
741.0 8 47
742.5 139 141
742.5 139 142
744.0 103 135
744.0 103 136
745.5 37 52
745.5 37 53
747.0 162 184
747.0 162 185
748.5 7 98
748.5 8 9
750.0 8 48
750.0 8 49
751.5 163 176
751.5 163 177
753.0 82 91
753.0 82 92
754.5 174 178
754.5 175 176
756.0 10 47
756.0 10 48
757.5 70 73
757.5 70 74
759.0 88 90
759.0 88 91
760.5 191 199
760.5 192 193
762.0 17 29
762.0 17 49
763.5 171 178
763.5 171 179
765.0 100 160
765.0 101 102
766.5 8 16
766.5 8 17
768.0 89 95
768.0 89 96
769.5 36 44
769.5 36 45
771.0 39 45
771.0 40 41
772.5 32 48
772.5 32 49
774.0 121 135
774.0 121 136
775.5 175 177
775.5 176 177
777.0 68 74
777.0 68 75
778.5 144 159
778.5 144 160
780.0 71 76
780.0 71 77
781.5 145 158
781.5 145 159
783.0 59 62
783.0 59 63
784.5 119 142
784.5 119 143
786.0 9 11
786.0 9 12
787.5 99 137
787.5 99 138
789.0 73 76
789.0 73 77
790.5 8 14
790.5 8 15
792.0 77 80
792.0 77 81
793.5 67 82
793.5 67 98
795.0 15 51
795.0 15 52
796.5 123 133
796.5 123 134
798.0 71 82
798.0 72 73
799.5 162 176
799.5 162 177
801.0 36 48
801.0 36 49
802.5 58 62
802.5 58 63
804.0 1 5
804.0 1 6
805.5 125 133
805.5 125 134
807.0 26 27
807.0 27 28
808.5 106 119
808.5 106 120
810.0 38 53
810.0 39 40
811.5 161 187
811.5 161 188
813.0 163 186
813.0 163 199
814.5 99 143
814.5 99 144
816.0 82 93
816.0 82 94
817.5 102 115
817.5 102 116
819.0 138 141
819.0 138 142
820.5 123 135
820.5 123 136
822.0 90 93
822.0 90 94
823.5 148 149
823.5 148 150
825.0 165 199
825.0 166 167
826.5 18 19
826.5 18 23
828.0 146 160
828.0 147 148
829.5 172 176
829.5 172 177
831.0 82 83
831.0 82 90
832.5 101 122
832.5 101 133
834.0 84 94
834.0 84 95
835.5 126 130
835.5 126 131
837.0 100 115
837.0 100 116
838.5 106 139
838.5 106 140
840.0 91 98
840.0 92 93
841.5 130 131
841.5 130 132
843.0 156 159
843.0 157 158
844.5 9 27
844.5 9 28
846.0 99 117
846.0 99 118
847.5 16 47
847.5 16 48
849.0 109 118
849.0 109 119
850.5 68 76
850.5 68 77
852.0 83 94
852.0 83 95
853.5 136 142
853.5 136 143
855.0 0 1
855.0 0 2
856.5 3 4
856.5 3 5
858.0 10 15
858.0 10 16
859.5 154 158
859.5 154 159
861.0 165 167
861.0 165 168
862.5 104 120
862.5 104 134
864.0 167 177
864.0 167 178
865.5 83 84
865.5 83 85
867.0 99 108
867.0 99 109
868.5 126 139
868.5 126 140
870.0 192 199
870.0 193 194
871.5 102 119
871.5 102 120
873.0 8 12
873.0 8 13
874.5 145 154
874.5 145 155
876.0 173 177
876.0 173 178
877.5 36 42
877.5 36 43
879.0 12 46
879.0 12 47
880.5 147 151
880.5 147 152
882.0 112 115
882.0 112 116
883.5 9 44
883.5 9 45
885.0 33 34
885.0 33 44
886.5 161 185
886.5 161 186
888.0 49 52
888.0 50 51
889.5 102 134
889.5 102 135
891.0 151 152
891.0 151 153
892.5 191 197
892.5 191 198
894.0 152 153
894.0 152 154
895.5 61 63
895.5 61 64
897.0 20 24
897.0 20 25
898.5 84 92
898.5 84 93
900.0 95 96
900.0 95 97
901.5 104 118
901.5 104 119
903.0 31 45
903.0 31 46
904.5 35 43
904.5 35 44
906.0 121 137
906.0 121 138
907.5 8 52
907.5 8 53
909.0 29 49
909.0 29 50
910.5 63 66
910.5 64 65
912.0 14 48
912.0 14 49
913.5 87 90
913.5 87 91
915.0 125 143
915.0 126 127
916.5 124 135
916.5 124 136
918.0 87 96
918.0 87 97
919.5 120 139
919.5 120 140
921.0 173 175
921.0 173 176
922.5 46 50
922.5 46 51
924.0 105 137
924.0 105 138
925.5 39 43
925.5 39 44
927.0 193 199
927.0 194 195
928.5 124 139
928.5 124 140
930.0 60 63
930.0 60 64
931.5 100 139
931.5 100 140
933.0 84 88
933.0 84 89
934.5 138 139
934.5 138 140
936.0 87 88
936.0 87 89
937.5 101 140
937.5 101 141
939.0 158 159
939.0 159 160
940.5 192 195
940.5 192 196
942.0 146 154
942.0 146 155
943.5 101 118
943.5 101 119
945.0 106 117
945.0 106 118
946.5 149 159
946.5 150 151
948.0 104 141
948.0 104 142
949.5 93 97
949.5 93 98
951.0 9 48
951.0 9 49
952.5 184 185
952.5 184 199
954.0 114 115
954.0 115 116
955.5 143 144
955.5 143 160
957.0 162 186
957.0 162 187
958.5 12 25
958.5 12 26
960.0 88 96
960.0 88 97
961.5 13 47
961.5 13 48
963.0 103 121
963.0 103 134
964.5 11 12
964.5 11 13
966.0 146 156
966.0 146 157
967.5 123 137
967.5 123 138
969.0 101 120
969.0 101 121
970.5 98 143
970.5 98 144
972.0 38 43
972.0 38 44
973.5 89 91
973.5 89 92
975.0 18 24
975.0 18 25
976.5 24 25
976.5 25 26
978.0 100 105
978.0 100 106
979.5 40 44
979.5 41 42
981.0 71 72
981.0 71 73
982.5 110 117
982.5 110 118
984.0 68 69
984.0 68 73
985.5 13 14
985.5 13 15
987.0 9 25
987.0 9 26
988.5 166 183
988.5 167 168
990.0 85 93
990.0 85 94
991.5 101 103
991.5 101 104
993.0 55 66
993.0 55 67
994.5 91 94
994.5 91 95
996.0 10 11
996.0 10 12
997.5 57 63
997.5 57 64
999.0 11 53
999.0 12 13
1000.5 9 54
1000.5 9 67
1002.0 122 134
1002.0 122 135
1003.5 163 164
1003.5 163 165
1005.0 85 95
1005.0 85 96
1006.5 86 87
1006.5 86 88
1008.0 120 137
1008.0 120 138
1009.5 123 139
1009.5 123 140
1011.0 153 155
1011.0 153 156
1012.5 126 141
1012.5 126 142
1014.0 80 81
1014.0 81 82
1015.5 126 134
1015.5 126 135
1017.0 55 62
1017.0 55 63
1018.5 164 169
1018.5 164 177
1020.0 144 151
1020.0 144 152
1021.5 35 53
1021.5 36 37
1023.0 190 198
1023.0 190 199
1024.5 10 45
1024.5 10 46
1026.0 107 136
1026.0 107 137
1027.5 149 153
1027.5 149 154
1029.0 121 141
1029.0 121 142
1030.5 161 164
1030.5 161 165
1032.0 145 148
1032.0 145 149
1033.5 58 60
1033.5 58 61
1035.0 19 26
1035.0 19 27
1036.5 160 179
1036.5 160 180
1038.0 105 115
1038.0 105 116
1039.5 89 97
1039.5 89 98
1041.0 71 80
1041.0 71 81
1042.5 35 47
1042.5 35 48
1044.0 90 97
1044.0 90 98
1045.5 166 177
1045.5 166 178
1047.0 166 179
1047.0 166 180
1048.5 1 3
1048.5 1 4
1050.0 155 156
1050.0 155 157
1051.5 9 31
1051.5 9 32
1053.0 106 135
1053.0 106 136
1054.5 105 143
1054.5 106 107
1056.0 19 28
1056.0 20 21
1057.5 102 105
1057.5 102 106
1059.0 160 183
1059.0 160 184
1060.5 168 182
1060.5 169 170
1062.0 185 186
1062.0 185 199
1063.5 11 26
1063.5 11 27
1065.0 150 156
1065.0 150 157
1066.5 105 135
1066.5 105 136
1068.0 170 176
1068.0 170 177
1069.5 7 54
1069.5 7 67
1071.0 99 135
1071.0 99 136
1072.5 47 50
1072.5 47 51
1074.0 11 32
1074.0 11 44
1075.5 161 179
1075.5 161 180
1077.0 187 188
1077.0 187 198
1078.5 146 152
1078.5 146 153
1080.0 100 119
1080.0 100 120
1081.5 173 179
1081.5 174 175
1083.0 13 29
1083.0 13 30
1084.5 122 142
1084.5 122 143
1086.0 70 77
1086.0 70 78
1087.5 124 141
1087.5 124 142
1089.0 83 88
1089.0 83 89
1090.5 160 170
1090.5 160 171
1092.0 12 52
1092.0 12 53
1093.5 161 183
1093.5 161 184
1095.0 86 91
1095.0 86 92
1096.5 160 175
1096.5 160 176
1098.0 99 100
1098.0 99 103
1099.5 100 133
1099.5 100 134
1101.0 7 8
1101.0 7 51
1102.5 104 116
1102.5 104 117
1104.0 11 49
1104.0 11 50
1105.5 186 187
1105.5 186 199
1107.0 163 182
1107.0 163 183
1108.5 163 178
1108.5 163 179
1110.0 38 41
1110.0 38 42
1111.5 125 131
1111.5 125 132
1113.0 135 139
1113.0 135 140
1114.5 17 25
1114.5 17 26
1116.0 90 95
1116.0 90 96
1117.5 86 95
1117.5 86 96
1119.0 10 13
1119.0 10 14
1120.5 99 139
1120.5 99 140
1122.0 56 65
1122.0 56 66
1123.5 88 98
1123.5 89 90
1125.0 122 138
1125.0 122 139
1126.5 92 98
1126.5 93 94
1128.0 101 116
1128.0 101 117
1129.5 112 113
1129.5 112 114
1131.0 9 23
1131.0 9 24
1132.5 109 110
1132.5 109 113
1134.0 60 65
1134.0 60 66
1135.5 11 30
1135.5 11 31
1137.0 2 6
1137.0 2 7
1138.5 110 113
1138.5 110 114
1140.0 172 180
1140.0 173 174
1141.5 30 51
1141.5 30 52
1143.0 17 27
1143.0 17 28
1144.5 92 94
1144.5 92 95
1146.0 83 86
1146.0 83 87
1147.5 122 136
1147.5 122 137
1149.0 17 50
1149.0 17 51
1150.5 66 67
1150.5 67 68
