0 91 96
0 91 97
1.5 68 74
1.5 68 75
3.0 90 91
3.0 90 92
4.5 71 74
4.5 71 75
6.0 37 48
6.0 37 49
7.5 162 169
7.5 162 170
9.0 11 51
9.0 11 52
10.5 105 137
10.5 105 138
12.0 87 92
12.0 87 93
13.5 82 91
13.5 82 92
15.0 164 180
15.0 164 181
16.5 14 25
16.5 14 26
18.0 171 180
18.0 172 173
19.5 93 97
19.5 93 98
21.0 169 178
21.0 169 179
22.5 13 47
22.5 13 48
24.0 55 60
24.0 55 61
25.5 77 80
25.5 77 81
27.0 46 52
27.0 46 53
28.5 168 182
28.5 169 170
30.0 99 143
30.0 99 144
31.5 73 74
31.5 73 75
33.0 160 183
33.0 160 184
34.5 191 192
34.5 191 196
36.0 172 180
36.0 173 174
37.5 131 132
37.5 132 133
39.0 85 97
39.0 85 98
40.5 8 48
40.5 8 49
42.0 163 184
42.0 163 185
43.5 2 6
43.5 2 7
45.0 20 26
45.0 20 27
46.5 8 16
46.5 8 17
48.0 88 90
48.0 88 91
49.5 99 100
49.5 99 103
51.0 29 47
51.0 29 48
52.5 120 143
52.5 121 122
54.0 191 199
54.0 192 193
55.5 71 82
55.5 72 73
57.0 109 114
57.0 109 115
58.5 101 122
58.5 101 133
60.0 184 185
60.0 184 199
61.5 15 28
61.5 15 29
63.0 29 53
63.0 30 31
64.5 37 52
64.5 37 53
66.0 119 140
66.0 119 141
67.5 10 47
67.5 10 48
69.0 8 50
69.0 8 51
70.5 86 87
70.5 86 88
72.0 2 4
72.0 2 5
73.5 10 49
73.5 10 50
75.0 195 196
75.0 195 197
76.5 167 177
76.5 167 178
78.0 99 137
78.0 99 138
79.5 9 46
79.5 9 47
81.0 144 157
81.0 144 158
82.5 183 184
82.5 183 199
84.0 164 169
84.0 164 177
85.5 181 182
85.5 182 183
87.0 161 198
87.0 161 199
88.5 108 117
88.5 108 118
90.0 85 95
90.0 85 96
91.5 39 45
91.5 40 41
93.0 111 114
93.0 111 115
94.5 73 78
94.5 73 79
96.0 100 107
96.0 100 108
97.5 104 116
97.5 104 117
99.0 148 151
99.0 148 152
100.5 87 88
100.5 87 89
102.0 158 159
102.0 159 160
103.5 173 179
103.5 174 175
105.0 162 165
105.0 162 166
106.5 147 149
106.5 147 150
108.0 169 182
108.0 170 171
109.5 57 63
109.5 57 64
111.0 13 25
111.0 13 26
112.5 171 176
112.5 171 177
114.0 106 143
114.0 107 108
115.5 68 69
115.5 68 73
117.0 78 81
117.0 79 80
118.5 153 157
118.5 153 158
120.0 172 178
120.0 172 179
121.5 193 197
121.5 193 198
123.0 92 96
123.0 92 97
124.5 84 98
124.5 85 86
126.0 99 119
126.0 99 120
127.5 149 159
127.5 150 151
129.0 29 30
129.0 29 46
130.5 138 139
130.5 138 140
132.0 11 30
132.0 11 31
133.5 31 47
133.5 31 48
135.0 163 182
135.0 163 183
136.5 68 78
136.5 68 79
138.0 107 140
138.0 107 141
139.5 69 81
139.5 69 82
141.0 11 16
141.0 11 17
142.5 104 137
142.5 104 138
144.0 100 121
144.0 100 122
145.5 174 176
145.5 174 177
147.0 136 140
147.0 136 141
148.5 82 97
148.5 82 98
150.0 91 98
150.0 92 93
151.5 31 45
151.5 31 46
153.0 124 137
153.0 124 138
154.5 49 50
154.5 49 51
156.0 162 163
156.0 162 164
157.5 55 62
157.5 55 63
159.0 124 141
159.0 124 142
160.5 88 98
160.5 89 90
162.0 144 145
162.0 144 150
163.5 18 19
163.5 18 23
165.0 17 52
165.0 17 53
166.5 147 151
166.5 147 152
168.0 11 14
168.0 11 15
169.5 101 134
169.5 101 135
171.0 85 89
171.0 85 90
172.5 14 52
172.5 14 53
174.0 151 152
174.0 151 153
175.5 103 143
175.5 104 105
177.0 56 61
177.0 56 62
178.5 33 45
178.5 33 46
180.0 124 139
180.0 124 140
181.5 74 81
181.5 75 76
183.0 24 25
183.0 25 26
184.5 169 176
184.5 169 177
186.0 163 186
186.0 163 199
187.5 12 48
187.5 12 49
189.0 162 182
189.0 162 183
190.5 197 198
190.5 198 199
192.0 148 157
192.0 148 158
193.5 128 131
193.5 128 132
195.0 113 115
195.0 113 116
196.5 9 31
196.5 9 32
198.0 145 156
198.0 145 157
199.5 52 53
199.5 53 54
201.0 7 81
201.0 7 82
202.5 99 123
202.5 99 132
204.0 56 65
204.0 56 66
205.5 61 63
205.5 61 64
207.0 111 112
207.0 111 113
208.5 18 28
208.5 18 52
210.0 126 136
210.0 126 138
211.5 102 117
211.5 102 118
213.0 8 32
213.0 8 33
214.5 20 22
214.5 20 23
216.0 154 158
216.0 154 159
217.5 56 59
217.5 56 60
219.0 148 149
219.0 148 150
220.5 126 134
220.5 126 135
222.0 161 185
222.0 161 186
223.5 86 89
223.5 86 90
225.0 83 90
225.0 83 91
226.5 146 158
226.5 146 159
228.0 59 66
228.0 59 67
229.5 103 104
229.5 103 105
231.0 156 157
231.0 156 158
232.5 33 34
232.5 33 44
234.0 102 105
234.0 102 106
235.5 71 80
235.5 71 81
237.0 162 176
237.0 162 177
238.5 187 199
238.5 188 189
240.0 121 143
240.0 122 123
241.5 94 97
241.5 94 98
243.0 122 140
243.0 122 141
244.5 110 113
244.5 110 114
246.0 85 87
246.0 85 88
247.5 160 187
247.5 160 188
249.0 69 79
249.0 69 80
250.5 189 190
250.5 189 197
252.0 72 80
252.0 72 81
253.5 126 143
253.5 127 128
255.0 99 104
255.0 99 105
256.5 154 156
256.5 154 157
258.0 91 94
258.0 91 95
259.5 10 51
259.5 10 52
261.0 19 24
261.0 19 25
262.5 170 180
262.5 170 181
264.0 162 178
264.0 162 179
265.5 16 24
265.5 16 25
267.0 108 109
267.0 108 114
268.5 83 86
268.5 83 87
270.0 72 78
270.0 72 79
271.5 60 67
271.5 61 62
273.0 160 170
273.0 160 171
274.5 124 133
274.5 124 134
276.0 106 119
276.0 106 120
277.5 57 67
277.5 58 59
279.0 163 176
279.0 163 177
280.5 123 124
280.5 123 132
282.0 172 174
282.0 172 175
283.5 123 133
283.5 123 134
285.0 99 159
285.0 99 160
286.5 146 152
286.5 146 153
288.0 71 72
288.0 71 73
289.5 102 136
289.5 102 137
291.0 46 50
291.0 46 51
292.5 121 133
292.5 121 134
294.0 149 151
294.0 149 152
295.5 153 159
295.5 154 155
297.0 15 51
297.0 15 52
298.5 102 142
298.5 102 143
300.0 123 143
300.0 124 125
301.5 103 141
301.5 103 142
303.0 121 135
303.0 121 136
304.5 147 153
304.5 147 154
306.0 36 46
306.0 36 47
307.5 62 63
307.5 62 64
309.0 120 121
309.0 120 134
310.5 107 115
310.5 107 116
312.0 100 133
312.0 100 134
313.5 160 175
313.5 160 176
315.0 12 29
315.0 12 30
316.5 89 95
316.5 89 96
318.0 87 94
318.0 87 95
319.5 125 135
319.5 125 136
321.0 106 137
321.0 106 138
322.5 99 117
322.5 99 118
324.0 31 51
324.0 31 52
325.5 161 175
325.5 161 176
327.0 36 50
327.0 36 51
328.5 87 98
328.5 88 89
330.0 127 131
330.0 127 132
331.5 165 167
331.5 165 168
333.0 28 52
333.0 28 53
334.5 34 45
334.5 34 46
336.0 17 25
336.0 17 26
337.5 70 77
337.5 70 78
339.0 164 184
339.0 164 185
340.5 34 53
340.5 35 36
342.0 151 156
342.0 151 157
343.5 35 45
343.5 35 46
345.0 168 178
345.0 168 179
346.5 94 95
346.5 94 96
348.0 100 143
348.0 100 144
349.5 160 179
349.5 160 180
351.0 187 188
351.0 187 198
352.5 41 43
352.5 42 43
354.0 100 139
354.0 100 140
355.5 30 53
355.5 31 32
357.0 54 55
357.0 54 61
358.5 55 66
358.5 55 67
360.0 119 138
360.0 119 139
361.5 186 187
361.5 186 199
363.0 8 98
363.0 9 10
364.5 125 141
364.5 125 142
366.0 165 179
366.0 165 180
367.5 150 154
367.5 150 155
369.0 105 135
369.0 105 136
370.5 16 49
370.5 16 50
372.0 137 138
372.0 137 139
373.5 99 106
373.5 99 107
375.0 107 136
375.0 107 137
376.5 109 116
376.5 109 117
378.0 39 41
378.0 39 42
379.5 98 141
379.5 98 142
381.0 9 13
381.0 9 14
382.5 12 14
382.5 12 15
384.0 13 14
384.0 13 15
385.5 101 136
385.5 101 137
387.0 104 143
387.0 105 106
388.5 146 154
388.5 146 155
390.0 88 96
390.0 88 97
391.5 59 62
391.5 59 63
393.0 89 93
393.0 89 94
394.5 108 140
394.5 108 141
396.0 8 14
396.0 8 15
397.5 37 50
397.5 37 51
399.0 104 135
399.0 104 136
400.5 144 159
400.5 144 160
402.0 147 157
402.0 147 158
403.5 89 97
403.5 89 98
405.0 161 183
405.0 161 184
406.5 137 142
406.5 137 143
408.0 10 27
408.0 10 28
409.5 10 45
409.5 10 46
411.0 164 167
411.0 164 168
412.5 102 103
412.5 102 104
414.0 139 141
414.0 139 142
415.5 38 51
415.5 38 52
417.0 108 115
417.0 108 116
418.5 121 139
418.5 121 140
420.0 190 191
420.0 190 197
421.5 20 24
421.5 20 25
423.0 162 186
423.0 162 187
424.5 100 135
424.5 100 136
426.0 9 11
426.0 9 12
427.5 164 199
427.5 165 166
429.0 58 60
429.0 58 61
430.5 33 53
430.5 34 35
432.0 127 129
432.0 127 130
433.5 83 96
433.5 83 97
435.0 38 43
435.0 38 44
436.5 67 82
436.5 67 98
438.0 68 80
438.0 68 81
439.5 14 48
439.5 14 49
441.0 22 24
441.0 22 25
442.5 193 199
442.5 194 195
444.0 58 64
444.0 58 65
445.5 105 117
445.5 105 118
447.0 95 96
447.0 95 97
448.5 82 83
448.5 82 90
450.0 125 137
450.0 125 138
451.5 86 91
451.5 86 92
453.0 135 139
453.0 135 140
454.5 33 47
454.5 33 48
456.0 166 177
456.0 166 178
457.5 112 115
457.5 112 116
459.0 144 153
459.0 144 154
460.5 160 161
460.5 160 167
462.0 161 168
462.0 161 169
463.5 161 181
463.5 161 182
465.0 54 66
465.0 54 67
466.5 101 140
466.5 101 141
468.0 144 155
468.0 144 156
469.5 50 52
469.5 51 52
471.0 173 177
471.0 173 178
472.5 9 44
472.5 9 45
474.0 5 6
474.0 6 7
475.5 171 178
475.5 171 179
477.0 11 28
477.0 11 29
478.5 35 51
478.5 35 52
480.0 110 117
480.0 110 118
481.5 8 44
481.5 8 45
483.0 88 94
483.0 88 95
484.5 120 141
484.5 120 142
486.0 147 155
486.0 147 156
487.5 188 198
487.5 188 199
489.0 85 91
489.0 85 92
490.5 11 53
490.5 12 13
492.0 100 109
492.0 100 114
493.5 107 117
493.5 107 118
495.0 99 135
495.0 99 136
496.5 63 66
496.5 64 65
498.0 18 26
498.0 18 27
499.5 160 177
499.5 160 178
501.0 160 198
501.0 160 199
502.5 84 90
502.5 84 91
504.0 168 180
504.0 168 181
505.5 32 44
505.5 32 45
507.0 106 135
507.0 106 136
508.5 99 115
508.5 99 116
510.0 57 61
510.0 57 62
511.5 17 29
511.5 17 49
513.0 11 24
513.0 11 25
514.5 126 141
514.5 126 142
516.0 62 65
516.0 62 66
517.5 86 97
517.5 86 98
519.0 170 176
519.0 170 177
520.5 167 181
520.5 167 182
522.0 107 138
522.0 107 139
523.5 103 137
523.5 103 138
525.0 175 177
525.0 176 177
526.5 34 47
526.5 34 48
528.0 3 4
528.0 3 5
529.5 145 160
529.5 146 147
531.0 128 129
531.0 128 130
532.5 82 93
532.5 82 94
534.0 100 141
534.0 100 142
535.5 49 52
535.5 50 51
537.0 169 180
537.0 169 181
538.5 122 132
538.5 122 133
540.0 194 198
540.0 194 199
541.5 75 77
541.5 75 78
543.0 54 82
543.0 54 98
544.5 59 60
544.5 59 61
546.0 8 52
546.0 8 53
547.5 145 154
547.5 145 155
549.0 162 180
549.0 162 181
550.5 122 134
550.5 122 135
552.0 70 81
552.0 70 82
553.5 92 94
553.5 92 95
555.0 91 92
555.0 91 93
556.5 194 196
556.5 194 197
558.0 100 137
558.0 100 138
559.5 101 114
559.5 101 115
561.0 105 141
561.0 105 142
562.5 74 75
562.5 74 76
564.0 13 27
564.0 13 28
565.5 32 50
565.5 32 51
567.0 106 141
567.0 106 142
568.5 37 46
568.5 37 47
570.0 106 117
570.0 106 118
571.5 90 95
571.5 90 96
573.0 7 98
573.0 8 9
574.5 10 13
574.5 10 14
576.0 56 67
576.0 57 58
577.5 140 141
577.5 140 142
579.0 38 39
579.0 38 40
580.5 69 71
580.5 69 72
582.0 161 166
582.0 161 167
583.5 99 121
583.5 99 122
585.0 11 26
585.0 11 27
586.5 168 169
586.5 168 177
588.0 145 148
588.0 145 149
589.5 152 159
589.5 153 154
591.0 103 115
591.0 103 116
592.5 165 199
592.5 166 167
594.0 14 50
594.0 14 51
595.5 123 137
595.5 123 138
597.0 0 1
597.0 0 2
598.5 162 198
598.5 162 199
600.0 48 49
600.0 48 50
601.5 60 61
601.5 60 62
603.0 78 79
603.0 78 80
604.5 109 110
604.5 109 113
606.0 121 137
606.0 121 138
607.5 171 172
607.5 171 175
609.0 69 77
609.0 69 78
610.5 195 198
610.5 196 197
612.0 111 116
612.0 111 117
613.5 102 138
613.5 102 139
615.0 10 33
615.0 10 44
616.5 87 90
616.5 87 91
618.0 35 49
618.0 35 50
619.5 71 76
619.5 71 77
621.0 103 119
621.0 103 120
622.5 14 29
622.5 14 30
624.0 9 50
624.0 9 51
625.5 21 26
625.5 22 23
627.0 134 143
627.0 135 136
628.5 104 141
628.5 104 142
630.0 155 156
630.0 155 157
631.5 8 54
631.5 8 67
633.0 101 116
633.0 101 117
634.5 151 158
634.5 151 159
636.0 9 52
636.0 9 53
637.5 69 75
637.5 69 76
639.0 9 82
639.0 9 98
640.5 122 142
640.5 122 143
642.0 84 94
642.0 84 95
643.5 163 178
643.5 163 179
645.0 38 53
645.0 39 40
646.5 127 135
646.5 127 141
648.0 19 28
648.0 20 21
649.5 99 108
649.5 99 109
651.0 70 73
651.0 70 74
652.5 160 181
652.5 160 182
654.0 84 86
654.0 84 87
655.5 15 26
655.5 15 27
657.0 55 56
657.0 55 57
658.5 11 32
658.5 11 44
660.0 161 179
660.0 161 180
661.5 35 43
661.5 35 44
663.0 152 153
663.0 152 154
664.5 126 130
664.5 126 131
666.0 146 156
666.0 146 157
667.5 100 105
667.5 100 106
669.0 137 140
669.0 137 141
670.5 116 117
670.5 117 118
672.0 99 113
672.0 99 114
673.5 174 178
673.5 175 176
675.0 160 185
675.0 160 186
676.5 48 51
676.5 48 52
678.0 127 133
678.0 127 134
679.5 147 159
679.5 147 160
681.0 55 64
681.0 55 65
682.5 98 143
682.5 98 144
684.0 68 76
684.0 68 77
685.5 150 156
685.5 150 157
687.0 86 95
687.0 86 96
688.5 192 199
688.5 193 194
690.0 138 141
690.0 138 142
691.5 101 138
691.5 101 139
693.0 1 5
693.0 1 6
694.5 118 119
694.5 118 143
696.0 9 33
696.0 9 34
697.5 34 51
697.5 34 52
699.0 33 49
699.0 33 50
700.5 15 16
700.5 15 25
702.0 32 46
702.0 32 47
703.5 112 113
703.5 112 114
705.0 13 29
705.0 13 30
706.5 47 52
706.5 47 53
708.0 9 23
708.0 9 24
709.5 32 48
709.5 32 49
711.0 72 74
711.0 72 75
712.5 57 65
712.5 57 66
714.0 104 106
714.0 104 115
715.5 12 25
715.5 12 26
717.0 38 41
717.0 38 42
718.5 122 138
718.5 122 139
720.0 10 15
720.0 10 16
721.5 34 49
721.5 34 50
723.0 167 179
723.0 167 180
724.5 136 142
724.5 136 143
726.0 166 183
726.0 167 168
727.5 57 59
727.5 57 60
729.0 96 97
729.0 97 98
730.5 106 139
730.5 106 140
732.0 163 180
732.0 163 181
733.5 83 98
733.5 84 85
735.0 101 103
735.0 101 104
736.5 12 52
736.5 12 53
738.0 83 88
738.0 83 89
739.5 123 135
739.5 123 136
741.0 146 150
741.0 146 151
742.5 9 27
742.5 9 28
744.0 39 43
744.0 39 44
745.5 104 139
745.5 104 140
747.0 163 164
747.0 163 165
748.5 8 28
748.5 8 29
750.0 54 62
750.0 54 63
751.5 66 67
751.5 67 68
753.0 103 135
753.0 103 136
754.5 144 151
754.5 144 152
756.0 43 44
756.0 44 45
757.5 134 141
757.5 134 142
759.0 8 81
759.0 8 82
760.5 32 52
760.5 32 53
762.0 161 162
762.0 161 163
763.5 87 96
763.5 87 97
765.0 151 154
765.0 151 155
766.5 173 175
766.5 173 176
768.0 12 50
768.0 12 51
769.5 125 139
769.5 125 140
771.0 163 166
771.0 163 167
772.5 105 143
772.5 106 107
774.0 84 96
774.0 84 97
775.5 103 139
775.5 103 140
777.0 160 168
777.0 160 169
778.5 70 71
778.5 70 72
780.0 145 150
780.0 145 151
781.5 90 97
781.5 90 98
783.0 114 115
783.0 115 116
784.5 8 46
784.5 8 47
786.0 141 142
786.0 142 143
787.5 148 153
787.5 148 154
789.0 161 187
789.0 161 188
790.5 129 130
790.5 129 131
792.0 100 115
792.0 100 116
793.5 14 46
793.5 14 47
795.0 17 23
795.0 17 24
796.5 56 63
796.5 56 64
798.0 19 22
798.0 19 23
799.5 23 24
799.5 23 25
801.0 1 7
801.0 2 3
802.5 83 84
802.5 83 85
804.0 9 17
804.0 9 18
805.5 100 103
805.5 100 104
807.0 10 29
807.0 10 30
808.5 125 133
808.5 125 134
810.0 165 181
810.0 165 182
811.5 152 157
811.5 152 158
813.0 126 132
813.0 126 133
814.5 161 170
814.5 161 171
816.0 100 101
816.0 100 102
817.5 108 119
817.5 108 139
819.0 9 25
819.0 9 26
820.5 7 8
820.5 7 51
822.0 76 80
822.0 76 81
823.5 192 197
823.5 192 198
825.0 7 52
825.0 7 53
826.5 161 164
826.5 161 165
828.0 64 66
828.0 65 66
829.5 74 77
829.5 74 78
831.0 30 51
831.0 30 52
832.5 13 45
832.5 13 46
834.0 100 119
834.0 100 120
835.5 11 47
835.5 11 48
837.0 192 195
837.0 192 196
838.5 16 53
838.5 17 18
840.0 145 158
840.0 145 159
841.5 36 52
841.5 36 53
843.0 14 27
843.0 14 28
844.5 106 115
844.5 106 116
846.0 150 158
846.0 150 159
847.5 56 57
847.5 56 58
849.0 99 133
849.0 99 134
850.5 58 62
850.5 58 63
852.0 112 117
852.0 113 114
853.5 193 195
853.5 193 196
855.0 13 53
855.0 14 15
856.5 37 38
856.5 37 41
858.0 36 42
858.0 36 43
859.5 165 177
859.5 165 178
861.0 16 26
861.0 16 27
862.5 102 134
862.5 102 135
864.0 93 95
864.0 93 96
865.5 99 141
865.5 99 142
867.0 31 49
867.0 31 50
868.5 102 119
868.5 102 120
870.0 138 143
870.0 139 140
871.5 101 107
871.5 101 108
873.0 60 65
873.0 60 66
874.5 80 81
874.5 81 82
876.0 74 79
876.0 74 80
877.5 55 58
877.5 55 59
879.0 12 46
879.0 12 47
880.5 11 12
880.5 11 13
882.0 58 66
882.0 58 67
883.5 152 155
883.5 152 156
885.0 149 155
885.0 149 156
886.5 145 146
886.5 145 147
888.0 34 43
888.0 34 44
889.5 35 47
889.5 35 48
891.0 133 134
891.0 134 135
892.5 45 46
892.5 46 47
894.0 68 82
894.0 69 70
895.5 170 178
895.5 170 179
897.0 101 120
897.0 101 121
898.5 9 54
898.5 9 67
900.0 102 115
900.0 102 116
901.5 121 141
901.5 121 142
903.0 17 27
903.0 17 28
904.5 0 5
904.5 0 6
906.0 123 139
906.0 123 140
907.5 164 165
907.5 164 166
909.0 12 31
909.0 12 45
910.5 40 42
910.5 40 43
912.0 73 76
912.0 73 77
913.5 60 63
913.5 60 64
915.0 164 178
915.0 164 179
916.5 135 143
916.5 136 137
918.0 101 118
918.0 101 119
919.5 10 17
919.5 10 24
921.0 9 15
921.0 9 16
922.5 15 47
922.5 15 48
924.0 103 117
924.0 103 118
925.5 166 181
925.5 166 182
927.0 124 135
927.0 124 136
928.5 18 53
928.5 19 20
930.0 82 95
930.0 82 96
931.5 166 179
931.5 166 180
933.0 28 29
933.0 28 51
934.5 47 50
934.5 47 51
936.0 177 178
936.0 178 179
937.5 102 140
937.5 102 141
939.0 9 29
939.0 9 30
940.5 126 139
940.5 126 140
942.0 98 99
942.0 98 140
943.5 11 49
943.5 11 50
945.0 47 48
945.0 47 49
946.5 102 107
946.5 102 108
948.0 135 141
948.0 135 142
949.5 148 155
949.5 148 156
951.0 129 132
951.0 129 133
952.5 149 153
952.5 149 154
954.0 70 75
954.0 70 76
955.5 88 92
955.5 88 93
957.0 86 93
957.0 86 94
958.5 105 139
958.5 105 140
960.0 8 30
960.0 8 31
961.5 8 18
961.5 8 23
963.0 59 64
963.0 59 65
964.5 7 54
964.5 7 67
966.0 110 115
966.0 110 116
967.5 101 142
967.5 101 143
969.0 119 142
969.0 119 143
970.5 8 34
970.5 8 43
972.0 125 143
972.0 126 127
973.5 124 131
973.5 124 132
975.0 125 131
975.0 125 132
976.5 21 22
976.5 21 23
978.0 77 78
978.0 77 79
979.5 36 44
979.5 36 45
981.0 70 79
981.0 70 80
982.5 103 121
982.5 103 134
984.0 149 157
984.0 149 158
985.5 54 64
985.5 54 65
987.0 1 3
987.0 1 4
988.5 16 47
988.5 16 48
990.0 85 93
990.0 85 94
991.5 146 148
991.5 146 149
993.0 162 167
993.0 162 168
994.5 4 5
994.5 4 6
996.0 10 11
996.0 10 12
997.5 120 135
997.5 120 136
999.0 143 144
999.0 143 160
1000.5 100 160
1000.5 101 102
1002.0 148 159
1002.0 149 150
1003.5 71 78
1003.5 71 79
1005.0 10 31
1005.0 10 32
1006.5 30 45
1006.5 30 46
1008.0 156 159
1008.0 157 158
1009.5 105 115
1009.5 105 116
1011.0 164 182
1011.0 164 183
1012.5 15 53
1012.5 16 17
1014.0 107 119
1014.0 107 120
1015.5 26 27
1015.5 27 28
1017.0 83 92
1017.0 83 93
1018.5 104 118
1018.5 104 119
1020.0 19 26
1020.0 19 27
1021.5 0 3
1021.5 0 4
1023.0 29 51
1023.0 29 52
1024.5 8 12
1024.5 8 13
1026.0 40 44
1026.0 41 42
1027.5 69 73
1027.5 69 74
1029.0 8 26
1029.0 8 27
1030.5 12 16
1030.5 12 24
1032.0 130 131
1032.0 130 132
1033.5 10 25
1033.5 10 26
1035.0 104 120
1035.0 104 134
1036.5 92 98
1036.5 93 94
1038.0 153 155
1038.0 153 156
1039.5 38 45
1039.5 38 46
1041.0 31 53
1041.0 32 33
1042.5 108 142
1042.5 108 143
1044.0 10 53
1044.0 10 54
1045.5 9 48
1045.5 9 49
1047.0 98 159
1047.0 98 160
1048.5 162 184
1048.5 162 185
1050.0 0 7
1050.0 1 2
1051.5 102 121
1051.5 102 133
1053.0 185 186
1053.0 185 199
1054.5 21 24
1054.5 21 25
1056.0 105 119
1056.0 105 120
1057.5 189 198
1057.5 189 199
1059.0 109 142
1059.0 109 143
1060.5 35 53
1060.5 36 37
1062.0 8 24
1062.0 8 25
1063.5 109 118
1063.5 109 119
1065.0 73 80
1065.0 73 81
1066.5 89 91
1066.5 89 92
1068.0 84 88
1068.0 84 89
1069.5 83 94
1069.5 83 95
1071.0 75 79
1071.0 75 80
1072.5 37 42
1072.5 37 43
1074.0 63 64
1074.0 63 65
1075.5 136 138
1075.5 136 139
1077.0 72 76
1077.0 72 77
1078.5 146 160
1078.5 147 148
1080.0 161 177
1080.0 161 178
1081.5 110 111
1081.5 110 112
1083.0 100 123
1083.0 100 132
1084.5 101 105
1084.5 101 106
1086.0 16 28
1086.0 16 29
1087.5 12 27
1087.5 12 28
1089.0 15 49
1089.0 15 50
1090.5 127 142
1090.5 127 143
1092.0 29 49
1092.0 29 50
1093.5 165 183
1093.5 165 184
1095.0 18 24
1095.0 18 25
1096.5 155 158
1096.5 155 159
1098.0 120 137
1098.0 120 138
1099.5 36 48
1099.5 36 49
1101.0 128 133
1101.0 128 134
1102.5 191 197
1102.5 191 198
1104.0 107 142
1104.0 107 143
1105.5 11 45
1105.5 11 46
1107.0 76 78
1107.0 76 79
1108.5 122 136
1108.5 122 137
1110.0 190 198
1110.0 190 199
1111.5 3 6
1111.5 3 7
1113.0 90 93
1113.0 90 94
1114.5 163 168
1114.5 163 169
1116.0 124 143
1116.0 125 126
1117.5 123 141
1117.5 123 142
1119.0 67 80
1119.0 67 81
1120.5 75 81
1120.5 76 77
1122.0 99 139
1122.0 99 140
1123.5 145 152
1123.5 145 153
1125.0 30 49
1125.0 30 50
1126.5 120 139
1126.5 120 140
1128.0 103 106
1128.0 103 107
1129.5 61 65
1129.5 61 66
1131.0 17 50
1131.0 17 51
1132.5 172 176
1132.5 172 177
1134.0 16 51
1134.0 16 52
1135.5 179 180
1135.5 180 181
1137.0 33 51
1137.0 33 52
1138.5 84 92
1138.5 84 93
1140.0 150 152
1140.0 150 153
1141.5 37 44
1141.5 37 45
1143.0 13 51
1143.0 13 52
1144.5 119 120
1144.5 119 137
1146.0 30 47
1146.0 30 48
1147.5 13 49
1147.5 13 50
1149.0 15 30
1149.0 15 46
1150.5 100 117
1150.5 100 118
