0 98 105
0 98 106
1.5 155 191
1.5 155 192
3.0 73 82
3.0 73 83
4.5 90 93
4.5 90 94
6.0 25 39
6.0 25 40
7.5 8 9
7.5 8 13
9.0 157 190
9.0 157 191
10.5 22 38
10.5 22 39
12.0 90 150
12.0 91 92
13.5 47 57
13.5 48 49
15.0 0 39
15.0 0 40
16.5 114 123
16.5 114 124
18.0 11 16
18.0 12 13
19.5 76 85
19.5 76 86
21.0 45 48
21.0 45 49
22.5 157 194
22.5 157 195
24.0 153 174
24.0 153 175
25.5 173 193
25.5 173 194
27.0 53 54
27.0 53 55
28.5 27 38
28.5 27 39
30.0 26 40
30.0 26 41
31.5 115 127
31.5 115 128
33.0 136 150
33.0 137 138
34.5 91 106
34.5 91 107
36.0 140 142
36.0 140 143
37.5 90 105
37.5 90 106
39.0 88 133
39.0 88 134
40.5 92 93
40.5 92 94
42.0 181 190
42.0 181 191
43.5 92 130
43.5 92 131
45.0 159 195
45.0 159 196
46.5 179 195
46.5 179 196
48.0 155 173
48.0 155 174
49.5 100 101
49.5 100 102
51.0 100 105
51.0 100 106
52.5 7 17
52.5 7 18
54.0 113 125
54.0 113 126
55.5 180 189
55.5 180 190
57.0 1 20
57.0 1 21
58.5 176 189
58.5 176 190
60.0 172 173
60.0 172 190
61.5 156 169
61.5 156 170
63.0 158 193
63.0 158 194
64.5 22 34
64.5 22 35
66.0 8 18
66.0 8 42
67.5 10 12
67.5 10 13
69.0 133 134
69.0 133 150
70.5 99 108
70.5 99 109
72.0 89 123
72.0 89 124
73.5 175 189
73.5 175 190
75.0 29 35
75.0 30 31
76.5 162 165
76.5 162 166
78.0 152 153
78.0 152 154
79.5 150 188
79.5 150 189
81.0 0 1
81.0 0 2
82.5 19 20
82.5 19 36
84.0 98 107
84.0 98 108
85.5 4 15
85.5 4 16
87.0 76 87
87.0 76 88
88.5 179 187
88.5 179 188
90.0 83 85
90.0 83 86
91.5 93 129
91.5 93 130
93.0 197 198
93.0 198 199
94.5 91 108
94.5 91 109
96.0 138 149
96.0 139 140
97.5 184 189
97.5 185 186
99.0 24 41
99.0 24 42
100.5 151 173
100.5 151 174
102.0 72 85
102.0 72 86
103.5 113 133
103.5 114 115
105.0 154 197
105.0 155 156
106.5 21 37
106.5 21 38
108.0 113 127
108.0 113 128
109.5 91 130
109.5 91 131
111.0 89 90
111.0 89 93
112.5 95 105
112.5 95 106
114.0 128 133
114.0 129 130
115.5 7 42
115.5 7 43
117.0 159 172
117.0 159 192
118.5 156 167
118.5 156 168
120.0 5 39
120.0 5 40
121.5 64 69
121.5 64 70
123.0 95 107
123.0 95 108
124.5 152 166
124.5 152 167
126.0 30 32
126.0 30 33
127.5 115 125
127.5 115 126
129.0 44 45
129.0 44 51
130.5 93 131
130.5 93 132
132.0 38 39
132.0 38 40
133.5 153 194
133.5 153 195
135.0 172 197
135.0 173 174
136.5 154 170
136.5 154 171
138.0 1 37
138.0 1 38
139.5 119 122
139.5 119 123
141.0 92 107
141.0 92 108
142.5 141 148
142.5 141 149
144.0 58 64
144.0 58 65
145.5 91 95
145.5 91 96
147.0 25 41
147.0 25 42
148.5 49 50
148.5 49 51
150.0 92 97
150.0 92 98
151.5 65 67
151.5 65 68
153.0 51 55
153.0 51 56
154.5 89 133
154.5 89 134
156.0 38 41
156.0 38 42
157.5 127 130
157.5 127 131
159.0 152 188
159.0 152 189
160.5 14 15
160.5 15 16
162.0 174 195
162.0 174 196
163.5 162 169
163.5 162 170
165.0 90 91
165.0 90 92
166.5 175 197
166.5 176 177
168.0 94 131
168.0 94 132
169.5 142 149
169.5 143 144
171.0 153 172
171.0 153 173
172.5 6 41
172.5 6 42
174.0 89 96
174.0 89 97
175.5 51 53
175.5 51 54
177.0 50 57
177.0 51 52
178.5 138 141
178.5 138 142
180.0 156 197
180.0 157 158
181.5 68 69
181.5 68 70
183.0 155 157
183.0 155 158
184.5 121 122
184.5 122 123
186.0 158 172
186.0 158 190
187.5 102 105
187.5 102 106
189.0 151 171
189.0 151 172
190.5 95 127
190.5 95 128
192.0 96 127
192.0 96 128
193.5 174 197
193.5 175 176
195.0 47 51
195.0 47 52
196.5 182 183
196.5 182 185
198.0 93 109
198.0 93 110
199.5 94 96
199.5 94 105
201.0 49 54
201.0 49 55
202.5 23 35
202.5 23 36
204.0 3 4
204.0 3 5
205.5 48 50
205.5 48 51
207.0 127 132
207.0 127 133
208.5 90 95
208.5 90 96
210.0 2 36
210.0 2 37
211.5 91 124
211.5 91 125
213.0 182 186
213.0 182 187
214.5 101 102
214.5 101 103
216.0 93 127
216.0 93 128
217.5 163 168
217.5 163 169
219.0 61 72
219.0 62 63
220.5 154 193
220.5 154 194
222.0 158 159
222.0 158 167
223.5 5 16
223.5 5 17
225.0 18 19
225.0 18 41
226.5 136 146
226.5 136 147
228.0 24 37
228.0 24 38
229.5 93 133
229.5 94 95
231.0 182 196
231.0 183 184
232.5 11 14
232.5 11 15
234.0 146 149
234.0 147 148
235.5 91 128
235.5 91 129
237.0 31 33
237.0 32 33
238.5 58 66
238.5 58 67
240.0 111 125
240.0 111 126
241.5 153 158
241.5 153 159
243.0 81 86
243.0 81 87
244.5 77 88
244.5 78 79
246.0 117 132
246.0 117 133
247.5 153 154
247.5 153 155
249.0 11 12
249.0 11 13
250.5 95 133
250.5 96 97
252.0 178 191
252.0 178 192
253.5 90 97
253.5 90 98
255.0 5 43
255.0 6 7
256.5 6 37
256.5 6 38
258.0 153 192
258.0 153 193
259.5 114 127
259.5 114 128
261.0 64 65
261.0 64 66
262.5 152 159
262.5 152 160
264.0 154 189
264.0 154 190
265.5 90 127
265.5 90 128
267.0 146 147
267.0 146 148
268.5 138 145
268.5 138 146
270.0 78 84
270.0 78 85
271.5 66 68
271.5 66 69
273.0 44 52
273.0 44 53
274.5 90 125
274.5 90 126
276.0 81 88
276.0 82 83
277.5 72 73
277.5 72 80
279.0 172 191
279.0 172 192
280.5 42 43
280.5 43 44
282.0 157 169
282.0 157 170
283.5 22 36
283.5 22 37
285.0 154 168
285.0 154 169
286.5 2 40
286.5 2 41
288.0 154 174
288.0 154 175
289.5 44 72
289.5 44 88
291.0 26 34
291.0 26 35
292.5 0 23
292.5 0 34
294.0 160 166
294.0 160 167
295.5 136 144
295.5 136 145
297.0 72 83
297.0 72 84
298.5 91 110
298.5 91 111
300.0 153 170
300.0 153 171
301.5 102 107
301.5 103 104
303.0 156 193
303.0 156 194
304.5 72 81
304.5 72 82
306.0 174 193
306.0 174 194
307.5 112 132
307.5 112 133
309.0 75 81
309.0 75 82
310.5 90 133
310.5 90 134
312.0 1 35
312.0 1 36
313.5 175 195
313.5 175 196
315.0 23 39
315.0 23 40
316.5 94 108
316.5 94 109
318.0 182 194
318.0 182 195
319.5 2 19
319.5 2 20
321.0 90 129
321.0 90 130
322.5 165 166
322.5 165 167
324.0 183 189
324.0 183 190
325.5 150 192
325.5 150 193
327.0 98 132
327.0 98 133
328.5 78 80
328.5 78 81
330.0 150 190
330.0 150 191
331.5 5 18
331.5 5 19
333.0 96 125
333.0 96 126
334.5 73 88
334.5 74 75
336.0 116 124
336.0 116 125
337.5 155 193
337.5 155 194
339.0 13 14
339.0 13 15
340.5 77 86
340.5 77 87
342.0 145 148
342.0 145 149
343.5 155 197
343.5 156 157
345.0 35 36
345.0 36 37
346.5 102 103
346.5 102 104
348.0 183 187
348.0 183 188
349.5 153 196
349.5 153 197
351.0 176 197
351.0 177 178
352.5 124 133
352.5 125 126
354.0 1 41
354.0 1 42
355.5 118 121
355.5 118 122
357.0 150 158
357.0 150 159
358.5 90 99
358.5 90 104
360.0 73 86
360.0 73 87
361.5 134 149
361.5 134 150
363.0 26 38
363.0 26 39
364.5 125 131
364.5 125 132
366.0 151 169
366.0 151 170
367.5 77 80
367.5 77 81
369.0 89 94
369.0 89 95
370.5 79 87
370.5 79 88
372.0 39 40
372.0 39 41
373.5 115 123
373.5 115 124
375.0 139 145
375.0 139 146
376.5 24 39
376.5 24 40
378.0 135 142
378.0 135 143
379.5 184 187
379.5 184 188
381.0 99 106
381.0 99 107
382.5 4 38
382.5 4 39
384.0 128 131
384.0 128 132
385.5 114 125
385.5 114 126
387.0 157 196
387.0 157 197
388.5 150 151
388.5 150 157
390.0 6 18
390.0 6 19
391.5 20 41
391.5 20 42
393.0 88 89
393.0 88 130
394.5 56 57
394.5 57 58
396.0 135 150
396.0 136 137
397.5 74 76
397.5 74 77
399.0 110 131
399.0 110 132
400.5 157 171
400.5 157 172
402.0 95 109
402.0 95 110
403.5 46 53
403.5 46 54
405.0 138 143
405.0 138 144
406.5 9 12
406.5 9 13
408.0 47 49
408.0 47 50
409.5 101 106
409.5 101 107
411.0 151 165
411.0 151 166
412.5 151 156
412.5 151 157
414.0 22 40
414.0 22 41
415.5 46 55
415.5 46 56
417.0 160 195
417.0 160 196
418.5 61 68
418.5 61 69
420.0 158 191
420.0 158 192
421.5 150 171
421.5 150 172
423.0 0 43
423.0 0 44
424.5 181 196
424.5 181 197
426.0 99 104
426.0 99 105
427.5 135 144
427.5 135 145
429.0 25 35
429.0 25 36
430.5 158 168
430.5 158 169
432.0 113 131
432.0 113 132
433.5 151 160
433.5 151 161
435.0 2 6
435.0 2 14
436.5 29 31
436.5 29 32
438.0 24 43
438.0 25 26
439.5 82 88
439.5 83 84
441.0 93 107
441.0 93 108
442.5 92 111
442.5 92 123
444.0 112 124
444.0 112 125
445.5 152 172
445.5 152 173
447.0 65 69
447.0 65 70
448.5 97 132
448.5 97 133
450.0 39 42
450.0 40 41
451.5 0 7
451.5 0 14
453.0 143 149
453.0 144 145
454.5 91 97
454.5 91 98
456.0 50 53
456.0 50 54
457.5 97 107
457.5 97 108
459.0 33 34
459.0 34 35
460.5 37 38
460.5 37 39
462.0 177 190
462.0 177 191
463.5 116 129
463.5 116 130
465.0 89 125
465.0 89 126
466.5 150 175
466.5 150 176
468.0 154 159
468.0 154 167
469.5 152 168
469.5 152 169
471.0 5 20
471.0 5 36
472.5 75 79
472.5 75 80
474.0 129 131
474.0 129 132
475.5 185 187
475.5 185 188
477.0 173 195
477.0 173 196
478.5 84 87
478.5 84 88
480.0 93 94
480.0 93 95
481.5 28 43
481.5 29 30
483.0 89 113
483.0 89 122
484.5 161 169
484.5 161 170
486.0 124 131
486.0 124 132
487.5 100 107
487.5 100 108
489.0 171 194
489.0 171 195
490.5 45 50
490.5 45 51
492.0 74 82
492.0 74 83
493.5 27 42
493.5 27 43
495.0 163 164
495.0 163 165
496.5 96 129
496.5 96 130
498.0 98 99
498.0 98 104
499.5 191 195
499.5 191 196
501.0 63 66
501.0 63 67
502.5 81 84
502.5 81 85
504.0 117 125
504.0 117 131
505.5 155 171
505.5 155 172
507.0 158 195
507.0 158 196
508.5 152 174
508.5 152 175
510.0 7 13
510.0 7 14
511.5 184 185
511.5 184 186
513.0 171 196
513.0 171 197
514.5 47 55
514.5 47 56
516.0 94 110
516.0 94 124
517.5 179 193
517.5 179 194
519.0 2 4
519.0 2 5
520.5 159 197
520.5 160 161
522.0 172 193
522.0 172 194
523.5 151 194
523.5 151 195
525.0 168 169
525.0 169 170
526.5 96 133
526.5 97 98
528.0 173 189
528.0 173 190
529.5 36 42
529.5 36 43
531.0 182 188
531.0 182 189
532.5 4 40
532.5 4 41
534.0 176 193
534.0 176 194
535.5 115 121
535.5 115 122
537.0 155 169
537.0 155 170
538.5 74 78
538.5 74 79
540.0 143 147
540.0 143 148
541.5 100 103
541.5 100 104
543.0 24 33
543.0 24 34
544.5 160 170
544.5 160 171
546.0 108 109
546.0 108 133
547.5 1 16
547.5 1 17
549.0 159 193
549.0 159 194
550.5 89 98
550.5 89 99
552.0 178 189
552.0 178 190
553.5 136 140
553.5 136 141
555.0 116 120
555.0 116 121
556.5 3 41
556.5 3 42
558.0 98 130
558.0 98 131
559.5 40 42
559.5 41 42
561.0 63 68
561.0 63 69
562.5 150 160
562.5 150 161
564.0 140 144
564.0 140 145
565.5 181 188
565.5 181 189
567.0 116 126
567.0 116 128
568.5 177 196
568.5 177 197
570.0 154 157
570.0 154 158
571.5 12 14
571.5 12 15
573.0 0 17
573.0 0 18
574.5 114 133
574.5 115 116
576.0 45 54
576.0 45 55
577.5 64 67
577.5 64 68
579.0 125 129
579.0 125 130
580.5 99 132
580.5 99 133
582.0 160 197
582.0 161 162
583.5 161 165
583.5 161 166
585.0 1 4
585.0 1 5
586.5 37 40
586.5 37 41
588.0 6 39
588.0 6 40
589.5 28 31
589.5 28 32
591.0 177 188
591.0 177 189
592.5 178 195
592.5 178 196
594.0 134 147
594.0 134 148
595.5 18 42
595.5 18 43
597.0 77 84
597.0 77 85
598.5 54 56
598.5 55 56
600.0 8 14
600.0 8 15
601.5 59 63
601.5 59 64
603.0 155 167
603.0 155 168
604.5 152 155
604.5 152 156
606.0 151 158
606.0 151 159
607.5 141 144
607.5 141 145
609.0 73 84
609.0 73 85
610.5 111 131
610.5 111 132
612.0 192 195
612.0 192 196
613.5 46 51
613.5 46 52
615.0 110 133
615.0 111 112
616.5 45 56
616.5 45 57
618.0 27 36
618.0 27 37
619.5 16 17
619.5 17 18
621.0 73 74
621.0 73 75
622.5 67 70
622.5 67 71
624.0 180 193
624.0 180 194
625.5 178 197
625.5 179 180
627.0 81 82
627.0 81 83
628.5 104 105
628.5 105 106
630.0 25 37
630.0 25 38
631.5 180 191
631.5 180 192
633.0 2 17
633.0 2 18
634.5 93 125
634.5 93 126
636.0 150 165
636.0 150 166
637.5 91 112
637.5 91 123
639.0 117 121
639.0 117 122
640.5 76 81
640.5 76 82
642.0 0 15
642.0 0 16
643.5 1 43
643.5 2 3
645.0 21 41
645.0 21 42
646.5 186 187
646.5 187 188
648.0 153 190
648.0 153 191
649.5 126 132
649.5 126 133
651.0 67 68
651.0 67 69
652.5 5 41
652.5 5 42
654.0 172 195
654.0 172 196
655.5 78 82
655.5 78 83
657.0 137 149
657.0 137 150
658.5 112 128
658.5 112 129
660.0 1 14
660.0 1 15
661.5 1 6
661.5 1 7
663.0 50 55
663.0 50 56
664.5 139 143
664.5 139 144
666.0 68 71
666.0 69 70
667.5 20 37
667.5 20 38
669.0 75 87
669.0 75 88
670.5 96 131
670.5 96 132
672.0 3 37
672.0 3 38
673.5 139 149
673.5 140 141
675.0 116 131
675.0 116 132
676.5 0 19
676.5 0 20
678.0 134 145
678.0 134 146
679.5 151 154
679.5 151 155
681.0 90 107
681.0 90 108
682.5 78 88
682.5 79 80
684.0 63 70
684.0 63 71
685.5 112 130
685.5 112 131
687.0 157 192
687.0 157 193
688.5 78 86
688.5 78 87
690.0 91 132
690.0 91 133
691.5 110 125
691.5 110 126
693.0 29 33
693.0 29 34
694.5 150 194
694.5 150 195
696.0 94 129
696.0 94 130
697.5 152 190
697.5 152 191
699.0 50 51
699.0 50 52
700.5 176 191
700.5 176 192
702.0 159 168
702.0 159 169
703.5 45 52
703.5 45 53
705.0 171 192
705.0 171 193
706.5 75 85
706.5 75 86
708.0 62 68
708.0 62 69
709.5 95 131
709.5 95 132
711.0 135 136
711.0 135 137
712.5 150 173
712.5 150 174
714.0 60 69
714.0 60 70
715.5 49 56
715.5 49 57
717.0 8 43
717.0 9 10
718.5 137 139
718.5 137 140
720.0 89 129
720.0 89 130
721.5 142 147
721.5 142 148
723.0 137 143
723.0 137 144
724.5 61 64
724.5 61 65
726.0 94 133
726.0 95 96
727.5 101 104
727.5 101 105
729.0 139 141
729.0 139 142
730.5 3 17
730.5 3 18
732.0 110 129
732.0 110 130
733.5 181 192
733.5 181 193
735.0 19 43
735.0 20 21
736.5 59 71
736.5 59 72
738.0 96 109
738.0 96 110
739.5 109 110
739.5 109 127
741.0 61 66
741.0 61 67
742.5 3 35
742.5 3 36
744.0 99 100
744.0 99 103
745.5 97 130
745.5 97 131
747.0 192 193
747.0 192 194
748.5 152 176
748.5 152 177
750.0 24 35
750.0 24 36
751.5 182 190
751.5 182 191
753.0 151 188
753.0 151 189
754.5 142 145
754.5 142 146
756.0 152 192
756.0 152 193
757.5 153 176
757.5 153 189
759.0 61 70
759.0 61 71
760.5 90 131
760.5 90 132
762.0 83 87
762.0 83 88
763.5 193 196
763.5 194 195
765.0 141 142
765.0 141 143
766.5 27 40
766.5 27 41
768.0 52 55
768.0 52 56
769.5 9 18
769.5 10 11
771.0 36 40
771.0 36 41
772.5 150 196
772.5 150 197
774.0 114 129
774.0 114 130
775.5 113 129
775.5 113 130
777.0 136 142
777.0 136 143
778.5 90 111
778.5 90 112
780.0 0 3
780.0 0 4
781.5 77 78
781.5 77 79
783.0 22 42
783.0 22 43
784.5 155 195
784.5 155 196
786.0 113 114
786.0 113 122
787.5 170 171
787.5 171 172
789.0 145 146
789.0 145 147
790.5 0 21
790.5 0 22
792.0 28 35
792.0 28 36
793.5 153 166
793.5 153 167
795.0 0 37
795.0 0 38
796.5 59 67
796.5 59 68
798.0 79 83
798.0 79 84
799.5 137 141
799.5 137 142
801.0 95 129
801.0 95 130
802.5 62 64
802.5 62 65
804.0 150 169
804.0 150 170
805.5 62 66
805.5 62 67
807.0 142 143
807.0 142 144
808.5 62 70
808.5 62 71
810.0 19 37
810.0 19 38
811.5 80 81
811.5 80 82
813.0 4 36
813.0 4 37
814.5 119 120
814.5 119 121
816.0 180 197
816.0 181 182
817.5 26 36
817.5 26 37
819.0 92 128
819.0 92 129
820.5 76 79
820.5 76 80
822.0 8 16
822.0 8 17
823.5 114 131
823.5 114 132
825.0 28 29
825.0 28 30
826.5 28 41
826.5 28 42
828.0 160 168
828.0 160 169
829.5 154 195
829.5 154 196
831.0 195 196
831.0 196 197
832.5 109 128
832.5 109 129
834.0 27 28
834.0 27 31
835.5 10 14
835.5 10 15
837.0 96 105
837.0 96 106
838.5 126 128
838.5 126 129
840.0 115 129
840.0 115 130
841.5 152 196
841.5 152 197
843.0 97 128
843.0 97 129
844.5 141 146
844.5 141 147
846.0 89 107
846.0 89 108
847.5 173 191
847.5 173 192
849.0 117 123
849.0 117 124
850.5 131 132
850.5 132 133
852.0 66 70
852.0 66 71
853.5 77 82
853.5 77 83
855.0 173 197
855.0 174 175
856.5 109 130
856.5 109 131
858.0 28 33
858.0 28 34
859.5 48 52
859.5 48 53
861.0 79 81
861.0 79 82
862.5 191 193
862.5 191 194
864.0 2 21
864.0 2 35
865.5 30 34
865.5 31 32
867.0 130 131
867.0 130 132
868.5 72 87
868.5 72 88
870.0 115 131
870.0 115 132
871.5 60 61
871.5 60 62
873.0 37 42
873.0 37 43
874.5 116 122
874.5 116 123
876.0 7 19
876.0 7 39
877.5 80 83
877.5 80 84
879.0 57 72
879.0 57 88
880.5 178 179
880.5 178 188
882.0 159 166
882.0 159 167
883.5 135 148
883.5 135 149
885.0 174 191
885.0 174 192
886.5 92 95
886.5 92 96
888.0 1 2
888.0 1 3
889.5 1 18
889.5 1 19
891.0 178 193
891.0 178 194
892.5 118 119
892.5 118 120
894.0 0 41
894.0 0 42
895.5 112 122
895.5 112 123
897.0 23 41
897.0 23 42
898.5 111 129
898.5 111 130
900.0 112 126
900.0 112 127
901.5 48 54
901.5 48 55
903.0 135 138
903.0 135 139
904.5 157 167
904.5 157 168
906.0 156 191
906.0 156 192
907.5 161 167
907.5 161 168
909.0 88 131
909.0 88 132
910.5 94 127
910.5 94 128
912.0 2 42
912.0 2 43
913.5 162 163
913.5 162 164
915.0 70 71
915.0 71 72
916.5 86 87
916.5 87 88
918.0 179 197
918.0 180 181
919.5 188 189
919.5 189 190
921.0 2 15
921.0 2 16
922.5 21 35
922.5 21 36
924.0 9 16
924.0 9 17
925.5 144 148
925.5 144 149
927.0 74 86
927.0 74 87
928.5 76 77
928.5 76 78
930.0 82 86
930.0 82 87
931.5 25 43
931.5 26 27
933.0 109 132
933.0 109 133
934.5 3 19
934.5 3 20
936.0 27 32
936.0 27 33
937.5 80 85
937.5 80 86
939.0 190 191
939.0 190 195
940.5 158 170
940.5 158 171
942.0 110 111
942.0 110 124
943.5 179 189
943.5 179 190
945.0 175 193
945.0 175 194
946.5 181 186
946.5 181 187
948.0 74 88
948.0 75 76
949.5 140 146
949.5 140 147
951.0 44 56
951.0 44 57
952.5 179 191
952.5 179 192
954.0 176 195
954.0 176 196
955.5 20 39
955.5 20 40
957.0 59 61
957.0 59 62
958.5 135 140
958.5 135 141
960.0 75 83
960.0 75 84
961.5 91 126
961.5 91 127
963.0 4 19
963.0 4 20
964.5 97 105
964.5 97 106
966.0 135 146
966.0 135 147
967.5 90 109
967.5 90 110
969.0 89 103
969.0 89 104
970.5 136 148
970.5 136 149
972.0 193 194
972.0 193 195
973.5 89 105
973.5 89 106
975.0 4 17
975.0 4 18
976.5 144 146
976.5 144 147
978.0 106 107
978.0 107 108
979.5 4 42
979.5 4 43
981.0 0 5
981.0 0 6
982.5 26 32
982.5 26 33
984.0 111 127
984.0 111 128
985.5 89 131
985.5 89 132
987.0 2 38
987.0 2 39
988.5 90 113
988.5 90 122
990.0 73 80
990.0 73 81
991.5 93 96
991.5 93 97
993.0 156 173
993.0 156 190
994.5 63 64
994.5 63 65
996.0 103 105
996.0 103 106
997.5 151 167
997.5 151 168
999.0 156 171
999.0 156 172
1000.5 113 123
1000.5 113 124
1002.0 65 71
1002.0 66 67
1003.5 158 197
1003.5 159 160
1005.0 92 105
1005.0 92 106
1006.5 137 145
1006.5 137 146
1008.0 46 47
1008.0 46 48
1009.5 126 130
1009.5 126 131
1011.0 151 175
1011.0 151 176
1012.5 48 56
1012.5 48 57
1014.0 97 109
1014.0 97 110
1015.5 1 22
1015.5 1 34
1017.0 74 80
1017.0 74 81
1018.5 85 86
1018.5 85 87
1020.0 92 124
1020.0 92 125
1021.5 164 165
1021.5 164 166
1023.0 181 194
1023.0 181 195
1024.5 1 39
1024.5 1 40
1026.0 82 84
1026.0 82 85
1027.5 175 191
1027.5 175 192
1029.0 154 191
1029.0 154 192
1030.5 59 69
1030.5 59 70
1032.0 46 57
1032.0 47 48
1033.5 57 70
1033.5 57 71
1035.0 6 16
1035.0 6 17
1036.5 60 65
1036.5 60 66
1038.0 5 37
1038.0 5 38
1039.5 148 149
1039.5 149 150
1041.0 10 16
1041.0 10 17
1042.5 151 190
1042.5 151 191
1044.0 116 133
1044.0 117 118
1045.5 117 119
1045.5 117 120
1047.0 134 143
1047.0 134 144
1048.5 92 132
1048.5 92 133
1050.0 9 14
1050.0 9 15
1051.5 94 106
1051.5 94 107
1053.0 58 72
1053.0 59 60
1054.5 166 167
1054.5 167 168
1056.0 98 109
1056.0 98 129
1057.5 111 123
1057.5 111 124
1059.0 7 15
1059.0 7 16
1060.5 5 6
1060.5 5 15
1062.0 44 54
1062.0 44 55
1063.5 60 67
1063.5 60 68
1065.0 91 104
1065.0 91 105
1066.5 134 141
1066.5 134 142
1068.0 25 33
1068.0 25 34
1069.5 21 39
1069.5 21 40
1071.0 136 138
1071.0 136 139
1072.5 123 124
1072.5 124 125
1074.0 45 46
1074.0 45 47
1075.5 127 128
1075.5 127 129
1077.0 79 85
1077.0 79 86
1078.5 19 41
1078.5 19 42
1080.0 3 39
1080.0 3 40
1081.5 139 147
1081.5 139 148
1083.0 150 167
1083.0 150 168
1084.5 150 177
1084.5 150 178
1086.0 75 77
1086.0 75 78
1087.5 3 43
1087.5 4 5
1089.0 61 62
1089.0 61 63
1090.5 138 147
1090.5 138 148
1092.0 164 167
1092.0 164 168
1093.5 190 196
1093.5 191 192
1095.0 155 189
1095.0 155 190
1096.5 183 185
1096.5 183 186
1098.0 6 14
1098.0 6 15
1099.5 20 43
1099.5 21 22
1101.0 177 194
1101.0 177 195
1102.5 76 83
1102.5 76 84
1104.0 110 127
1104.0 110 128
1105.5 60 71
1105.5 60 72
1107.0 74 84
1107.0 74 85
1108.5 52 53
1108.5 52 54
1110.0 151 177
1110.0 151 178
1111.5 128 129
1111.5 128 130
1113.0 53 56
1113.0 54 55
1114.5 151 196
1114.5 151 197
1116.0 134 135
1116.0 134 140
1117.5 23 24
1117.5 23 34
1119.0 174 189
1119.0 174 190
1120.5 89 111
1120.5 89 112
1122.0 140 148
1122.0 140 149
1123.5 19 39
1123.5 19 40
1125.0 3 15
1125.0 3 16
1126.5 47 53
1126.5 47 54
1128.0 114 121
1128.0 114 122
1129.5 89 109
1129.5 89 110
1131.0 6 43
1131.0 7 8
1132.5 0 35
1132.5 0 36
1134.0 152 157
1134.0 152 158
1135.5 151 152
1135.5 151 153
1137.0 137 147
1137.0 137 148
1138.5 80 87
1138.5 80 88
1140.0 152 170
1140.0 152 171
1141.5 93 111
1141.5 93 124
1143.0 138 139
1143.0 138 140
1144.5 21 43
1144.5 22 23
1146.0 115 133
1146.0 116 117
1147.5 58 70
1147.5 58 71
1149.0 162 167
1149.0 162 168
1150.5 94 125
1150.5 94 126
1152.0 159 170
1152.0 159 171
1153.5 154 172
1153.5 154 173
1155.0 92 126
1155.0 92 127
1156.5 89 149
1156.5 89 150
1158.0 125 133
1158.0 126 127
1159.5 118 123
1159.5 118 124
1161.0 46 49
1161.0 46 50
1162.5 177 192
1162.5 177 193
1164.0 84 85
1164.0 84 86
1165.5 7 40
1165.5 7 41
1167.0 73 78
1167.0 73 79
1168.5 27 34
1168.5 27 35
1170.0 120 121
1170.0 120 122
1171.5 152 194
1171.5 152 195
1173.0 163 166
1173.0 163 167
1174.5 73 76
1174.5 73 77
1176.0 97 126
1176.0 97 127
1177.5 153 168
1177.5 153 169
1179.0 59 65
1179.0 59 66
1180.5 88 149
1180.5 88 150
1182.0 93 105
1182.0 93 106
1183.5 58 68
1183.5 58 69
1185.0 23 37
1185.0 23 38
1186.5 153 156
1186.5 153 157
1188.0 89 127
1188.0 89 128
1189.5 92 109
1189.5 92 110
1191.0 96 107
1191.0 96 108
1192.5 64 71
1192.5 65 66
1194.0 23 43
1194.0 24 25
1195.5 95 125
1195.5 95 126
1197.0 156 195
1197.0 156 196
1198.5 58 59
1198.5 58 63
1200.0 90 123
1200.0 90 124
1201.5 143 145
1201.5 143 146
1203.0 154 155
1203.0 154 156
1204.5 49 52
1204.5 49 53
1206.0 26 42
1206.0 26 43
1207.5 180 187
1207.5 180 188
1209.0 151 192
1209.0 151 193
1210.5 91 93
1210.5 91 94
1212.0 20 35
1212.0 20 36
1213.5 60 63
1213.5 60 64
1215.0 111 133
1215.0 112 113
1216.5 180 195
1216.5 180 196
