0 77 88
0 78 79
1.5 22 40
1.5 22 41
3.0 113 114
3.0 113 122
4.5 75 83
4.5 75 84
6.0 151 154
6.0 151 155
7.5 130 131
7.5 130 132
9.0 155 171
9.0 155 172
10.5 110 125
10.5 110 126
12.0 151 156
12.0 151 157
13.5 90 131
13.5 90 132
15.0 5 41
15.0 5 42
16.5 178 193
16.5 178 194
18.0 89 94
18.0 89 95
19.5 72 73
19.5 72 80
21.0 3 4
21.0 3 5
22.5 91 104
22.5 91 105
24.0 148 149
24.0 149 150
25.5 115 127
25.5 115 128
27.0 150 151
27.0 150 157
28.5 84 87
28.5 84 88
30.0 25 39
30.0 25 40
31.5 63 70
31.5 63 71
33.0 180 197
33.0 181 182
34.5 58 66
34.5 58 67
36.0 20 37
36.0 20 38
37.5 154 197
37.5 155 156
39.0 23 43
39.0 24 25
40.5 16 17
40.5 17 18
42.0 153 168
42.0 153 169
43.5 180 191
43.5 180 192
45.0 19 37
45.0 19 38
46.5 158 168
46.5 158 169
48.0 177 196
48.0 177 197
49.5 124 133
49.5 125 126
51.0 177 190
51.0 177 191
52.5 151 160
52.5 151 161
54.0 176 195
54.0 176 196
55.5 96 109
55.5 96 110
57.0 173 191
57.0 173 192
58.5 153 170
58.5 153 171
60.0 184 189
60.0 185 186
61.5 63 66
61.5 63 67
63.0 89 129
63.0 89 130
64.5 150 177
64.5 150 178
66.0 133 134
66.0 133 150
67.5 94 133
67.5 95 96
69.0 28 43
69.0 29 30
70.5 93 125
70.5 93 126
72.0 152 172
72.0 152 173
73.5 135 150
73.5 136 137
75.0 65 67
75.0 65 68
76.5 2 4
76.5 2 5
78.0 12 14
78.0 12 15
79.5 178 191
79.5 178 192
81.0 77 82
81.0 77 83
82.5 74 76
82.5 74 77
84.0 33 34
84.0 34 35
85.5 70 71
85.5 71 72
87.0 153 172
87.0 153 173
88.5 162 163
88.5 162 164
90.0 73 80
90.0 73 81
91.5 92 105
91.5 92 106
93.0 21 43
93.0 22 23
94.5 77 78
94.5 77 79
96.0 46 49
96.0 46 50
97.5 48 56
97.5 48 57
99.0 153 176
99.0 153 189
100.5 76 87
100.5 76 88
102.0 183 189
102.0 183 190
103.5 89 109
103.5 89 110
105.0 95 127
105.0 95 128
106.5 159 197
106.5 160 161
108.0 92 132
108.0 92 133
109.5 91 132
109.5 91 133
111.0 18 42
111.0 18 43
112.5 26 36
112.5 26 37
114.0 160 170
114.0 160 171
115.5 18 19
115.5 18 41
117.0 179 197
117.0 180 181
118.5 184 185
118.5 184 186
120.0 91 128
120.0 91 129
121.5 25 33
121.5 25 34
123.0 92 107
123.0 92 108
124.5 154 157
124.5 154 158
126.0 8 18
126.0 8 42
127.5 115 125
127.5 115 126
129.0 80 87
129.0 80 88
130.5 6 41
130.5 6 42
132.0 53 54
132.0 53 55
133.5 178 179
133.5 178 188
135.0 163 166
135.0 163 167
136.5 76 77
136.5 76 78
138.0 154 193
138.0 154 194
139.5 146 149
139.5 147 148
141.0 74 86
141.0 74 87
142.5 19 39
142.5 19 40
144.0 23 35
144.0 23 36
145.5 21 39
145.5 21 40
147.0 135 144
147.0 135 145
148.5 151 167
148.5 151 168
150.0 190 191
150.0 190 195
151.5 98 105
151.5 98 106
153.0 180 189
153.0 180 190
154.5 7 40
154.5 7 41
156.0 174 195
156.0 174 196
157.5 10 16
157.5 10 17
159.0 92 109
159.0 92 110
160.5 181 196
160.5 181 197
162.0 74 88
162.0 75 76
163.5 136 138
163.5 136 139
165.0 111 131
165.0 111 132
166.5 118 121
166.5 118 122
168.0 0 39
168.0 0 40
169.5 154 172
169.5 154 173
171.0 85 86
171.0 85 87
172.5 29 31
172.5 29 32
174.0 75 81
174.0 75 82
175.5 162 165
175.5 162 166
177.0 78 80
177.0 78 81
178.5 97 130
178.5 97 131
180.0 2 42
180.0 2 43
181.5 114 121
181.5 114 122
183.0 168 169
183.0 169 170
184.5 178 197
184.5 179 180
186.0 115 121
186.0 115 122
187.5 134 145
187.5 134 146
189.0 82 84
189.0 82 85
190.5 80 81
190.5 80 82
192.0 3 39
192.0 3 40
193.5 0 23
193.5 0 34
195.0 1 18
195.0 1 19
196.5 110 111
196.5 110 124
198.0 8 14
198.0 8 15
199.5 128 129
199.5 128 130
201.0 90 129
201.0 90 130
202.5 6 18
202.5 6 19
204.0 154 195
204.0 154 196
205.5 174 191
205.5 174 192
207.0 23 24
207.0 23 34
208.5 99 106
208.5 99 107
210.0 96 125
210.0 96 126
211.5 155 167
211.5 155 168
213.0 155 195
213.0 155 196
214.5 27 42
214.5 27 43
216.0 22 34
216.0 22 35
217.5 98 107
217.5 98 108
219.0 153 192
219.0 153 193
220.5 120 121
220.5 120 122
222.0 136 148
222.0 136 149
223.5 112 128
223.5 112 129
225.0 24 33
225.0 24 34
226.5 24 43
226.5 25 26
228.0 89 113
228.0 89 122
229.5 114 125
229.5 114 126
231.0 76 79
231.0 76 80
232.5 153 196
232.5 153 197
234.0 97 132
234.0 97 133
235.5 153 166
235.5 153 167
237.0 2 36
237.0 2 37
238.5 160 166
238.5 160 167
240.0 115 133
240.0 116 117
241.5 96 107
241.5 96 108
243.0 0 41
243.0 0 42
244.5 91 110
244.5 91 111
246.0 93 131
246.0 93 132
247.5 20 43
247.5 21 22
249.0 154 174
249.0 154 175
250.5 51 53
250.5 51 54
252.0 24 39
252.0 24 40
253.5 7 13
253.5 7 14
255.0 22 36
255.0 22 37
256.5 165 166
256.5 165 167
258.0 0 37
258.0 0 38
259.5 96 133
259.5 97 98
261.0 157 192
261.0 157 193
262.5 72 85
262.5 72 86
264.0 86 87
264.0 87 88
265.5 190 196
265.5 191 192
267.0 62 68
267.0 62 69
268.5 156 173
268.5 156 190
270.0 28 41
270.0 28 42
271.5 111 123
271.5 111 124
273.0 116 122
273.0 116 123
274.5 90 93
274.5 90 94
276.0 92 111
276.0 92 123
277.5 176 193
277.5 176 194
279.0 91 95
279.0 91 96
280.5 185 187
280.5 185 188
282.0 175 197
282.0 176 177
283.5 141 144
283.5 141 145
285.0 94 127
285.0 94 128
286.5 152 188
286.5 152 189
288.0 116 133
288.0 117 118
289.5 173 197
289.5 174 175
291.0 61 66
291.0 61 67
292.5 160 197
292.5 161 162
294.0 101 106
294.0 101 107
295.5 94 96
295.5 94 105
297.0 151 177
297.0 151 178
298.5 89 131
298.5 89 132
300.0 96 129
300.0 96 130
301.5 30 34
301.5 31 32
303.0 109 128
303.0 109 129
304.5 113 133
304.5 114 115
306.0 158 197
306.0 159 160
307.5 92 130
307.5 92 131
309.0 139 141
309.0 139 142
310.5 172 173
310.5 172 190
312.0 7 42
312.0 7 43
313.5 93 127
313.5 93 128
315.0 100 101
315.0 100 102
316.5 50 53
316.5 50 54
318.0 116 124
318.0 116 125
319.5 94 131
319.5 94 132
321.0 25 35
321.0 25 36
322.5 49 50
322.5 49 51
324.0 152 153
324.0 152 154
325.5 91 108
325.5 91 109
327.0 174 197
327.0 175 176
328.5 93 94
328.5 93 95
330.0 25 41
330.0 25 42
331.5 101 104
331.5 101 105
333.0 128 133
333.0 129 130
334.5 111 129
334.5 111 130
336.0 81 84
336.0 81 85
337.5 180 193
337.5 180 194
339.0 159 170
339.0 159 171
340.5 127 130
340.5 127 131
342.0 6 43
342.0 7 8
343.5 10 12
343.5 10 13
345.0 97 105
345.0 97 106
346.5 73 82
346.5 73 83
348.0 44 56
348.0 44 57
349.5 102 103
349.5 102 104
351.0 9 18
351.0 10 11
352.5 21 37
352.5 21 38
354.0 57 70
354.0 57 71
355.5 98 132
355.5 98 133
357.0 8 16
357.0 8 17
358.5 134 149
358.5 134 150
360.0 127 128
360.0 127 129
361.5 125 129
361.5 125 130
363.0 178 195
363.0 178 196
364.5 7 15
364.5 7 16
366.0 1 22
366.0 1 34
367.5 78 82
367.5 78 83
369.0 191 195
369.0 191 196
370.5 2 15
370.5 2 16
372.0 49 56
372.0 49 57
373.5 6 14
373.5 6 15
375.0 176 189
375.0 176 190
376.5 94 129
376.5 94 130
378.0 6 39
378.0 6 40
379.5 61 68
379.5 61 69
381.0 89 149
381.0 89 150
382.5 134 135
382.5 134 140
384.0 197 198
384.0 198 199
385.5 78 86
385.5 78 87
387.0 152 194
387.0 152 195
388.5 92 95
388.5 92 96
390.0 150 171
390.0 150 172
391.5 46 57
391.5 47 48
393.0 60 67
393.0 60 68
394.5 27 40
394.5 27 41
396.0 89 98
396.0 89 99
397.5 150 190
397.5 150 191
399.0 58 59
399.0 58 63
400.5 59 65
400.5 59 66
402.0 19 41
402.0 19 42
403.5 73 76
403.5 73 77
405.0 44 72
405.0 44 88
406.5 23 37
406.5 23 38
408.0 1 35
408.0 1 36
409.5 60 61
409.5 60 62
411.0 79 81
411.0 79 82
412.5 26 38
412.5 26 39
414.0 106 107
414.0 107 108
415.5 63 68
415.5 63 69
417.0 65 69
417.0 65 70
418.5 48 52
418.5 48 53
420.0 151 173
420.0 151 174
421.5 72 83
421.5 72 84
423.0 142 143
423.0 142 144
424.5 13 14
424.5 13 15
426.0 157 167
426.0 157 168
427.5 56 57
427.5 57 58
429.0 90 123
429.0 90 124
430.5 153 158
430.5 153 159
432.0 64 71
432.0 65 66
433.5 182 186
433.5 182 187
435.0 129 131
435.0 129 132
436.5 1 14
436.5 1 15
438.0 23 39
438.0 23 40
439.5 115 123
439.5 115 124
441.0 151 158
441.0 151 159
442.5 97 109
442.5 97 110
444.0 45 46
444.0 45 47
445.5 22 42
445.5 22 43
447.0 137 147
447.0 137 148
448.5 192 195
448.5 192 196
450.0 45 56
450.0 45 57
451.5 90 150
451.5 91 92
453.0 93 107
453.0 93 108
454.5 159 195
454.5 159 196
456.0 114 131
456.0 114 132
457.5 119 122
457.5 119 123
459.0 172 191
459.0 172 192
460.5 93 111
460.5 93 124
462.0 92 128
462.0 92 129
463.5 182 190
463.5 182 191
465.0 73 86
465.0 73 87
466.5 89 103
466.5 89 104
468.0 144 146
468.0 144 147
469.5 22 38
469.5 22 39
471.0 164 165
471.0 164 166
472.5 138 145
472.5 138 146
474.0 135 142
474.0 135 143
475.5 96 105
475.5 96 106
477.0 116 120
477.0 116 121
478.5 173 189
478.5 173 190
480.0 60 69
480.0 60 70
481.5 151 192
481.5 151 193
483.0 1 2
483.0 1 3
484.5 174 193
484.5 174 194
486.0 77 86
486.0 77 87
487.5 3 37
487.5 3 38
489.0 21 41
489.0 21 42
490.5 14 15
490.5 15 16
492.0 80 83
492.0 80 84
493.5 137 143
493.5 137 144
495.0 50 57
495.0 51 52
496.5 150 167
496.5 150 168
498.0 157 169
498.0 157 170
499.5 27 32
499.5 27 33
501.0 37 40
501.0 37 41
502.5 50 55
502.5 50 56
504.0 176 197
504.0 177 178
505.5 170 171
505.5 171 172
507.0 102 105
507.0 102 106
508.5 4 36
508.5 4 37
510.0 52 55
510.0 52 56
511.5 89 111
511.5 89 112
513.0 75 85
513.0 75 86
514.5 5 43
514.5 6 7
516.0 9 14
516.0 9 15
517.5 11 16
517.5 12 13
519.0 3 41
519.0 3 42
520.5 142 149
520.5 143 144
522.0 95 131
522.0 95 132
523.5 92 93
523.5 92 94
525.0 42 43
525.0 43 44
526.5 45 54
526.5 45 55
528.0 81 86
528.0 81 87
529.5 157 171
529.5 157 172
531.0 118 119
531.0 118 120
532.5 172 193
532.5 172 194
534.0 26 40
534.0 26 41
535.5 100 105
535.5 100 106
537.0 150 158
537.0 150 159
538.5 90 133
538.5 90 134
540.0 136 146
540.0 136 147
541.5 138 141
541.5 138 142
543.0 91 126
543.0 91 127
544.5 153 154
544.5 153 155
546.0 98 130
546.0 98 131
547.5 79 87
547.5 79 88
549.0 95 125
549.0 95 126
550.5 11 14
550.5 11 15
552.0 161 169
552.0 161 170
553.5 46 55
553.5 46 56
555.0 143 149
555.0 144 145
556.5 1 4
556.5 1 5
558.0 52 53
558.0 52 54
559.5 7 17
559.5 7 18
561.0 90 109
561.0 90 110
562.5 136 142
562.5 136 143
564.0 26 32
564.0 26 33
565.5 135 136
565.5 135 137
567.0 117 125
567.0 117 131
568.5 90 125
568.5 90 126
570.0 157 194
570.0 157 195
571.5 83 87
571.5 83 88
573.0 89 96
573.0 89 97
574.5 49 54
574.5 49 55
576.0 188 189
576.0 189 190
577.5 151 152
577.5 151 153
579.0 4 17
579.0 4 18
580.5 113 123
580.5 113 124
582.0 157 196
582.0 157 197
583.5 39 40
583.5 39 41
585.0 73 88
585.0 74 75
586.5 102 107
586.5 103 104
588.0 152 168
588.0 152 169
589.5 193 194
589.5 193 195
591.0 126 128
591.0 126 129
592.5 153 174
592.5 153 175
594.0 27 38
594.0 27 39
595.5 36 40
595.5 36 41
597.0 117 121
597.0 117 122
598.5 79 85
598.5 79 86
600.0 118 123
600.0 118 124
601.5 95 109
601.5 95 110
603.0 9 12
603.0 9 13
604.5 155 169
604.5 155 170
606.0 90 127
606.0 90 128
607.5 74 80
607.5 74 81
609.0 59 69
609.0 59 70
610.5 20 41
610.5 20 42
612.0 115 131
612.0 115 132
613.5 89 125
613.5 89 126
615.0 2 40
615.0 2 41
616.5 30 32
616.5 30 33
618.0 180 195
618.0 180 196
619.5 95 133
619.5 96 97
621.0 159 172
621.0 159 192
622.5 62 70
622.5 62 71
624.0 47 55
624.0 47 56
625.5 136 144
625.5 136 145
627.0 172 197
627.0 173 174
628.5 48 54
628.5 48 55
630.0 179 193
630.0 179 194
631.5 143 147
631.5 143 148
633.0 99 104
633.0 99 105
634.5 27 28
634.5 27 31
636.0 183 185
636.0 183 186
637.5 73 74
637.5 73 75
639.0 90 107
639.0 90 108
640.5 137 145
640.5 137 146
642.0 7 19
642.0 7 39
643.5 0 15
643.5 0 16
645.0 114 133
645.0 115 116
646.5 1 41
646.5 1 42
648.0 126 132
648.0 126 133
649.5 37 38
649.5 37 39
651.0 113 129
651.0 113 130
652.5 24 41
652.5 24 42
654.0 134 147
654.0 134 148
655.5 138 143
655.5 138 144
657.0 68 71
657.0 69 70
658.5 151 165
658.5 151 166
660.0 172 195
660.0 172 196
661.5 159 193
661.5 159 194
663.0 44 52
663.0 44 53
664.5 91 130
664.5 91 131
666.0 89 105
666.0 89 106
667.5 110 131
667.5 110 132
669.0 181 194
669.0 181 195
670.5 156 167
670.5 156 168
672.0 181 186
672.0 181 187
673.5 162 167
673.5 162 168
675.0 171 196
675.0 171 197
676.5 76 85
676.5 76 86
678.0 156 171
678.0 156 172
679.5 88 149
679.5 88 150
681.0 84 85
681.0 84 86
682.5 2 21
682.5 2 35
684.0 91 112
684.0 91 123
685.5 93 129
685.5 93 130
687.0 36 42
687.0 36 43
688.5 46 53
688.5 46 54
690.0 193 196
690.0 194 195
691.5 156 191
691.5 156 192
693.0 90 91
693.0 90 92
694.5 73 78
694.5 73 79
696.0 54 56
696.0 55 56
697.5 68 69
697.5 68 70
699.0 141 146
699.0 141 147
700.5 81 82
700.5 81 83
702.0 116 126
702.0 116 128
703.5 24 37
703.5 24 38
705.0 163 168
705.0 163 169
706.5 78 84
706.5 78 85
708.0 82 88
708.0 83 84
709.5 150 175
709.5 150 176
711.0 58 70
711.0 58 71
712.5 135 146
712.5 135 147
714.0 151 190
714.0 151 191
715.5 1 37
715.5 1 38
717.0 109 132
717.0 109 133
718.5 156 195
718.5 156 196
720.0 90 97
720.0 90 98
721.5 37 42
721.5 37 43
723.0 150 188
723.0 150 189
724.5 159 166
724.5 159 167
726.0 135 140
726.0 135 141
727.5 60 63
727.5 60 64
729.0 141 142
729.0 141 143
730.5 182 183
730.5 182 185
732.0 192 193
732.0 192 194
733.5 134 141
733.5 134 142
735.0 173 195
735.0 173 196
736.5 182 196
736.5 183 184
738.0 1 6
738.0 1 7
739.5 150 160
739.5 150 161
741.0 136 150
741.0 137 138
742.5 90 105
742.5 90 106
744.0 90 111
744.0 90 112
745.5 89 127
745.5 89 128
747.0 94 108
747.0 94 109
748.5 20 39
748.5 20 40
750.0 123 124
750.0 124 125
751.5 38 39
751.5 38 40
753.0 92 97
753.0 92 98
754.5 138 139
754.5 138 140
756.0 44 54
756.0 44 55
757.5 110 129
757.5 110 130
759.0 151 175
759.0 151 176
760.5 134 143
760.5 134 144
762.0 28 31
762.0 28 32
763.5 144 148
763.5 144 149
765.0 154 159
765.0 154 167
766.5 35 36
766.5 36 37
768.0 142 147
768.0 142 148
769.5 161 167
769.5 161 168
771.0 126 130
771.0 126 131
772.5 117 123
772.5 117 124
774.0 93 96
774.0 93 97
775.5 178 189
775.5 178 190
777.0 89 107
777.0 89 108
778.5 97 128
778.5 97 129
780.0 60 71
780.0 60 72
781.5 158 193
781.5 158 194
783.0 95 107
783.0 95 108
784.5 5 18
784.5 5 19
786.0 152 196
786.0 152 197
787.5 3 43
787.5 4 5
789.0 0 1
789.0 0 2
790.5 162 169
790.5 162 170
792.0 25 43
792.0 26 27
793.5 151 171
793.5 151 172
795.0 104 105
795.0 105 106
796.5 158 172
796.5 158 190
798.0 112 132
798.0 112 133
799.5 135 138
799.5 135 139
801.0 140 144
801.0 140 145
802.5 4 40
802.5 4 41
804.0 44 45
804.0 44 51
805.5 158 159
805.5 158 167
807.0 61 62
807.0 61 63
808.5 155 189
808.5 155 190
810.0 83 85
810.0 83 86
811.5 89 123
811.5 89 124
813.0 2 6
813.0 2 14
814.5 47 57
814.5 48 49
816.0 0 5
816.0 0 6
817.5 175 191
817.5 175 192
819.0 31 33
819.0 32 33
820.5 8 43
820.5 9 10
822.0 99 132
822.0 99 133
823.5 19 20
823.5 19 36
825.0 152 166
825.0 152 167
826.5 5 39
826.5 5 40
828.0 124 131
828.0 124 132
829.5 45 52
829.5 45 53
831.0 180 187
831.0 180 188
832.5 159 168
832.5 159 169
834.0 82 86
834.0 82 87
835.5 72 87
835.5 72 88
837.0 62 64
837.0 62 65
838.5 152 170
838.5 152 171
840.0 59 71
840.0 59 72
841.5 73 84
841.5 73 85
843.0 1 39
843.0 1 40
844.5 145 146
844.5 145 147
846.0 156 169
846.0 156 170
847.5 154 155
847.5 154 156
849.0 91 106
849.0 91 107
850.5 171 194
850.5 171 195
852.0 155 173
852.0 155 174
853.5 108 109
853.5 108 133
855.0 77 80
855.0 77 81
856.5 28 29
856.5 28 30
858.0 26 34
858.0 26 35
859.5 119 120
859.5 119 121
861.0 47 53
861.0 47 54
862.5 103 105
862.5 103 106
864.0 74 78
864.0 74 79
865.5 163 164
865.5 163 165
867.0 75 87
867.0 75 88
868.5 131 132
868.5 132 133
870.0 74 84
870.0 74 85
871.5 76 83
871.5 76 84
873.0 191 193
873.0 191 194
874.5 195 196
874.5 196 197
876.0 61 72
876.0 62 63
877.5 8 9
877.5 8 13
879.0 29 33
879.0 29 34
880.5 141 148
880.5 141 149
882.0 173 193
882.0 173 194
883.5 113 125
883.5 113 126
885.0 174 189
885.0 174 190
886.5 6 16
886.5 6 17
888.0 101 102
888.0 101 103
889.5 10 14
889.5 10 15
891.0 96 127
891.0 96 128
892.5 89 133
892.5 89 134
894.0 3 35
894.0 3 36
895.5 63 64
895.5 63 65
897.0 160 168
897.0 160 169
898.5 0 17
898.5 0 18
900.0 91 97
900.0 91 98
901.5 114 129
901.5 114 130
903.0 23 41
903.0 23 42
904.5 166 167
904.5 167 168
906.0 28 33
906.0 28 34
907.5 98 109
907.5 98 129
909.0 67 68
909.0 67 69
910.5 140 146
910.5 140 147
912.0 182 188
912.0 182 189
913.5 177 192
913.5 177 193
915.0 182 194
915.0 182 195
916.5 181 190
916.5 181 191
918.0 66 68
918.0 66 69
919.5 140 142
919.5 140 143
921.0 77 84
921.0 77 85
922.5 138 147
922.5 138 148
924.0 138 149
924.0 139 140
925.5 154 191
925.5 154 192
927.0 151 194
927.0 151 195
928.5 1 20
928.5 1 21
930.0 139 143
930.0 139 144
931.5 97 126
931.5 97 127
933.0 157 190
933.0 157 191
934.5 59 63
934.5 59 64
936.0 150 165
936.0 150 166
937.5 67 70
937.5 67 71
939.0 81 88
939.0 82 83
940.5 155 193
940.5 155 194
942.0 72 81
942.0 72 82
943.5 175 193
943.5 175 194
945.0 152 159
945.0 152 160
946.5 46 47
946.5 46 48
948.0 79 83
948.0 79 84
949.5 121 122
949.5 122 123
951.0 177 188
951.0 177 189
952.5 152 190
952.5 152 191
954.0 2 17
954.0 2 18
955.5 91 124
955.5 91 125
957.0 113 131
957.0 113 132
958.5 0 21
958.5 0 22
960.0 4 19
960.0 4 20
961.5 3 15
961.5 3 16
963.0 117 119
963.0 117 120
964.5 145 148
964.5 145 149
966.0 179 189
966.0 179 190
967.5 110 127
967.5 110 128
969.0 100 107
969.0 100 108
970.5 47 49
970.5 47 50
972.0 139 147
972.0 139 148
973.5 113 127
973.5 113 128
975.0 6 37
975.0 6 38
976.5 98 99
976.5 98 104
978.0 59 67
978.0 59 68
979.5 0 43
979.5 0 44
981.0 158 170
981.0 158 171
982.5 91 93
982.5 91 94
984.0 58 64
984.0 58 65
985.5 179 187
985.5 179 188
987.0 175 195
987.0 175 196
988.5 39 42
988.5 40 41
990.0 24 35
990.0 24 36
991.5 64 65
991.5 64 66
993.0 26 42
993.0 26 43
994.5 9 16
994.5 9 17
996.0 92 124
996.0 92 125
997.5 94 125
997.5 94 126
999.0 64 67
999.0 64 68
1000.5 137 141
1000.5 137 142
1002.0 51 55
1002.0 51 56
1003.5 0 3
1003.5 0 4
1005.0 175 189
1005.0 175 190
1006.5 88 131
1006.5 88 132
1008.0 0 7
1008.0 0 14
1009.5 155 157
1009.5 155 158
1011.0 153 194
1011.0 153 195
1012.5 45 48
1012.5 45 49
1014.0 21 35
1014.0 21 36
1015.5 111 133
1015.5 112 113
1017.0 153 156
1017.0 153 157
1018.5 179 195
1018.5 179 196
1020.0 137 139
1020.0 137 140
1021.5 183 187
1021.5 183 188
1023.0 143 145
1023.0 143 146
1024.5 135 148
1024.5 135 149
1026.0 75 77
1026.0 75 78
1027.5 184 187
1027.5 184 188
1029.0 112 126
1029.0 112 127
1030.5 93 109
1030.5 93 110
1032.0 0 19
1032.0 0 20
1033.5 115 129
1033.5 115 130
1035.0 3 19
1035.0 3 20
1036.5 99 108
1036.5 99 109
1038.0 150 173
1038.0 150 174
1039.5 100 103
1039.5 100 104
1041.0 38 41
1041.0 38 42
1042.5 66 70
1042.5 66 71
1044.0 181 192
1044.0 181 193
1045.5 58 72
1045.5 59 60
1047.0 156 193
1047.0 156 194
1048.5 96 131
1048.5 96 132
1050.0 151 188
1050.0 151 189
1051.5 58 68
1051.5 58 69
1053.0 93 105
1053.0 93 106
1054.5 19 43
1054.5 20 21
1056.0 112 130
1056.0 112 131
1057.5 139 145
1057.5 139 146
1059.0 50 51
1059.0 50 52
1060.5 116 131
1060.5 116 132
1062.0 99 100
1062.0 99 103
1063.5 146 147
1063.5 146 148
1065.0 48 50
1065.0 48 51
1066.5 46 51
1066.5 46 52
1068.0 25 37
1068.0 25 38
1069.5 20 35
1069.5 20 36
1071.0 150 196
1071.0 150 197
1072.5 76 81
1072.5 76 82
1074.0 152 174
1074.0 152 175
1075.5 152 192
1075.5 152 193
1077.0 94 106
1077.0 94 107
1078.5 109 110
1078.5 109 127
1080.0 154 170
1080.0 154 171
1081.5 0 35
1081.5 0 36
1083.0 164 167
1083.0 164 168
1084.5 153 190
1084.5 153 191
1086.0 136 140
1086.0 136 141
1087.5 29 35
1087.5 30 31
1089.0 4 15
1089.0 4 16
1090.5 5 6
1090.5 5 15
1092.0 117 132
1092.0 117 133
1093.5 90 99
1093.5 90 104
1095.0 181 188
1095.0 181 189
1096.5 116 129
1096.5 116 130
1098.0 110 133
1098.0 111 112
1099.5 109 130
1099.5 109 131
1101.0 78 88
1101.0 79 80
1102.5 88 133
1102.5 88 134
1104.0 111 127
1104.0 111 128
1105.5 139 149
1105.5 140 141
1107.0 62 66
1107.0 62 67
1108.5 151 196
1108.5 151 197
1110.0 27 34
1110.0 27 35
1111.5 4 42
1111.5 4 43
1113.0 74 82
1113.0 74 83
1114.5 75 79
1114.5 75 80
1116.0 65 71
1116.0 66 67
1117.5 64 69
1117.5 64 70
1119.0 47 51
1119.0 47 52
1120.5 49 52
1120.5 49 53
1122.0 114 127
1122.0 114 128
1123.5 150 192
1123.5 150 193
1125.0 186 187
1125.0 187 188
1126.5 112 122
1126.5 112 123
1128.0 128 131
1128.0 128 132
1129.5 90 113
1129.5 90 122
1131.0 177 194
1131.0 177 195
1132.5 154 168
1132.5 154 169
1134.0 160 195
1134.0 160 196
1135.5 1 16
1135.5 1 17
1137.0 61 70
1137.0 61 71
1138.5 127 132
1138.5 127 133
1140.0 142 145
1140.0 142 146
1141.5 176 191
1141.5 176 192
1143.0 11 12
1143.0 11 13
1144.5 150 194
1144.5 150 195
1146.0 152 176
1146.0 152 177
1147.5 125 131
1147.5 125 132
1149.0 125 133
1149.0 126 127
1150.5 88 89
1150.5 88 130
1152.0 179 191
1152.0 179 192
1153.5 45 50
1153.5 45 51
1155.0 1 43
1155.0 2 3
1156.5 80 85
1156.5 80 86
1158.0 4 38
1158.0 4 39
1159.5 150 169
1159.5 150 170
1161.0 97 107
1161.0 97 108
1162.5 2 19
1162.5 2 20
1164.0 94 110
1164.0 94 124
1165.5 60 65
1165.5 60 66
1167.0 156 197
1167.0 157 158
1168.5 161 165
1168.5 161 166
1170.0 61 64
1170.0 61 65
1171.5 3 17
1171.5 3 18
1173.0 40 42
1173.0 41 42
1174.5 5 37
1174.5 5 38
1176.0 95 129
1176.0 95 130
1177.5 5 20
1177.5 5 36
1179.0 112 124
1179.0 112 125
1180.5 114 123
1180.5 114 124
1182.0 27 36
1182.0 27 37
1183.5 158 191
1183.5 158 192
1185.0 2 38
1185.0 2 39
1186.5 155 191
1186.5 155 192
1188.0 95 105
1188.0 95 106
1189.5 171 192
1189.5 171 193
1191.0 90 95
1191.0 90 96
1192.5 152 155
1192.5 152 156
1194.0 5 16
1194.0 5 17
1195.5 111 125
1195.5 111 126
1197.0 92 126
1197.0 92 127
1198.5 57 72
1198.5 57 88
1200.0 155 197
1200.0 156 157
1201.5 137 149
1201.5 137 150
1203.0 59 61
1203.0 59 62
1204.5 151 169
1204.5 151 170
1206.0 140 148
1206.0 140 149
1207.5 93 133
1207.5 94 95
1209.0 152 157
1209.0 152 158
1210.5 53 56
1210.5 54 55
1212.0 28 35
1212.0 28 36
1213.5 89 90
1213.5 89 93
1215.0 154 189
1215.0 154 190
1216.5 158 195
1216.5 158 196
