0 151 177
0 151 178
0.501 137 149
0.501 137 150
1.0019999999999998 6 16
1.0019999999999998 6 17
1.5029999999999997 137 143
1.5029999999999997 137 144
2.0039999999999996 89 96
2.0039999999999996 89 97
2.5049999999999994 4 38
2.5049999999999994 4 39
3.0059999999999993 29 31
3.0059999999999993 29 32
3.5069999999999992 81 88
3.5069999999999992 82 83
4.008 136 148
4.008 136 149
4.509 11 16
4.509 12 13
5.010000000000001 1 2
5.010000000000001 1 3
5.511000000000001 175 193
5.511000000000001 175 194
6.012000000000001 178 191
6.012000000000001 178 192
6.513000000000002 28 29
6.513000000000002 28 30
7.014000000000002 154 174
7.014000000000002 154 175
7.515000000000002 74 76
7.515000000000002 74 77
8.016000000000002 5 37
8.016000000000002 5 38
8.517000000000001 36 40
8.517000000000001 36 41
9.018 159 197
9.018 160 161
9.519 45 46
9.519 45 47
10.02 162 165
10.02 162 166
10.520999999999999 172 191
10.520999999999999 172 192
11.021999999999998 21 41
11.021999999999998 21 42
11.522999999999998 68 69
11.522999999999998 68 70
12.023999999999997 133 134
12.023999999999997 133 150
12.524999999999997 182 188
12.524999999999997 182 189
13.025999999999996 0 43
13.025999999999996 0 44
13.526999999999996 101 106
13.526999999999996 101 107
14.027999999999995 90 105
14.027999999999995 90 106
14.528999999999995 156 173
14.528999999999995 156 190
15.029999999999994 62 70
15.029999999999994 62 71
15.530999999999993 90 93
15.530999999999993 90 94
16.031999999999993 150 167
16.031999999999993 150 168
16.532999999999994 8 14
16.532999999999994 8 15
17.033999999999995 90 113
17.033999999999995 90 122
17.534999999999997 125 133
17.534999999999997 126 127
18.035999999999998 179 193
18.035999999999998 179 194
18.537 25 43
18.537 26 27
19.038 90 131
19.038 90 132
19.539 115 131
19.539 115 132
20.040000000000003 3 35
20.040000000000003 3 36
20.541000000000004 151 175
20.541000000000004 151 176
21.042000000000005 74 88
21.042000000000005 75 76
21.543000000000006 116 126
21.543000000000006 116 128
22.044000000000008 65 69
22.044000000000008 65 70
22.54500000000001 83 85
22.54500000000001 83 86
23.04600000000001 75 81
23.04600000000001 75 82
23.54700000000001 26 36
23.54700000000001 26 37
24.048000000000012 82 88
24.048000000000012 83 84
24.549000000000014 20 37
24.549000000000014 20 38
25.050000000000015 44 72
25.050000000000015 44 88
25.551000000000016 191 193
25.551000000000016 191 194
26.052000000000017 0 37
26.052000000000017 0 38
26.55300000000002 97 107
26.55300000000002 97 108
27.05400000000002 159 166
27.05400000000002 159 167
27.55500000000002 94 125
27.55500000000002 94 126
28.056000000000022 21 43
28.056000000000022 22 23
28.557000000000023 22 40
28.557000000000023 22 41
29.058000000000025 47 53
29.058000000000025 47 54
29.559000000000026 27 40
29.559000000000026 27 41
30.060000000000027 91 95
30.060000000000027 91 96
30.56100000000003 89 129
30.56100000000003 89 130
31.06200000000003 7 19
31.06200000000003 7 39
31.56300000000003 129 131
31.56300000000003 129 132
32.06400000000003 72 83
32.06400000000003 72 84
32.565000000000026 90 111
32.565000000000026 90 112
33.066000000000024 46 57
33.066000000000024 47 48
33.56700000000002 168 169
33.56700000000002 169 170
34.06800000000002 142 143
34.06800000000002 142 144
34.56900000000002 145 146
34.56900000000002 145 147
35.070000000000014 151 190
35.070000000000014 151 191
35.57100000000001 89 125
35.57100000000001 89 126
36.07200000000001 118 119
36.07200000000001 118 120
36.57300000000001 117 125
36.57300000000001 117 131
37.074000000000005 52 53
37.074000000000005 52 54
37.575 155 193
37.575 155 194
38.076 153 172
38.076 153 173
38.577 5 20
38.577 5 36
39.077999999999996 20 41
39.077999999999996 20 42
39.57899999999999 5 39
39.57899999999999 5 40
40.07999999999999 86 87
40.07999999999999 87 88
40.58099999999999 73 88
40.58099999999999 74 75
41.08199999999999 78 88
41.08199999999999 79 80
41.582999999999984 5 18
41.582999999999984 5 19
42.08399999999998 92 109
42.08399999999998 92 110
42.58499999999998 72 87
42.58499999999998 72 88
43.08599999999998 74 86
43.08599999999998 74 87
43.586999999999975 180 189
43.586999999999975 180 190
44.08799999999997 155 157
44.08799999999997 155 158
44.58899999999997 143 147
44.58899999999997 143 148
45.08999999999997 98 109
45.08999999999997 98 129
45.590999999999966 151 158
45.590999999999966 151 159
46.09199999999996 45 56
46.09199999999996 45 57
46.59299999999996 115 133
46.59299999999996 116 117
47.09399999999996 155 189
47.09399999999996 155 190
47.594999999999956 0 23
47.594999999999956 0 34
48.095999999999954 75 77
48.095999999999954 75 78
48.59699999999995 175 189
48.59699999999995 175 190
49.09799999999995 47 57
49.09799999999995 48 49
49.59899999999995 2 38
49.59899999999995 2 39
50.099999999999945 6 41
50.099999999999945 6 42
50.60099999999994 166 167
50.60099999999994 167 168
51.10199999999994 175 195
51.10199999999994 175 196
51.60299999999994 0 7
51.60299999999994 0 14
52.103999999999935 73 84
52.103999999999935 73 85
52.60499999999993 1 37
52.60499999999993 1 38
53.10599999999993 48 50
53.10599999999993 48 51
53.60699999999993 90 129
53.60699999999993 90 130
54.107999999999926 77 82
54.107999999999926 77 83
54.608999999999924 27 38
54.608999999999924 27 39
55.10999999999992 128 131
55.10999999999992 128 132
55.61099999999992 197 198
55.61099999999992 198 199
56.11199999999992 44 52
56.11199999999992 44 53
56.612999999999914 111 133
56.612999999999914 112 113
57.11399999999991 151 167
57.11399999999991 151 168
57.61499999999991 30 34
57.61499999999991 31 32
58.11599999999991 46 53
58.11599999999991 46 54
58.616999999999905 88 149
58.616999999999905 88 150
59.1179999999999 93 133
59.1179999999999 94 95
59.6189999999999 89 107
59.6189999999999 89 108
60.1199999999999 19 39
60.1199999999999 19 40
60.620999999999896 76 81
60.620999999999896 76 82
61.12199999999989 152 192
61.12199999999989 152 193
61.62299999999989 94 96
61.62299999999989 94 105
62.12399999999989 50 51
62.12399999999989 50 52
62.624999999999886 174 191
62.624999999999886 174 192
63.125999999999884 1 22
63.125999999999884 1 34
63.62699999999988 116 133
63.62699999999988 117 118
64.12799999999989 60 65
64.12799999999989 60 66
64.62899999999989 89 105
64.62899999999989 89 106
65.1299999999999 159 170
65.1299999999999 159 171
65.6309999999999 8 9
65.6309999999999 8 13
66.1319999999999 49 54
66.1319999999999 49 55
66.63299999999991 74 82
66.63299999999991 74 83
67.13399999999992 190 191
67.13399999999992 190 195
67.63499999999992 24 43
67.63499999999992 25 26
68.13599999999992 4 40
68.13599999999992 4 41
68.63699999999993 182 194
68.63699999999993 182 195
69.13799999999993 121 122
69.13799999999993 122 123
69.63899999999994 6 14
69.63899999999994 6 15
70.13999999999994 2 4
70.13999999999994 2 5
70.64099999999995 138 139
70.64099999999995 138 140
71.14199999999995 137 141
71.14199999999995 137 142
71.64299999999996 5 6
71.64299999999996 5 15
72.14399999999996 28 41
72.14399999999996 28 42
72.64499999999997 25 33
72.64499999999997 25 34
73.14599999999997 92 126
73.14599999999997 92 127
73.64699999999998 60 61
73.64699999999998 60 62
74.14799999999998 151 173
74.14799999999998 151 174
74.64899999999999 94 108
74.64899999999999 94 109
75.14999999999999 158 170
75.14999999999999 158 171
75.651 81 84
75.651 81 85
76.152 11 14
76.152 11 15
76.653 124 133
76.653 125 126
77.15400000000001 135 146
77.15400000000001 135 147
77.65500000000002 173 197
77.65500000000002 174 175
78.15600000000002 135 136
78.15600000000002 135 137
78.65700000000002 66 70
78.65700000000002 66 71
79.15800000000003 157 190
79.15800000000003 157 191
79.65900000000003 155 195
79.65900000000003 155 196
80.16000000000004 154 157
80.16000000000004 154 158
80.66100000000004 141 146
80.66100000000004 141 147
81.16200000000005 24 33
81.16200000000005 24 34
81.66300000000005 47 49
81.66300000000005 47 50
82.16400000000006 150 196
82.16400000000006 150 197
82.66500000000006 179 187
82.66500000000006 179 188
83.16600000000007 63 64
83.16600000000007 63 65
83.66700000000007 113 127
83.66700000000007 113 128
84.16800000000008 89 98
84.16800000000008 89 99
84.66900000000008 52 55
84.66900000000008 52 56
85.17000000000009 89 123
85.17000000000009 89 124
85.67100000000009 155 197
85.67100000000009 156 157
86.1720000000001 138 149
86.1720000000001 139 140
86.6730000000001 47 55
86.6730000000001 47 56
87.1740000000001 9 16
87.1740000000001 9 17
87.67500000000011 85 86
87.67500000000011 85 87
88.17600000000012 112 130
88.17600000000012 112 131
88.67700000000012 2 42
88.67700000000012 2 43
89.17800000000013 9 18
89.17800000000013 10 11
89.67900000000013 110 131
89.67900000000013 110 132
90.18000000000013 150 190
90.18000000000013 150 191
90.68100000000014 92 124
90.68100000000014 92 125
91.18200000000014 153 176
91.18200000000014 153 189
91.68300000000015 38 41
91.68300000000015 38 42
92.18400000000015 61 72
92.18400000000015 62 63
92.68500000000016 142 145
92.68500000000016 142 146
93.18600000000016 97 130
93.18600000000016 97 131
93.68700000000017 115 129
93.68700000000017 115 130
94.18800000000017 111 125
94.18800000000017 111 126
94.68900000000018 46 49
94.68900000000018 46 50
95.19000000000018 0 39
95.19000000000018 0 40
95.69100000000019 161 167
95.69100000000019 161 168
96.19200000000019 23 41
96.19200000000019 23 42
96.6930000000002 0 35
96.6930000000002 0 36
97.1940000000002 115 123
97.1940000000002 115 124
97.6950000000002 92 132
97.6950000000002 92 133
98.19600000000021 76 83
98.19600000000021 76 84
98.69700000000022 91 110
98.69700000000022 91 111
99.19800000000022 144 148
99.19800000000022 144 149
99.69900000000023 7 40
99.69900000000023 7 41
100.20000000000023 29 33
100.20000000000023 29 34
100.70100000000023 135 150
100.70100000000023 136 137
101.20200000000024 92 128
101.20200000000024 92 129
101.70300000000024 118 121
101.70300000000024 118 122
102.20400000000025 183 189
102.20400000000025 183 190
102.70500000000025 90 150
102.70500000000025 91 92
103.20600000000026 178 195
103.20600000000026 178 196
103.70700000000026 7 13
103.70700000000026 7 14
104.20800000000027 159 195
104.20800000000027 159 196
104.70900000000027 116 124
104.70900000000027 116 125
105.21000000000028 151 165
105.21000000000028 151 166
105.71100000000028 5 41
105.71100000000028 5 42
106.21200000000029 97 132
106.21200000000029 97 133
106.71300000000029 111 127
106.71300000000029 111 128
107.2140000000003 163 166
107.2140000000003 163 167
107.7150000000003 161 169
107.7150000000003 161 170
108.2160000000003 91 97
108.2160000000003 91 98
108.71700000000031 59 67
108.71700000000031 59 68
109.21800000000032 48 54
109.21800000000032 48 55
109.71900000000032 99 100
109.71900000000032 99 103
110.22000000000033 7 15
110.22000000000033 7 16
110.72100000000033 175 197
110.72100000000033 176 177
111.22200000000034 125 131
111.22200000000034 125 132
111.72300000000034 109 132
111.72300000000034 109 133
112.22400000000034 106 107
112.22400000000034 107 108
112.72500000000035 193 194
112.72500000000035 193 195
113.22600000000035 153 192
113.22600000000035 153 193
113.72700000000036 25 39
113.72700000000036 25 40
114.22800000000036 141 144
114.22800000000036 141 145
114.72900000000037 91 124
114.72900000000037 91 125
115.23000000000037 130 131
115.23000000000037 130 132
115.73100000000038 79 81
115.73100000000038 79 82
116.23200000000038 72 73
116.23200000000038 72 80
116.73300000000039 25 41
116.73300000000039 25 42
117.23400000000039 93 125
117.23400000000039 93 126
117.7350000000004 150 188
117.7350000000004 150 189
118.2360000000004 10 14
118.2360000000004 10 15
118.7370000000004 151 194
118.7370000000004 151 195
119.23800000000041 152 190
119.23800000000041 152 191
119.73900000000042 12 14
119.73900000000042 12 15
120.24000000000042 24 37
120.24000000000042 24 38
120.74100000000043 59 63
120.74100000000043 59 64
121.24200000000043 181 196
121.24200000000043 181 197
121.74300000000044 102 103
121.74300000000044 102 104
122.24400000000044 91 108
122.24400000000044 91 109
122.74500000000045 96 125
122.74500000000045 96 126
123.24600000000045 2 19
123.24600000000045 2 20
123.74700000000045 96 131
123.74700000000045 96 132
124.24800000000046 26 34
124.24800000000046 26 35
124.74900000000046 78 80
124.74900000000046 78 81
125.25000000000047 95 131
125.25000000000047 95 132
125.75100000000047 156 191
125.75100000000047 156 192
126.25200000000048 154 193
126.25200000000048 154 194
126.75300000000048 152 153
126.75300000000048 152 154
127.25400000000049 173 191
127.25400000000049 173 192
127.75500000000049 193 196
127.75500000000049 194 195
128.2560000000005 53 54
128.2560000000005 53 55
128.75700000000052 24 35
128.75700000000052 24 36
129.25800000000052 3 15
129.25800000000052 3 16
129.75900000000053 0 1
129.75900000000053 0 2
130.26000000000053 77 78
130.26000000000053 77 79
130.76100000000054 171 194
130.76100000000054 171 195
131.26200000000054 136 144
131.26200000000054 136 145
131.76300000000055 89 149
131.76300000000055 89 150
132.26400000000055 7 17
132.26400000000055 7 18
132.76500000000055 24 41
132.76500000000055 24 42
133.26600000000056 36 42
133.26600000000056 36 43
133.76700000000056 23 39
133.76700000000056 23 40
134.26800000000057 46 47
134.26800000000057 46 48
134.76900000000057 77 84
134.76900000000057 77 85
135.27000000000058 116 129
135.27000000000058 116 130
135.77100000000058 114 127
135.77100000000058 114 128
136.2720000000006 60 71
136.2720000000006 60 72
136.7730000000006 93 111
136.7730000000006 93 124
137.2740000000006 173 193
137.2740000000006 173 194
137.7750000000006 139 147
137.7750000000006 139 148
138.2760000000006 61 68
138.2760000000006 61 69
138.7770000000006 155 173
138.7770000000006 155 174
139.27800000000062 113 129
139.27800000000062 113 130
139.77900000000062 116 122
139.77900000000062 116 123
140.28000000000063 154 155
140.28000000000063 154 156
140.78100000000063 99 132
140.78100000000063 99 133
141.28200000000064 65 67
141.28200000000064 65 68
141.78300000000064 176 193
141.78300000000064 176 194
142.28400000000065 2 17
142.28400000000065 2 18
142.78500000000065 39 40
142.78500000000065 39 41
143.28600000000066 91 126
143.28600000000066 91 127
143.78700000000066 4 17
143.78700000000066 4 18
144.28800000000066 81 86
144.28800000000066 81 87
144.78900000000067 112 126
144.78900000000067 112 127
145.29000000000067 154 159
145.29000000000067 154 167
145.79100000000068 3 4
145.79100000000068 3 5
146.29200000000068 173 195
146.29200000000068 173 196
146.7930000000007 136 140
146.7930000000007 136 141
147.2940000000007 89 103
147.2940000000007 89 104
147.7950000000007 10 12
147.7950000000007 10 13
148.2960000000007 182 186
148.2960000000007 182 187
148.7970000000007 177 196
148.7970000000007 177 197
149.2980000000007 49 52
149.2980000000007 49 53
149.79900000000072 58 68
149.79900000000072 58 69
150.30000000000072 95 127
150.30000000000072 95 128
150.80100000000073 96 109
150.80100000000073 96 110
151.30200000000073 114 121
151.30200000000073 114 122
151.80300000000074 95 107
151.80300000000074 95 108
152.30400000000074 180 187
152.30400000000074 180 188
152.80500000000075 156 193
152.80500000000075 156 194
153.30600000000075 134 141
153.30600000000075 134 142
153.80700000000076 29 35
153.80700000000076 30 31
154.30800000000076 162 169
154.30800000000076 162 170
154.80900000000076 117 121
154.80900000000076 117 122
155.31000000000077 93 127
155.31000000000077 93 128
155.81100000000077 4 19
155.81100000000077 4 20
156.31200000000078 135 138
156.31200000000078 135 139
156.81300000000078 67 68
156.81300000000078 67 69
157.3140000000008 91 130
157.3140000000008 91 131
157.8150000000008 94 106
157.8150000000008 94 107
158.3160000000008 157 194
158.3160000000008 157 195
158.8170000000008 4 42
158.8170000000008 4 43
159.3180000000008 5 16
159.3180000000008 5 17
159.8190000000008 150 177
159.8190000000008 150 178
160.32000000000082 68 71
160.32000000000082 69 70
160.82100000000082 114 125
160.82100000000082 114 126
161.32200000000083 98 130
161.32200000000083 98 131
161.82300000000083 24 39
161.82300000000083 24 40
162.32400000000084 5 43
162.32400000000084 6 7
162.82500000000084 45 48
162.82500000000084 45 49
163.32600000000085 177 194
163.32600000000085 177 195
163.82700000000085 150 165
163.82700000000085 150 166
164.32800000000086 0 15
164.32800000000086 0 16
164.82900000000086 66 68
164.82900000000086 66 69
165.33000000000087 93 129
165.33000000000087 93 130
165.83100000000087 161 165
165.83100000000087 161 166
166.33200000000087 151 196
166.33200000000087 151 197
166.83300000000088 81 82
166.83300000000088 81 83
167.33400000000088 62 66
167.33400000000088 62 67
167.8350000000009 145 148
167.8350000000009 145 149
168.3360000000009 6 18
168.3360000000009 6 19
168.8370000000009 157 171
168.8370000000009 157 172
169.3380000000009 155 167
169.3380000000009 155 168
169.8390000000009 123 124
169.8390000000009 124 125
170.3400000000009 138 143
170.3400000000009 138 144
170.84100000000092 63 70
170.84100000000092 63 71
171.34200000000092 153 170
171.34200000000092 153 171
171.84300000000093 96 127
171.84300000000093 96 128
172.34400000000093 48 56
172.34400000000093 48 57
172.84500000000094 23 37
172.84500000000094 23 38
173.34600000000094 73 78
173.34600000000094 73 79
173.84700000000095 117 123
173.84700000000095 117 124
174.34800000000095 3 37
174.34800000000095 3 38
174.84900000000096 58 70
174.84900000000096 58 71
175.35000000000096 117 119
175.35000000000096 117 120
175.85100000000097 91 128
175.85100000000097 91 129
176.35200000000097 26 38
176.35200000000097 26 39
176.85300000000097 95 105
176.85300000000097 95 106
177.35400000000098 73 74
177.35400000000098 73 75
177.85500000000098 45 52
177.85500000000098 45 53
178.356000000001 76 87
178.356000000001 76 88
178.857000000001 155 169
178.857000000001 155 170
179.358000000001 1 4
179.358000000001 1 5
179.859000000001 152 194
179.859000000001 152 195
180.360000000001 115 127
180.360000000001 115 128
180.861000000001 155 171
180.861000000001 155 172
181.36200000000102 191 195
181.36200000000102 191 196
181.86300000000102 80 81
181.86300000000102 80 82
182.36400000000103 25 37
182.36400000000103 25 38
182.86500000000103 162 167
182.86500000000103 162 168
183.36600000000104 177 190
183.36600000000104 177 191
183.86700000000104 151 152
183.86700000000104 151 153
184.36800000000105 96 129
184.36800000000105 96 130
184.86900000000105 154 189
184.86900000000105 154 190
185.37000000000106 180 195
185.37000000000106 180 196
185.87100000000106 124 131
185.87100000000106 124 132
186.37200000000107 89 109
186.37200000000107 89 110
186.87300000000107 113 131
186.87300000000107 113 132
187.37400000000108 158 159
187.37400000000108 158 167
187.87500000000108 179 189
187.87500000000108 179 190
188.37600000000108 88 131
188.37600000000108 88 132
188.8770000000011 73 80
188.8770000000011 73 81
189.3780000000011 159 172
189.3780000000011 159 192
189.8790000000011 152 196
189.8790000000011 152 197
190.3800000000011 181 186
190.3800000000011 181 187
190.8810000000011 95 125
190.8810000000011 95 126
191.3820000000011 142 149
191.3820000000011 143 144
191.88300000000112 111 123
191.88300000000112 111 124
192.38400000000112 35 36
192.38400000000112 36 37
192.88500000000113 98 132
192.88500000000113 98 133
193.38600000000113 45 50
193.38600000000113 45 51
193.88700000000114 20 43
193.88700000000114 21 22
194.38800000000114 127 132
194.38800000000114 127 133
194.88900000000115 135 144
194.88900000000115 135 145
195.39000000000115 1 43
195.39000000000115 2 3
195.89100000000116 97 105
195.89100000000116 97 106
196.39200000000116 157 167
196.39200000000116 157 168
196.89300000000117 135 142
196.89300000000117 135 143
197.39400000000117 39 42
197.39400000000117 40 41
197.89500000000118 27 42
197.89500000000118 27 43
198.39600000000118 140 144
198.39600000000118 140 145
198.89700000000119 119 122
198.89700000000119 119 123
199.3980000000012 154 172
199.3980000000012 154 173
199.8990000000012 92 107
199.8990000000012 92 108
200.4000000000012 175 191
200.4000000000012 175 192
200.9010000000012 77 88
200.9010000000012 78 79
201.4020000000012 151 154
201.4020000000012 151 155
201.9030000000012 98 99
201.9030000000012 98 104
202.40400000000122 9 12
202.40400000000122 9 13
202.90500000000122 135 148
202.90500000000122 135 149
203.40600000000123 164 167
203.40600000000123 164 168
203.90700000000123 79 85
203.90700000000123 79 86
204.40800000000124 46 51
204.40800000000124 46 52
204.90900000000124 1 41
204.90900000000124 1 42
205.41000000000125 93 94
205.41000000000125 93 95
205.91100000000125 72 81
205.91100000000125 72 82
206.41200000000126 126 130
206.41200000000126 126 131
206.91300000000126 178 189
206.91300000000126 178 190
207.41400000000127 100 107
207.41400000000127 100 108
207.91500000000127 28 35
207.91500000000127 28 36
208.41600000000128 151 160
208.41600000000128 151 161
208.91700000000128 102 105
208.91700000000128 102 106
209.41800000000129 109 128
209.41800000000129 109 129
209.9190000000013 134 145
209.9190000000013 134 146
210.4200000000013 156 167
210.4200000000013 156 168
210.9210000000013 108 109
210.9210000000013 108 133
211.4220000000013 110 127
211.4220000000013 110 128
211.9230000000013 80 85
211.9230000000013 80 86
212.4240000000013 3 17
212.4240000000013 3 18
212.92500000000132 58 66
212.92500000000132 58 67
213.42600000000132 184 187
213.42600000000132 184 188
213.92700000000133 154 168
213.92700000000133 154 169
214.42800000000133 141 142
214.42800000000133 141 143
214.92900000000134 112 132
214.92900000000134 112 133
215.43000000000134 2 6
215.43000000000134 2 14
215.93100000000135 95 129
215.93100000000135 95 130
216.43200000000135 101 102
216.43200000000135 101 103
216.93300000000136 138 145
216.93300000000136 138 146
217.43400000000136 151 188
217.43400000000136 151 189
217.93500000000137 152 174
217.93500000000137 152 175
218.43600000000137 76 85
218.43600000000137 76 86
218.93700000000138 1 18
218.93700000000138 1 19
219.43800000000138 93 105
219.43800000000138 93 106
219.93900000000139 1 16
219.93900000000139 1 17
220.4400000000014 152 176
220.4400000000014 152 177
220.9410000000014 82 86
220.9410000000014 82 87
221.4420000000014 6 39
221.4420000000014 6 40
221.9430000000014 178 193
221.9430000000014 178 194
222.4440000000014 58 72
222.4440000000014 59 60
222.94500000000141 139 145
222.94500000000141 139 146
223.44600000000142 60 67
223.44600000000142 60 68
223.94700000000142 78 82
223.94700000000142 78 83
224.44800000000143 134 143
224.44800000000143 134 144
224.94900000000143 57 70
224.94900000000143 57 71
225.45000000000144 137 139
225.45000000000144 137 140
225.95100000000144 75 83
225.95100000000144 75 84
226.45200000000145 100 103
226.45200000000145 100 104
226.95300000000145 116 120
226.95300000000145 116 121
227.45400000000146 73 76
227.45400000000146 73 77
227.95500000000146 74 80
227.95500000000146 74 81
228.45600000000147 100 101
228.45600000000147 100 102
228.95700000000147 148 149
228.95700000000147 149 150
229.45800000000148 18 42
229.45800000000148 18 43
229.95900000000148 20 39
229.95900000000148 20 40
230.4600000000015 154 191
230.4600000000015 154 192
230.9610000000015 62 64
230.9610000000015 62 65
231.4620000000015 49 50
231.4620000000015 49 51
231.9630000000015 99 108
231.9630000000015 99 109
232.4640000000015 181 194
232.4640000000015 181 195
232.9650000000015 26 32
232.9650000000015 26 33
233.46600000000151 176 197
233.46600000000151 177 178
233.96700000000152 18 19
233.96700000000152 18 41
234.46800000000152 134 147
234.46800000000152 134 148
234.96900000000153 113 125
234.96900000000153 113 126
235.47000000000153 21 35
235.47000000000153 21 36
235.97100000000154 22 36
235.97100000000154 22 37
236.47200000000154 37 42
236.47200000000154 37 43
236.97300000000155 61 66
236.97300000000155 61 67
237.47400000000155 152 166
237.47400000000155 152 167
237.97500000000156 115 125
237.97500000000156 115 126
238.47600000000156 4 15
238.47600000000156 4 16
238.97700000000157 83 87
238.97700000000157 83 88
239.47800000000157 138 141
239.47800000000157 138 142
239.97900000000158 91 93
239.97900000000158 91 94
240.48000000000158 1 35
240.48000000000158 1 36
240.9810000000016 90 95
240.9810000000016 90 96
241.4820000000016 110 129
241.4820000000016 110 130
241.9830000000016 154 195
241.9830000000016 154 196
242.4840000000016 0 3
242.4840000000016 0 4
242.9850000000016 67 70
242.9850000000016 67 71
243.4860000000016 184 185
243.4860000000016 184 186
243.98700000000161 146 147
243.98700000000161 146 148
244.48800000000162 158 168
244.48800000000162 158 169
244.98900000000162 92 95
244.98900000000162 92 96
245.49000000000163 28 43
245.49000000000163 29 30
245.99100000000163 89 111
245.99100000000163 89 112
246.49200000000164 184 189
246.49200000000164 185 186
246.99300000000164 113 133
246.99300000000164 114 115
247.49400000000165 84 85
247.49400000000165 84 86
247.99500000000165 30 32
247.99500000000165 30 33
248.49600000000166 136 150
248.49600000000166 137 138
248.99700000000166 25 35
248.99700000000166 25 36
249.49800000000167 110 111
249.49800000000167 110 124
249.99900000000167 46 55
249.99900000000167 46 56
250.50000000000168 75 87
250.50000000000168 75 88
251.00100000000168 118 123
251.00100000000168 118 124
251.5020000000017 21 39
251.5020000000017 21 40
252.0030000000017 109 130
252.0030000000017 109 131
252.5040000000017 135 140
252.5040000000017 135 141
253.0050000000017 195 196
253.0050000000017 196 197
253.5060000000017 76 79
253.5060000000017 76 80
254.0070000000017 94 127
254.0070000000017 94 128
254.50800000000172 126 132
254.50800000000172 126 133
255.00900000000172 180 193
255.00900000000172 180 194
255.51000000000172 153 158
255.51000000000172 153 159
256.0110000000017 116 131
256.0110000000017 116 132
256.51200000000165 111 131
256.51200000000165 111 132
257.0130000000016 114 123
257.0130000000016 114 124
257.5140000000016 76 77
257.5140000000016 76 78
258.0150000000016 174 189
258.0150000000016 174 190
258.51600000000155 73 86
258.51600000000155 73 87
259.01700000000153 95 133
259.01700000000153 96 97
259.5180000000015 115 121
259.5180000000015 115 122
260.0190000000015 74 84
260.0190000000015 74 85
260.52000000000146 2 36
260.52000000000146 2 37
261.02100000000144 183 185
261.02100000000144 183 186
261.5220000000014 10 16
261.5220000000014 10 17
262.0230000000014 1 6
262.0230000000014 1 7
262.52400000000137 157 192
262.52400000000137 157 193
263.02500000000134 44 54
263.02500000000134 44 55
263.5260000000013 136 138
263.5260000000013 136 139
264.0270000000013 158 195
264.0270000000013 158 196
264.52800000000127 136 146
264.52800000000127 136 147
265.02900000000125 64 65
265.02900000000125 64 66
265.5300000000012 92 111
265.5300000000012 92 123
266.0310000000012 151 171
266.0310000000012 151 172
266.5320000000012 98 107
266.5320000000012 98 108
267.03300000000115 128 133
267.03300000000115 129 130
267.53400000000113 111 129
267.53400000000113 111 130
268.0350000000011 22 34
268.0350000000011 22 35
268.5360000000011 42 43
268.5360000000011 43 44
269.03700000000106 153 174
269.03700000000106 153 175
269.53800000000103 56 57
269.53800000000103 57 58
270.039000000001 90 97
270.039000000001 90 98
270.540000000001 96 105
270.540000000001 96 106
271.04100000000096 8 43
271.04100000000096 9 10
271.54200000000094 171 196
271.54200000000094 171 197
272.0430000000009 89 127
272.0430000000009 89 128
272.5440000000009 44 45
272.5440000000009 44 51
273.04500000000087 172 195
273.04500000000087 172 196
273.54600000000084 6 43
273.54600000000084 7 8
274.0470000000008 155 191
274.0470000000008 155 192
274.5480000000008 88 89
274.5480000000008 88 130
275.0490000000008 104 105
275.0490000000008 105 106
275.55000000000075 61 62
275.55000000000075 61 63
276.0510000000007 72 85
276.0510000000007 72 86
276.5520000000007 173 189
276.5520000000007 173 190
277.0530000000007 127 130
277.0530000000007 127 131
277.55400000000066 92 97
277.55400000000066 92 98
278.05500000000063 33 34
278.05500000000063 34 35
278.5560000000006 156 197
278.5560000000006 157 158
279.0570000000006 188 189
279.0570000000006 189 190
279.55800000000056 176 189
279.55800000000056 176 190
280.05900000000054 48 52
280.05900000000054 48 53
280.5600000000005 156 195
280.5600000000005 156 196
281.0610000000005 0 19
281.0610000000005 0 20
281.56200000000047 74 78
281.56200000000047 74 79
282.06300000000044 110 133
282.06300000000044 111 112
282.5640000000004 77 80
282.5640000000004 77 81
283.0650000000004 151 156
283.0650000000004 151 157
283.5660000000004 27 34
283.5660000000004 27 35
284.06700000000035 26 42
284.06700000000035 26 43
284.5680000000003 90 107
284.5680000000003 90 108
285.0690000000003 88 133
285.0690000000003 88 134
285.5700000000003 103 105
285.5700000000003 103 106
286.07100000000025 21 37
286.07100000000025 21 38
286.57200000000023 156 171
286.57200000000023 156 172
287.0730000000002 180 191
287.0730000000002 180 192
287.5740000000002 96 107
287.5740000000002 96 108
288.07500000000016 60 69
288.07500000000016 60 70
288.57600000000014 0 17
288.57600000000014 0 18
289.0770000000001 38 39
289.0770000000001 38 40
289.5780000000001 110 125
289.5780000000001 110 126
290.07900000000006 90 127
290.07900000000006 90 128
290.58000000000004 59 65
290.58000000000004 59 66
291.081 90 133
291.081 90 134
291.582 28 31
291.582 28 32
292.08299999999997 97 109
292.08299999999997 97 110
292.58399999999995 171 192
292.58399999999995 171 193
293.0849999999999 91 112
293.0849999999999 91 123
293.5859999999999 51 53
293.5859999999999 51 54
294.0869999999999 102 107
294.0869999999999 103 104
294.58799999999985 26 40
294.58799999999985 26 41
295.0889999999998 94 129
295.0889999999998 94 130
295.5899999999998 165 166
295.5899999999998 165 167
296.0909999999998 153 190
296.0909999999998 153 191
296.59199999999976 90 99
296.59199999999976 90 104
297.09299999999973 182 183
297.09299999999973 182 185
297.5939999999997 91 104
297.5939999999997 91 105
298.0949999999997 50 53
298.0949999999997 50 54
298.59599999999966 120 121
298.59599999999966 120 122
299.09699999999964 89 113
299.09699999999964 89 122
299.5979999999996 134 149
299.5979999999996 134 150
300.0989999999996 157 169
300.0989999999996 157 170
300.59999999999957 177 192
300.59999999999957 177 193
301.10099999999954 23 35
301.10099999999954 23 36
301.6019999999995 0 41
301.6019999999995 0 42
302.1029999999995 93 131
302.1029999999995 93 132
302.6039999999995 150 151
302.6039999999995 150 157
303.10499999999945 159 168
303.10499999999945 159 169
303.6059999999994 153 156
303.6059999999994 153 157
304.1069999999994 154 170
304.1069999999994 154 171
304.6079999999994 151 192
304.6079999999994 151 193
305.10899999999936 158 197
305.10899999999936 159 160
305.60999999999933 90 123
305.60999999999933 90 124
306.1109999999993 152 170
306.1109999999993 152 171
306.6119999999993 23 43
306.6119999999993 24 25
307.11299999999926 75 85
307.11299999999926 75 86
307.61399999999924 92 93
307.61399999999924 92 94
308.1149999999992 97 128
308.1149999999992 97 129
308.6159999999992 150 169
308.6159999999992 150 170
309.11699999999917 114 129
309.11699999999917 114 130
309.61799999999914 13 14
309.61799999999914 13 15
310.1189999999991 1 14
310.1189999999991 1 15
310.6199999999991 27 32
310.6199999999991 27 33
311.12099999999907 58 59
311.12099999999907 58 63
311.62199999999905 117 132
311.62199999999905 117 133
312.122999999999 143 145
312.122999999999 143 146
312.623999999999 190 196
312.623999999999 191 192
313.124999999999 153 154
313.124999999999 153 155
313.62599999999895 3 41
313.62599999999895 3 42
314.12699999999893 22 38
314.12699999999893 22 39
314.6279999999989 101 104
314.6279999999989 101 105
315.1289999999989 82 84
315.1289999999989 82 85
315.62999999999886 160 168
315.62999999999886 160 169
316.13099999999883 91 106
316.13099999999883 91 107
316.6319999999988 139 143
316.6319999999988 139 144
317.1329999999988 22 42
317.1329999999988 22 43
317.63399999999876 93 107
317.63399999999876 93 108
318.13499999999874 140 146
318.13499999999874 140 147
318.6359999999987 89 131
318.6359999999987 89 132
319.1369999999987 172 193
319.1369999999987 172 194
319.63799999999867 40 42
319.63799999999867 41 42
320.13899999999865 90 109
320.13899999999865 90 110
320.6399999999986 152 155
320.6399999999986 152 156
321.1409999999986 64 71
321.1409999999986 65 66
321.6419999999986 2 15
321.6419999999986 2 16
322.14299999999855 150 175
322.14299999999855 150 176
322.6439999999985 93 109
322.6439999999985 93 110
323.1449999999985 27 36
323.1449999999985 27 37
323.6459999999985 114 131
323.6459999999985 114 132
324.14699999999846 182 190
324.14699999999846 182 191
324.64799999999843 164 165
324.64799999999843 164 166
325.1489999999984 3 39
325.1489999999984 3 40
325.6499999999984 152 159
325.6499999999984 152 160
326.15099999999836 146 149
326.15099999999836 147 148
326.65199999999834 114 133
326.65199999999834 115 116
327.1529999999983 20 35
327.1529999999983 20 36
327.6539999999983 127 128
327.6539999999983 127 129
328.15499999999827 112 124
328.15499999999827 112 125
328.65599999999824 177 188
328.65599999999824 177 189
329.1569999999982 143 149
329.1569999999982 144 145
329.6579999999982 178 179
329.6579999999982 178 188
330.1589999999982 125 129
330.1589999999982 125 130
330.65999999999815 97 126
330.65999999999815 97 127
331.1609999999981 153 168
331.1609999999981 153 169
331.6619999999981 3 19
331.6619999999981 3 20
332.1629999999981 75 79
332.1629999999981 75 80
332.66399999999805 27 28
332.66399999999805 27 31
333.16499999999803 179 195
333.16499999999803 179 196
333.665999999998 89 133
333.665999999998 89 134
334.166999999998 160 197
334.166999999998 161 162
334.66799999999796 113 114
334.66799999999796 113 122
335.16899999999794 150 192
335.16899999999794 150 193
335.6699999999979 112 128
335.6699999999979 112 129
336.1709999999979 64 69
336.1709999999979 64 70
336.67199999999787 181 188
336.67199999999787 181 189
337.17299999999784 79 87
337.17299999999784 79 88
337.6739999999978 11 12
337.6739999999978 11 13
338.1749999999978 91 132
338.1749999999978 91 133
338.67599999999777 180 197
338.67599999999777 181 182
339.17699999999775 160 195
339.17699999999775 160 196
339.6779999999977 2 21
339.6779999999977 2 35
340.1789999999977 176 195
340.1789999999977 176 196
340.6799999999977 140 148
340.6799999999977 140 149
341.18099999999765 153 194
341.18099999999765 153 195
341.68199999999763 172 197
341.68199999999763 173 174
342.1829999999976 137 147
342.1829999999976 137 148
342.6839999999976 153 166
342.6839999999976 153 167
343.18499999999756 134 135
343.18499999999756 134 140
343.68599999999753 44 56
343.68599999999753 44 57
344.1869999999975 179 197
344.1869999999975 180 181
344.6879999999975 99 104
344.6879999999975 99 105
345.18899999999746 139 141
345.18899999999746 139 142
345.68999999999744 158 172
345.68999999999744 158 190
346.1909999999974 84 87
346.1909999999974 84 88
346.6919999999974 61 64
346.6919999999974 61 65
347.19299999999737 192 195
347.19299999999737 192 196
347.69399999999735 137 145
347.69399999999735 137 146
348.1949999999973 153 196
348.1949999999973 153 197
348.6959999999973 31 33
348.6959999999973 32 33
349.1969999999973 172 173
349.1969999999973 172 190
349.69799999999725 152 157
349.69799999999725 152 158
350.1989999999972 151 169
350.1989999999972 151 170
350.6999999999972 140 142
350.6999999999972 140 143
351.2009999999972 94 110
351.2009999999972 94 124
351.70199999999716 152 168
351.70199999999716 152 169
352.20299999999713 37 38
352.20299999999713 37 39
352.7039999999971 2 40
352.7039999999971 2 41
353.2049999999971 178 197
353.2049999999971 179 180
353.70599999999706 181 192
353.70599999999706 181 193
354.20699999999704 45 54
354.20699999999704 45 55
354.707999999997 93 96
354.707999999997 93 97
355.208999999997 152 188
355.208999999997 152 189
355.70999999999697 54 56
355.70999999999697 55 56
356.21099999999694 160 170
356.21099999999694 160 171
356.7119999999969 162 163
356.7119999999969 162 164
357.2129999999969 1 39
357.2129999999969 1 40
357.7139999999969 89 90
357.7139999999969 89 93
358.21499999999685 158 191
358.21499999999685 158 192
358.7159999999968 80 87
358.7159999999968 80 88
359.2169999999968 181 190
359.2169999999968 181 191
359.7179999999968 150 173
359.7179999999968 150 174
360.21899999999675 150 160
360.21899999999675 150 161
360.71999999999673 80 83
360.71999999999673 80 84
361.2209999999967 152 172
361.2209999999967 152 173
361.7219999999967 144 146
361.7219999999967 144 147
362.22299999999666 186 187
362.22299999999666 187 188
362.72399999999664 139 149
362.72399999999664 140 141
363.2249999999966 94 131
363.2249999999966 94 132
363.7259999999966 126 128
363.7259999999966 126 129
364.22699999999656 138 147
364.22699999999656 138 148
364.72799999999654 59 71
364.72799999999654 59 72
365.2289999999965 136 142
365.2289999999965 136 143
365.7299999999965 4 36
365.7299999999965 4 37
366.23099999999647 95 109
366.23099999999647 95 110
366.73199999999645 57 72
366.73199999999645 57 88
367.2329999999964 89 94
367.2329999999964 89 95
367.7339999999964 113 123
367.7339999999964 113 124
368.2349999999964 99 106
368.2349999999964 99 107
368.73599999999635 179 191
368.73599999999635 179 192
369.2369999999963 156 169
369.2369999999963 156 170
369.7379999999963 60 63
369.7379999999963 60 64
370.2389999999963 58 64
370.2389999999963 58 65
370.73999999999626 62 68
370.73999999999626 62 69
371.24099999999623 157 196
371.24099999999623 157 197
371.7419999999962 37 40
371.7419999999962 37 41
372.2429999999962 158 193
372.2429999999962 158 194
372.74399999999616 8 16
372.74399999999616 8 17
373.24499999999614 28 33
373.24499999999614 28 34
373.7459999999961 90 91
373.7459999999961 90 92
374.2469999999961 159 193
374.2469999999961 159 194
374.74799999999607 50 57
374.74799999999607 51 52
375.24899999999604 92 105
375.24899999999604 92 106
375.749999999996 174 193
375.749999999996 174 194
376.250999999996 3 43
376.250999999996 4 5
376.751999999996 63 68
376.751999999996 63 69
377.25299999999595 0 21
377.25299999999595 0 22
377.7539999999959 183 187
377.7539999999959 183 188
378.2549999999959 50 55
378.2549999999959 50 56
378.7559999999959 100 105
378.7559999999959 100 106
379.25699999999586 170 171
379.25699999999586 171 172
379.75799999999583 92 130
379.75799999999583 92 131
380.2589999999958 141 148
380.2589999999958 141 149
380.7599999999958 70 71
380.7599999999958 71 72
381.26099999999576 163 164
381.26099999999576 163 165
381.76199999999574 19 37
381.76199999999574 19 38
382.2629999999957 112 122
382.2629999999957 112 123
382.7639999999957 94 133
382.7639999999957 95 96
383.26499999999567 19 43
383.26499999999567 20 21
383.76599999999564 174 195
383.76599999999564 174 196
384.2669999999956 53 56
384.2669999999956 54 55
384.7679999999956 78 86
384.7679999999956 78 87
385.2689999999956 61 70
385.2689999999956 61 71
385.76999999999555 174 197
385.76999999999555 175 176
386.2709999999955 16 17
386.2709999999955 17 18
386.7719999999955 185 187
386.7719999999955 185 188
387.2729999999955 160 166
387.2729999999955 160 167
387.77399999999545 150 194
387.77399999999545 150 195
388.27499999999543 49 56
388.27499999999543 49 57
388.7759999999954 90 125
388.7759999999954 90 126
389.2769999999954 96 133
389.2769999999954 97 98
389.77799999999536 77 86
389.77799999999536 77 87
390.27899999999534 109 110
390.27899999999534 109 127
390.7799999999953 131 132
390.7799999999953 132 133
391.2809999999953 73 82
391.2809999999953 73 83
391.78199999999526 65 71
391.78199999999526 66 67
392.28299999999524 63 66
392.28299999999524 63 67
392.7839999999952 98 105
392.7839999999952 98 106
393.2849999999952 79 83
393.2849999999952 79 84
393.78599999999517 19 20
393.78599999999517 19 36
394.28699999999515 128 129
394.28699999999515 128 130
394.7879999999951 8 18
394.7879999999951 8 42
395.2889999999951 163 168
395.2889999999951 163 169
395.7899999999951 142 147
395.7899999999951 142 148
396.29099999999505 59 61
396.29099999999505 59 62
396.791999999995 23 24
396.791999999995 23 34
397.292999999995 150 171
397.292999999995 150 172
397.793999999995 0 5
397.793999999995 0 6
398.29499999999496 182 196
398.29499999999496 183 184
398.79599999999493 78 84
398.79599999999493 78 85
399.2969999999949 154 197
399.2969999999949 155 156
399.7979999999949 64 67
399.7979999999949 64 68
400.29899999999486 192 193
400.29899999999486 192 194
400.79999999999484 119 120
400.79999999999484 119 121
401.3009999999948 7 42
401.3009999999948 7 43
401.8019999999948 6 37
401.8019999999948 6 38
402.30299999999477 51 55
402.30299999999477 51 56
402.80399999999474 47 51
402.80399999999474 47 52
403.3049999999947 150 158
403.3049999999947 150 159
403.8059999999947 176 191
403.8059999999947 176 192
404.3069999999947 14 15
404.3069999999947 15 16
404.80799999999465 59 69
404.80799999999465 59 70
405.3089999999946 19 41
405.3089999999946 19 42
405.8099999999946 9 14
405.8099999999946 9 15
406.3109999999946 1 20
406.3109999999946 1 21
