0 130 137
0 130 138
1.5 39 46
1.5 39 47
3.0 131 142
3.0 131 143
4.5 31 32
4.5 31 33
6.0 100 108
6.0 100 109
7.5 132 140
7.5 132 141
9.0 10 21
9.0 10 22
10.5 24 34
10.5 24 35
12.0 84 99
12.0 84 100
13.5 164 165
13.5 164 166
15.0 197 198
15.0 197 199
16.5 60 81
16.5 60 82
18.0 132 133
18.0 132 135
19.5 0 1
19.5 0 2
21.0 14 19
21.0 14 20
22.5 121 146
22.5 121 147
24.0 66 81
24.0 66 82
25.5 109 116
25.5 109 117
27.0 49 50
27.0 49 53
28.5 129 141
28.5 129 142
30.0 127 144
30.0 127 145
31.5 26 37
31.5 26 38
33.0 27 38
33.0 28 29
34.5 107 121
34.5 107 122
36.0 122 141
36.0 122 142
37.5 89 95
37.5 89 96
39.0 43 79
39.0 43 80
40.5 41 76
40.5 41 77
42.0 148 174
42.0 149 150
43.5 140 146
43.5 141 142
45.0 148 160
45.0 148 161
46.5 176 177
46.5 176 178
48.0 43 57
48.0 43 58
49.5 28 32
49.5 28 33
51.0 102 140
51.0 102 141
52.5 109 120
52.5 109 121
54.0 141 143
54.0 141 144
55.5 15 19
55.5 15 20
57.0 173 174
57.0 174 175
58.5 149 157
58.5 149 158
60.0 58 59
60.0 58 83
61.5 166 173
61.5 167 168
63.0 104 122
63.0 104 123
64.5 9 21
64.5 9 22
66.0 84 97
66.0 84 98
67.5 44 81
67.5 44 82
69.0 100 125
69.0 100 126
70.5 113 116
70.5 113 117
72.0 102 142
72.0 102 143
73.5 150 153
73.5 150 154
75.0 47 57
75.0 47 58
76.5 100 146
76.5 100 147
78.0 104 145
78.0 104 146
79.5 127 146
79.5 127 147
81.0 14 21
81.0 15 16
82.5 10 17
82.5 10 18
84.0 24 26
84.0 24 27
85.5 134 137
85.5 134 138
87.0 50 55
87.0 50 56
88.5 60 75
88.5 60 76
90.0 73 74
90.0 74 75
91.5 90 94
91.5 90 95
93.0 111 115
93.0 111 116
94.5 122 147
94.5 123 124
96.0 154 159
96.0 154 160
97.5 42 45
97.5 42 46
99.0 129 137
99.0 129 138
100.5 3 4
100.5 3 5
102.0 24 36
102.0 24 37
103.5 77 82
103.5 77 83
105.0 123 139
105.0 123 140
106.5 62 80
106.5 62 81
108.0 39 57
108.0 39 58
109.5 89 91
109.5 89 92
111.0 102 126
111.0 102 127
112.5 40 55
112.5 40 56
114.0 24 38
114.0 25 26
115.5 33 35
115.5 33 36
117.0 95 98
117.0 95 99
118.5 65 77
118.5 65 78
120.0 32 34
120.0 32 35
121.5 25 27
121.5 25 28
123.0 28 34
123.0 28 35
124.5 140 141
124.5 140 145
126.0 93 97
126.0 93 98
127.5 8 18
127.5 8 19
129.0 84 91
129.0 84 92
130.5 103 122
130.5 103 123
132.0 71 72
132.0 72 73
133.5 48 57
133.5 48 58
135.0 162 164
135.0 162 165
136.5 11 18
136.5 11 19
138.0 68 73
138.0 68 74
139.5 102 124
139.5 102 125
141.0 103 118
141.0 103 119
142.5 100 173
142.5 100 174
144.0 101 146
144.0 101 147
145.5 188 189
145.5 188 195
147.0 61 81
147.0 61 82
148.5 79 81
148.5 79 82
150.0 192 198
150.0 192 199
151.5 148 156
151.5 148 157
153.0 63 77
153.0 63 78
154.5 42 74
154.5 42 75
156.0 142 145
156.0 142 146
157.5 107 117
157.5 107 118
159.0 171 172
159.0 172 173
160.5 8 22
160.5 9 10
162.0 12 14
162.0 12 15
163.5 152 156
163.5 152 157
165.0 89 93
165.0 89 94
166.5 110 118
166.5 110 119
168.0 9 17
168.0 9 18
169.5 190 193
169.5 190 194
171.0 164 171
171.0 164 172
172.5 156 159
172.5 157 158
174.0 23 26
174.0 23 27
175.5 86 100
175.5 87 88
177.0 161 170
177.0 161 171
178.5 63 79
178.5 63 80
180.0 102 122
180.0 102 123
181.5 43 83
181.5 44 45
183.0 154 157
183.0 154 158
184.5 109 147
184.5 110 111
186.0 176 179
186.0 176 180
187.5 75 81
187.5 75 82
189.0 132 136
189.0 132 137
190.5 152 154
190.5 152 155
192.0 150 155
192.0 150 156
193.5 38 81
193.5 38 82
195.0 96 97
195.0 96 98
196.5 132 144
196.5 132 145
198.0 110 145
198.0 110 146
199.5 143 146
199.5 144 145
201.0 130 147
201.0 131 132
202.5 61 79
202.5 61 80
204.0 94 96
204.0 94 97
205.5 44 83
205.5 45 46
207.0 124 147
207.0 125 126
208.5 8 14
208.5 8 15
210.0 26 29
210.0 26 30
211.5 61 73
211.5 61 74
213.0 50 51
213.0 50 52
214.5 78 83
214.5 79 80
216.0 162 172
216.0 162 173
217.5 147 160
217.5 147 161
219.0 151 154
219.0 151 155
220.5 46 81
220.5 46 82
222.0 170 171
222.0 170 172
223.5 83 84
223.5 83 100
225.0 189 192
225.0 189 193
226.5 154 155
226.5 154 156
228.0 100 115
228.0 100 116
229.5 84 95
229.5 84 96
231.0 163 171
231.0 163 172
232.5 131 136
232.5 131 137
234.0 107 144
234.0 107 145
235.5 40 75
235.5 40 76
237.0 41 60
237.0 41 61
238.5 189 196
238.5 189 197
240.0 106 119
240.0 106 120
241.5 25 37
241.5 25 38
243.0 168 170
243.0 168 171
244.5 38 39
244.5 38 80
246.0 182 186
246.0 182 187
247.5 161 162
247.5 161 167
249.0 52 53
249.0 52 54
250.5 193 196
250.5 193 197
252.0 127 142
252.0 127 143
253.5 45 79
253.5 45 80
255.0 100 160
255.0 100 161
256.5 51 54
256.5 51 55
258.0 148 158
258.0 148 159
259.5 63 81
259.5 63 82
261.0 14 15
261.0 14 16
262.5 162 170
262.5 162 171
264.0 103 142
264.0 103 143
265.5 40 59
265.5 40 60
267.0 75 79
267.0 75 80
268.5 18 19
268.5 18 20
270.0 106 145
270.0 106 146
271.5 45 57
271.5 45 58
273.0 44 77
273.0 44 78
274.5 175 176
274.5 175 178
276.0 69 70
276.0 69 71
277.5 70 71
277.5 70 72
279.0 40 43
279.0 40 44
280.5 62 72
280.5 62 73
282.0 12 16
282.0 12 17
283.5 29 37
283.5 29 38
285.0 41 58
285.0 41 59
286.5 39 61
286.5 39 62
288.0 102 105
288.0 102 106
289.5 85 92
289.5 85 93
291.0 89 99
291.0 90 91
292.5 101 127
292.5 101 128
294.0 135 137
294.0 135 138
295.5 9 13
295.5 9 14
297.0 11 16
297.0 11 17
298.5 63 73
298.5 63 74
300.0 35 36
300.0 35 37
301.5 190 195
301.5 190 196
303.0 105 107
303.0 105 108
304.5 134 135
304.5 134 136
306.0 108 118
306.0 108 119
307.5 126 147
307.5 127 128
309.0 93 95
309.0 93 96
310.5 36 37
310.5 37 38
312.0 77 80
312.0 77 81
313.5 28 38
313.5 29 30
315.0 27 34
315.0 27 35
316.5 59 78
316.5 59 79
318.0 100 123
318.0 100 124
319.5 49 56
319.5 49 57
321.0 26 35
321.0 26 36
322.5 39 55
322.5 39 56
324.0 161 174
324.0 162 163
325.5 10 15
325.5 10 16
327.0 90 96
327.0 90 97
328.5 150 151
328.5 150 152
330.0 52 55
330.0 52 56
331.5 104 143
331.5 104 144
333.0 6 7
333.0 7 8
334.5 126 143
334.5 126 144
336.0 109 145
336.0 109 146
337.5 108 143
337.5 108 144
339.0 101 173
339.0 101 174
340.5 23 24
340.5 23 25
342.0 64 83
342.0 65 66
343.5 34 37
343.5 34 38
345.0 125 139
345.0 125 140
346.5 53 55
346.5 53 56
348.0 96 99
348.0 97 98
349.5 8 9
349.5 8 13
351.0 105 117
351.0 105 118
352.5 131 146
352.5 131 147
354.0 15 21
354.0 16 17
355.5 41 54
355.5 41 55
357.0 40 77
357.0 40 78
358.5 66 70
358.5 66 71
360.0 27 36
360.0 27 37
361.5 163 165
361.5 163 166
363.0 188 198
363.0 188 199
364.5 165 168
364.5 165 169
366.0 43 61
366.0 43 74
367.5 124 143
367.5 124 144
369.0 40 63
369.0 40 72
370.5 149 153
370.5 149 154
372.0 103 104
372.0 103 105
373.5 67 73
373.5 67 74
375.0 128 129
375.0 128 138
376.5 41 82
376.5 41 83
378.0 43 81
378.0 43 82
379.5 122 123
379.5 122 140
381.0 49 58
381.0 49 59
382.5 47 55
382.5 47 56
384.0 104 120
384.0 104 121
385.5 121 142
385.5 121 143
387.0 13 18
387.0 13 19
388.5 23 34
388.5 23 35
390.0 193 198
390.0 193 199
391.5 101 138
391.5 101 139
393.0 141 145
393.0 141 146
394.5 155 156
394.5 155 157
396.0 150 157
396.0 150 158
397.5 182 184
397.5 182 185
399.0 180 181
399.0 180 182
400.5 105 139
400.5 105 140
402.0 167 169
402.0 167 170
403.5 62 78
403.5 62 79
405.0 166 167
405.0 166 168
406.5 31 38
406.5 32 33
408.0 42 55
408.0 42 56
409.5 161 172
409.5 161 173
411.0 39 75
411.0 39 76
412.5 42 82
412.5 42 83
414.0 45 77
414.0 45 78
415.5 64 79
415.5 64 80
417.0 131 144
417.0 131 145
418.5 127 138
418.5 127 139
420.0 176 187
420.0 177 178
421.5 153 159
421.5 153 160
423.0 81 82
423.0 82 83
424.5 46 57
424.5 46 58
426.0 175 185
426.0 175 186
427.5 39 99
427.5 39 100
429.0 80 81
429.0 80 82
430.5 11 22
430.5 12 13
432.0 75 83
432.0 76 77
433.5 86 88
433.5 86 89
435.0 91 94
435.0 91 95
436.5 86 92
436.5 86 93
438.0 121 144
438.0 121 145
439.5 39 63
439.5 39 72
441.0 110 120
441.0 110 121
442.5 11 20
442.5 11 21
444.0 103 140
444.0 103 141
445.5 48 49
445.5 48 54
447.0 41 47
447.0 41 48
448.5 62 76
448.5 62 77
450.0 85 86
450.0 85 87
451.5 151 158
451.5 151 159
453.0 41 74
453.0 41 75
454.5 61 83
454.5 62 63
456.0 9 15
456.0 9 16
457.5 179 180
457.5 179 181
459.0 59 82
459.0 59 83
460.5 12 20
460.5 12 21
462.0 16 18
462.0 16 19
463.5 101 110
463.5 101 111
465.0 183 184
465.0 183 185
466.5 165 170
466.5 165 171
468.0 174 187
468.0 174 188
469.5 0 7
469.5 1 2
471.0 40 61
471.0 40 62
472.5 39 53
472.5 39 54
474.0 101 104
474.0 101 105
475.5 63 64
475.5 63 72
477.0 179 186
477.0 179 187
478.5 38 83
478.5 38 84
480.0 40 81
480.0 40 82
481.5 126 145
481.5 126 146
483.0 145 146
483.0 146 147
484.5 22 35
484.5 22 36
486.0 28 30
486.0 28 31
487.5 42 47
487.5 42 48
489.0 100 127
489.0 100 128
490.5 103 144
490.5 103 145
492.0 31 36
492.0 31 37
493.5 41 80
493.5 41 81
495.0 178 180
495.0 178 181
496.5 63 75
496.5 63 76
498.0 180 187
498.0 181 182
499.5 42 61
499.5 42 73
501.0 105 119
501.0 105 120
502.5 59 60
502.5 59 77
504.0 41 45
504.0 41 46
505.5 32 38
505.5 33 34
507.0 29 33
507.0 29 34
508.5 101 121
508.5 101 122
510.0 23 28
510.0 23 29
511.5 85 90
511.5 85 91
513.0 189 198
513.0 189 199
514.5 133 137
514.5 133 138
516.0 114 115
516.0 114 116
517.5 106 117
517.5 106 118
519.0 40 100
519.0 41 42
520.5 34 35
520.5 34 36
522.0 105 123
522.0 105 124
523.5 59 80
523.5 59 81
525.0 175 187
525.0 175 188
526.5 101 140
526.5 101 141
528.0 100 187
528.0 100 188
529.5 42 76
529.5 42 77
531.0 63 83
531.0 64 65
532.5 194 195
532.5 194 196
534.0 39 40
534.0 39 43
535.5 111 119
535.5 111 120
537.0 76 80
537.0 76 81
538.5 104 109
538.5 104 117
540.0 65 83
540.0 66 67
541.5 23 30
541.5 23 31
543.0 78 81
543.0 78 82
544.5 91 92
544.5 91 93
546.0 125 145
546.0 125 146
547.5 10 13
547.5 10 14
549.0 39 79
549.0 39 80
550.5 46 79
550.5 46 80
552.0 23 32
552.0 23 33
553.5 43 59
553.5 43 60
555.0 48 80
555.0 48 81
556.5 105 145
556.5 105 146
558.0 103 124
558.0 103 125
559.5 2 5
559.5 2 6
561.0 110 116
561.0 110 117
562.5 27 28
562.5 27 29
564.0 85 96
564.0 85 97
565.5 174 183
565.5 174 184
567.0 88 99
567.0 89 90
568.5 190 199
568.5 191 192
570.0 88 89
570.0 88 90
571.5 108 120
571.5 108 121
573.0 46 83
573.0 47 48
574.5 162 166
574.5 162 167
576.0 65 79
576.0 65 80
577.5 39 44
577.5 39 45
579.0 150 159
579.0 150 160
580.5 102 146
580.5 102 147
582.0 112 117
582.0 112 118
583.5 23 36
583.5 23 37
585.0 109 143
585.0 109 144
586.5 104 139
586.5 104 140
588.0 66 83
588.0 67 68
589.5 49 82
589.5 49 83
591.0 101 106
591.0 101 107
592.5 87 89
592.5 87 90
594.0 88 95
594.0 88 96
595.5 17 18
595.5 17 19
597.0 85 88
597.0 85 89
598.5 39 81
598.5 39 82
600.0 95 96
600.0 95 97
601.5 86 90
601.5 86 91
603.0 176 185
603.0 176 186
604.5 191 193
604.5 191 194
606.0 188 196
606.0 188 197
607.5 101 117
607.5 101 118
609.0 31 34
609.0 31 35
610.5 47 82
610.5 47 83
612.0 77 78
612.0 77 79
613.5 128 145
613.5 128 146
615.0 60 61
615.0 60 74
616.5 162 168
616.5 162 169
618.0 42 80
618.0 42 81
619.5 101 144
619.5 101 145
621.0 28 36
621.0 28 37
622.5 165 172
622.5 165 173
624.0 98 99
624.0 99 100
625.5 30 33
625.5 30 34
627.0 17 20
627.0 17 21
628.5 157 159
628.5 158 159
630.0 103 116
630.0 103 117
631.5 151 152
631.5 151 153
633.0 87 91
633.0 87 92
634.5 65 71
634.5 65 72
636.0 45 81
636.0 45 82
637.5 181 187
637.5 182 183
639.0 114 117
639.0 114 118
640.5 108 141
640.5 108 142
642.0 130 141
642.0 130 142
643.5 76 78
643.5 76 79
645.0 85 100
645.0 86 87
646.5 7 22
646.5 7 38
648.0 88 91
648.0 88 92
649.5 152 160
649.5 153 154
651.0 105 143
651.0 105 144
652.5 40 83
652.5 40 84
654.0 56 57
654.0 57 58
655.5 129 143
655.5 129 144
657.0 163 167
657.0 163 168
658.5 87 95
658.5 87 96
660.0 194 197
660.0 194 198
661.5 163 173
661.5 163 174
663.0 39 59
663.0 39 60
664.5 104 124
664.5 104 125
666.0 45 59
666.0 45 60
667.5 125 143
667.5 125 144
669.0 134 139
669.0 135 136
670.5 142 143
670.5 142 144
672.0 27 30
672.0 27 31
673.5 91 98
673.5 91 99
675.0 64 73
675.0 64 74
676.5 175 181
676.5 175 182
678.0 128 147
678.0 129 130
679.5 65 75
679.5 65 76
681.0 41 78
681.0 41 79
682.5 43 77
682.5 43 78
684.0 128 139
684.0 128 140
685.5 65 81
685.5 65 82
687.0 101 125
687.0 101 126
688.5 104 107
688.5 104 108
690.0 92 95
690.0 92 96
691.5 38 99
691.5 38 100
693.0 163 169
693.0 163 170
694.5 166 169
694.5 166 170
696.0 46 55
696.0 46 56
697.5 44 60
697.5 44 74
699.0 186 187
699.0 187 188
700.5 103 106
700.5 103 107
702.0 192 196
702.0 192 197
703.5 102 109
703.5 102 110
705.0 4 6
705.0 5 6
706.5 133 135
706.5 133 136
708.0 107 146
708.0 107 147
709.5 167 171
709.5 167 172
711.0 100 140
711.0 100 141
712.5 101 115
712.5 101 116
714.0 123 141
714.0 123 142
715.5 22 33
715.5 22 34
717.0 44 58
717.0 44 59
718.5 161 168
718.5 161 169
720.0 109 118
720.0 109 119
721.5 94 98
721.5 94 99
723.0 0 3
723.0 0 4
724.5 42 43
724.5 42 44
726.0 51 52
726.0 51 53
727.5 24 32
727.5 24 33
729.0 43 55
729.0 43 56
730.5 147 148
730.5 147 159
732.0 166 171
732.0 166 172
733.5 191 195
733.5 191 196
735.0 44 75
735.0 44 76
736.5 10 11
736.5 10 12
738.0 54 55
738.0 55 56
739.5 102 144
739.5 102 145
741.0 41 62
741.0 41 73
742.5 62 74
742.5 62 75
744.0 122 143
744.0 122 144
745.5 44 56
745.5 44 57
747.0 198 199
748.5 133 139
748.5 133 140
750.0 178 186
750.0 178 187
751.5 193 194
751.5 193 195
753.0 191 199
753.0 192 193
754.5 131 140
754.5 131 141
756.0 107 142
756.0 107 143
757.5 14 17
757.5 14 18
759.0 129 145
759.0 129 146
760.5 76 82
760.5 76 83
762.0 107 140
762.0 107 141
763.5 164 167
763.5 164 168
765.0 175 179
765.0 175 180
766.5 130 139
766.5 130 140
768.0 45 55
768.0 45 56
769.5 74 83
769.5 75 76
771.0 155 158
771.0 155 159
772.5 100 138
772.5 100 139
774.0 43 46
774.0 43 47
775.5 106 143
775.5 106 144
777.0 64 75
777.0 64 76
778.5 41 43
778.5 41 44
780.0 25 33
780.0 25 34
781.5 61 77
781.5 61 78
783.0 0 5
783.0 0 6
784.5 40 49
784.5 40 54
786.0 40 47
786.0 40 48
787.5 45 83
787.5 46 47
789.0 189 194
789.0 189 195
790.5 47 76
790.5 47 77
792.0 101 102
792.0 101 103
793.5 105 147
793.5 106 107
795.0 16 20
795.0 16 21
796.5 13 20
796.5 13 21
798.0 112 115
798.0 112 116
799.5 177 179
799.5 177 180
801.0 42 78
801.0 42 79
802.5 13 16
802.5 13 17
804.0 111 117
804.0 111 118
805.5 128 143
805.5 128 144
807.0 50 57
807.0 50 58
808.5 189 190
808.5 189 191
810.0 156 157
810.0 156 158
811.5 65 73
811.5 65 74
813.0 123 143
813.0 123 144
814.5 39 77
814.5 39 78
816.0 66 76
816.0 66 78
817.5 107 119
817.5 107 120
819.0 29 31
819.0 29 32
820.5 177 181
820.5 177 182
822.0 9 19
822.0 9 20
823.5 191 197
823.5 191 198
825.0 12 18
825.0 12 19
826.5 32 36
826.5 32 37
828.0 33 37
828.0 33 38
829.5 64 77
829.5 64 78
831.0 27 32
831.0 27 33
832.5 44 79
832.5 44 80
834.0 129 139
834.0 129 140
835.5 100 101
835.5 100 107
837.0 169 170
837.0 169 171
838.5 47 80
838.5 47 81
840.0 100 119
840.0 100 120
841.5 101 142
841.5 101 143
843.0 40 73
843.0 40 74
844.5 68 69
844.5 68 70
846.0 108 145
846.0 108 146
847.5 86 98
847.5 86 99
849.0 69 72
849.0 69 73
850.5 136 137
850.5 137 138
852.0 104 105
852.0 104 106
853.5 44 46
853.5 44 55
855.0 120 121
855.0 121 122
856.5 10 19
856.5 10 20
858.0 66 72
858.0 66 73
859.5 179 184
859.5 179 185
861.0 126 141
861.0 126 142
862.5 132 146
862.5 133 134
864.0 132 138
864.0 132 139
865.5 105 141
865.5 105 142
867.0 46 77
867.0 46 78
868.5 196 198
868.5 196 199
870.0 138 139
870.0 139 140
871.5 102 118
871.5 102 119
873.0 176 181
873.0 176 182
874.5 100 144
874.5 100 145
876.0 49 54
876.0 49 55
877.5 164 173
877.5 164 174
879.0 149 151
879.0 149 152
880.5 46 75
880.5 46 76
882.0 110 147
882.0 111 112
883.5 92 93
883.5 92 94
885.0 162 174
885.0 163 164
886.5 24 30
886.5 24 31
888.0 102 103
888.0 102 104
889.5 124 145
889.5 124 146
891.0 108 147
891.0 109 110
892.5 177 183
892.5 177 184
894.0 176 183
894.0 176 184
895.5 39 73
895.5 39 74
897.0 84 93
897.0 84 94
898.5 116 117
898.5 117 118
900.0 88 97
900.0 88 98
901.5 93 99
901.5 94 95
903.0 18 21
903.0 19 20
904.5 118 119
904.5 119 120
906.0 48 55
906.0 48 56
907.5 101 187
907.5 101 188
909.0 100 121
909.0 100 122
910.5 39 83
910.5 39 84
912.0 109 122
912.0 109 142
913.5 194 199
913.5 195 196
915.0 112 113
915.0 112 114
916.5 51 56
916.5 51 57
918.0 102 120
918.0 102 121
919.5 60 83
919.5 61 62
921.0 30 37
921.0 30 38
922.5 42 59
922.5 42 60
924.0 101 119
924.0 101 120
925.5 1 5
925.5 1 6
927.0 87 99
927.0 87 100
928.5 106 141
928.5 106 142
930.0 168 172
930.0 168 173
931.5 42 57
931.5 42 58
933.0 169 172
933.0 169 173
934.5 23 38
934.5 24 25
936.0 102 107
936.0 102 108
937.5 68 71
937.5 68 72
939.0 129 147
939.0 130 131
940.5 41 56
940.5 41 57
942.0 47 78
942.0 47 79
943.5 15 17
943.5 15 18
945.0 1 3
945.0 1 4
946.5 30 31
946.5 30 32
948.0 174 185
948.0 174 186
949.5 112 119
949.5 112 120
951.0 91 96
951.0 91 97
952.5 86 94
952.5 86 95
954.0 60 79
954.0 60 80
955.5 89 97
955.5 89 98
957.0 152 158
957.0 152 159
958.5 103 120
958.5 103 121
960.0 148 154
960.0 148 155
961.5 104 147
961.5 105 106
963.0 177 187
963.0 178 179
964.5 43 75
964.5 43 76
966.0 66 74
966.0 66 75
967.5 101 123
967.5 101 124
969.0 104 118
969.0 104 119
970.5 127 140
970.5 127 141
972.0 101 160
972.0 101 161
973.5 151 156
973.5 151 157
975.0 22 31
975.0 22 32
976.5 22 37
976.5 22 38
978.0 106 147
978.0 107 108
979.5 25 31
979.5 25 32
981.0 153 155
981.0 153 156
982.5 179 182
982.5 179 183
984.0 64 81
984.0 64 82
985.5 92 99
985.5 93 94
987.0 74 81
987.0 74 82
988.5 2 3
988.5 2 4
990.0 52 57
990.0 53 54
991.5 48 82
991.5 48 83
993.0 124 139
993.0 124 140
994.5 29 35
994.5 29 36
996.0 11 14
996.0 11 15
997.5 90 98
997.5 90 99
999.0 130 143
999.0 130 144
1000.5 103 126
1000.5 103 139
1002.0 103 108
1002.0 103 109
1003.5 165 166
1003.5 165 167
1005.0 106 123
1005.0 106 140
1006.5 24 28
1006.5 24 29
1008.0 100 110
1008.0 100 111
1009.5 153 157
1009.5 153 158
1011.0 66 79
1011.0 66 80
1012.5 13 14
1012.5 13 15
1014.0 26 31
1014.0 26 32
1015.5 115 116
1015.5 115 117
1017.0 103 146
1017.0 103 147
1018.5 102 138
1018.5 102 139
1020.0 50 53
1020.0 50 54
1021.5 113 118
1021.5 113 119
1023.0 195 199
1023.0 196 197
1024.5 178 182
1024.5 178 183
1026.0 195 197
1026.0 195 198
1027.5 90 92
1027.5 90 93
1029.0 105 121
1029.0 105 122
1030.5 64 71
1030.5 64 72
1032.0 46 59
1032.0 46 60
1033.5 25 35
1033.5 25 36
1035.0 30 35
1035.0 30 36
1036.5 67 69
1036.5 67 70
1038.0 125 147
1038.0 126 127
1039.5 181 183
1039.5 181 184
1041.0 175 183
1041.0 175 184
1042.5 123 145
1042.5 123 146
1044.0 22 23
1044.0 22 30
1045.5 39 48
1045.5 39 49
1047.0 40 57
1047.0 40 58
1048.5 9 11
1048.5 9 12
1050.0 8 16
1050.0 8 17
1051.5 101 108
1051.5 101 109
1053.0 47 59
1053.0 47 60
1054.5 106 121
1054.5 106 122
1056.0 159 160
1056.0 160 161
1057.5 102 116
1057.5 102 117
1059.0 100 142
1059.0 100 143
1060.5 84 85
1060.5 84 90
1062.0 62 82
1062.0 62 83
1063.5 67 82
1063.5 67 83
1065.0 126 139
1065.0 126 140
1066.5 26 33
1066.5 26 34
1068.0 128 141
1068.0 128 142
1069.5 85 98
1069.5 85 99
1071.0 183 186
1071.0 184 185
1072.5 40 41
1072.5 40 42
1074.0 181 185
1074.0 181 186
1075.5 123 147
1075.5 124 125
1077.0 60 77
1077.0 60 78
1078.5 190 191
1078.5 190 192
1080.0 122 145
1080.0 122 146
1081.5 43 44
1081.5 43 45
1083.0 88 93
1083.0 88 94
1084.5 180 185
1084.5 180 186
1086.0 180 183
1086.0 180 184
1087.5 167 173
1087.5 168 169
1089.0 143 144
1089.0 143 145
1090.5 20 21
1090.5 21 22
1092.0 67 71
1092.0 67 72
1093.5 25 29
1093.5 25 30
1095.0 40 79
1095.0 40 80
1096.5 164 169
1096.5 164 170
1098.0 67 75
1098.0 67 81
1099.5 151 160
1099.5 152 153
1101.0 190 197
1101.0 190 198
1102.5 178 184
1102.5 178 185
1104.0 104 141
1104.0 104 142
1105.5 3 6
1105.5 4 5
1107.0 108 109
1107.0 108 117
1108.5 61 75
1108.5 61 76
1110.0 100 117
1110.0 100 118
1111.5 108 122
1111.5 108 140
1113.0 7 20
1113.0 7 21
1114.5 87 93
1114.5 87 94
1116.0 113 114
1116.0 113 115
1117.5 85 94
1117.5 85 95
1119.0 177 185
1119.0 177 186
1120.5 131 138
1120.5 131 139
1122.0 192 194
1122.0 192 195
1123.5 124 141
1123.5 124 142
1125.0 8 20
1125.0 8 21
1126.5 130 145
1126.5 130 146
1128.0 26 27
1128.0 26 28
1129.5 87 97
1129.5 87 98
1131.0 149 159
1131.0 149 160
1132.5 125 141
1132.5 125 142
1134.0 86 96
1134.0 86 97
1135.5 149 155
1135.5 149 156
1137.0 184 186
1137.0 185 186
1138.5 40 45
1138.5 40 46
1140.0 11 12
1140.0 11 13
1141.5 78 79
1141.5 78 80
1143.0 92 97
1143.0 92 98
1144.5 48 59
1144.5 48 79
1146.0 147 174
1146.0 148 149
1147.5 45 75
1147.5 45 76
