0 110 145
0 110 146
0.501 52 55
0.501 52 56
1.0019999999999998 85 94
1.0019999999999998 85 95
1.5029999999999997 39 73
1.5029999999999997 39 74
2.0039999999999996 194 197
2.0039999999999996 194 198
2.5049999999999994 190 199
2.5049999999999994 191 192
3.0059999999999993 20 21
3.0059999999999993 21 22
3.5069999999999992 112 117
3.5069999999999992 112 118
4.008 34 35
4.008 34 36
4.509 195 197
4.509 195 198
5.010000000000001 76 82
5.010000000000001 76 83
5.511000000000001 84 97
5.511000000000001 84 98
6.012000000000001 193 194
6.012000000000001 193 195
6.513000000000002 151 154
6.513000000000002 151 155
7.014000000000002 10 21
7.014000000000002 10 22
7.515000000000002 17 18
7.515000000000002 17 19
8.016000000000002 53 55
8.016000000000002 53 56
8.517000000000001 143 144
8.517000000000001 143 145
9.018 136 137
9.018 137 138
9.519 101 173
9.519 101 174
10.02 101 123
10.02 101 124
10.520999999999999 39 77
10.520999999999999 39 78
11.021999999999998 109 122
11.021999999999998 109 142
11.522999999999998 102 142
11.522999999999998 102 143
12.023999999999997 85 92
12.023999999999997 85 93
12.524999999999997 181 187
12.524999999999997 182 183
13.025999999999996 78 83
13.025999999999996 79 80
13.526999999999996 16 18
13.526999999999996 16 19
14.027999999999995 49 56
14.027999999999995 49 57
14.528999999999995 80 81
14.528999999999995 80 82
15.029999999999994 47 57
15.029999999999994 47 58
15.530999999999993 39 61
15.530999999999993 39 62
16.031999999999993 181 183
16.031999999999993 181 184
16.532999999999994 103 126
16.532999999999994 103 139
17.033999999999995 126 143
17.033999999999995 126 144
17.534999999999997 61 77
17.534999999999997 61 78
18.035999999999998 26 33
18.035999999999998 26 34
18.537 38 83
18.537 38 84
19.038 24 32
19.038 24 33
19.539 0 1
19.539 0 2
20.040000000000003 94 96
20.040000000000003 94 97
20.541000000000004 166 173
20.541000000000004 167 168
21.042000000000005 96 97
21.042000000000005 96 98
21.543000000000006 152 158
21.543000000000006 152 159
22.044000000000008 176 187
22.044000000000008 177 178
22.54500000000001 48 55
22.54500000000001 48 56
23.04600000000001 106 145
23.04600000000001 106 146
23.54700000000001 68 73
23.54700000000001 68 74
24.048000000000012 50 57
24.048000000000012 50 58
24.549000000000014 106 121
24.549000000000014 106 122
25.050000000000015 126 139
25.050000000000015 126 140
25.551000000000016 166 169
25.551000000000016 166 170
26.052000000000017 43 55
26.052000000000017 43 56
26.55300000000002 65 81
26.55300000000002 65 82
27.05400000000002 71 72
27.05400000000002 72 73
27.55500000000002 61 75
27.55500000000002 61 76
28.056000000000022 131 138
28.056000000000022 131 139
28.557000000000023 8 16
28.557000000000023 8 17
29.058000000000025 60 83
29.058000000000025 61 62
29.559000000000026 58 59
29.559000000000026 58 83
30.060000000000027 93 99
30.060000000000027 94 95
30.56100000000003 105 145
30.56100000000003 105 146
31.06200000000003 77 82
31.06200000000003 77 83
31.56300000000003 63 81
31.56300000000003 63 82
32.06400000000003 41 45
32.06400000000003 41 46
32.565000000000026 100 108
32.565000000000026 100 109
33.066000000000024 143 146
33.066000000000024 144 145
33.56700000000002 109 143
33.56700000000002 109 144
34.06800000000002 48 49
34.06800000000002 48 54
34.56900000000002 130 145
34.56900000000002 130 146
35.070000000000014 38 81
35.070000000000014 38 82
35.57100000000001 22 33
35.57100000000001 22 34
36.07200000000001 127 140
36.07200000000001 127 141
36.57300000000001 75 83
36.57300000000001 76 77
37.074000000000005 33 35
37.074000000000005 33 36
37.575 163 167
37.575 163 168
38.076 41 82
38.076 41 83
38.577 60 75
38.577 60 76
39.077999999999996 77 78
39.077999999999996 77 79
39.57899999999999 180 187
39.57899999999999 181 182
40.07999999999999 162 164
40.07999999999999 162 165
40.58099999999999 109 120
40.58099999999999 109 121
41.08199999999999 76 80
41.08199999999999 76 81
41.582999999999984 154 157
41.582999999999984 154 158
42.08399999999998 162 166
42.08399999999998 162 167
42.58499999999998 84 93
42.58499999999998 84 94
43.08599999999998 0 3
43.08599999999998 0 4
43.586999999999975 46 79
43.586999999999975 46 80
44.08799999999997 18 19
44.08799999999997 18 20
44.58899999999997 2 3
44.58899999999997 2 4
45.08999999999997 104 118
45.08999999999997 104 119
45.590999999999966 100 123
45.590999999999966 100 124
46.09199999999996 140 146
46.09199999999996 141 142
46.59299999999996 86 96
46.59299999999996 86 97
47.09399999999996 105 121
47.09399999999996 105 122
47.594999999999956 163 169
47.594999999999956 163 170
48.095999999999954 41 78
48.095999999999954 41 79
48.59699999999995 88 95
48.59699999999995 88 96
49.09799999999995 46 81
49.09799999999995 46 82
49.59899999999995 190 197
49.59899999999995 190 198
50.099999999999945 78 79
50.099999999999945 78 80
50.60099999999994 183 186
50.60099999999994 184 185
51.10199999999994 27 28
51.10199999999994 27 29
51.60299999999994 40 100
51.60299999999994 41 42
52.103999999999935 184 186
52.103999999999935 185 186
52.60499999999993 108 120
52.60499999999993 108 121
53.10599999999993 102 144
53.10599999999993 102 145
53.60699999999993 75 79
53.60699999999993 75 80
54.107999999999926 127 138
54.107999999999926 127 139
54.608999999999924 175 179
54.608999999999924 175 180
55.10999999999992 85 100
55.10999999999992 86 87
55.61099999999992 164 171
55.61099999999992 164 172
56.11199999999992 39 79
56.11199999999992 39 80
56.612999999999914 106 141
56.612999999999914 106 142
57.11399999999991 31 32
57.11399999999991 31 33
57.61499999999991 104 105
57.61499999999991 104 106
58.11599999999991 106 147
58.11599999999991 107 108
58.616999999999905 194 199
58.616999999999905 195 196
59.1179999999999 23 30
59.1179999999999 23 31
59.6189999999999 43 77
59.6189999999999 43 78
60.1199999999999 66 72
60.1199999999999 66 73
60.620999999999896 49 54
60.620999999999896 49 55
61.12199999999989 47 55
61.12199999999989 47 56
61.62299999999989 23 36
61.62299999999989 23 37
62.12399999999989 170 171
62.12399999999989 170 172
62.624999999999886 176 183
62.624999999999886 176 184
63.125999999999884 189 192
63.125999999999884 189 193
63.62699999999988 153 155
63.62699999999988 153 156
64.12799999999989 100 144
64.12799999999989 100 145
64.62899999999989 88 91
64.62899999999989 88 92
65.1299999999999 191 197
65.1299999999999 191 198
65.6309999999999 109 147
65.6309999999999 110 111
66.1319999999999 178 186
66.1319999999999 178 187
66.63299999999991 47 80
66.63299999999991 47 81
67.13399999999992 177 181
67.13399999999992 177 182
67.63499999999992 32 38
67.63499999999992 33 34
68.13599999999992 151 156
68.13599999999992 151 157
68.63699999999993 105 119
68.63699999999993 105 120
69.13799999999993 124 141
69.13799999999993 124 142
69.63899999999994 15 21
69.63899999999994 16 17
70.13999999999994 26 29
70.13999999999994 26 30
70.64099999999995 175 183
70.64099999999995 175 184
71.14199999999995 101 108
71.14199999999995 101 109
71.64299999999996 174 183
71.64299999999996 174 184
72.14399999999996 43 61
72.14399999999996 43 74
72.64499999999997 84 85
72.64499999999997 84 90
73.14599999999997 46 83
73.14599999999997 47 48
73.64699999999998 109 145
73.64699999999998 109 146
74.14799999999998 50 51
74.14799999999998 50 52
74.64899999999999 128 141
74.64899999999999 128 142
75.14999999999999 161 162
75.14999999999999 161 167
75.651 101 110
75.651 101 111
76.152 126 145
76.152 126 146
76.653 131 140
76.653 131 141
77.15400000000001 129 139
77.15400000000001 129 140
77.65500000000002 179 182
77.65500000000002 179 183
78.15600000000002 89 93
78.15600000000002 89 94
78.65700000000002 108 145
78.65700000000002 108 146
79.15800000000003 123 143
79.15800000000003 123 144
79.65900000000003 50 53
79.65900000000003 50 54
80.16000000000004 14 17
80.16000000000004 14 18
80.66100000000004 62 76
80.66100000000004 62 77
81.16200000000005 190 193
81.16200000000005 190 194
81.66300000000005 8 22
81.66300000000005 9 10
82.16400000000006 43 75
82.16400000000006 43 76
82.66500000000006 189 196
82.66500000000006 189 197
83.16600000000007 89 99
83.16600000000007 90 91
83.66700000000007 45 77
83.66700000000007 45 78
84.16800000000008 191 193
84.16800000000008 191 194
84.66900000000008 78 81
84.66900000000008 78 82
85.17000000000009 56 57
85.17000000000009 57 58
85.67100000000009 65 71
85.67100000000009 65 72
86.1720000000001 127 146
86.1720000000001 127 147
86.6730000000001 103 122
86.6730000000001 103 123
87.1740000000001 8 14
87.1740000000001 8 15
87.67500000000011 91 98
87.67500000000011 91 99
88.17600000000012 121 144
88.17600000000012 121 145
88.67700000000012 43 57
88.67700000000012 43 58
89.17800000000013 132 144
89.17800000000013 132 145
89.67900000000013 108 118
89.67900000000013 108 119
90.18000000000013 63 73
90.18000000000013 63 74
90.68100000000014 100 119
90.68100000000014 100 120
91.18200000000014 29 31
91.18200000000014 29 32
91.68300000000015 123 141
91.68300000000015 123 142
92.18400000000015 161 174
92.18400000000015 162 163
92.68500000000016 150 151
92.68500000000016 150 152
93.18600000000016 47 59
93.18600000000016 47 60
93.68700000000017 86 98
93.68700000000017 86 99
94.18800000000017 30 31
94.18800000000017 30 32
94.68900000000018 152 154
94.68900000000018 152 155
95.19000000000018 133 135
95.19000000000018 133 136
95.69100000000019 104 141
95.69100000000019 104 142
96.19200000000019 63 77
96.19200000000019 63 78
96.6930000000002 126 141
96.6930000000002 126 142
97.1940000000002 44 60
97.1940000000002 44 74
97.6950000000002 42 55
97.6950000000002 42 56
98.19600000000021 132 140
98.19600000000021 132 141
98.69700000000022 129 145
98.69700000000022 129 146
99.19800000000022 41 74
99.19800000000022 41 75
99.69900000000023 64 83
99.69900000000023 65 66
100.20000000000023 101 106
100.20000000000023 101 107
100.70100000000023 130 139
100.70100000000023 130 140
101.20200000000024 164 173
101.20200000000024 164 174
101.70300000000024 197 198
101.70300000000024 197 199
102.20400000000025 142 143
102.20400000000025 142 144
102.70500000000025 103 120
102.70500000000025 103 121
103.20600000000026 100 142
103.20600000000026 100 143
103.70700000000026 188 198
103.70700000000026 188 199
104.20800000000027 28 36
104.20800000000027 28 37
104.70900000000027 87 97
104.70900000000027 87 98
105.21000000000028 95 98
105.21000000000028 95 99
105.71100000000028 45 55
105.71100000000028 45 56
106.21200000000029 104 143
106.21200000000029 104 144
106.71300000000029 3 4
106.71300000000029 3 5
107.2140000000003 65 83
107.2140000000003 66 67
107.7150000000003 87 95
107.7150000000003 87 96
108.2160000000003 39 53
108.2160000000003 39 54
108.71700000000031 61 83
108.71700000000031 62 63
109.21800000000032 7 20
109.21800000000032 7 21
109.71900000000032 152 160
109.71900000000032 153 154
110.22000000000033 85 98
110.22000000000033 85 99
110.72100000000033 151 152
110.72100000000033 151 153
111.22200000000034 108 143
111.22200000000034 108 144
111.72300000000034 180 185
111.72300000000034 180 186
112.22400000000034 130 141
112.22400000000034 130 142
112.72500000000035 179 186
112.72500000000035 179 187
113.22600000000035 9 11
113.22600000000035 9 12
113.72700000000036 122 147
113.72700000000036 123 124
114.22800000000036 110 116
114.22800000000036 110 117
114.72900000000037 103 118
114.72900000000037 103 119
115.23000000000037 149 153
115.23000000000037 149 154
115.73100000000038 176 181
115.73100000000038 176 182
116.23200000000038 155 158
116.23200000000038 155 159
116.73300000000039 176 177
116.73300000000039 176 178
117.23400000000039 178 180
117.23400000000039 178 181
117.7350000000004 98 99
117.7350000000004 99 100
118.2360000000004 3 6
118.2360000000004 4 5
118.7370000000004 67 75
118.7370000000004 67 81
119.23800000000041 29 33
119.23800000000041 29 34
119.73900000000042 43 79
119.73900000000042 43 80
120.24000000000042 40 73
120.24000000000042 40 74
120.74100000000043 24 28
120.74100000000043 24 29
121.24200000000043 23 28
121.24200000000043 23 29
121.74300000000044 178 184
121.74300000000044 178 185
122.24400000000044 10 19
122.24400000000044 10 20
122.74500000000045 14 21
122.74500000000045 15 16
123.24600000000045 47 82
123.24600000000045 47 83
123.74700000000045 59 78
123.74700000000045 59 79
124.24800000000046 18 21
124.24800000000046 19 20
124.74900000000046 46 59
124.74900000000046 46 60
125.25000000000047 115 116
125.25000000000047 115 117
125.75100000000047 179 184
125.75100000000047 179 185
126.25200000000048 40 79
126.25200000000048 40 80
126.75300000000048 40 83
126.75300000000048 40 84
127.25400000000049 51 52
127.25400000000049 51 53
127.75500000000049 87 89
127.75500000000049 87 90
128.2560000000005 134 135
128.2560000000005 134 136
128.75700000000052 104 145
128.75700000000052 104 146
129.25800000000052 42 59
129.25800000000052 42 60
129.75900000000053 169 172
129.75900000000053 169 173
130.26000000000053 46 77
130.26000000000053 46 78
130.76100000000054 88 97
130.76100000000054 88 98
131.26200000000054 86 88
131.26200000000054 86 89
131.76300000000055 122 141
131.76300000000055 122 142
132.26400000000055 153 157
132.26400000000055 153 158
132.76500000000055 35 36
132.76500000000055 35 37
133.26600000000056 165 166
133.26600000000056 165 167
133.76700000000056 154 159
133.76700000000056 154 160
134.26800000000057 45 75
134.26800000000057 45 76
134.76900000000057 60 79
134.76900000000057 60 80
135.27000000000058 33 37
135.27000000000058 33 38
135.77100000000058 36 37
135.77100000000058 37 38
136.2720000000006 157 159
136.2720000000006 158 159
136.7730000000006 102 140
136.7730000000006 102 141
137.2740000000006 163 173
137.2740000000006 163 174
137.7750000000006 64 77
137.7750000000006 64 78
138.2760000000006 84 91
138.2760000000006 84 92
138.7770000000006 0 5
138.7770000000006 0 6
139.27800000000062 85 88
139.27800000000062 85 89
139.77900000000062 96 99
139.77900000000062 97 98
140.28000000000063 177 185
140.28000000000063 177 186
140.78100000000063 40 57
140.78100000000063 40 58
141.28200000000064 131 136
141.28200000000064 131 137
141.78300000000064 40 59
141.78300000000064 40 60
142.28400000000065 42 78
142.28400000000065 42 79
142.78500000000065 102 107
142.78500000000065 102 108
143.28600000000066 149 155
143.28600000000066 149 156
143.78700000000066 180 183
143.78700000000066 180 184
144.28800000000066 192 194
144.28800000000066 192 195
144.78900000000067 1 3
144.78900000000067 1 4
145.29000000000067 12 20
145.29000000000067 12 21
145.79100000000068 52 57
145.79100000000068 53 54
146.29200000000068 64 71
146.29200000000068 64 72
146.7930000000007 42 45
146.7930000000007 42 46
147.2940000000007 59 82
147.2940000000007 59 83
147.7950000000007 44 77
147.7950000000007 44 78
148.2960000000007 167 171
148.2960000000007 167 172
148.7970000000007 40 41
148.7970000000007 40 42
149.2980000000007 105 123
149.2980000000007 105 124
149.79900000000072 167 169
149.79900000000072 167 170
150.30000000000072 101 102
150.30000000000072 101 103
150.80100000000073 102 109
150.80100000000073 102 110
151.30200000000073 133 139
151.30200000000073 133 140
151.80300000000074 194 195
151.80300000000074 194 196
152.30400000000074 103 144
152.30400000000074 103 145
152.80500000000075 92 97
152.80500000000075 92 98
153.30600000000075 179 180
153.30600000000075 179 181
153.80700000000076 164 169
153.80700000000076 164 170
154.30800000000076 77 80
154.30800000000076 77 81
154.80900000000076 111 119
154.80900000000076 111 120
155.31000000000077 102 116
155.31000000000077 102 117
155.81100000000077 26 37
155.81100000000077 26 38
156.31200000000078 38 99
156.31200000000078 38 100
156.81300000000078 66 70
156.81300000000078 66 71
157.3140000000008 106 117
157.3140000000008 106 118
157.8150000000008 181 185
157.8150000000008 181 186
158.3160000000008 169 170
158.3160000000008 169 171
158.8170000000008 183 184
158.8170000000008 183 185
159.3180000000008 15 17
159.3180000000008 15 18
159.8190000000008 41 54
159.8190000000008 41 55
160.32000000000082 107 140
160.32000000000082 107 141
160.82100000000082 89 91
160.82100000000082 89 92
161.32200000000083 30 35
161.32200000000083 30 36
161.82300000000083 123 147
161.82300000000083 124 125
162.32400000000084 75 81
162.32400000000084 75 82
162.82500000000084 189 190
162.82500000000084 189 191
163.32600000000085 104 120
163.32600000000085 104 121
163.82700000000085 39 48
163.82700000000085 39 49
164.32800000000086 65 73
164.32800000000086 65 74
164.82900000000086 28 38
164.82900000000086 29 30
165.33000000000087 100 187
165.33000000000087 100 188
165.83100000000087 41 56
165.83100000000087 41 57
166.33200000000087 24 36
166.33200000000087 24 37
166.83300000000088 127 144
166.83300000000088 127 145
167.33400000000088 103 108
167.33400000000088 103 109
167.8350000000009 86 90
167.8350000000009 86 91
168.3360000000009 22 37
168.3360000000009 22 38
168.8370000000009 110 147
168.8370000000009 111 112
169.3380000000009 180 181
169.3380000000009 180 182
169.8390000000009 142 145
169.8390000000009 142 146
170.3400000000009 175 176
170.3400000000009 175 178
170.84100000000092 26 35
170.84100000000092 26 36
171.34200000000092 90 96
171.34200000000092 90 97
171.84300000000093 105 117
171.84300000000093 105 118
172.34400000000093 112 119
172.34400000000093 112 120
172.84500000000094 79 81
172.84500000000094 79 82
173.34600000000094 39 46
173.34600000000094 39 47
173.84700000000095 106 143
173.84700000000095 106 144
174.34800000000095 103 106
174.34800000000095 103 107
174.84900000000096 90 92
174.84900000000096 90 93
175.35000000000096 44 79
175.35000000000096 44 80
175.85100000000097 44 58
175.85100000000097 44 59
176.35200000000097 41 47
176.35200000000097 41 48
176.85300000000097 40 61
176.85300000000097 40 62
177.35400000000098 12 14
177.35400000000098 12 15
177.85500000000098 63 75
177.85500000000098 63 76
178.356000000001 43 81
178.356000000001 43 82
178.857000000001 9 21
178.857000000001 9 22
179.358000000001 10 15
179.358000000001 10 16
179.859000000001 101 160
179.859000000001 101 161
180.360000000001 29 35
180.360000000001 29 36
180.861000000001 106 123
180.861000000001 106 140
181.36200000000102 44 75
181.36200000000102 44 76
181.86300000000102 106 119
181.86300000000102 106 120
182.36400000000103 129 137
182.36400000000103 129 138
182.86500000000103 145 146
182.86500000000103 146 147
183.36600000000104 156 157
183.36600000000104 156 158
183.86700000000104 149 157
183.86700000000104 149 158
184.36800000000105 74 83
184.36800000000105 75 76
184.86900000000105 168 170
184.86900000000105 168 171
185.37000000000106 62 78
185.37000000000106 62 79
185.87100000000106 124 143
185.87100000000106 124 144
186.37200000000107 122 145
186.37200000000107 122 146
186.87300000000107 44 83
186.87300000000107 45 46
187.37400000000108 62 72
187.37400000000108 62 73
187.87500000000108 89 95
187.87500000000108 89 96
188.37600000000108 59 60
188.37600000000108 59 77
188.8770000000011 128 147
188.8770000000011 129 130
189.3780000000011 125 141
189.3780000000011 125 142
189.8790000000011 7 22
189.8790000000011 7 38
190.3800000000011 14 15
190.3800000000011 14 16
190.8810000000011 45 57
190.8810000000011 45 58
191.3820000000011 91 92
191.3820000000011 91 93
191.88300000000112 163 171
191.88300000000112 163 172
192.38400000000112 39 55
192.38400000000112 39 56
192.88500000000113 41 80
192.88500000000113 41 81
193.38600000000113 182 184
193.38600000000113 182 185
193.88700000000114 29 37
193.88700000000114 29 38
194.38800000000114 101 187
194.38800000000114 101 188
194.88900000000115 100 115
194.88900000000115 100 116
195.39000000000115 86 94
195.39000000000115 86 95
195.89100000000116 31 38
195.89100000000116 32 33
196.39200000000116 100 125
196.39200000000116 100 126
196.89300000000117 162 172
196.89300000000117 162 173
197.39400000000117 128 145
197.39400000000117 128 146
197.89500000000118 112 115
197.89500000000118 112 116
198.39600000000118 167 173
198.39600000000118 168 169
198.89700000000119 113 118
198.89700000000119 113 119
199.3980000000012 148 174
199.3980000000012 149 150
199.8990000000012 124 139
199.8990000000012 124 140
200.4000000000012 101 138
200.4000000000012 101 139
200.9010000000012 25 33
200.9010000000012 25 34
201.4020000000012 66 76
201.4020000000012 66 78
201.9030000000012 89 97
201.9030000000012 89 98
202.40400000000122 107 119
202.40400000000122 107 120
202.90500000000122 102 146
202.90500000000122 102 147
203.40600000000123 28 34
203.40600000000123 28 35
203.90700000000123 11 20
203.90700000000123 11 21
204.40800000000124 11 22
204.40800000000124 12 13
204.90900000000124 17 20
204.90900000000124 17 21
205.41000000000125 189 194
205.41000000000125 189 195
205.91100000000125 190 195
205.91100000000125 190 196
206.41200000000126 8 9
206.41200000000126 8 13
206.91300000000126 28 32
206.91300000000126 28 33
207.41400000000127 43 44
207.41400000000127 43 45
207.91500000000127 100 127
207.91500000000127 100 128
208.41600000000128 28 30
208.41600000000128 28 31
208.91700000000128 141 143
208.91700000000128 141 144
209.41800000000129 49 58
209.41800000000129 49 59
209.9190000000013 86 100
209.9190000000013 87 88
210.4200000000013 39 99
210.4200000000013 39 100
210.9210000000013 122 143
210.9210000000013 122 144
211.4220000000013 90 98
211.4220000000013 90 99
211.9230000000013 41 60
211.9230000000013 41 61
212.4240000000013 166 171
212.4240000000013 166 172
212.92500000000132 64 75
212.92500000000132 64 76
213.42600000000132 188 196
213.42600000000132 188 197
213.92700000000133 102 122
213.92700000000133 102 123
214.42800000000133 198 199
214.92900000000134 140 141
214.92900000000134 140 145
215.43000000000134 100 146
215.43000000000134 100 147
215.93100000000135 100 160
215.93100000000135 100 161
216.43200000000135 40 47
216.43200000000135 40 48
216.93300000000136 88 99
216.93300000000136 89 90
217.43400000000136 42 76
217.43400000000136 42 77
217.93500000000137 64 81
217.93500000000137 64 82
218.43600000000137 81 82
218.43600000000137 82 83
218.93700000000138 67 69
218.93700000000138 67 70
219.43800000000138 41 58
219.43800000000138 41 59
219.93900000000139 92 99
219.93900000000139 93 94
220.4400000000014 150 155
220.4400000000014 150 156
220.9410000000014 22 35
220.9410000000014 22 36
221.4420000000014 101 144
221.4420000000014 101 145
221.9430000000014 45 79
221.9430000000014 45 80
222.4440000000014 159 160
222.4440000000014 160 161
222.94500000000141 13 14
222.94500000000141 13 15
223.44600000000142 84 99
223.44600000000142 84 100
223.94700000000142 165 170
223.94700000000142 165 171
224.44800000000143 14 19
224.44800000000143 14 20
224.94900000000143 148 158
224.94900000000143 148 159
225.45000000000144 107 121
225.45000000000144 107 122
225.95100000000144 54 55
225.95100000000144 55 56
226.45200000000145 85 96
226.45200000000145 85 97
226.95300000000145 25 35
226.95300000000145 25 36
227.45400000000146 39 40
227.45400000000146 39 43
227.95500000000146 15 19
227.95500000000146 15 20
228.45600000000147 41 76
228.45600000000147 41 77
228.95700000000147 189 198
228.95700000000147 189 199
229.45800000000148 123 145
229.45800000000148 123 146
229.95900000000148 51 54
229.95900000000148 51 55
230.4600000000015 22 31
230.4600000000015 22 32
230.9610000000015 153 159
230.9610000000015 153 160
231.4620000000015 102 124
231.4620000000015 102 125
231.9630000000015 1 5
231.9630000000015 1 6
232.4640000000015 104 147
232.4640000000015 105 106
232.9650000000015 186 187
232.9650000000015 187 188
233.46600000000151 101 115
233.46600000000151 101 116
233.96700000000152 191 195
233.96700000000152 191 196
234.46800000000152 13 16
234.46800000000152 13 17
234.96900000000153 43 46
234.96900000000153 43 47
235.47000000000153 22 23
235.47000000000153 22 30
235.97100000000154 128 139
235.97100000000154 128 140
236.47200000000154 114 115
236.47200000000154 114 116
236.97300000000155 148 154
236.97300000000155 148 155
237.47400000000155 134 139
237.47400000000155 135 136
237.97500000000156 65 79
237.97500000000156 65 80
238.47600000000156 23 26
238.47600000000156 23 27
238.97700000000157 103 104
238.97700000000157 103 105
239.47800000000157 105 143
239.47800000000157 105 144
239.97900000000158 27 30
239.97900000000158 27 31
240.48000000000158 61 81
240.48000000000158 61 82
240.9810000000016 130 147
240.9810000000016 131 132
241.4820000000016 129 147
241.4820000000016 130 131
241.9830000000016 100 117
241.9830000000016 100 118
242.4840000000016 113 114
242.4840000000016 113 115
242.9850000000016 26 27
242.9850000000016 26 28
243.4860000000016 49 50
243.4860000000016 49 53
243.98700000000161 30 37
243.98700000000161 30 38
244.48800000000162 110 118
244.48800000000162 110 119
244.98900000000162 104 139
244.98900000000162 104 140
245.49000000000163 150 157
245.49000000000163 150 158
245.99100000000163 43 83
245.99100000000163 44 45
246.49200000000164 131 142
246.49200000000164 131 143
246.99300000000164 177 187
246.99300000000164 178 179
247.49400000000165 173 174
247.49400000000165 174 175
247.99500000000165 161 168
247.99500000000165 161 169
248.49600000000166 39 44
248.49600000000166 39 45
248.99700000000166 6 7
248.99700000000166 7 8
249.49800000000167 105 107
249.49800000000167 105 108
249.99900000000167 121 146
249.99900000000167 121 147
250.50000000000168 108 141
250.50000000000168 108 142
251.00100000000168 102 138
251.00100000000168 102 139
251.5020000000017 27 36
251.5020000000017 27 37
252.0030000000017 39 63
252.0030000000017 39 72
252.5040000000017 132 146
252.5040000000017 133 134
253.0050000000017 67 73
253.0050000000017 67 74
253.5060000000017 102 126
253.5060000000017 102 127
254.0070000000017 129 143
254.0070000000017 129 144
254.50800000000172 162 174
254.50800000000172 163 164
255.00900000000172 100 101
255.00900000000172 100 107
255.51000000000172 151 158
255.51000000000172 151 159
256.0110000000017 73 74
256.0110000000017 74 75
256.51200000000165 192 196
256.51200000000165 192 197
257.0130000000016 9 19
257.0130000000016 9 20
257.5140000000016 40 77
257.5140000000016 40 78
258.0150000000016 64 79
258.0150000000016 64 80
258.51600000000155 42 80
258.51600000000155 42 81
259.01700000000153 87 91
259.01700000000153 87 92
259.5180000000015 104 124
259.5180000000015 104 125
260.0190000000015 131 144
260.0190000000015 131 145
260.52000000000146 51 56
260.52000000000146 51 57
261.02100000000144 69 72
261.02100000000144 69 73
261.5220000000014 165 168
261.5220000000014 165 169
262.0230000000014 104 122
262.0230000000014 104 123
262.52400000000137 195 199
262.52400000000137 196 197
263.02500000000134 92 93
263.02500000000134 92 94
263.5260000000013 105 141
263.5260000000013 105 142
264.0270000000013 134 137
264.0270000000013 134 138
264.52800000000127 127 142
264.52800000000127 127 143
265.02900000000125 44 81
265.02900000000125 44 82
265.5300000000012 67 71
265.5300000000012 67 72
266.0310000000012 27 38
266.0310000000012 28 29
266.5320000000012 62 80
266.5320000000012 62 81
267.03300000000115 103 124
267.03300000000115 103 125
267.53400000000113 133 137
267.53400000000113 133 138
268.0350000000011 68 69
268.0350000000011 68 70
268.5360000000011 30 33
268.5360000000011 30 34
269.03700000000106 103 116
269.03700000000106 103 117
269.53800000000103 63 83
269.53800000000103 64 65
270.039000000001 27 34
270.039000000001 27 35
270.540000000001 67 82
270.540000000001 67 83
271.04100000000096 100 110
271.04100000000096 100 111
271.54200000000094 114 117
271.54200000000094 114 118
272.0430000000009 176 179
272.0430000000009 176 180
272.5440000000009 46 57
272.5440000000009 46 58
273.04500000000087 91 96
273.04500000000087 91 97
273.54600000000084 45 83
273.54600000000084 46 47
274.0470000000008 111 115
274.0470000000008 111 116
274.5480000000008 76 78
274.5480000000008 76 79
275.0490000000008 85 90
275.0490000000008 85 91
275.55000000000075 39 75
275.55000000000075 39 76
276.0510000000007 138 139
276.0510000000007 139 140
276.5520000000007 125 143
276.5520000000007 125 144
277.0530000000007 38 39
277.0530000000007 38 80
277.55400000000066 74 81
277.55400000000066 74 82
278.05500000000063 129 141
278.05500000000063 129 142
278.5560000000006 147 174
278.5560000000006 148 149
279.0570000000006 25 37
279.0570000000006 25 38
279.55800000000056 107 117
279.55800000000056 107 118
280.05900000000054 150 153
280.05900000000054 150 154
280.5600000000005 61 79
280.5600000000005 61 80
281.0610000000005 40 81
281.0610000000005 40 82
281.56200000000047 41 43
281.56200000000047 41 44
282.06300000000044 9 15
282.06300000000044 9 16
282.5640000000004 10 11
282.5640000000004 10 12
283.0650000000004 122 123
283.0650000000004 122 140
283.5660000000004 68 71
283.5660000000004 68 72
284.06700000000035 95 96
284.06700000000035 95 97
284.5680000000003 132 133
284.5680000000003 132 135
285.0690000000003 52 53
285.0690000000003 52 54
285.5700000000003 64 73
285.5700000000003 64 74
286.07100000000025 154 155
286.07100000000025 154 156
286.57200000000023 107 142
286.57200000000023 107 143
287.0730000000002 176 185
287.0730000000002 176 186
287.5740000000002 44 56
287.5740000000002 44 57
288.07500000000016 87 99
288.07500000000016 87 100
288.57600000000014 166 167
288.57600000000014 166 168
289.0770000000001 65 75
289.0770000000001 65 76
289.5780000000001 193 198
289.5780000000001 193 199
290.07900000000006 83 84
290.07900000000006 83 100
290.58000000000004 111 117
290.58000000000004 111 118
291.081 101 119
291.081 101 120
291.582 39 83
291.582 39 84
292.08299999999997 100 140
292.08299999999997 100 141
292.58399999999995 156 159
292.58399999999995 157 158
293.0849999999999 11 16
293.0849999999999 11 17
293.5859999999999 155 156
293.5859999999999 155 157
294.0869999999999 32 36
294.0869999999999 32 37
294.58799999999985 47 78
294.58799999999985 47 79
295.0889999999998 10 13
295.0889999999998 10 14
295.5899999999998 9 13
295.5899999999998 9 14
296.0909999999998 100 138
296.0909999999998 100 139
296.59199999999976 116 117
296.59199999999976 117 118
297.09299999999973 63 64
297.09299999999973 63 72
297.5939999999997 151 160
297.5939999999997 152 153
298.0949999999997 93 97
298.0949999999997 93 98
298.59599999999966 24 38
298.59599999999966 25 26
299.09699999999964 23 34
299.09699999999964 23 35
299.5979999999996 45 81
299.5979999999996 45 82
300.0989999999996 59 80
300.0989999999996 59 81
300.59999999999957 24 26
300.59999999999957 24 27
301.10099999999954 45 59
301.10099999999954 45 60
301.6019999999995 40 63
301.6019999999995 40 72
302.1029999999995 16 20
302.1029999999995 16 21
302.6039999999995 88 89
302.6039999999995 88 90
303.10499999999945 108 147
303.10499999999945 109 110
303.6059999999994 175 187
303.6059999999994 175 188
304.1069999999994 165 172
304.1069999999994 165 173
304.6079999999994 193 196
304.6079999999994 193 197
305.10899999999936 132 138
305.10899999999936 132 139
305.60999999999933 110 120
305.60999999999933 110 121
306.1109999999993 66 79
306.1109999999993 66 80
306.6119999999993 121 142
306.6119999999993 121 143
307.11299999999926 190 191
307.11299999999926 190 192
307.61399999999924 131 146
307.61399999999924 131 147
308.1149999999992 24 34
308.1149999999992 24 35
308.6159999999992 87 93
308.6159999999992 87 94
309.11699999999917 43 59
309.11699999999917 43 60
309.61799999999914 101 125
309.61799999999914 101 126
310.1189999999991 123 139
310.1189999999991 123 140
310.6199999999991 141 145
310.6199999999991 141 146
311.12099999999907 120 121
311.12099999999907 121 122
311.62199999999905 42 61
311.62199999999905 42 73
312.122999999999 149 159
312.122999999999 149 160
312.623999999999 100 121
312.623999999999 100 122
313.124999999999 24 30
313.124999999999 24 31
313.62599999999895 8 18
313.62599999999895 8 19
314.12699999999893 100 173
314.12699999999893 100 174
314.6279999999989 86 92
314.6279999999989 86 93
315.1289999999989 177 183
315.1289999999989 177 184
315.62999999999886 42 47
315.62999999999886 42 48
316.13099999999883 92 95
316.13099999999883 92 96
316.6319999999988 107 144
316.6319999999988 107 145
317.1329999999988 147 148
317.1329999999988 147 159
317.63399999999876 161 172
317.63399999999876 161 173
318.13499999999874 31 34
318.13499999999874 31 35
318.6359999999987 0 7
318.6359999999987 1 2
319.1369999999987 2 5
319.1369999999987 2 6
319.63799999999867 162 168
319.63799999999867 162 169
320.13899999999865 40 75
320.13899999999865 40 76
320.6399999999986 48 57
320.6399999999986 48 58
321.1409999999986 192 198
321.1409999999986 192 199
321.6419999999986 101 117
321.6419999999986 101 118
322.14299999999855 124 147
322.14299999999855 125 126
322.6439999999985 23 24
322.6439999999985 23 25
323.1449999999985 32 34
323.1449999999985 32 35
323.6459999999985 174 185
323.6459999999985 174 186
324.14699999999846 125 139
324.14699999999846 125 140
324.64799999999843 101 140
324.64799999999843 101 141
325.1489999999984 12 18
325.1489999999984 12 19
325.6499999999984 112 113
325.6499999999984 112 114
326.15099999999836 42 43
326.15099999999836 42 44
326.65199999999834 60 81
326.65199999999834 60 82
327.1529999999983 11 12
327.1529999999983 11 13
327.6539999999983 104 107
327.6539999999983 104 108
328.15499999999827 12 16
328.15499999999827 12 17
328.65599999999824 11 14
328.65599999999824 11 15
329.1569999999982 125 145
329.1569999999982 125 146
329.6579999999982 26 31
329.6579999999982 26 32
330.1589999999982 132 136
330.1589999999982 132 137
330.65999999999815 50 55
330.65999999999815 50 56
331.1609999999981 101 121
331.1609999999981 101 122
331.6619999999981 148 160
331.6619999999981 148 161
332.1629999999981 104 109
332.1629999999981 104 117
332.66399999999805 171 172
332.66399999999805 172 173
333.16499999999803 105 139
333.16499999999803 105 140
333.665999999998 4 6
333.665999999998 5 6
334.166999999998 48 80
334.166999999998 48 81
334.66799999999796 69 70
334.66799999999796 69 71
335.16899999999794 61 73
335.16899999999794 61 74
335.6699999999979 102 118
335.6699999999979 102 119
336.1709999999979 39 81
336.1709999999979 39 82
336.67199999999787 107 146
336.67199999999787 107 147
337.17299999999784 128 143
337.17299999999784 128 144
337.6739999999978 103 142
337.6739999999978 103 143
338.1749999999978 62 82
338.1749999999978 62 83
338.67599999999777 108 122
338.67599999999777 108 140
339.17699999999775 34 37
339.17699999999775 34 38
339.6779999999977 10 17
339.6779999999977 10 18
340.1789999999977 39 59
340.1789999999977 39 60
340.6799999999977 101 142
340.6799999999977 101 143
341.18099999999765 109 116
341.18099999999765 109 117
341.68199999999763 168 172
341.68199999999763 168 173
342.1829999999976 13 20
342.1829999999976 13 21
342.6839999999976 130 137
342.6839999999976 130 138
343.18499999999756 47 76
343.18499999999756 47 77
343.68599999999753 46 75
343.68599999999753 46 76
344.1869999999975 102 120
344.1869999999975 102 121
344.6879999999975 164 167
344.6879999999975 164 168
345.18899999999746 88 93
345.18899999999746 88 94
345.68999999999744 148 156
345.68999999999744 148 157
346.1909999999974 175 181
346.1909999999974 175 182
346.6919999999974 40 49
346.6919999999974 40 54
347.19299999999737 175 185
347.19299999999737 175 186
347.69399999999735 102 105
347.69399999999735 102 106
348.1949999999973 150 159
348.1949999999973 150 160
348.6959999999973 85 86
348.6959999999973 85 87
349.1969999999973 60 77
349.1969999999973 60 78
349.69799999999725 101 104
349.69799999999725 101 105
350.1989999999972 101 127
350.1989999999972 101 128
350.6999999999972 62 74
350.6999999999972 62 75
351.2009999999972 60 61
351.2009999999972 60 74
351.70199999999716 31 36
351.70199999999716 31 37
352.20299999999713 163 165
352.20299999999713 163 166
352.7039999999971 162 170
352.7039999999971 162 171
353.2049999999971 152 156
353.2049999999971 152 157
353.70599999999706 25 27
353.70599999999706 25 28
354.20699999999704 46 55
354.20699999999704 46 56
354.707999999997 8 20
354.707999999997 8 21
355.208999999997 84 95
355.208999999997 84 96
355.70999999999697 65 77
355.70999999999697 65 78
356.21099999999694 135 137
356.21099999999694 135 138
356.7119999999969 13 18
356.7119999999969 13 19
357.2129999999969 66 81
357.2129999999969 66 82
357.7139999999969 103 146
357.7139999999969 103 147
358.21499999999685 42 74
358.21499999999685 42 75
358.7159999999968 108 109
358.7159999999968 108 117
359.2169999999968 103 140
359.2169999999968 103 141
359.7179999999968 128 129
359.7179999999968 128 138
360.21899999999675 44 46
360.21899999999675 44 55
360.71999999999673 191 199
360.71999999999673 192 193
361.2209999999967 94 98
361.2209999999967 94 99
361.7219999999967 40 45
361.7219999999967 40 46
362.22299999999666 23 38
362.22299999999666 24 25
362.72399999999664 49 82
362.72399999999664 49 83
363.2249999999966 48 59
363.2249999999966 48 79
363.7259999999966 196 198
363.7259999999966 196 199
364.22699999999656 9 17
364.22699999999656 9 18
364.72799999999654 105 147
364.72799999999654 106 107
365.2289999999965 25 29
365.2289999999965 25 30
365.7299999999965 27 32
365.7299999999965 27 33
366.23099999999647 91 94
366.23099999999647 91 95
366.73199999999645 124 145
366.73199999999645 124 146
367.2329999999964 126 147
367.2329999999964 127 128
367.7339999999964 11 18
367.7339999999964 11 19
368.2349999999964 161 170
368.2349999999964 161 171
368.73599999999635 66 83
368.73599999999635 67 68
369.2369999999963 90 94
369.2369999999963 90 95
369.7379999999963 149 151
369.7379999999963 149 152
370.2389999999963 109 118
370.2389999999963 109 119
370.73999999999626 102 103
370.73999999999626 102 104
371.24099999999623 177 179
371.24099999999623 177 180
371.7419999999962 63 79
371.7419999999962 63 80
372.2429999999962 182 186
372.2429999999962 182 187
372.74399999999616 113 116
372.74399999999616 113 117
373.24499999999614 66 74
373.24499999999614 66 75
373.7459999999961 164 165
373.7459999999961 164 166
374.2469999999961 23 32
374.2469999999961 23 33
374.74799999999607 70 71
374.74799999999607 70 72
375.24899999999604 48 82
375.24899999999604 48 83
375.749999999996 42 57
375.749999999996 42 58
376.250999999996 118 119
376.250999999996 119 120
376.751999999996 25 31
376.751999999996 25 32
377.25299999999595 41 62
377.25299999999595 41 73
377.7539999999959 178 182
377.7539999999959 178 183
378.2549999999959 39 57
378.2549999999959 39 58
378.7559999999959 40 55
378.7559999999959 40 56
379.25699999999586 130 143
379.25699999999586 130 144
379.75799999999583 42 82
379.75799999999583 42 83
380.2589999999958 125 147
380.2589999999958 126 127
380.7599999999958 174 187
380.7599999999958 174 188
381.26099999999576 188 189
381.26099999999576 188 195
381.76199999999574 40 43
381.76199999999574 40 44
382.2629999999957 93 95
382.2629999999957 93 96
382.7639999999957 147 160
382.7639999999957 147 161
383.26499999999567 101 146
383.26499999999567 101 147
