0 146 147
0 147 148
0 148 149
0 149 150
0 150 151
0 151 152
0 152 153
0 153 154
0 153 174
0 153 175
0 153 176
0 153 177
0 153 178
0 154 155
0 154 170
0 154 171
0 154 172
0 154 173
0 154 174
0 154 175
0 154 176
0 154 177
0 154 178
0 155 156
0 155 167
0 155 168
0 155 169
0 155 170
0 155 171
0 155 172
0 155 173
301 115 116
301 115 117
301 115 118
301 115 119
301 115 120
301 115 121
301 115 122
301 115 123
301 115 124
301 115 125
301 116 117
301 116 118
301 116 119
301 116 120
301 116 121
301 116 122
301 116 123
301 116 124
301 117 118
301 117 119
301 117 120
301 117 121
301 117 122
301 117 123
301 117 124
301 118 119
301 118 120
301 118 121
301 118 122
301 118 123
301 119 120
602 11 18
602 11 19
602 11 20
602 11 21
602 11 22
602 11 23
602 11 24
602 11 25
602 11 26
602 12 13
602 12 14
602 12 15
602 12 16
602 12 17
602 12 18
602 12 19
602 12 20
602 12 21
602 12 22
602 12 23
602 12 24
602 12 25
602 13 14
602 13 15
602 13 16
602 13 17
602 13 18
602 13 19
602 13 20
602 13 21
602 13 22
903 140 146
903 140 147
903 140 148
903 140 149
903 140 150
903 141 142
903 141 143
903 141 144
903 141 145
903 141 146
903 141 147
903 141 148
903 141 149
903 142 143
903 142 144
903 142 145
903 142 146
903 142 147
903 142 148
903 142 149
903 143 144
903 143 145
903 143 146
903 143 147
903 143 148
903 144 145
903 144 146
903 144 147
903 144 148
903 145 146
903 145 147
1204 104 127
1204 104 128
1204 105 106
1204 105 116
1204 105 117
1204 105 118
1204 105 119
1204 105 120
1204 105 121
1204 105 122
1204 105 123
1204 105 124
1204 105 125
1204 105 126
1204 105 127
1204 105 128
1204 106 107
1204 106 114
1204 106 115
1204 106 116
1204 106 117
1204 106 118
1204 106 119
1204 106 120
1204 106 121
1204 106 122
1204 106 123
1204 106 124
1204 106 125
1204 106 126
1204 106 127
1505 108 122
1505 108 123
1505 108 124
1505 108 125
1505 108 126
1505 108 127
1505 109 110
1505 109 111
1505 109 112
1505 109 113
1505 109 114
1505 109 115
1505 109 116
1505 109 117
1505 109 118
1505 109 119
1505 109 120
1505 109 121
1505 109 122
1505 109 123
1505 109 124
1505 109 125
1505 109 126
1505 109 127
1505 110 111
1505 110 112
1505 110 113
1505 110 114
1505 110 115
1505 110 116
1505 110 117
1806 161 164
1806 161 165
1806 161 166
1806 161 167
1806 161 168
1806 161 169
1806 161 170
1806 161 171
1806 161 172
1806 161 173
1806 161 174
1806 161 175
1806 161 176
1806 161 177
1806 162 163
1806 162 164
1806 162 165
1806 162 166
1806 162 167
1806 162 168
1806 162 169
1806 162 170
1806 162 171
1806 162 172
1806 162 173
1806 162 174
1806 162 175
1806 162 176
1806 163 164
1806 163 165
1806 163 166
2107 40 46
2107 40 47
2107 40 48
2107 40 49
2107 41 42
2107 41 43
2107 41 44
2107 41 45
2107 41 46
2107 41 47
2107 41 48
2107 41 49
2107 42 43
2107 42 44
2107 42 45
2107 42 46
2107 42 47
2107 42 48
2107 43 44
2107 43 45
2107 43 46
2107 43 47
2107 43 48
2107 44 45
2107 44 46
2107 44 47
2107 45 46
2107 45 47
2107 46 47
2107 47 48
2107 48 49
2408 54 69
2408 54 70
2408 54 71
2408 54 72
2408 54 73
2408 54 74
2408 54 75
2408 54 76
2408 54 77
2408 54 78
2408 55 56
2408 55 66
2408 55 67
2408 55 68
2408 55 69
2408 55 70
2408 55 71
2408 55 72
2408 55 73
2408 55 74
2408 55 75
2408 55 76
2408 55 77
2408 56 57
2408 56 63
2408 56 64
2408 56 65
2408 56 66
2408 56 67
2408 56 68
2408 56 69
2709 186 193
2709 186 194
2709 186 195
2709 186 196
2709 186 197
2709 186 198
2709 186 199
2709 187 188
2709 187 189
2709 187 190
2709 187 191
2709 187 192
2709 187 193
2709 187 194
2709 187 195
2709 187 196
2709 187 197
2709 187 198
2709 187 199
2709 188 189
2709 188 190
2709 188 191
2709 188 192
2709 188 193
2709 188 194
2709 188 195
2709 188 196
2709 188 197
2709 188 198
2709 188 199
2709 189 190
3010 9 18
3010 9 19
3010 9 20
3010 9 21
3010 9 22
3010 9 23
3010 9 24
3010 9 25
3010 9 26
3010 10 11
3010 10 12
3010 10 13
3010 10 14
3010 10 15
3010 10 16
3010 10 17
3010 10 18
3010 10 19
3010 10 20
3010 10 21
3010 10 22
3010 10 23
3010 10 24
3010 10 25
3010 10 26
3010 11 12
3010 11 13
3010 11 14
3010 11 15
3010 11 16
3010 11 17
3311 3 127
3311 3 128
3311 3 152
3311 3 153
3311 3 177
3311 3 178
3311 4 5
3311 4 17
3311 4 18
3311 4 19
3311 4 20
3311 4 21
3311 4 22
3311 4 23
3311 4 24
3311 4 25
3311 4 26
3311 4 27
3311 5 6
3311 5 15
3311 5 16
3311 5 17
3311 5 18
3311 5 19
3311 5 20
3311 5 21
3311 5 22
3311 5 23
3311 5 24
3311 5 25
3311 5 26
3612 7 24
3612 7 25
3612 7 26
3612 7 27
3612 8 9
3612 8 10
3612 8 11
3612 8 12
3612 8 13
3612 8 14
3612 8 15
3612 8 16
3612 8 17
3612 8 18
3612 8 19
3612 8 20
3612 8 21
3612 8 22
3612 8 23
3612 8 24
3612 8 25
3612 8 26
3612 8 27
3612 9 10
3612 9 11
3612 9 12
3612 9 13
3612 9 14
3612 9 15
3612 9 16
3612 9 17
3913 64 69
3913 64 70
3913 64 71
3913 64 72
3913 64 73
3913 64 74
3913 64 75
3913 65 66
3913 65 67
3913 65 68
3913 65 69
3913 65 70
3913 65 71
3913 65 72
3913 65 73
3913 65 74
3913 66 67
3913 66 68
3913 66 69
3913 66 70
3913 66 71
3913 66 72
3913 66 73
3913 66 74
3913 67 68
3913 67 69
3913 67 70
3913 67 71
3913 67 72
3913 67 73
3913 68 69
4214 130 142
4214 130 143
4214 130 144
4214 130 145
4214 130 146
4214 130 147
4214 130 148
4214 130 149
4214 130 150
4214 130 151
4214 130 152
4214 130 153
4214 131 132
4214 131 140
4214 131 141
4214 131 142
4214 131 143
4214 131 144
4214 131 145
4214 131 146
4214 131 147
4214 131 148
4214 131 149
4214 131 150
4214 131 151
4214 131 152
4214 131 153
4214 132 133
4214 132 138
4214 132 139
4214 132 140
4515 94 95
4515 94 96
4515 94 97
4515 95 96
4515 95 97
4515 96 97
4515 97 98
4515 98 99
4515 99 100
4515 100 101
4515 101 102
4515 102 103
4515 103 104
4515 103 122
4515 103 123
4515 103 124
4515 103 125
4515 103 126
4515 103 127
4515 103 128
4515 103 153
4515 103 178
4515 104 105
4515 104 119
4515 104 120
4515 104 121
4515 104 122
4515 104 123
4515 104 124
4515 104 125
4515 104 126
4816 182 188
4816 182 189
4816 182 190
4816 182 191
4816 182 192
4816 182 193
4816 182 194
4816 182 195
4816 182 196
4816 182 197
4816 182 198
4816 182 199
4816 183 184
4816 183 186
4816 183 187
4816 183 188
4816 183 189
4816 183 190
4816 183 191
4816 183 192
4816 183 193
4816 183 194
4816 183 195
4816 183 196
4816 183 197
4816 183 198
4816 183 199
4816 184 185
4816 184 186
4816 184 187
4816 184 188
5117 137 150
5117 137 151
5117 138 139
5117 138 140
5117 138 141
5117 138 142
5117 138 143
5117 138 144
5117 138 145
5117 138 146
5117 138 147
5117 138 148
5117 138 149
5117 138 150
5117 138 151
5117 139 140
5117 139 141
5117 139 142
5117 139 143
5117 139 144
5117 139 145
5117 139 146
5117 139 147
5117 139 148
5117 139 149
5117 139 150
5117 140 141
5117 140 142
5117 140 143
5117 140 144
5117 140 145
5418 135 149
5418 135 150
5418 135 151
5418 135 152
5418 136 137
5418 136 138
5418 136 139
5418 136 140
5418 136 141
5418 136 142
5418 136 143
5418 136 144
5418 136 145
5418 136 146
5418 136 147
5418 136 148
5418 136 149
5418 136 150
5418 136 151
5418 137 138
5418 137 139
5418 137 140
5418 137 141
5418 137 142
5418 137 143
5418 137 144
5418 137 145
5418 137 146
5418 137 147
5418 137 148
5418 137 149
5719 83 93
5719 83 94
5719 83 95
5719 83 96
5719 83 97
5719 83 98
5719 83 99
5719 83 100
5719 83 101
5719 83 102
5719 84 85
5719 84 86
5719 84 87
5719 84 88
5719 84 89
5719 84 90
5719 84 91
5719 84 92
5719 84 93
5719 84 94
5719 84 95
5719 84 96
5719 84 97
5719 84 98
5719 84 99
5719 84 100
5719 84 101
5719 84 102
5719 85 86
5719 85 87
5719 85 88
6020 79 97
6020 79 98
6020 79 99
6020 79 100
6020 79 101
6020 79 102
6020 79 103
6020 80 81
6020 80 91
6020 80 92
6020 80 93
6020 80 94
6020 80 95
6020 80 96
6020 80 97
6020 80 98
6020 80 99
6020 80 100
6020 80 101
6020 80 102
6020 80 103
6020 81 82
6020 81 89
6020 81 90
6020 81 91
6020 81 92
6020 81 93
6020 81 94
6020 81 95
6020 81 96
6020 81 97
6321 89 98
6321 89 99
6321 89 100
6321 90 91
6321 90 92
6321 90 93
6321 90 94
6321 90 95
6321 90 96
6321 90 97
6321 90 98
6321 90 99
6321 91 92
6321 91 93
6321 91 94
6321 91 95
6321 91 96
6321 91 97
6321 91 98
6321 91 99
6321 92 93
6321 92 94
6321 92 95
6321 92 96
6321 92 97
6321 92 98
6321 93 94
6321 93 95
6321 93 96
6321 93 97
6321 93 98
6622 163 167
6622 163 168
6622 163 169
6622 163 170
6622 163 171
6622 163 172
6622 163 173
6622 163 174
6622 163 175
6622 163 176
6622 164 165
6622 164 166
6622 164 167
6622 164 168
6622 164 169
6622 164 170
6622 164 171
6622 164 172
6622 164 173
6622 164 174
6622 164 175
6622 165 166
6622 165 167
6622 165 168
6622 165 169
6622 165 170
6622 165 171
6622 165 172
6622 165 173
6622 165 174
6622 165 175
6923 132 141
6923 132 142
6923 132 143
6923 132 144
6923 132 145
6923 132 146
6923 132 147
6923 132 148
6923 132 149
6923 132 150
6923 132 151
6923 132 152
6923 132 153
6923 133 134
6923 133 136
6923 133 137
6923 133 138
6923 133 139
6923 133 140
6923 133 141
6923 133 142
6923 133 143
6923 133 144
6923 133 145
6923 133 146
6923 133 147
6923 133 148
6923 133 149
6923 133 150
6923 133 151
6923 133 152
7224 110 118
7224 110 119
7224 110 120
7224 110 121
7224 110 122
7224 110 123
7224 110 124
7224 110 125
7224 110 126
7224 110 127
7224 111 112
7224 111 113
7224 111 114
7224 111 115
7224 111 116
7224 111 117
7224 111 118
7224 111 119
7224 111 120
7224 111 121
7224 111 122
7224 111 123
7224 111 124
7224 111 125
7224 111 126
7224 112 113
7224 112 114
7224 112 115
7224 112 116
7224 112 117
7224 112 118
7525 112 119
7525 112 120
7525 112 121
7525 112 122
7525 112 123
7525 112 124
7525 112 125
7525 112 126
7525 113 114
7525 113 115
7525 113 116
7525 113 117
7525 113 118
7525 113 119
7525 113 120
7525 113 121
7525 113 122
7525 113 123
7525 113 124
7525 113 125
7525 114 115
7525 114 116
7525 114 117
7525 114 118
7525 114 119
7525 114 120
7525 114 121
7525 114 122
7525 114 123
7525 114 124
7525 114 125
7826 68 70
7826 68 71
7826 68 72
7826 68 73
7826 69 70
7826 69 71
7826 69 72
7826 70 71
7826 70 72
7826 71 72
7826 72 73
7826 73 74
7826 74 75
7826 75 76
7826 76 77
7826 77 78
7826 78 79
7826 78 97
7826 78 98
7826 78 99
7826 78 100
7826 78 101
7826 78 102
7826 78 103
7826 78 128
7826 78 153
7826 78 178
7826 79 80
7826 79 94
7826 79 95
7826 79 96
8127 33 48
8127 33 49
8127 33 50
8127 33 51
8127 33 52
8127 34 35
8127 34 36
8127 34 37
8127 34 38
8127 34 39
8127 34 40
8127 34 41
8127 34 42
8127 34 43
8127 34 44
8127 34 45
8127 34 46
8127 34 47
8127 34 48
8127 34 49
8127 34 50
8127 34 51
8127 35 36
8127 35 37
8127 35 38
8127 35 39
8127 35 40
8127 35 41
8127 35 42
8127 35 43
8127 35 44
8428 30 31
8428 30 40
8428 30 41
8428 30 42
8428 30 43
8428 30 44
8428 30 45
8428 30 46
8428 30 47
8428 30 48
8428 30 49
8428 30 50
8428 30 51
8428 30 52
8428 31 32
8428 31 38
8428 31 39
8428 31 40
8428 31 41
8428 31 42
8428 31 43
8428 31 44
8428 31 45
8428 31 46
8428 31 47
8428 31 48
8428 31 49
8428 31 50
8428 31 51
8428 31 52
8428 32 33
8729 87 91
8729 87 92
8729 87 93
8729 87 94
8729 87 95
8729 87 96
8729 87 97
8729 87 98
8729 87 99
8729 87 100
8729 87 101
8729 88 89
8729 88 90
8729 88 91
8729 88 92
8729 88 93
8729 88 94
8729 88 95
8729 88 96
8729 88 97
8729 88 98
8729 88 99
8729 88 100
8729 89 90
8729 89 91
8729 89 92
8729 89 93
8729 89 94
8729 89 95
8729 89 96
8729 89 97
9030 157 173
9030 157 174
9030 157 175
9030 157 176
9030 157 177
9030 157 178
9030 158 159
9030 158 161
9030 158 162
9030 158 163
9030 158 164
9030 158 165
9030 158 166
9030 158 167
9030 158 168
9030 158 169
9030 158 170
9030 158 171
9030 158 172
9030 158 173
9030 158 174
9030 158 175
9030 158 176
9030 158 177
9030 158 178
9030 159 160
9030 159 161
9030 159 162
9030 159 163
9030 159 164
9030 159 165
9331 81 98
9331 81 99
9331 81 100
9331 81 101
9331 81 102
9331 82 83
9331 82 87
9331 82 88
9331 82 89
9331 82 90
9331 82 91
9331 82 92
9331 82 93
9331 82 94
9331 82 95
9331 82 96
9331 82 97
9331 82 98
9331 82 99
9331 82 100
9331 82 101
9331 82 102
9331 83 84
9331 83 85
9331 83 86
9331 83 87
9331 83 88
9331 83 89
9331 83 90
9331 83 91
9331 83 92
9632 159 166
9632 159 167
9632 159 168
9632 159 169
9632 159 170
9632 159 171
9632 159 172
9632 159 173
9632 159 174
9632 159 175
9632 159 176
9632 159 177
9632 160 161
9632 160 162
9632 160 163
9632 160 164
9632 160 165
9632 160 166
9632 160 167
9632 160 168
9632 160 169
9632 160 170
9632 160 171
9632 160 172
9632 160 173
9632 160 174
9632 160 175
9632 160 176
9632 160 177
9632 161 162
9632 161 163
9933 155 174
9933 155 175
9933 155 176
9933 155 177
9933 155 178
9933 156 157
9933 156 165
9933 156 166
9933 156 167
9933 156 168
9933 156 169
9933 156 170
9933 156 171
9933 156 172
9933 156 173
9933 156 174
9933 156 175
9933 156 176
9933 156 177
9933 156 178
9933 157 158
9933 157 163
9933 157 164
9933 157 165
9933 157 166
9933 157 167
9933 157 168
9933 157 169
9933 157 170
9933 157 171
9933 157 172
10234 27 178
10234 28 29
10234 28 45
10234 28 46
10234 28 47
10234 28 48
10234 28 49
10234 28 50
10234 28 51
10234 28 52
10234 28 77
10234 28 78
10234 28 102
10234 28 103
10234 28 127
10234 28 128
10234 28 152
10234 28 153
10234 28 177
10234 28 178
10234 29 30
10234 29 43
10234 29 44
10234 29 45
10234 29 46
10234 29 47
10234 29 48
10234 29 49
10234 29 50
10234 29 51
10234 29 52
10535 0 1
10535 1 2
10535 2 3
10535 2 24
10535 2 25
10535 2 26
10535 2 27
10535 2 52
10535 2 77
10535 2 78
10535 2 102
10535 2 103
10535 2 127
10535 2 128
10535 2 152
10535 2 153
10535 2 177
10535 2 178
10535 3 4
10535 3 20
10535 3 21
10535 3 22
10535 3 23
10535 3 24
10535 3 25
10535 3 26
10535 3 27
10535 3 77
10535 3 78
10535 3 102
10535 3 103
10836 106 128
10836 107 108
10836 107 112
10836 107 113
10836 107 114
10836 107 115
10836 107 116
10836 107 117
10836 107 118
10836 107 119
10836 107 120
10836 107 121
10836 107 122
10836 107 123
10836 107 124
10836 107 125
10836 107 126
10836 107 127
10836 108 109
10836 108 110
10836 108 111
10836 108 112
10836 108 113
10836 108 114
10836 108 115
10836 108 116
10836 108 117
10836 108 118
10836 108 119
10836 108 120
10836 108 121
11137 17 20
11137 17 21
11137 17 22
11137 17 23
11137 18 19
11137 18 20
11137 18 21
11137 18 22
11137 19 20
11137 19 21
11137 19 22
11137 20 21
11137 21 22
11137 22 23
11137 23 24
11137 24 25
11137 25 26
11137 26 27
11137 27 28
11137 27 50
11137 27 51
11137 27 52
11137 27 77
11137 27 78
11137 27 102
11137 27 103
11137 27 127
11137 27 128
11137 27 152
11137 27 153
11137 27 177
11438 192 198
11438 192 199
11438 193 194
11438 193 195
11438 193 196
11438 193 197
11438 193 198
11438 193 199
11438 194 195
11438 194 196
11438 194 197
11438 194 198
11438 195 196
11438 195 197
11438 195 198
11438 196 197
11438 197 198
11438 198 199
11739 5 27
11739 6 7
11739 6 13
11739 6 14
11739 6 15
11739 6 16
11739 6 17
11739 6 18
11739 6 19
11739 6 20
11739 6 21
11739 6 22
11739 6 23
11739 6 24
11739 6 25
11739 6 26
11739 6 27
11739 7 8
11739 7 11
11739 7 12
11739 7 13
11739 7 14
11739 7 15
11739 7 16
11739 7 17
11739 7 18
11739 7 19
11739 7 20
11739 7 21
11739 7 22
11739 7 23
12040 32 36
12040 32 37
12040 32 38
12040 32 39
12040 32 40
12040 32 41
12040 32 42
12040 32 43
12040 32 44
12040 32 45
12040 32 46
12040 32 47
12040 32 48
12040 32 49
12040 32 50
12040 32 51
12040 32 52
12040 33 34
12040 33 35
12040 33 36
12040 33 37
12040 33 38
12040 33 39
12040 33 40
12040 33 41
12040 33 42
12040 33 43
12040 33 44
12040 33 45
12040 33 46
12040 33 47
12341 56 70
12341 56 71
12341 56 72
12341 56 73
12341 56 74
12341 56 75
12341 56 76
12341 56 77
12341 57 58
12341 57 61
12341 57 62
12341 57 63
12341 57 64
12341 57 65
12341 57 66
12341 57 67
12341 57 68
12341 57 69
12341 57 70
12341 57 71
12341 57 72
12341 57 73
12341 57 74
12341 57 75
12341 57 76
12341 57 77
12341 58 59
12341 58 60
12341 58 61
12341 58 62
12341 58 63
12642 35 45
12642 35 46
12642 35 47
12642 35 48
12642 35 49
12642 35 50
12642 35 51
12642 36 37
12642 36 38
12642 36 39
12642 36 40
12642 36 41
12642 36 42
12642 36 43
12642 36 44
12642 36 45
12642 36 46
12642 36 47
12642 36 48
12642 36 49
12642 36 50
12642 36 51
12642 37 38
12642 37 39
12642 37 40
12642 37 41
12642 37 42
12642 37 43
12642 37 44
12642 37 45
12642 37 46
12943 49 50
12943 50 51
12943 51 52
12943 52 53
12943 52 77
12943 52 78
12943 52 102
12943 52 103
12943 52 127
12943 52 128
12943 52 152
12943 52 153
12943 52 177
12943 52 178
12943 53 54
12943 53 71
12943 53 72
12943 53 73
12943 53 74
12943 53 75
12943 53 76
12943 53 77
12943 53 78
12943 53 103
12943 53 128
12943 53 152
12943 53 153
12943 53 177
12943 53 178
12943 54 55
12943 54 68
13244 13 23
13244 13 24
13244 13 25
13244 14 15
13244 14 16
13244 14 17
13244 14 18
13244 14 19
13244 14 20
13244 14 21
13244 14 22
13244 14 23
13244 14 24
13244 15 16
13244 15 17
13244 15 18
13244 15 19
13244 15 20
13244 15 21
13244 15 22
13244 15 23
13244 15 24
13244 16 17
13244 16 18
13244 16 19
13244 16 20
13244 16 21
13244 16 22
13244 16 23
13244 17 18
13244 17 19
13545 119 121
13545 119 122
13545 119 123
13545 120 121
13545 120 122
13545 121 122
13545 122 123
13545 123 124
13545 124 125
13545 125 126
13545 126 127
13545 127 128
13545 128 129
13545 128 148
13545 128 149
13545 128 150
13545 128 151
13545 128 152
13545 128 153
13545 128 178
13545 129 130
13545 129 145
13545 129 146
13545 129 147
13545 129 148
13545 129 149
13545 129 150
13545 129 151
13545 129 152
13545 129 153
13545 130 131
13846 58 64
13846 58 65
13846 58 66
13846 58 67
13846 58 68
13846 58 69
13846 58 70
13846 58 71
13846 58 72
13846 58 73
13846 58 74
13846 58 75
13846 58 76
13846 58 77
13846 59 60
13846 59 61
13846 59 62
13846 59 63
13846 59 64
13846 59 65
13846 59 66
13846 59 67
13846 59 68
13846 59 69
13846 59 70
13846 59 71
13846 59 72
13846 59 73
13846 59 74
13846 59 75
13846 59 76
14147 59 77
14147 60 61
14147 60 62
14147 60 63
14147 60 64
14147 60 65
14147 60 66
14147 60 67
14147 60 68
14147 60 69
14147 60 70
14147 60 71
14147 60 72
14147 60 73
14147 60 74
14147 60 75
14147 60 76
14147 61 62
14147 61 63
14147 61 64
14147 61 65
14147 61 66
14147 61 67
14147 61 68
14147 61 69
14147 61 70
14147 61 71
14147 61 72
14147 61 73
14147 61 74
14147 61 75
14448 173 174
14448 174 175
14448 175 176
14448 176 177
14448 177 178
14448 178 179
14448 178 199
14448 179 180
14448 179 196
14448 179 197
14448 179 198
14448 179 199
14448 180 181
14448 180 193
14448 180 194
14448 180 195
14448 180 196
14448 180 197
14448 180 198
14448 180 199
14448 181 182
14448 181 191
14448 181 192
14448 181 193
14448 181 194
14448 181 195
14448 181 196
14448 181 197
14448 181 198
14448 181 199
14448 182 183
14749 61 76
14749 62 63
14749 62 64
14749 62 65
14749 62 66
14749 62 67
14749 62 68
14749 62 69
14749 62 70
14749 62 71
14749 62 72
14749 62 73
14749 62 74
14749 62 75
14749 62 76
14749 63 64
14749 63 65
14749 63 66
14749 63 67
14749 63 68
14749 63 69
14749 63 70
14749 63 71
14749 63 72
14749 63 73
14749 63 74
14749 63 75
14749 64 65
14749 64 66
14749 64 67
14749 64 68
15050 166 167
15050 166 168
15050 166 169
15050 166 170
15050 166 171
15050 166 172
15050 166 173
15050 166 174
15050 166 175
15050 167 168
15050 167 169
15050 167 170
15050 167 171
15050 167 172
15050 167 173
15050 167 174
15050 168 169
15050 168 170
15050 168 171
15050 168 172
15050 168 173
15050 168 174
15050 169 170
15050 169 171
15050 169 172
15050 169 173
15050 170 171
15050 170 172
15050 170 173
15050 171 172
15050 172 173
15351 85 89
15351 85 90
15351 85 91
15351 85 92
15351 85 93
15351 85 94
15351 85 95
15351 85 96
15351 85 97
15351 85 98
15351 85 99
15351 85 100
15351 85 101
15351 86 87
15351 86 88
15351 86 89
15351 86 90
15351 86 91
15351 86 92
15351 86 93
15351 86 94
15351 86 95
15351 86 96
15351 86 97
15351 86 98
15351 86 99
15351 86 100
15351 86 101
15351 87 88
15351 87 89
15351 87 90
15652 37 47
15652 37 48
15652 37 49
15652 37 50
15652 38 39
15652 38 40
15652 38 41
15652 38 42
15652 38 43
15652 38 44
15652 38 45
15652 38 46
15652 38 47
15652 38 48
15652 38 49
15652 38 50
15652 39 40
15652 39 41
15652 39 42
15652 39 43
15652 39 44
15652 39 45
15652 39 46
15652 39 47
15652 39 48
15652 39 49
15652 40 41
15652 40 42
15652 40 43
15652 40 44
15652 40 45
15953 134 135
15953 134 136
15953 134 137
15953 134 138
15953 134 139
15953 134 140
15953 134 141
15953 134 142
15953 134 143
15953 134 144
15953 134 145
15953 134 146
15953 134 147
15953 134 148
15953 134 149
15953 134 150
15953 134 151
15953 134 152
15953 135 136
15953 135 137
15953 135 138
15953 135 139
15953 135 140
15953 135 141
15953 135 142
15953 135 143
15953 135 144
15953 135 145
15953 135 146
15953 135 147
15953 135 148
16254 184 189
16254 184 190
16254 184 191
16254 184 192
16254 184 193
16254 184 194
16254 184 195
16254 184 196
16254 184 197
16254 184 198
16254 184 199
16254 185 186
16254 185 187
16254 185 188
16254 185 189
16254 185 190
16254 185 191
16254 185 192
16254 185 193
16254 185 194
16254 185 195
16254 185 196
16254 185 197
16254 185 198
16254 185 199
16254 186 187
16254 186 188
16254 186 189
16254 186 190
16254 186 191
16254 186 192
16555 189 191
16555 189 192
16555 189 193
16555 189 194
16555 189 195
16555 189 196
16555 189 197
16555 189 198
16555 189 199
16555 190 191
16555 190 192
16555 190 193
16555 190 194
16555 190 195
16555 190 196
16555 190 197
16555 190 198
16555 190 199
16555 191 192
16555 191 193
16555 191 194
16555 191 195
16555 191 196
16555 191 197
16555 191 198
16555 191 199
16555 192 193
16555 192 194
16555 192 195
16555 192 196
16555 192 197
0 85 95
0 85 96
1.5 117 123
1.5 117 124
3.0 82 89
3.0 82 90
4.5 64 68
4.5 64 69
6.0 34 35
6.0 34 36
7.5 108 124
7.5 108 125
9.0 30 52
9.0 31 32
10.5 160 165
10.5 160 166
12.0 32 52
12.0 33 34
13.5 84 100
13.5 84 101
15.0 80 100
15.0 80 101
16.5 3 21
16.5 3 22
18.0 89 98
18.0 89 99
19.5 76 77
19.5 77 78
21.0 13 17
21.0 13 18
22.5 33 45
22.5 33 46
24.0 12 25
24.0 13 14
25.5 83 88
25.5 83 89
27.0 62 68
27.0 62 69
28.5 182 189
28.5 182 190
30.0 60 63
30.0 60 64
31.5 37 44
31.5 37 45
33.0 16 19
33.0 16 20
34.5 54 55
34.5 54 68
36.0 31 46
36.0 31 47
37.5 100 101
37.5 101 102
39.0 155 168
39.0 155 169
40.5 85 97
40.5 85 98
42.0 162 176
42.0 163 164
43.5 192 199
43.5 193 194
45.0 88 95
45.0 88 96
46.5 183 188
46.5 183 189
48.0 156 175
48.0 156 176
49.5 31 48
49.5 31 49
51.0 142 144
51.0 142 145
52.5 107 108
52.5 107 112
54.0 191 198
54.0 191 199
55.5 191 194
55.5 191 195
57.0 40 48
57.0 40 49
58.5 103 128
58.5 103 153
60.0 87 94
60.0 87 95
61.5 140 144
61.5 140 145
63.0 82 101
63.0 82 102
64.5 3 25
64.5 3 26
66.0 88 99
66.0 88 100
67.5 84 92
67.5 84 93
69.0 9 24
69.0 9 25
70.5 29 48
70.5 29 49
72.0 181 198
72.0 181 199
73.5 187 188
73.5 187 189
75.0 132 153
75.0 133 134
76.5 162 170
76.5 162 171
78.0 164 165
78.0 164 166
79.5 115 123
79.5 115 124
81.0 37 50
81.0 38 39
82.5 79 102
82.5 79 103
84.0 3 128
84.0 3 152
85.5 58 70
85.5 58 71
87.0 157 170
87.0 157 171
88.5 9 26
88.5 10 11
90.0 103 122
90.0 103 123
91.5 38 42
91.5 38 43
93.0 102 103
93.0 103 104
94.5 109 122
94.5 109 123
96.0 52 178
96.0 53 54
97.5 113 118
97.5 113 119
99.0 114 117
99.0 114 118
100.5 193 195
100.5 193 196
102.0 70 72
102.0 71 72
103.5 115 117
103.5 115 118
105.0 33 43
105.0 33 44
106.5 110 125
106.5 110 126
108.0 36 42
108.0 36 43
109.5 28 77
109.5 28 78
111.0 156 177
111.0 156 178
112.5 190 192
112.5 190 193
114.0 104 125
114.0 104 126
115.5 64 70
115.5 64 71
117.0 132 145
117.0 132 146
118.5 192 197
118.5 192 198
120.0 61 64
120.0 61 65
121.5 158 175
121.5 158 176
123.0 98 99
123.0 99 100
124.5 142 148
124.5 142 149
126.0 27 153
126.0 27 177
127.5 66 74
127.5 67 68
129.0 130 131
129.0 130 142
130.5 30 42
130.5 30 43
132.0 130 153
132.0 131 132
133.5 58 76
133.5 58 77
135.0 6 27
135.0 7 8
136.5 39 41
136.5 39 42
138.0 184 197
138.0 184 198
139.5 109 126
139.5 109 127
141.0 53 71
141.0 53 72
142.5 22 23
142.5 23 24
144.0 129 150
144.0 129 151
145.5 34 43
145.5 34 44
147.0 50 51
147.0 51 52
148.5 88 89
148.5 88 90
150.0 17 23
150.0 18 19
151.5 89 96
151.5 89 97
153.0 131 140
153.0 131 141
154.5 190 196
154.5 190 197
156.0 110 119
156.0 110 120
157.5 83 84
157.5 83 85
159.0 108 112
159.0 108 113
160.5 134 152
160.5 135 136
162.0 91 92
162.0 91 93
163.5 169 173
163.5 170 171
165.0 53 103
165.0 53 128
166.5 41 46
166.5 41 47
168.0 28 127
168.0 28 128
169.5 114 115
169.5 114 116
171.0 91 98
171.0 91 99
172.5 86 88
172.5 86 89
174.0 28 51
174.0 28 52
175.5 2 3
175.5 2 24
177.0 29 50
177.0 29 51
178.5 66 68
178.5 66 69
180.0 108 122
180.0 108 123
181.5 12 17
181.5 12 18
183.0 78 100
183.0 78 101
184.5 12 23
184.5 12 24
186.0 108 114
186.0 108 115
187.5 10 26
187.5 11 12
189.0 114 121
189.0 114 122
190.5 192 193
190.5 192 194
192.0 138 148
192.0 138 149
193.5 53 73
193.5 53 74
195.0 132 151
195.0 132 152
196.5 10 20
196.5 10 21
198.0 159 170
198.0 159 171
199.5 7 11
199.5 7 12
201.0 55 75
201.0 55 76
202.5 57 67
202.5 57 68
204.0 92 95
204.0 92 96
205.5 58 74
205.5 58 75
207.0 40 46
207.0 40 47
208.5 113 114
208.5 113 115
210.0 154 171
210.0 154 172
211.5 130 143
211.5 130 144
213.0 58 68
213.0 58 69
214.5 52 78
214.5 52 102
216.0 8 12
216.0 8 13
217.5 130 145
217.5 130 146
219.0 154 155
219.0 154 170
220.5 38 50
220.5 39 40
222.0 159 162
222.0 159 163
223.5 128 149
223.5 128 150
225.0 89 94
225.0 89 95
226.5 175 176
226.5 176 177
228.0 8 24
228.0 8 25
229.5 55 73
229.5 55 74
231.0 7 19
231.0 7 20
232.5 137 147
232.5 137 148
234.0 110 121
234.0 110 122
235.5 155 156
235.5 155 167
237.0 95 96
237.0 95 97
238.5 13 23
238.5 13 24
240.0 35 41
240.0 35 42
241.5 114 119
241.5 114 120
243.0 45 46
243.0 45 47
244.5 119 123
244.5 120 121
246.0 113 116
246.0 113 117
247.5 111 125
247.5 111 126
249.0 189 191
249.0 189 192
250.5 89 90
250.5 89 91
252.0 112 115
252.0 112 116
253.5 165 175
253.5 166 167
255.0 83 98
255.0 83 99
256.5 187 194
256.5 187 195
258.0 56 77
258.0 57 58
259.5 56 73
259.5 56 74
261.0 32 36
261.0 32 37
262.5 155 174
262.5 155 175
264.0 67 73
264.0 68 69
265.5 158 173
265.5 158 174
267.0 65 66
267.0 65 67
268.5 156 165
268.5 156 166
270.0 33 35
270.0 33 36
271.5 156 167
271.5 156 168
273.0 10 14
273.0 10 15
274.5 12 13
274.5 12 14
276.0 3 78
276.0 3 102
277.5 34 51
277.5 35 36
279.0 139 146
279.0 139 147
280.5 32 40
280.5 32 41
282.0 105 117
282.0 105 118
283.5 79 100
283.5 79 101
285.0 85 87
285.0 85 88
286.5 66 70
286.5 66 71
288.0 18 22
288.0 19 20
289.5 52 128
289.5 52 152
291.0 110 117
291.0 110 118
292.5 126 127
292.5 127 128
294.0 34 47
294.0 34 48
295.5 160 161
295.5 160 162
297.0 145 147
297.0 146 147
298.5 62 72
298.5 62 73
300.0 109 110
300.0 109 111
301.5 57 65
301.5 57 66
303.0 34 45
303.0 34 46
304.5 60 73
304.5 60 74
306.0 39 49
306.0 40 41
307.5 56 69
307.5 56 70
309.0 41 44
309.0 41 45
310.5 13 21
310.5 13 22
312.0 132 147
312.0 132 148
313.5 20 21
313.5 21 22
315.0 14 16
315.0 14 17
316.5 59 76
316.5 59 77
318.0 5 23
318.0 5 24
319.5 158 165
319.5 158 166
321.0 184 187
321.0 184 188
322.5 166 172
322.5 166 173
324.0 80 92
324.0 80 93
325.5 188 193
325.5 188 194
327.0 188 199
327.0 189 190
328.5 158 167
328.5 158 168
330.0 0 1
330.0 1 2
331.5 188 195
331.5 188 196
333.0 80 98
333.0 80 99
334.5 131 148
334.5 131 149
336.0 7 17
336.0 7 18
337.5 132 149
337.5 132 150
339.0 28 177
339.0 28 178
340.5 111 113
340.5 111 114
342.0 185 195
342.0 185 196
343.5 173 174
343.5 174 175
345.0 112 113
345.0 112 114
346.5 111 121
346.5 111 122
348.0 61 62
348.0 61 63
349.5 106 127
349.5 106 128
351.0 107 127
351.0 108 109
352.5 39 47
352.5 39 48
354.0 40 42
354.0 40 43
355.5 138 150
355.5 138 151
357.0 52 103
357.0 52 127
358.5 106 115
358.5 106 116
360.0 112 123
360.0 112 124
361.5 194 196
361.5 194 197
363.0 12 15
363.0 12 16
364.5 29 30
364.5 29 43
366.0 63 75
366.0 64 65
367.5 162 168
367.5 162 169
369.0 161 171
369.0 161 172
370.5 163 167
370.5 163 168
372.0 170 172
372.0 170 173
373.5 27 50
373.5 27 51
375.0 69 72
375.0 70 71
376.5 72 73
376.5 73 74
378.0 42 47
378.0 42 48
379.5 86 96
379.5 86 97
381.0 135 147
381.0 135 148
382.5 61 68
382.5 61 69
384.0 156 171
384.0 156 172
385.5 118 123
385.5 119 120
387.0 2 102
387.0 2 103
388.5 181 194
388.5 181 195
390.0 128 151
390.0 128 152
391.5 83 90
391.5 83 91
393.0 110 127
393.0 111 112
394.5 134 136
394.5 134 137
396.0 36 46
396.0 36 47
397.5 114 123
397.5 114 124
399.0 55 56
399.0 55 66
400.5 16 17
400.5 16 18
402.0 110 115
402.0 110 116
403.5 85 99
403.5 85 100
405.0 160 167
405.0 160 168
406.5 141 143
406.5 141 144
408.0 93 96
408.0 93 97
409.5 54 69
409.5 54 70
411.0 160 177
411.0 161 162
412.5 159 164
412.5 159 165
414.0 35 49
414.0 35 50
415.5 6 17
415.5 6 18
417.0 96 97
417.0 97 98
418.5 43 46
418.5 43 47
420.0 79 98
420.0 79 99
421.5 133 136
421.5 133 137
423.0 168 170
423.0 168 171
424.5 186 196
424.5 186 197
426.0 111 119
426.0 111 120
427.5 90 94
427.5 90 95
429.0 155 170
429.0 155 171
430.5 190 194
430.5 190 195
432.0 103 126
432.0 103 127
433.5 87 98
433.5 87 99
435.0 112 125
435.0 112 126
436.5 28 152
436.5 28 153
438.0 139 144
438.0 139 145
439.5 6 21
439.5 6 22
441.0 129 146
441.0 129 147
442.5 2 127
442.5 2 128
444.0 62 66
444.0 62 67
445.5 63 73
445.5 63 74
447.0 133 152
447.0 134 135
448.5 116 124
448.5 117 118
450.0 18 20
450.0 18 21
451.5 7 13
451.5 7 14
453.0 186 188
453.0 186 189
454.5 11 25
454.5 11 26
456.0 137 149
456.0 137 150
457.5 7 27
457.5 8 9
459.0 161 177
459.0 162 163
460.5 54 75
460.5 54 76
462.0 84 98
462.0 84 99
463.5 180 198
463.5 180 199
465.0 107 123
465.0 107 124
466.5 86 94
466.5 86 95
468.0 107 117
468.0 107 118
469.5 60 67
469.5 60 68
471.0 58 72
471.0 58 73
472.5 109 112
472.5 109 113
474.0 137 141
474.0 137 142
475.5 31 50
475.5 31 51
477.0 7 23
477.0 7 24
478.5 131 142
478.5 131 143
480.0 185 197
480.0 185 198
481.5 24 25
481.5 25 26
483.0 153 154
483.0 153 174
484.5 29 52
484.5 30 31
486.0 169 171
486.0 169 172
487.5 58 66
487.5 58 67
489.0 4 27
489.0 5 6
490.5 106 117
490.5 106 118
492.0 33 41
492.0 33 42
493.5 84 86
493.5 84 87
495.0 90 98
495.0 90 99
496.5 10 16
496.5 10 17
498.0 3 178
498.0 4 5
499.5 68 70
499.5 68 71
501.0 139 150
501.0 140 141
502.5 113 122
502.5 113 123
504.0 161 163
504.0 161 164
505.5 179 196
505.5 179 197
507.0 164 171
507.0 164 172
508.5 144 148
508.5 145 146
510.0 135 149
510.0 135 150
511.5 81 94
511.5 81 95
513.0 68 72
513.0 68 73
514.5 181 192
514.5 181 193
516.0 35 47
516.0 35 48
517.5 29 44
517.5 29 45
519.0 135 143
519.0 135 144
520.5 138 142
520.5 138 143
522.0 9 18
522.0 9 19
523.5 88 91
523.5 88 92
525.0 31 44
525.0 31 45
526.5 87 92
526.5 87 93
528.0 82 93
528.0 82 94
529.5 4 17
529.5 4 18
531.0 107 119
531.0 107 120
532.5 88 97
532.5 88 98
534.0 138 146
534.0 138 147
535.5 154 177
535.5 154 178
537.0 196 197
537.0 197 198
538.5 182 195
538.5 182 196
540.0 132 143
540.0 132 144
541.5 136 143
541.5 136 144
543.0 157 168
543.0 157 169
544.5 27 128
544.5 27 152
546.0 159 172
546.0 159 173
547.5 66 72
547.5 66 73
549.0 57 71
549.0 57 72
550.5 62 70
550.5 62 71
552.0 109 120
552.0 109 121
553.5 185 191
553.5 185 192
555.0 79 96
555.0 79 97
556.5 87 88
556.5 87 89
558.0 182 197
558.0 182 198
559.5 65 74
559.5 66 67
561.0 59 62
561.0 59 63
562.5 159 176
562.5 159 177
564.0 82 95
564.0 82 96
565.5 113 120
565.5 113 121
567.0 135 139
567.0 135 140
568.5 12 21
568.5 12 22
570.0 161 173
570.0 161 174
571.5 136 149
571.5 136 150
573.0 31 38
573.0 31 39
574.5 15 21
574.5 15 22
576.0 41 48
576.0 41 49
577.5 32 48
577.5 32 49
579.0 118 119
579.0 118 120
580.5 63 69
580.5 63 70
582.0 59 66
582.0 59 67
583.5 65 72
583.5 65 73
585.0 106 119
585.0 106 120
586.5 7 21
586.5 7 22
588.0 67 71
588.0 67 72
589.5 46 47
589.5 47 48
591.0 93 98
591.0 94 95
592.5 9 10
592.5 9 11
594.0 165 171
594.0 165 172
595.5 184 199
595.5 185 186
597.0 159 160
597.0 159 161
598.5 3 153
598.5 3 177
600.0 167 170
600.0 167 171
601.5 65 70
601.5 65 71
603.0 134 148
603.0 134 149
604.5 188 191
604.5 188 192
606.0 106 123
606.0 106 124
607.5 138 140
607.5 138 141
609.0 158 177
609.0 158 178
610.5 54 71
610.5 54 72
612.0 109 124
612.0 109 125
613.5 106 125
613.5 106 126
615.0 61 70
615.0 61 71
616.5 137 143
616.5 137 144
618.0 159 174
618.0 159 175
619.5 186 192
619.5 186 193
621.0 140 148
621.0 140 149
622.5 85 93
622.5 85 94
624.0 160 173
624.0 160 174
625.5 84 102
625.5 85 86
627.0 163 175
627.0 163 176
628.5 79 94
628.5 79 95
630.0 30 48
630.0 30 49
631.5 8 16
631.5 8 17
633.0 2 25
633.0 2 26
634.5 85 91
634.5 85 92
636.0 104 119
636.0 104 120
637.5 129 152
637.5 129 153
639.0 32 46
639.0 32 47
640.5 83 96
640.5 83 97
642.0 84 88
642.0 84 89
643.5 154 175
643.5 154 176
645.0 179 198
645.0 179 199
646.5 157 166
646.5 157 167
648.0 129 148
648.0 129 149
649.5 119 121
649.5 119 122
651.0 6 13
651.0 6 14
652.5 15 19
652.5 15 20
654.0 13 15
654.0 13 16
655.5 161 167
655.5 161 168
657.0 43 48
657.0 44 45
658.5 133 146
658.5 133 147
660.0 10 12
660.0 10 13
661.5 91 96
661.5 91 97
663.0 136 151
663.0 137 138
664.5 157 174
664.5 157 175
666.0 186 194
666.0 186 195
667.5 94 96
667.5 94 97
669.0 167 174
669.0 168 169
670.5 5 19
670.5 5 20
672.0 3 23
672.0 3 24
673.5 117 119
673.5 117 120
675.0 143 144
675.0 143 145
676.5 142 146
676.5 142 147
678.0 7 15
678.0 7 16
679.5 115 121
679.5 115 122
681.0 184 193
681.0 184 194
682.5 86 98
682.5 86 99
684.0 81 102
684.0 82 83
685.5 64 74
685.5 64 75
687.0 166 170
687.0 166 171
688.5 187 192
688.5 187 193
690.0 157 176
690.0 157 177
691.5 59 70
691.5 59 71
693.0 163 171
693.0 163 172
694.5 185 199
694.5 186 187
696.0 147 148
696.0 148 149
697.5 33 51
697.5 33 52
699.0 134 144
699.0 134 145
700.5 130 147
700.5 130 148
702.0 5 15
702.0 5 16
703.5 32 44
703.5 32 45
705.0 6 15
705.0 6 16
706.5 111 115
706.5 111 116
708.0 69 70
708.0 69 71
709.5 110 111
709.5 110 112
711.0 187 198
711.0 187 199
712.5 60 61
712.5 60 62
714.0 135 151
714.0 135 152
715.5 7 25
715.5 7 26
717.0 52 153
717.0 52 177
718.5 30 44
718.5 30 45
720.0 60 75
720.0 60 76
721.5 5 27
721.5 6 7
723.0 3 103
723.0 3 127
724.5 140 142
724.5 140 143
726.0 164 167
726.0 164 168
727.5 2 77
727.5 2 78
729.0 191 192
729.0 191 193
730.5 9 16
730.5 9 17
732.0 165 169
732.0 165 170
733.5 15 23
733.5 15 24
735.0 28 47
735.0 28 48
736.5 103 124
736.5 103 125
738.0 59 74
738.0 59 75
739.5 63 71
739.5 63 72
741.0 134 140
741.0 134 141
742.5 143 148
742.5 144 145
744.0 61 66
744.0 61 67
745.5 36 48
745.5 36 49
747.0 55 69
747.0 55 70
748.5 40 44
748.5 40 45
750.0 144 146
750.0 144 147
751.5 167 168
751.5 167 169
753.0 183 190
753.0 183 191
754.5 151 152
754.5 152 153
756.0 37 38
756.0 37 39
757.5 9 22
757.5 9 23
759.0 54 77
759.0 54 78
760.5 184 191
760.5 184 192
762.0 159 166
762.0 159 167
763.5 193 199
763.5 194 195
765.0 132 141
765.0 132 142
766.5 4 25
766.5 4 26
768.0 155 176
768.0 155 177
769.5 136 145
769.5 136 146
771.0 57 73
771.0 57 74
772.5 90 92
772.5 90 93
774.0 166 168
774.0 166 169
775.5 135 137
775.5 135 138
777.0 56 63
777.0 56 64
778.5 163 173
778.5 163 174
780.0 27 103
780.0 27 127
781.5 180 196
781.5 180 197
783.0 135 145
783.0 135 146
784.5 161 175
784.5 161 176
786.0 63 67
786.0 63 68
787.5 14 18
787.5 14 19
789.0 162 174
789.0 162 175
790.5 59 68
790.5 59 69
792.0 114 125
792.0 115 116
793.5 198 199
795.0 11 19
795.0 11 20
796.5 57 69
796.5 57 70
798.0 62 76
798.0 63 64
799.5 55 77
799.5 56 57
801.0 59 72
801.0 59 73
802.5 182 199
802.5 183 184
804.0 90 96
804.0 90 97
805.5 86 100
805.5 86 101
807.0 59 64
807.0 59 65
808.5 28 45
808.5 28 46
810.0 156 173
810.0 156 174
811.5 9 20
811.5 9 21
813.0 160 171
813.0 160 172
814.5 182 191
814.5 182 192
816.0 134 138
816.0 134 139
817.5 2 27
817.5 2 52
819.0 11 23
819.0 11 24
820.5 56 75
820.5 56 76
822.0 194 198
822.0 195 196
823.5 63 65
823.5 63 66
825.0 164 169
825.0 164 170
826.5 85 89
826.5 85 90
828.0 193 197
828.0 193 198
829.5 129 130
829.5 129 145
831.0 53 152
831.0 53 153
832.5 157 172
832.5 157 173
834.0 187 196
834.0 187 197
835.5 41 42
835.5 41 43
837.0 120 122
837.0 121 122
838.5 149 150
838.5 150 151
840.0 124 125
840.0 125 126
841.5 10 24
841.5 10 25
843.0 81 82
843.0 81 89
844.5 186 190
844.5 186 191
846.0 3 27
846.0 3 77
847.5 28 49
847.5 28 50
849.0 82 97
849.0 82 98
850.5 131 146
850.5 131 147
852.0 109 118
852.0 109 119
853.5 109 116
853.5 109 117
855.0 158 169
855.0 158 170
856.5 6 25
856.5 6 26
858.0 37 40
858.0 37 41
859.5 58 64
859.5 58 65
861.0 38 46
861.0 38 47
862.5 153 175
862.5 153 176
864.0 48 49
864.0 49 50
865.5 58 62
865.5 58 63
867.0 13 19
867.0 13 20
868.5 31 40
868.5 31 41
870.0 87 100
870.0 87 101
871.5 164 175
871.5 165 166
873.0 4 21
873.0 4 22
874.5 130 149
874.5 130 150
876.0 54 73
876.0 54 74
877.5 11 15
877.5 11 16
879.0 60 71
879.0 60 72
880.5 83 100
880.5 83 101
882.0 110 123
882.0 110 124
883.5 5 25
883.5 5 26
885.0 84 96
885.0 84 97
886.5 56 65
886.5 56 66
888.0 165 167
888.0 165 168
889.5 112 121
889.5 112 122
891.0 35 43
891.0 35 44
892.5 42 43
892.5 42 44
894.0 28 102
894.0 28 103
895.5 78 102
895.5 78 103
897.0 140 150
897.0 141 142
898.5 78 178
898.5 79 80
900.0 31 42
900.0 31 43
901.5 182 183
901.5 182 188
903.0 188 197
903.0 188 198
904.5 105 121
904.5 105 122
906.0 111 117
906.0 111 118
907.5 42 45
907.5 42 46
909.0 133 142
909.0 133 143
910.5 80 94
910.5 80 95
912.0 6 19
912.0 6 20
913.5 80 96
913.5 80 97
915.0 137 145
915.0 137 146
916.5 10 18
916.5 10 19
918.0 158 163
918.0 158 164
919.5 156 169
919.5 156 170
921.0 185 187
921.0 185 188
922.5 61 76
922.5 62 63
924.0 105 127
924.0 105 128
925.5 56 71
925.5 56 72
927.0 53 75
927.0 53 76
928.5 163 169
928.5 163 170
930.0 141 149
930.0 142 143
931.5 184 195
931.5 184 196
933.0 9 14
933.0 9 15
934.5 130 151
934.5 130 152
936.0 14 22
936.0 14 23
937.5 189 197
937.5 189 198
939.0 162 172
939.0 162 173
940.5 87 96
940.5 87 97
942.0 34 37
942.0 34 38
943.5 185 189
943.5 185 190
945.0 9 12
945.0 9 13
946.5 107 115
946.5 107 116
948.0 133 138
948.0 133 139
949.5 157 164
949.5 157 165
951.0 137 139
951.0 137 140
952.5 113 124
952.5 113 125
954.0 57 63
954.0 57 64
955.5 93 94
955.5 93 95
957.0 117 121
957.0 117 122
958.5 52 53
958.5 52 77
960.0 136 141
960.0 136 142
961.5 107 121
961.5 107 122
963.0 2 177
963.0 2 178
964.5 5 21
964.5 5 22
966.0 153 177
966.0 153 178
967.5 8 10
967.5 8 11
969.0 105 106
969.0 105 116
970.5 138 144
970.5 138 145
972.0 56 67
972.0 56 68
973.5 84 94
973.5 84 95
975.0 192 195
975.0 192 196
976.5 166 174
976.5 166 175
978.0 12 19
978.0 12 20
979.5 35 45
979.5 35 46
981.0 5 17
981.0 5 18
982.5 185 193
982.5 185 194
984.0 62 64
984.0 62 65
985.5 184 185
985.5 184 186
987.0 2 152
987.0 2 153
988.5 86 90
988.5 86 91
990.0 16 21
990.0 16 22
991.5 8 14
991.5 8 15
993.0 80 81
993.0 80 91
994.5 33 37
994.5 33 38
996.0 115 119
996.0 115 120
997.5 106 107
997.5 106 114
999.0 137 151
999.0 138 139
1000.5 39 43
1000.5 39 44
1002.0 160 169
1002.0 160 170
1003.5 180 194
1003.5 180 195
1005.0 107 113
1005.0 107 114
1006.5 62 74
1006.5 62 75
1008.0 11 21
1008.0 11 22
1009.5 155 172
1009.5 155 173
1011.0 181 196
1011.0 181 197
1012.5 15 17
1012.5 15 18
1014.0 34 39
1014.0 34 40
1015.5 171 172
1015.5 172 173
1017.0 60 65
1017.0 60 66
1018.5 35 39
1018.5 35 40
1020.0 104 123
1020.0 104 124
1021.5 81 90
1021.5 81 91
1023.0 64 66
1023.0 64 67
1024.5 33 47
1024.5 33 48
1026.0 162 166
1026.0 162 167
1027.5 82 91
1027.5 82 92
1029.0 122 123
1029.0 123 124
1030.5 131 150
1030.5 131 151
1032.0 27 178
1032.0 28 29
1033.5 31 52
1033.5 32 33
1035.0 57 75
1035.0 57 76
1036.5 183 198
1036.5 183 199
1038.0 34 49
1038.0 34 50
1039.5 168 172
1039.5 168 173
1041.0 132 133
1041.0 132 138
1042.5 78 128
1042.5 78 153
1044.0 57 77
1044.0 58 59
1045.5 4 19
1045.5 4 20
1047.0 14 24
1047.0 15 16
1048.5 88 93
1048.5 88 94
1050.0 190 198
1050.0 190 199
1051.5 183 186
1051.5 183 187
1053.0 81 98
1053.0 81 99
1054.5 108 110
1054.5 108 111
1056.0 157 178
1056.0 158 159
1057.5 161 165
1057.5 161 166
1059.0 115 125
1059.0 116 117
1060.5 33 39
1060.5 33 40
1062.0 8 18
1062.0 8 19
1063.5 189 199
1063.5 190 191
1065.0 8 20
1065.0 8 21
1066.5 80 102
1066.5 80 103
1068.0 184 189
1068.0 184 190
1069.5 92 93
1069.5 92 94
1071.0 81 100
1071.0 81 101
1072.5 128 153
1072.5 128 178
1074.0 35 51
1074.0 36 37
1075.5 36 50
1075.5 36 51
1077.0 181 182
1077.0 181 191
1078.5 34 41
1078.5 34 42
1080.0 61 72
1080.0 61 73
1081.5 109 114
1081.5 109 115
1083.0 82 99
1083.0 82 100
1084.5 158 171
1084.5 158 172
1086.0 36 44
1086.0 36 45
1087.5 135 141
1087.5 135 142
1089.0 6 23
1089.0 6 24
1090.5 83 102
1090.5 84 85
1092.0 105 119
1092.0 105 120
1093.5 131 144
1093.5 131 145
1095.0 128 129
1095.0 128 148
1096.5 13 25
1096.5 14 15
1098.0 189 193
1098.0 189 194
1099.5 38 48
1099.5 38 49
1101.0 183 196
1101.0 183 197
1102.5 39 45
1102.5 39 46
1104.0 3 4
1104.0 3 20
1105.5 178 199
1105.5 179 180
1107.0 139 148
1107.0 139 149
1108.5 30 40
1108.5 30 41
1110.0 134 146
1110.0 134 147
1111.5 83 92
1111.5 83 93
1113.0 55 71
1113.0 55 72
1114.5 110 113
1114.5 110 114
1116.0 53 77
1116.0 53 78
1117.5 17 19
1117.5 17 20
1119.0 37 46
1119.0 37 47
1120.5 164 173
1120.5 164 174
1122.0 103 178
1122.0 104 105
1123.5 87 90
1123.5 87 91
1125.0 182 193
1125.0 182 194
1126.5 180 181
1126.5 180 193
1128.0 161 169
1128.0 161 170
1129.5 189 195
1129.5 189 196
1131.0 4 23
1131.0 4 24
1132.5 58 60
1132.5 58 61
1134.0 64 72
1134.0 64 73
1135.5 35 37
1135.5 35 38
1137.0 140 146
1137.0 140 147
1138.5 67 69
1138.5 67 70
1140.0 32 38
1140.0 32 39
1141.5 83 94
1141.5 83 95
1143.0 37 48
1143.0 37 49
1144.5 112 119
1144.5 112 120
1146.0 84 90
1146.0 84 91
1147.5 155 178
1147.5 156 157
1149.0 118 121
1149.0 118 122
1150.5 65 68
1150.5 65 69
1152.0 163 165
1152.0 163 166
1153.5 165 173
1153.5 165 174
1155.0 116 122
1155.0 116 123
1156.5 134 142
1156.5 134 143
1158.0 78 79
1158.0 78 97
1159.5 26 27
1159.5 27 28
1161.0 60 69
1161.0 60 70
1162.5 44 46
1162.5 44 47
1164.0 8 26
1164.0 8 27
1165.5 33 49
1165.5 33 50
1167.0 177 178
1167.0 178 179
1168.5 139 142
1168.5 139 143
1170.0 167 172
1170.0 167 173
1171.5 89 100
1171.5 90 91
1173.0 59 60
1173.0 59 61
1174.5 143 146
1174.5 143 147
1176.0 116 120
1176.0 116 121
1177.5 10 22
1177.5 10 23
1179.0 160 175
1179.0 160 176
1180.5 108 118
1180.5 108 119
1182.0 133 150
1182.0 133 151
1183.5 108 126
1183.5 108 127
1185.0 104 121
1185.0 104 122
1186.5 168 174
1186.5 169 170
1188.0 159 168
1188.0 159 169
1189.5 30 50
1189.5 30 51
1191.0 91 94
1191.0 91 95
1192.5 53 177
1192.5 53 178
1194.0 133 140
1194.0 133 141
1195.5 141 145
1195.5 141 146
1197.0 55 67
1197.0 55 68
1198.5 16 23
1198.5 17 18
1200.0 183 194
1200.0 183 195
1201.5 38 44
1201.5 38 45
1203.0 89 92
1203.0 89 93
1204.5 116 118
1204.5 116 119
1206.0 139 140
1206.0 139 141
1207.5 74 75
1207.5 75 76
1209.0 158 161
1209.0 158 162
1210.5 105 123
1210.5 105 124
1212.0 32 42
1212.0 32 43
1213.5 36 40
1213.5 36 41
1215.0 136 137
1215.0 136 138
1216.5 134 150
1216.5 134 151
1218.0 82 87
1218.0 82 88
1219.5 133 144
1219.5 133 145
1221.0 11 17
1221.0 11 18
1222.5 27 78
1222.5 27 102
1224.0 85 101
1224.0 86 87
1225.5 154 173
1225.5 154 174
1227.0 11 13
1227.0 11 14
1228.5 108 120
1228.5 108 121
1230.0 17 21
1230.0 17 22
1231.5 104 127
1231.5 104 128
1233.0 14 20
1233.0 14 21
1234.5 8 22
1234.5 8 23
1236.0 157 158
1236.0 157 163
1237.5 191 196
1237.5 191 197
1239.0 131 152
1239.0 131 153
1240.5 86 92
1240.5 86 93
1242.0 37 42
1242.0 37 43
1243.5 78 98
1243.5 78 99
1245.0 19 21
1245.0 19 22
1246.5 107 125
1246.5 107 126
1248.0 133 148
1248.0 133 149
1249.5 61 74
1249.5 61 75
1251.0 81 92
1251.0 81 93
1252.5 92 97
1252.5 92 98
1254.0 27 52
1254.0 27 77
1255.5 195 197
1255.5 195 198
1257.0 188 189
1257.0 188 190
1258.5 43 44
1258.5 43 45
1260.0 186 198
1260.0 186 199
1261.5 132 139
1261.5 132 140
1263.0 106 121
1263.0 106 122
1264.5 30 46
1264.5 30 47
1266.0 38 40
1266.0 38 41
1267.5 136 147
1267.5 136 148
1269.0 105 125
1269.0 105 126
1270.5 136 139
1270.5 136 140
1272.0 83 86
1272.0 83 87
1273.5 32 50
1273.5 32 51
1275.0 111 123
1275.0 111 124
1276.5 81 96
1276.5 81 97
1278.0 57 61
1278.0 57 62
1279.5 162 164
1279.5 162 165
1281.0 108 116
1281.0 108 117
1282.5 141 147
1282.5 141 148
1284.0 29 46
1284.0 29 47
1285.5 112 117
1285.5 112 118
1287.0 160 163
1287.0 160 164
1288.5 187 190
1288.5 187 191
1290.0 36 38
1290.0 36 39
1291.5 183 192
1291.5 183 193
