0 57 73
0 57 74
1.5 91 98
1.5 91 99
3.0 86 90
3.0 86 91
4.5 136 139
4.5 136 140
6.0 8 16
6.0 8 17
7.5 132 147
7.5 132 148
9.0 184 189
9.0 184 190
10.5 2 3
10.5 2 24
12.0 163 165
12.0 163 166
13.5 109 126
13.5 109 127
15.0 36 42
15.0 36 43
16.5 28 127
16.5 28 128
18.0 90 94
18.0 90 95
19.5 61 64
19.5 61 65
21.0 88 93
21.0 88 94
22.5 134 146
22.5 134 147
24.0 162 164
24.0 162 165
25.5 89 92
25.5 89 93
27.0 87 88
27.0 87 89
28.5 136 137
28.5 136 138
30.0 27 178
30.0 28 29
31.5 130 147
31.5 130 148
33.0 5 19
33.0 5 20
34.5 10 14
34.5 10 15
36.0 93 96
36.0 93 97
37.5 16 17
37.5 16 18
39.0 173 174
39.0 174 175
40.5 34 35
40.5 34 36
42.0 70 72
42.0 71 72
43.5 188 193
43.5 188 194
45.0 67 71
45.0 67 72
46.5 7 17
46.5 7 18
48.0 53 75
48.0 53 76
49.5 185 189
49.5 185 190
51.0 60 69
51.0 60 70
52.5 54 73
52.5 54 74
54.0 107 121
54.0 107 122
55.5 3 128
55.5 3 152
57.0 93 94
57.0 93 95
58.5 11 13
58.5 11 14
60.0 82 95
60.0 82 96
61.5 136 145
61.5 136 146
63.0 193 195
63.0 193 196
64.5 64 68
64.5 64 69
66.0 181 198
66.0 181 199
67.5 36 44
67.5 36 45
69.0 59 74
69.0 59 75
70.5 129 130
70.5 129 145
72.0 185 197
72.0 185 198
73.5 157 166
73.5 157 167
75.0 135 139
75.0 135 140
76.5 178 199
76.5 179 180
78.0 84 96
78.0 84 97
79.5 37 50
79.5 38 39
81.0 62 64
81.0 62 65
82.5 56 71
82.5 56 72
84.0 56 63
84.0 56 64
85.5 83 92
85.5 83 93
87.0 78 79
87.0 78 97
88.5 118 119
88.5 118 120
90.0 129 150
90.0 129 151
91.5 50 51
91.5 51 52
93.0 195 197
93.0 195 198
94.5 144 146
94.5 144 147
96.0 162 166
96.0 162 167
97.5 115 119
97.5 115 120
99.0 91 96
99.0 91 97
100.5 88 99
100.5 88 100
102.0 7 21
102.0 7 22
103.5 142 148
103.5 142 149
105.0 120 122
105.0 121 122
106.5 170 172
106.5 170 173
108.0 163 169
108.0 163 170
109.5 114 115
109.5 114 116
111.0 160 163
111.0 160 164
112.5 81 82
112.5 81 89
114.0 2 127
114.0 2 128
115.5 154 155
115.5 154 170
117.0 128 151
117.0 128 152
118.5 105 117
118.5 105 118
120.0 86 94
120.0 86 95
121.5 78 100
121.5 78 101
123.0 128 153
123.0 128 178
124.5 35 49
124.5 35 50
126.0 82 99
126.0 82 100
127.5 156 167
127.5 156 168
129.0 184 199
129.0 185 186
130.5 33 49
130.5 33 50
132.0 187 192
132.0 187 193
133.5 185 195
133.5 185 196
135.0 158 167
135.0 158 168
136.5 29 50
136.5 29 51
138.0 184 197
138.0 184 198
139.5 6 17
139.5 6 18
141.0 61 70
141.0 61 71
142.5 54 69
142.5 54 70
144.0 58 74
144.0 58 75
145.5 83 84
145.5 83 85
147.0 12 19
147.0 12 20
148.5 34 51
148.5 35 36
150.0 60 75
150.0 60 76
151.5 158 161
151.5 158 162
153.0 160 177
153.0 161 162
154.5 131 150
154.5 131 151
156.0 31 50
156.0 31 51
157.5 5 27
157.5 6 7
159.0 42 43
159.0 42 44
160.5 36 48
160.5 36 49
162.0 36 38
162.0 36 39
163.5 60 61
163.5 60 62
165.0 184 191
165.0 184 192
166.5 143 148
166.5 144 145
168.0 185 187
168.0 185 188
169.5 107 119
169.5 107 120
171.0 54 77
171.0 54 78
172.5 186 192
172.5 186 193
174.0 36 40
174.0 36 41
175.5 9 22
175.5 9 23
177.0 167 170
177.0 167 171
178.5 27 103
178.5 27 127
180.0 134 152
180.0 135 136
181.5 133 146
181.5 133 147
183.0 63 75
183.0 64 65
184.5 84 92
184.5 84 93
186.0 160 171
186.0 160 172
187.5 13 21
187.5 13 22
189.0 34 37
189.0 34 38
190.5 188 191
190.5 188 192
192.0 113 124
192.0 113 125
193.5 57 67
193.5 57 68
195.0 161 167
195.0 161 168
196.5 160 167
196.5 160 168
198.0 52 78
198.0 52 102
199.5 36 46
199.5 36 47
201.0 171 172
201.0 172 173
202.5 34 41
202.5 34 42
204.0 158 169
204.0 158 170
205.5 41 48
205.5 41 49
207.0 158 171
207.0 158 172
208.5 182 197
208.5 182 198
210.0 110 121
210.0 110 122
211.5 155 174
211.5 155 175
213.0 59 72
213.0 59 73
214.5 55 67
214.5 55 68
216.0 141 143
216.0 141 144
217.5 110 113
217.5 110 114
219.0 30 46
219.0 30 47
220.5 194 196
220.5 194 197
222.0 52 128
222.0 52 152
223.5 30 40
223.5 30 41
225.0 32 52
225.0 33 34
226.5 107 113
226.5 107 114
228.0 130 151
228.0 130 152
229.5 158 165
229.5 158 166
231.0 112 115
231.0 112 116
232.5 40 48
232.5 40 49
234.0 13 25
234.0 14 15
235.5 131 142
235.5 131 143
237.0 8 26
237.0 8 27
238.5 157 168
238.5 157 169
240.0 85 89
240.0 85 90
241.5 81 98
241.5 81 99
243.0 137 143
243.0 137 144
244.5 90 96
244.5 90 97
246.0 34 43
246.0 34 44
247.5 157 172
247.5 157 173
249.0 45 46
249.0 45 47
250.5 83 102
250.5 84 85
252.0 30 44
252.0 30 45
253.5 135 147
253.5 135 148
255.0 135 143
255.0 135 144
256.5 190 192
256.5 190 193
258.0 24 25
258.0 25 26
259.5 107 117
259.5 107 118
261.0 36 50
261.0 36 51
262.5 31 48
262.5 31 49
264.0 92 93
264.0 92 94
265.5 132 151
265.5 132 152
267.0 107 127
267.0 108 109
268.5 158 177
268.5 158 178
270.0 37 38
270.0 37 39
271.5 132 149
271.5 132 150
273.0 110 111
273.0 110 112
274.5 131 140
274.5 131 141
276.0 139 148
276.0 139 149
277.5 6 27
277.5 7 8
279.0 63 73
279.0 63 74
280.5 33 41
280.5 33 42
282.0 163 167
282.0 163 168
283.5 39 43
283.5 39 44
285.0 63 65
285.0 63 66
286.5 15 17
286.5 15 18
288.0 181 182
288.0 181 191
289.5 11 23
289.5 11 24
291.0 3 25
291.0 3 26
292.5 12 17
292.5 12 18
294.0 138 144
294.0 138 145
295.5 124 125
295.5 125 126
297.0 137 147
297.0 137 148
298.5 32 40
298.5 32 41
300.0 88 89
300.0 88 90
301.5 116 120
301.5 116 121
303.0 155 156
303.0 155 167
304.5 190 194
304.5 190 195
306.0 53 71
306.0 53 72
307.5 66 70
307.5 66 71
309.0 133 136
309.0 133 137
310.5 6 19
310.5 6 20
312.0 40 46
312.0 40 47
313.5 111 117
313.5 111 118
315.0 108 112
315.0 108 113
316.5 6 23
316.5 6 24
318.0 81 94
318.0 81 95
319.5 139 142
319.5 139 143
321.0 33 51
321.0 33 52
322.5 5 25
322.5 5 26
324.0 106 125
324.0 106 126
325.5 164 167
325.5 164 168
327.0 138 140
327.0 138 141
328.5 11 19
328.5 11 20
330.0 28 152
330.0 28 153
331.5 12 23
331.5 12 24
333.0 167 172
333.0 167 173
334.5 56 65
334.5 56 66
336.0 60 71
336.0 60 72
337.5 58 66
337.5 58 67
339.0 62 72
339.0 62 73
340.5 114 119
340.5 114 120
342.0 105 106
342.0 105 116
343.5 119 123
343.5 120 121
345.0 116 118
345.0 116 119
346.5 34 39
346.5 34 40
348.0 58 60
348.0 58 61
349.5 191 196
349.5 191 197
351.0 138 142
351.0 138 143
352.5 85 99
352.5 85 100
354.0 137 149
354.0 137 150
355.5 162 168
355.5 162 169
357.0 4 23
357.0 4 24
358.5 32 48
358.5 32 49
360.0 112 123
360.0 112 124
361.5 59 76
361.5 59 77
363.0 131 148
363.0 131 149
364.5 135 149
364.5 135 150
366.0 138 150
366.0 138 151
367.5 27 78
367.5 27 102
369.0 58 76
369.0 58 77
370.5 190 198
370.5 190 199
372.0 53 103
372.0 53 128
373.5 182 193
373.5 182 194
375.0 78 178
375.0 79 80
376.5 2 152
376.5 2 153
378.0 168 170
378.0 168 171
379.5 109 114
379.5 109 115
381.0 111 119
381.0 111 120
382.5 34 47
382.5 34 48
384.0 59 62
384.0 59 63
385.5 35 39
385.5 35 40
387.0 134 136
387.0 134 137
388.5 15 21
388.5 15 22
390.0 61 74
390.0 61 75
391.5 8 24
391.5 8 25
393.0 137 141
393.0 137 142
394.5 6 15
394.5 6 16
396.0 28 47
396.0 28 48
397.5 135 151
397.5 135 152
399.0 9 14
399.0 9 15
400.5 94 96
400.5 94 97
402.0 131 152
402.0 131 153
403.5 129 148
403.5 129 149
405.0 134 144
405.0 134 145
406.5 132 139
406.5 132 140
408.0 56 67
408.0 56 68
409.5 60 67
409.5 60 68
411.0 105 121
411.0 105 122
412.5 188 197
412.5 188 198
414.0 4 19
414.0 4 20
415.5 41 44
415.5 41 45
417.0 61 66
417.0 61 67
418.5 140 142
418.5 140 143
420.0 32 44
420.0 32 45
421.5 7 25
421.5 7 26
423.0 185 199
423.0 186 187
424.5 133 140
424.5 133 141
426.0 58 62
426.0 58 63
427.5 87 90
427.5 87 91
429.0 191 192
429.0 191 193
430.5 137 145
430.5 137 146
432.0 179 198
432.0 179 199
433.5 33 45
433.5 33 46
435.0 186 196
435.0 186 197
436.5 83 86
436.5 83 87
438.0 115 125
438.0 116 117
439.5 114 117
439.5 114 118
441.0 88 91
441.0 88 92
442.5 165 175
442.5 166 167
444.0 22 23
444.0 23 24
445.5 4 27
445.5 5 6
447.0 154 175
447.0 154 176
448.5 86 88
448.5 86 89
450.0 9 24
450.0 9 25
451.5 182 199
451.5 183 184
453.0 11 15
453.0 11 16
454.5 162 172
454.5 162 173
456.0 57 77
456.0 58 59
457.5 57 69
457.5 57 70
459.0 85 87
459.0 85 88
460.5 108 114
460.5 108 115
462.0 37 48
462.0 37 49
463.5 91 92
463.5 91 93
465.0 10 16
465.0 10 17
466.5 182 189
466.5 182 190
468.0 14 20
468.0 14 21
469.5 108 120
469.5 108 121
471.0 109 120
471.0 109 121
472.5 196 197
472.5 197 198
474.0 14 18
474.0 14 19
475.5 57 71
475.5 57 72
477.0 42 45
477.0 42 46
478.5 134 148
478.5 134 149
480.0 61 62
480.0 61 63
481.5 82 87
481.5 82 88
483.0 65 66
483.0 65 67
484.5 31 46
484.5 31 47
486.0 107 115
486.0 107 116
487.5 134 150
487.5 134 151
489.0 82 93
489.0 82 94
490.5 78 128
490.5 78 153
492.0 17 23
492.0 18 19
493.5 66 68
493.5 66 69
495.0 4 21
495.0 4 22
496.5 33 47
496.5 33 48
498.0 159 168
498.0 159 169
499.5 10 22
499.5 10 23
501.0 162 176
501.0 163 164
502.5 116 122
502.5 116 123
504.0 16 19
504.0 16 20
505.5 109 112
505.5 109 113
507.0 157 176
507.0 157 177
508.5 136 151
508.5 137 138
510.0 188 189
510.0 188 190
511.5 13 19
511.5 13 20
513.0 86 98
513.0 86 99
514.5 43 48
514.5 44 45
516.0 55 77
516.0 56 57
517.5 85 97
517.5 85 98
519.0 112 113
519.0 112 114
520.5 184 195
520.5 184 196
522.0 68 70
522.0 68 71
523.5 160 173
523.5 160 174
525.0 139 146
525.0 139 147
526.5 80 92
526.5 80 93
528.0 109 110
528.0 109 111
529.5 108 124
529.5 108 125
531.0 107 123
531.0 107 124
532.5 81 102
532.5 82 83
534.0 79 100
534.0 79 101
535.5 37 42
535.5 37 43
537.0 138 148
537.0 138 149
538.5 129 146
538.5 129 147
540.0 157 178
540.0 158 159
541.5 55 73
541.5 55 74
543.0 28 177
543.0 28 178
544.5 162 174
544.5 162 175
546.0 58 70
546.0 58 71
547.5 46 47
547.5 47 48
549.0 52 103
549.0 52 127
550.5 17 21
550.5 17 22
552.0 161 169
552.0 161 170
553.5 95 96
553.5 95 97
555.0 181 194
555.0 181 195
556.5 52 153
556.5 52 177
558.0 160 165
558.0 160 166
559.5 60 63
559.5 60 64
561.0 136 143
561.0 136 144
562.5 111 115
562.5 111 116
564.0 91 94
564.0 91 95
565.5 130 131
565.5 130 142
567.0 44 46
567.0 44 47
568.5 16 23
568.5 17 18
570.0 55 56
570.0 55 66
571.5 82 91
571.5 82 92
573.0 10 18
573.0 10 19
574.5 103 124
574.5 103 125
576.0 106 107
576.0 106 114
577.5 88 97
577.5 88 98
579.0 133 150
579.0 133 151
580.5 188 199
580.5 189 190
582.0 65 74
582.0 66 67
583.5 30 42
583.5 30 43
585.0 147 148
585.0 148 149
586.5 184 187
586.5 184 188
588.0 83 90
588.0 83 91
589.5 155 178
589.5 156 157
591.0 158 175
591.0 158 176
592.5 142 146
592.5 142 147
594.0 84 98
594.0 84 99
595.5 27 50
595.5 27 51
597.0 110 115
597.0 110 116
598.5 31 52
598.5 32 33
600.0 133 148
600.0 133 149
601.5 12 25
601.5 13 14
603.0 188 195
603.0 188 196
604.5 137 151
604.5 138 139
606.0 29 46
606.0 29 47
607.5 8 12
607.5 8 13
609.0 130 145
609.0 130 146
610.5 20 21
610.5 21 22
612.0 157 174
612.0 157 175
613.5 31 38
613.5 31 39
615.0 160 161
615.0 160 162
616.5 87 92
616.5 87 93
618.0 53 73
618.0 53 74
619.5 53 152
619.5 53 153
621.0 130 149
621.0 130 150
622.5 14 22
622.5 14 23
624.0 40 42
624.0 40 43
625.5 32 36
625.5 32 37
627.0 33 39
627.0 33 40
628.5 166 174
628.5 166 175
630.0 181 192
630.0 181 193
631.5 12 15
631.5 12 16
633.0 110 123
633.0 110 124
634.5 85 93
634.5 85 94
636.0 189 191
636.0 189 192
637.5 155 168
637.5 155 169
639.0 9 16
639.0 9 17
640.5 30 52
640.5 31 32
642.0 130 153
642.0 131 132
643.5 84 100
643.5 84 101
645.0 113 114
645.0 113 115
646.5 92 95
646.5 92 96
648.0 54 71
648.0 54 72
649.5 9 12
649.5 9 13
651.0 110 117
651.0 110 118
652.5 2 27
652.5 2 52
654.0 135 137
654.0 135 138
655.5 93 98
655.5 94 95
657.0 136 149
657.0 136 150
658.5 83 98
658.5 83 99
660.0 33 35
660.0 33 36
661.5 154 171
661.5 154 172
663.0 143 144
663.0 143 145
664.5 29 52
664.5 30 31
666.0 27 52
666.0 27 77
667.5 32 50
667.5 32 51
669.0 39 41
669.0 39 42
670.5 140 144
670.5 140 145
672.0 3 23
672.0 3 24
673.5 133 152
673.5 134 135
675.0 56 75
675.0 56 76
676.5 119 121
676.5 119 122
678.0 5 21
678.0 5 22
679.5 28 77
679.5 28 78
681.0 58 64
681.0 58 65
682.5 62 76
682.5 63 64
684.0 3 21
684.0 3 22
685.5 11 25
685.5 11 26
687.0 86 96
687.0 86 97
688.5 145 147
688.5 146 147
690.0 179 196
690.0 179 197
691.5 159 160
691.5 159 161
693.0 34 45
693.0 34 46
694.5 61 68
694.5 61 69
696.0 89 100
696.0 90 91
697.5 180 194
697.5 180 195
699.0 17 19
699.0 17 20
700.5 104 121
700.5 104 122
702.0 166 170
702.0 166 171
703.5 128 129
703.5 128 148
705.0 190 196
705.0 190 197
706.5 160 169
706.5 160 170
708.0 159 176
708.0 159 177
709.5 106 117
709.5 106 118
711.0 131 144
711.0 131 145
712.5 18 20
712.5 18 21
714.0 182 191
714.0 182 192
715.5 133 142
715.5 133 143
717.0 3 78
717.0 3 102
718.5 39 49
718.5 40 41
720.0 96 97
720.0 97 98
721.5 156 171
721.5 156 172
723.0 64 72
723.0 64 73
724.5 32 46
724.5 32 47
726.0 106 119
726.0 106 120
727.5 192 197
727.5 192 198
729.0 103 126
729.0 103 127
730.5 5 17
730.5 5 18
732.0 129 152
732.0 129 153
733.5 162 170
733.5 162 171
735.0 35 41
735.0 35 42
736.5 111 123
736.5 111 124
738.0 168 174
738.0 169 170
739.5 14 24
739.5 15 16
741.0 180 196
741.0 180 197
742.5 132 143
742.5 132 144
744.0 5 15
744.0 5 16
745.5 128 149
745.5 128 150
747.0 186 188
747.0 186 189
748.5 5 23
748.5 5 24
750.0 103 122
750.0 103 123
751.5 83 96
751.5 83 97
753.0 42 47
753.0 42 48
754.5 64 70
754.5 64 71
756.0 28 102
756.0 28 103
757.5 115 123
757.5 115 124
759.0 8 10
759.0 8 11
760.5 165 173
760.5 165 174
762.0 90 98
762.0 90 99
763.5 6 25
763.5 6 26
765.0 66 72
765.0 66 73
766.5 104 123
766.5 104 124
768.0 183 198
768.0 183 199
769.5 139 140
769.5 139 141
771.0 187 188
771.0 187 189
772.5 157 158
772.5 157 163
774.0 69 70
774.0 69 71
775.5 164 169
775.5 164 170
777.0 62 66
777.0 62 67
778.5 9 26
778.5 10 11
780.0 38 42
780.0 38 43
781.5 108 118
781.5 108 119
783.0 164 171
783.0 164 172
784.5 43 44
784.5 43 45
786.0 107 108
786.0 107 112
787.5 59 66
787.5 59 67
789.0 89 96
789.0 89 97
790.5 31 40
790.5 31 41
792.0 106 123
792.0 106 124
793.5 60 73
793.5 60 74
795.0 43 46
795.0 43 47
796.5 31 42
796.5 31 43
798.0 39 45
798.0 39 46
799.5 15 19
799.5 15 20
801.0 193 197
801.0 193 198
802.5 161 177
802.5 162 163
804.0 65 72
804.0 65 73
805.5 107 125
805.5 107 126
807.0 187 190
807.0 187 191
808.5 4 25
808.5 4 26
810.0 135 145
810.0 135 146
811.5 19 21
811.5 19 22
813.0 158 163
813.0 158 164
814.5 61 72
814.5 61 73
816.0 185 193
816.0 185 194
817.5 198 199
819.0 183 192
819.0 183 193
820.5 194 198
820.5 195 196
822.0 80 100
822.0 80 101
823.5 182 195
823.5 182 196
825.0 167 174
825.0 168 169
826.5 160 175
826.5 160 176
828.0 9 20
828.0 9 21
829.5 111 113
829.5 111 114
831.0 169 171
831.0 169 172
832.5 41 42
832.5 41 43
834.0 163 175
834.0 163 176
835.5 103 178
835.5 104 105
837.0 9 10
837.0 9 11
838.5 2 25
838.5 2 26
840.0 38 48
840.0 38 49
841.5 106 121
841.5 106 122
843.0 159 174
843.0 159 175
844.5 83 100
844.5 83 101
846.0 109 122
846.0 109 123
847.5 57 75
847.5 57 76
849.0 76 77
849.0 77 78
850.5 16 21
850.5 16 22
852.0 114 123
852.0 114 124
853.5 142 144
853.5 142 145
855.0 37 40
855.0 37 41
856.5 3 153
856.5 3 177
858.0 157 170
858.0 157 171
859.5 153 177
859.5 153 178
861.0 58 68
861.0 58 69
862.5 78 102
862.5 78 103
864.0 192 193
864.0 192 194
865.5 186 190
865.5 186 191
867.0 113 116
867.0 113 117
868.5 79 102
868.5 79 103
870.0 35 47
870.0 35 48
871.5 38 46
871.5 38 47
873.0 33 37
873.0 33 38
874.5 132 133
874.5 132 138
876.0 177 178
876.0 178 179
877.5 57 63
877.5 57 64
879.0 151 152
879.0 152 153
880.5 59 64
880.5 59 65
882.0 165 171
882.0 165 172
883.5 54 75
883.5 54 76
885.0 110 119
885.0 110 120
886.5 6 21
886.5 6 22
888.0 84 88
888.0 84 89
889.5 60 65
889.5 60 66
891.0 4 17
891.0 4 18
892.5 61 76
892.5 62 63
894.0 117 121
894.0 117 122
895.5 56 77
895.5 57 58
897.0 18 22
897.0 19 20
898.5 133 144
898.5 133 145
900.0 59 70
900.0 59 71
901.5 175 176
901.5 176 177
903.0 167 168
903.0 167 169
904.5 35 51
904.5 36 37
906.0 54 55
906.0 54 68
907.5 2 102
907.5 2 103
909.0 126 127
909.0 127 128
910.5 135 141
910.5 135 142
912.0 30 50
912.0 30 51
913.5 105 125
913.5 105 126
915.0 38 40
915.0 38 41
916.5 164 175
916.5 165 166
918.0 180 181
918.0 180 193
919.5 84 94
919.5 84 95
921.0 62 74
921.0 62 75
922.5 89 94
922.5 89 95
924.0 141 147
924.0 141 148
925.5 113 118
925.5 113 119
927.0 80 94
927.0 80 95
928.5 157 164
928.5 157 165
930.0 183 186
930.0 183 187
931.5 28 49
931.5 28 50
933.0 122 123
933.0 123 124
934.5 156 165
934.5 156 166
936.0 161 175
936.0 161 176
937.5 62 70
937.5 62 71
939.0 87 100
939.0 87 101
940.5 65 70
940.5 65 71
942.0 117 119
942.0 117 120
943.5 85 91
943.5 85 92
945.0 106 115
945.0 106 116
946.5 81 90
946.5 81 91
948.0 165 169
948.0 165 170
949.5 161 163
949.5 161 164
951.0 7 15
951.0 7 16
952.5 83 94
952.5 83 95
954.0 26 27
954.0 27 28
955.5 108 116
955.5 108 117
957.0 57 65
957.0 57 66
958.5 64 66
958.5 64 67
960.0 140 146
960.0 140 147
961.5 0 1
961.5 1 2
963.0 3 4
963.0 3 20
964.5 8 22
964.5 8 23
966.0 158 173
966.0 158 174
967.5 182 183
967.5 182 188
969.0 102 103
969.0 103 104
970.5 132 153
970.5 133 134
972.0 183 196
972.0 183 197
973.5 63 67
973.5 63 68
975.0 83 88
975.0 83 89
976.5 118 121
976.5 118 122
978.0 192 199
978.0 193 194
979.5 89 98
979.5 89 99
981.0 3 178
981.0 4 5
982.5 154 173
982.5 154 174
984.0 187 196
984.0 187 197
985.5 35 45
985.5 35 46
987.0 12 21
987.0 12 22
988.5 156 169
988.5 156 170
990.0 109 118
990.0 109 119
991.5 7 23
991.5 7 24
993.0 33 43
993.0 33 44
994.5 164 173
994.5 164 174
996.0 41 46
996.0 41 47
997.5 181 196
997.5 181 197
999.0 90 92
999.0 90 93
1000.5 159 164
1000.5 159 165
1002.0 186 198
1002.0 186 199
1003.5 191 198
1003.5 191 199
1005.0 159 162
1005.0 159 163
1006.5 159 172
1006.5 159 173
1008.0 55 75
1008.0 55 76
1009.5 29 48
1009.5 29 49
1011.0 65 68
1011.0 65 69
1012.5 82 89
1012.5 82 90
1014.0 100 101
1014.0 101 102
1015.5 32 42
1015.5 32 43
1017.0 34 49
1017.0 34 50
1018.5 111 121
1018.5 111 122
1020.0 6 13
1020.0 6 14
1021.5 31 44
1021.5 31 45
1023.0 56 69
1023.0 56 70
1024.5 15 23
1024.5 15 24
1026.0 74 75
1026.0 75 76
1027.5 116 124
1027.5 117 118
1029.0 114 121
1029.0 114 122
1030.5 78 98
1030.5 78 99
1032.0 110 127
1032.0 111 112
1033.5 155 172
1033.5 155 173
1035.0 187 194
1035.0 187 195
1036.5 39 47
1036.5 39 48
1038.0 104 127
1038.0 104 128
1039.5 38 44
1039.5 38 45
1041.0 144 148
1041.0 145 146
1042.5 193 199
1042.5 194 195
1044.0 114 125
1044.0 115 116
1045.5 55 69
1045.5 55 70
1047.0 86 92
1047.0 86 93
1048.5 64 74
1048.5 64 75
1050.0 139 150
1050.0 140 141
1051.5 131 146
1051.5 131 147
1053.0 72 73
1053.0 73 74
1054.5 88 95
1054.5 88 96
1056.0 161 165
1056.0 161 166
1057.5 155 170
1057.5 155 171
1059.0 192 195
1059.0 192 196
1060.5 155 176
1060.5 155 177
1062.0 134 140
1062.0 134 141
1063.5 87 96
1063.5 87 97
1065.0 105 123
1065.0 105 124
1066.5 136 147
1066.5 136 148
1068.0 103 128
1068.0 103 153
1069.5 81 100
1069.5 81 101
1071.0 7 27
1071.0 8 9
1072.5 189 193
1072.5 189 194
1074.0 109 124
1074.0 109 125
1075.5 132 141
1075.5 132 142
1077.0 168 172
1077.0 168 173
1078.5 12 13
1078.5 12 14
1080.0 79 94
1080.0 79 95
1081.5 14 16
1081.5 14 17
1083.0 92 97
1083.0 92 98
1084.5 10 12
1084.5 10 13
1086.0 134 142
1086.0 134 143
1087.5 113 120
1087.5 113 121
1089.0 87 98
1089.0 87 99
1090.5 82 97
1090.5 82 98
1092.0 37 46
1092.0 37 47
1093.5 79 98
1093.5 79 99
1095.0 153 175
1095.0 153 176
1096.5 28 51
1096.5 28 52
1098.0 30 48
1098.0 30 49
1099.5 84 102
1099.5 85 86
1101.0 38 50
1101.0 39 40
1102.5 59 60
1102.5 59 61
1104.0 108 126
1104.0 108 127
1105.5 57 61
1105.5 57 62
1107.0 13 17
1107.0 13 18
1108.5 7 13
1108.5 7 14
1110.0 183 194
1110.0 183 195
1111.5 66 74
1111.5 67 68
1113.0 86 100
1113.0 86 101
1114.5 52 53
1114.5 52 77
1116.0 80 102
1116.0 80 103
1117.5 8 18
1117.5 8 19
1119.0 156 175
1119.0 156 176
1120.5 53 77
1120.5 53 78
1122.0 11 21
1122.0 11 22
1123.5 8 14
1123.5 8 15
1125.0 112 117
1125.0 112 118
1126.5 169 173
1126.5 170 171
1128.0 67 69
1128.0 67 70
1129.5 67 73
1129.5 68 69
1131.0 110 125
1131.0 110 126
1132.5 113 122
1132.5 113 123
1134.0 138 146
1134.0 138 147
1135.5 154 177
1135.5 154 178
1137.0 159 166
1137.0 159 167
1138.5 118 123
1138.5 119 120
1140.0 163 173
1140.0 163 174
1141.5 62 68
1141.5 62 69
1143.0 164 165
1143.0 164 166
1144.5 117 123
1144.5 117 124
1146.0 48 49
1146.0 49 50
1147.5 180 198
1147.5 180 199
1149.0 132 145
1149.0 132 146
1150.5 35 43
1150.5 35 44
1152.0 191 194
1152.0 191 195
1153.5 9 18
1153.5 9 19
1155.0 106 127
1155.0 106 128
1156.5 161 171
1156.5 161 172
1158.0 136 141
1158.0 136 142
1159.5 111 125
1159.5 111 126
1161.0 143 146
1161.0 143 147
1162.5 163 171
1162.5 163 172
1164.0 133 138
1164.0 133 139
1165.5 53 177
1165.5 53 178
1167.0 29 30
1167.0 29 43
1168.5 141 145
1168.5 141 146
1170.0 104 119
1170.0 104 120
1171.5 80 81
1171.5 80 91
1173.0 59 68
1173.0 59 69
1174.5 35 37
1174.5 35 38
1176.0 80 98
1176.0 80 99
1177.5 186 194
1177.5 186 195
1179.0 183 190
1179.0 183 191
1180.5 2 77
1180.5 2 78
1182.0 139 144
1182.0 139 145
1183.5 7 19
1183.5 7 20
1185.0 105 127
1185.0 105 128
1186.5 166 172
1186.5 166 173
1188.0 105 119
1188.0 105 120
1189.5 159 170
1189.5 159 171
1191.0 29 44
1191.0 29 45
1192.5 89 90
1192.5 89 91
1194.0 141 149
1194.0 142 143
1195.5 184 193
1195.5 184 194
1197.0 189 195
1197.0 189 196
1198.5 10 20
1198.5 10 21
1200.0 137 139
1200.0 137 140
1201.5 104 125
1201.5 104 126
1203.0 185 191
1203.0 185 192
1204.5 3 103
1204.5 3 127
1206.0 84 86
1206.0 84 87
1207.5 40 44
1207.5 40 45
1209.0 10 26
1209.0 11 12
1210.5 149 150
1210.5 150 151
1212.0 189 199
1212.0 190 191
1213.5 166 168
1213.5 166 169
1215.0 134 138
1215.0 134 139
1216.5 85 95
1216.5 85 96
1218.0 187 198
1218.0 187 199
1219.5 13 23
1219.5 13 24
1221.0 112 125
1221.0 112 126
1222.5 58 72
1222.5 58 73
1224.0 184 185
1224.0 184 186
1225.5 115 117
1225.5 115 118
1227.0 63 71
1227.0 63 72
1228.5 140 148
1228.5 140 149
1230.0 13 15
1230.0 13 16
1231.5 153 154
1231.5 153 174
1233.0 183 188
1233.0 183 189
1234.5 68 72
1234.5 68 73
1236.0 140 150
1236.0 141 142
1237.5 82 101
1237.5 82 102
1239.0 85 101
1239.0 86 87
1240.5 165 167
1240.5 165 168
1242.0 3 27
1242.0 3 77
1243.5 98 99
1243.5 99 100
1245.0 11 17
1245.0 11 18
1246.5 189 197
1246.5 189 198
1248.0 156 177
1248.0 156 178
1249.5 156 173
1249.5 156 174
1251.0 37 44
1251.0 37 45
1252.5 115 121
1252.5 115 122
1254.0 130 143
1254.0 130 144
1255.5 27 128
1255.5 27 152
1257.0 80 96
1257.0 80 97
1258.5 69 72
1258.5 70 71
1260.0 8 20
1260.0 8 21
1261.5 84 90
1261.5 84 91
1263.0 52 178
1263.0 53 54
1264.5 79 96
1264.5 79 97
1266.0 112 121
1266.0 112 122
1267.5 81 96
1267.5 81 97
1269.0 87 94
1269.0 87 95
1270.5 109 116
1270.5 109 117
1272.0 7 11
1272.0 7 12
1273.5 108 110
1273.5 108 111
1275.0 55 71
1275.0 55 72
1276.5 10 24
1276.5 10 25
1278.0 2 177
1278.0 2 178
1279.5 108 122
1279.5 108 123
1281.0 161 173
1281.0 161 174
1282.5 32 38
1282.5 32 39
1284.0 27 153
1284.0 27 177
1285.5 81 92
1285.5 81 93
1287.0 63 69
1287.0 63 70
1288.5 112 119
1288.5 112 120
1290.0 28 45
1290.0 28 46
1291.5 56 73
1291.5 56 74
