0 81 98
0 81 99
0 81 100
0 81 101
0 81 102
0 82 83
0 82 87
0 82 88
0 82 89
0 82 90
0 82 91
0 82 92
0 82 93
0 82 94
0 82 95
0 82 96
0 82 97
0 82 98
0 82 99
0 82 100
0 82 101
0 82 102
0 83 84
0 83 85
0 83 86
0 83 87
0 83 88
0 83 89
0 83 90
0 83 91
0 83 92
301 104 127
301 104 128
301 105 106
301 105 116
301 105 117
301 105 118
301 105 119
301 105 120
301 105 121
301 105 122
301 105 123
301 105 124
301 105 125
301 105 126
301 105 127
301 105 128
301 106 107
301 106 114
301 106 115
301 106 116
301 106 117
301 106 118
301 106 119
301 106 120
301 106 121
301 106 122
301 106 123
301 106 124
301 106 125
301 106 126
301 106 127
602 132 141
602 132 142
602 132 143
602 132 144
602 132 145
602 132 146
602 132 147
602 132 148
602 132 149
602 132 150
602 132 151
602 132 152
602 132 153
602 133 134
602 133 136
602 133 137
602 133 138
602 133 139
602 133 140
602 133 141
602 133 142
602 133 143
602 133 144
602 133 145
602 133 146
602 133 147
602 133 148
602 133 149
602 133 150
602 133 151
602 133 152
903 37 47
903 37 48
903 37 49
903 37 50
903 38 39
903 38 40
903 38 41
903 38 42
903 38 43
903 38 44
903 38 45
903 38 46
903 38 47
903 38 48
903 38 49
903 38 50
903 39 40
903 39 41
903 39 42
903 39 43
903 39 44
903 39 45
903 39 46
903 39 47
903 39 48
903 39 49
903 40 41
903 40 42
903 40 43
903 40 44
903 40 45
1204 146 147
1204 147 148
1204 148 149
1204 149 150
1204 150 151
1204 151 152
1204 152 153
1204 153 154
1204 153 174
1204 153 175
1204 153 176
1204 153 177
1204 153 178
1204 154 155
1204 154 170
1204 154 171
1204 154 172
1204 154 173
1204 154 174
1204 154 175
1204 154 176
1204 154 177
1204 154 178
1204 155 156
1204 155 167
1204 155 168
1204 155 169
1204 155 170
1204 155 171
1204 155 172
1204 155 173
1505 130 142
1505 130 143
1505 130 144
1505 130 145
1505 130 146
1505 130 147
1505 130 148
1505 130 149
1505 130 150
1505 130 151
1505 130 152
1505 130 153
1505 131 132
1505 131 140
1505 131 141
1505 131 142
1505 131 143
1505 131 144
1505 131 145
1505 131 146
1505 131 147
1505 131 148
1505 131 149
1505 131 150
1505 131 151
1505 131 152
1505 131 153
1505 132 133
1505 132 138
1505 132 139
1505 132 140
1806 56 70
1806 56 71
1806 56 72
1806 56 73
1806 56 74
1806 56 75
1806 56 76
1806 56 77
1806 57 58
1806 57 61
1806 57 62
1806 57 63
1806 57 64
1806 57 65
1806 57 66
1806 57 67
1806 57 68
1806 57 69
1806 57 70
1806 57 71
1806 57 72
1806 57 73
1806 57 74
1806 57 75
1806 57 76
1806 57 77
1806 58 59
1806 58 60
1806 58 61
1806 58 62
1806 58 63
2107 58 64
2107 58 65
2107 58 66
2107 58 67
2107 58 68
2107 58 69
2107 58 70
2107 58 71
2107 58 72
2107 58 73
2107 58 74
2107 58 75
2107 58 76
2107 58 77
2107 59 60
2107 59 61
2107 59 62
2107 59 63
2107 59 64
2107 59 65
2107 59 66
2107 59 67
2107 59 68
2107 59 69
2107 59 70
2107 59 71
2107 59 72
2107 59 73
2107 59 74
2107 59 75
2107 59 76
2408 59 77
2408 60 61
2408 60 62
2408 60 63
2408 60 64
2408 60 65
2408 60 66
2408 60 67
2408 60 68
2408 60 69
2408 60 70
2408 60 71
2408 60 72
2408 60 73
2408 60 74
2408 60 75
2408 60 76
2408 61 62
2408 61 63
2408 61 64
2408 61 65
2408 61 66
2408 61 67
2408 61 68
2408 61 69
2408 61 70
2408 61 71
2408 61 72
2408 61 73
2408 61 74
2408 61 75
2709 161 164
2709 161 165
2709 161 166
2709 161 167
2709 161 168
2709 161 169
2709 161 170
2709 161 171
2709 161 172
2709 161 173
2709 161 174
2709 161 175
2709 161 176
2709 161 177
2709 162 163
2709 162 164
2709 162 165
2709 162 166
2709 162 167
2709 162 168
2709 162 169
2709 162 170
2709 162 171
2709 162 172
2709 162 173
2709 162 174
2709 162 175
2709 162 176
2709 163 164
2709 163 165
2709 163 166
3010 61 76
3010 62 63
3010 62 64
3010 62 65
3010 62 66
3010 62 67
3010 62 68
3010 62 69
3010 62 70
3010 62 71
3010 62 72
3010 62 73
3010 62 74
3010 62 75
3010 62 76
3010 63 64
3010 63 65
3010 63 66
3010 63 67
3010 63 68
3010 63 69
3010 63 70
3010 63 71
3010 63 72
3010 63 73
3010 63 74
3010 63 75
3010 64 65
3010 64 66
3010 64 67
3010 64 68
3311 33 48
3311 33 49
3311 33 50
3311 33 51
3311 33 52
3311 34 35
3311 34 36
3311 34 37
3311 34 38
3311 34 39
3311 34 40
3311 34 41
3311 34 42
3311 34 43
3311 34 44
3311 34 45
3311 34 46
3311 34 47
3311 34 48
3311 34 49
3311 34 50
3311 34 51
3311 35 36
3311 35 37
3311 35 38
3311 35 39
3311 35 40
3311 35 41
3311 35 42
3311 35 43
3311 35 44
3612 35 45
3612 35 46
3612 35 47
3612 35 48
3612 35 49
3612 35 50
3612 35 51
3612 36 37
3612 36 38
3612 36 39
3612 36 40
3612 36 41
3612 36 42
3612 36 43
3612 36 44
3612 36 45
3612 36 46
3612 36 47
3612 36 48
3612 36 49
3612 36 50
3612 36 51
3612 37 38
3612 37 39
3612 37 40
3612 37 41
3612 37 42
3612 37 43
3612 37 44
3612 37 45
3612 37 46
3913 157 173
3913 157 174
3913 157 175
3913 157 176
3913 157 177
3913 157 178
3913 158 159
3913 158 161
3913 158 162
3913 158 163
3913 158 164
3913 158 165
3913 158 166
3913 158 167
3913 158 168
3913 158 169
3913 158 170
3913 158 171
3913 158 172
3913 158 173
3913 158 174
3913 158 175
3913 158 176
3913 158 177
3913 158 178
3913 159 160
3913 159 161
3913 159 162
3913 159 163
3913 159 164
3913 159 165
4214 94 95
4214 94 96
4214 94 97
4214 95 96
4214 95 97
4214 96 97
4214 97 98
4214 98 99
4214 99 100
4214 100 101
4214 101 102
4214 102 103
4214 103 104
4214 103 122
4214 103 123
4214 103 124
4214 103 125
4214 103 126
4214 103 127
4214 103 128
4214 103 153
4214 103 178
4214 104 105
4214 104 119
4214 104 120
4214 104 121
4214 104 122
4214 104 123
4214 104 124
4214 104 125
4214 104 126
4515 87 91
4515 87 92
4515 87 93
4515 87 94
4515 87 95
4515 87 96
4515 87 97
4515 87 98
4515 87 99
4515 87 100
4515 87 101
4515 88 89
4515 88 90
4515 88 91
4515 88 92
4515 88 93
4515 88 94
4515 88 95
4515 88 96
4515 88 97
4515 88 98
4515 88 99
4515 88 100
4515 89 90
4515 89 91
4515 89 92
4515 89 93
4515 89 94
4515 89 95
4515 89 96
4515 89 97
4816 49 50
4816 50 51
4816 51 52
4816 52 53
4816 52 77
4816 52 78
4816 52 102
4816 52 103
4816 52 127
4816 52 128
4816 52 152
4816 52 153
4816 52 177
4816 52 178
4816 53 54
4816 53 71
4816 53 72
4816 53 73
4816 53 74
4816 53 75
4816 53 76
4816 53 77
4816 53 78
4816 53 103
4816 53 128
4816 53 152
4816 53 153
4816 53 177
4816 53 178
4816 54 55
4816 54 68
5117 137 150
5117 137 151
5117 138 139
5117 138 140
5117 138 141
5117 138 142
5117 138 143
5117 138 144
5117 138 145
5117 138 146
5117 138 147
5117 138 148
5117 138 149
5117 138 150
5117 138 151
5117 139 140
5117 139 141
5117 139 142
5117 139 143
5117 139 144
5117 139 145
5117 139 146
5117 139 147
5117 139 148
5117 139 149
5117 139 150
5117 140 141
5117 140 142
5117 140 143
5117 140 144
5117 140 145
5418 108 122
5418 108 123
5418 108 124
5418 108 125
5418 108 126
5418 108 127
5418 109 110
5418 109 111
5418 109 112
5418 109 113
5418 109 114
5418 109 115
5418 109 116
5418 109 117
5418 109 118
5418 109 119
5418 109 120
5418 109 121
5418 109 122
5418 109 123
5418 109 124
5418 109 125
5418 109 126
5418 109 127
5418 110 111
5418 110 112
5418 110 113
5418 110 114
5418 110 115
5418 110 116
5418 110 117
5719 140 146
5719 140 147
5719 140 148
5719 140 149
5719 140 150
5719 141 142
5719 141 143
5719 141 144
5719 141 145
5719 141 146
5719 141 147
5719 141 148
5719 141 149
5719 142 143
5719 142 144
5719 142 145
5719 142 146
5719 142 147
5719 142 148
5719 142 149
5719 143 144
5719 143 145
5719 143 146
5719 143 147
5719 143 148
5719 144 145
5719 144 146
5719 144 147
5719 144 148
5719 145 146
5719 145 147
6020 40 46
6020 40 47
6020 40 48
6020 40 49
6020 41 42
6020 41 43
6020 41 44
6020 41 45
6020 41 46
6020 41 47
6020 41 48
6020 41 49
6020 42 43
6020 42 44
6020 42 45
6020 42 46
6020 42 47
6020 42 48
6020 43 44
6020 43 45
6020 43 46
6020 43 47
6020 43 48
6020 44 45
6020 44 46
6020 44 47
6020 45 46
6020 45 47
6020 46 47
6020 47 48
6020 48 49
6321 106 128
6321 107 108
6321 107 112
6321 107 113
6321 107 114
6321 107 115
6321 107 116
6321 107 117
6321 107 118
6321 107 119
6321 107 120
6321 107 121
6321 107 122
6321 107 123
6321 107 124
6321 107 125
6321 107 126
6321 107 127
6321 108 109
6321 108 110
6321 108 111
6321 108 112
6321 108 113
6321 108 114
6321 108 115
6321 108 116
6321 108 117
6321 108 118
6321 108 119
6321 108 120
6321 108 121
6622 79 97
6622 79 98
6622 79 99
6622 79 100
6622 79 101
6622 79 102
6622 79 103
6622 80 81
6622 80 91
6622 80 92
6622 80 93
6622 80 94
6622 80 95
6622 80 96
6622 80 97
6622 80 98
6622 80 99
6622 80 100
6622 80 101
6622 80 102
6622 80 103
6622 81 82
6622 81 89
6622 81 90
6622 81 91
6622 81 92
6622 81 93
6622 81 94
6622 81 95
6622 81 96
6622 81 97
6923 5 27
6923 6 7
6923 6 13
6923 6 14
6923 6 15
6923 6 16
6923 6 17
6923 6 18
6923 6 19
6923 6 20
6923 6 21
6923 6 22
6923 6 23
6923 6 24
6923 6 25
6923 6 26
6923 6 27
6923 7 8
6923 7 11
6923 7 12
6923 7 13
6923 7 14
6923 7 15
6923 7 16
6923 7 17
6923 7 18
6923 7 19
6923 7 20
6923 7 21
6923 7 22
6923 7 23
7224 155 174
7224 155 175
7224 155 176
7224 155 177
7224 155 178
7224 156 157
7224 156 165
7224 156 166
7224 156 167
7224 156 168
7224 156 169
7224 156 170
7224 156 171
7224 156 172
7224 156 173
7224 156 174
7224 156 175
7224 156 176
7224 156 177
7224 156 178
7224 157 158
7224 157 163
7224 157 164
7224 157 165
7224 157 166
7224 157 167
7224 157 168
7224 157 169
7224 157 170
7224 157 171
7224 157 172
7525 7 24
7525 7 25
7525 7 26
7525 7 27
7525 8 9
7525 8 10
7525 8 11
7525 8 12
7525 8 13
7525 8 14
7525 8 15
7525 8 16
7525 8 17
7525 8 18
7525 8 19
7525 8 20
7525 8 21
7525 8 22
7525 8 23
7525 8 24
7525 8 25
7525 8 26
7525 8 27
7525 9 10
7525 9 11
7525 9 12
7525 9 13
7525 9 14
7525 9 15
7525 9 16
7525 9 17
7826 54 69
7826 54 70
7826 54 71
7826 54 72
7826 54 73
7826 54 74
7826 54 75
7826 54 76
7826 54 77
7826 54 78
7826 55 56
7826 55 66
7826 55 67
7826 55 68
7826 55 69
7826 55 70
7826 55 71
7826 55 72
7826 55 73
7826 55 74
7826 55 75
7826 55 76
7826 55 77
7826 56 57
7826 56 63
7826 56 64
7826 56 65
7826 56 66
7826 56 67
7826 56 68
7826 56 69
8127 85 89
8127 85 90
8127 85 91
8127 85 92
8127 85 93
8127 85 94
8127 85 95
8127 85 96
8127 85 97
8127 85 98
8127 85 99
8127 85 100
8127 85 101
8127 86 87
8127 86 88
8127 86 89
8127 86 90
8127 86 91
8127 86 92
8127 86 93
8127 86 94
8127 86 95
8127 86 96
8127 86 97
8127 86 98
8127 86 99
8127 86 100
8127 86 101
8127 87 88
8127 87 89
8127 87 90
8428 30 31
8428 30 40
8428 30 41
8428 30 42
8428 30 43
8428 30 44
8428 30 45
8428 30 46
8428 30 47
8428 30 48
8428 30 49
8428 30 50
8428 30 51
8428 30 52
8428 31 32
8428 31 38
8428 31 39
8428 31 40
8428 31 41
8428 31 42
8428 31 43
8428 31 44
8428 31 45
8428 31 46
8428 31 47
8428 31 48
8428 31 49
8428 31 50
8428 31 51
8428 31 52
8428 32 33
8729 110 118
8729 110 119
8729 110 120
8729 110 121
8729 110 122
8729 110 123
8729 110 124
8729 110 125
8729 110 126
8729 110 127
8729 111 112
8729 111 113
8729 111 114
8729 111 115
8729 111 116
8729 111 117
8729 111 118
8729 111 119
8729 111 120
8729 111 121
8729 111 122
8729 111 123
8729 111 124
8729 111 125
8729 111 126
8729 112 113
8729 112 114
8729 112 115
8729 112 116
8729 112 117
8729 112 118
9030 189 191
9030 189 192
9030 189 193
9030 189 194
9030 189 195
9030 189 196
9030 189 197
9030 189 198
9030 189 199
9030 190 191
9030 190 192
9030 190 193
9030 190 194
9030 190 195
9030 190 196
9030 190 197
9030 190 198
9030 190 199
9030 191 192
9030 191 193
9030 191 194
9030 191 195
9030 191 196
9030 191 197
9030 191 198
9030 191 199
9030 192 193
9030 192 194
9030 192 195
9030 192 196
9030 192 197
9331 115 116
9331 115 117
9331 115 118
9331 115 119
9331 115 120
9331 115 121
9331 115 122
9331 115 123
9331 115 124
9331 115 125
9331 116 117
9331 116 118
9331 116 119
9331 116 120
9331 116 121
9331 116 122
9331 116 123
9331 116 124
9331 117 118
9331 117 119
9331 117 120
9331 117 121
9331 117 122
9331 117 123
9331 117 124
9331 118 119
9331 118 120
9331 118 121
9331 118 122
9331 118 123
9331 119 120
9632 166 167
9632 166 168
9632 166 169
9632 166 170
9632 166 171
9632 166 172
9632 166 173
9632 166 174
9632 166 175
9632 167 168
9632 167 169
9632 167 170
9632 167 171
9632 167 172
9632 167 173
9632 167 174
9632 168 169
9632 168 170
9632 168 171
9632 168 172
9632 168 173
9632 168 174
9632 169 170
9632 169 171
9632 169 172
9632 169 173
9632 170 171
9632 170 172
9632 170 173
9632 171 172
9632 172 173
9933 163 167
9933 163 168
9933 163 169
9933 163 170
9933 163 171
9933 163 172
9933 163 173
9933 163 174
9933 163 175
9933 163 176
9933 164 165
9933 164 166
9933 164 167
9933 164 168
9933 164 169
9933 164 170
9933 164 171
9933 164 172
9933 164 173
9933 164 174
9933 164 175
9933 165 166
9933 165 167
9933 165 168
9933 165 169
9933 165 170
9933 165 171
9933 165 172
9933 165 173
9933 165 174
9933 165 175
10234 32 36
10234 32 37
10234 32 38
10234 32 39
10234 32 40
10234 32 41
10234 32 42
10234 32 43
10234 32 44
10234 32 45
10234 32 46
10234 32 47
10234 32 48
10234 32 49
10234 32 50
10234 32 51
10234 32 52
10234 33 34
10234 33 35
10234 33 36
10234 33 37
10234 33 38
10234 33 39
10234 33 40
10234 33 41
10234 33 42
10234 33 43
10234 33 44
10234 33 45
10234 33 46
10234 33 47
10535 184 189
10535 184 190
10535 184 191
10535 184 192
10535 184 193
10535 184 194
10535 184 195
10535 184 196
10535 184 197
10535 184 198
10535 184 199
10535 185 186
10535 185 187
10535 185 188
10535 185 189
10535 185 190
10535 185 191
10535 185 192
10535 185 193
10535 185 194
10535 185 195
10535 185 196
10535 185 197
10535 185 198
10535 185 199
10535 186 187
10535 186 188
10535 186 189
10535 186 190
10535 186 191
10535 186 192
10836 89 98
10836 89 99
10836 89 100
10836 90 91
10836 90 92
10836 90 93
10836 90 94
10836 90 95
10836 90 96
10836 90 97
10836 90 98
10836 90 99
10836 91 92
10836 91 93
10836 91 94
10836 91 95
10836 91 96
10836 91 97
10836 91 98
10836 91 99
10836 92 93
10836 92 94
10836 92 95
10836 92 96
10836 92 97
10836 92 98
10836 93 94
10836 93 95
10836 93 96
10836 93 97
10836 93 98
11137 83 93
11137 83 94
11137 83 95
11137 83 96
11137 83 97
11137 83 98
11137 83 99
11137 83 100
11137 83 101
11137 83 102
11137 84 85
11137 84 86
11137 84 87
11137 84 88
11137 84 89
11137 84 90
11137 84 91
11137 84 92
11137 84 93
11137 84 94
11137 84 95
11137 84 96
11137 84 97
11137 84 98
11137 84 99
11137 84 100
11137 84 101
11137 84 102
11137 85 86
11137 85 87
11137 85 88
11438 159 166
11438 159 167
11438 159 168
11438 159 169
11438 159 170
11438 159 171
11438 159 172
11438 159 173
11438 159 174
11438 159 175
11438 159 176
11438 159 177
11438 160 161
11438 160 162
11438 160 163
11438 160 164
11438 160 165
11438 160 166
11438 160 167
11438 160 168
11438 160 169
11438 160 170
11438 160 171
11438 160 172
11438 160 173
11438 160 174
11438 160 175
11438 160 176
11438 160 177
11438 161 162
11438 161 163
11739 119 121
11739 119 122
11739 119 123
11739 120 121
11739 120 122
11739 121 122
11739 122 123
11739 123 124
11739 124 125
11739 125 126
11739 126 127
11739 127 128
11739 128 129
11739 128 148
11739 128 149
11739 128 150
11739 128 151
11739 128 152
11739 128 153
11739 128 178
11739 129 130
11739 129 145
11739 129 146
11739 129 147
11739 129 148
11739 129 149
11739 129 150
11739 129 151
11739 129 152
11739 129 153
11739 130 131
12040 3 127
12040 3 128
12040 3 152
12040 3 153
12040 3 177
12040 3 178
12040 4 5
12040 4 17
12040 4 18
12040 4 19
12040 4 20
12040 4 21
12040 4 22
12040 4 23
12040 4 24
12040 4 25
12040 4 26
12040 4 27
12040 5 6
12040 5 15
12040 5 16
12040 5 17
12040 5 18
12040 5 19
12040 5 20
12040 5 21
12040 5 22
12040 5 23
12040 5 24
12040 5 25
12040 5 26
12341 186 193
12341 186 194
12341 186 195
12341 186 196
12341 186 197
12341 186 198
12341 186 199
12341 187 188
12341 187 189
12341 187 190
12341 187 191
12341 187 192
12341 187 193
12341 187 194
12341 187 195
12341 187 196
12341 187 197
12341 187 198
12341 187 199
12341 188 189
12341 188 190
12341 188 191
12341 188 192
12341 188 193
12341 188 194
12341 188 195
12341 188 196
12341 188 197
12341 188 198
12341 188 199
12341 189 190
12642 134 135
12642 134 136
12642 134 137
12642 134 138
12642 134 139
12642 134 140
12642 134 141
12642 134 142
12642 134 143
12642 134 144
12642 134 145
12642 134 146
12642 134 147
12642 134 148
12642 134 149
12642 134 150
12642 134 151
12642 134 152
12642 135 136
12642 135 137
12642 135 138
12642 135 139
12642 135 140
12642 135 141
12642 135 142
12642 135 143
12642 135 144
12642 135 145
12642 135 146
12642 135 147
12642 135 148
12943 64 69
12943 64 70
12943 64 71
12943 64 72
12943 64 73
12943 64 74
12943 64 75
12943 65 66
12943 65 67
12943 65 68
12943 65 69
12943 65 70
12943 65 71
12943 65 72
12943 65 73
12943 65 74
12943 66 67
12943 66 68
12943 66 69
12943 66 70
12943 66 71
12943 66 72
12943 66 73
12943 66 74
12943 67 68
12943 67 69
12943 67 70
12943 67 71
12943 67 72
12943 67 73
12943 68 69
13244 17 20
13244 17 21
13244 17 22
13244 17 23
13244 18 19
13244 18 20
13244 18 21
13244 18 22
13244 19 20
13244 19 21
13244 19 22
13244 20 21
13244 21 22
13244 22 23
13244 23 24
13244 24 25
13244 25 26
13244 26 27
13244 27 28
13244 27 50
13244 27 51
13244 27 52
13244 27 77
13244 27 78
13244 27 102
13244 27 103
13244 27 127
13244 27 128
13244 27 152
13244 27 153
13244 27 177
13545 11 18
13545 11 19
13545 11 20
13545 11 21
13545 11 22
13545 11 23
13545 11 24
13545 11 25
13545 11 26
13545 12 13
13545 12 14
13545 12 15
13545 12 16
13545 12 17
13545 12 18
13545 12 19
13545 12 20
13545 12 21
13545 12 22
13545 12 23
13545 12 24
13545 12 25
13545 13 14
13545 13 15
13545 13 16
13545 13 17
13545 13 18
13545 13 19
13545 13 20
13545 13 21
13545 13 22
13846 68 70
13846 68 71
13846 68 72
13846 68 73
13846 69 70
13846 69 71
13846 69 72
13846 70 71
13846 70 72
13846 71 72
13846 72 73
13846 73 74
13846 74 75
13846 75 76
13846 76 77
13846 77 78
13846 78 79
13846 78 97
13846 78 98
13846 78 99
13846 78 100
13846 78 101
13846 78 102
13846 78 103
13846 78 128
13846 78 153
13846 78 178
13846 79 80
13846 79 94
13846 79 95
13846 79 96
14147 0 1
14147 1 2
14147 2 3
14147 2 24
14147 2 25
14147 2 26
14147 2 27
14147 2 52
14147 2 77
14147 2 78
14147 2 102
14147 2 103
14147 2 127
14147 2 128
14147 2 152
14147 2 153
14147 2 177
14147 2 178
14147 3 4
14147 3 20
14147 3 21
14147 3 22
14147 3 23
14147 3 24
14147 3 25
14147 3 26
14147 3 27
14147 3 77
14147 3 78
14147 3 102
14147 3 103
14448 13 23
14448 13 24
14448 13 25
14448 14 15
14448 14 16
14448 14 17
14448 14 18
14448 14 19
14448 14 20
14448 14 21
14448 14 22
14448 14 23
14448 14 24
14448 15 16
14448 15 17
14448 15 18
14448 15 19
14448 15 20
14448 15 21
14448 15 22
14448 15 23
14448 15 24
14448 16 17
14448 16 18
14448 16 19
14448 16 20
14448 16 21
14448 16 22
14448 16 23
14448 17 18
14448 17 19
14749 112 119
14749 112 120
14749 112 121
14749 112 122
14749 112 123
14749 112 124
14749 112 125
14749 112 126
14749 113 114
14749 113 115
14749 113 116
14749 113 117
14749 113 118
14749 113 119
14749 113 120
14749 113 121
14749 113 122
14749 113 123
14749 113 124
14749 113 125
14749 114 115
14749 114 116
14749 114 117
14749 114 118
14749 114 119
14749 114 120
14749 114 121
14749 114 122
14749 114 123
14749 114 124
14749 114 125
15050 27 178
15050 28 29
15050 28 45
15050 28 46
15050 28 47
15050 28 48
15050 28 49
15050 28 50
15050 28 51
15050 28 52
15050 28 77
15050 28 78
15050 28 102
15050 28 103
15050 28 127
15050 28 128
15050 28 152
15050 28 153
15050 28 177
15050 28 178
15050 29 30
15050 29 43
15050 29 44
15050 29 45
15050 29 46
15050 29 47
15050 29 48
15050 29 49
15050 29 50
15050 29 51
15050 29 52
15351 192 198
15351 192 199
15351 193 194
15351 193 195
15351 193 196
15351 193 197
15351 193 198
15351 193 199
15351 194 195
15351 194 196
15351 194 197
15351 194 198
15351 195 196
15351 195 197
15351 195 198
15351 196 197
15351 197 198
15351 198 199
15652 182 188
15652 182 189
15652 182 190
15652 182 191
15652 182 192
15652 182 193
15652 182 194
15652 182 195
15652 182 196
15652 182 197
15652 182 198
15652 182 199
15652 183 184
15652 183 186
15652 183 187
15652 183 188
15652 183 189
15652 183 190
15652 183 191
15652 183 192
15652 183 193
15652 183 194
15652 183 195
15652 183 196
15652 183 197
15652 183 198
15652 183 199
15652 184 185
15652 184 186
15652 184 187
15652 184 188
15953 9 18
15953 9 19
15953 9 20
15953 9 21
15953 9 22
15953 9 23
15953 9 24
15953 9 25
15953 9 26
15953 10 11
15953 10 12
15953 10 13
15953 10 14
15953 10 15
15953 10 16
15953 10 17
15953 10 18
15953 10 19
15953 10 20
15953 10 21
15953 10 22
15953 10 23
15953 10 24
15953 10 25
15953 10 26
15953 11 12
15953 11 13
15953 11 14
15953 11 15
15953 11 16
15953 11 17
16254 173 174
16254 174 175
16254 175 176
16254 176 177
16254 177 178
16254 178 179
16254 178 199
16254 179 180
16254 179 196
16254 179 197
16254 179 198
16254 179 199
16254 180 181
16254 180 193
16254 180 194
16254 180 195
16254 180 196
16254 180 197
16254 180 198
16254 180 199
16254 181 182
16254 181 191
16254 181 192
16254 181 193
16254 181 194
16254 181 195
16254 181 196
16254 181 197
16254 181 198
16254 181 199
16254 182 183
16555 135 149
16555 135 150
16555 135 151
16555 135 152
16555 136 137
16555 136 138
16555 136 139
16555 136 140
16555 136 141
16555 136 142
16555 136 143
16555 136 144
16555 136 145
16555 136 146
16555 136 147
16555 136 148
16555 136 149
16555 136 150
16555 136 151
16555 137 138
16555 137 139
16555 137 140
16555 137 141
16555 137 142
16555 137 143
16555 137 144
16555 137 145
16555 137 146
16555 137 147
16555 137 148
16555 137 149
0 138 144
0 138 145
1.5 155 170
1.5 155 171
3.0 105 106
3.0 105 116
4.5 107 121
4.5 107 122
6.0 74 75
6.0 75 76
7.5 112 121
7.5 112 122
9.0 80 98
9.0 80 99
10.5 12 19
10.5 12 20
12.0 128 151
12.0 128 152
13.5 9 24
13.5 9 25
15.0 156 173
15.0 156 174
16.5 92 93
16.5 92 94
18.0 161 165
18.0 161 166
19.5 92 95
19.5 92 96
21.0 37 44
21.0 37 45
22.5 198 199
24.0 3 4
24.0 3 20
25.5 115 119
25.5 115 120
27.0 135 151
27.0 135 152
28.5 53 177
28.5 53 178
30.0 94 96
30.0 94 97
31.5 162 170
31.5 162 171
33.0 33 43
33.0 33 44
34.5 53 71
34.5 53 72
36.0 80 100
36.0 80 101
37.5 81 98
37.5 81 99
39.0 84 96
39.0 84 97
40.5 57 63
40.5 57 64
42.0 185 197
42.0 185 198
43.5 116 118
43.5 116 119
45.0 81 94
45.0 81 95
46.5 133 136
46.5 133 137
48.0 59 64
48.0 59 65
49.5 122 123
49.5 123 124
51.0 56 75
51.0 56 76
52.5 110 121
52.5 110 122
54.0 4 25
54.0 4 26
55.5 136 151
55.5 137 138
57.0 126 127
57.0 127 128
58.5 130 149
58.5 130 150
60.0 113 118
60.0 113 119
61.5 32 46
61.5 32 47
63.0 63 67
63.0 63 68
64.5 59 62
64.5 59 63
66.0 91 98
66.0 91 99
67.5 57 61
67.5 57 62
69.0 87 92
69.0 87 93
70.5 192 193
70.5 192 194
72.0 87 98
72.0 87 99
73.5 112 115
73.5 112 116
75.0 114 123
75.0 114 124
76.5 108 120
76.5 108 121
78.0 34 35
78.0 34 36
79.5 81 102
79.5 82 83
81.0 34 47
81.0 34 48
82.5 181 194
82.5 181 195
84.0 84 94
84.0 84 95
85.5 67 71
85.5 67 72
87.0 35 39
87.0 35 40
88.5 27 128
88.5 27 152
90.0 37 42
90.0 37 43
91.5 109 124
91.5 109 125
93.0 184 187
93.0 184 188
94.5 111 115
94.5 111 116
96.0 180 196
96.0 180 197
97.5 41 48
97.5 41 49
99.0 84 86
99.0 84 87
100.5 39 47
100.5 39 48
102.0 181 196
102.0 181 197
103.5 10 16
103.5 10 17
105.0 72 73
105.0 73 74
106.5 160 173
106.5 160 174
108.0 194 198
108.0 195 196
109.5 182 183
109.5 182 188
111.0 138 142
111.0 138 143
112.5 110 111
112.5 110 112
114.0 56 77
114.0 57 58
115.5 37 48
115.5 37 49
117.0 62 72
117.0 62 73
118.5 133 152
118.5 134 135
120.0 79 100
120.0 79 101
121.5 41 44
121.5 41 45
123.0 164 167
123.0 164 168
124.5 89 96
124.5 89 97
126.0 181 182
126.0 181 191
127.5 63 73
127.5 63 74
129.0 157 170
129.0 157 171
130.5 9 10
130.5 9 11
132.0 59 70
132.0 59 71
133.5 91 92
133.5 91 93
135.0 131 152
135.0 131 153
136.5 109 116
136.5 109 117
138.0 87 90
138.0 87 91
139.5 2 77
139.5 2 78
141.0 8 26
141.0 8 27
142.5 105 123
142.5 105 124
144.0 27 78
144.0 27 102
145.5 34 51
145.5 35 36
147.0 43 46
147.0 43 47
148.5 184 195
148.5 184 196
150.0 7 21
150.0 7 22
151.5 184 193
151.5 184 194
153.0 83 100
153.0 83 101
154.5 6 21
154.5 6 22
156.0 157 164
156.0 157 165
157.5 182 197
157.5 182 198
159.0 81 82
159.0 81 89
160.5 137 143
160.5 137 144
162.0 88 99
162.0 88 100
163.5 66 74
163.5 67 68
165.0 155 156
165.0 155 167
166.5 139 148
166.5 139 149
168.0 4 23
168.0 4 24
169.5 62 68
169.5 62 69
171.0 182 193
171.0 182 194
172.5 106 121
172.5 106 122
174.0 57 75
174.0 57 76
175.5 79 96
175.5 79 97
177.0 137 151
177.0 138 139
178.5 57 67
178.5 57 68
180.0 3 23
180.0 3 24
181.5 118 123
181.5 119 120
183.0 29 46
183.0 29 47
184.5 155 172
184.5 155 173
186.0 8 10
186.0 8 11
187.5 86 88
187.5 86 89
189.0 138 150
189.0 138 151
190.5 10 18
190.5 10 19
192.0 161 177
192.0 162 163
193.5 116 120
193.5 116 121
195.0 85 95
195.0 85 96
196.5 191 194
196.5 191 195
198.0 39 45
198.0 39 46
199.5 24 25
199.5 25 26
201.0 38 50
201.0 39 40
202.5 31 40
202.5 31 41
204.0 82 99
204.0 82 100
205.5 133 148
205.5 133 149
207.0 80 92
207.0 80 93
208.5 53 77
208.5 53 78
210.0 6 23
210.0 6 24
211.5 166 172
211.5 166 173
213.0 8 22
213.0 8 23
214.5 58 62
214.5 58 63
216.0 87 88
216.0 87 89
217.5 116 124
217.5 117 118
219.0 84 90
219.0 84 91
220.5 136 139
220.5 136 140
222.0 159 166
222.0 159 167
223.5 106 127
223.5 106 128
225.0 104 123
225.0 104 124
226.5 137 149
226.5 137 150
228.0 188 197
228.0 188 198
229.5 64 66
229.5 64 67
231.0 134 142
231.0 134 143
232.5 90 94
232.5 90 95
234.0 14 22
234.0 14 23
235.5 108 126
235.5 108 127
237.0 106 119
237.0 106 120
238.5 9 22
238.5 9 23
240.0 55 69
240.0 55 70
241.5 46 47
241.5 47 48
243.0 13 23
243.0 13 24
244.5 135 147
244.5 135 148
246.0 138 146
246.0 138 147
247.5 3 25
247.5 3 26
249.0 89 94
249.0 89 95
250.5 3 128
250.5 3 152
252.0 168 172
252.0 168 173
253.5 187 198
253.5 187 199
255.0 9 14
255.0 9 15
256.5 141 145
256.5 141 146
258.0 61 74
258.0 61 75
259.5 119 123
259.5 120 121
261.0 161 175
261.0 161 176
262.5 32 38
262.5 32 39
264.0 133 140
264.0 133 141
265.5 135 143
265.5 135 144
267.0 118 119
267.0 118 120
268.5 16 21
268.5 16 22
270.0 133 146
270.0 133 147
271.5 138 140
271.5 138 141
273.0 187 196
273.0 187 197
274.5 154 171
274.5 154 172
276.0 7 17
276.0 7 18
277.5 34 39
277.5 34 40
279.0 83 86
279.0 83 87
280.5 60 65
280.5 60 66
282.0 177 178
282.0 178 179
283.5 30 42
283.5 30 43
285.0 87 100
285.0 87 101
286.5 190 194
286.5 190 195
288.0 18 22
288.0 19 20
289.5 2 3
289.5 2 24
291.0 193 199
291.0 194 195
292.5 62 70
292.5 62 71
294.0 30 50
294.0 30 51
295.5 161 171
295.5 161 172
297.0 109 110
297.0 109 111
298.5 161 173
298.5 161 174
300.0 159 164
300.0 159 165
301.5 70 72
301.5 71 72
303.0 56 67
303.0 56 68
304.5 36 48
304.5 36 49
306.0 158 167
306.0 158 168
307.5 12 21
307.5 12 22
309.0 157 178
309.0 158 159
310.5 164 175
310.5 165 166
312.0 54 69
312.0 54 70
313.5 112 117
313.5 112 118
315.0 54 73
315.0 54 74
316.5 64 68
316.5 64 69
318.0 7 23
318.0 7 24
319.5 136 141
319.5 136 142
321.0 34 43
321.0 34 44
322.5 82 91
322.5 82 92
324.0 41 46
324.0 41 47
325.5 147 148
325.5 148 149
327.0 153 177
327.0 153 178
328.5 108 112
328.5 108 113
330.0 65 68
330.0 65 69
331.5 119 121
331.5 119 122
333.0 9 20
333.0 9 21
334.5 179 198
334.5 179 199
336.0 2 127
336.0 2 128
337.5 149 150
337.5 150 151
339.0 58 64
339.0 58 65
340.5 7 11
340.5 7 12
342.0 184 197
342.0 184 198
343.5 8 18
343.5 8 19
345.0 5 21
345.0 5 22
346.5 154 177
346.5 154 178
348.0 36 46
348.0 36 47
349.5 115 117
349.5 115 118
351.0 80 102
351.0 80 103
352.5 192 199
352.5 193 194
354.0 135 145
354.0 135 146
355.5 87 94
355.5 87 95
357.0 84 98
357.0 84 99
358.5 64 70
358.5 64 71
360.0 8 12
360.0 8 13
361.5 31 48
361.5 31 49
363.0 54 71
363.0 54 72
364.5 186 194
364.5 186 195
366.0 28 127
366.0 28 128
367.5 84 92
367.5 84 93
369.0 88 89
369.0 88 90
370.5 164 165
370.5 164 166
372.0 109 122
372.0 109 123
373.5 137 141
373.5 137 142
375.0 53 73
375.0 53 74
376.5 85 101
376.5 86 87
378.0 50 51
378.0 51 52
379.5 111 117
379.5 111 118
381.0 187 190
381.0 187 191
382.5 104 125
382.5 104 126
384.0 194 196
384.0 194 197
385.5 186 192
385.5 186 193
387.0 157 168
387.0 157 169
388.5 83 94
388.5 83 95
390.0 83 84
390.0 83 85
391.5 82 89
391.5 82 90
393.0 184 189
393.0 184 190
394.5 111 121
394.5 111 122
396.0 107 115
396.0 107 116
397.5 110 125
397.5 110 126
399.0 188 199
399.0 189 190
400.5 11 21
400.5 11 22
402.0 35 37
402.0 35 38
403.5 84 102
403.5 85 86
405.0 61 72
405.0 61 73
406.5 139 144
406.5 139 145
408.0 68 70
408.0 68 71
409.5 103 128
409.5 103 153
411.0 55 67
411.0 55 68
412.5 179 196
412.5 179 197
414.0 113 122
414.0 113 123
415.5 102 103
415.5 103 104
417.0 28 152
417.0 28 153
418.5 35 49
418.5 35 50
420.0 163 173
420.0 163 174
421.5 131 142
421.5 131 143
423.0 14 18
423.0 14 19
424.5 134 146
424.5 134 147
426.0 189 195
426.0 189 196
427.5 112 113
427.5 112 114
429.0 184 199
429.0 185 186
430.5 0 1
430.5 1 2
432.0 167 168
432.0 167 169
433.5 85 91
433.5 85 92
435.0 85 89
435.0 85 90
436.5 57 73
436.5 57 74
438.0 52 128
438.0 52 152
439.5 88 93
439.5 88 94
441.0 132 147
441.0 132 148
442.5 185 187
442.5 185 188
444.0 133 138
444.0 133 139
445.5 12 15
445.5 12 16
447.0 28 49
447.0 28 50
448.5 106 123
448.5 106 124
450.0 153 154
450.0 153 174
451.5 33 49
451.5 33 50
453.0 193 195
453.0 193 196
454.5 145 147
454.5 146 147
456.0 82 97
456.0 82 98
457.5 186 196
457.5 186 197
459.0 28 177
459.0 28 178
460.5 31 50
460.5 31 51
462.0 134 136
462.0 134 137
463.5 111 123
463.5 111 124
465.0 114 119
465.0 114 120
466.5 59 66
466.5 59 67
468.0 58 68
468.0 58 69
469.5 135 149
469.5 135 150
471.0 161 167
471.0 161 168
472.5 14 16
472.5 14 17
474.0 27 50
474.0 27 51
475.5 15 19
475.5 15 20
477.0 83 102
477.0 84 85
478.5 135 137
478.5 135 138
480.0 63 65
480.0 63 66
481.5 105 125
481.5 105 126
483.0 36 50
483.0 36 51
484.5 10 12
484.5 10 13
486.0 32 50
486.0 32 51
487.5 32 52
487.5 33 34
489.0 129 146
489.0 129 147
490.5 88 95
490.5 88 96
492.0 13 19
492.0 13 20
493.5 109 126
493.5 109 127
495.0 139 146
495.0 139 147
496.5 7 15
496.5 7 16
498.0 34 41
498.0 34 42
499.5 130 153
499.5 131 132
501.0 112 123
501.0 112 124
502.5 31 44
502.5 31 45
504.0 112 119
504.0 112 120
505.5 160 165
505.5 160 166
507.0 36 44
507.0 36 45
508.5 156 165
508.5 156 166
510.0 42 47
510.0 42 48
511.5 159 176
511.5 159 177
513.0 167 170
513.0 167 171
514.5 136 149
514.5 136 150
516.0 140 146
516.0 140 147
517.5 38 44
517.5 38 45
519.0 162 172
519.0 162 173
520.5 39 49
520.5 40 41
522.0 139 150
522.0 140 141
523.5 111 113
523.5 111 114
525.0 191 192
525.0 191 193
526.5 187 192
526.5 187 193
528.0 134 152
528.0 135 136
529.5 82 93
529.5 82 94
531.0 53 75
531.0 53 76
532.5 137 145
532.5 137 146
534.0 56 63
534.0 56 64
535.5 29 50
535.5 29 51
537.0 118 121
537.0 118 122
538.5 105 117
538.5 105 118
540.0 166 170
540.0 166 171
541.5 15 17
541.5 15 18
543.0 60 75
543.0 60 76
544.5 107 127
544.5 108 109
546.0 167 172
546.0 167 173
547.5 10 26
547.5 11 12
549.0 158 169
549.0 158 170
550.5 36 40
550.5 36 41
552.0 168 174
552.0 169 170
553.5 155 176
553.5 155 177
555.0 83 98
555.0 83 99
556.5 107 113
556.5 107 114
558.0 89 98
558.0 89 99
559.5 154 173
559.5 154 174
561.0 114 115
561.0 114 116
562.5 136 145
562.5 136 146
564.0 184 191
564.0 184 192
565.5 85 97
565.5 85 98
567.0 8 20
567.0 8 21
568.5 32 40
568.5 32 41
570.0 33 37
570.0 33 38
571.5 45 46
571.5 45 47
573.0 16 17
573.0 16 18
574.5 33 47
574.5 33 48
576.0 9 18
576.0 9 19
577.5 60 63
577.5 60 64
579.0 178 199
579.0 179 180
580.5 142 144
580.5 142 145
582.0 52 103
582.0 52 127
583.5 13 21
583.5 13 22
585.0 175 176
585.0 176 177
586.5 66 68
586.5 66 69
588.0 11 15
588.0 11 16
589.5 111 125
589.5 111 126
591.0 134 148
591.0 134 149
592.5 163 167
592.5 163 168
594.0 38 40
594.0 38 41
595.5 137 147
595.5 137 148
597.0 29 52
597.0 30 31
598.5 6 17
598.5 6 18
600.0 186 188
600.0 186 189
601.5 8 16
601.5 8 17
603.0 143 146
603.0 143 147
604.5 107 108
604.5 107 112
606.0 162 166
606.0 162 167
607.5 166 174
607.5 166 175
609.0 134 138
609.0 134 139
610.5 57 77
610.5 58 59
612.0 134 150
612.0 134 151
613.5 161 163
613.5 161 164
615.0 12 13
615.0 12 14
616.5 33 45
616.5 33 46
618.0 13 25
618.0 14 15
619.5 28 51
619.5 28 52
621.0 55 75
621.0 55 76
622.5 192 195
622.5 192 196
624.0 19 21
624.0 19 22
625.5 31 52
625.5 32 33
627.0 189 193
627.0 189 194
628.5 2 102
628.5 2 103
630.0 170 172
630.0 170 173
631.5 131 148
631.5 131 149
633.0 57 65
633.0 57 66
634.5 60 67
634.5 60 68
636.0 131 150
636.0 131 151
637.5 32 42
637.5 32 43
639.0 12 25
639.0 13 14
640.5 182 189
640.5 182 190
642.0 28 45
642.0 28 46
643.5 157 176
643.5 157 177
645.0 17 19
645.0 17 20
646.5 186 190
646.5 186 191
648.0 110 115
648.0 110 116
649.5 141 143
649.5 141 144
651.0 196 197
651.0 197 198
652.5 158 173
652.5 158 174
654.0 109 114
654.0 109 115
655.5 11 23
655.5 11 24
657.0 128 129
657.0 128 148
658.5 83 90
658.5 83 91
660.0 3 27
660.0 3 77
661.5 107 123
661.5 107 124
663.0 66 70
663.0 66 71
664.5 27 153
664.5 27 177
666.0 190 198
666.0 190 199
667.5 183 192
667.5 183 193
669.0 89 90
669.0 89 91
670.5 132 145
670.5 132 146
672.0 158 163
672.0 158 164
673.5 181 192
673.5 181 193
675.0 160 161
675.0 160 162
676.5 80 81
676.5 80 91
678.0 6 27
678.0 7 8
679.5 160 171
679.5 160 172
681.0 29 44
681.0 29 45
682.5 132 143
682.5 132 144
684.0 111 119
684.0 111 120
685.5 156 169
685.5 156 170
687.0 44 46
687.0 44 47
688.5 140 148
688.5 140 149
690.0 132 141
690.0 132 142
691.5 115 121
691.5 115 122
693.0 69 70
693.0 69 71
694.5 56 71
694.5 56 72
696.0 48 49
696.0 49 50
697.5 163 169
697.5 163 170
699.0 84 88
699.0 84 89
700.5 15 21
700.5 15 22
702.0 40 42
702.0 40 43
703.5 186 198
703.5 186 199
705.0 54 75
705.0 54 76
706.5 110 113
706.5 110 114
708.0 81 100
708.0 81 101
709.5 114 117
709.5 114 118
711.0 165 171
711.0 165 172
712.5 160 167
712.5 160 168
714.0 3 103
714.0 3 127
715.5 160 177
715.5 161 162
717.0 13 15
717.0 13 16
718.5 57 71
718.5 57 72
720.0 10 14
720.0 10 15
721.5 28 77
721.5 28 78
723.0 27 178
723.0 28 29
724.5 55 56
724.5 55 66
726.0 135 141
726.0 135 142
727.5 192 197
727.5 192 198
729.0 180 194
729.0 180 195
730.5 82 87
730.5 82 88
732.0 68 72
732.0 68 73
733.5 76 77
733.5 77 78
735.0 189 199
735.0 190 191
736.5 81 92
736.5 81 93
738.0 14 20
738.0 14 21
739.5 80 96
739.5 80 97
741.0 129 152
741.0 129 153
742.5 38 42
742.5 38 43
744.0 4 17
744.0 4 18
745.5 85 99
745.5 85 100
747.0 86 92
747.0 86 93
748.5 110 123
748.5 110 124
750.0 42 45
750.0 42 46
751.5 53 103
751.5 53 128
753.0 157 158
753.0 157 163
754.5 3 153
754.5 3 177
756.0 12 17
756.0 12 18
757.5 129 130
757.5 129 145
759.0 163 175
759.0 163 176
760.5 135 139
760.5 135 140
762.0 8 24
762.0 8 25
763.5 7 25
763.5 7 26
765.0 59 74
765.0 59 75
766.5 130 145
766.5 130 146
768.0 33 35
768.0 33 36
769.5 86 94
769.5 86 95
771.0 39 43
771.0 39 44
772.5 5 17
772.5 5 18
774.0 165 175
774.0 166 167
775.5 6 19
775.5 6 20
777.0 115 123
777.0 115 124
778.5 10 20
778.5 10 21
780.0 134 140
780.0 134 141
781.5 11 19
781.5 11 20
783.0 58 60
783.0 58 61
784.5 7 19
784.5 7 20
786.0 91 96
786.0 91 97
787.5 136 137
787.5 136 138
789.0 16 19
789.0 16 20
790.5 100 101
790.5 101 102
792.0 2 27
792.0 2 52
793.5 43 44
793.5 43 45
795.0 59 76
795.0 59 77
796.5 67 69
796.5 67 70
798.0 17 23
798.0 18 19
799.5 161 169
799.5 161 170
801.0 165 169
801.0 165 170
802.5 93 94
802.5 93 95
804.0 107 117
804.0 107 118
805.5 5 27
805.5 6 7
807.0 2 177
807.0 2 178
808.5 16 23
808.5 17 18
810.0 141 149
810.0 142 143
811.5 35 43
811.5 35 44
813.0 108 110
813.0 108 111
814.5 109 120
814.5 109 121
816.0 105 121
816.0 105 122
817.5 165 167
817.5 165 168
819.0 78 98
819.0 78 99
820.5 89 100
820.5 90 91
822.0 82 101
822.0 82 102
823.5 98 99
823.5 99 100
825.0 188 195
825.0 188 196
826.5 56 65
826.5 56 66
828.0 165 173
828.0 165 174
829.5 37 50
829.5 38 39
831.0 169 173
831.0 170 171
832.5 10 24
832.5 10 25
834.0 114 121
834.0 114 122
835.5 79 94
835.5 79 95
837.0 108 114
837.0 108 115
838.5 56 69
838.5 56 70
840.0 42 43
840.0 42 44
841.5 82 95
841.5 82 96
843.0 88 97
843.0 88 98
844.5 130 131
844.5 130 142
846.0 159 162
846.0 159 163
847.5 120 122
847.5 121 122
849.0 136 147
849.0 136 148
850.5 60 69
850.5 60 70
852.0 103 122
852.0 103 123
853.5 181 198
853.5 181 199
855.0 112 125
855.0 112 126
856.5 84 100
856.5 84 101
858.0 106 107
858.0 106 114
859.5 105 119
859.5 105 120
861.0 157 172
861.0 157 173
862.5 95 96
862.5 95 97
864.0 52 153
864.0 52 177
865.5 63 69
865.5 63 70
867.0 79 102
867.0 79 103
868.5 38 46
868.5 38 47
870.0 142 148
870.0 142 149
871.5 61 64
871.5 61 65
873.0 169 171
873.0 169 172
874.5 32 44
874.5 32 45
876.0 141 147
876.0 141 148
877.5 5 15
877.5 5 16
879.0 78 128
879.0 78 153
880.5 9 12
880.5 9 13
882.0 182 199
882.0 183 184
883.5 158 161
883.5 158 162
885.0 103 124
885.0 103 125
886.5 158 177
886.5 158 178
888.0 38 48
888.0 38 49
889.5 30 40
889.5 30 41
891.0 162 174
891.0 162 175
892.5 4 21
892.5 4 22
894.0 140 144
894.0 140 145
895.5 171 172
895.5 172 173
897.0 54 55
897.0 54 68
898.5 4 27
898.5 5 6
900.0 156 175
900.0 156 176
901.5 159 172
901.5 159 173
903.0 162 168
903.0 162 169
904.5 28 102
904.5 28 103
906.0 164 169
906.0 164 170
907.5 110 117
907.5 110 118
909.0 182 191
909.0 182 192
910.5 137 139
910.5 137 140
912.0 115 125
912.0 116 117
913.5 182 195
913.5 182 196
915.0 90 98
915.0 90 99
916.5 167 174
916.5 168 169
918.0 131 146
918.0 131 147
919.5 59 60
919.5 59 61
921.0 139 142
921.0 139 143
922.5 153 175
922.5 153 176
924.0 53 152
924.0 53 153
925.5 154 155
925.5 154 170
927.0 108 124
927.0 108 125
928.5 163 171
928.5 163 172
930.0 52 53
930.0 52 77
931.5 22 23
931.5 23 24
933.0 83 88
933.0 83 89
934.5 191 198
934.5 191 199
936.0 104 121
936.0 104 122
937.5 8 14
937.5 8 15
939.0 52 78
939.0 52 102
940.5 41 42
940.5 41 43
942.0 138 148
942.0 138 149
943.5 190 196
943.5 190 197
945.0 78 178
945.0 79 80
946.5 143 148
946.5 144 145
948.0 80 94
948.0 80 95
949.5 34 37
949.5 34 38
951.0 10 22
951.0 10 23
952.5 193 197
952.5 193 198
954.0 31 38
954.0 31 39
955.5 11 25
955.5 11 26
957.0 166 168
957.0 166 169
958.5 140 150
958.5 141 142
960.0 164 173
960.0 164 174
961.5 37 40
961.5 37 41
963.0 108 116
963.0 108 117
964.5 6 13
964.5 6 14
966.0 62 74
966.0 62 75
967.5 107 119
967.5 107 120
969.0 104 127
969.0 104 128
970.5 5 23
970.5 5 24
972.0 162 176
972.0 163 164
973.5 156 167
973.5 156 168
975.0 31 46
975.0 31 47
976.5 159 160
976.5 159 161
978.0 180 181
978.0 180 193
979.5 52 178
979.5 53 54
981.0 131 144
981.0 131 145
982.5 88 91
982.5 88 92
984.0 11 17
984.0 11 18
985.5 40 48
985.5 40 49
987.0 157 174
987.0 157 175
988.5 107 125
988.5 107 126
990.0 30 52
990.0 31 32
991.5 65 70
991.5 65 71
993.0 104 119
993.0 104 120
994.5 85 93
994.5 85 94
996.0 3 78
996.0 3 102
997.5 132 149
997.5 132 150
999.0 60 73
999.0 60 74
1000.5 133 150
1000.5 133 151
1002.0 155 174
1002.0 155 175
1003.5 128 153
1003.5 128 178
1005.0 62 76
1005.0 63 64
1006.5 12 23
1006.5 12 24
1008.0 185 193
1008.0 185 194
1009.5 93 98
1009.5 94 95
1011.0 33 51
1011.0 33 52
1012.5 2 25
1012.5 2 26
1014.0 130 143
1014.0 130 144
1015.5 103 126
1015.5 103 127
1017.0 59 68
1017.0 59 69
1018.5 81 90
1018.5 81 91
1020.0 91 94
1020.0 91 95
1021.5 83 92
1021.5 83 93
1023.0 185 195
1023.0 185 196
1024.5 185 189
1024.5 185 190
1026.0 4 19
1026.0 4 20
1027.5 58 66
1027.5 58 67
1029.0 93 96
1029.0 93 97
1030.5 155 178
1030.5 156 157
1032.0 36 42
1032.0 36 43
1033.5 187 194
1033.5 187 195
1035.0 184 185
1035.0 184 186
1036.5 3 178
1036.5 4 5
1038.0 57 69
1038.0 57 70
1039.5 168 170
1039.5 168 171
1041.0 87 96
1041.0 87 97
1042.5 195 197
1042.5 195 198
1044.0 160 175
1044.0 160 176
1045.5 129 150
1045.5 129 151
1047.0 9 26
1047.0 10 11
1048.5 20 21
1048.5 21 22
1050.0 132 133
1050.0 132 138
1051.5 18 20
1051.5 18 21
1053.0 144 146
1053.0 144 147
1054.5 32 36
1054.5 32 37
1056.0 139 140
1056.0 139 141
1057.5 105 127
1057.5 105 128
1059.0 158 171
1059.0 158 172
1060.5 133 144
1060.5 133 145
1062.0 14 24
1062.0 15 16
1063.5 32 48
1063.5 32 49
1065.0 55 77
1065.0 56 57
1066.5 131 140
1066.5 131 141
1068.0 27 103
1068.0 27 127
1069.5 187 188
1069.5 187 189
1071.0 133 142
1071.0 133 143
1072.5 7 13
1072.5 7 14
1074.0 78 100
1074.0 78 101
1075.5 58 76
1075.5 58 77
1077.0 13 17
1077.0 13 18
1078.5 61 76
1078.5 62 63
1080.0 36 38
1080.0 36 39
1081.5 188 189
1081.5 188 190
1083.0 183 188
1083.0 183 189
1084.5 30 44
1084.5 30 45
1086.0 61 62
1086.0 61 63
1087.5 81 96
1087.5 81 97
1089.0 5 25
1089.0 5 26
1090.5 163 165
1090.5 163 166
1092.0 86 96
1092.0 86 97
1093.5 31 42
1093.5 31 43
1095.0 159 170
1095.0 159 171
1096.5 142 146
1096.5 142 147
1098.0 124 125
1098.0 125 126
1099.5 130 151
1099.5 130 152
1101.0 35 51
1101.0 36 37
1102.5 29 48
1102.5 29 49
1104.0 60 61
1104.0 60 62
1105.5 136 143
1105.5 136 144
1107.0 110 119
1107.0 110 120
1108.5 109 118
1108.5 109 119
1110.0 15 23
1110.0 15 24
1111.5 37 46
1111.5 37 47
1113.0 34 45
1113.0 34 46
1114.5 5 19
1114.5 5 20
1116.0 183 190
1116.0 183 191
1117.5 27 52
1117.5 27 77
1119.0 92 97
1119.0 92 98
1120.5 28 47
1120.5 28 48
1122.0 64 74
1122.0 64 75
1123.5 69 72
1123.5 70 71
1125.0 134 144
1125.0 134 145
1126.5 143 144
1126.5 143 145
1128.0 61 66
1128.0 61 67
1129.5 65 66
1129.5 65 67
1131.0 58 74
1131.0 58 75
1132.5 106 125
1132.5 106 126
1134.0 30 48
1134.0 30 49
1135.5 160 163
1135.5 160 164
1137.0 90 92
1137.0 90 93
1138.5 83 96
1138.5 83 97
1140.0 144 148
1140.0 145 146
1141.5 37 38
1141.5 37 39
1143.0 183 186
1143.0 183 187
1144.5 63 71
1144.5 63 72
1146.0 39 41
1146.0 39 42
1147.5 183 194
1147.5 183 195
1149.0 78 79
1149.0 78 97
1150.5 129 148
1150.5 129 149
1152.0 185 191
1152.0 185 192
1153.5 132 153
1153.5 133 134
1155.0 58 70
1155.0 58 71
1156.5 33 39
1156.5 33 40
1158.0 113 116
1158.0 113 117
1159.5 106 115
1159.5 106 116
1161.0 113 120
1161.0 113 121
1162.5 180 198
1162.5 180 199
1164.0 61 70
1164.0 61 71
1165.5 6 25
1165.5 6 26
1167.0 86 98
1167.0 86 99
1168.5 155 168
1168.5 155 169
1170.0 62 64
1170.0 62 65
1171.5 117 119
1171.5 117 120
1173.0 86 100
1173.0 86 101
1174.5 108 118
1174.5 108 119
1176.0 191 196
1176.0 191 197
1177.5 35 45
1177.5 35 46
1179.0 33 41
1179.0 33 42
1180.5 109 112
1180.5 109 113
1182.0 160 169
1182.0 160 170
1183.5 158 175
1183.5 158 176
1185.0 132 151
1185.0 132 152
1186.5 162 164
1186.5 162 165
1188.0 56 73
1188.0 56 74
1189.5 188 193
1189.5 188 194
1191.0 157 166
1191.0 157 167
1192.5 78 102
1192.5 78 103
1194.0 156 171
1194.0 156 172
1195.5 26 27
1195.5 27 28
1197.0 86 90
1197.0 86 91
1198.5 183 196
1198.5 183 197
1200.0 85 87
1200.0 85 88
1201.5 96 97
1201.5 97 98
1203.0 66 72
1203.0 66 73
1204.5 54 77
1204.5 54 78
1206.0 159 168
1206.0 159 169
1207.5 40 46
1207.5 40 47
1209.0 151 152
1209.0 152 153
1210.5 130 147
1210.5 130 148
1212.0 189 191
1212.0 189 192
1213.5 185 199
1213.5 186 187
1215.0 40 44
1215.0 40 45
1216.5 29 30
1216.5 29 43
1218.0 11 13
1218.0 11 14
1219.5 110 127
1219.5 111 112
1221.0 113 124
1221.0 113 125
1222.5 106 117
1222.5 106 118
1224.0 154 175
1224.0 154 176
1225.5 189 197
1225.5 189 198
1227.0 61 68
1227.0 61 69
1228.5 90 96
1228.5 90 97
1230.0 7 27
1230.0 8 9
1231.5 158 165
1231.5 158 166
1233.0 35 47
1233.0 35 48
1234.5 183 198
1234.5 183 199
1236.0 108 122
1236.0 108 123
1237.5 65 72
1237.5 65 73
1239.0 140 142
1239.0 140 143
1240.5 9 16
1240.5 9 17
1242.0 65 74
1242.0 66 67
1243.5 34 49
1243.5 34 50
1245.0 89 92
1245.0 89 93
1246.5 59 72
1246.5 59 73
1248.0 58 72
1248.0 58 73
1249.5 62 66
1249.5 62 67
1251.0 3 21
1251.0 3 22
1252.5 159 174
1252.5 159 175
1254.0 79 98
1254.0 79 99
1255.5 2 152
1255.5 2 153
1257.0 117 123
1257.0 117 124
1258.5 190 192
1258.5 190 193
1260.0 6 15
1260.0 6 16
1261.5 113 114
1261.5 113 115
1263.0 188 191
1263.0 188 192
1264.5 128 149
1264.5 128 150
1266.0 35 41
1266.0 35 42
1267.5 116 122
1267.5 116 123
1269.0 17 21
1269.0 17 22
1270.5 30 46
1270.5 30 47
1272.0 132 139
1272.0 132 140
1273.5 60 71
1273.5 60 72
1275.0 173 174
1275.0 174 175
1276.5 43 48
1276.5 44 45
1278.0 117 121
1278.0 117 122
1279.5 63 75
1279.5 64 65
1281.0 103 178
1281.0 104 105
1282.5 55 73
1282.5 55 74
1284.0 64 72
1284.0 64 73
1285.5 55 71
1285.5 55 72
1287.0 114 125
1287.0 115 116
1288.5 156 177
1288.5 156 178
1290.0 67 73
1290.0 68 69
1291.5 164 171
1291.5 164 172
