0 103 111
0 103 112
0 103 113
0 103 114
0 103 115
0 103 116
0 103 117
0 103 118
0 103 119
0 103 120
0 103 121
0 104 105
0 104 106
0 104 107
0 104 108
0 104 109
0 104 110
0 104 111
0 104 112
0 104 113
0 104 114
0 104 115
0 104 116
0 104 117
0 104 118
0 104 119
0 104 120
0 104 121
0 105 106
0 105 107
0 105 108
301 5 14
301 5 15
301 5 16
301 5 17
301 5 18
301 5 19
301 5 20
301 6 7
301 6 8
301 6 9
301 6 10
301 6 11
301 6 12
301 6 13
301 6 14
301 6 15
301 6 16
301 6 17
301 6 18
301 6 19
301 6 20
301 7 8
301 7 9
301 7 10
301 7 11
301 7 12
301 7 13
301 7 14
301 7 15
301 7 16
301 7 17
602 107 112
602 107 113
602 107 114
602 107 115
602 107 116
602 107 117
602 107 118
602 107 119
602 107 120
602 108 109
602 108 110
602 108 111
602 108 112
602 108 113
602 108 114
602 108 115
602 108 116
602 108 117
602 108 118
602 108 119
602 108 120
602 109 110
602 109 111
602 109 112
602 109 113
602 109 114
602 109 115
602 109 116
602 109 117
602 109 118
602 109 119
903 94 95
903 95 96
903 96 97
903 97 98
903 97 118
903 97 119
903 97 120
903 97 121
903 97 122
903 97 147
903 97 172
903 97 197
903 97 198
903 98 99
903 98 114
903 98 115
903 98 116
903 98 117
903 98 118
903 98 119
903 98 120
903 98 121
903 98 122
903 99 100
903 99 112
903 99 113
903 99 114
903 99 115
903 99 116
903 99 117
903 99 118
1204 74 91
1204 74 92
1204 74 93
1204 74 94
1204 74 95
1204 74 96
1204 74 97
1204 75 76
1204 75 84
1204 75 85
1204 75 86
1204 75 87
1204 75 88
1204 75 89
1204 75 90
1204 75 91
1204 75 92
1204 75 93
1204 75 94
1204 75 95
1204 75 96
1204 75 97
1204 76 77
1204 76 82
1204 76 83
1204 76 84
1204 76 85
1204 76 86
1204 76 87
1204 76 88
1204 76 89
1505 55 57
1505 55 58
1505 55 59
1505 55 60
1505 55 61
1505 55 62
1505 55 63
1505 55 64
1505 55 65
1505 55 66
1505 55 67
1505 55 68
1505 55 69
1505 55 70
1505 56 57
1505 56 58
1505 56 59
1505 56 60
1505 56 61
1505 56 62
1505 56 63
1505 56 64
1505 56 65
1505 56 66
1505 56 67
1505 56 68
1505 56 69
1505 56 70
1505 57 58
1505 57 59
1505 57 60
1806 153 166
1806 153 167
1806 153 168
1806 153 169
1806 153 170
1806 153 171
1806 153 172
1806 154 155
1806 154 156
1806 154 157
1806 154 158
1806 154 159
1806 154 160
1806 154 161
1806 154 162
1806 154 163
1806 154 164
1806 154 165
1806 154 166
1806 154 167
1806 154 168
1806 154 169
1806 154 170
1806 154 171
1806 155 156
1806 155 157
1806 155 158
1806 155 159
1806 155 160
1806 155 161
1806 155 162
2107 3 15
2107 3 16
2107 3 17
2107 3 18
2107 3 19
2107 3 20
2107 3 21
2107 4 5
2107 4 6
2107 4 7
2107 4 8
2107 4 9
2107 4 10
2107 4 11
2107 4 12
2107 4 13
2107 4 14
2107 4 15
2107 4 16
2107 4 17
2107 4 18
2107 4 19
2107 4 20
2107 5 6
2107 5 7
2107 5 8
2107 5 9
2107 5 10
2107 5 11
2107 5 12
2107 5 13
2408 78 84
2408 78 85
2408 78 86
2408 78 87
2408 78 88
2408 78 89
2408 78 90
2408 78 91
2408 78 92
2408 78 93
2408 78 94
2408 78 95
2408 78 96
2408 79 80
2408 79 81
2408 79 82
2408 79 83
2408 79 84
2408 79 85
2408 79 86
2408 79 87
2408 79 88
2408 79 89
2408 79 90
2408 79 91
2408 79 92
2408 79 93
2408 79 94
2408 79 95
2408 79 96
2408 80 81
2709 84 94
2709 85 86
2709 85 87
2709 85 88
2709 85 89
2709 85 90
2709 85 91
2709 85 92
2709 85 93
2709 86 87
2709 86 88
2709 86 89
2709 86 90
2709 86 91
2709 86 92
2709 86 93
2709 87 88
2709 87 89
2709 87 90
2709 87 91
2709 87 92
2709 88 89
2709 88 90
2709 88 91
2709 88 92
2709 89 90
2709 89 91
2709 90 91
2709 91 92
2709 92 93
2709 93 94
3010 117 118
3010 118 119
3010 119 120
3010 120 121
3010 121 122
3010 122 123
3010 122 144
3010 122 145
3010 122 146
3010 122 147
3010 122 172
3010 122 197
3010 122 198
3010 123 124
3010 123 140
3010 123 141
3010 123 142
3010 123 143
3010 123 144
3010 123 145
3010 123 146
3010 123 147
3010 123 197
3010 123 198
3010 124 125
3010 124 137
3010 124 138
3010 124 139
3010 124 140
3010 124 141
3010 124 142
3311 128 138
3311 128 139
3311 128 140
3311 128 141
3311 128 142
3311 128 143
3311 128 144
3311 128 145
3311 128 146
3311 128 147
3311 129 130
3311 129 131
3311 129 132
3311 129 133
3311 129 134
3311 129 135
3311 129 136
3311 129 137
3311 129 138
3311 129 139
3311 129 140
3311 129 141
3311 129 142
3311 129 143
3311 129 144
3311 129 145
3311 129 146
3311 130 131
3311 130 132
3311 130 133
3311 130 134
3612 70 71
3612 71 72
3612 72 73
3612 72 92
3612 72 93
3612 72 94
3612 72 95
3612 72 96
3612 72 97
3612 72 122
3612 72 147
3612 72 172
3612 72 173
3612 72 197
3612 72 198
3612 73 74
3612 73 89
3612 73 90
3612 73 91
3612 73 92
3612 73 93
3612 73 94
3612 73 95
3612 73 96
3612 73 97
3612 74 75
3612 74 86
3612 74 87
3612 74 88
3612 74 89
3612 74 90
3913 124 143
3913 124 144
3913 124 145
3913 124 146
3913 124 147
3913 125 126
3913 125 135
3913 125 136
3913 125 137
3913 125 138
3913 125 139
3913 125 140
3913 125 141
3913 125 142
3913 125 143
3913 125 144
3913 125 145
3913 125 146
3913 125 147
3913 126 127
3913 126 133
3913 126 134
3913 126 135
3913 126 136
3913 126 137
3913 126 138
3913 126 139
3913 126 140
3913 126 141
3913 126 142
3913 126 143
4214 24 46
4214 24 47
4214 25 26
4214 25 33
4214 25 34
4214 25 35
4214 25 36
4214 25 37
4214 25 38
4214 25 39
4214 25 40
4214 25 41
4214 25 42
4214 25 43
4214 25 44
4214 25 45
4214 25 46
4214 25 47
4214 26 27
4214 26 31
4214 26 32
4214 26 33
4214 26 34
4214 26 35
4214 26 36
4214 26 37
4214 26 38
4214 26 39
4214 26 40
4214 26 41
4214 26 42
4515 22 97
4515 22 122
4515 22 147
4515 22 172
4515 22 173
4515 22 196
4515 22 197
4515 22 198
4515 23 24
4515 23 38
4515 23 39
4515 23 40
4515 23 41
4515 23 42
4515 23 43
4515 23 44
4515 23 45
4515 23 46
4515 23 47
4515 24 25
4515 24 35
4515 24 36
4515 24 37
4515 24 38
4515 24 39
4515 24 40
4515 24 41
4515 24 42
4515 24 43
4515 24 44
4515 24 45
4816 151 172
4816 152 153
4816 152 156
4816 152 157
4816 152 158
4816 152 159
4816 152 160
4816 152 161
4816 152 162
4816 152 163
4816 152 164
4816 152 165
4816 152 166
4816 152 167
4816 152 168
4816 152 169
4816 152 170
4816 152 171
4816 152 172
4816 153 154
4816 153 155
4816 153 156
4816 153 157
4816 153 158
4816 153 159
4816 153 160
4816 153 161
4816 153 162
4816 153 163
4816 153 164
4816 153 165
5117 182 194
5117 182 195
5117 182 196
5117 183 184
5117 183 185
5117 183 186
5117 183 187
5117 183 188
5117 183 189
5117 183 190
5117 183 191
5117 183 192
5117 183 193
5117 183 194
5117 183 195
5117 184 185
5117 184 186
5117 184 187
5117 184 188
5117 184 189
5117 184 190
5117 184 191
5117 184 192
5117 184 193
5117 184 194
5117 184 195
5117 185 186
5117 185 187
5117 185 188
5117 185 189
5117 185 190
5418 155 163
5418 155 164
5418 155 165
5418 155 166
5418 155 167
5418 155 168
5418 155 169
5418 155 170
5418 155 171
5418 156 157
5418 156 158
5418 156 159
5418 156 160
5418 156 161
5418 156 162
5418 156 163
5418 156 164
5418 156 165
5418 156 166
5418 156 167
5418 156 168
5418 156 169
5418 156 170
5418 156 171
5418 157 158
5418 157 159
5418 157 160
5418 157 161
5418 157 162
5418 157 163
5418 157 164
5719 30 35
5719 30 36
5719 30 37
5719 30 38
5719 30 39
5719 30 40
5719 30 41
5719 30 42
5719 30 43
5719 30 44
5719 30 45
5719 31 32
5719 31 33
5719 31 34
5719 31 35
5719 31 36
5719 31 37
5719 31 38
5719 31 39
5719 31 40
5719 31 41
5719 31 42
5719 31 43
5719 31 44
5719 31 45
5719 32 33
5719 32 34
5719 32 35
5719 32 36
5719 32 37
5719 32 38
6020 130 135
6020 130 136
6020 130 137
6020 130 138
6020 130 139
6020 130 140
6020 130 141
6020 130 142
6020 130 143
6020 130 144
6020 130 145
6020 130 146
6020 131 132
6020 131 133
6020 131 134
6020 131 135
6020 131 136
6020 131 137
6020 131 138
6020 131 139
6020 131 140
6020 131 141
6020 131 142
6020 131 143
6020 131 144
6020 131 145
6020 131 146
6020 132 133
6020 132 134
6020 132 135
6020 132 136
6321 177 184
6321 177 185
6321 177 186
6321 177 187
6321 177 188
6321 177 189
6321 177 190
6321 177 191
6321 177 192
6321 177 193
6321 177 194
6321 177 195
6321 177 196
6321 177 197
6321 178 179
6321 178 180
6321 178 181
6321 178 182
6321 178 183
6321 178 184
6321 178 185
6321 178 186
6321 178 187
6321 178 188
6321 178 189
6321 178 190
6321 178 191
6321 178 192
6321 178 193
6321 178 194
6321 178 195
6622 57 61
6622 57 62
6622 57 63
6622 57 64
6622 57 65
6622 57 66
6622 57 67
6622 57 68
6622 57 69
6622 57 70
6622 58 59
6622 58 60
6622 58 61
6622 58 62
6622 58 63
6622 58 64
6622 58 65
6622 58 66
6622 58 67
6622 58 68
6622 58 69
6622 59 60
6622 59 61
6622 59 62
6622 59 63
6622 59 64
6622 59 65
6622 59 66
6622 59 67
6622 59 68
6622 59 69
6923 7 18
6923 7 19
6923 8 9
6923 8 10
6923 8 11
6923 8 12
6923 8 13
6923 8 14
6923 8 15
6923 8 16
6923 8 17
6923 8 18
6923 8 19
6923 9 10
6923 9 11
6923 9 12
6923 9 13
6923 9 14
6923 9 15
6923 9 16
6923 9 17
6923 9 18
6923 10 11
6923 10 12
6923 10 13
6923 10 14
6923 10 15
6923 10 16
6923 10 17
6923 10 18
6923 11 12
7224 1 21
7224 2 3
7224 2 4
7224 2 5
7224 2 6
7224 2 7
7224 2 8
7224 2 9
7224 2 10
7224 2 11
7224 2 12
7224 2 13
7224 2 14
7224 2 15
7224 2 16
7224 2 17
7224 2 18
7224 2 19
7224 2 20
7224 2 21
7224 3 4
7224 3 5
7224 3 6
7224 3 7
7224 3 8
7224 3 9
7224 3 10
7224 3 11
7224 3 12
7224 3 13
7224 3 14
7525 35 41
7525 35 42
7525 35 43
7525 36 37
7525 36 38
7525 36 39
7525 36 40
7525 36 41
7525 36 42
7525 36 43
7525 37 38
7525 37 39
7525 37 40
7525 37 41
7525 37 42
7525 38 39
7525 38 40
7525 38 41
7525 38 42
7525 39 40
7525 39 41
7525 40 41
7525 41 42
7525 42 43
7525 43 44
7525 44 45
7525 45 46
7525 46 47
7525 47 48
7525 47 67
7525 47 68
7826 160 164
7826 160 165
7826 160 166
7826 160 167
7826 160 168
7826 160 169
7826 161 162
7826 161 163
7826 161 164
7826 161 165
7826 161 166
7826 161 167
7826 161 168
7826 161 169
7826 162 163
7826 162 164
7826 162 165
7826 162 166
7826 162 167
7826 162 168
7826 163 164
7826 163 165
7826 163 166
7826 163 167
7826 163 168
7826 164 165
7826 164 166
7826 164 167
7826 165 166
7826 165 167
7826 166 167
8127 76 90
8127 76 91
8127 76 92
8127 76 93
8127 76 94
8127 76 95
8127 76 96
8127 76 97
8127 77 78
8127 77 80
8127 77 81
8127 77 82
8127 77 83
8127 77 84
8127 77 85
8127 77 86
8127 77 87
8127 77 88
8127 77 89
8127 77 90
8127 77 91
8127 77 92
8127 77 93
8127 77 94
8127 77 95
8127 77 96
8127 78 79
8127 78 80
8127 78 81
8127 78 82
8127 78 83
8428 105 109
8428 105 110
8428 105 111
8428 105 112
8428 105 113
8428 105 114
8428 105 115
8428 105 116
8428 105 117
8428 105 118
8428 105 119
8428 105 120
8428 105 121
8428 106 107
8428 106 108
8428 106 109
8428 106 110
8428 106 111
8428 106 112
8428 106 113
8428 106 114
8428 106 115
8428 106 116
8428 106 117
8428 106 118
8428 106 119
8428 106 120
8428 107 108
8428 107 109
8428 107 110
8428 107 111
8729 178 196
8729 178 197
8729 179 180
8729 179 181
8729 179 182
8729 179 183
8729 179 184
8729 179 185
8729 179 186
8729 179 187
8729 179 188
8729 179 189
8729 179 190
8729 179 191
8729 179 192
8729 179 193
8729 179 194
8729 179 195
8729 179 196
8729 179 197
8729 180 181
8729 180 182
8729 180 183
8729 180 184
8729 180 185
8729 180 186
8729 180 187
8729 180 188
8729 180 189
8729 180 190
8729 180 191
9030 60 61
9030 60 62
9030 60 63
9030 60 64
9030 60 65
9030 60 66
9030 60 67
9030 60 68
9030 61 62
9030 61 63
9030 61 64
9030 61 65
9030 61 66
9030 61 67
9030 61 68
9030 62 63
9030 62 64
9030 62 65
9030 62 66
9030 62 67
9030 63 64
9030 63 65
9030 63 66
9030 63 67
9030 64 65
9030 64 66
9030 65 66
9030 66 67
9030 67 68
9030 68 69
9030 69 70
9331 132 137
9331 132 138
9331 132 139
9331 132 140
9331 132 141
9331 132 142
9331 132 143
9331 132 144
9331 132 145
9331 133 134
9331 133 135
9331 133 136
9331 133 137
9331 133 138
9331 133 139
9331 133 140
9331 133 141
9331 133 142
9331 133 143
9331 133 144
9331 133 145
9331 134 135
9331 134 136
9331 134 137
9331 134 138
9331 134 139
9331 134 140
9331 134 141
9331 134 142
9331 134 143
9331 134 144
9632 11 13
9632 11 14
9632 11 15
9632 11 16
9632 11 17
9632 12 13
9632 12 14
9632 12 15
9632 12 16
9632 12 17
9632 13 14
9632 13 15
9632 13 16
9632 14 15
9632 14 16
9632 15 16
9632 16 17
9632 17 18
9632 18 19
9632 19 20
9632 20 21
9632 21 22
9632 22 23
9632 22 41
9632 22 42
9632 22 43
9632 22 44
9632 22 45
9632 22 46
9632 22 47
9632 22 72
9933 47 69
9933 47 70
9933 47 71
9933 47 72
9933 47 97
9933 47 122
9933 47 147
9933 47 172
9933 47 173
9933 47 197
9933 47 198
9933 48 49
9933 48 63
9933 48 64
9933 48 65
9933 48 66
9933 48 67
9933 48 68
9933 48 69
9933 48 70
9933 48 71
9933 48 72
9933 49 50
9933 49 61
9933 49 62
9933 49 63
9933 49 64
9933 49 65
9933 49 66
9933 49 67
9933 49 68
10234 49 69
10234 49 70
10234 49 71
10234 49 72
10234 50 51
10234 50 58
10234 50 59
10234 50 60
10234 50 61
10234 50 62
10234 50 63
10234 50 64
10234 50 65
10234 50 66
10234 50 67
10234 50 68
10234 50 69
10234 50 70
10234 50 71
10234 50 72
10234 51 52
10234 51 56
10234 51 57
10234 51 58
10234 51 59
10234 51 60
10234 51 61
10234 51 62
10234 51 63
10234 51 64
10234 51 65
10535 157 165
10535 157 166
10535 157 167
10535 157 168
10535 157 169
10535 157 170
10535 158 159
10535 158 160
10535 158 161
10535 158 162
10535 158 163
10535 158 164
10535 158 165
10535 158 166
10535 158 167
10535 158 168
10535 158 169
10535 158 170
10535 159 160
10535 159 161
10535 159 162
10535 159 163
10535 159 164
10535 159 165
10535 159 166
10535 159 167
10535 159 168
10535 159 169
10535 160 161
10535 160 162
10535 160 163
10836 110 111
10836 110 112
10836 110 113
10836 110 114
10836 110 115
10836 110 116
10836 110 117
10836 110 118
10836 110 119
10836 111 112
10836 111 113
10836 111 114
10836 111 115
10836 111 116
10836 111 117
10836 111 118
10836 112 113
10836 112 114
10836 112 115
10836 112 116
10836 112 117
10836 112 118
10836 113 114
10836 113 115
10836 113 116
10836 113 117
10836 114 115
10836 114 116
10836 114 117
10836 115 116
10836 116 117
11137 80 82
11137 80 83
11137 80 84
11137 80 85
11137 80 86
11137 80 87
11137 80 88
11137 80 89
11137 80 90
11137 80 91
11137 80 92
11137 80 93
11137 80 94
11137 80 95
11137 80 96
11137 81 82
11137 81 83
11137 81 84
11137 81 85
11137 81 86
11137 81 87
11137 81 88
11137 81 89
11137 81 90
11137 81 91
11137 81 92
11137 81 93
11137 81 94
11137 81 95
11137 82 83
11137 82 84
11438 32 39
11438 32 40
11438 32 41
11438 32 42
11438 32 43
11438 32 44
11438 33 34
11438 33 35
11438 33 36
11438 33 37
11438 33 38
11438 33 39
11438 33 40
11438 33 41
11438 33 42
11438 33 43
11438 33 44
11438 34 35
11438 34 36
11438 34 37
11438 34 38
11438 34 39
11438 34 40
11438 34 41
11438 34 42
11438 34 43
11438 35 36
11438 35 37
11438 35 38
11438 35 39
11438 35 40
11739 142 143
11739 143 144
11739 144 145
11739 145 146
11739 146 147
11739 147 148
11739 147 170
11739 147 171
11739 147 172
11739 147 197
11739 147 198
11739 148 149
11739 148 165
11739 148 166
11739 148 167
11739 148 168
11739 148 169
11739 148 170
11739 148 171
11739 148 172
11739 148 197
11739 148 198
11739 149 150
11739 149 163
11739 149 164
11739 149 165
11739 149 166
11739 149 167
11739 149 168
11739 149 169
11739 149 170
12040 53 59
12040 53 60
12040 53 61
12040 53 62
12040 53 63
12040 53 64
12040 53 65
12040 53 66
12040 53 67
12040 53 68
12040 53 69
12040 53 70
12040 53 71
12040 54 55
12040 54 56
12040 54 57
12040 54 58
12040 54 59
12040 54 60
12040 54 61
12040 54 62
12040 54 63
12040 54 64
12040 54 65
12040 54 66
12040 54 67
12040 54 68
12040 54 69
12040 54 70
12040 54 71
12040 55 56
12341 185 191
12341 185 192
12341 185 193
12341 185 194
12341 186 187
12341 186 188
12341 186 189
12341 186 190
12341 186 191
12341 186 192
12341 186 193
12341 186 194
12341 187 188
12341 187 189
12341 187 190
12341 187 191
12341 187 192
12341 187 193
12341 188 189
12341 188 190
12341 188 191
12341 188 192
12341 188 193
12341 189 190
12341 189 191
12341 189 192
12341 190 191
12341 190 192
12341 191 192
12341 192 193
12341 193 194
12642 135 136
12642 135 137
12642 135 138
12642 135 139
12642 135 140
12642 135 141
12642 135 142
12642 135 143
12642 135 144
12642 136 137
12642 136 138
12642 136 139
12642 136 140
12642 136 141
12642 136 142
12642 136 143
12642 137 138
12642 137 139
12642 137 140
12642 137 141
12642 137 142
12642 137 143
12642 138 139
12642 138 140
12642 138 141
12642 138 142
12642 139 140
12642 139 141
12642 139 142
12642 140 141
12642 141 142
12943 149 171
12943 149 172
12943 150 151
12943 150 160
12943 150 161
12943 150 162
12943 150 163
12943 150 164
12943 150 165
12943 150 166
12943 150 167
12943 150 168
12943 150 169
12943 150 170
12943 150 171
12943 150 172
12943 151 152
12943 151 158
12943 151 159
12943 151 160
12943 151 161
12943 151 162
12943 151 163
12943 151 164
12943 151 165
12943 151 166
12943 151 167
12943 151 168
12943 151 169
12943 151 170
12943 151 171
13244 180 192
13244 180 193
13244 180 194
13244 180 195
13244 180 196
13244 181 182
13244 181 183
13244 181 184
13244 181 185
13244 181 186
13244 181 187
13244 181 188
13244 181 189
13244 181 190
13244 181 191
13244 181 192
13244 181 193
13244 181 194
13244 181 195
13244 181 196
13244 182 183
13244 182 184
13244 182 185
13244 182 186
13244 182 187
13244 182 188
13244 182 189
13244 182 190
13244 182 191
13244 182 192
13244 182 193
13545 194 195
13545 195 196
13545 196 197
13545 197 198
13545 198 199
13846 26 43
13846 26 44
13846 26 45
13846 26 46
13846 27 28
13846 27 29
13846 27 30
13846 27 31
13846 27 32
13846 27 33
13846 27 34
13846 27 35
13846 27 36
13846 27 37
13846 27 38
13846 27 39
13846 27 40
13846 27 41
13846 27 42
13846 27 43
13846 27 44
13846 27 45
13846 27 46
13846 28 29
13846 28 30
13846 28 31
13846 28 32
13846 28 33
13846 28 34
13846 28 35
13846 28 36
14147 167 168
14147 168 169
14147 169 170
14147 170 171
14147 171 172
14147 172 173
14147 172 197
14147 172 198
14147 173 174
14147 173 191
14147 173 192
14147 173 193
14147 173 194
14147 173 195
14147 173 196
14147 173 197
14147 173 198
14147 174 175
14147 174 188
14147 174 189
14147 174 190
14147 174 191
14147 174 192
14147 174 193
14147 174 194
14147 174 195
14147 174 196
14147 174 197
14147 174 198
14147 175 176
14147 175 186
14448 101 118
14448 101 119
14448 101 120
14448 101 121
14448 101 122
14448 102 103
14448 102 105
14448 102 106
14448 102 107
14448 102 108
14448 102 109
14448 102 110
14448 102 111
14448 102 112
14448 102 113
14448 102 114
14448 102 115
14448 102 116
14448 102 117
14448 102 118
14448 102 119
14448 102 120
14448 102 121
14448 102 122
14448 103 104
14448 103 105
14448 103 106
14448 103 107
14448 103 108
14448 103 109
14448 103 110
14749 82 85
14749 82 86
14749 82 87
14749 82 88
14749 82 89
14749 82 90
14749 82 91
14749 82 92
14749 82 93
14749 82 94
14749 82 95
14749 83 84
14749 83 85
14749 83 86
14749 83 87
14749 83 88
14749 83 89
14749 83 90
14749 83 91
14749 83 92
14749 83 93
14749 83 94
14749 84 85
14749 84 86
14749 84 87
14749 84 88
14749 84 89
14749 84 90
14749 84 91
14749 84 92
14749 84 93
15050 99 119
15050 99 120
15050 99 121
15050 99 122
15050 100 101
15050 100 109
15050 100 110
15050 100 111
15050 100 112
15050 100 113
15050 100 114
15050 100 115
15050 100 116
15050 100 117
15050 100 118
15050 100 119
15050 100 120
15050 100 121
15050 100 122
15050 101 102
15050 101 107
15050 101 108
15050 101 109
15050 101 110
15050 101 111
15050 101 112
15050 101 113
15050 101 114
15050 101 115
15050 101 116
15050 101 117
15351 175 187
15351 175 188
15351 175 189
15351 175 190
15351 175 191
15351 175 192
15351 175 193
15351 175 194
15351 175 195
15351 175 196
15351 175 197
15351 176 177
15351 176 183
15351 176 184
15351 176 185
15351 176 186
15351 176 187
15351 176 188
15351 176 189
15351 176 190
15351 176 191
15351 176 192
15351 176 193
15351 176 194
15351 176 195
15351 176 196
15351 176 197
15351 177 178
15351 177 181
15351 177 182
15351 177 183
15652 0 1
15652 0 8
15652 0 9
15652 0 10
15652 0 11
15652 0 12
15652 0 13
15652 0 14
15652 0 15
15652 0 16
15652 0 17
15652 0 18
15652 0 19
15652 0 20
15652 0 21
15652 1 2
15652 1 6
15652 1 7
15652 1 8
15652 1 9
15652 1 10
15652 1 11
15652 1 12
15652 1 13
15652 1 14
15652 1 15
15652 1 16
15652 1 17
15652 1 18
15652 1 19
15652 1 20
15953 51 66
15953 51 67
15953 51 68
15953 51 69
15953 51 70
15953 51 71
15953 51 72
15953 52 53
15953 52 54
15953 52 55
15953 52 56
15953 52 57
15953 52 58
15953 52 59
15953 52 60
15953 52 61
15953 52 62
15953 52 63
15953 52 64
15953 52 65
15953 52 66
15953 52 67
15953 52 68
15953 52 69
15953 52 70
15953 52 71
15953 53 54
15953 53 55
15953 53 56
15953 53 57
15953 53 58
16254 126 144
16254 126 145
16254 126 146
16254 126 147
16254 127 128
16254 127 131
16254 127 132
16254 127 133
16254 127 134
16254 127 135
16254 127 136
16254 127 137
16254 127 138
16254 127 139
16254 127 140
16254 127 141
16254 127 142
16254 127 143
16254 127 144
16254 127 145
16254 127 146
16254 127 147
16254 128 129
16254 128 130
16254 128 131
16254 128 132
16254 128 133
16254 128 134
16254 128 135
16254 128 136
16254 128 137
16555 28 37
16555 28 38
16555 28 39
16555 28 40
16555 28 41
16555 28 42
16555 28 43
16555 28 44
16555 28 45
16555 28 46
16555 29 30
16555 29 31
16555 29 32
16555 29 33
16555 29 34
16555 29 35
16555 29 36
16555 29 37
16555 29 38
16555 29 39
16555 29 40
16555 29 41
16555 29 42
16555 29 43
16555 29 44
16555 29 45
16555 29 46
16555 30 31
16555 30 32
16555 30 33
16555 30 34
0 53 71
0 54 55
1.5 131 142
1.5 131 143
3.0 64 66
3.0 65 66
4.5 155 162
4.5 155 163
6.0 100 116
6.0 100 117
7.5 173 174
7.5 173 191
9.0 85 93
9.0 86 87
10.5 129 145
10.5 129 146
12.0 73 89
12.0 73 90
13.5 31 37
13.5 31 38
15.0 50 63
15.0 50 64
16.5 53 67
16.5 53 68
18.0 178 179
18.0 178 180
19.5 100 118
19.5 100 119
21.0 111 118
21.0 112 113
22.5 155 168
22.5 155 169
24.0 150 171
24.0 150 172
25.5 8 19
25.5 9 10
27.0 56 64
27.0 56 65
28.5 3 7
28.5 3 8
30.0 26 43
30.0 26 44
31.5 5 7
31.5 5 8
33.0 59 69
33.0 60 61
34.5 162 164
34.5 162 165
36.0 135 140
36.0 135 141
37.5 104 110
37.5 104 111
39.0 134 143
39.0 134 144
40.5 181 183
40.5 181 184
42.0 54 68
42.0 54 69
43.5 2 3
43.5 2 4
45.0 122 146
45.0 122 147
46.5 95 96
46.5 96 97
48.0 134 135
48.0 134 136
49.5 36 42
49.5 36 43
51.0 10 15
51.0 10 16
52.5 51 61
52.5 51 62
54.0 50 65
54.0 50 66
55.5 150 167
55.5 150 168
57.0 158 163
57.0 158 164
58.5 33 41
58.5 33 42
60.0 6 11
60.0 6 12
61.5 52 69
61.5 52 70
63.0 27 38
63.0 27 39
64.5 58 65
64.5 58 66
66.0 62 63
66.0 62 64
67.5 80 86
67.5 80 87
69.0 176 196
69.0 176 197
70.5 56 70
70.5 57 58
72.0 80 88
72.0 80 89
73.5 75 95
73.5 75 96
75.0 127 140
75.0 127 141
76.5 73 97
76.5 74 75
78.0 78 79
78.0 78 80
79.5 97 197
79.5 97 198
81.0 34 39
81.0 34 40
82.5 188 191
82.5 188 192
84.0 108 116
84.0 108 117
85.5 175 186
85.5 175 187
87.0 102 114
87.0 102 115
88.5 159 168
88.5 159 169
90.0 83 94
90.0 84 85
91.5 60 62
91.5 60 63
93.0 126 144
93.0 126 145
94.5 185 187
94.5 185 188
96.0 5 11
96.0 5 12
97.5 178 191
97.5 178 192
99.0 98 99
99.0 98 114
100.5 178 193
100.5 178 194
102.0 162 168
102.0 163 164
103.5 24 37
103.5 24 38
105.0 152 165
105.0 152 166
106.5 148 149
106.5 148 165
108.0 0 19
108.0 0 20
109.5 176 194
109.5 176 195
111.0 49 69
111.0 49 70
112.5 125 138
112.5 125 139
114.0 137 138
114.0 137 139
115.5 105 116
115.5 105 117
117.0 158 167
117.0 158 168
118.5 62 67
118.5 63 64
120.0 163 165
120.0 163 166
121.5 157 159
121.5 157 160
123.0 81 95
123.0 82 83
124.5 78 87
124.5 78 88
126.0 80 96
126.0 81 82
127.5 30 31
127.5 30 32
129.0 106 117
129.0 106 118
130.5 56 58
130.5 56 59
132.0 82 84
132.0 82 85
133.5 3 21
133.5 4 5
135.0 81 91
135.0 81 92
136.5 52 61
136.5 52 62
138.0 177 190
138.0 177 191
139.5 80 92
139.5 80 93
141.0 15 16
141.0 16 17
142.5 147 171
142.5 147 172
144.0 60 68
144.0 61 62
145.5 58 59
145.5 58 60
147.0 28 34
147.0 28 35
148.5 38 42
148.5 39 40
150.0 152 169
150.0 152 170
151.5 3 15
151.5 3 16
153.0 125 142
153.0 125 143
154.5 37 40
154.5 37 41
156.0 184 185
156.0 184 186
157.5 103 119
157.5 103 120
159.0 26 37
159.0 26 38
160.5 173 198
160.5 174 175
162.0 180 190
162.0 180 191
163.5 126 138
163.5 126 139
165.0 158 161
165.0 158 162
166.5 84 86
166.5 84 87
168.0 36 38
168.0 36 39
169.5 8 11
169.5 8 12
171.0 57 63
171.0 57 64
172.5 58 61
172.5 58 62
174.0 152 171
174.0 152 172
175.5 41 42
175.5 42 43
177.0 148 166
177.0 148 167
178.5 138 139
178.5 138 140
180.0 22 47
180.0 22 72
181.5 39 41
181.5 40 41
183.0 107 118
183.0 107 119
184.5 75 93
184.5 75 94
186.0 86 92
186.0 86 93
187.5 59 65
187.5 59 66
189.0 180 192
189.0 180 193
190.5 107 114
190.5 107 115
192.0 128 141
192.0 128 142
193.5 53 63
193.5 53 64
195.0 37 38
195.0 37 39
196.5 147 148
196.5 147 170
198.0 32 44
198.0 33 34
199.5 152 167
199.5 152 168
201.0 49 71
201.0 49 72
202.5 155 166
202.5 155 167
204.0 151 171
204.0 151 172
205.5 109 111
205.5 109 112
207.0 54 66
207.0 54 67
208.5 128 145
208.5 128 146
210.0 132 138
210.0 132 139
211.5 149 163
211.5 149 164
213.0 107 120
213.0 108 109
214.5 28 44
214.5 28 45
216.0 174 198
216.0 175 176
217.5 51 67
217.5 51 68
219.0 28 38
219.0 28 39
220.5 32 40
220.5 32 41
222.0 160 167
222.0 160 168
223.5 109 119
223.5 110 111
225.0 186 187
225.0 186 188
226.5 182 183
226.5 182 184
228.0 131 146
228.0 132 133
229.5 22 147
229.5 22 172
231.0 132 134
231.0 132 135
232.5 7 8
232.5 7 9
234.0 154 160
234.0 154 161
235.5 83 90
235.5 83 91
237.0 79 88
237.0 79 89
238.5 125 144
238.5 125 145
240.0 99 113
240.0 99 114
241.5 33 35
241.5 33 36
243.0 33 39
243.0 33 40
244.5 48 70
244.5 48 71
246.0 136 138
246.0 136 139
247.5 28 42
247.5 28 43
249.0 47 72
249.0 47 97
250.5 193 194
250.5 194 195
252.0 51 71
252.0 51 72
253.5 25 45
253.5 25 46
255.0 68 69
255.0 69 70
256.5 37 42
256.5 38 39
258.0 29 45
258.0 29 46
259.5 100 110
259.5 100 111
261.0 130 133
261.0 130 134
262.5 111 116
262.5 111 117
264.0 101 121
264.0 101 122
265.5 38 40
265.5 38 41
267.0 59 67
267.0 59 68
268.5 77 78
268.5 77 80
270.0 55 58
270.0 55 59
271.5 155 160
271.5 155 161
273.0 4 14
273.0 4 15
274.5 165 167
274.5 166 167
276.0 31 45
276.0 32 33
277.5 179 191
277.5 179 192
279.0 174 194
279.0 174 195
280.5 76 86
280.5 76 87
282.0 23 43
282.0 23 44
283.5 128 131
283.5 128 132
285.0 12 13
285.0 12 14
286.5 1 14
286.5 1 15
288.0 14 15
288.0 14 16
289.5 127 134
289.5 127 135
291.0 128 147
291.0 129 130
292.5 151 165
292.5 151 166
294.0 30 39
294.0 30 40
295.5 91 92
295.5 92 93
297.0 181 185
297.0 181 186
298.5 159 162
298.5 159 163
300.0 77 91
300.0 77 92
301.5 78 93
301.5 78 94
303.0 135 136
303.0 135 137
304.5 133 140
304.5 133 141
306.0 4 6
306.0 4 7
307.5 153 170
307.5 153 171
309.0 110 114
309.0 110 115
310.5 138 141
310.5 138 142
312.0 4 10
312.0 4 11
313.5 127 142
313.5 127 143
315.0 145 146
315.0 146 147
316.5 32 42
316.5 32 43
318.0 3 13
318.0 3 14
319.5 98 115
319.5 98 116
321.0 105 118
321.0 105 119
322.5 11 14
322.5 11 15
324.0 27 40
324.0 27 41
325.5 19 20
325.5 20 21
327.0 129 143
327.0 129 144
328.5 80 82
328.5 80 83
330.0 167 168
330.0 168 169
331.5 61 65
331.5 61 66
333.0 72 73
333.0 72 92
334.5 133 136
334.5 133 137
336.0 151 159
336.0 151 160
337.5 130 137
337.5 130 138
339.0 181 187
339.0 181 188
340.5 33 37
340.5 33 38
342.0 134 137
342.0 134 138
343.5 186 191
343.5 186 192
345.0 100 122
345.0 101 102
346.5 52 55
346.5 52 56
348.0 75 76
348.0 75 84
349.5 160 169
349.5 161 162
351.0 2 15
351.0 2 16
352.5 31 33
352.5 31 34
354.0 130 131
354.0 130 132
355.5 72 147
355.5 72 172
357.0 52 65
357.0 52 66
358.5 129 131
358.5 129 132
360.0 141 142
360.0 142 143
361.5 26 35
361.5 26 36
363.0 81 85
363.0 81 86
364.5 162 166
364.5 162 167
366.0 88 92
366.0 89 90
367.5 77 87
367.5 77 88
369.0 0 21
369.0 1 2
370.5 179 183
370.5 179 184
372.0 81 89
372.0 81 90
373.5 110 116
373.5 110 117
375.0 34 35
375.0 34 36
376.5 123 197
376.5 123 198
378.0 0 9
378.0 0 10
379.5 131 144
379.5 131 145
381.0 34 43
381.0 35 36
382.5 131 138
382.5 131 139
384.0 23 47
384.0 24 25
385.5 63 65
385.5 63 66
387.0 6 19
387.0 6 20
388.5 156 169
388.5 156 170
390.0 3 19
390.0 3 20
391.5 27 28
391.5 27 29
393.0 133 144
393.0 133 145
394.5 7 14
394.5 7 15
396.0 105 112
396.0 105 113
397.5 127 138
397.5 127 139
399.0 175 190
399.0 175 191
400.5 129 137
400.5 129 138
402.0 54 70
402.0 54 71
403.5 74 86
403.5 74 87
405.0 177 178
405.0 177 181
406.5 124 125
406.5 124 137
408.0 2 11
408.0 2 12
409.5 50 59
409.5 50 60
411.0 176 184
411.0 176 185
412.5 121 122
412.5 122 123
414.0 30 43
414.0 30 44
415.5 5 15
415.5 5 16
417.0 123 146
417.0 123 147
418.5 130 141
418.5 130 142
420.0 57 59
420.0 57 60
421.5 87 88
421.5 87 89
423.0 87 92
423.0 88 89
424.5 136 140
424.5 136 141
426.0 152 159
426.0 152 160
427.5 32 36
427.5 32 37
429.0 105 114
429.0 105 115
430.5 80 94
430.5 80 95
432.0 61 63
432.0 61 64
433.5 84 92
433.5 84 93
435.0 93 94
435.0 94 95
436.5 132 136
436.5 132 137
438.0 25 43
438.0 25 44
439.5 2 19
439.5 2 20
441.0 101 113
441.0 101 114
442.5 84 94
442.5 85 86
444.0 8 13
444.0 8 14
445.5 149 169
445.5 149 170
447.0 10 17
447.0 10 18
448.5 98 119
448.5 98 120
450.0 56 68
450.0 56 69
451.5 56 60
451.5 56 61
453.0 133 142
453.0 133 143
454.5 101 109
454.5 101 110
456.0 47 70
456.0 47 71
457.5 112 114
457.5 112 115
459.0 9 11
459.0 9 12
460.5 164 167
460.5 165 166
462.0 23 24
462.0 23 38
463.5 106 107
463.5 106 108
465.0 107 110
465.0 107 111
466.5 195 196
466.5 196 197
468.0 22 197
468.0 22 198
469.5 56 62
469.5 56 63
471.0 50 67
471.0 50 68
472.5 112 118
472.5 113 114
474.0 62 65
474.0 62 66
475.5 79 94
475.5 79 95
477.0 74 90
477.0 74 91
478.5 29 43
478.5 29 44
480.0 104 114
480.0 104 115
481.5 173 196
481.5 173 197
483.0 160 165
483.0 160 166
484.5 127 128
484.5 127 131
486.0 25 33
486.0 25 34
487.5 185 193
487.5 185 194
489.0 2 13
489.0 2 14
490.5 32 38
490.5 32 39
492.0 156 167
492.0 156 168
493.5 9 17
493.5 9 18
495.0 128 135
495.0 128 136
496.5 124 146
496.5 124 147
498.0 24 39
498.0 24 40
499.5 101 117
499.5 101 118
501.0 154 168
501.0 154 169
502.5 180 186
502.5 180 187
504.0 183 186
504.0 183 187
505.5 22 45
505.5 22 46
507.0 86 88
507.0 86 89
508.5 51 57
508.5 51 58
510.0 54 64
510.0 54 65
511.5 183 194
511.5 183 195
513.0 163 167
513.0 163 168
514.5 76 90
514.5 76 91
516.0 185 191
516.0 185 192
517.5 101 115
517.5 101 116
519.0 185 189
519.0 185 190
520.5 129 133
520.5 129 134
522.0 106 111
522.0 106 112
523.5 105 106
523.5 105 107
525.0 190 191
525.0 190 192
526.5 151 167
526.5 151 168
528.0 45 46
528.0 46 47
529.5 139 142
529.5 140 141
531.0 131 140
531.0 131 141
532.5 113 117
532.5 114 115
534.0 54 60
534.0 54 61
535.5 27 42
535.5 27 43
537.0 161 167
537.0 161 168
538.5 57 67
538.5 57 68
540.0 51 63
540.0 51 64
541.5 52 53
541.5 52 54
543.0 24 47
543.0 25 26
544.5 159 164
544.5 159 165
546.0 101 107
546.0 101 108
547.5 177 194
547.5 177 195
549.0 52 57
549.0 52 58
550.5 157 167
550.5 157 168
552.0 60 64
552.0 60 65
553.5 134 141
553.5 134 142
555.0 129 141
555.0 129 142
556.5 148 198
556.5 149 150
558.0 127 144
558.0 127 145
559.5 51 59
559.5 51 60
561.0 24 43
561.0 24 44
562.5 53 69
562.5 53 70
564.0 9 13
564.0 9 14
565.5 101 119
565.5 101 120
567.0 109 115
567.0 109 116
568.5 156 157
568.5 156 158
570.0 131 134
570.0 131 135
571.5 127 146
571.5 127 147
573.0 75 91
573.0 75 92
574.5 28 40
574.5 28 41
576.0 98 121
576.0 98 122
577.5 181 195
577.5 181 196
579.0 173 194
579.0 173 195
580.5 178 187
580.5 178 188
582.0 181 189
582.0 181 190
583.5 82 94
583.5 82 95
585.0 26 31
585.0 26 32
586.5 108 110
586.5 108 111
588.0 30 33
588.0 30 34
589.5 182 191
589.5 182 192
591.0 21 22
591.0 22 23
592.5 183 192
592.5 183 193
594.0 137 140
594.0 137 141
595.5 28 30
595.5 28 31
597.0 6 7
597.0 6 8
598.5 128 129
598.5 128 130
600.0 25 41
600.0 25 42
601.5 161 169
601.5 162 163
603.0 29 35
603.0 29 36
604.5 157 163
604.5 157 164
606.0 183 188
606.0 183 189
607.5 52 63
607.5 52 64
609.0 52 71
609.0 53 54
610.5 128 133
610.5 128 134
612.0 23 39
612.0 23 40
613.5 49 65
613.5 49 66
615.0 30 35
615.0 30 36
616.5 31 43
616.5 31 44
618.0 125 140
618.0 125 141
619.5 177 192
619.5 177 193
621.0 13 15
621.0 13 16
622.5 109 113
622.5 109 114
624.0 85 89
624.0 85 90
625.5 184 187
625.5 184 188
627.0 105 120
627.0 105 121
628.5 7 16
628.5 7 17
630.0 29 33
630.0 29 34
631.5 128 137
631.5 128 138
633.0 84 88
633.0 84 89
634.5 114 116
634.5 114 117
636.0 100 112
636.0 100 113
637.5 53 61
637.5 53 62
639.0 7 12
639.0 7 13
640.5 106 115
640.5 106 116
642.0 0 13
642.0 0 14
643.5 155 170
643.5 155 171
645.0 100 120
645.0 100 121
646.5 125 136
646.5 125 137
648.0 82 90
648.0 82 91
649.5 31 39
649.5 31 40
651.0 152 153
651.0 152 156
652.5 150 163
652.5 150 164
654.0 28 36
654.0 28 37
655.5 26 33
655.5 26 34
657.0 31 35
657.0 31 36
658.5 48 68
658.5 48 69
660.0 148 168
660.0 148 169
661.5 1 12
661.5 1 13
663.0 176 190
663.0 176 191
664.5 55 62
664.5 55 63
666.0 135 138
666.0 135 139
667.5 3 9
667.5 3 10
669.0 27 34
669.0 27 35
670.5 57 61
670.5 57 62
672.0 72 198
672.0 73 74
673.5 1 10
673.5 1 11
675.0 12 15
675.0 12 16
676.5 88 90
676.5 88 91
678.0 151 152
678.0 151 158
679.5 154 170
679.5 154 171
681.0 103 105
681.0 103 106
682.5 33 43
682.5 33 44
684.0 63 67
684.0 64 65
685.5 99 121
685.5 99 122
687.0 177 184
687.0 177 185
688.5 24 45
688.5 24 46
690.0 174 190
690.0 174 191
691.5 103 113
691.5 103 114
693.0 156 159
693.0 156 160
694.5 158 159
694.5 158 160
696.0 157 161
696.0 157 162
697.5 103 115
697.5 103 116
699.0 128 143
699.0 128 144
700.5 25 35
700.5 25 36
702.0 178 185
702.0 178 186
703.5 130 143
703.5 130 144
705.0 1 18
705.0 1 19
706.5 49 63
706.5 49 64
708.0 102 103
708.0 102 105
709.5 109 117
709.5 109 118
711.0 74 94
711.0 74 95
712.5 30 45
712.5 31 32
714.0 104 116
714.0 104 117
715.5 187 192
715.5 187 193
717.0 102 116
717.0 102 117
718.5 3 5
718.5 3 6
720.0 123 144
720.0 123 145
721.5 175 196
721.5 175 197
723.0 35 37
723.0 35 38
724.5 153 166
724.5 153 167
726.0 175 194
726.0 175 195
727.5 23 41
727.5 23 42
729.0 177 186
729.0 177 187
730.5 151 161
730.5 151 162
732.0 2 21
732.0 3 4
733.5 126 146
733.5 126 147
735.0 3 11
735.0 3 12
736.5 102 112
736.5 102 113
738.0 82 88
738.0 82 89
739.5 50 69
739.5 50 70
741.0 74 92
741.0 74 93
742.5 27 36
742.5 27 37
744.0 153 160
744.0 153 161
745.5 5 19
745.5 5 20
747.0 156 165
747.0 156 166
748.5 100 114
748.5 100 115
750.0 4 12
750.0 4 13
751.5 75 97
751.5 76 77
753.0 103 107
753.0 103 108
754.5 179 189
754.5 179 190
756.0 53 59
756.0 53 60
757.5 179 195
757.5 179 196
759.0 77 95
759.0 77 96
760.5 143 144
760.5 144 145
762.0 182 187
762.0 182 188
763.5 153 172
763.5 154 155
765.0 76 94
765.0 76 95
766.5 134 139
766.5 134 140
768.0 72 93
768.0 72 94
769.5 8 15
769.5 8 16
771.0 47 172
771.0 47 173
772.5 107 108
772.5 107 109
774.0 169 170
774.0 170 171
775.5 50 71
775.5 50 72
777.0 105 110
777.0 105 111
778.5 58 69
778.5 59 60
780.0 99 117
780.0 99 118
781.5 29 37
781.5 29 38
783.0 104 120
783.0 104 121
784.5 61 67
784.5 61 68
786.0 51 52
786.0 51 56
787.5 29 39
787.5 29 40
789.0 48 72
789.0 49 50
790.5 23 45
790.5 23 46
792.0 188 193
792.0 189 190
793.5 160 163
793.5 160 164
795.0 75 89
795.0 75 90
796.5 106 109
796.5 106 110
798.0 182 189
798.0 182 190
799.5 2 17
799.5 2 18
801.0 133 138
801.0 133 139
802.5 25 39
802.5 25 40
804.0 155 158
804.0 155 159
805.5 66 67
805.5 67 68
807.0 180 196
807.0 181 182
808.5 197 198
808.5 198 199
810.0 135 142
810.0 135 143
811.5 191 192
811.5 192 193
813.0 79 84
813.0 79 85
814.5 178 189
814.5 178 190
816.0 180 184
816.0 180 185
817.5 158 165
817.5 158 166
819.0 8 9
819.0 8 10
820.5 111 114
820.5 111 115
822.0 159 166
822.0 159 167
823.5 50 51
823.5 50 58
825.0 164 165
825.0 164 166
826.5 102 120
826.5 102 121
828.0 7 10
828.0 7 11
829.5 0 11
829.5 0 12
831.0 48 64
831.0 48 65
832.5 104 118
832.5 104 119
834.0 155 156
834.0 155 157
835.5 82 92
835.5 82 93
837.0 108 118
837.0 108 119
838.5 56 66
838.5 56 67
840.0 77 85
840.0 77 86
841.5 24 41
841.5 24 42
843.0 124 140
843.0 124 141
844.5 149 171
844.5 149 172
846.0 43 44
846.0 44 45
847.5 2 5
847.5 2 6
849.0 183 190
849.0 183 191
850.5 154 158
850.5 154 159
852.0 57 65
852.0 57 66
853.5 77 93
853.5 77 94
855.0 187 188
855.0 187 189
856.5 181 191
856.5 181 192
858.0 122 172
858.0 122 197
859.5 78 89
859.5 78 90
861.0 35 43
861.0 36 37
862.5 48 49
862.5 48 63
864.0 31 41
864.0 31 42
865.5 129 135
865.5 129 136
867.0 176 192
867.0 176 193
868.5 55 68
868.5 55 69
870.0 176 186
870.0 176 187
871.5 58 67
871.5 58 68
873.0 181 193
873.0 181 194
874.5 53 65
874.5 53 66
876.0 110 112
876.0 110 113
877.5 4 8
877.5 4 9
879.0 83 86
879.0 83 87
880.5 60 66
880.5 60 67
882.0 2 9
882.0 2 10
883.5 70 71
883.5 71 72
885.0 126 134
885.0 126 135
886.5 55 64
886.5 55 65
888.0 25 37
888.0 25 38
889.5 130 145
889.5 130 146
891.0 59 63
891.0 59 64
892.5 174 196
892.5 174 197
894.0 36 40
894.0 36 41
895.5 53 57
895.5 53 58
897.0 0 17
897.0 0 18
898.5 127 136
898.5 127 137
900.0 133 134
900.0 133 135
901.5 29 31
901.5 29 32
903.0 104 106
903.0 104 107
904.5 47 122
904.5 47 147
906.0 174 188
906.0 174 189
907.5 177 182
907.5 177 183
909.0 83 92
909.0 83 93
910.5 72 173
910.5 72 197
912.0 99 115
912.0 99 116
913.5 149 167
913.5 149 168
915.0 122 198
915.0 123 124
916.5 78 95
916.5 78 96
918.0 154 156
918.0 154 157
919.5 178 195
919.5 178 196
921.0 27 30
921.0 27 31
922.5 127 132
922.5 127 133
924.0 153 158
924.0 153 159
925.5 160 161
925.5 160 162
927.0 72 97
927.0 72 122
928.5 97 147
928.5 97 172
930.0 75 87
930.0 75 88
931.5 126 127
931.5 126 133
933.0 85 87
933.0 85 88
934.5 104 112
934.5 104 113
936.0 79 90
936.0 79 91
937.5 139 140
937.5 139 141
939.0 158 169
939.0 158 170
940.5 4 20
940.5 5 6
942.0 82 86
942.0 82 87
943.5 25 47
943.5 26 27
945.0 106 119
945.0 106 120
946.5 55 70
946.5 56 57
948.0 74 88
948.0 74 89
949.5 148 170
949.5 148 171
951.0 0 1
951.0 0 8
952.5 1 8
952.5 1 9
954.0 6 17
954.0 6 18
955.5 153 154
955.5 153 155
957.0 178 181
957.0 178 182
958.5 102 110
958.5 102 111
960.0 131 132
960.0 131 133
961.5 179 187
961.5 179 188
963.0 73 91
963.0 73 92
964.5 81 93
964.5 81 94
966.0 126 140
966.0 126 141
967.5 188 189
967.5 188 190
969.0 99 119
969.0 99 120
970.5 2 7
970.5 2 8
972.0 179 197
972.0 180 181
973.5 182 195
973.5 182 196
975.0 35 41
975.0 35 42
976.5 17 18
976.5 18 19
978.0 155 164
978.0 155 165
979.5 108 114
979.5 108 115
981.0 5 13
981.0 5 14
982.5 32 34
982.5 32 35
984.0 176 188
984.0 176 189
985.5 50 61
985.5 50 62
987.0 177 196
987.0 177 197
988.5 100 101
988.5 100 109
990.0 156 163
990.0 156 164
991.5 182 185
991.5 182 186
993.0 186 193
993.0 186 194
994.5 156 161
994.5 156 162
996.0 156 171
996.0 157 158
997.5 54 62
997.5 54 63
999.0 28 32
999.0 28 33
1000.5 75 85
1000.5 75 86
1002.0 80 90
1002.0 80 91
1003.5 102 108
1003.5 102 109
1005.0 30 41
1005.0 30 42
1006.5 34 37
1006.5 34 38
1008.0 112 116
1008.0 112 117
1009.5 3 17
1009.5 3 18
1011.0 29 41
1011.0 29 42
1012.5 55 56
1012.5 55 57
1014.0 24 35
1014.0 24 36
1015.5 77 83
1015.5 77 84
1017.0 125 146
1017.0 125 147
1018.5 124 138
1018.5 124 139
1020.0 77 89
1020.0 77 90
1021.5 111 112
1021.5 111 113
1023.0 153 164
1023.0 153 165
1024.5 182 193
1024.5 182 194
1026.0 49 61
1026.0 49 62
1027.5 103 111
1027.5 103 112
1029.0 47 197
1029.0 47 198
1030.5 151 169
1030.5 151 170
1032.0 189 191
1032.0 189 192
1033.5 124 142
1033.5 124 143
1035.0 54 56
1035.0 54 57
1036.5 87 90
1036.5 87 91
1038.0 74 96
1038.0 74 97
1039.5 149 165
1039.5 149 166
1041.0 129 139
1041.0 129 140
1042.5 77 81
1042.5 77 82
1044.0 98 117
1044.0 98 118
1045.5 159 160
1045.5 159 161
1047.0 153 162
1047.0 153 163
1048.5 187 190
1048.5 187 191
1050.0 153 168
1050.0 153 169
1051.5 132 142
1051.5 132 143
1053.0 97 119
1053.0 97 120
1054.5 103 121
1054.5 104 105
1056.0 136 142
1056.0 136 143
1057.5 102 118
1057.5 102 119
1059.0 80 84
1059.0 80 85
1060.5 5 17
1060.5 5 18
1062.0 184 189
1062.0 184 190
1063.5 108 120
1063.5 109 110
1065.0 130 135
1065.0 130 136
1066.5 178 183
1066.5 178 184
1068.0 12 17
1068.0 13 14
1069.5 78 81
1069.5 78 82
1071.0 22 173
1071.0 22 196
1072.5 101 111
1072.5 101 112
1074.0 8 17
1074.0 8 18
1075.5 132 144
1075.5 132 145
1077.0 123 140
1077.0 123 141
1078.5 97 121
1078.5 97 122
1080.0 81 83
1080.0 81 84
1081.5 47 68
1081.5 47 69
1083.0 78 85
1083.0 78 86
1084.5 152 163
1084.5 152 164
1086.0 27 32
1086.0 27 33
1087.5 28 46
1087.5 29 30
1089.0 84 90
1089.0 84 91
1090.5 48 66
1090.5 48 67
1092.0 58 63
1092.0 58 64
1093.5 107 116
1093.5 107 117
1095.0 55 66
1095.0 55 67
1096.5 22 43
1096.5 22 44
1098.0 4 18
1098.0 4 19
1099.5 179 185
1099.5 179 186
1101.0 76 82
1101.0 76 83
1102.5 89 91
1102.5 90 91
1104.0 51 69
1104.0 51 70
1105.5 79 86
1105.5 79 87
1107.0 6 13
1107.0 6 14
1108.5 154 164
1108.5 154 165
1110.0 52 67
1110.0 52 68
1111.5 11 16
1111.5 11 17
1113.0 6 9
1113.0 6 10
1114.5 115 116
1114.5 116 117
1116.0 176 177
1116.0 176 183
1117.5 76 84
1117.5 76 85
1119.0 76 88
1119.0 76 89
1120.5 110 118
1120.5 110 119
1122.0 123 142
1122.0 123 143
1123.5 147 197
1123.5 147 198
1125.0 153 156
1125.0 153 157
1126.5 157 165
1126.5 157 166
1128.0 126 142
1128.0 126 143
1129.5 172 197
1129.5 172 198
1131.0 72 95
1131.0 72 96
1132.5 173 192
1132.5 173 193
1134.0 126 136
1134.0 126 137
1135.5 51 65
1135.5 51 66
1137.0 177 188
1137.0 177 189
1138.5 130 139
1138.5 130 140
1140.0 35 39
1140.0 35 40
1141.5 186 189
1141.5 186 190
1143.0 7 18
1143.0 7 19
1144.5 105 108
1144.5 105 109
1146.0 161 163
1146.0 161 164
1147.5 135 144
1147.5 136 137
1149.0 113 115
1149.0 113 116
1150.5 151 163
1150.5 151 164
1152.0 171 172
1152.0 172 173
1153.5 131 136
1153.5 131 137
1155.0 53 55
1155.0 53 56
1156.5 27 44
1156.5 27 45
1158.0 150 165
1158.0 150 166
1159.5 102 122
1159.5 103 104
1161.0 78 91
1161.0 78 92
1162.5 59 61
1162.5 59 62
1164.0 34 41
1164.0 34 42
1165.5 79 82
1165.5 79 83
1167.0 178 197
1167.0 179 180
1168.5 179 181
1168.5 179 182
1170.0 0 15
1170.0 0 16
1171.5 148 172
1171.5 148 197
1173.0 5 9
1173.0 5 10
1174.5 104 108
1174.5 104 109
1176.0 175 192
1176.0 175 193
1177.5 103 117
1177.5 103 118
1179.0 157 169
1179.0 157 170
1180.5 27 46
1180.5 28 29
1182.0 99 100
1182.0 99 112
1183.5 150 169
1183.5 150 170
1185.0 180 182
1185.0 180 183
1186.5 184 191
1186.5 184 192
1188.0 9 15
1188.0 9 16
1189.5 137 142
1189.5 137 143
1191.0 103 109
1191.0 103 110
1192.5 180 194
1192.5 180 195
1194.0 1 20
1194.0 1 21
1195.5 83 84
1195.5 83 85
1197.0 49 67
1197.0 49 68
1198.5 10 13
1198.5 10 14
1200.0 152 157
1200.0 152 158
1201.5 184 195
1201.5 185 186
1203.0 175 188
1203.0 175 189
1204.5 132 140
1204.5 132 141
1206.0 85 91
1206.0 85 92
1207.5 183 184
1207.5 183 185
1209.0 22 97
1209.0 22 122
1210.5 122 144
1210.5 122 145
1212.0 57 69
1212.0 57 70
1213.5 180 188
1213.5 180 189
1215.0 124 144
1215.0 124 145
1216.5 73 95
1216.5 73 96
1218.0 150 151
1218.0 150 160
1219.5 22 41
1219.5 22 42
1221.0 152 161
1221.0 152 162
1222.5 179 193
1222.5 179 194
1224.0 76 92
1224.0 76 93
1225.5 150 161
1225.5 150 162
1227.0 81 87
1227.0 81 88
1228.5 86 90
1228.5 86 91
1230.0 174 192
1230.0 174 193
1231.5 1 16
1231.5 1 17
1233.0 102 106
1233.0 102 107
1234.5 11 12
1234.5 11 13
1236.0 184 193
1236.0 184 194
1237.5 154 166
1237.5 154 167
1239.0 154 162
1239.0 154 163
1240.5 47 48
1240.5 47 67
1242.0 125 126
1242.0 125 135
1243.5 128 139
1243.5 128 140
1245.0 26 39
1245.0 26 40
1246.5 79 80
1246.5 79 81
1248.0 76 96
1248.0 76 97
1249.5 6 15
1249.5 6 16
1251.0 83 88
1251.0 83 89
1252.5 52 59
1252.5 52 60
1254.0 78 83
1254.0 78 84
1255.5 119 120
1255.5 120 121
1257.0 79 96
1257.0 80 81
1258.5 97 98
1258.5 97 118
1260.0 108 112
1260.0 108 113
1261.5 4 16
1261.5 4 17
1263.0 106 113
1263.0 106 114
1264.5 54 58
1264.5 54 59
1266.0 10 11
1266.0 10 12
1267.5 1 6
1267.5 1 7
1269.0 107 112
1269.0 107 113
1270.5 161 165
1270.5 161 166
1272.0 30 37
1272.0 30 38
1273.5 26 41
1273.5 26 42
1275.0 79 92
1275.0 79 93
1276.5 73 93
1276.5 73 94
1278.0 117 118
1278.0 118 119
1279.5 26 45
1279.5 26 46
1281.0 55 60
1281.0 55 61
