0 104 126
0 104 127
0 104 128
0 105 106
0 105 116
0 105 117
0 105 118
0 105 119
0 105 120
0 105 121
0 105 122
0 105 123
0 105 124
0 105 125
0 105 126
0 105 127
0 106 107
0 106 113
0 106 114
0 106 115
0 106 116
0 106 117
0 106 118
0 106 119
0 106 120
0 106 121
0 106 122
0 106 123
0 106 124
0 106 125
0 106 126
301 7 26
301 8 9
301 8 10
301 8 11
301 8 12
301 8 13
301 8 14
301 8 15
301 8 16
301 8 17
301 8 18
301 8 19
301 8 20
301 8 21
301 8 22
301 8 23
301 8 24
301 8 25
301 8 26
301 9 10
301 9 11
301 9 12
301 9 13
301 9 14
301 9 15
301 9 16
301 9 17
301 9 18
301 9 19
301 9 20
301 9 21
602 108 121
602 108 122
602 108 123
602 108 124
602 108 125
602 108 126
602 108 127
602 109 110
602 109 111
602 109 112
602 109 113
602 109 114
602 109 115
602 109 116
602 109 117
602 109 118
602 109 119
602 109 120
602 109 121
602 109 122
602 109 123
602 109 124
602 109 125
602 109 126
602 109 127
602 110 111
602 110 112
602 110 113
602 110 114
602 110 115
602 110 116
903 87 96
903 87 97
903 87 98
903 87 99
903 87 100
903 88 89
903 88 90
903 88 91
903 88 92
903 88 93
903 88 94
903 88 95
903 88 96
903 88 97
903 88 98
903 88 99
903 88 100
903 89 90
903 89 91
903 89 92
903 89 93
903 89 94
903 89 95
903 89 96
903 89 97
903 89 98
903 89 99
903 90 91
903 90 92
903 90 93
903 90 94
1204 66 67
1204 66 68
1204 66 69
1204 66 70
1204 66 71
1204 66 72
1204 66 73
1204 67 68
1204 67 69
1204 67 70
1204 67 71
1204 67 72
1204 67 73
1204 68 69
1204 68 70
1204 68 71
1204 68 72
1204 69 70
1204 69 71
1204 69 72
1204 70 71
1204 71 72
1204 72 73
1204 73 74
1204 74 75
1204 75 76
1204 76 77
1204 77 78
1204 77 100
1204 77 101
1204 77 102
1505 57 65
1505 57 66
1505 57 67
1505 57 68
1505 57 69
1505 57 70
1505 57 71
1505 57 72
1505 57 73
1505 57 74
1505 57 75
1505 57 76
1505 57 77
1505 58 59
1505 58 60
1505 58 61
1505 58 62
1505 58 63
1505 58 64
1505 58 65
1505 58 66
1505 58 67
1505 58 68
1505 58 69
1505 58 70
1505 58 71
1505 58 72
1505 58 73
1505 58 74
1505 58 75
1505 58 76
1806 155 174
1806 155 175
1806 155 176
1806 155 177
1806 155 178
1806 156 157
1806 156 164
1806 156 165
1806 156 166
1806 156 167
1806 156 168
1806 156 169
1806 156 170
1806 156 171
1806 156 172
1806 156 173
1806 156 174
1806 156 175
1806 156 176
1806 156 177
1806 156 178
1806 157 158
1806 157 162
1806 157 163
1806 157 164
1806 157 165
1806 157 166
1806 157 167
1806 157 168
1806 157 169
1806 157 170
2107 6 14
2107 6 15
2107 6 16
2107 6 17
2107 6 18
2107 6 19
2107 6 20
2107 6 21
2107 6 22
2107 6 23
2107 6 24
2107 6 25
2107 6 26
2107 6 27
2107 7 8
2107 7 10
2107 7 11
2107 7 12
2107 7 13
2107 7 14
2107 7 15
2107 7 16
2107 7 17
2107 7 18
2107 7 19
2107 7 20
2107 7 21
2107 7 22
2107 7 23
2107 7 24
2107 7 25
2408 79 102
2408 80 81
2408 80 90
2408 80 91
2408 80 92
2408 80 93
2408 80 94
2408 80 95
2408 80 96
2408 80 97
2408 80 98
2408 80 99
2408 80 100
2408 80 101
2408 80 102
2408 81 82
2408 81 88
2408 81 89
2408 81 90
2408 81 91
2408 81 92
2408 81 93
2408 81 94
2408 81 95
2408 81 96
2408 81 97
2408 81 98
2408 81 99
2408 81 100
2408 81 101
2408 81 102
2709 85 94
2709 85 95
2709 85 96
2709 85 97
2709 85 98
2709 85 99
2709 85 100
2709 85 101
2709 86 87
2709 86 88
2709 86 89
2709 86 90
2709 86 91
2709 86 92
2709 86 93
2709 86 94
2709 86 95
2709 86 96
2709 86 97
2709 86 98
2709 86 99
2709 86 100
2709 86 101
2709 87 88
2709 87 89
2709 87 90
2709 87 91
2709 87 92
2709 87 93
2709 87 94
2709 87 95
3010 112 119
3010 112 120
3010 112 121
3010 112 122
3010 112 123
3010 112 124
3010 112 125
3010 112 126
3010 113 114
3010 113 115
3010 113 116
3010 113 117
3010 113 118
3010 113 119
3010 113 120
3010 113 121
3010 113 122
3010 113 123
3010 113 124
3010 113 125
3010 114 115
3010 114 116
3010 114 117
3010 114 118
3010 114 119
3010 114 120
3010 114 121
3010 114 122
3010 114 123
3010 114 124
3010 114 125
3311 130 142
3311 130 143
3311 130 144
3311 130 145
3311 130 146
3311 130 147
3311 130 148
3311 130 149
3311 130 150
3311 130 151
3311 130 152
3311 130 153
3311 131 132
3311 131 139
3311 131 140
3311 131 141
3311 131 142
3311 131 143
3311 131 144
3311 131 145
3311 131 146
3311 131 147
3311 131 148
3311 131 149
3311 131 150
3311 131 151
3311 131 152
3311 132 133
3311 132 137
3311 132 138
3311 132 139
3612 63 64
3612 63 65
3612 63 66
3612 63 67
3612 63 68
3612 63 69
3612 63 70
3612 63 71
3612 63 72
3612 63 73
3612 63 74
3612 63 75
3612 64 65
3612 64 66
3612 64 67
3612 64 68
3612 64 69
3612 64 70
3612 64 71
3612 64 72
3612 64 73
3612 64 74
3612 65 66
3612 65 67
3612 65 68
3612 65 69
3612 65 70
3612 65 71
3612 65 72
3612 65 73
3612 65 74
3913 115 116
3913 115 117
3913 115 118
3913 115 119
3913 115 120
3913 115 121
3913 115 122
3913 115 123
3913 115 124
3913 116 117
3913 116 118
3913 116 119
3913 116 120
3913 116 121
3913 116 122
3913 116 123
3913 116 124
3913 117 118
3913 117 119
3913 117 120
3913 117 121
3913 117 122
3913 117 123
3913 118 119
3913 118 120
3913 118 121
3913 118 122
3913 118 123
3913 119 120
3913 119 121
3913 119 122
4214 19 20
4214 19 21
4214 20 21
4214 21 22
4214 22 23
4214 23 24
4214 24 25
4214 25 26
4214 26 27
4214 27 28
4214 27 48
4214 27 49
4214 27 50
4214 27 51
4214 27 52
4214 27 77
4214 27 102
4214 27 127
4214 27 128
4214 27 152
4214 27 153
4214 27 177
4214 27 178
4214 28 29
4214 28 44
4214 28 45
4214 28 46
4214 28 47
4214 28 48
4214 28 49
4214 28 50
4515 14 18
4515 14 19
4515 14 20
4515 14 21
4515 14 22
4515 14 23
4515 14 24
4515 15 16
4515 15 17
4515 15 18
4515 15 19
4515 15 20
4515 15 21
4515 15 22
4515 15 23
4515 16 17
4515 16 18
4515 16 19
4515 16 20
4515 16 21
4515 16 22
4515 16 23
4515 17 18
4515 17 19
4515 17 20
4515 17 21
4515 17 22
4515 18 19
4515 18 20
4515 18 21
4515 18 22
4816 150 151
4816 151 152
4816 152 153
4816 153 154
4816 153 172
4816 153 173
4816 153 174
4816 153 175
4816 153 176
4816 153 177
4816 153 178
4816 154 155
4816 154 169
4816 154 170
4816 154 171
4816 154 172
4816 154 173
4816 154 174
4816 154 175
4816 154 176
4816 154 177
4816 154 178
4816 155 156
4816 155 166
4816 155 167
4816 155 168
4816 155 169
4816 155 170
4816 155 171
4816 155 172
4816 155 173
5117 186 193
5117 186 194
5117 186 195
5117 186 196
5117 186 197
5117 186 198
5117 186 199
5117 187 188
5117 187 189
5117 187 190
5117 187 191
5117 187 192
5117 187 193
5117 187 194
5117 187 195
5117 187 196
5117 187 197
5117 187 198
5117 187 199
5117 188 189
5117 188 190
5117 188 191
5117 188 192
5117 188 193
5117 188 194
5117 188 195
5117 188 196
5117 188 197
5117 188 198
5117 188 199
5117 189 190
5418 157 171
5418 157 172
5418 157 173
5418 157 174
5418 157 175
5418 157 176
5418 157 177
5418 158 159
5418 158 160
5418 158 161
5418 158 162
5418 158 163
5418 158 164
5418 158 165
5418 158 166
5418 158 167
5418 158 168
5418 158 169
5418 158 170
5418 158 171
5418 158 172
5418 158 173
5418 158 174
5418 158 175
5418 158 176
5418 158 177
5418 159 160
5418 159 161
5418 159 162
5418 159 163
5418 159 164
5719 32 46
5719 32 47
5719 32 48
5719 32 49
5719 32 50
5719 32 51
5719 32 52
5719 33 34
5719 33 35
5719 33 36
5719 33 37
5719 33 38
5719 33 39
5719 33 40
5719 33 41
5719 33 42
5719 33 43
5719 33 44
5719 33 45
5719 33 46
5719 33 47
5719 33 48
5719 33 49
5719 33 50
5719 33 51
5719 34 35
5719 34 36
5719 34 37
5719 34 38
5719 34 39
5719 34 40
6020 132 140
6020 132 141
6020 132 142
6020 132 143
6020 132 144
6020 132 145
6020 132 146
6020 132 147
6020 132 148
6020 132 149
6020 132 150
6020 132 151
6020 132 152
6020 133 134
6020 133 135
6020 133 136
6020 133 137
6020 133 138
6020 133 139
6020 133 140
6020 133 141
6020 133 142
6020 133 143
6020 133 144
6020 133 145
6020 133 146
6020 133 147
6020 133 148
6020 133 149
6020 133 150
6020 133 151
6321 177 178
6321 178 179
6321 178 198
6321 178 199
6321 179 180
6321 179 195
6321 179 196
6321 179 197
6321 179 198
6321 179 199
6321 180 181
6321 180 192
6321 180 193
6321 180 194
6321 180 195
6321 180 196
6321 180 197
6321 180 198
6321 180 199
6321 181 182
6321 181 190
6321 181 191
6321 181 192
6321 181 193
6321 181 194
6321 181 195
6321 181 196
6321 181 197
6321 181 198
6321 181 199
6321 182 183
6622 58 77
6622 59 60
6622 59 61
6622 59 62
6622 59 63
6622 59 64
6622 59 65
6622 59 66
6622 59 67
6622 59 68
6622 59 69
6622 59 70
6622 59 71
6622 59 72
6622 59 73
6622 59 74
6622 59 75
6622 59 76
6622 60 61
6622 60 62
6622 60 63
6622 60 64
6622 60 65
6622 60 66
6622 60 67
6622 60 68
6622 60 69
6622 60 70
6622 60 71
6622 60 72
6622 60 73
6923 9 22
6923 9 23
6923 9 24
6923 9 25
6923 9 26
6923 10 11
6923 10 12
6923 10 13
6923 10 14
6923 10 15
6923 10 16
6923 10 17
6923 10 18
6923 10 19
6923 10 20
6923 10 21
6923 10 22
6923 10 23
6923 10 24
6923 10 25
6923 10 26
6923 11 12
6923 11 13
6923 11 14
6923 11 15
6923 11 16
6923 11 17
6923 11 18
6923 11 19
6923 11 20
6923 11 21
7224 4 5
7224 4 16
7224 4 17
7224 4 18
7224 4 19
7224 4 20
7224 4 21
7224 4 22
7224 4 23
7224 4 24
7224 4 25
7224 4 26
7224 4 27
7224 5 6
7224 5 14
7224 5 15
7224 5 16
7224 5 17
7224 5 18
7224 5 19
7224 5 20
7224 5 21
7224 5 22
7224 5 23
7224 5 24
7224 5 25
7224 5 26
7224 5 27
7224 6 7
7224 6 12
7224 6 13
7525 36 41
7525 36 42
7525 36 43
7525 36 44
7525 36 45
7525 36 46
7525 36 47
7525 36 48
7525 36 49
7525 36 50
7525 37 38
7525 37 39
7525 37 40
7525 37 41
7525 37 42
7525 37 43
7525 37 44
7525 37 45
7525 37 46
7525 37 47
7525 37 48
7525 37 49
7525 37 50
7525 38 39
7525 38 40
7525 38 41
7525 38 42
7525 38 43
7525 38 44
7525 38 45
7525 38 46
7826 161 163
7826 161 164
7826 161 165
7826 161 166
7826 161 167
7826 161 168
7826 161 169
7826 161 170
7826 161 171
7826 161 172
7826 161 173
7826 161 174
7826 161 175
7826 161 176
7826 162 163
7826 162 164
7826 162 165
7826 162 166
7826 162 167
7826 162 168
7826 162 169
7826 162 170
7826 162 171
7826 162 172
7826 162 173
7826 162 174
7826 162 175
7826 162 176
7826 163 164
7826 163 165
7826 163 166
8127 77 127
8127 77 128
8127 77 152
8127 77 153
8127 77 177
8127 77 178
8127 78 79
8127 78 95
8127 78 96
8127 78 97
8127 78 98
8127 78 99
8127 78 100
8127 78 101
8127 78 102
8127 78 127
8127 78 128
8127 78 152
8127 78 153
8127 78 177
8127 78 178
8127 79 80
8127 79 93
8127 79 94
8127 79 95
8127 79 96
8127 79 97
8127 79 98
8127 79 99
8127 79 100
8127 79 101
8428 106 127
8428 107 108
8428 107 111
8428 107 112
8428 107 113
8428 107 114
8428 107 115
8428 107 116
8428 107 117
8428 107 118
8428 107 119
8428 107 120
8428 107 121
8428 107 122
8428 107 123
8428 107 124
8428 107 125
8428 107 126
8428 107 127
8428 108 109
8428 108 110
8428 108 111
8428 108 112
8428 108 113
8428 108 114
8428 108 115
8428 108 116
8428 108 117
8428 108 118
8428 108 119
8428 108 120
8729 182 188
8729 182 189
8729 182 190
8729 182 191
8729 182 192
8729 182 193
8729 182 194
8729 182 195
8729 182 196
8729 182 197
8729 182 198
8729 182 199
8729 183 184
8729 183 186
8729 183 187
8729 183 188
8729 183 189
8729 183 190
8729 183 191
8729 183 192
8729 183 193
8729 183 194
8729 183 195
8729 183 196
8729 183 197
8729 183 198
8729 183 199
8729 184 185
8729 184 186
8729 184 187
8729 184 188
9030 60 74
9030 60 75
9030 60 76
9030 61 62
9030 61 63
9030 61 64
9030 61 65
9030 61 66
9030 61 67
9030 61 68
9030 61 69
9030 61 70
9030 61 71
9030 61 72
9030 61 73
9030 61 74
9030 61 75
9030 61 76
9030 62 63
9030 62 64
9030 62 65
9030 62 66
9030 62 67
9030 62 68
9030 62 69
9030 62 70
9030 62 71
9030 62 72
9030 62 73
9030 62 74
9030 62 75
9331 133 152
9331 134 135
9331 134 136
9331 134 137
9331 134 138
9331 134 139
9331 134 140
9331 134 141
9331 134 142
9331 134 143
9331 134 144
9331 134 145
9331 134 146
9331 134 147
9331 134 148
9331 134 149
9331 134 150
9331 134 151
9331 134 152
9331 135 136
9331 135 137
9331 135 138
9331 135 139
9331 135 140
9331 135 141
9331 135 142
9331 135 143
9331 135 144
9331 135 145
9331 135 146
9331 135 147
9632 11 22
9632 11 23
9632 11 24
9632 11 25
9632 12 13
9632 12 14
9632 12 15
9632 12 16
9632 12 17
9632 12 18
9632 12 19
9632 12 20
9632 12 21
9632 12 22
9632 12 23
9632 12 24
9632 12 25
9632 13 14
9632 13 15
9632 13 16
9632 13 17
9632 13 18
9632 13 19
9632 13 20
9632 13 21
9632 13 22
9632 13 23
9632 13 24
9632 14 15
9632 14 16
9632 14 17
9933 38 47
9933 38 48
9933 38 49
9933 38 50
9933 39 40
9933 39 41
9933 39 42
9933 39 43
9933 39 44
9933 39 45
9933 39 46
9933 39 47
9933 39 48
9933 39 49
9933 40 41
9933 40 42
9933 40 43
9933 40 44
9933 40 45
9933 40 46
9933 40 47
9933 40 48
9933 40 49
9933 41 42
9933 41 43
9933 41 44
9933 41 45
9933 41 46
9933 41 47
9933 41 48
9933 42 43
10234 42 44
10234 42 45
10234 42 46
10234 42 47
10234 42 48
10234 43 44
10234 43 45
10234 43 46
10234 43 47
10234 44 45
10234 44 46
10234 44 47
10234 45 46
10234 46 47
10234 47 48
10234 48 49
10234 49 50
10234 50 51
10234 51 52
10234 52 53
10234 52 74
10234 52 75
10234 52 76
10234 52 77
10234 52 102
10234 52 127
10234 52 128
10234 52 152
10234 52 153
10234 52 177
10234 52 178
10535 159 165
10535 159 166
10535 159 167
10535 159 168
10535 159 169
10535 159 170
10535 159 171
10535 159 172
10535 159 173
10535 159 174
10535 159 175
10535 159 176
10535 159 177
10535 160 161
10535 160 162
10535 160 163
10535 160 164
10535 160 165
10535 160 166
10535 160 167
10535 160 168
10535 160 169
10535 160 170
10535 160 171
10535 160 172
10535 160 173
10535 160 174
10535 160 175
10535 160 176
10535 160 177
10535 161 162
10836 110 117
10836 110 118
10836 110 119
10836 110 120
10836 110 121
10836 110 122
10836 110 123
10836 110 124
10836 110 125
10836 110 126
10836 111 112
10836 111 113
10836 111 114
10836 111 115
10836 111 116
10836 111 117
10836 111 118
10836 111 119
10836 111 120
10836 111 121
10836 111 122
10836 111 123
10836 111 124
10836 111 125
10836 111 126
10836 112 113
10836 112 114
10836 112 115
10836 112 116
10836 112 117
10836 112 118
11137 82 83
11137 82 86
11137 82 87
11137 82 88
11137 82 89
11137 82 90
11137 82 91
11137 82 92
11137 82 93
11137 82 94
11137 82 95
11137 82 96
11137 82 97
11137 82 98
11137 82 99
11137 82 100
11137 82 101
11137 82 102
11137 83 84
11137 83 85
11137 83 86
11137 83 87
11137 83 88
11137 83 89
11137 83 90
11137 83 91
11137 83 92
11137 83 93
11137 83 94
11137 83 95
11137 83 96
11438 34 41
11438 34 42
11438 34 43
11438 34 44
11438 34 45
11438 34 46
11438 34 47
11438 34 48
11438 34 49
11438 34 50
11438 34 51
11438 35 36
11438 35 37
11438 35 38
11438 35 39
11438 35 40
11438 35 41
11438 35 42
11438 35 43
11438 35 44
11438 35 45
11438 35 46
11438 35 47
11438 35 48
11438 35 49
11438 35 50
11438 35 51
11438 36 37
11438 36 38
11438 36 39
11438 36 40
11739 137 150
11739 137 151
11739 138 139
11739 138 140
11739 138 141
11739 138 142
11739 138 143
11739 138 144
11739 138 145
11739 138 146
11739 138 147
11739 138 148
11739 138 149
11739 138 150
11739 139 140
11739 139 141
11739 139 142
11739 139 143
11739 139 144
11739 139 145
11739 139 146
11739 139 147
11739 139 148
11739 139 149
11739 139 150
11739 140 141
11739 140 142
11739 140 143
11739 140 144
11739 140 145
11739 140 146
12040 55 68
12040 55 69
12040 55 70
12040 55 71
12040 55 72
12040 55 73
12040 55 74
12040 55 75
12040 55 76
12040 55 77
12040 56 57
12040 56 63
12040 56 64
12040 56 65
12040 56 66
12040 56 67
12040 56 68
12040 56 69
12040 56 70
12040 56 71
12040 56 72
12040 56 73
12040 56 74
12040 56 75
12040 56 76
12040 56 77
12040 57 58
12040 57 61
12040 57 62
12040 57 63
12040 57 64
12341 189 191
12341 189 192
12341 189 193
12341 189 194
12341 189 195
12341 189 196
12341 189 197
12341 189 198
12341 189 199
12341 190 191
12341 190 192
12341 190 193
12341 190 194
12341 190 195
12341 190 196
12341 190 197
12341 190 198
12341 190 199
12341 191 192
12341 191 193
12341 191 194
12341 191 195
12341 191 196
12341 191 197
12341 191 198
12341 191 199
12341 192 193
12341 192 194
12341 192 195
12341 192 196
12341 192 197
12642 135 148
12642 135 149
12642 135 150
12642 135 151
12642 136 137
12642 136 138
12642 136 139
12642 136 140
12642 136 141
12642 136 142
12642 136 143
12642 136 144
12642 136 145
12642 136 146
12642 136 147
12642 136 148
12642 136 149
12642 136 150
12642 136 151
12642 137 138
12642 137 139
12642 137 140
12642 137 141
12642 137 142
12642 137 143
12642 137 144
12642 137 145
12642 137 146
12642 137 147
12642 137 148
12642 137 149
12943 140 147
12943 140 148
12943 140 149
12943 141 142
12943 141 143
12943 141 144
12943 141 145
12943 141 146
12943 141 147
12943 141 148
12943 141 149
12943 142 143
12943 142 144
12943 142 145
12943 142 146
12943 142 147
12943 142 148
12943 143 144
12943 143 145
12943 143 146
12943 143 147
12943 143 148
12943 144 145
12943 144 146
12943 144 147
12943 145 146
12943 145 147
12943 146 147
12943 147 148
12943 148 149
12943 149 150
13244 184 189
13244 184 190
13244 184 191
13244 184 192
13244 184 193
13244 184 194
13244 184 195
13244 184 196
13244 184 197
13244 184 198
13244 184 199
13244 185 186
13244 185 187
13244 185 188
13244 185 189
13244 185 190
13244 185 191
13244 185 192
13244 185 193
13244 185 194
13244 185 195
13244 185 196
13244 185 197
13244 185 198
13244 185 199
13244 186 187
13244 186 188
13244 186 189
13244 186 190
13244 186 191
13244 186 192
13545 192 198
13545 192 199
13545 193 194
13545 193 195
13545 193 196
13545 193 197
13545 193 198
13545 194 195
13545 194 196
13545 194 197
13545 194 198
13545 195 196
13545 195 197
13545 196 197
13545 197 198
13545 198 199
13846 28 51
13846 28 52
13846 28 152
13846 28 153
13846 28 177
13846 28 178
13846 29 30
13846 29 42
13846 29 43
13846 29 44
13846 29 45
13846 29 46
13846 29 47
13846 29 48
13846 29 49
13846 29 50
13846 29 51
13846 29 52
13846 30 31
13846 30 39
13846 30 40
13846 30 41
13846 30 42
13846 30 43
13846 30 44
13846 30 45
13846 30 46
13846 30 47
13846 30 48
13846 30 49
13846 30 50
14147 163 167
14147 163 168
14147 163 169
14147 163 170
14147 163 171
14147 163 172
14147 163 173
14147 163 174
14147 163 175
14147 164 165
14147 164 166
14147 164 167
14147 164 168
14147 164 169
14147 164 170
14147 164 171
14147 164 172
14147 164 173
14147 164 174
14147 164 175
14147 165 166
14147 165 167
14147 165 168
14147 165 169
14147 165 170
14147 165 171
14147 165 172
14147 165 173
14147 165 174
14147 165 175
14147 166 167
14448 98 99
14448 99 100
14448 100 101
14448 101 102
14448 102 103
14448 102 127
14448 102 128
14448 102 152
14448 102 153
14448 102 177
14448 102 178
14448 103 104
14448 103 121
14448 103 122
14448 103 123
14448 103 124
14448 103 125
14448 103 126
14448 103 127
14448 103 128
14448 103 153
14448 103 178
14448 104 105
14448 104 118
14448 104 119
14448 104 120
14448 104 121
14448 104 122
14448 104 123
14448 104 124
14448 104 125
14749 83 97
14749 83 98
14749 83 99
14749 83 100
14749 83 101
14749 83 102
14749 84 85
14749 84 86
14749 84 87
14749 84 88
14749 84 89
14749 84 90
14749 84 91
14749 84 92
14749 84 93
14749 84 94
14749 84 95
14749 84 96
14749 84 97
14749 84 98
14749 84 99
14749 84 100
14749 84 101
14749 85 86
14749 85 87
14749 85 88
14749 85 89
14749 85 90
14749 85 91
14749 85 92
14749 85 93
15050 90 95
15050 90 96
15050 90 97
15050 90 98
15050 90 99
15050 91 92
15050 91 93
15050 91 94
15050 91 95
15050 91 96
15050 91 97
15050 91 98
15050 91 99
15050 92 93
15050 92 94
15050 92 95
15050 92 96
15050 92 97
15050 92 98
15050 93 94
15050 93 95
15050 93 96
15050 93 97
15050 93 98
15050 94 95
15050 94 96
15050 94 97
15050 95 96
15050 95 97
15050 96 97
15050 97 98
15351 166 168
15351 166 169
15351 166 170
15351 166 171
15351 166 172
15351 166 173
15351 166 174
15351 167 168
15351 167 169
15351 167 170
15351 167 171
15351 167 172
15351 167 173
15351 167 174
15351 168 169
15351 168 170
15351 168 171
15351 168 172
15351 168 173
15351 169 170
15351 169 171
15351 169 172
15351 169 173
15351 170 171
15351 170 172
15351 171 172
15351 172 173
15351 173 174
15351 174 175
15351 175 176
15351 176 177
15652 0 1
15652 1 2
15652 2 3
15652 2 22
15652 2 23
15652 2 24
15652 2 25
15652 2 26
15652 2 27
15652 2 52
15652 2 77
15652 2 102
15652 2 103
15652 2 127
15652 2 128
15652 2 152
15652 2 153
15652 2 177
15652 2 178
15652 3 4
15652 3 19
15652 3 20
15652 3 21
15652 3 22
15652 3 23
15652 3 24
15652 3 25
15652 3 26
15652 3 27
15652 3 177
15652 3 178
15953 53 54
15953 53 70
15953 53 71
15953 53 72
15953 53 73
15953 53 74
15953 53 75
15953 53 76
15953 53 77
15953 53 127
15953 53 128
15953 53 152
15953 53 153
15953 53 177
15953 53 178
15953 54 55
15953 54 67
15953 54 68
15953 54 69
15953 54 70
15953 54 71
15953 54 72
15953 54 73
15953 54 74
15953 54 75
15953 54 76
15953 54 77
15953 55 56
15953 55 65
15953 55 66
15953 55 67
16254 120 121
16254 120 122
16254 121 122
16254 122 123
16254 123 124
16254 124 125
16254 125 126
16254 126 127
16254 127 128
16254 128 129
16254 128 147
16254 128 148
16254 128 149
16254 128 150
16254 128 151
16254 128 152
16254 128 153
16254 128 178
16254 129 130
16254 129 144
16254 129 145
16254 129 146
16254 129 147
16254 129 148
16254 129 149
16254 129 150
16254 129 151
16254 129 152
16254 129 153
16254 130 131
16254 130 141
16555 30 51
16555 30 52
16555 31 32
16555 31 37
16555 31 38
16555 31 39
16555 31 40
16555 31 41
16555 31 42
16555 31 43
16555 31 44
16555 31 45
16555 31 46
16555 31 47
16555 31 48
16555 31 49
16555 31 50
16555 31 51
16555 31 52
16555 32 33
16555 32 35
16555 32 36
16555 32 37
16555 32 38
16555 32 39
16555 32 40
16555 32 41
16555 32 42
16555 32 43
16555 32 44
16555 32 45
0 157 168
0 157 169
1.5 82 99
1.5 82 100
3.0 129 151
3.0 129 152
4.5 87 97
4.5 87 98
6.0 137 147
6.0 137 148
7.5 156 164
7.5 156 165
9.0 86 95
9.0 86 96
10.5 84 100
10.5 84 101
12.0 157 174
12.0 157 175
13.5 33 43
13.5 33 44
15.0 44 46
15.0 44 47
16.5 82 97
16.5 82 98
18.0 181 196
18.0 181 197
19.5 93 97
19.5 93 98
21.0 83 96
21.0 83 97
22.5 188 191
22.5 188 192
24.0 69 72
24.0 70 71
25.5 10 18
25.5 10 19
27.0 85 94
27.0 85 95
28.5 5 23
28.5 5 24
30.0 28 51
30.0 28 52
31.5 7 19
31.5 7 20
33.0 59 61
33.0 59 62
34.5 162 176
34.5 163 164
36.0 86 89
36.0 86 90
37.5 186 194
37.5 186 195
39.0 158 161
39.0 158 162
40.5 157 176
40.5 157 177
42.0 131 147
42.0 131 148
43.5 4 16
43.5 4 17
45.0 137 151
45.0 138 139
46.5 136 143
46.5 136 144
48.0 128 153
48.0 128 178
49.5 36 49
49.5 36 50
51.0 11 17
51.0 11 18
52.5 52 128
52.5 52 152
54.0 45 46
54.0 46 47
55.5 56 76
55.5 56 77
57.0 167 170
57.0 167 171
58.5 35 38
58.5 35 39
60.0 8 19
60.0 8 20
61.5 86 93
61.5 86 94
63.0 29 49
63.0 29 50
64.5 131 143
64.5 131 144
66.0 140 147
66.0 140 148
67.5 103 124
67.5 103 125
69.0 143 147
69.0 143 148
70.5 83 90
70.5 83 91
72.0 56 64
72.0 56 65
73.5 135 146
73.5 135 147
75.0 129 149
75.0 129 150
76.5 65 70
76.5 65 71
78.0 190 192
78.0 190 193
79.5 89 92
79.5 89 93
81.0 35 46
81.0 35 47
82.5 105 120
82.5 105 121
84.0 89 94
84.0 89 95
85.5 162 164
85.5 162 165
87.0 109 119
87.0 109 120
88.5 190 198
88.5 190 199
90.0 85 92
90.0 85 93
91.5 81 99
91.5 81 100
93.0 110 114
93.0 110 115
94.5 189 199
94.5 190 191
96.0 7 23
96.0 7 24
97.5 110 112
97.5 110 113
99.0 55 72
99.0 55 73
100.5 144 147
100.5 145 146
102.0 163 167
102.0 163 168
103.5 17 18
103.5 17 19
105.0 166 171
105.0 166 172
106.5 93 95
106.5 93 96
108.0 2 103
108.0 2 127
109.5 179 180
109.5 179 195
111.0 42 44
111.0 42 45
112.5 111 123
112.5 111 124
114.0 63 74
114.0 63 75
115.5 82 89
115.5 82 90
117.0 83 88
117.0 83 89
118.5 62 66
118.5 62 67
120.0 130 145
120.0 130 146
121.5 63 66
121.5 63 67
123.0 78 128
123.0 78 152
124.5 113 124
124.5 113 125
126.0 185 195
126.0 185 196
127.5 32 42
127.5 32 43
129.0 183 198
129.0 183 199
130.5 94 97
130.5 95 96
132.0 127 128
132.0 128 129
133.5 6 20
133.5 6 21
135.0 62 64
135.0 62 65
136.5 54 55
136.5 54 67
138.0 107 118
138.0 107 119
139.5 160 174
139.5 160 175
141.0 12 24
141.0 12 25
142.5 149 150
142.5 150 151
144.0 61 68
144.0 61 69
145.5 59 71
145.5 59 72
147.0 30 48
147.0 30 49
148.5 37 46
148.5 37 47
150.0 158 165
150.0 158 166
151.5 6 14
151.5 6 15
153.0 182 183
153.0 182 188
154.5 37 40
154.5 37 41
156.0 130 153
156.0 131 132
157.5 60 69
157.5 60 70
159.0 28 45
159.0 28 46
160.5 134 147
160.5 134 148
162.0 184 199
162.0 185 186
163.5 107 112
163.5 107 113
165.0 167 172
165.0 167 173
166.5 79 97
166.5 79 98
168.0 36 45
168.0 36 46
169.5 9 26
169.5 10 11
171.0 60 75
171.0 60 76
172.5 160 170
172.5 160 171
174.0 57 66
174.0 57 67
175.5 37 50
175.5 38 39
177.0 115 123
177.0 115 124
178.5 58 61
178.5 58 62
180.0 14 16
180.0 14 17
181.5 37 48
181.5 37 49
183.0 92 98
183.0 93 94
184.5 67 68
184.5 67 69
186.0 145 147
186.0 146 147
187.5 60 71
187.5 60 72
189.0 185 187
189.0 185 188
190.5 168 170
190.5 168 171
192.0 131 139
192.0 131 140
193.5 135 150
193.5 135 151
195.0 37 38
195.0 37 39
196.5 91 99
196.5 92 93
198.0 34 46
198.0 34 47
199.5 155 168
199.5 155 169
201.0 42 46
201.0 42 47
202.5 158 167
202.5 158 168
204.0 154 155
204.0 154 169
205.5 159 171
205.5 159 172
207.0 57 58
207.0 57 61
208.5 112 113
208.5 112 114
210.0 114 119
210.0 114 120
211.5 151 152
211.5 152 153
213.0 134 135
213.0 134 136
214.5 31 41
214.5 31 42
216.0 163 165
216.0 163 166
217.5 53 70
217.5 53 71
219.0 30 52
219.0 31 32
220.5 34 42
220.5 34 43
222.0 156 170
222.0 156 171
223.5 156 168
223.5 156 169
225.0 88 95
225.0 88 96
226.5 180 199
226.5 181 182
228.0 171 172
228.0 172 173
229.5 14 20
229.5 14 21
231.0 134 143
231.0 134 144
232.5 9 12
232.5 9 13
234.0 157 164
234.0 157 165
235.5 88 99
235.5 88 100
237.0 194 195
237.0 194 196
238.5 118 121
238.5 118 122
240.0 179 198
240.0 179 199
241.5 34 48
241.5 34 49
243.0 35 36
243.0 35 37
244.5 40 46
244.5 40 47
246.0 55 76
246.0 55 77
247.5 31 39
247.5 31 40
249.0 38 50
249.0 39 40
250.5 130 149
250.5 130 150
252.0 53 74
252.0 53 75
253.5 27 77
253.5 27 102
255.0 132 150
255.0 132 151
256.5 37 42
256.5 37 43
258.0 32 40
258.0 32 41
259.5 92 94
259.5 92 95
261.0 132 148
261.0 132 149
262.5 107 120
262.5 107 121
264.0 87 95
264.0 87 96
265.5 37 44
265.5 37 45
267.0 60 73
267.0 60 74
268.5 110 122
268.5 110 123
270.0 138 142
270.0 138 143
271.5 62 70
271.5 62 71
273.0 7 11
273.0 7 12
274.5 113 114
274.5 113 115
276.0 33 51
276.0 34 35
277.5 134 149
277.5 134 150
279.0 121 122
279.0 122 123
280.5 173 174
280.5 174 175
282.0 15 23
282.0 16 17
283.5 128 151
283.5 128 152
285.0 12 14
285.0 12 15
286.5 3 23
286.5 3 24
288.0 12 22
288.0 12 23
289.5 185 197
289.5 185 198
291.0 185 199
291.0 186 187
292.5 137 145
292.5 137 146
294.0 32 50
294.0 32 51
295.5 158 173
295.5 158 174
297.0 116 119
297.0 116 120
298.5 165 170
298.5 165 171
300.0 110 116
300.0 110 117
301.5 159 167
301.5 159 168
303.0 165 166
303.0 165 167
304.5 135 144
304.5 135 145
306.0 6 22
306.0 6 23
307.5 163 169
307.5 163 170
309.0 111 115
309.0 111 116
310.5 65 74
310.5 66 67
312.0 6 26
312.0 6 27
313.5 81 93
313.5 81 94
315.0 139 141
315.0 139 142
316.5 34 44
316.5 34 45
318.0 6 12
318.0 6 13
319.5 182 195
319.5 182 196
321.0 131 149
321.0 131 150
322.5 11 23
322.5 11 24
324.0 29 51
324.0 29 52
325.5 13 16
325.5 13 17
327.0 132 142
327.0 132 143
328.5 78 96
328.5 78 97
330.0 132 146
330.0 132 147
331.5 58 73
331.5 58 74
333.0 64 69
333.0 64 70
334.5 114 117
334.5 114 118
336.0 109 125
336.0 109 126
337.5 120 121
337.5 120 122
339.0 65 68
339.0 65 69
340.5 34 50
340.5 34 51
342.0 58 67
342.0 58 68
343.5 191 194
343.5 191 195
345.0 133 135
345.0 133 136
346.5 53 127
346.5 53 128
348.0 142 148
348.0 143 144
349.5 162 166
349.5 162 167
351.0 5 6
351.0 5 14
352.5 33 39
352.5 33 40
354.0 61 66
354.0 61 67
355.5 109 113
355.5 109 114
357.0 54 70
357.0 54 71
358.5 138 140
358.5 138 141
360.0 138 148
360.0 138 149
361.5 28 29
361.5 28 44
363.0 80 97
363.0 80 98
364.5 183 190
364.5 183 191
366.0 54 74
366.0 54 75
367.5 69 70
367.5 69 71
369.0 78 178
369.0 79 80
370.5 2 128
370.5 2 152
372.0 161 176
372.0 162 163
373.5 108 123
373.5 108 124
375.0 111 117
375.0 111 118
376.5 35 42
376.5 35 43
378.0 59 69
378.0 59 70
379.5 2 3
379.5 2 22
381.0 158 171
381.0 158 172
382.5 35 50
382.5 35 51
384.0 133 151
384.0 133 152
385.5 16 20
385.5 16 21
387.0 89 98
387.0 89 99
388.5 9 10
388.5 9 11
390.0 116 117
390.0 116 118
391.5 6 18
391.5 6 19
393.0 28 177
393.0 28 178
394.5 135 148
394.5 135 149
396.0 9 18
396.0 9 19
397.5 107 122
397.5 107 123
399.0 129 147
399.0 129 148
400.5 106 107
400.5 106 113
402.0 132 133
402.0 132 137
403.5 57 62
403.5 57 63
405.0 190 194
405.0 190 195
406.5 104 128
406.5 105 106
408.0 115 119
408.0 115 120
409.5 4 24
409.5 4 25
411.0 43 45
411.0 43 46
412.5 61 74
412.5 61 75
414.0 59 75
414.0 59 76
415.5 33 35
415.5 33 36
417.0 8 9
417.0 8 10
418.5 62 74
418.5 62 75
420.0 133 143
420.0 133 144
421.5 58 75
421.5 58 76
423.0 87 89
423.0 87 90
424.5 87 93
424.5 87 94
426.0 137 143
426.0 137 144
427.5 107 114
427.5 107 115
429.0 34 38
429.0 34 39
430.5 77 78
430.5 77 100
432.0 83 84
432.0 83 85
433.5 61 70
433.5 61 71
435.0 184 197
435.0 184 198
436.5 116 123
436.5 116 124
438.0 106 124
438.0 106 125
439.5 27 51
439.5 27 52
441.0 5 17
441.0 5 18
442.5 101 102
442.5 102 103
444.0 86 87
444.0 86 88
445.5 10 12
445.5 10 13
447.0 141 149
447.0 142 143
448.5 11 19
448.5 11 20
450.0 135 136
450.0 135 137
451.5 58 71
451.5 58 72
453.0 58 63
453.0 58 64
454.5 85 86
454.5 85 87
456.0 97 98
456.0 98 99
457.5 38 48
457.5 38 49
459.0 91 93
459.0 91 94
460.5 10 20
460.5 10 21
462.0 163 175
462.0 164 165
463.5 15 17
463.5 15 18
465.0 108 113
465.0 108 114
466.5 109 111
466.5 109 112
468.0 196 197
468.0 197 198
469.5 14 24
469.5 15 16
471.0 58 65
471.0 58 66
472.5 47 48
472.5 48 49
474.0 162 170
474.0 162 171
475.5 61 76
475.5 62 63
477.0 82 83
477.0 82 86
478.5 108 127
478.5 109 110
480.0 32 38
480.0 32 39
481.5 107 126
481.5 107 127
483.0 158 163
483.0 158 164
484.5 82 91
484.5 82 92
486.0 84 88
486.0 84 89
487.5 21 22
487.5 22 23
489.0 136 145
489.0 136 146
490.5 4 26
490.5 4 27
492.0 34 40
492.0 34 41
493.5 165 172
493.5 165 173
495.0 10 26
495.0 11 12
496.5 86 99
496.5 86 100
498.0 116 121
498.0 116 122
499.5 17 20
499.5 17 21
501.0 184 195
501.0 184 196
502.5 157 172
502.5 157 173
504.0 169 172
504.0 169 173
505.5 187 198
505.5 187 199
507.0 13 24
507.0 14 15
508.5 157 170
508.5 157 171
510.0 52 76
510.0 52 77
511.5 56 74
511.5 56 75
513.0 136 149
513.0 136 150
514.5 195 196
514.5 195 197
516.0 175 176
516.0 176 177
517.5 77 127
517.5 77 128
519.0 135 140
519.0 135 141
520.5 123 124
520.5 124 125
522.0 80 91
522.0 80 92
523.5 108 119
523.5 108 120
525.0 111 119
525.0 111 120
526.5 107 116
526.5 107 117
528.0 190 196
528.0 190 197
529.5 159 177
529.5 160 161
531.0 38 42
531.0 38 43
532.5 187 190
532.5 187 191
534.0 129 145
534.0 129 146
535.5 112 123
535.5 112 124
537.0 56 70
537.0 56 71
538.5 30 31
538.5 30 39
540.0 162 172
540.0 162 173
541.5 59 65
541.5 59 66
543.0 52 153
543.0 52 177
544.5 53 76
544.5 53 77
546.0 19 21
546.0 20 21
547.5 161 166
547.5 161 167
549.0 95 97
549.0 96 97
550.5 181 192
550.5 181 193
552.0 53 152
552.0 53 153
553.5 160 162
553.5 160 163
555.0 61 62
555.0 61 63
556.5 164 168
556.5 164 169
558.0 153 173
558.0 153 174
559.5 91 95
559.5 91 96
561.0 129 153
561.0 130 131
562.5 52 102
562.5 52 127
564.0 18 20
564.0 18 21
565.5 56 57
565.5 56 63
567.0 82 95
567.0 82 96
568.5 10 22
568.5 10 23
570.0 154 174
570.0 154 175
571.5 158 175
571.5 158 176
573.0 88 97
573.0 88 98
574.5 133 147
574.5 133 148
576.0 130 141
576.0 130 142
577.5 68 71
577.5 68 72
579.0 31 37
579.0 31 38
580.5 112 115
580.5 112 116
582.0 185 193
582.0 185 194
583.5 83 94
583.5 83 95
585.0 158 169
585.0 158 170
586.5 99 100
586.5 100 101
588.0 142 146
588.0 142 147
589.5 84 96
589.5 84 97
591.0 27 152
591.0 27 153
592.5 186 190
592.5 186 191
594.0 32 44
594.0 32 45
595.5 133 145
595.5 133 146
597.0 13 18
597.0 13 19
598.5 188 193
598.5 188 194
600.0 137 149
600.0 137 150
601.5 30 44
601.5 30 45
603.0 8 15
603.0 8 16
604.5 188 197
604.5 188 198
606.0 27 49
606.0 27 50
607.5 114 115
607.5 114 116
609.0 31 49
609.0 31 50
610.5 159 175
610.5 159 176
612.0 162 174
612.0 162 175
613.5 54 68
613.5 54 69
615.0 54 76
615.0 54 77
616.5 130 147
616.5 130 148
618.0 15 19
618.0 15 20
619.5 41 46
619.5 41 47
621.0 32 46
621.0 32 47
622.5 33 49
622.5 33 50
624.0 139 147
624.0 139 148
625.5 181 190
625.5 181 191
627.0 12 20
627.0 12 21
628.5 110 120
628.5 110 121
630.0 85 98
630.0 85 99
631.5 188 199
631.5 189 190
633.0 108 111
633.0 108 112
634.5 9 20
634.5 9 21
636.0 31 47
636.0 31 48
637.5 130 151
637.5 130 152
639.0 85 88
639.0 85 89
640.5 139 149
640.5 139 150
642.0 92 96
642.0 92 97
643.5 55 70
643.5 55 71
645.0 9 16
645.0 9 17
646.5 137 141
646.5 137 142
648.0 2 25
648.0 2 26
649.5 134 151
649.5 134 152
651.0 160 164
651.0 160 165
652.5 136 137
652.5 136 138
654.0 83 102
654.0 84 85
655.5 33 45
655.5 33 46
657.0 154 170
657.0 154 171
658.5 143 145
658.5 143 146
660.0 30 50
660.0 30 51
661.5 27 177
661.5 27 178
663.0 33 41
663.0 33 42
664.5 40 44
664.5 40 45
666.0 140 143
666.0 140 144
667.5 3 21
667.5 3 22
669.0 133 149
669.0 133 150
670.5 57 70
670.5 57 71
672.0 165 174
672.0 165 175
673.5 5 25
673.5 5 26
675.0 29 45
675.0 29 46
676.5 58 77
676.5 59 60
678.0 64 67
678.0 64 68
679.5 3 19
679.5 3 20
681.0 12 16
681.0 12 17
682.5 86 101
682.5 87 88
684.0 157 162
684.0 157 163
685.5 141 145
685.5 141 146
687.0 105 116
687.0 105 117
688.5 35 40
688.5 35 41
690.0 62 68
690.0 62 69
691.5 90 97
691.5 90 98
693.0 180 193
693.0 180 194
694.5 18 22
694.5 19 20
696.0 104 120
696.0 104 121
697.5 184 193
697.5 184 194
699.0 160 168
699.0 160 169
700.5 106 116
700.5 106 117
702.0 160 166
702.0 160 167
703.5 159 173
703.5 159 174
705.0 139 143
705.0 139 144
706.5 131 141
706.5 131 142
708.0 23 24
708.0 24 25
709.5 182 189
709.5 182 190
711.0 133 139
711.0 133 140
712.5 3 27
712.5 3 177
714.0 41 44
714.0 41 45
715.5 102 127
715.5 102 128
717.0 134 145
717.0 134 146
718.5 66 70
718.5 66 71
720.0 33 37
720.0 33 38
721.5 106 118
721.5 106 119
723.0 192 195
723.0 192 196
724.5 103 126
724.5 103 127
726.0 5 21
726.0 5 22
727.5 129 130
727.5 129 144
729.0 162 168
729.0 162 169
730.5 36 37
730.5 36 38
732.0 155 166
732.0 155 167
733.5 169 170
733.5 169 171
735.0 15 21
735.0 15 22
736.5 180 195
736.5 180 196
738.0 109 127
738.0 110 111
739.5 5 19
739.5 5 20
741.0 128 149
741.0 128 150
742.5 5 27
742.5 6 7
744.0 103 122
744.0 103 123
745.5 83 100
745.5 83 101
747.0 49 50
747.0 50 51
748.5 66 68
748.5 66 69
750.0 29 47
750.0 29 48
751.5 188 195
751.5 188 196
753.0 8 13
753.0 8 14
754.5 159 163
754.5 159 164
756.0 91 97
756.0 91 98
757.5 7 8
757.5 7 10
759.0 71 72
759.0 72 73
760.5 104 122
760.5 104 123
762.0 183 196
762.0 183 197
763.5 55 68
763.5 55 69
765.0 184 187
765.0 184 188
766.5 79 95
766.5 79 96
768.0 138 150
768.0 139 140
769.5 186 198
769.5 186 199
771.0 188 189
771.0 188 190
772.5 77 177
772.5 77 178
774.0 136 139
774.0 136 140
775.5 63 68
775.5 63 69
777.0 10 14
777.0 10 15
778.5 39 43
778.5 39 44
780.0 108 117
780.0 108 118
781.5 164 170
781.5 164 171
783.0 51 52
783.0 52 53
784.5 107 108
784.5 107 111
786.0 60 63
786.0 60 64
787.5 90 93
787.5 90 94
789.0 31 51
789.0 31 52
790.5 106 122
790.5 106 123
792.0 61 72
792.0 61 73
793.5 52 74
793.5 52 75
795.0 32 33
795.0 32 35
796.5 40 48
796.5 40 49
798.0 16 18
798.0 16 19
799.5 193 195
799.5 193 196
801.0 161 174
801.0 161 175
802.5 68 69
802.5 68 70
804.0 107 124
804.0 107 125
805.5 187 188
805.5 187 189
807.0 5 15
807.0 5 16
808.5 135 142
808.5 135 143
810.0 27 28
810.0 27 48
811.5 158 159
811.5 158 160
813.0 62 72
813.0 62 73
814.5 185 191
814.5 185 192
816.0 198 199
817.5 136 151
817.5 137 138
819.0 194 197
819.0 194 198
820.5 81 89
820.5 81 90
822.0 182 193
822.0 182 194
823.5 167 174
823.5 168 169
825.0 160 172
825.0 160 173
826.5 9 24
826.5 9 25
828.0 111 113
828.0 111 114
829.5 161 168
829.5 161 169
831.0 42 48
831.0 43 44
832.5 166 167
832.5 166 168
834.0 103 178
834.0 104 105
835.5 9 14
835.5 9 15
837.0 2 23
837.0 2 24
838.5 39 49
838.5 40 41
840.0 106 120
840.0 106 121
841.5 132 138
841.5 132 139
843.0 84 86
843.0 84 87
844.5 109 121
844.5 109 122
846.0 58 69
846.0 58 70
847.5 78 102
847.5 78 127
849.0 17 22
849.0 18 19
850.5 114 123
850.5 114 124
852.0 182 197
852.0 182 198
853.5 38 40
853.5 38 41
855.0 4 18
855.0 4 19
856.5 157 166
856.5 157 167
858.0 161 164
858.0 161 165
859.5 59 63
859.5 59 64
861.0 79 93
861.0 79 94
862.5 191 198
862.5 191 199
864.0 186 188
864.0 186 189
865.5 113 116
865.5 113 117
867.0 80 93
867.0 80 94
868.5 36 43
868.5 36 44
870.0 39 47
870.0 39 48
871.5 33 47
871.5 33 48
873.0 131 151
873.0 131 152
874.5 178 198
874.5 178 199
876.0 57 76
876.0 57 77
877.5 184 189
877.5 184 190
879.0 60 61
879.0 60 62
880.5 154 176
880.5 154 177
882.0 55 74
882.0 55 75
883.5 110 118
883.5 110 119
885.0 6 24
885.0 6 25
886.5 84 92
886.5 84 93
888.0 61 64
888.0 61 65
889.5 4 22
889.5 4 23
891.0 63 64
891.0 63 65
892.5 117 122
892.5 117 123
894.0 57 72
894.0 57 73
895.5 25 26
895.5 26 27
897.0 133 141
897.0 133 142
898.5 60 67
898.5 60 68
900.0 177 178
900.0 178 179
901.5 167 168
901.5 167 169
903.0 36 47
903.0 36 48
904.5 55 66
904.5 55 67
906.0 2 77
906.0 2 102
907.5 128 147
907.5 128 148
909.0 135 138
909.0 135 139
910.5 31 45
910.5 31 46
912.0 105 124
912.0 105 125
913.5 39 41
913.5 39 42
915.0 164 174
915.0 164 175
916.5 180 181
916.5 180 192
918.0 84 98
918.0 84 99
919.5 64 65
919.5 64 66
921.0 90 91
921.0 90 92
922.5 179 196
922.5 179 197
924.0 113 118
924.0 113 119
925.5 80 99
925.5 80 100
927.0 156 178
927.0 157 158
928.5 182 199
928.5 183 184
930.0 29 30
930.0 29 42
931.5 125 126
931.5 126 127
933.0 155 178
933.0 156 157
934.5 192 199
934.5 193 194
936.0 63 72
936.0 63 73
937.5 88 93
937.5 88 94
939.0 67 72
939.0 67 73
940.5 117 120
940.5 117 121
942.0 85 96
942.0 85 97
943.5 106 114
943.5 106 115
945.0 81 95
945.0 81 96
946.5 138 144
946.5 138 145
948.0 160 176
948.0 160 177
949.5 7 17
949.5 7 18
951.0 83 98
951.0 83 99
952.5 27 127
952.5 27 128
954.0 108 115
954.0 108 116
955.5 58 59
955.5 58 60
957.0 65 72
957.0 65 73
958.5 140 145
958.5 140 146
960.0 0 1
960.0 1 2
961.5 2 178
961.5 3 4
963.0 8 25
963.0 8 26
964.5 155 174
964.5 155 175
966.0 181 198
966.0 181 199
967.5 103 104
967.5 103 121
969.0 132 152
969.0 133 134
970.5 183 194
970.5 183 195
972.0 64 71
972.0 64 72
973.5 83 92
973.5 83 93
975.0 118 123
975.0 119 120
976.5 192 197
976.5 192 198
978.0 90 95
978.0 90 96
979.5 4 20
979.5 4 21
981.0 154 172
981.0 154 173
982.5 187 194
982.5 187 195
984.0 36 41
984.0 36 42
985.5 13 14
985.5 13 15
987.0 156 166
987.0 156 167
988.5 109 117
988.5 109 118
990.0 7 25
990.0 7 26
991.5 34 36
991.5 34 37
993.0 164 172
993.0 164 173
994.5 43 47
994.5 44 45
996.0 181 194
996.0 181 195
997.5 90 99
997.5 91 92
999.0 159 161
999.0 159 162
1000.5 186 196
1000.5 186 197
1002.0 191 196
1002.0 191 197
1003.5 158 177
1003.5 159 160
1005.0 182 191
1005.0 182 192
1006.5 56 72
1006.5 56 73
1008.0 30 46
1008.0 30 47
1009.5 67 70
1009.5 67 71
1011.0 82 93
1011.0 82 94
1012.5 102 177
1012.5 102 178
1014.0 32 52
1014.0 33 34
1015.5 35 44
1015.5 35 45
1017.0 111 121
1017.0 111 122
1018.5 6 16
1018.5 6 17
1020.0 32 36
1020.0 32 37
1021.5 57 64
1021.5 57 65
1023.0 16 22
1023.0 16 23
1024.5 78 100
1024.5 78 101
1026.0 117 118
1026.0 117 119
1027.5 114 121
1027.5 114 122
1029.0 78 153
1029.0 78 177
1030.5 110 126
1030.5 111 112
1032.0 155 172
1032.0 155 173
1033.5 187 192
1033.5 187 193
1035.0 41 42
1035.0 41 43
1036.5 104 126
1036.5 104 127
1038.0 39 45
1038.0 39 46
1039.5 147 148
1039.5 148 149
1041.0 193 197
1041.0 193 198
1042.5 114 125
1042.5 115 116
1044.0 56 66
1044.0 56 67
1045.5 86 97
1045.5 86 98
1047.0 66 72
1047.0 66 73
1048.5 140 141
1048.5 140 142
1050.0 131 145
1050.0 131 146
1051.5 78 98
1051.5 78 99
1053.0 89 90
1053.0 89 91
1054.5 161 162
1054.5 161 163
1056.0 155 170
1056.0 155 171
1057.5 192 193
1057.5 192 194
1059.0 155 176
1059.0 155 177
1060.5 134 139
1060.5 134 140
1062.0 88 89
1062.0 88 90
1063.5 105 122
1063.5 105 123
1065.0 136 147
1065.0 136 148
1066.5 103 128
1066.5 103 153
1068.0 82 87
1068.0 82 88
1069.5 8 11
1069.5 8 12
1071.0 189 191
1071.0 189 192
1072.5 109 123
1072.5 109 124
1074.0 132 140
1074.0 132 141
1075.5 168 172
1075.5 168 173
1077.0 12 18
1077.0 12 19
1078.5 79 99
1078.5 79 100
1080.0 14 22
1080.0 14 23
1081.5 94 95
1081.5 94 96
1083.0 10 16
1083.0 10 17
1084.5 134 141
1084.5 134 142
1086.0 113 120
1086.0 113 121
1087.5 88 91
1087.5 88 92
1089.0 82 101
1089.0 82 102
1090.5 38 46
1090.5 38 47
1092.0 80 81
1092.0 80 90
1093.5 153 177
1093.5 153 178
1095.0 29 43
1095.0 29 44
1096.5 31 43
1096.5 31 44
1098.0 85 90
1098.0 85 91
1099.5 40 42
1099.5 40 43
1101.0 59 73
1101.0 59 74
1102.5 108 125
1102.5 108 126
1104.0 57 74
1104.0 57 75
1105.5 13 22
1105.5 13 23
1107.0 7 15
1107.0 7 16
1108.5 183 192
1108.5 183 193
1110.0 73 74
1110.0 74 75
1111.5 87 91
1111.5 87 92
1113.0 53 72
1113.0 53 73
1114.5 81 91
1114.5 81 92
1116.0 8 21
1116.0 8 22
1117.5 156 174
1117.5 156 175
1119.0 54 72
1119.0 54 73
1120.5 11 25
1120.5 12 13
1122.0 8 17
1122.0 8 18
1123.5 112 117
1123.5 112 118
1125.0 170 171
1125.0 170 172
1126.5 75 76
1126.5 76 77
1128.0 77 101
1128.0 77 102
1129.5 110 124
1129.5 110 125
1131.0 113 122
1131.0 113 123
1132.5 138 146
1132.5 138 147
1134.0 154 178
1134.0 155 156
1135.5 159 165
1135.5 159 166
1137.0 119 121
1137.0 119 122
1138.5 163 173
1138.5 163 174
1140.0 63 70
1140.0 63 71
1141.5 164 166
1141.5 164 167
1143.0 118 119
1143.0 118 120
1144.5 52 178
1144.5 53 54
1146.0 180 197
1146.0 180 198
1147.5 132 144
1147.5 132 145
1149.0 36 39
1149.0 36 40
1150.5 191 192
1150.5 191 193
1152.0 9 22
1152.0 9 23
1153.5 106 126
1153.5 106 127
1155.0 161 170
1155.0 161 171
1156.5 136 141
1156.5 136 142
1158.0 111 125
1158.0 111 126
1159.5 144 145
1159.5 144 146
1161.0 163 171
1161.0 163 172
1162.5 133 137
1162.5 133 138
1164.0 55 56
1164.0 55 65
1165.5 30 40
1165.5 30 41
1167.0 141 147
1167.0 141 148
1168.5 104 118
1168.5 104 119
1170.0 80 95
1170.0 80 96
1171.5 60 65
1171.5 60 66
1173.0 35 48
1173.0 35 49
1174.5 81 82
1174.5 81 88
1176.0 183 186
1176.0 183 187
1177.5 186 192
1177.5 186 193
1179.0 2 27
1179.0 2 52
1180.5 139 145
1180.5 139 146
1182.0 7 21
1182.0 7 22
1183.5 105 126
1183.5 105 127
1185.0 166 173
1185.0 166 174
1186.5 105 118
1186.5 105 119
1188.0 159 169
1188.0 159 170
1189.5 30 42
1189.5 30 43
1191.0 89 96
1191.0 89 97
1192.5 142 144
1192.5 142 145
1194.0 184 191
1194.0 184 192
1195.5 189 193
1195.5 189 194
1197.0 10 24
1197.0 10 25
1198.5 137 139
1198.5 137 140
1200.0 104 124
1200.0 104 125
1201.5 185 189
1201.5 185 190
1203.0 3 178
1203.0 4 5
1204.5 84 90
1204.5 84 91
1206.0 41 48
1206.0 42 43
1207.5 11 15
1207.5 11 16
1209.0 153 154
1209.0 153 172
1210.5 189 197
1210.5 189 198
1212.0 166 169
1212.0 166 170
1213.5 134 137
1213.5 134 138
1215.0 85 100
1215.0 85 101
1216.5 187 196
1216.5 187 197
1218.0 14 18
1218.0 14 19
1219.5 112 125
1219.5 112 126
1221.0 59 67
1221.0 59 68
1222.5 184 185
1222.5 184 186
1224.0 115 117
1224.0 115 118
1225.5 65 66
1225.5 65 67
1227.0 140 149
1227.0 141 142
1228.5 13 20
1228.5 13 21
1230.0 153 175
1230.0 153 176
1231.5 183 188
1231.5 183 189
1233.0 77 152
1233.0 77 153
1234.5 141 143
1234.5 141 144
1236.0 83 86
1236.0 83 87
1237.5 86 91
1237.5 86 92
1239.0 165 168
1239.0 165 169
1240.5 3 25
1240.5 3 26
1242.0 102 152
1242.0 102 153
1243.5 11 21
1243.5 11 22
1245.0 189 195
1245.0 189 196
1246.5 156 176
1246.5 156 177
1248.0 156 172
1248.0 156 173
1249.5 38 44
1249.5 38 45
1251.0 115 121
1251.0 115 122
1252.5 130 143
1252.5 130 144
1254.0 28 47
1254.0 28 48
1255.5 80 101
1255.5 80 102
1257.0 78 79
1257.0 78 95
1258.5 8 23
1258.5 8 24
1260.0 84 94
1260.0 84 95
1261.5 53 177
1261.5 53 178
1263.0 79 101
1263.0 79 102
1264.5 112 121
1264.5 112 122
1266.0 81 101
1266.0 81 102
1267.5 87 99
1267.5 87 100
1269.0 109 115
1269.0 109 116
1270.5 7 13
1270.5 7 14
1272.0 108 109
1272.0 108 110
1273.5 56 68
1273.5 56 69
1275.0 11 13
1275.0 11 14
1276.5 2 153
1276.5 2 177
1278.0 108 121
1278.0 108 122
1279.5 161 172
1279.5 161 173
1281.0 32 48
1281.0 32 49
1282.5 28 49
1282.5 28 50
1284.0 81 97
1284.0 81 98
1285.5 64 73
1285.5 64 74
1287.0 112 119
1287.0 112 120
1288.5 28 152
1288.5 28 153
1290.0 57 68
1290.0 57 69
