0 150 151
0 151 152
0 152 153
0 153 154
0 153 172
0 153 173
0 153 174
0 153 175
0 153 176
0 153 177
0 153 178
0 154 155
0 154 169
0 154 170
0 154 171
0 154 172
0 154 173
0 154 174
0 154 175
0 154 176
0 154 177
0 154 178
0 155 156
0 155 166
0 155 167
0 155 168
0 155 169
0 155 170
0 155 171
0 155 172
0 155 173
301 115 116
301 115 117
301 115 118
301 115 119
301 115 120
301 115 121
301 115 122
301 115 123
301 115 124
301 116 117
301 116 118
301 116 119
301 116 120
301 116 121
301 116 122
301 116 123
301 116 124
301 117 118
301 117 119
301 117 120
301 117 121
301 117 122
301 117 123
301 118 119
301 118 120
301 118 121
301 118 122
301 118 123
301 119 120
301 119 121
301 119 122
602 11 22
602 11 23
602 11 24
602 11 25
602 12 13
602 12 14
602 12 15
602 12 16
602 12 17
602 12 18
602 12 19
602 12 20
602 12 21
602 12 22
602 12 23
602 12 24
602 12 25
602 13 14
602 13 15
602 13 16
602 13 17
602 13 18
602 13 19
602 13 20
602 13 21
602 13 22
602 13 23
602 13 24
602 14 15
602 14 16
602 14 17
903 140 147
903 140 148
903 140 149
903 141 142
903 141 143
903 141 144
903 141 145
903 141 146
903 141 147
903 141 148
903 141 149
903 142 143
903 142 144
903 142 145
903 142 146
903 142 147
903 142 148
903 143 144
903 143 145
903 143 146
903 143 147
903 143 148
903 144 145
903 144 146
903 144 147
903 145 146
903 145 147
903 146 147
903 147 148
903 148 149
903 149 150
1204 104 126
1204 104 127
1204 104 128
1204 105 106
1204 105 116
1204 105 117
1204 105 118
1204 105 119
1204 105 120
1204 105 121
1204 105 122
1204 105 123
1204 105 124
1204 105 125
1204 105 126
1204 105 127
1204 106 107
1204 106 113
1204 106 114
1204 106 115
1204 106 116
1204 106 117
1204 106 118
1204 106 119
1204 106 120
1204 106 121
1204 106 122
1204 106 123
1204 106 124
1204 106 125
1204 106 126
1505 108 121
1505 108 122
1505 108 123
1505 108 124
1505 108 125
1505 108 126
1505 108 127
1505 109 110
1505 109 111
1505 109 112
1505 109 113
1505 109 114
1505 109 115
1505 109 116
1505 109 117
1505 109 118
1505 109 119
1505 109 120
1505 109 121
1505 109 122
1505 109 123
1505 109 124
1505 109 125
1505 109 126
1505 109 127
1505 110 111
1505 110 112
1505 110 113
1505 110 114
1505 110 115
1505 110 116
1806 161 163
1806 161 164
1806 161 165
1806 161 166
1806 161 167
1806 161 168
1806 161 169
1806 161 170
1806 161 171
1806 161 172
1806 161 173
1806 161 174
1806 161 175
1806 161 176
1806 162 163
1806 162 164
1806 162 165
1806 162 166
1806 162 167
1806 162 168
1806 162 169
1806 162 170
1806 162 171
1806 162 172
1806 162 173
1806 162 174
1806 162 175
1806 162 176
1806 163 164
1806 163 165
1806 163 166
2107 42 44
2107 42 45
2107 42 46
2107 42 47
2107 42 48
2107 43 44
2107 43 45
2107 43 46
2107 43 47
2107 44 45
2107 44 46
2107 44 47
2107 45 46
2107 46 47
2107 47 48
2107 48 49
2107 49 50
2107 50 51
2107 51 52
2107 52 53
2107 52 74
2107 52 75
2107 52 76
2107 52 77
2107 52 102
2107 52 127
2107 52 128
2107 52 152
2107 52 153
2107 52 177
2107 52 178
2408 55 68
2408 55 69
2408 55 70
2408 55 71
2408 55 72
2408 55 73
2408 55 74
2408 55 75
2408 55 76
2408 55 77
2408 56 57
2408 56 63
2408 56 64
2408 56 65
2408 56 66
2408 56 67
2408 56 68
2408 56 69
2408 56 70
2408 56 71
2408 56 72
2408 56 73
2408 56 74
2408 56 75
2408 56 76
2408 56 77
2408 57 58
2408 57 61
2408 57 62
2408 57 63
2408 57 64
2709 186 193
2709 186 194
2709 186 195
2709 186 196
2709 186 197
2709 186 198
2709 186 199
2709 187 188
2709 187 189
2709 187 190
2709 187 191
2709 187 192
2709 187 193
2709 187 194
2709 187 195
2709 187 196
2709 187 197
2709 187 198
2709 187 199
2709 188 189
2709 188 190
2709 188 191
2709 188 192
2709 188 193
2709 188 194
2709 188 195
2709 188 196
2709 188 197
2709 188 198
2709 188 199
2709 189 190
3010 9 22
3010 9 23
3010 9 24
3010 9 25
3010 9 26
3010 10 11
3010 10 12
3010 10 13
3010 10 14
3010 10 15
3010 10 16
3010 10 17
3010 10 18
3010 10 19
3010 10 20
3010 10 21
3010 10 22
3010 10 23
3010 10 24
3010 10 25
3010 10 26
3010 11 12
3010 11 13
3010 11 14
3010 11 15
3010 11 16
3010 11 17
3010 11 18
3010 11 19
3010 11 20
3010 11 21
3311 4 5
3311 4 16
3311 4 17
3311 4 18
3311 4 19
3311 4 20
3311 4 21
3311 4 22
3311 4 23
3311 4 24
3311 4 25
3311 4 26
3311 4 27
3311 5 6
3311 5 14
3311 5 15
3311 5 16
3311 5 17
3311 5 18
3311 5 19
3311 5 20
3311 5 21
3311 5 22
3311 5 23
3311 5 24
3311 5 25
3311 5 26
3311 5 27
3311 6 7
3311 6 12
3311 6 13
3612 7 26
3612 8 9
3612 8 10
3612 8 11
3612 8 12
3612 8 13
3612 8 14
3612 8 15
3612 8 16
3612 8 17
3612 8 18
3612 8 19
3612 8 20
3612 8 21
3612 8 22
3612 8 23
3612 8 24
3612 8 25
3612 8 26
3612 9 10
3612 9 11
3612 9 12
3612 9 13
3612 9 14
3612 9 15
3612 9 16
3612 9 17
3612 9 18
3612 9 19
3612 9 20
3612 9 21
3913 66 67
3913 66 68
3913 66 69
3913 66 70
3913 66 71
3913 66 72
3913 66 73
3913 67 68
3913 67 69
3913 67 70
3913 67 71
3913 67 72
3913 67 73
3913 68 69
3913 68 70
3913 68 71
3913 68 72
3913 69 70
3913 69 71
3913 69 72
3913 70 71
3913 71 72
3913 72 73
3913 73 74
3913 74 75
3913 75 76
3913 76 77
3913 77 78
3913 77 100
3913 77 101
3913 77 102
4214 130 142
4214 130 143
4214 130 144
4214 130 145
4214 130 146
4214 130 147
4214 130 148
4214 130 149
4214 130 150
4214 130 151
4214 130 152
4214 130 153
4214 131 132
4214 131 139
4214 131 140
4214 131 141
4214 131 142
4214 131 143
4214 131 144
4214 131 145
4214 131 146
4214 131 147
4214 131 148
4214 131 149
4214 131 150
4214 131 151
4214 131 152
4214 132 133
4214 132 137
4214 132 138
4214 132 139
4515 98 99
4515 99 100
4515 100 101
4515 101 102
4515 102 103
4515 102 127
4515 102 128
4515 102 152
4515 102 153
4515 102 177
4515 102 178
4515 103 104
4515 103 121
4515 103 122
4515 103 123
4515 103 124
4515 103 125
4515 103 126
4515 103 127
4515 103 128
4515 103 153
4515 103 178
4515 104 105
4515 104 118
4515 104 119
4515 104 120
4515 104 121
4515 104 122
4515 104 123
4515 104 124
4515 104 125
4816 182 188
4816 182 189
4816 182 190
4816 182 191
4816 182 192
4816 182 193
4816 182 194
4816 182 195
4816 182 196
4816 182 197
4816 182 198
4816 182 199
4816 183 184
4816 183 186
4816 183 187
4816 183 188
4816 183 189
4816 183 190
4816 183 191
4816 183 192
4816 183 193
4816 183 194
4816 183 195
4816 183 196
4816 183 197
4816 183 198
4816 183 199
4816 184 185
4816 184 186
4816 184 187
4816 184 188
5117 137 150
5117 137 151
5117 138 139
5117 138 140
5117 138 141
5117 138 142
5117 138 143
5117 138 144
5117 138 145
5117 138 146
5117 138 147
5117 138 148
5117 138 149
5117 138 150
5117 139 140
5117 139 141
5117 139 142
5117 139 143
5117 139 144
5117 139 145
5117 139 146
5117 139 147
5117 139 148
5117 139 149
5117 139 150
5117 140 141
5117 140 142
5117 140 143
5117 140 144
5117 140 145
5117 140 146
5418 135 148
5418 135 149
5418 135 150
5418 135 151
5418 136 137
5418 136 138
5418 136 139
5418 136 140
5418 136 141
5418 136 142
5418 136 143
5418 136 144
5418 136 145
5418 136 146
5418 136 147
5418 136 148
5418 136 149
5418 136 150
5418 136 151
5418 137 138
5418 137 139
5418 137 140
5418 137 141
5418 137 142
5418 137 143
5418 137 144
5418 137 145
5418 137 146
5418 137 147
5418 137 148
5418 137 149
5719 83 97
5719 83 98
5719 83 99
5719 83 100
5719 83 101
5719 83 102
5719 84 85
5719 84 86
5719 84 87
5719 84 88
5719 84 89
5719 84 90
5719 84 91
5719 84 92
5719 84 93
5719 84 94
5719 84 95
5719 84 96
5719 84 97
5719 84 98
5719 84 99
5719 84 100
5719 84 101
5719 85 86
5719 85 87
5719 85 88
5719 85 89
5719 85 90
5719 85 91
5719 85 92
5719 85 93
6020 79 102
6020 80 81
6020 80 90
6020 80 91
6020 80 92
6020 80 93
6020 80 94
6020 80 95
6020 80 96
6020 80 97
6020 80 98
6020 80 99
6020 80 100
6020 80 101
6020 80 102
6020 81 82
6020 81 88
6020 81 89
6020 81 90
6020 81 91
6020 81 92
6020 81 93
6020 81 94
6020 81 95
6020 81 96
6020 81 97
6020 81 98
6020 81 99
6020 81 100
6020 81 101
6020 81 102
6321 90 95
6321 90 96
6321 90 97
6321 90 98
6321 90 99
6321 91 92
6321 91 93
6321 91 94
6321 91 95
6321 91 96
6321 91 97
6321 91 98
6321 91 99
6321 92 93
6321 92 94
6321 92 95
6321 92 96
6321 92 97
6321 92 98
6321 93 94
6321 93 95
6321 93 96
6321 93 97
6321 93 98
6321 94 95
6321 94 96
6321 94 97
6321 95 96
6321 95 97
6321 96 97
6321 97 98
6622 163 167
6622 163 168
6622 163 169
6622 163 170
6622 163 171
6622 163 172
6622 163 173
6622 163 174
6622 163 175
6622 164 165
6622 164 166
6622 164 167
6622 164 168
6622 164 169
6622 164 170
6622 164 171
6622 164 172
6622 164 173
6622 164 174
6622 164 175
6622 165 166
6622 165 167
6622 165 168
6622 165 169
6622 165 170
6622 165 171
6622 165 172
6622 165 173
6622 165 174
6622 165 175
6622 166 167
6923 132 140
6923 132 141
6923 132 142
6923 132 143
6923 132 144
6923 132 145
6923 132 146
6923 132 147
6923 132 148
6923 132 149
6923 132 150
6923 132 151
6923 132 152
6923 133 134
6923 133 135
6923 133 136
6923 133 137
6923 133 138
6923 133 139
6923 133 140
6923 133 141
6923 133 142
6923 133 143
6923 133 144
6923 133 145
6923 133 146
6923 133 147
6923 133 148
6923 133 149
6923 133 150
6923 133 151
7224 110 117
7224 110 118
7224 110 119
7224 110 120
7224 110 121
7224 110 122
7224 110 123
7224 110 124
7224 110 125
7224 110 126
7224 111 112
7224 111 113
7224 111 114
7224 111 115
7224 111 116
7224 111 117
7224 111 118
7224 111 119
7224 111 120
7224 111 121
7224 111 122
7224 111 123
7224 111 124
7224 111 125
7224 111 126
7224 112 113
7224 112 114
7224 112 115
7224 112 116
7224 112 117
7224 112 118
7525 112 119
7525 112 120
7525 112 121
7525 112 122
7525 112 123
7525 112 124
7525 112 125
7525 112 126
7525 113 114
7525 113 115
7525 113 116
7525 113 117
7525 113 118
7525 113 119
7525 113 120
7525 113 121
7525 113 122
7525 113 123
7525 113 124
7525 113 125
7525 114 115
7525 114 116
7525 114 117
7525 114 118
7525 114 119
7525 114 120
7525 114 121
7525 114 122
7525 114 123
7525 114 124
7525 114 125
7826 77 127
7826 77 128
7826 77 152
7826 77 153
7826 77 177
7826 77 178
7826 78 79
7826 78 95
7826 78 96
7826 78 97
7826 78 98
7826 78 99
7826 78 100
7826 78 101
7826 78 102
7826 78 127
7826 78 128
7826 78 152
7826 78 153
7826 78 177
7826 78 178
7826 79 80
7826 79 93
7826 79 94
7826 79 95
7826 79 96
7826 79 97
7826 79 98
7826 79 99
7826 79 100
7826 79 101
8127 34 41
8127 34 42
8127 34 43
8127 34 44
8127 34 45
8127 34 46
8127 34 47
8127 34 48
8127 34 49
8127 34 50
8127 34 51
8127 35 36
8127 35 37
8127 35 38
8127 35 39
8127 35 40
8127 35 41
8127 35 42
8127 35 43
8127 35 44
8127 35 45
8127 35 46
8127 35 47
8127 35 48
8127 35 49
8127 35 50
8127 35 51
8127 36 37
8127 36 38
8127 36 39
8127 36 40
8428 30 51
8428 30 52
8428 31 32
8428 31 37
8428 31 38
8428 31 39
8428 31 40
8428 31 41
8428 31 42
8428 31 43
8428 31 44
8428 31 45
8428 31 46
8428 31 47
8428 31 48
8428 31 49
8428 31 50
8428 31 51
8428 31 52
8428 32 33
8428 32 35
8428 32 36
8428 32 37
8428 32 38
8428 32 39
8428 32 40
8428 32 41
8428 32 42
8428 32 43
8428 32 44
8428 32 45
8729 87 96
8729 87 97
8729 87 98
8729 87 99
8729 87 100
8729 88 89
8729 88 90
8729 88 91
8729 88 92
8729 88 93
8729 88 94
8729 88 95
8729 88 96
8729 88 97
8729 88 98
8729 88 99
8729 88 100
8729 89 90
8729 89 91
8729 89 92
8729 89 93
8729 89 94
8729 89 95
8729 89 96
8729 89 97
8729 89 98
8729 89 99
8729 90 91
8729 90 92
8729 90 93
8729 90 94
9030 157 171
9030 157 172
9030 157 173
9030 157 174
9030 157 175
9030 157 176
9030 157 177
9030 158 159
9030 158 160
9030 158 161
9030 158 162
9030 158 163
9030 158 164
9030 158 165
9030 158 166
9030 158 167
9030 158 168
9030 158 169
9030 158 170
9030 158 171
9030 158 172
9030 158 173
9030 158 174
9030 158 175
9030 158 176
9030 158 177
9030 159 160
9030 159 161
9030 159 162
9030 159 163
9030 159 164
9331 82 83
9331 82 86
9331 82 87
9331 82 88
9331 82 89
9331 82 90
9331 82 91
9331 82 92
9331 82 93
9331 82 94
9331 82 95
9331 82 96
9331 82 97
9331 82 98
9331 82 99
9331 82 100
9331 82 101
9331 82 102
9331 83 84
9331 83 85
9331 83 86
9331 83 87
9331 83 88
9331 83 89
9331 83 90
9331 83 91
9331 83 92
9331 83 93
9331 83 94
9331 83 95
9331 83 96
9632 159 165
9632 159 166
9632 159 167
9632 159 168
9632 159 169
9632 159 170
9632 159 171
9632 159 172
9632 159 173
9632 159 174
9632 159 175
9632 159 176
9632 159 177
9632 160 161
9632 160 162
9632 160 163
9632 160 164
9632 160 165
9632 160 166
9632 160 167
9632 160 168
9632 160 169
9632 160 170
9632 160 171
9632 160 172
9632 160 173
9632 160 174
9632 160 175
9632 160 176
9632 160 177
9632 161 162
9933 155 174
9933 155 175
9933 155 176
9933 155 177
9933 155 178
9933 156 157
9933 156 164
9933 156 165
9933 156 166
9933 156 167
9933 156 168
9933 156 169
9933 156 170
9933 156 171
9933 156 172
9933 156 173
9933 156 174
9933 156 175
9933 156 176
9933 156 177
9933 156 178
9933 157 158
9933 157 162
9933 157 163
9933 157 164
9933 157 165
9933 157 166
9933 157 167
9933 157 168
9933 157 169
9933 157 170
10234 28 51
10234 28 52
10234 28 152
10234 28 153
10234 28 177
10234 28 178
10234 29 30
10234 29 42
10234 29 43
10234 29 44
10234 29 45
10234 29 46
10234 29 47
10234 29 48
10234 29 49
10234 29 50
10234 29 51
10234 29 52
10234 30 31
10234 30 39
10234 30 40
10234 30 41
10234 30 42
10234 30 43
10234 30 44
10234 30 45
10234 30 46
10234 30 47
10234 30 48
10234 30 49
10234 30 50
10535 0 1
10535 1 2
10535 2 3
10535 2 22
10535 2 23
10535 2 24
10535 2 25
10535 2 26
10535 2 27
10535 2 52
10535 2 77
10535 2 102
10535 2 103
10535 2 127
10535 2 128
10535 2 152
10535 2 153
10535 2 177
10535 2 178
10535 3 4
10535 3 19
10535 3 20
10535 3 21
10535 3 22
10535 3 23
10535 3 24
10535 3 25
10535 3 26
10535 3 27
10535 3 177
10535 3 178
10836 106 127
10836 107 108
10836 107 111
10836 107 112
10836 107 113
10836 107 114
10836 107 115
10836 107 116
10836 107 117
10836 107 118
10836 107 119
10836 107 120
10836 107 121
10836 107 122
10836 107 123
10836 107 124
10836 107 125
10836 107 126
10836 107 127
10836 108 109
10836 108 110
10836 108 111
10836 108 112
10836 108 113
10836 108 114
10836 108 115
10836 108 116
10836 108 117
10836 108 118
10836 108 119
10836 108 120
11137 19 20
11137 19 21
11137 20 21
11137 21 22
11137 22 23
11137 23 24
11137 24 25
11137 25 26
11137 26 27
11137 27 28
11137 27 48
11137 27 49
11137 27 50
11137 27 51
11137 27 52
11137 27 77
11137 27 102
11137 27 127
11137 27 128
11137 27 152
11137 27 153
11137 27 177
11137 27 178
11137 28 29
11137 28 44
11137 28 45
11137 28 46
11137 28 47
11137 28 48
11137 28 49
11137 28 50
11438 192 198
11438 192 199
11438 193 194
11438 193 195
11438 193 196
11438 193 197
11438 193 198
11438 194 195
11438 194 196
11438 194 197
11438 194 198
11438 195 196
11438 195 197
11438 196 197
11438 197 198
11438 198 199
11739 6 14
11739 6 15
11739 6 16
11739 6 17
11739 6 18
11739 6 19
11739 6 20
11739 6 21
11739 6 22
11739 6 23
11739 6 24
11739 6 25
11739 6 26
11739 6 27
11739 7 8
11739 7 10
11739 7 11
11739 7 12
11739 7 13
11739 7 14
11739 7 15
11739 7 16
11739 7 17
11739 7 18
11739 7 19
11739 7 20
11739 7 21
11739 7 22
11739 7 23
11739 7 24
11739 7 25
12040 32 46
12040 32 47
12040 32 48
12040 32 49
12040 32 50
12040 32 51
12040 32 52
12040 33 34
12040 33 35
12040 33 36
12040 33 37
12040 33 38
12040 33 39
12040 33 40
12040 33 41
12040 33 42
12040 33 43
12040 33 44
12040 33 45
12040 33 46
12040 33 47
12040 33 48
12040 33 49
12040 33 50
12040 33 51
12040 34 35
12040 34 36
12040 34 37
12040 34 38
12040 34 39
12040 34 40
12341 57 65
12341 57 66
12341 57 67
12341 57 68
12341 57 69
12341 57 70
12341 57 71
12341 57 72
12341 57 73
12341 57 74
12341 57 75
12341 57 76
12341 57 77
12341 58 59
12341 58 60
12341 58 61
12341 58 62
12341 58 63
12341 58 64
12341 58 65
12341 58 66
12341 58 67
12341 58 68
12341 58 69
12341 58 70
12341 58 71
12341 58 72
12341 58 73
12341 58 74
12341 58 75
12341 58 76
12642 36 41
12642 36 42
12642 36 43
12642 36 44
12642 36 45
12642 36 46
12642 36 47
12642 36 48
12642 36 49
12642 36 50
12642 37 38
12642 37 39
12642 37 40
12642 37 41
12642 37 42
12642 37 43
12642 37 44
12642 37 45
12642 37 46
12642 37 47
12642 37 48
12642 37 49
12642 37 50
12642 38 39
12642 38 40
12642 38 41
12642 38 42
12642 38 43
12642 38 44
12642 38 45
12642 38 46
12943 53 54
12943 53 70
12943 53 71
12943 53 72
12943 53 73
12943 53 74
12943 53 75
12943 53 76
12943 53 77
12943 53 127
12943 53 128
12943 53 152
12943 53 153
12943 53 177
12943 53 178
12943 54 55
12943 54 67
12943 54 68
12943 54 69
12943 54 70
12943 54 71
12943 54 72
12943 54 73
12943 54 74
12943 54 75
12943 54 76
12943 54 77
12943 55 56
12943 55 65
12943 55 66
12943 55 67
13244 14 18
13244 14 19
13244 14 20
13244 14 21
13244 14 22
13244 14 23
13244 14 24
13244 15 16
13244 15 17
13244 15 18
13244 15 19
13244 15 20
13244 15 21
13244 15 22
13244 15 23
13244 16 17
13244 16 18
13244 16 19
13244 16 20
13244 16 21
13244 16 22
13244 16 23
13244 17 18
13244 17 19
13244 17 20
13244 17 21
13244 17 22
13244 18 19
13244 18 20
13244 18 21
13244 18 22
13545 120 121
13545 120 122
13545 121 122
13545 122 123
13545 123 124
13545 124 125
13545 125 126
13545 126 127
13545 127 128
13545 128 129
13545 128 147
13545 128 148
13545 128 149
13545 128 150
13545 128 151
13545 128 152
13545 128 153
13545 128 178
13545 129 130
13545 129 144
13545 129 145
13545 129 146
13545 129 147
13545 129 148
13545 129 149
13545 129 150
13545 129 151
13545 129 152
13545 129 153
13545 130 131
13545 130 141
13846 58 77
13846 59 60
13846 59 61
13846 59 62
13846 59 63
13846 59 64
13846 59 65
13846 59 66
13846 59 67
13846 59 68
13846 59 69
13846 59 70
13846 59 71
13846 59 72
13846 59 73
13846 59 74
13846 59 75
13846 59 76
13846 60 61
13846 60 62
13846 60 63
13846 60 64
13846 60 65
13846 60 66
13846 60 67
13846 60 68
13846 60 69
13846 60 70
13846 60 71
13846 60 72
13846 60 73
14147 60 74
14147 60 75
14147 60 76
14147 61 62
14147 61 63
14147 61 64
14147 61 65
14147 61 66
14147 61 67
14147 61 68
14147 61 69
14147 61 70
14147 61 71
14147 61 72
14147 61 73
14147 61 74
14147 61 75
14147 61 76
14147 62 63
14147 62 64
14147 62 65
14147 62 66
14147 62 67
14147 62 68
14147 62 69
14147 62 70
14147 62 71
14147 62 72
14147 62 73
14147 62 74
14147 62 75
14448 177 178
14448 178 179
14448 178 198
14448 178 199
14448 179 180
14448 179 195
14448 179 196
14448 179 197
14448 179 198
14448 179 199
14448 180 181
14448 180 192
14448 180 193
14448 180 194
14448 180 195
14448 180 196
14448 180 197
14448 180 198
14448 180 199
14448 181 182
14448 181 190
14448 181 191
14448 181 192
14448 181 193
14448 181 194
14448 181 195
14448 181 196
14448 181 197
14448 181 198
14448 181 199
14448 182 183
14749 63 64
14749 63 65
14749 63 66
14749 63 67
14749 63 68
14749 63 69
14749 63 70
14749 63 71
14749 63 72
14749 63 73
14749 63 74
14749 63 75
14749 64 65
14749 64 66
14749 64 67
14749 64 68
14749 64 69
14749 64 70
14749 64 71
14749 64 72
14749 64 73
14749 64 74
14749 65 66
14749 65 67
14749 65 68
14749 65 69
14749 65 70
14749 65 71
14749 65 72
14749 65 73
14749 65 74
15050 166 168
15050 166 169
15050 166 170
15050 166 171
15050 166 172
15050 166 173
15050 166 174
15050 167 168
15050 167 169
15050 167 170
15050 167 171
15050 167 172
15050 167 173
15050 167 174
15050 168 169
15050 168 170
15050 168 171
15050 168 172
15050 168 173
15050 169 170
15050 169 171
15050 169 172
15050 169 173
15050 170 171
15050 170 172
15050 171 172
15050 172 173
15050 173 174
15050 174 175
15050 175 176
15050 176 177
15351 85 94
15351 85 95
15351 85 96
15351 85 97
15351 85 98
15351 85 99
15351 85 100
15351 85 101
15351 86 87
15351 86 88
15351 86 89
15351 86 90
15351 86 91
15351 86 92
15351 86 93
15351 86 94
15351 86 95
15351 86 96
15351 86 97
15351 86 98
15351 86 99
15351 86 100
15351 86 101
15351 87 88
15351 87 89
15351 87 90
15351 87 91
15351 87 92
15351 87 93
15351 87 94
15351 87 95
15652 38 47
15652 38 48
15652 38 49
15652 38 50
15652 39 40
15652 39 41
15652 39 42
15652 39 43
15652 39 44
15652 39 45
15652 39 46
15652 39 47
15652 39 48
15652 39 49
15652 40 41
15652 40 42
15652 40 43
15652 40 44
15652 40 45
15652 40 46
15652 40 47
15652 40 48
15652 40 49
15652 41 42
15652 41 43
15652 41 44
15652 41 45
15652 41 46
15652 41 47
15652 41 48
15652 42 43
15953 133 152
15953 134 135
15953 134 136
15953 134 137
15953 134 138
15953 134 139
15953 134 140
15953 134 141
15953 134 142
15953 134 143
15953 134 144
15953 134 145
15953 134 146
15953 134 147
15953 134 148
15953 134 149
15953 134 150
15953 134 151
15953 134 152
15953 135 136
15953 135 137
15953 135 138
15953 135 139
15953 135 140
15953 135 141
15953 135 142
15953 135 143
15953 135 144
15953 135 145
15953 135 146
15953 135 147
16254 184 189
16254 184 190
16254 184 191
16254 184 192
16254 184 193
16254 184 194
16254 184 195
16254 184 196
16254 184 197
16254 184 198
16254 184 199
16254 185 186
16254 185 187
16254 185 188
16254 185 189
16254 185 190
16254 185 191
16254 185 192
16254 185 193
16254 185 194
16254 185 195
16254 185 196
16254 185 197
16254 185 198
16254 185 199
16254 186 187
16254 186 188
16254 186 189
16254 186 190
16254 186 191
16254 186 192
16555 189 191
16555 189 192
16555 189 193
16555 189 194
16555 189 195
16555 189 196
16555 189 197
16555 189 198
16555 189 199
16555 190 191
16555 190 192
16555 190 193
16555 190 194
16555 190 195
16555 190 196
16555 190 197
16555 190 198
16555 190 199
16555 191 192
16555 191 193
16555 191 194
16555 191 195
16555 191 196
16555 191 197
16555 191 198
16555 191 199
16555 192 193
16555 192 194
16555 192 195
16555 192 196
16555 192 197
0 11 19
0 11 20
1.5 39 49
1.5 40 41
3.0 183 188
3.0 183 189
4.5 83 86
4.5 83 87
6.0 118 121
6.0 118 122
7.5 181 190
7.5 181 191
9.0 60 63
9.0 60 64
10.5 38 44
10.5 38 45
12.0 137 141
12.0 137 142
13.5 183 196
13.5 183 197
15.0 2 77
15.0 2 102
16.5 58 65
16.5 58 66
18.0 32 48
18.0 32 49
19.5 60 65
19.5 60 66
21.0 163 173
21.0 163 174
22.5 33 51
22.5 34 35
24.0 198 199
25.5 160 174
25.5 160 175
27.0 140 147
27.0 140 148
28.5 181 198
28.5 181 199
30.0 30 46
30.0 30 47
31.5 33 43
31.5 33 44
33.0 170 171
33.0 170 172
34.5 162 166
34.5 162 167
36.0 4 24
36.0 4 25
37.5 40 46
37.5 40 47
39.0 80 97
39.0 80 98
40.5 157 176
40.5 157 177
42.0 129 151
42.0 129 152
43.5 2 27
43.5 2 52
45.0 164 168
45.0 164 169
46.5 82 99
46.5 82 100
48.0 119 121
48.0 119 122
49.5 13 24
49.5 14 15
51.0 163 169
51.0 163 170
52.5 35 40
52.5 35 41
54.0 34 46
54.0 34 47
55.5 81 82
55.5 81 88
57.0 87 99
57.0 87 100
58.5 67 68
58.5 67 69
60.0 34 50
60.0 34 51
61.5 131 143
61.5 131 144
63.0 77 127
63.0 77 128
64.5 92 96
64.5 92 97
66.0 139 147
66.0 139 148
67.5 164 166
67.5 164 167
69.0 139 149
69.0 139 150
70.5 81 93
70.5 81 94
72.0 155 166
72.0 155 167
73.5 60 75
73.5 60 76
75.0 145 147
75.0 146 147
76.5 102 152
76.5 102 153
78.0 32 33
78.0 32 35
79.5 93 97
79.5 93 98
81.0 34 40
81.0 34 41
82.5 112 113
82.5 112 114
84.0 4 20
84.0 4 21
85.5 9 10
85.5 9 11
87.0 84 90
87.0 84 91
88.5 13 18
88.5 13 19
90.0 133 143
90.0 133 144
91.5 163 167
91.5 163 168
93.0 41 48
93.0 42 43
94.5 15 19
94.5 15 20
96.0 89 92
96.0 89 93
97.5 4 26
97.5 4 27
99.0 37 42
99.0 37 43
100.5 56 76
100.5 56 77
102.0 62 64
102.0 62 65
103.5 142 148
103.5 143 144
105.0 106 120
105.0 106 121
106.5 35 46
106.5 35 47
108.0 36 43
108.0 36 44
109.5 141 145
109.5 141 146
111.0 104 124
111.0 104 125
112.5 65 72
112.5 65 73
114.0 18 22
114.0 19 20
115.5 37 40
115.5 37 41
117.0 113 120
117.0 113 121
118.5 129 145
118.5 129 146
120.0 32 44
120.0 32 45
121.5 34 42
121.5 34 43
123.0 63 74
123.0 63 75
124.5 6 18
124.5 6 19
126.0 61 70
126.0 61 71
127.5 194 195
127.5 194 196
129.0 37 44
129.0 37 45
130.5 82 95
130.5 82 96
132.0 75 76
132.0 76 77
133.5 54 76
133.5 54 77
135.0 107 118
135.0 107 119
136.5 135 144
136.5 135 145
138.0 16 22
138.0 16 23
139.5 129 153
139.5 130 131
141.0 85 92
141.0 85 93
142.5 153 173
142.5 153 174
144.0 78 153
144.0 78 177
145.5 7 8
145.5 7 10
147.0 82 89
147.0 82 90
148.5 159 177
148.5 160 161
150.0 130 147
150.0 130 148
151.5 157 174
151.5 157 175
153.0 191 194
153.0 191 195
154.5 155 174
154.5 155 175
156.0 64 73
156.0 64 74
157.5 14 16
157.5 14 17
159.0 190 194
159.0 190 195
160.5 108 119
160.5 108 120
162.0 184 195
162.0 184 196
163.5 30 48
163.5 30 49
165.0 30 44
165.0 30 45
166.5 179 180
166.5 179 195
168.0 66 70
168.0 66 71
169.5 29 45
169.5 29 46
171.0 133 137
171.0 133 138
172.5 4 16
172.5 4 17
174.0 110 112
174.0 110 113
175.5 160 172
175.5 160 173
177.0 56 74
177.0 56 75
178.5 84 100
178.5 84 101
180.0 194 197
180.0 194 198
181.5 82 87
181.5 82 88
183.0 30 42
183.0 30 43
184.5 19 21
184.5 20 21
186.0 114 121
186.0 114 122
187.5 30 52
187.5 31 32
189.0 103 104
189.0 103 121
190.5 82 91
190.5 82 92
192.0 27 127
192.0 27 128
193.5 132 144
193.5 132 145
195.0 153 177
195.0 153 178
196.5 158 159
196.5 158 160
198.0 158 177
198.0 159 160
199.5 135 150
199.5 135 151
201.0 162 172
201.0 162 173
202.5 61 68
202.5 61 69
204.0 53 152
204.0 53 153
205.5 156 178
205.5 157 158
207.0 14 24
207.0 15 16
208.5 160 164
208.5 160 165
210.0 80 93
210.0 80 94
211.5 85 94
211.5 85 95
213.0 153 175
213.0 153 176
214.5 157 164
214.5 157 165
216.0 53 177
216.0 53 178
217.5 155 178
217.5 156 157
219.0 155 168
219.0 155 169
220.5 55 74
220.5 55 75
222.0 83 94
222.0 83 95
223.5 21 22
223.5 22 23
225.0 41 42
225.0 41 43
226.5 109 123
226.5 109 124
228.0 167 174
228.0 168 169
229.5 182 197
229.5 182 198
231.0 114 119
231.0 114 120
232.5 27 51
232.5 27 52
234.0 159 167
234.0 159 168
235.5 134 147
235.5 134 148
237.0 3 25
237.0 3 26
238.5 182 191
238.5 182 192
240.0 87 91
240.0 87 92
241.5 136 149
241.5 136 150
243.0 161 170
243.0 161 171
244.5 97 98
244.5 98 99
246.0 9 20
246.0 9 21
247.5 80 95
247.5 80 96
249.0 187 192
249.0 187 193
250.5 33 45
250.5 33 46
252.0 143 145
252.0 143 146
253.5 163 175
253.5 164 165
255.0 162 170
255.0 162 171
256.5 82 97
256.5 82 98
258.0 113 124
258.0 113 125
259.5 38 50
259.5 39 40
261.0 133 139
261.0 133 140
262.5 58 67
262.5 58 68
264.0 60 73
264.0 60 74
265.5 168 170
265.5 168 171
267.0 39 43
267.0 39 44
268.5 32 42
268.5 32 43
270.0 67 70
270.0 67 71
271.5 6 14
271.5 6 15
273.0 160 162
273.0 160 163
274.5 180 197
274.5 180 198
276.0 138 146
276.0 138 147
277.5 63 66
277.5 63 67
279.0 52 153
279.0 52 177
280.5 109 111
280.5 109 112
282.0 40 42
282.0 40 43
283.5 91 99
283.5 92 93
285.0 25 26
285.0 26 27
286.5 8 11
286.5 8 12
288.0 3 19
288.0 3 20
289.5 17 20
289.5 17 21
291.0 5 15
291.0 5 16
292.5 84 88
292.5 84 89
294.0 113 118
294.0 113 119
295.5 56 68
295.5 56 69
297.0 54 55
297.0 54 67
298.5 153 154
298.5 153 172
300.0 151 152
300.0 152 153
301.5 31 45
301.5 31 46
303.0 137 145
303.0 137 146
304.5 180 195
304.5 180 196
306.0 81 99
306.0 81 100
307.5 60 71
307.5 60 72
309.0 156 164
309.0 156 165
310.5 34 36
310.5 34 37
312.0 61 72
312.0 61 73
313.5 28 29
313.5 28 44
315.0 52 178
315.0 53 54
316.5 167 172
316.5 167 173
318.0 162 176
318.0 163 164
319.5 183 194
319.5 183 195
321.0 59 73
321.0 59 74
322.5 78 128
322.5 78 152
324.0 12 24
324.0 12 25
325.5 108 123
325.5 108 124
327.0 38 48
327.0 38 49
328.5 35 50
328.5 35 51
330.0 35 44
330.0 35 45
331.5 31 49
331.5 31 50
333.0 136 143
333.0 136 144
334.5 191 192
334.5 191 193
336.0 10 24
336.0 10 25
337.5 5 25
337.5 5 26
339.0 133 147
339.0 133 148
340.5 158 161
340.5 158 162
342.0 35 36
342.0 35 37
343.5 47 48
343.5 48 49
345.0 54 72
345.0 54 73
346.5 106 126
346.5 106 127
348.0 73 74
348.0 74 75
349.5 18 20
349.5 18 21
351.0 102 177
351.0 102 178
352.5 111 119
352.5 111 120
354.0 33 41
354.0 33 42
355.5 108 127
355.5 109 110
357.0 169 170
357.0 169 171
358.5 16 20
358.5 16 21
360.0 181 194
360.0 181 195
361.5 111 115
361.5 111 116
363.0 61 74
363.0 61 75
364.5 8 9
364.5 8 10
366.0 173 174
366.0 174 175
367.5 135 138
367.5 135 139
369.0 161 166
369.0 161 167
370.5 83 96
370.5 83 97
372.0 84 94
372.0 84 95
373.5 33 39
373.5 33 40
375.0 59 69
375.0 59 70
376.5 103 126
376.5 103 127
378.0 56 72
378.0 56 73
379.5 141 149
379.5 142 143
381.0 185 199
381.0 186 187
382.5 78 178
382.5 79 80
384.0 128 147
384.0 128 148
385.5 61 62
385.5 61 63
387.0 112 125
387.0 112 126
388.5 112 115
388.5 112 116
390.0 108 121
390.0 108 122
391.5 7 15
391.5 7 16
393.0 132 146
393.0 132 147
394.5 63 68
394.5 63 69
396.0 154 174
396.0 154 175
397.5 186 194
397.5 186 195
399.0 17 18
399.0 17 19
400.5 156 174
400.5 156 175
402.0 57 70
402.0 57 71
403.5 90 91
403.5 90 92
405.0 132 148
405.0 132 149
406.5 149 150
406.5 150 151
408.0 54 70
408.0 54 71
409.5 54 74
409.5 54 75
411.0 185 191
411.0 185 192
412.5 42 44
412.5 42 45
414.0 33 37
414.0 33 38
415.5 90 93
415.5 90 94
417.0 80 81
417.0 80 90
418.5 89 96
418.5 89 97
420.0 52 74
420.0 52 75
421.5 92 98
421.5 93 94
423.0 62 74
423.0 62 75
424.5 29 49
424.5 29 50
426.0 80 101
426.0 80 102
427.5 134 145
427.5 134 146
429.0 162 168
429.0 162 169
430.5 27 28
430.5 27 48
432.0 55 56
432.0 55 65
433.5 130 141
433.5 130 142
435.0 139 145
435.0 139 146
436.5 28 45
436.5 28 46
438.0 30 31
438.0 30 39
439.5 165 172
439.5 165 173
441.0 10 14
441.0 10 15
442.5 121 122
442.5 122 123
444.0 103 124
444.0 103 125
445.5 183 186
445.5 183 187
447.0 61 76
447.0 62 63
448.5 56 64
448.5 56 65
450.0 49 50
450.0 50 51
451.5 52 102
451.5 52 127
453.0 178 198
453.0 178 199
454.5 5 27
454.5 6 7
456.0 8 21
456.0 8 22
457.5 114 123
457.5 114 124
459.0 130 145
459.0 130 146
460.5 6 22
460.5 6 23
462.0 137 139
462.0 137 140
463.5 11 23
463.5 11 24
465.0 34 48
465.0 34 49
466.5 134 143
466.5 134 144
468.0 144 147
468.0 145 146
469.5 187 198
469.5 187 199
471.0 32 50
471.0 32 51
472.5 130 153
472.5 131 132
474.0 58 77
474.0 59 60
475.5 88 99
475.5 88 100
477.0 184 197
477.0 184 198
478.5 32 40
478.5 32 41
480.0 14 22
480.0 14 23
481.5 40 44
481.5 40 45
483.0 88 95
483.0 88 96
484.5 120 121
484.5 120 122
486.0 132 140
486.0 132 141
487.5 133 135
487.5 133 136
489.0 52 76
489.0 52 77
490.5 139 143
490.5 139 144
492.0 164 174
492.0 164 175
493.5 157 166
493.5 157 167
495.0 175 176
495.0 176 177
496.5 80 91
496.5 80 92
498.0 184 187
498.0 184 188
499.5 62 66
499.5 62 67
501.0 132 152
501.0 133 134
502.5 62 68
502.5 62 69
504.0 88 89
504.0 88 90
505.5 116 119
505.5 116 120
507.0 109 121
507.0 109 122
508.5 32 46
508.5 32 47
510.0 186 198
510.0 186 199
511.5 10 20
511.5 10 21
513.0 39 47
513.0 39 48
514.5 132 142
514.5 132 143
516.0 108 113
516.0 108 114
517.5 5 6
517.5 5 14
519.0 9 22
519.0 9 23
520.5 191 196
520.5 191 197
522.0 106 118
522.0 106 119
523.5 15 17
523.5 15 18
525.0 158 169
525.0 158 170
526.5 10 18
526.5 10 19
528.0 69 72
528.0 70 71
529.5 68 71
529.5 68 72
531.0 154 178
531.0 155 156
532.5 118 119
532.5 118 120
534.0 192 199
534.0 193 194
535.5 163 165
535.5 163 166
537.0 23 24
537.0 24 25
538.5 3 27
538.5 3 177
540.0 44 46
540.0 44 47
541.5 131 139
541.5 131 140
543.0 8 13
543.0 8 14
544.5 136 145
544.5 136 146
546.0 183 192
546.0 183 193
547.5 6 20
547.5 6 21
549.0 14 18
549.0 14 19
550.5 60 69
550.5 60 70
552.0 79 101
552.0 79 102
553.5 81 95
553.5 81 96
555.0 30 50
555.0 30 51
556.5 185 193
556.5 185 194
558.0 107 114
558.0 107 115
559.5 65 74
559.5 66 67
561.0 77 78
561.0 77 100
562.5 155 172
562.5 155 173
564.0 129 149
564.0 129 150
565.5 112 123
565.5 112 124
567.0 104 128
567.0 105 106
568.5 154 170
568.5 154 171
570.0 43 45
570.0 43 46
571.5 135 146
571.5 135 147
573.0 117 120
573.0 117 121
574.5 81 101
574.5 81 102
576.0 190 198
576.0 190 199
577.5 169 172
577.5 169 173
579.0 12 16
579.0 12 17
580.5 80 99
580.5 80 100
582.0 82 93
582.0 82 94
583.5 5 17
583.5 5 18
585.0 28 177
585.0 28 178
586.5 59 65
586.5 59 66
588.0 135 136
588.0 135 137
589.5 38 46
589.5 38 47
591.0 99 100
591.0 100 101
592.5 78 96
592.5 78 97
594.0 142 144
594.0 142 145
595.5 114 117
595.5 114 118
597.0 57 74
597.0 57 75
598.5 136 139
598.5 136 140
600.0 166 173
600.0 166 174
601.5 31 43
601.5 31 44
603.0 2 3
603.0 2 22
604.5 34 44
604.5 34 45
606.0 88 93
606.0 88 94
607.5 134 141
607.5 134 142
609.0 187 188
609.0 187 189
610.5 9 18
610.5 9 19
612.0 29 43
612.0 29 44
613.5 135 140
613.5 135 141
615.0 128 151
615.0 128 152
616.5 132 150
616.5 132 151
618.0 27 77
618.0 27 102
619.5 106 124
619.5 106 125
621.0 88 97
621.0 88 98
622.5 31 39
622.5 31 40
624.0 130 151
624.0 130 152
625.5 79 99
625.5 79 100
627.0 9 14
627.0 9 15
628.5 137 147
628.5 137 148
630.0 138 144
630.0 138 145
631.5 85 96
631.5 85 97
633.0 83 84
633.0 83 85
634.5 111 113
634.5 111 114
636.0 192 195
636.0 192 196
637.5 188 195
637.5 188 196
639.0 84 92
639.0 84 93
640.5 61 64
640.5 61 65
642.0 36 47
642.0 36 48
643.5 128 149
643.5 128 150
645.0 57 62
645.0 57 63
646.5 110 116
646.5 110 117
648.0 32 36
648.0 32 37
649.5 131 149
649.5 131 150
651.0 13 20
651.0 13 21
652.5 10 26
652.5 11 12
654.0 195 196
654.0 195 197
655.5 37 48
655.5 37 49
657.0 66 72
657.0 66 73
658.5 55 72
658.5 55 73
660.0 82 83
660.0 82 86
661.5 162 174
661.5 162 175
663.0 136 147
663.0 136 148
664.5 160 170
664.5 160 171
666.0 81 97
666.0 81 98
667.5 59 63
667.5 59 64
669.0 93 95
669.0 93 96
670.5 107 122
670.5 107 123
672.0 140 149
672.0 141 142
673.5 141 143
673.5 141 144
675.0 155 176
675.0 155 177
676.5 115 121
676.5 115 122
678.0 159 175
678.0 159 176
679.5 8 25
679.5 8 26
681.0 5 21
681.0 5 22
682.5 6 16
682.5 6 17
684.0 160 166
684.0 160 167
685.5 89 98
685.5 89 99
687.0 185 187
687.0 185 188
688.5 60 67
688.5 60 68
690.0 161 176
690.0 162 163
691.5 111 117
691.5 111 118
693.0 107 124
693.0 107 125
694.5 131 151
694.5 131 152
696.0 63 64
696.0 63 65
697.5 31 51
697.5 31 52
699.0 109 119
699.0 109 120
700.5 84 86
700.5 84 87
702.0 135 148
702.0 135 149
703.5 17 22
703.5 18 19
705.0 85 98
705.0 85 99
706.5 190 192
706.5 190 193
708.0 154 172
708.0 154 173
709.5 9 12
709.5 9 13
711.0 41 46
711.0 41 47
712.5 58 75
712.5 58 76
714.0 154 176
714.0 154 177
715.5 3 23
715.5 3 24
717.0 158 165
717.0 158 166
718.5 8 19
718.5 8 20
720.0 3 178
720.0 4 5
721.5 158 171
721.5 158 172
723.0 87 89
723.0 87 90
724.5 56 70
724.5 56 71
726.0 34 38
726.0 34 39
727.5 131 141
727.5 131 142
729.0 160 176
729.0 160 177
730.5 78 100
730.5 78 101
732.0 13 14
732.0 13 15
733.5 111 121
733.5 111 122
735.0 143 147
735.0 143 148
736.5 65 66
736.5 65 67
738.0 134 139
738.0 134 140
739.5 32 52
739.5 33 34
741.0 138 142
741.0 138 143
742.5 156 176
742.5 156 177
744.0 56 66
744.0 56 67
745.5 39 45
745.5 39 46
747.0 189 199
747.0 190 191
748.5 57 66
748.5 57 67
750.0 53 72
750.0 53 73
751.5 65 68
751.5 65 69
753.0 42 48
753.0 43 44
754.5 107 116
754.5 107 117
756.0 140 145
756.0 140 146
757.5 161 164
757.5 161 165
759.0 159 165
759.0 159 166
760.5 140 141
760.5 140 142
762.0 77 152
762.0 77 153
763.5 108 115
763.5 108 116
765.0 64 71
765.0 64 72
766.5 28 51
766.5 28 52
768.0 134 137
768.0 134 138
769.5 157 168
769.5 157 169
771.0 109 127
771.0 110 111
772.5 33 49
772.5 33 50
774.0 164 170
774.0 164 171
775.5 89 94
775.5 89 95
777.0 15 21
777.0 15 22
778.5 58 61
778.5 58 62
780.0 159 163
780.0 159 164
781.5 109 113
781.5 109 114
783.0 86 101
783.0 87 88
784.5 90 99
784.5 91 92
786.0 187 190
786.0 187 191
787.5 53 76
787.5 53 77
789.0 114 125
789.0 115 116
790.5 190 196
790.5 190 197
792.0 92 94
792.0 92 95
793.5 86 87
793.5 86 88
795.0 58 73
795.0 58 74
796.5 103 178
796.5 104 105
798.0 86 99
798.0 86 100
799.5 86 91
799.5 86 92
801.0 106 114
801.0 106 115
802.5 4 22
802.5 4 23
804.0 11 21
804.0 11 22
805.5 110 126
805.5 111 112
807.0 28 152
807.0 28 153
808.5 104 118
808.5 104 119
810.0 114 115
810.0 114 116
811.5 88 91
811.5 88 92
813.0 182 193
813.0 182 194
814.5 8 15
814.5 8 16
816.0 189 197
816.0 189 198
817.5 185 197
817.5 185 198
819.0 188 191
819.0 188 192
820.5 6 26
820.5 6 27
822.0 180 193
822.0 180 194
823.5 57 76
823.5 57 77
825.0 179 198
825.0 179 199
826.5 161 174
826.5 161 175
828.0 83 90
828.0 83 91
829.5 62 72
829.5 62 73
831.0 7 21
831.0 7 22
832.5 186 196
832.5 186 197
834.0 166 167
834.0 166 168
835.5 127 128
835.5 128 129
837.0 2 153
837.0 2 177
838.5 158 173
838.5 158 174
840.0 83 92
840.0 83 93
841.5 111 123
841.5 111 124
843.0 113 116
843.0 113 117
844.5 138 140
844.5 138 141
846.0 125 126
846.0 126 127
847.5 10 22
847.5 10 23
849.0 129 130
849.0 129 144
850.5 7 25
850.5 7 26
852.0 32 38
852.0 32 39
853.5 109 115
853.5 109 116
855.0 55 68
855.0 55 69
856.5 131 145
856.5 131 146
858.0 86 97
858.0 86 98
859.5 33 47
859.5 33 48
861.0 8 23
861.0 8 24
862.5 83 100
862.5 83 101
864.0 79 97
864.0 79 98
865.5 82 101
865.5 82 102
867.0 106 122
867.0 106 123
868.5 85 90
868.5 85 91
870.0 8 17
870.0 8 18
871.5 154 155
871.5 154 169
873.0 12 14
873.0 12 15
874.5 52 128
874.5 52 152
876.0 185 195
876.0 185 196
877.5 109 125
877.5 109 126
879.0 2 178
879.0 3 4
880.5 188 199
880.5 189 190
882.0 133 149
882.0 133 150
883.5 131 147
883.5 131 148
885.0 81 91
885.0 81 92
886.5 193 195
886.5 193 196
888.0 112 121
888.0 112 122
889.5 36 39
889.5 36 40
891.0 107 108
891.0 107 111
892.5 91 97
892.5 91 98
894.0 5 23
894.0 5 24
895.5 113 114
895.5 113 115
897.0 2 128
897.0 2 152
898.5 64 65
898.5 64 66
900.0 102 127
900.0 102 128
901.5 77 177
901.5 77 178
903.0 141 147
903.0 141 148
904.5 107 120
904.5 107 121
906.0 161 172
906.0 161 173
907.5 184 191
907.5 184 192
909.0 37 50
909.0 38 39
910.5 110 114
910.5 110 115
912.0 27 152
912.0 27 153
913.5 11 17
913.5 11 18
915.0 59 71
915.0 59 72
916.5 91 95
916.5 91 96
918.0 109 117
918.0 109 118
919.5 182 183
919.5 182 188
921.0 57 64
921.0 57 65
922.5 7 11
922.5 7 12
924.0 9 24
924.0 9 25
925.5 128 153
925.5 128 178
927.0 103 122
927.0 103 123
928.5 0 1
928.5 1 2
930.0 165 170
930.0 165 171
931.5 135 142
931.5 135 143
933.0 171 172
933.0 172 173
934.5 95 97
934.5 96 97
936.0 90 97
936.0 90 98
937.5 85 86
937.5 85 87
939.0 156 166
939.0 156 167
940.5 158 163
940.5 158 164
942.0 84 96
942.0 84 97
943.5 123 124
943.5 124 125
945.0 106 116
945.0 106 117
946.5 66 68
946.5 66 69
948.0 182 199
948.0 183 184
949.5 38 40
949.5 38 41
951.0 35 48
951.0 35 49
952.5 184 189
952.5 184 190
954.0 167 170
954.0 167 171
955.5 27 177
955.5 27 178
957.0 58 69
957.0 58 70
958.5 134 151
958.5 134 152
960.0 39 41
960.0 39 42
961.5 105 118
961.5 105 119
963.0 64 67
963.0 64 68
964.5 108 111
964.5 108 112
966.0 71 72
966.0 72 73
967.5 105 126
967.5 105 127
969.0 168 172
969.0 168 173
970.5 28 49
970.5 28 50
972.0 105 122
972.0 105 123
973.5 192 193
973.5 192 194
975.0 157 170
975.0 157 171
976.5 111 125
976.5 111 126
978.0 116 117
978.0 116 118
979.5 86 89
979.5 86 90
981.0 77 101
981.0 77 102
982.5 30 40
982.5 30 41
984.0 184 185
984.0 184 186
985.5 11 15
985.5 11 16
987.0 28 47
987.0 28 48
988.5 166 171
988.5 166 172
990.0 31 41
990.0 31 42
991.5 59 75
991.5 59 76
993.0 57 68
993.0 57 69
994.5 43 47
994.5 44 45
996.0 27 49
996.0 27 50
997.5 188 197
997.5 188 198
999.0 15 23
999.0 16 17
1000.5 133 151
1000.5 133 152
1002.0 184 193
1002.0 184 194
1003.5 115 117
1003.5 115 118
1005.0 182 195
1005.0 182 196
1006.5 36 49
1006.5 36 50
1008.0 104 120
1008.0 104 121
1009.5 107 112
1009.5 107 113
1011.0 31 47
1011.0 31 48
1012.5 53 127
1012.5 53 128
1014.0 42 46
1014.0 42 47
1015.5 186 190
1015.5 186 191
1017.0 7 19
1017.0 7 20
1018.5 134 135
1018.5 134 136
1020.0 7 13
1020.0 7 14
1021.5 87 95
1021.5 87 96
1023.0 62 70
1023.0 62 71
1024.5 7 23
1024.5 7 24
1026.0 188 189
1026.0 188 190
1027.5 3 21
1027.5 3 22
1029.0 110 118
1029.0 110 119
1030.5 54 68
1030.5 54 69
1032.0 115 123
1032.0 115 124
1033.5 183 198
1033.5 183 199
1035.0 185 189
1035.0 185 190
1036.5 196 197
1036.5 197 198
1038.0 137 143
1038.0 137 144
1039.5 161 162
1039.5 161 163
1041.0 181 196
1041.0 181 197
1042.5 180 181
1042.5 180 192
1044.0 129 147
1044.0 129 148
1045.5 5 19
1045.5 5 20
1047.0 78 79
1047.0 78 95
1048.5 68 69
1048.5 68 70
1050.0 186 188
1050.0 186 189
1051.5 37 38
1051.5 37 39
1053.0 108 109
1053.0 108 110
1054.5 161 168
1054.5 161 169
1056.0 155 170
1056.0 155 171
1057.5 13 16
1057.5 13 17
1059.0 12 20
1059.0 12 21
1060.5 156 168
1060.5 156 169
1062.0 118 123
1062.0 119 120
1063.5 29 47
1063.5 29 48
1065.0 177 178
1065.0 178 179
1066.5 157 162
1066.5 157 163
1068.0 89 90
1068.0 89 91
1069.5 86 93
1069.5 86 94
1071.0 85 100
1071.0 85 101
1072.5 55 66
1072.5 55 67
1074.0 58 71
1074.0 58 72
1075.5 86 95
1075.5 86 96
1077.0 158 167
1077.0 158 168
1078.5 136 151
1078.5 137 138
1080.0 4 18
1080.0 4 19
1081.5 107 126
1081.5 107 127
1083.0 57 58
1083.0 57 61
1084.5 36 37
1084.5 36 38
1086.0 67 72
1086.0 67 73
1087.5 187 194
1087.5 187 195
1089.0 130 149
1089.0 130 150
1090.5 159 169
1090.5 159 170
1092.0 105 120
1092.0 105 121
1093.5 184 199
1093.5 185 186
1095.0 144 145
1095.0 144 146
1096.5 55 76
1096.5 55 77
1098.0 165 168
1098.0 165 169
1099.5 36 45
1099.5 36 46
1101.0 59 67
1101.0 59 68
1102.5 156 170
1102.5 156 171
1104.0 104 122
1104.0 104 123
1105.5 182 189
1105.5 182 190
1107.0 110 124
1107.0 110 125
1108.5 136 137
1108.5 136 138
1110.0 117 118
1110.0 117 119
1111.5 11 13
1111.5 11 14
1113.0 189 193
1113.0 189 194
1114.5 164 172
1114.5 164 173
1116.0 55 70
1116.0 55 71
1117.5 90 95
1117.5 90 96
1119.0 91 93
1119.0 91 94
1120.5 35 42
1120.5 35 43
1122.0 84 98
1122.0 84 99
1123.5 159 173
1123.5 159 174
1125.0 136 141
1125.0 136 142
1126.5 180 199
1126.5 181 182
1128.0 181 192
1128.0 181 193
1129.5 187 196
1129.5 187 197
1131.0 59 61
1131.0 59 62
1132.5 110 122
1132.5 110 123
1134.0 137 149
1134.0 137 150
1135.5 53 74
1135.5 53 75
1137.0 58 63
1137.0 58 64
1138.5 117 122
1138.5 117 123
1140.0 167 168
1140.0 167 169
1141.5 31 37
1141.5 31 38
1143.0 112 119
1143.0 112 120
1144.5 78 98
1144.5 78 99
1146.0 142 146
1146.0 142 147
1147.5 65 70
1147.5 65 71
1149.0 6 12
1149.0 6 13
1150.5 33 35
1150.5 33 36
1152.0 45 46
1152.0 46 47
1153.5 157 172
1153.5 157 173
1155.0 2 25
1155.0 2 26
1156.5 191 198
1156.5 191 199
1158.0 165 166
1158.0 165 167
1159.5 7 17
1159.5 7 18
1161.0 139 141
1161.0 139 142
1162.5 179 196
1162.5 179 197
1164.0 94 97
1164.0 95 96
1165.5 104 126
1165.5 104 127
1167.0 29 51
1167.0 29 52
1168.5 105 116
1168.5 105 117
1170.0 29 30
1170.0 29 42
1171.5 108 125
1171.5 108 126
1173.0 63 70
1173.0 63 71
1174.5 60 61
1174.5 60 62
1176.0 138 150
1176.0 139 140
1177.5 41 44
1177.5 41 45
1179.0 12 22
1179.0 12 23
1180.5 38 42
1180.5 38 43
1182.0 36 41
1182.0 36 42
1183.5 87 97
1183.5 87 98
1185.0 110 120
1185.0 110 121
1186.5 116 121
1186.5 116 122
1188.0 105 124
1188.0 105 125
1189.5 79 93
1189.5 79 94
1191.0 13 22
1191.0 13 23
1192.5 87 93
1192.5 87 94
1194.0 113 122
1194.0 113 123
1195.5 78 102
1195.5 78 127
1197.0 2 23
1197.0 2 24
1198.5 112 117
1198.5 112 118
1200.0 147 148
1200.0 148 149
1201.5 193 197
1201.5 193 198
1203.0 140 143
1203.0 140 144
1204.5 162 164
1204.5 162 165
1206.0 133 145
1206.0 133 146
1207.5 12 18
1207.5 12 19
1209.0 159 161
1209.0 159 162
1210.5 163 171
1210.5 163 172
1212.0 64 69
1212.0 64 70
1213.5 2 103
1213.5 2 127
1215.0 14 20
1215.0 14 21
1216.5 134 149
1216.5 134 150
1218.0 133 141
1218.0 133 142
1219.5 106 107
1219.5 106 113
1221.0 69 70
1221.0 69 71
1222.5 79 95
1222.5 79 96
1224.0 160 168
1224.0 160 169
1225.5 35 38
1225.5 35 39
1227.0 57 72
1227.0 57 73
1228.5 53 70
1228.5 53 71
1230.0 37 46
1230.0 37 47
1231.5 130 143
1231.5 130 144
1233.0 108 117
1233.0 108 118
1234.5 137 151
1234.5 138 139
1236.0 189 191
1236.0 189 192
1237.5 83 102
1237.5 84 85
1239.0 16 18
1239.0 16 19
1240.5 156 172
1240.5 156 173
1242.0 132 138
1242.0 132 139
1243.5 189 195
1243.5 189 196
1245.0 10 16
1245.0 10 17
1246.5 188 193
1246.5 188 194
1248.0 166 169
1248.0 166 170
1249.5 116 123
1249.5 116 124
1251.0 40 48
1251.0 40 49
1252.5 132 133
1252.5 132 137
1254.0 159 171
1254.0 159 172
1255.5 9 16
1255.5 9 17
1257.0 51 52
1257.0 52 53
1258.5 192 197
1258.5 192 198
1260.0 103 128
1260.0 103 153
1261.5 183 190
1261.5 183 191
1263.0 186 192
1263.0 186 193
1264.5 165 174
1264.5 165 175
1266.0 101 102
1266.0 102 103
1267.5 83 88
1267.5 83 89
1269.0 56 57
1269.0 56 63
1270.5 94 95
1270.5 94 96
1272.0 63 72
1272.0 63 73
1273.5 81 89
1273.5 81 90
1275.0 115 119
1275.0 115 120
1276.5 158 175
1276.5 158 176
1278.0 9 26
1278.0 10 11
1279.5 61 66
1279.5 61 67
1281.0 10 12
1281.0 10 13
1282.5 6 24
1282.5 6 25
1284.0 138 148
1284.0 138 149
1285.5 83 98
1285.5 83 99
1287.0 11 25
1287.0 12 13
1288.5 85 88
1288.5 85 89
1290.0 58 59
1290.0 58 60
