0 132 144
0 132 145
1.5 107 126
1.5 107 127
3.0 191 192
3.0 191 193
4.5 156 178
4.5 157 158
6.0 136 141
6.0 136 142
7.5 8 15
7.5 8 16
9.0 113 118
9.0 113 119
10.5 138 148
10.5 138 149
12.0 190 196
12.0 190 197
13.5 42 48
13.5 43 44
15.0 2 103
15.0 2 127
16.5 38 48
16.5 38 49
18.0 155 170
18.0 155 171
19.5 40 46
19.5 40 47
21.0 162 176
21.0 163 164
22.5 37 46
22.5 37 47
24.0 91 97
24.0 91 98
25.5 53 152
25.5 53 153
27.0 154 178
27.0 155 156
28.5 132 146
28.5 132 147
30.0 39 47
30.0 39 48
31.5 10 16
31.5 10 17
33.0 180 197
33.0 180 198
34.5 133 137
34.5 133 138
36.0 81 89
36.0 81 90
37.5 31 43
37.5 31 44
39.0 64 71
39.0 64 72
40.5 187 198
40.5 187 199
42.0 32 38
42.0 32 39
43.5 34 46
43.5 34 47
45.0 162 170
45.0 162 171
46.5 65 66
46.5 65 67
48.0 128 151
48.0 128 152
49.5 9 20
49.5 9 21
51.0 6 22
51.0 6 23
52.5 41 42
52.5 41 43
54.0 161 176
54.0 162 163
55.5 6 14
55.5 6 15
57.0 121 122
57.0 122 123
58.5 80 93
58.5 80 94
60.0 58 67
60.0 58 68
61.5 157 170
61.5 157 171
63.0 114 121
63.0 114 122
64.5 87 97
64.5 87 98
66.0 136 145
66.0 136 146
67.5 115 123
67.5 115 124
69.0 103 124
69.0 103 125
70.5 182 195
70.5 182 196
72.0 120 121
72.0 120 122
73.5 8 21
73.5 8 22
75.0 109 115
75.0 109 116
76.5 110 112
76.5 110 113
78.0 169 170
78.0 169 171
79.5 157 166
79.5 157 167
81.0 28 45
81.0 28 46
82.5 10 12
82.5 10 13
84.0 156 172
84.0 156 173
85.5 17 18
85.5 17 19
87.0 79 99
87.0 79 100
88.5 30 48
88.5 30 49
90.0 109 127
90.0 110 111
91.5 189 195
91.5 189 196
93.0 35 46
93.0 35 47
94.5 192 195
94.5 192 196
96.0 30 44
96.0 30 45
97.5 190 192
97.5 190 193
99.0 105 120
99.0 105 121
100.5 159 171
100.5 159 172
102.0 59 73
102.0 59 74
103.5 85 96
103.5 85 97
105.0 11 17
105.0 11 18
106.5 32 46
106.5 32 47
108.0 66 72
108.0 66 73
109.5 90 97
109.5 90 98
111.0 139 149
111.0 139 150
112.5 167 168
112.5 167 169
114.0 28 51
114.0 28 52
115.5 101 102
115.5 102 103
117.0 116 123
117.0 116 124
118.5 191 196
118.5 191 197
120.0 132 142
120.0 132 143
121.5 81 91
121.5 81 92
123.0 10 20
123.0 10 21
124.5 2 77
124.5 2 102
126.0 63 68
126.0 63 69
127.5 139 147
127.5 139 148
129.0 133 143
129.0 133 144
130.5 106 122
130.5 106 123
132.0 133 141
132.0 133 142
133.5 29 43
133.5 29 44
135.0 134 145
135.0 134 146
136.5 84 88
136.5 84 89
138.0 60 75
138.0 60 76
139.5 6 12
139.5 6 13
141.0 13 22
141.0 13 23
142.5 10 26
142.5 11 12
144.0 166 171
144.0 166 172
145.5 182 183
145.5 182 188
147.0 39 45
147.0 39 46
148.5 134 151
148.5 134 152
150.0 192 197
150.0 192 198
151.5 31 45
151.5 31 46
153.0 63 64
153.0 63 65
154.5 9 18
154.5 9 19
156.0 79 97
156.0 79 98
157.5 13 18
157.5 13 19
159.0 188 189
159.0 188 190
160.5 59 75
160.5 59 76
162.0 139 145
162.0 139 146
163.5 36 43
163.5 36 44
165.0 158 173
165.0 158 174
166.5 58 59
166.5 58 60
168.0 38 44
168.0 38 45
169.5 179 196
169.5 179 197
171.0 29 45
171.0 29 46
172.5 8 23
172.5 8 24
174.0 3 19
174.0 3 20
175.5 151 152
175.5 152 153
177.0 3 27
177.0 3 177
178.5 2 23
178.5 2 24
180.0 34 40
180.0 34 41
181.5 106 107
181.5 106 113
183.0 132 150
183.0 132 151
184.5 78 100
184.5 78 101
186.0 49 50
186.0 50 51
187.5 128 149
187.5 128 150
189.0 137 143
189.0 137 144
190.5 64 67
190.5 64 68
192.0 80 97
192.0 80 98
193.5 36 39
193.5 36 40
195.0 41 44
195.0 41 45
196.5 107 116
196.5 107 117
198.0 169 172
198.0 169 173
199.5 162 164
199.5 162 165
201.0 111 113
201.0 111 114
202.5 38 46
202.5 38 47
204.0 28 29
204.0 28 44
205.5 83 96
205.5 83 97
207.0 185 191
207.0 185 192
208.5 115 117
208.5 115 118
210.0 55 74
210.0 55 75
211.5 105 116
211.5 105 117
213.0 117 120
213.0 117 121
214.5 13 20
214.5 13 21
216.0 178 198
216.0 178 199
217.5 165 170
217.5 165 171
219.0 142 144
219.0 142 145
220.5 158 161
220.5 158 162
222.0 14 18
222.0 14 19
223.5 135 146
223.5 135 147
225.0 8 19
225.0 8 20
226.5 163 175
226.5 164 165
228.0 57 58
228.0 57 61
229.5 86 91
229.5 86 92
231.0 103 128
231.0 103 153
232.5 88 99
232.5 88 100
234.0 33 35
234.0 33 36
235.5 108 121
235.5 108 122
237.0 160 172
237.0 160 173
238.5 161 166
238.5 161 167
240.0 86 87
240.0 86 88
241.5 90 91
241.5 90 92
243.0 134 137
243.0 134 138
244.5 60 61
244.5 60 62
246.0 185 199
246.0 186 187
247.5 114 123
247.5 114 124
249.0 64 65
249.0 64 66
250.5 67 70
250.5 67 71
252.0 32 44
252.0 32 45
253.5 27 49
253.5 27 50
255.0 189 191
255.0 189 192
256.5 58 73
256.5 58 74
258.0 186 198
258.0 186 199
259.5 105 118
259.5 105 119
261.0 33 45
261.0 33 46
262.5 47 48
262.5 48 49
264.0 10 22
264.0 10 23
265.5 58 77
265.5 59 60
267.0 156 164
267.0 156 165
268.5 78 102
268.5 78 127
270.0 104 118
270.0 104 119
271.5 141 143
271.5 141 144
273.0 159 169
273.0 159 170
274.5 131 141
274.5 131 142
276.0 162 174
276.0 162 175
277.5 180 199
277.5 181 182
279.0 171 172
279.0 172 173
280.5 5 17
280.5 5 18
282.0 141 147
282.0 141 148
283.5 134 135
283.5 134 136
285.0 166 169
285.0 166 170
286.5 69 70
286.5 69 71
288.0 33 51
288.0 34 35
289.5 180 195
289.5 180 196
291.0 9 24
291.0 9 25
292.5 111 121
292.5 111 122
294.0 108 109
294.0 108 110
295.5 80 91
295.5 80 92
297.0 79 93
297.0 79 94
298.5 157 174
298.5 157 175
300.0 12 22
300.0 12 23
301.5 79 95
301.5 79 96
303.0 113 116
303.0 113 117
304.5 34 48
304.5 34 49
306.0 7 15
306.0 7 16
307.5 110 114
307.5 110 115
309.0 11 15
309.0 11 16
310.5 55 70
310.5 55 71
312.0 40 48
312.0 40 49
313.5 33 37
313.5 33 38
315.0 73 74
315.0 74 75
316.5 15 17
316.5 15 18
318.0 185 195
318.0 185 196
319.5 153 175
319.5 153 176
321.0 84 92
321.0 84 93
322.5 82 97
322.5 82 98
324.0 166 167
324.0 166 168
325.5 155 172
325.5 155 173
327.0 41 48
327.0 42 43
328.5 137 151
328.5 138 139
330.0 55 68
330.0 55 69
331.5 62 64
331.5 62 65
333.0 195 196
333.0 195 197
334.5 134 141
334.5 134 142
336.0 149 150
336.0 150 151
337.5 61 72
337.5 61 73
339.0 84 86
339.0 84 87
340.5 112 119
340.5 112 120
342.0 61 68
342.0 61 69
343.5 158 165
343.5 158 166
345.0 165 174
345.0 165 175
346.5 157 162
346.5 157 163
348.0 77 127
348.0 77 128
349.5 187 196
349.5 187 197
351.0 87 91
351.0 87 92
352.5 52 128
352.5 52 152
354.0 164 170
354.0 164 171
355.5 191 198
355.5 191 199
357.0 61 62
357.0 61 63
358.5 6 26
358.5 6 27
360.0 130 153
360.0 131 132
361.5 39 41
361.5 39 42
363.0 60 63
363.0 60 64
364.5 30 31
364.5 30 39
366.0 85 94
366.0 85 95
367.5 143 145
367.5 143 146
369.0 52 153
369.0 52 177
370.5 182 189
370.5 182 190
372.0 140 141
372.0 140 142
373.5 66 70
373.5 66 71
375.0 115 121
375.0 115 122
376.5 95 97
376.5 96 97
378.0 109 113
378.0 109 114
379.5 104 120
379.5 104 121
381.0 94 95
381.0 94 96
382.5 165 168
382.5 165 169
384.0 39 43
384.0 39 44
385.5 25 26
385.5 26 27
387.0 186 194
387.0 186 195
388.5 59 69
388.5 59 70
390.0 108 123
390.0 108 124
391.5 129 145
391.5 129 146
393.0 56 76
393.0 56 77
394.5 137 139
394.5 137 140
396.0 107 124
396.0 107 125
397.5 137 149
397.5 137 150
399.0 89 94
399.0 89 95
400.5 130 141
400.5 130 142
402.0 177 178
402.0 178 179
403.5 157 164
403.5 157 165
405.0 78 98
405.0 78 99
406.5 116 119
406.5 116 120
408.0 82 95
408.0 82 96
409.5 91 95
409.5 91 96
411.0 165 172
411.0 165 173
412.5 43 45
412.5 43 46
414.0 82 91
414.0 82 92
415.5 162 166
415.5 162 167
417.0 118 121
417.0 118 122
418.5 138 146
418.5 138 147
420.0 142 148
420.0 143 144
421.5 191 194
421.5 191 195
423.0 196 197
423.0 197 198
424.5 188 197
424.5 188 198
426.0 15 23
426.0 16 17
427.5 135 136
427.5 135 137
429.0 179 180
429.0 179 195
430.5 144 145
430.5 144 146
432.0 65 68
432.0 65 69
433.5 88 97
433.5 88 98
435.0 60 71
435.0 60 72
436.5 157 168
436.5 157 169
438.0 194 197
438.0 194 198
439.5 59 63
439.5 59 64
441.0 118 119
441.0 118 120
442.5 109 111
442.5 109 112
444.0 18 22
444.0 19 20
445.5 155 178
445.5 156 157
447.0 112 125
447.0 112 126
448.5 99 100
448.5 100 101
450.0 42 46
450.0 42 47
451.5 61 74
451.5 61 75
453.0 9 22
453.0 9 23
454.5 110 116
454.5 110 117
456.0 183 192
456.0 183 193
457.5 87 89
457.5 87 90
459.0 164 168
459.0 164 169
460.5 38 40
460.5 38 41
462.0 13 14
462.0 13 15
463.5 45 46
463.5 46 47
465.0 160 168
465.0 160 169
466.5 90 93
466.5 90 94
468.0 128 153
468.0 128 178
469.5 11 25
469.5 12 13
471.0 110 124
471.0 110 125
472.5 182 199
472.5 183 184
474.0 33 47
474.0 33 48
475.5 86 99
475.5 86 100
477.0 30 42
477.0 30 43
478.5 154 174
478.5 154 175
480.0 53 127
480.0 53 128
481.5 78 79
481.5 78 95
483.0 138 140
483.0 138 141
484.5 32 50
484.5 32 51
486.0 4 18
486.0 4 19
487.5 5 25
487.5 5 26
489.0 117 118
489.0 117 119
490.5 102 127
490.5 102 128
492.0 79 101
492.0 79 102
493.5 33 43
493.5 33 44
495.0 158 169
495.0 158 170
496.5 182 197
496.5 182 198
498.0 89 92
498.0 89 93
499.5 5 19
499.5 5 20
501.0 88 93
501.0 88 94
502.5 104 126
502.5 104 127
504.0 161 174
504.0 161 175
505.5 181 198
505.5 181 199
507.0 61 66
507.0 61 67
508.5 82 83
508.5 82 86
510.0 87 93
510.0 87 94
511.5 55 76
511.5 55 77
513.0 80 99
513.0 80 100
514.5 3 25
514.5 3 26
516.0 51 52
516.0 52 53
517.5 9 10
517.5 9 11
519.0 129 151
519.0 129 152
520.5 56 68
520.5 56 69
522.0 11 13
522.0 11 14
523.5 156 174
523.5 156 175
525.0 157 172
525.0 157 173
526.5 109 121
526.5 109 122
528.0 161 172
528.0 161 173
529.5 44 46
529.5 44 47
531.0 5 23
531.0 5 24
532.5 158 159
532.5 158 160
534.0 135 142
534.0 135 143
535.5 107 114
535.5 107 115
537.0 38 50
537.0 39 40
538.5 87 95
538.5 87 96
540.0 3 178
540.0 4 5
541.5 92 98
541.5 93 94
543.0 106 118
543.0 106 119
544.5 163 173
544.5 163 174
546.0 54 76
546.0 54 77
547.5 31 39
547.5 31 40
549.0 67 72
549.0 67 73
550.5 27 127
550.5 27 128
552.0 4 24
552.0 4 25
553.5 106 116
553.5 106 117
555.0 57 62
555.0 57 63
556.5 31 51
556.5 31 52
558.0 93 97
558.0 93 98
559.5 85 98
559.5 85 99
561.0 54 74
561.0 54 75
562.5 10 18
562.5 10 19
564.0 114 119
564.0 114 120
565.5 78 128
565.5 78 152
567.0 167 170
567.0 167 171
568.5 130 143
568.5 130 144
570.0 102 152
570.0 102 153
571.5 130 145
571.5 130 146
573.0 155 174
573.0 155 175
574.5 62 66
574.5 62 67
576.0 185 189
576.0 185 190
577.5 62 70
577.5 62 71
579.0 90 95
579.0 90 96
580.5 10 14
580.5 10 15
582.0 85 86
582.0 85 87
583.5 123 124
583.5 124 125
585.0 30 46
585.0 30 47
586.5 91 99
586.5 92 93
588.0 186 188
588.0 186 189
589.5 106 124
589.5 106 125
591.0 34 44
591.0 34 45
592.5 160 162
592.5 160 163
594.0 183 198
594.0 183 199
595.5 111 119
595.5 111 120
597.0 80 101
597.0 80 102
598.5 114 125
598.5 115 116
600.0 164 172
600.0 164 173
601.5 43 47
601.5 44 45
603.0 159 173
603.0 159 174
604.5 136 143
604.5 136 144
606.0 159 177
606.0 160 161
607.5 81 97
607.5 81 98
609.0 83 98
609.0 83 99
610.5 167 174
610.5 168 169
612.0 160 176
612.0 160 177
613.5 23 24
613.5 24 25
615.0 156 170
615.0 156 171
616.5 60 73
616.5 60 74
618.0 103 122
618.0 103 123
619.5 135 140
619.5 135 141
621.0 135 148
621.0 135 149
622.5 88 89
622.5 88 90
624.0 77 78
624.0 77 100
625.5 7 13
625.5 7 14
627.0 113 120
627.0 113 121
628.5 84 100
628.5 84 101
630.0 133 135
630.0 133 136
631.5 59 67
631.5 59 68
633.0 193 197
633.0 193 198
634.5 185 193
634.5 185 194
636.0 81 101
636.0 81 102
637.5 137 147
637.5 137 148
639.0 104 128
639.0 105 106
640.5 163 169
640.5 163 170
642.0 110 120
642.0 110 121
643.5 132 152
643.5 133 134
645.0 88 95
645.0 88 96
646.5 57 66
646.5 57 67
648.0 34 50
648.0 34 51
649.5 89 98
649.5 89 99
651.0 14 24
651.0 15 16
652.5 92 96
652.5 92 97
654.0 107 122
654.0 107 123
655.5 162 172
655.5 162 173
657.0 42 44
657.0 42 45
658.5 78 178
658.5 79 80
660.0 192 199
660.0 193 194
661.5 54 72
661.5 54 73
663.0 131 149
663.0 131 150
664.5 144 147
664.5 145 146
666.0 181 196
666.0 181 197
667.5 29 47
667.5 29 48
669.0 19 21
669.0 20 21
670.5 133 147
670.5 133 148
672.0 140 147
672.0 140 148
673.5 64 69
673.5 64 70
675.0 35 48
675.0 35 49
676.5 32 52
676.5 33 34
678.0 168 172
678.0 168 173
679.5 133 145
679.5 133 146
681.0 103 178
681.0 104 105
682.5 7 23
682.5 7 24
684.0 131 147
684.0 131 148
685.5 32 36
685.5 32 37
687.0 136 147
687.0 136 148
688.5 138 144
688.5 138 145
690.0 17 22
690.0 18 19
691.5 190 194
691.5 190 195
693.0 183 190
693.0 183 191
694.5 108 117
694.5 108 118
696.0 63 74
696.0 63 75
697.5 142 146
697.5 142 147
699.0 92 94
699.0 92 95
700.5 159 167
700.5 159 168
702.0 8 25
702.0 8 26
703.5 32 42
703.5 32 43
705.0 28 49
705.0 28 50
706.5 4 16
706.5 4 17
708.0 12 14
708.0 12 15
709.5 179 198
709.5 179 199
711.0 33 41
711.0 33 42
712.5 54 70
712.5 54 71
714.0 11 21
714.0 11 22
715.5 106 114
715.5 106 115
717.0 85 92
717.0 85 93
718.5 141 149
718.5 142 143
720.0 80 81
720.0 80 90
721.5 189 197
721.5 189 198
723.0 145 147
723.0 146 147
724.5 3 23
724.5 3 24
726.0 58 65
726.0 58 66
727.5 127 128
727.5 128 129
729.0 33 39
729.0 33 40
730.5 160 164
730.5 160 165
732.0 140 145
732.0 140 146
733.5 155 168
733.5 155 169
735.0 11 19
735.0 11 20
736.5 84 98
736.5 84 99
738.0 16 18
738.0 16 19
739.5 105 124
739.5 105 125
741.0 8 9
741.0 8 10
742.5 12 18
742.5 12 19
744.0 88 91
744.0 88 92
745.5 57 76
745.5 57 77
747.0 89 90
747.0 89 91
748.5 137 145
748.5 137 146
750.0 109 119
750.0 109 120
751.5 106 126
751.5 106 127
753.0 164 166
753.0 164 167
754.5 132 140
754.5 132 141
756.0 129 147
756.0 129 148
757.5 85 90
757.5 85 91
759.0 62 68
759.0 62 69
760.5 130 151
760.5 130 152
762.0 94 97
762.0 95 96
763.5 64 73
763.5 64 74
765.0 138 150
765.0 139 140
766.5 136 151
766.5 137 138
768.0 180 181
768.0 180 192
769.5 187 188
769.5 187 189
771.0 58 75
771.0 58 76
772.5 129 130
772.5 129 144
774.0 58 61
774.0 58 62
775.5 56 64
775.5 56 65
777.0 184 199
777.0 185 186
778.5 7 11
778.5 7 12
780.0 7 17
780.0 7 18
781.5 183 196
781.5 183 197
783.0 156 168
783.0 156 169
784.5 102 177
784.5 102 178
786.0 67 68
786.0 67 69
787.5 155 166
787.5 155 167
789.0 159 163
789.0 159 164
790.5 183 186
790.5 183 187
792.0 14 16
792.0 14 17
793.5 4 26
793.5 4 27
795.0 68 71
795.0 68 72
796.5 7 8
796.5 7 10
798.0 81 82
798.0 81 88
799.5 185 197
799.5 185 198
801.0 108 125
801.0 108 126
802.5 63 70
802.5 63 71
804.0 63 66
804.0 63 67
805.5 183 194
805.5 183 195
807.0 38 42
807.0 38 43
808.5 5 27
808.5 6 7
810.0 37 48
810.0 37 49
811.5 125 126
811.5 126 127
813.0 187 190
813.0 187 191
814.5 134 147
814.5 134 148
816.0 28 47
816.0 28 48
817.5 112 121
817.5 112 122
819.0 31 41
819.0 31 42
820.5 12 16
820.5 12 17
822.0 192 193
822.0 192 194
823.5 69 72
823.5 70 71
825.0 83 100
825.0 83 101
826.5 82 93
826.5 82 94
828.0 83 94
828.0 83 95
829.5 198 199
831.0 30 50
831.0 30 51
832.5 188 195
832.5 188 196
834.0 86 101
834.0 87 88
835.5 9 14
835.5 9 15
837.0 194 195
837.0 194 196
838.5 160 170
838.5 160 171
840.0 57 64
840.0 57 65
841.5 53 72
841.5 53 73
843.0 10 24
843.0 10 25
844.5 167 172
844.5 167 173
846.0 61 76
846.0 62 63
847.5 53 76
847.5 53 77
849.0 89 96
849.0 89 97
850.5 130 149
850.5 130 150
852.0 7 19
852.0 7 20
853.5 27 51
853.5 27 52
855.0 78 96
855.0 78 97
856.5 54 68
856.5 54 69
858.0 60 69
858.0 60 70
859.5 131 139
859.5 131 140
861.0 107 118
861.0 107 119
862.5 68 69
862.5 68 70
864.0 158 171
864.0 158 172
865.5 8 11
865.5 8 12
867.0 16 22
867.0 16 23
868.5 27 77
868.5 27 102
870.0 184 189
870.0 184 190
871.5 58 63
871.5 58 64
873.0 55 66
873.0 55 67
874.5 109 125
874.5 109 126
876.0 180 193
876.0 180 194
877.5 135 150
877.5 135 151
879.0 82 87
879.0 82 88
880.5 105 122
880.5 105 123
882.0 65 74
882.0 66 67
883.5 104 122
883.5 104 123
885.0 107 108
885.0 107 111
886.5 15 21
886.5 15 22
888.0 141 145
888.0 141 146
889.5 58 71
889.5 58 72
891.0 0 1
891.0 1 2
892.5 93 95
892.5 93 96
894.0 131 145
894.0 131 146
895.5 37 50
895.5 38 39
897.0 112 115
897.0 112 116
898.5 119 121
898.5 119 122
900.0 86 89
900.0 86 90
901.5 133 139
901.5 133 140
903.0 28 152
903.0 28 153
904.5 184 185
904.5 184 186
906.0 175 176
906.0 176 177
907.5 2 27
907.5 2 52
909.0 5 6
909.0 5 14
910.5 154 172
910.5 154 173
912.0 59 65
912.0 59 66
913.5 53 70
913.5 53 71
915.0 116 117
915.0 116 118
916.5 136 139
916.5 136 140
918.0 140 149
918.0 141 142
919.5 184 191
919.5 184 192
921.0 186 190
921.0 186 191
922.5 110 122
922.5 110 123
924.0 134 139
924.0 134 140
925.5 86 93
925.5 86 94
927.0 21 22
927.0 22 23
928.5 139 141
928.5 139 142
930.0 4 20
930.0 4 21
931.5 80 95
931.5 80 96
933.0 65 70
933.0 65 71
934.5 82 89
934.5 82 90
936.0 165 166
936.0 165 167
937.5 81 95
937.5 81 96
939.0 112 123
939.0 112 124
940.5 60 65
940.5 60 66
942.0 6 24
942.0 6 25
943.5 83 86
943.5 83 87
945.0 186 192
945.0 186 193
946.5 77 177
946.5 77 178
948.0 37 40
948.0 37 41
949.5 75 76
949.5 76 77
951.0 83 88
951.0 83 89
952.5 63 72
952.5 63 73
954.0 181 190
954.0 181 191
955.5 182 191
955.5 182 192
957.0 71 72
957.0 72 73
958.5 41 46
958.5 41 47
960.0 103 104
960.0 103 121
961.5 9 16
961.5 9 17
963.0 112 117
963.0 112 118
964.5 86 97
964.5 86 98
966.0 36 45
966.0 36 46
967.5 35 50
967.5 35 51
969.0 35 44
969.0 35 45
970.5 154 155
970.5 154 169
972.0 184 187
972.0 184 188
973.5 136 137
973.5 136 138
975.0 154 170
975.0 154 171
976.5 2 128
976.5 2 152
978.0 34 38
978.0 34 39
979.5 138 142
979.5 138 143
981.0 108 113
981.0 108 114
982.5 135 138
982.5 135 139
984.0 181 192
984.0 181 193
985.5 17 20
985.5 17 21
987.0 181 194
987.0 181 195
988.5 36 49
988.5 36 50
990.0 16 20
990.0 16 21
991.5 115 119
991.5 115 120
993.0 159 175
993.0 159 176
994.5 30 52
994.5 31 32
996.0 81 99
996.0 81 100
997.5 77 152
997.5 77 153
999.0 9 12
999.0 9 13
1000.5 35 42
1000.5 35 43
1002.0 108 127
1002.0 109 110
1003.5 52 76
1003.5 52 77
1005.0 113 122
1005.0 113 123
1006.5 153 173
1006.5 153 174
1008.0 156 166
1008.0 156 167
1009.5 54 55
1009.5 54 67
1011.0 13 16
1011.0 13 17
1012.5 30 40
1012.5 30 41
1014.0 161 164
1014.0 161 165
1015.5 56 74
1015.5 56 75
1017.0 34 42
1017.0 34 43
1018.5 158 167
1018.5 158 168
1020.0 2 25
1020.0 2 26
1021.5 188 199
1021.5 189 190
1023.0 32 33
1023.0 32 35
1024.5 132 148
1024.5 132 149
1026.0 158 177
1026.0 159 160
1027.5 39 49
1027.5 40 41
1029.0 29 49
1029.0 29 50
1030.5 136 149
1030.5 136 150
1032.0 52 178
1032.0 53 54
1033.5 14 22
1033.5 14 23
1035.0 156 176
1035.0 156 177
1036.5 83 102
1036.5 84 85
1038.0 57 70
1038.0 57 71
1039.5 33 49
1039.5 33 50
1041.0 53 177
1041.0 53 178
1042.5 52 74
1042.5 52 75
1044.0 83 90
1044.0 83 91
1045.5 32 48
1045.5 32 49
1047.0 184 195
1047.0 184 196
1048.5 13 24
1048.5 14 15
1050.0 160 174
1050.0 160 175
1051.5 32 40
1051.5 32 41
1053.0 81 93
1053.0 81 94
1054.5 184 193
1054.5 184 194
1056.0 163 171
1056.0 163 172
1057.5 158 163
1057.5 158 164
1059.0 82 99
1059.0 82 100
1060.5 55 56
1060.5 55 65
1062.0 131 143
1062.0 131 144
1063.5 109 117
1063.5 109 118
1065.0 105 126
1065.0 105 127
1066.5 113 114
1066.5 113 115
1068.0 18 20
1068.0 18 21
1069.5 153 177
1069.5 153 178
1071.0 11 23
1071.0 11 24
1072.5 111 117
1072.5 111 118
1074.0 131 151
1074.0 131 152
1075.5 8 13
1075.5 8 14
1077.0 106 120
1077.0 106 121
1078.5 159 165
1078.5 159 166
1080.0 27 177
1080.0 27 178
1081.5 108 115
1081.5 108 116
1083.0 9 26
1083.0 10 11
1084.5 83 84
1084.5 83 85
1086.0 84 94
1086.0 84 95
1087.5 2 3
1087.5 2 22
1089.0 36 41
1089.0 36 42
1090.5 111 115
1090.5 111 116
1092.0 159 161
1092.0 159 162
1093.5 153 154
1093.5 153 172
1095.0 52 102
1095.0 52 127
1096.5 110 118
1096.5 110 119
1098.0 161 168
1098.0 161 169
1099.5 83 92
1099.5 83 93
1101.0 130 147
1101.0 130 148
1102.5 27 28
1102.5 27 48
1104.0 140 143
1104.0 140 144
1105.5 40 44
1105.5 40 45
1107.0 185 187
1107.0 185 188
1108.5 5 21
1108.5 5 22
1110.0 29 30
1110.0 29 42
1111.5 8 17
1111.5 8 18
1113.0 187 192
1113.0 187 193
1114.5 173 174
1114.5 174 175
1116.0 29 51
1116.0 29 52
1117.5 56 70
1117.5 56 71
1119.0 166 173
1119.0 166 174
1120.5 168 170
1120.5 168 171
1122.0 31 47
1122.0 31 48
1123.5 188 193
1123.5 188 194
1125.0 78 153
1125.0 78 177
1126.5 108 119
1126.5 108 120
1128.0 66 68
1128.0 66 69
1129.5 162 168
1129.5 162 169
1131.0 36 47
1131.0 36 48
1132.5 113 124
1132.5 113 125
1134.0 190 198
1134.0 190 199
1135.5 37 44
1135.5 37 45
1137.0 104 124
1137.0 104 125
1138.5 65 72
1138.5 65 73
1140.0 84 90
1140.0 84 91
1141.5 7 25
1141.5 7 26
1143.0 62 74
1143.0 62 75
1144.5 163 167
1144.5 163 168
1146.0 129 153
1146.0 130 131
1147.5 103 126
1147.5 103 127
1149.0 117 122
1149.0 117 123
1150.5 128 147
1150.5 128 148
1152.0 6 20
1152.0 6 21
1153.5 107 112
1153.5 107 113
1155.0 56 57
1155.0 56 63
1156.5 7 21
1156.5 7 22
1158.0 129 149
1158.0 129 150
1159.5 157 176
1159.5 157 177
1161.0 56 72
1161.0 56 73
1162.5 35 40
1162.5 35 41
1164.0 2 178
1164.0 3 4
1165.5 62 72
1165.5 62 73
1167.0 34 36
1167.0 34 37
1168.5 31 37
1168.5 31 38
1170.0 139 143
1170.0 139 144
1171.5 2 153
1171.5 2 177
1173.0 134 149
1173.0 134 150
1174.5 87 99
1174.5 87 100
1176.0 187 194
1176.0 187 195
1177.5 109 123
1177.5 109 124
1179.0 77 101
1179.0 77 102
1180.5 59 61
1180.5 59 62
1182.0 12 20
1182.0 12 21
1183.5 5 15
1183.5 5 16
1185.0 154 176
1185.0 154 177
1186.5 61 70
1186.5 61 71
1188.0 155 176
1188.0 155 177
1189.5 111 125
1189.5 111 126
1191.0 107 120
1191.0 107 121
1192.5 90 99
1192.5 91 92
1194.0 170 171
1194.0 170 172
1195.5 184 197
1195.5 184 198
1197.0 91 93
1197.0 91 94
1198.5 35 36
1198.5 35 37
1200.0 163 165
1200.0 163 166
1201.5 110 126
1201.5 111 112
1203.0 40 42
1203.0 40 43
1204.5 36 37
1204.5 36 38
1206.0 59 71
1206.0 59 72
1207.5 4 22
1207.5 4 23
1209.0 28 177
1209.0 28 178
1210.5 112 113
1210.5 112 114
1212.0 55 72
1212.0 55 73
1213.5 56 66
1213.5 56 67
1215.0 53 74
1215.0 53 75
1216.5 116 121
1216.5 116 122
1218.0 161 162
1218.0 161 163
1219.5 189 193
1219.5 189 194
1221.0 60 67
1221.0 60 68
1222.5 61 64
1222.5 61 65
1224.0 35 38
1224.0 35 39
1225.5 108 111
1225.5 108 112
1227.0 57 72
1227.0 57 73
1228.5 114 115
1228.5 114 116
1230.0 6 16
1230.0 6 17
1231.5 133 149
1231.5 133 150
1233.0 135 144
1233.0 135 145
1234.5 164 174
1234.5 164 175
1236.0 15 19
1236.0 15 20
1237.5 161 170
1237.5 161 171
1239.0 97 98
1239.0 98 99
1240.5 137 141
1240.5 137 142
1242.0 85 88
1242.0 85 89
1243.5 6 18
1243.5 6 19
1245.0 111 123
1245.0 111 124
1246.5 132 133
1246.5 132 137
1248.0 188 191
1248.0 188 192
1249.5 114 117
1249.5 114 118
1251.0 84 96
1251.0 84 97
1252.5 31 49
1252.5 31 50
1254.0 132 138
1254.0 132 139
1255.5 86 95
1255.5 86 96
1257.0 182 193
1257.0 182 194
1258.5 134 143
1258.5 134 144
1260.0 58 69
1260.0 58 70
1261.5 12 24
1261.5 12 25
1263.0 183 188
1263.0 183 189
1264.5 193 195
1264.5 193 196
1266.0 27 152
1266.0 27 153
1267.5 37 42
1267.5 37 43
1269.0 189 199
1269.0 190 191
1270.5 133 151
1270.5 133 152
1272.0 118 123
1272.0 119 120
1273.5 186 196
1273.5 186 197
1275.0 3 21
1275.0 3 22
1276.5 57 74
1276.5 57 75
1278.0 85 100
1278.0 85 101
1279.5 143 147
1279.5 143 148
1281.0 160 166
1281.0 160 167
1282.5 37 38
1282.5 37 39
1284.0 82 101
1284.0 82 102
1285.5 14 20
1285.5 14 21
1287.0 57 68
1287.0 57 69
1288.5 147 148
1288.5 148 149
1290.0 158 175
1290.0 158 176
