0 68 72
0 68 73
1.5 3 19
1.5 3 20
3.0 98 101
3.0 99 100
4.5 140 145
4.5 140 146
6.0 118 149
6.0 118 150
7.5 65 66
7.5 65 67
9.0 153 154
9.0 153 155
10.5 154 185
10.5 154 186
12.0 89 100
12.0 89 101
13.5 70 71
13.5 70 72
15.0 104 117
15.0 104 118
16.5 153 160
16.5 153 161
18.0 142 146
18.0 142 147
19.5 8 44
19.5 8 45
21.0 154 156
21.0 154 157
22.5 172 183
22.5 172 184
24.0 130 138
24.0 130 139
25.5 47 59
25.5 47 60
27.0 160 167
27.0 160 168
28.5 2 39
28.5 2 40
30.0 51 55
30.0 51 56
31.5 95 97
31.5 95 98
33.0 105 108
33.0 105 109
34.5 100 101
34.5 101 102
36.0 121 122
36.0 121 123
37.5 33 38
37.5 33 39
39.0 153 156
39.0 153 157
40.5 123 152
40.5 124 125
42.0 9 19
42.0 9 20
43.5 8 21
43.5 8 22
45.0 30 38
45.0 30 39
46.5 109 112
46.5 109 113
48.0 91 99
48.0 91 100
49.5 140 147
49.5 140 148
51.0 77 83
51.0 77 84
52.5 105 106
52.5 105 107
54.0 30 44
54.0 30 45
55.5 152 164
55.5 152 165
57.0 31 39
57.0 31 40
58.5 104 107
58.5 104 108
60.0 2 8
60.0 2 9
61.5 24 44
61.5 24 45
63.0 190 196
63.0 190 197
64.5 127 140
64.5 127 141
66.0 104 115
66.0 104 116
67.5 158 185
67.5 158 198
69.0 159 184
69.0 159 185
70.5 69 70
70.5 69 71
72.0 77 79
72.0 77 80
73.5 57 58
73.5 57 59
75.0 152 184
75.0 152 185
76.5 109 114
76.5 109 115
78.0 189 192
78.0 189 193
79.5 121 142
79.5 121 143
81.0 128 136
81.0 128 137
82.5 187 196
82.5 187 197
84.0 62 66
84.0 62 67
85.5 6 18
85.5 6 19
87.0 14 16
87.0 14 17
88.5 2 43
88.5 2 44
90.0 65 70
90.0 65 71
91.5 80 81
91.5 80 82
93.0 54 60
93.0 55 56
94.5 62 64
94.5 62 65
96.0 196 197
96.0 197 198
97.5 102 117
97.5 102 118
99.0 65 72
99.0 65 73
100.5 158 199
100.5 159 160
102.0 159 166
102.0 159 167
103.5 5 22
103.5 5 23
105.0 0 40
105.0 0 41
106.5 11 16
106.5 11 17
108.0 22 40
108.0 22 41
109.5 61 72
109.5 61 73
111.0 155 160
111.0 155 161
112.5 103 113
112.5 103 114
114.0 64 73
114.0 64 74
115.5 106 110
115.5 106 111
117.0 42 44
117.0 42 45
118.5 161 169
118.5 161 170
120.0 68 70
120.0 68 71
121.5 66 73
121.5 67 68
123.0 1 44
123.0 1 45
124.5 159 198
124.5 159 199
126.0 117 118
126.0 118 119
127.5 1 40
127.5 1 41
129.0 155 165
129.0 155 166
130.5 125 149
130.5 125 150
132.0 124 126
132.0 124 136
133.5 75 81
133.5 75 82
135.0 33 40
135.0 34 35
136.5 118 141
136.5 118 142
138.0 122 141
138.0 122 142
139.5 159 170
139.5 159 171
141.0 155 196
141.0 155 197
142.5 157 185
142.5 157 197
144.0 6 22
144.0 6 23
145.5 64 71
145.5 64 72
147.0 63 71
147.0 63 72
148.5 154 166
148.5 154 167
150.0 120 121
150.0 120 122
151.5 74 87
151.5 74 88
153.0 10 17
153.0 10 18
154.5 13 19
154.5 14 15
156.0 29 30
156.0 29 37
157.5 188 195
157.5 188 196
159.0 189 194
159.0 189 195
160.5 191 193
160.5 191 194
162.0 50 54
162.0 50 55
163.5 90 102
163.5 91 92
165.0 142 148
165.0 142 149
166.5 4 6
166.5 4 7
168.0 61 118
168.0 62 63
169.5 62 70
169.5 62 71
171.0 131 137
171.0 131 138
172.5 84 86
172.5 85 86
174.0 79 84
174.0 79 85
175.5 1 6
175.5 1 7
177.0 158 168
177.0 158 169
178.5 94 97
178.5 94 98
180.0 107 109
180.0 107 110
181.5 49 52
181.5 49 53
183.0 43 45
183.0 43 46
184.5 61 74
184.5 61 102
186.0 31 37
186.0 31 38
187.5 6 40
187.5 6 41
189.0 51 57
189.0 51 58
190.5 130 150
190.5 130 151
192.0 142 152
192.0 143 144
193.5 0 44
193.5 0 45
195.0 112 116
195.0 112 117
196.5 178 181
196.5 178 182
198.0 81 85
198.0 81 86
199.5 120 145
199.5 120 146
201.0 130 134
201.0 130 135
202.5 153 164
202.5 153 165
204.0 0 73
204.0 0 74
205.5 88 98
205.5 88 99
207.0 121 148
207.0 121 149
208.5 44 45
208.5 45 46
210.0 63 65
210.0 63 66
211.5 24 46
211.5 24 47
213.0 24 40
213.0 24 41
214.5 155 169
214.5 155 170
216.0 92 95
216.0 92 96
217.5 96 100
217.5 96 101
219.0 108 117
219.0 108 118
220.5 6 20
220.5 6 21
222.0 155 184
222.0 155 185
223.5 174 179
223.5 174 180
225.0 80 87
225.0 81 82
226.5 93 100
226.5 93 101
228.0 110 116
228.0 110 117
229.5 119 141
229.5 119 142
231.0 126 143
231.0 126 144
232.5 124 143
232.5 124 144
234.0 156 185
234.0 156 197
235.5 1 42
235.5 1 43
237.0 138 150
237.0 138 151
238.5 135 136
238.5 136 137
240.0 123 150
240.0 123 151
241.5 80 83
241.5 80 84
243.0 120 141
243.0 120 142
244.5 107 115
244.5 107 116
246.0 30 46
246.0 30 47
247.5 41 46
247.5 42 43
249.0 119 143
249.0 119 144
250.5 113 114
250.5 113 115
252.0 82 86
252.0 82 87
253.5 128 149
253.5 128 150
255.0 0 25
255.0 0 26
256.5 61 62
256.5 61 67
258.0 188 199
258.0 189 190
259.5 190 198
259.5 191 192
261.0 111 117
261.0 112 113
262.5 125 147
262.5 125 148
264.0 67 71
264.0 67 72
265.5 151 152
265.5 152 153
267.0 1 60
267.0 1 61
268.5 147 150
268.5 147 151
270.0 119 135
270.0 119 136
271.5 0 101
271.5 0 102
273.0 153 172
273.0 153 173
274.5 144 149
274.5 144 150
276.0 104 111
276.0 104 112
277.5 153 184
277.5 153 185
279.0 35 38
279.0 36 37
280.5 120 123
280.5 120 124
282.0 3 7
282.0 3 8
283.5 114 117
283.5 115 116
285.0 153 199
285.0 154 155
286.5 103 109
286.5 103 110
288.0 153 197
288.0 153 198
289.5 118 145
289.5 118 146
291.0 189 198
291.0 190 191
292.5 123 136
292.5 123 137
294.0 50 60
294.0 51 52
295.5 1 21
295.5 1 22
297.0 74 102
297.0 74 118
298.5 4 8
298.5 4 9
300.0 0 15
300.0 0 16
301.5 187 198
301.5 187 199
303.0 120 139
303.0 120 140
304.5 75 87
304.5 75 88
306.0 49 50
306.0 49 51
307.5 123 148
307.5 123 149
309.0 119 147
309.0 119 148
310.5 131 133
310.5 131 134
312.0 0 19
312.0 0 20
313.5 30 42
313.5 30 43
315.0 121 140
315.0 121 141
316.5 131 152
316.5 132 133
318.0 125 151
318.0 125 152
319.5 121 144
319.5 121 145
321.0 7 22
321.0 7 40
322.5 124 151
322.5 124 152
324.0 92 97
324.0 92 98
325.5 164 165
325.5 164 166
327.0 78 80
327.0 78 81
328.5 4 40
328.5 4 41
330.0 143 145
330.0 143 146
331.5 162 170
331.5 163 164
333.0 122 147
333.0 122 148
334.5 93 98
334.5 93 99
336.0 154 198
336.0 154 199
337.5 66 69
337.5 66 70
339.0 48 102
339.0 48 118
340.5 173 174
340.5 173 180
342.0 66 71
342.0 66 72
343.5 53 54
343.5 53 55
345.0 49 60
345.0 50 51
346.5 8 40
346.5 8 41
348.0 124 139
348.0 124 140
349.5 4 25
349.5 4 39
351.0 120 127
351.0 120 128
352.5 27 28
352.5 27 38
354.0 155 156
354.0 155 157
355.5 125 126
355.5 125 136
357.0 152 186
357.0 152 195
358.5 161 165
358.5 161 166
360.0 82 84
360.0 82 85
361.5 103 117
361.5 103 118
363.0 122 149
363.0 122 150
364.5 145 149
364.5 145 150
366.0 47 61
366.0 47 74
367.5 132 134
367.5 132 135
369.0 0 10
369.0 0 11
370.5 89 98
370.5 89 99
372.0 61 70
372.0 61 71
373.5 4 17
373.5 4 18
375.0 153 180
375.0 153 181
376.5 27 41
376.5 27 42
378.0 24 25
378.0 24 39
379.5 127 136
379.5 127 137
381.0 76 85
381.0 76 86
382.5 4 23
382.5 4 24
384.0 2 21
384.0 2 22
385.5 1 38
385.5 1 39
387.0 125 139
387.0 125 140
388.5 120 149
388.5 120 150
390.0 95 101
390.0 96 97
391.5 23 46
391.5 23 47
393.0 155 198
393.0 155 199
394.5 153 170
394.5 153 171
396.0 119 129
396.0 119 134
397.5 163 169
397.5 163 170
399.0 78 82
399.0 78 83
400.5 7 18
400.5 7 19
402.0 171 184
402.0 171 185
403.5 9 10
403.5 9 16
405.0 141 152
405.0 142 143
406.5 120 151
406.5 120 152
408.0 9 46
408.0 9 47
409.5 147 148
409.5 147 149
411.0 56 58
411.0 56 59
412.5 110 114
412.5 110 115
414.0 154 170
414.0 154 171
415.5 192 196
415.5 193 194
417.0 190 192
417.0 190 193
418.5 5 6
418.5 5 7
420.0 52 57
420.0 52 58
421.5 32 39
421.5 32 40
423.0 176 177
423.0 176 178
424.5 185 197
424.5 185 198
426.0 75 85
426.0 75 86
427.5 1 2
427.5 1 3
429.0 141 150
429.0 141 151
430.5 11 12
430.5 11 15
432.0 0 60
432.0 0 61
433.5 110 112
433.5 110 113
435.0 177 182
435.0 177 183
436.5 107 111
436.5 107 112
438.0 172 185
438.0 172 199
439.5 12 18
439.5 12 19
441.0 5 18
441.0 5 19
442.5 0 23
442.5 0 24
444.0 124 141
444.0 124 142
445.5 154 164
445.5 154 165
447.0 31 45
447.0 31 46
448.5 152 160
448.5 152 161
450.0 141 144
450.0 141 145
451.5 1 87
451.5 1 88
453.0 130 136
453.0 130 137
454.5 144 151
454.5 145 146
456.0 12 16
456.0 12 17
457.5 23 44
457.5 23 45
459.0 156 198
459.0 156 199
460.5 105 118
460.5 106 107
462.0 94 99
462.0 94 100
463.5 83 86
463.5 84 85
465.0 78 86
465.0 78 87
466.5 1 73
466.5 1 74
468.0 94 95
468.0 94 96
469.5 26 42
469.5 26 43
471.0 61 68
471.0 61 69
472.5 111 115
472.5 111 116
474.0 165 167
474.0 165 168
475.5 7 8
475.5 7 17
477.0 29 40
477.0 29 41
478.5 176 179
478.5 176 180
480.0 152 198
480.0 152 199
481.5 118 135
481.5 118 136
483.0 40 45
483.0 40 46
484.5 146 150
484.5 146 151
486.0 132 136
486.0 132 137
487.5 109 118
487.5 110 111
489.0 97 98
489.0 97 99
490.5 4 21
490.5 4 22
492.0 3 43
492.0 3 44
493.5 161 167
493.5 161 168
495.0 27 43
495.0 27 44
496.5 185 186
496.5 185 196
498.0 24 42
498.0 24 43
499.5 120 135
499.5 120 136
501.0 121 128
501.0 121 135
502.5 0 27
502.5 0 28
504.0 104 105
504.0 104 106
505.5 51 59
505.5 51 60
507.0 63 73
507.0 63 74
508.5 34 38
508.5 34 39
510.0 28 44
510.0 28 45
511.5 125 143
511.5 125 144
513.0 2 25
513.0 2 26
514.5 114 115
514.5 114 116
516.0 187 194
516.0 187 195
517.5 62 74
517.5 63 64
519.0 123 146
519.0 123 147
520.5 90 100
520.5 90 101
522.0 109 110
522.0 109 111
523.5 75 83
523.5 75 84
525.0 176 181
525.0 176 182
526.5 193 195
526.5 193 196
528.0 173 183
528.0 173 184
529.5 0 118
529.5 0 152
531.0 164 169
531.0 165 166
532.5 13 15
532.5 13 16
534.0 86 87
534.0 87 88
535.5 30 31
535.5 30 37
537.0 152 196
537.0 152 197
538.5 174 183
538.5 174 184
540.0 1 152
540.0 2 3
541.5 3 21
541.5 3 22
543.0 75 76
543.0 75 78
544.5 121 124
544.5 121 125
546.0 55 59
546.0 56 57
547.5 127 128
547.5 127 135
549.0 152 168
549.0 152 169
550.5 153 158
550.5 153 159
552.0 152 162
552.0 152 163
553.5 171 172
553.5 171 183
555.0 49 58
555.0 49 59
556.5 91 101
556.5 91 102
558.0 128 140
558.0 128 146
559.5 191 195
559.5 191 196
561.0 120 125
561.0 120 126
562.5 0 8
562.5 0 9
564.0 64 69
564.0 64 70
565.5 22 44
565.5 22 45
567.0 105 110
567.0 105 111
568.5 90 92
568.5 90 93
570.0 102 113
570.0 102 114
571.5 3 39
571.5 3 40
573.0 108 113
573.0 108 114
574.5 67 73
574.5 68 69
576.0 93 96
576.0 93 97
577.5 13 17
577.5 13 18
579.0 76 87
579.0 77 78
580.5 58 59
580.5 59 60
582.0 152 170
582.0 152 171
583.5 60 61
583.5 60 118
585.0 9 42
585.0 9 43
586.5 126 141
586.5 126 142
588.0 175 179
588.0 175 180
589.5 65 68
589.5 65 69
591.0 171 199
591.0 172 173
592.5 105 116
592.5 105 117
594.0 125 137
594.0 125 138
595.5 28 42
595.5 28 43
597.0 125 145
597.0 125 146
598.5 50 58
598.5 50 59
600.0 2 23
600.0 2 24
601.5 155 158
601.5 155 159
603.0 123 138
603.0 123 139
604.5 109 116
604.5 109 117
606.0 115 117
606.0 116 117
607.5 53 58
607.5 53 59
609.0 92 101
609.0 92 102
610.5 123 142
610.5 123 143
612.0 31 43
612.0 31 44
613.5 26 46
613.5 26 47
615.0 48 59
615.0 48 60
616.5 159 168
616.5 159 169
618.0 127 138
618.0 127 139
619.5 157 166
619.5 157 167
621.0 149 151
621.0 150 151
622.5 106 118
622.5 107 108
624.0 160 169
624.0 160 170
625.5 128 138
625.5 128 139
627.0 126 147
627.0 126 148
628.5 2 45
628.5 2 46
630.0 191 197
630.0 192 193
631.5 25 42
631.5 25 43
633.0 14 18
633.0 15 16
634.5 173 181
634.5 173 182
636.0 183 184
636.0 184 185
637.5 7 47
637.5 8 9
639.0 37 38
639.0 38 39
640.5 90 96
640.5 90 97
642.0 127 146
642.0 127 147
643.5 32 35
643.5 32 36
645.0 92 93
645.0 92 94
646.5 140 149
646.5 140 150
648.0 3 25
648.0 3 26
649.5 123 124
649.5 123 125
651.0 156 183
651.0 156 184
652.5 198 199
654.0 119 127
654.0 119 128
655.5 7 20
655.5 7 21
657.0 105 112
657.0 105 113
658.5 111 113
658.5 111 114
660.0 28 38
660.0 28 39
661.5 8 42
661.5 8 43
663.0 148 151
663.0 149 150
664.5 69 72
664.5 69 73
666.0 156 172
666.0 156 182
667.5 77 81
667.5 77 82
669.0 126 137
669.0 126 138
670.5 119 145
670.5 119 146
672.0 186 195
672.0 186 196
673.5 55 57
673.5 55 58
675.0 128 151
675.0 128 152
676.5 106 116
676.5 106 117
678.0 156 166
678.0 156 167
679.5 10 21
679.5 10 45
681.0 7 43
681.0 7 44
682.5 32 45
682.5 32 46
684.0 108 115
684.0 108 116
685.5 119 137
685.5 119 138
687.0 192 194
687.0 192 195
688.5 22 46
688.5 22 47
690.0 0 1
690.0 0 7
691.5 120 143
691.5 120 144
693.0 93 94
693.0 93 95
694.5 162 164
694.5 162 165
696.0 148 149
696.0 148 150
697.5 53 56
697.5 53 57
699.0 25 44
699.0 25 45
700.5 126 151
700.5 126 152
702.0 81 83
702.0 81 84
703.5 161 171
703.5 162 163
705.0 29 38
705.0 29 39
706.5 77 85
706.5 77 86
708.0 46 47
708.0 47 48
709.5 145 147
709.5 145 148
711.0 177 178
711.0 177 179
712.5 1 19
712.5 1 20
714.0 21 45
714.0 21 46
715.5 154 158
715.5 154 159
717.0 145 151
717.0 146 147
718.5 157 198
718.5 157 199
720.0 126 145
720.0 126 146
721.5 5 46
721.5 5 47
723.0 31 41
723.0 31 42
724.5 21 43
724.5 21 44
726.0 77 87
726.0 78 79
727.5 34 36
727.5 34 37
729.0 122 145
729.0 122 146
730.5 42 46
730.5 43 44
732.0 17 18
732.0 18 19
733.5 120 129
733.5 120 134
735.0 33 34
735.0 33 35
736.5 154 196
736.5 154 197
738.0 53 60
738.0 54 55
739.5 104 109
739.5 104 110
741.0 5 44
741.0 5 45
742.5 21 47
742.5 22 23
744.0 124 147
744.0 124 148
745.5 179 182
745.5 180 181
747.0 1 10
747.0 1 11
748.5 122 137
748.5 122 138
750.0 119 123
750.0 119 124
751.5 102 115
751.5 102 116
753.0 152 182
753.0 152 183
754.5 27 45
754.5 27 46
756.0 2 47
756.0 3 4
757.5 9 44
757.5 9 45
759.0 8 17
759.0 8 18
760.5 51 53
760.5 51 54
762.0 52 53
762.0 52 54
763.5 23 24
763.5 23 39
765.0 103 111
765.0 103 112
766.5 129 151
766.5 129 152
768.0 32 41
768.0 32 44
769.5 108 109
769.5 108 110
771.0 64 65
771.0 64 66
772.5 105 114
772.5 105 115
774.0 96 98
774.0 96 99
775.5 123 144
775.5 123 145
777.0 5 24
777.0 5 39
778.5 12 20
778.5 13 14
780.0 1 46
780.0 1 47
781.5 29 44
781.5 29 45
783.0 9 17
783.0 9 18
784.5 158 183
784.5 158 184
786.0 123 126
786.0 123 127
787.5 140 151
787.5 140 152
789.0 154 172
789.0 154 173
790.5 80 85
790.5 80 86
792.0 94 101
792.0 95 96
793.5 146 148
793.5 146 149
795.0 154 162
795.0 154 163
796.5 49 56
796.5 49 57
798.0 167 168
798.0 168 169
799.5 112 114
799.5 112 115
801.0 129 135
801.0 129 136
802.5 3 5
802.5 3 6
804.0 88 89
804.0 88 95
805.5 128 147
805.5 128 148
807.0 63 69
807.0 63 70
808.5 0 21
808.5 0 22
810.0 156 159
810.0 156 160
811.5 62 68
811.5 62 69
813.0 119 151
813.0 119 152
814.5 78 84
814.5 78 85
816.0 2 10
816.0 2 16
817.5 0 46
817.5 0 47
819.0 67 69
819.0 67 70
820.5 33 36
820.5 33 37
822.0 28 46
822.0 28 47
823.5 127 144
823.5 127 145
825.0 129 130
825.0 129 134
826.5 175 176
826.5 175 178
828.0 121 152
828.0 122 123
829.5 138 152
829.5 139 140
831.0 122 139
831.0 122 140
832.5 89 102
832.5 90 91
834.0 95 99
834.0 95 100
835.5 122 135
835.5 122 136
837.0 88 96
837.0 88 97
838.5 122 124
838.5 122 125
840.0 3 41
840.0 3 42
841.5 2 41
841.5 2 42
843.0 41 44
843.0 41 45
844.5 179 180
844.5 179 181
846.0 0 38
846.0 0 39
847.5 5 20
847.5 5 21
849.0 141 148
849.0 141 149
850.5 3 17
850.5 3 18
852.0 98 99
852.0 98 100
853.5 107 117
853.5 107 118
855.0 118 139
855.0 118 140
856.5 153 182
856.5 153 183
858.0 11 18
858.0 11 19
859.5 133 134
859.5 133 135
861.0 6 44
861.0 6 45
862.5 122 151
862.5 122 152
864.0 194 195
864.0 195 196
865.5 188 189
865.5 188 194
867.0 6 46
867.0 6 47
868.5 25 46
868.5 25 47
870.0 121 136
870.0 121 137
871.5 25 26
871.5 25 39
873.0 2 6
873.0 2 7
874.5 155 167
874.5 155 168
876.0 163 165
876.0 163 166
877.5 0 42
877.5 0 43
879.0 92 99
879.0 92 100
880.5 29 42
880.5 29 43
882.0 120 137
882.0 120 138
883.5 90 94
883.5 90 95
885.0 119 149
885.0 119 150
886.5 186 197
886.5 186 198
888.0 35 36
888.0 35 37
889.5 162 168
889.5 162 169
891.0 137 138
891.0 138 139
892.5 89 90
892.5 89 91
894.0 118 137
894.0 118 138
895.5 28 40
895.5 28 41
897.0 104 113
897.0 104 114
898.5 127 148
898.5 127 149
900.0 141 146
900.0 141 147
901.5 11 20
901.5 12 13
903.0 124 149
903.0 124 150
904.5 5 40
904.5 5 41
906.0 8 46
906.0 8 47
907.5 122 143
907.5 122 144
909.0 154 168
909.0 154 169
910.5 52 55
910.5 52 56
912.0 118 143
912.0 118 144
913.5 164 167
913.5 164 168
915.0 121 126
915.0 121 127
916.5 26 44
916.5 26 45
918.0 152 180
918.0 152 181
919.5 160 161
919.5 160 166
921.0 39 40
921.0 40 41
922.5 103 107
922.5 103 108
924.0 50 52
924.0 50 53
925.5 172 181
925.5 172 182
927.0 154 181
927.0 154 182
928.5 75 79
928.5 75 80
930.0 1 17
930.0 1 18
931.5 152 166
931.5 152 167
933.0 139 150
933.0 139 151
934.5 121 150
934.5 121 151
936.0 157 168
936.0 157 169
937.5 175 181
937.5 175 182
939.0 108 111
939.0 108 112
940.5 89 92
940.5 89 93
942.0 133 136
942.0 134 135
943.5 1 27
943.5 1 28
945.0 155 171
945.0 155 172
946.5 153 168
946.5 153 169
948.0 48 57
948.0 48 58
949.5 156 168
949.5 156 169
951.0 188 197
951.0 188 198
952.5 154 183
952.5 154 184
954.0 76 83
954.0 76 84
955.5 142 144
955.5 142 145
957.0 19 20
957.0 20 21
958.5 48 55
958.5 48 56
960.0 176 183
960.0 176 184
961.5 4 46
961.5 4 47
963.0 26 27
963.0 26 39
964.5 29 46
964.5 29 47
966.0 128 134
966.0 128 135
967.5 143 151
967.5 143 152
969.0 25 40
969.0 25 41
970.5 88 100
970.5 88 101
972.0 181 182
972.0 182 183
973.5 166 167
973.5 166 168
975.0 32 37
975.0 32 38
976.5 15 17
976.5 16 17
978.0 144 147
978.0 144 148
979.5 119 120
979.5 119 122
981.0 155 182
981.0 155 183
982.5 169 170
982.5 170 171
984.0 52 59
984.0 52 60
985.5 153 162
985.5 153 163
987.0 97 100
987.0 97 101
988.5 143 147
988.5 143 148
990.0 126 149
990.0 126 150
991.5 121 138
991.5 121 139
993.0 41 42
993.0 41 43
994.5 4 42
994.5 4 43
996.0 126 139
996.0 126 140
997.5 141 142
997.5 141 143
999.0 113 116
999.0 113 117
1000.5 91 93
1000.5 91 94
1002.0 23 40
1002.0 23 41
1003.5 7 41
1003.5 7 42
1005.0 27 47
1005.0 28 29
1006.5 1 8
1006.5 1 9
1008.0 178 179
1008.0 178 180
1009.5 47 102
1009.5 47 118
1011.0 3 9
1011.0 3 16
1012.5 144 145
1012.5 144 146
1014.0 2 19
1014.0 2 20
1015.5 76 77
1015.5 76 78
1017.0 90 98
1017.0 90 99
1018.5 153 186
1018.5 153 196
1020.0 91 97
1020.0 91 98
1021.5 83 84
1021.5 83 85
1023.0 163 167
1023.0 163 168
1024.5 118 151
1024.5 118 152
1026.0 8 19
1026.0 8 20
1027.5 5 42
1027.5 5 43
1029.0 54 56
1029.0 54 57
1030.5 79 86
1030.5 79 87
1032.0 123 140
1032.0 123 141
1033.5 102 103
1033.5 102 112
1035.0 129 149
1035.0 129 150
1036.5 2 27
1036.5 2 38
1038.0 27 39
1038.0 27 40
1039.5 156 157
1039.5 156 158
1041.0 152 172
1041.0 152 173
1042.5 0 87
1042.5 0 88
1044.0 89 94
1044.0 89 95
1045.5 74 85
1045.5 74 86
1047.0 4 44
1047.0 4 45
1048.5 157 158
1048.5 157 159
1050.0 23 42
1050.0 23 43
1051.5 66 67
1051.5 66 68
1053.0 81 87
1053.0 82 83
1054.5 79 82
1054.5 79 83
1056.0 3 23
1056.0 3 24
1057.5 118 147
1057.5 118 148
1059.0 106 108
1059.0 106 109
1060.5 156 170
1060.5 156 171
1062.0 26 40
1062.0 26 41
1063.5 5 8
1063.5 5 17
1065.0 139 152
1065.0 140 141
1066.5 107 113
1066.5 107 114
1068.0 76 79
1068.0 76 80
1069.5 131 135
1069.5 131 136
1071.0 142 150
1071.0 142 151
1072.5 143 149
1072.5 143 150
1074.0 31 32
1074.0 31 36
1075.5 31 47
1075.5 32 33
1077.0 122 126
1077.0 122 127
1078.5 139 148
1078.5 139 149
1080.0 10 46
1080.0 10 47
1081.5 49 54
1081.5 49 55
1083.0 79 80
1083.0 79 81
1084.5 54 58
1084.5 54 59
1086.0 154 160
1086.0 154 161
1087.5 2 4
1087.5 2 5
1089.0 189 196
1089.0 189 197
1090.5 185 199
1090.5 186 187
1092.0 1 25
1092.0 1 26
1093.5 173 185
1093.5 174 175
1095.0 157 183
1095.0 157 184
1096.5 103 104
1096.5 103 106
1098.0 21 22
1098.0 21 42
1099.5 62 72
1099.5 62 73
1101.0 88 102
1101.0 88 118
1102.5 4 19
1102.5 4 20
1104.0 74 83
1104.0 74 84
1105.5 190 194
1105.5 190 195
1107.0 130 131
1107.0 130 133
1108.5 157 170
1108.5 157 171
1110.0 6 42
1110.0 6 43
1111.5 1 4
1111.5 1 5
1113.0 120 147
1113.0 120 148
1114.5 175 183
1114.5 175 184
1116.0 63 67
1116.0 63 68
1117.5 91 95
1117.5 91 96
1119.0 0 17
1119.0 0 18
1120.5 3 45
1120.5 3 46
1122.0 119 125
1122.0 119 126
1123.5 127 150
1123.5 127 151
1125.0 153 166
1125.0 153 167
1126.5 1 102
1126.5 1 118
1128.0 9 21
1128.0 9 22
1129.5 89 96
1129.5 89 97
1131.0 110 118
1131.0 111 112
1132.5 106 112
1132.5 106 113
1134.0 158 159
1134.0 158 167
1135.5 130 152
1135.5 131 132
1137.0 48 61
1137.0 48 74
1138.5 160 171
1138.5 161 162
1140.0 119 139
1140.0 119 140
1141.5 127 152
1141.5 128 129
1143.0 121 146
1143.0 121 147
1144.5 126 127
1144.5 126 136
1146.0 129 137
1146.0 129 138
1147.5 3 47
1147.5 4 5
1149.0 2 17
1149.0 2 18
1150.5 64 67
1150.5 64 68
1152.0 106 114
1152.0 106 115
1153.5 125 141
1153.5 125 142
1155.0 22 42
1155.0 22 43
1156.5 1 15
1156.5 1 16
1158.0 186 199
1158.0 187 188
1159.5 124 137
1159.5 124 138
1161.0 158 170
1161.0 158 171
1162.5 30 40
1162.5 30 41
1164.0 76 81
1164.0 76 82
1165.5 124 145
1165.5 124 146
1167.0 10 19
1167.0 10 20
1168.5 177 180
1168.5 177 181
1170.0 1 23
1170.0 1 24
1171.5 6 7
1171.5 6 17
1173.0 129 139
1173.0 129 148
1174.5 10 11
1174.5 10 16
1176.0 174 181
1176.0 174 182
1177.5 162 166
1177.5 162 167
1179.0 12 14
1179.0 12 15
1180.5 73 74
1180.5 74 75
1182.0 7 45
1182.0 7 46
1183.5 71 72
1183.5 72 73
1185.0 50 56
1185.0 50 57
1186.5 48 49
1186.5 48 54
1188.0 103 115
1188.0 103 116
