0 1 13
0 1 14
1.5 175 188
1.5 175 189
3.0 50 61
3.0 50 62
4.5 47 52
4.5 47 53
6.0 121 127
6.0 121 128
7.5 121 131
7.5 121 132
9.0 48 58
9.0 48 59
10.5 32 36
10.5 32 37
12.0 101 115
12.0 102 103
13.5 19 36
13.5 19 37
15.0 163 164
15.0 164 165
16.5 122 123
16.5 122 125
18.0 0 5
18.0 0 6
19.5 182 184
19.5 182 185
21.0 124 140
21.0 124 141
22.5 97 109
22.5 97 110
24.0 4 6
24.0 4 7
25.5 98 115
25.5 98 116
27.0 124 138
27.0 124 139
28.5 101 111
28.5 101 112
30.0 57 58
30.0 57 59
31.5 70 71
31.5 70 78
33.0 79 89
33.0 80 81
34.5 72 79
34.5 72 80
36.0 94 106
36.0 94 107
37.5 70 81
37.5 70 82
39.0 74 80
39.0 74 81
40.5 106 108
40.5 106 109
42.0 178 183
42.0 178 184
43.5 42 192
43.5 42 193
45.0 72 75
45.0 72 76
46.5 124 132
46.5 124 133
48.0 2 3
48.0 2 4
49.5 153 164
49.5 153 165
51.0 178 181
51.0 178 182
52.5 120 130
52.5 120 131
54.0 100 102
54.0 100 103
55.5 81 83
55.5 81 84
57.0 179 182
57.0 179 183
58.5 58 60
58.5 58 61
60.0 49 59
60.0 49 60
61.5 25 34
61.5 25 35
63.0 179 184
63.0 179 185
64.5 53 61
64.5 53 62
66.0 74 88
66.0 74 89
67.5 69 87
67.5 69 88
69.0 119 120
69.0 119 132
70.5 1 3
70.5 1 4
72.0 155 158
72.0 155 159
73.5 147 158
73.5 147 159
75.0 22 38
75.0 22 39
76.5 23 36
76.5 23 37
78.0 73 79
78.0 73 80
79.5 7 12
79.5 8 9
81.0 157 160
81.0 157 161
82.5 156 162
82.5 156 163
84.0 152 160
84.0 152 161
85.5 104 112
85.5 104 113
87.0 96 114
87.0 96 115
88.5 127 136
88.5 127 137
90.0 95 105
90.0 95 106
91.5 75 90
91.5 76 77
93.0 170 189
93.0 170 190
94.5 24 37
94.5 24 38
96.0 57 60
96.0 57 61
97.5 73 83
97.5 73 84
99.0 154 155
99.0 154 156
100.5 26 40
100.5 27 28
102.0 178 185
102.0 178 186
103.5 53 59
103.5 53 60
105.0 73 77
105.0 73 78
106.5 128 134
106.5 128 135
108.0 34 36
108.0 35 36
109.5 174 190
109.5 174 191
111.0 104 108
111.0 104 109
112.5 158 159
112.5 158 160
114.0 45 57
114.0 45 58
115.5 98 111
115.5 98 112
117.0 145 146
117.0 145 155
118.5 51 57
118.5 51 58
120.0 18 36
120.0 18 37
121.5 120 134
121.5 120 135
123.0 25 26
123.0 25 27
124.5 170 183
124.5 170 184
126.0 22 28
126.0 22 29
127.5 102 114
127.5 102 115
129.0 25 40
129.0 26 27
130.5 19 42
130.5 20 21
132.0 4 8
132.0 4 9
133.5 171 187
133.5 171 188
135.0 81 85
135.0 81 86
136.5 156 160
136.5 156 161
138.0 51 61
138.0 51 62
139.5 103 110
139.5 103 111
141.0 148 161
141.0 148 162
142.5 96 102
142.5 96 103
144.0 98 99
144.0 98 100
145.5 17 37
145.5 17 38
147.0 4 10
147.0 4 11
148.5 98 107
148.5 98 108
150.0 32 34
150.0 32 35
151.5 139 140
151.5 140 141
153.0 180 187
153.0 180 188
154.5 69 85
154.5 69 86
156.0 28 34
156.0 28 35
157.5 6 9
157.5 6 10
159.0 148 159
159.0 148 160
160.5 96 108
160.5 96 109
162.0 130 132
162.0 130 133
163.5 147 164
163.5 147 165
165.0 45 53
165.0 45 54
166.5 95 96
166.5 95 104
168.0 53 57
168.0 53 58
169.5 146 164
169.5 146 165
171.0 124 128
171.0 124 129
172.5 151 158
172.5 151 159
174.0 100 114
174.0 100 115
175.5 102 106
175.5 102 107
177.0 70 79
177.0 70 80
178.5 175 184
178.5 175 185
180.0 75 80
180.0 75 81
181.5 55 63
181.5 56 57
183.0 76 88
183.0 76 89
184.5 83 85
184.5 83 86
186.0 12 13
186.0 13 14
187.5 93 111
187.5 93 112
189.0 2 5
189.0 2 6
190.5 68 86
190.5 68 87
192.0 179 186
192.0 179 187
193.5 152 154
193.5 152 155
195.0 94 114
195.0 94 115
196.5 46 57
196.5 46 58
198.0 119 133
198.0 119 134
199.5 80 88
199.5 81 82
201.0 172 185
201.0 172 186
202.5 45 61
202.5 45 62
204.0 128 140
204.0 129 130
205.5 118 135
205.5 118 136
207.0 182 186
207.0 182 187
208.5 95 107
208.5 95 108
210.0 105 111
210.0 105 112
211.5 5 6
211.5 5 7
213.0 74 84
213.0 74 85
214.5 97 98
214.5 97 100
216.0 104 114
216.0 105 106
217.5 44 67
217.5 45 46
219.0 23 34
219.0 23 35
220.5 93 109
220.5 93 110
222.0 131 136
222.0 131 137
223.5 72 81
223.5 72 82
225.0 174 182
225.0 174 183
226.5 96 110
226.5 96 111
228.0 150 159
228.0 150 160
229.5 22 40
229.5 22 41
231.0 75 82
231.0 75 83
232.5 50 65
232.5 51 52
234.0 21 27
234.0 21 28
235.5 78 87
235.5 78 88
237.0 43 65
237.0 43 66
238.5 157 158
238.5 157 159
240.0 30 38
240.0 31 32
241.5 191 192
241.5 192 193
243.0 176 191
243.0 177 178
244.5 143 164
244.5 143 165
246.0 22 36
246.0 22 37
247.5 21 31
247.5 21 32
249.0 50 63
249.0 50 64
250.5 129 139
250.5 130 131
252.0 95 117
252.0 96 97
253.5 63 64
253.5 64 65
255.0 103 106
255.0 103 107
256.5 155 164
256.5 156 157
258.0 125 140
258.0 125 141
259.5 146 162
259.5 146 163
261.0 133 137
261.0 134 135
262.5 48 54
262.5 48 55
264.0 150 155
264.0 150 156
265.5 26 32
265.5 26 33
267.0 151 156
267.0 151 157
268.5 174 178
268.5 174 179
270.0 25 28
270.0 25 29
271.5 143 160
271.5 143 161
273.0 105 107
273.0 105 108
274.5 0 9
274.5 0 10
276.0 173 192
276.0 174 175
277.5 123 127
277.5 123 128
279.0 26 34
279.0 26 35
280.5 46 65
280.5 46 66
282.0 47 64
282.0 47 65
283.5 23 26
283.5 23 27
285.0 47 62
285.0 47 63
286.5 40 41
286.5 41 42
288.0 74 76
288.0 74 77
289.5 172 173
289.5 172 176
291.0 90 91
291.0 91 92
292.5 56 58
292.5 56 59
294.0 95 111
294.0 95 112
295.5 173 182
295.5 173 183
297.0 124 134
297.0 124 135
298.5 51 53
298.5 51 54
300.0 143 162
300.0 143 163
301.5 158 161
301.5 158 162
303.0 125 130
303.0 125 131
304.5 3 14
304.5 4 5
306.0 21 29
306.0 21 30
307.5 169 189
307.5 169 190
309.0 21 37
309.0 21 38
310.5 176 185
310.5 176 186
312.0 151 160
312.0 151 161
313.5 177 185
313.5 177 186
315.0 155 156
315.0 155 157
316.5 148 153
316.5 148 154
318.0 147 166
318.0 147 167
319.5 0 3
319.5 0 4
321.0 17 117
321.0 17 142
322.5 130 138
322.5 130 139
324.0 53 55
324.0 53 56
325.5 103 104
325.5 103 105
327.0 26 28
327.0 26 29
328.5 99 112
328.5 99 113
330.0 17 41
330.0 17 42
331.5 180 185
331.5 180 186
333.0 123 139
333.0 123 140
334.5 97 113
334.5 97 114
336.0 152 162
336.0 152 163
337.5 129 133
337.5 129 134
339.0 178 189
339.0 178 190
340.5 72 85
340.5 72 86
342.0 59 61
342.0 60 61
343.5 98 103
343.5 98 104
345.0 80 86
345.0 80 87
346.5 118 141
346.5 118 142
348.0 130 134
348.0 130 135
349.5 27 31
349.5 27 32
351.0 71 83
351.0 71 84
352.5 99 100
352.5 99 101
354.0 144 166
354.0 144 167
355.5 120 136
355.5 120 137
357.0 119 135
357.0 119 136
358.5 18 40
358.5 18 41
360.0 76 78
360.0 76 79
361.5 99 108
361.5 99 109
363.0 22 26
363.0 22 27
364.5 33 34
364.5 33 35
366.0 75 84
366.0 75 85
367.5 2 11
367.5 2 12
369.0 125 126
369.0 125 127
370.5 176 179
370.5 176 180
372.0 93 115
372.0 93 116
373.5 92 167
373.5 92 192
375.0 95 115
375.0 95 116
376.5 28 32
376.5 28 33
378.0 174 180
378.0 174 181
379.5 119 141
379.5 119 142
381.0 126 129
381.0 126 130
382.5 155 160
382.5 155 161
384.0 19 30
384.0 19 31
385.5 154 157
385.5 154 158
387.0 150 161
387.0 150 162
388.5 97 111
388.5 97 112
390.0 75 76
390.0 75 77
391.5 67 90
391.5 67 91
393.0 176 177
393.0 176 178
394.5 8 10
394.5 8 11
396.0 127 134
396.0 127 135
397.5 117 167
397.5 117 192
399.0 42 43
399.0 42 61
400.5 145 156
400.5 145 157
402.0 147 156
402.0 147 157
403.5 92 113
403.5 92 114
405.0 120 142
405.0 121 122
406.5 42 62
406.5 42 63
408.0 79 83
408.0 79 84
409.5 149 151
409.5 149 152
411.0 73 87
411.0 73 88
412.5 156 158
412.5 156 159
414.0 67 92
414.0 67 117
415.5 197 198
415.5 198 199
417.0 171 181
417.0 171 182
418.5 154 163
418.5 154 164
420.0 42 92
420.0 42 117
421.5 55 61
421.5 55 62
423.0 42 64
423.0 42 65
424.5 97 103
424.5 97 104
426.0 126 139
426.0 126 140
427.5 144 158
427.5 144 159
429.0 86 87
429.0 87 88
430.5 36 37
430.5 37 38
432.0 65 66
432.0 66 67
433.5 176 189
433.5 176 190
435.0 132 134
435.0 132 135
436.5 7 8
436.5 7 9
438.0 99 104
438.0 99 105
439.5 54 63
439.5 55 56
441.0 47 56
441.0 47 57
442.5 152 158
442.5 152 159
444.0 51 59
444.0 51 60
445.5 52 58
445.5 52 59
447.0 119 137
447.0 119 138
448.5 148 155
448.5 148 156
450.0 56 60
450.0 56 61
451.5 120 140
451.5 120 141
453.0 97 115
453.0 97 116
454.5 101 113
454.5 101 114
456.0 173 190
456.0 173 191
457.5 54 57
457.5 54 58
459.0 72 89
459.0 72 90
460.5 50 55
460.5 50 56
462.0 6 7
462.0 6 8
463.5 1 9
463.5 1 10
465.0 149 159
465.0 149 160
466.5 137 138
466.5 138 139
468.0 74 82
468.0 74 83
469.5 171 172
469.5 171 178
471.0 122 138
471.0 122 139
472.5 174 184
472.5 174 185
474.0 48 64
474.0 48 65
475.5 68 88
475.5 68 89
477.0 175 190
477.0 175 191
478.5 148 165
478.5 148 166
480.0 121 133
480.0 121 134
481.5 1 5
481.5 1 6
483.0 23 38
483.0 23 39
484.5 68 90
484.5 68 91
486.0 169 183
486.0 169 184
487.5 169 191
487.5 169 192
489.0 68 92
489.0 69 70
490.5 24 29
490.5 24 30
492.0 121 129
492.0 121 130
493.5 50 53
493.5 50 54
495.0 115 116
495.0 116 117
496.5 127 132
496.5 127 133
498.0 184 187
498.0 185 186
499.5 49 65
499.5 49 66
501.0 109 111
501.0 110 111
502.5 125 136
502.5 125 137
504.0 146 154
504.0 146 155
505.5 144 160
505.5 144 161
507.0 44 57
507.0 44 58
508.5 173 180
508.5 173 181
510.0 22 30
510.0 22 31
511.5 25 38
511.5 25 39
513.0 49 53
513.0 49 54
514.5 58 62
514.5 59 60
516.0 150 151
516.0 150 152
517.5 118 119
517.5 118 134
519.0 46 51
519.0 46 52
520.5 18 38
520.5 18 39
522.0 177 189
522.0 177 190
523.5 1 7
523.5 1 8
525.0 151 166
525.0 152 153
526.5 105 113
526.5 106 107
528.0 74 86
528.0 74 87
529.5 92 193
529.5 93 94
531.0 67 142
531.0 67 167
532.5 111 112
532.5 112 113
534.0 121 139
534.0 121 140
535.5 144 164
535.5 144 165
537.0 128 136
537.0 128 137
538.5 104 106
538.5 104 107
540.0 27 37
540.0 27 38
541.5 182 188
541.5 183 184
543.0 149 165
543.0 149 166
544.5 2 9
544.5 2 10
546.0 74 78
546.0 74 79
547.5 151 154
547.5 151 155
549.0 144 145
549.0 144 157
550.5 122 134
550.5 122 135
552.0 151 162
552.0 151 163
553.5 69 83
553.5 69 84
555.0 17 191
555.0 17 192
556.5 128 138
556.5 128 139
558.0 55 57
558.0 55 58
559.5 177 179
559.5 177 180
561.0 126 131
561.0 126 132
562.5 146 147
562.5 146 153
564.0 101 109
564.0 101 110
565.5 43 44
565.5 43 58
567.0 104 110
567.0 104 111
568.5 98 105
568.5 98 106
570.0 131 138
570.0 132 133
571.5 123 133
571.5 123 134
573.0 79 81
573.0 79 82
574.5 50 57
574.5 50 58
576.0 123 129
576.0 123 130
577.5 27 35
577.5 27 36
579.0 183 185
579.0 183 186
580.5 169 187
580.5 169 188
582.0 195 196
582.0 196 197
583.5 174 176
583.5 174 177
585.0 47 50
585.0 47 51
586.5 23 28
586.5 23 29
588.0 108 112
588.0 109 110
589.5 29 38
589.5 30 31
591.0 103 108
591.0 103 109
592.5 101 105
592.5 101 106
594.0 128 132
594.0 128 133
595.5 124 136
595.5 124 137
597.0 19 32
597.0 19 33
598.5 7 10
598.5 7 11
600.0 100 110
600.0 100 111
601.5 187 188
601.5 188 189
603.0 126 127
603.0 126 128
604.5 149 155
604.5 149 156
606.0 121 141
606.0 121 142
607.5 48 50
607.5 48 51
609.0 77 83
609.0 77 84
610.5 52 64
610.5 53 54
612.0 170 191
612.0 170 192
613.5 125 132
613.5 125 133
615.0 68 84
615.0 68 85
616.5 54 61
616.5 54 62
618.0 172 181
618.0 172 182
619.5 24 25
619.5 24 26
621.0 146 158
621.0 146 159
622.5 75 88
622.5 75 89
624.0 125 138
624.0 125 139
625.5 161 162
625.5 162 163
627.0 3 4
627.0 3 5
628.5 47 48
628.5 47 49
630.0 98 113
630.0 98 114
631.5 173 176
631.5 173 177
633.0 17 193
633.0 18 19
634.5 99 114
634.5 99 115
636.0 120 138
636.0 120 139
637.5 103 114
637.5 104 105
639.0 26 38
639.0 26 39
640.5 38 39
640.5 39 40
642.0 167 191
642.0 167 192
643.5 83 87
643.5 84 85
645.0 23 30
645.0 23 31
646.5 181 183
646.5 181 184
648.0 165 166
648.0 166 167
649.5 20 28
649.5 20 29
651.0 70 89
651.0 70 90
652.5 70 85
652.5 70 86
654.0 172 189
654.0 172 190
655.5 0 1
655.5 0 2
657.0 4 12
657.0 4 13
658.5 142 166
658.5 142 167
660.0 79 85
660.0 79 86
661.5 100 112
661.5 100 113
663.0 0 11
663.0 0 12
664.5 28 36
664.5 28 37
666.0 48 52
666.0 48 53
667.5 79 87
667.5 79 88
669.0 76 82
669.0 76 83
670.5 100 116
670.5 101 102
672.0 48 62
672.0 48 63
673.5 117 139
673.5 117 140
675.0 147 162
675.0 147 163
676.5 122 142
676.5 123 124
678.0 151 164
678.0 151 165
679.5 178 179
679.5 178 180
681.0 121 135
681.0 121 136
682.5 94 108
682.5 94 109
684.0 148 149
684.0 148 150
685.5 27 39
685.5 28 29
687.0 100 104
687.0 100 105
688.5 148 151
688.5 148 152
690.0 0 13
690.0 0 14
691.5 5 12
691.5 5 13
693.0 53 63
693.0 53 64
694.5 49 51
694.5 49 52
696.0 29 36
696.0 29 37
697.5 24 39
697.5 24 40
699.0 127 140
699.0 128 129
700.5 180 189
700.5 181 182
702.0 127 130
702.0 127 131
703.5 96 104
703.5 96 105
705.0 88 89
705.0 89 90
706.5 150 153
706.5 150 154
708.0 147 154
708.0 147 155
709.5 132 138
709.5 133 134
711.0 177 187
711.0 177 188
712.5 185 187
712.5 186 187
714.0 21 41
714.0 22 23
715.5 145 158
715.5 145 159
717.0 150 163
717.0 150 164
718.5 9 10
718.5 9 11
720.0 122 128
720.0 122 129
721.5 175 182
721.5 175 183
723.0 24 35
723.0 24 36
724.5 130 136
724.5 130 137
726.0 19 40
726.0 19 41
727.5 107 110
727.5 107 111
729.0 102 108
729.0 102 109
730.5 28 38
730.5 28 39
732.0 149 161
732.0 149 162
733.5 129 131
733.5 129 132
735.0 72 91
735.0 73 74
736.5 0 7
736.5 0 8
738.0 177 183
738.0 177 184
739.5 6 11
739.5 6 12
741.0 25 32
741.0 25 33
742.5 133 135
742.5 133 136
744.0 52 62
744.0 52 63
745.5 47 66
745.5 48 49
747.0 168 169
747.0 168 185
748.5 179 180
748.5 179 181
750.0 118 137
750.0 118 138
751.5 180 183
751.5 180 184
753.0 68 69
753.0 68 83
754.5 152 156
754.5 152 157
756.0 30 36
756.0 30 37
757.5 74 90
757.5 74 91
759.0 52 56
759.0 52 57
760.5 51 63
760.5 51 64
762.0 122 136
762.0 122 137
763.5 73 91
763.5 74 75
765.0 107 112
765.0 108 109
766.5 126 137
766.5 126 138
768.0 126 133
768.0 126 134
769.5 3 12
769.5 3 13
771.0 45 65
771.0 45 66
772.5 16 17
772.5 17 18
774.0 180 181
774.0 180 182
775.5 73 85
775.5 73 86
777.0 20 40
777.0 20 41
778.5 80 84
778.5 80 85
780.0 101 107
780.0 101 108
781.5 47 54
781.5 47 55
783.0 168 188
783.0 168 189
784.5 147 152
784.5 147 153
786.0 175 186
786.0 175 187
787.5 44 63
787.5 44 64
789.0 159 160
789.0 159 161
790.5 72 73
790.5 72 74
792.0 151 152
792.0 151 153
793.5 77 89
793.5 77 90
795.0 21 39
795.0 21 40
796.5 174 186
796.5 174 187
798.0 146 166
798.0 146 167
799.5 76 90
799.5 77 78
801.0 77 87
801.0 77 88
802.5 168 192
802.5 169 170
804.0 175 176
804.0 175 177
805.5 125 134
805.5 125 135
807.0 129 137
807.0 129 138
808.5 98 101
808.5 98 102
810.0 102 104
810.0 102 105
811.5 57 62
811.5 58 59
813.0 19 34
813.0 19 35
814.5 131 132
814.5 131 133
816.0 42 142
816.0 42 167
817.5 26 30
817.5 26 31
819.0 30 34
819.0 30 35
820.5 17 39
820.5 17 40
822.0 129 135
822.0 129 136
823.5 78 79
823.5 78 80
825.0 113 114
825.0 114 115
826.5 49 57
826.5 49 58
828.0 72 83
828.0 72 84
829.5 92 117
829.5 92 142
831.0 73 75
831.0 73 76
832.5 153 158
832.5 153 159
834.0 145 162
834.0 145 163
835.5 43 63
835.5 43 64
837.0 146 156
837.0 146 157
838.5 94 116
838.5 94 117
840.0 80 82
840.0 80 83
841.5 120 121
841.5 120 129
843.0 76 80
843.0 76 81
844.5 23 40
844.5 23 41
846.0 45 67
846.0 46 47
847.5 154 161
847.5 154 162
849.0 124 130
849.0 124 131
850.5 98 109
850.5 98 110
852.0 47 60
852.0 47 61
853.5 173 188
853.5 173 189
855.0 24 31
855.0 24 32
856.5 44 59
856.5 44 60
858.0 67 68
858.0 67 87
859.5 148 157
859.5 148 158
861.0 172 177
861.0 172 178
862.5 131 134
862.5 131 135
864.0 48 66
864.0 49 50
865.5 101 103
865.5 101 104
867.0 21 35
867.0 21 36
868.5 126 135
868.5 126 136
870.0 106 112
870.0 106 113
871.5 153 160
871.5 153 161
873.0 46 55
873.0 46 56
874.5 22 24
874.5 22 25
876.0 170 185
876.0 170 186
877.5 184 185
877.5 184 186
879.0 117 141
879.0 117 142
880.5 102 110
880.5 102 111
882.0 3 10
882.0 3 11
883.5 125 128
883.5 125 129
885.0 77 81
885.0 77 82
886.5 26 36
886.5 26 37
888.0 157 162
888.0 157 163
889.5 71 79
889.5 71 80
891.0 172 187
891.0 172 188
892.5 175 180
892.5 175 181
894.0 100 108
894.0 100 109
895.5 176 183
895.5 176 184
897.0 70 87
897.0 70 88
898.5 76 86
898.5 76 87
900.0 24 27
900.0 24 28
901.5 96 116
901.5 96 117
903.0 173 186
903.0 173 187
904.5 193 194
904.5 194 195
906.0 78 89
906.0 79 80
907.5 84 86
907.5 85 86
909.0 49 63
909.0 49 64
910.5 18 32
910.5 18 33
912.0 69 89
912.0 69 90
913.5 145 164
913.5 145 165
915.0 128 130
915.0 128 131
916.5 107 108
916.5 107 109
918.0 28 30
918.0 28 31
919.5 99 110
919.5 99 111
921.0 119 139
921.0 119 140
922.5 145 160
922.5 145 161
924.0 159 162
924.0 160 161
925.5 174 188
925.5 174 189
927.0 82 87
927.0 83 84
928.5 118 139
928.5 118 140
930.0 24 33
930.0 24 34
931.5 94 110
931.5 94 111
933.0 45 55
933.0 45 56
934.5 67 88
934.5 67 89
936.0 73 81
936.0 73 82
937.5 44 55
937.5 44 56
939.0 168 186
939.0 168 187
940.5 31 37
940.5 32 33
942.0 29 30
942.0 29 31
943.5 153 154
943.5 153 155
945.0 71 89
945.0 71 90
946.5 22 34
946.5 22 35
948.0 10 11
948.0 11 12
949.5 75 86
949.5 75 87
951.0 45 59
951.0 45 60
952.5 117 118
952.5 117 138
954.0 183 187
954.0 183 188
955.5 99 102
955.5 99 103
957.0 134 136
957.0 134 137
958.5 124 126
958.5 124 127
960.0 97 101
960.0 97 102
961.5 175 178
961.5 175 179
963.0 171 183
963.0 171 184
964.5 21 33
964.5 21 34
966.0 167 168
966.0 167 190
967.5 173 184
967.5 173 185
969.0 92 93
969.0 92 112
970.5 123 125
970.5 123 126
972.0 96 106
972.0 96 107
973.5 76 84
973.5 76 85
975.0 73 89
975.0 73 90
976.5 170 187
976.5 170 188
978.0 150 165
978.0 150 166
979.5 99 116
979.5 100 101
981.0 169 185
981.0 169 186
982.5 153 156
982.5 153 157
984.0 52 60
984.0 52 61
985.5 27 33
985.5 27 34
987.0 78 81
987.0 78 82
988.5 148 163
988.5 148 164
990.0 150 157
990.0 150 158
991.5 20 30
991.5 20 31
993.0 122 130
993.0 122 131
994.5 20 34
994.5 20 35
996.0 14 15
996.0 15 16
997.5 181 189
997.5 182 183
999.0 154 159
999.0 154 160
1000.5 18 42
1000.5 19 20
1002.0 72 87
1002.0 72 88
1003.5 95 109
1003.5 95 110
1005.0 29 34
1005.0 29 35
1006.5 3 8
1006.5 3 9
1008.0 93 117
1008.0 94 95
1009.5 46 53
1009.5 46 54
1011.0 5 8
1011.0 5 9
1012.5 49 55
1012.5 49 56
1014.0 23 32
1014.0 23 33
1015.5 93 113
1015.5 93 114
1017.0 94 112
1017.0 94 113
1018.5 148 167
1018.5 149 150
1020.0 95 113
1020.0 95 114
1021.5 46 59
1021.5 46 60
1023.0 144 162
1023.0 144 163
1024.5 50 51
1024.5 50 52
1026.0 170 171
1026.0 170 180
1027.5 97 105
1027.5 97 106
1029.0 20 38
1029.0 20 39
1030.5 77 79
1030.5 77 80
1032.0 122 132
1032.0 122 133
1033.5 189 190
1033.5 190 191
1035.0 17 166
1035.0 17 167
1036.5 70 83
1036.5 70 84
1038.0 99 106
1038.0 99 107
1039.5 54 59
1039.5 54 60
1041.0 17 35
1041.0 17 36
1042.5 42 66
1042.5 42 67
1044.0 171 191
1044.0 171 192
1045.5 135 136
1045.5 136 137
1047.0 122 126
1047.0 122 127
1048.5 2 7
1048.5 2 8
1050.0 72 77
1050.0 72 78
1051.5 77 85
1051.5 77 86
1053.0 43 59
1053.0 43 60
1054.5 143 166
1054.5 143 167
1056.0 108 110
1056.0 108 111
1057.5 149 153
1057.5 149 154
1059.0 147 160
1059.0 147 161
1060.5 78 85
1060.5 78 86
1062.0 176 187
1062.0 176 188
1063.5 48 56
1063.5 48 57
1065.0 155 162
1065.0 155 163
1066.5 122 140
1066.5 122 141
1068.0 142 164
1068.0 142 165
1069.5 43 67
1069.5 44 45
1071.0 44 61
1071.0 44 62
1072.5 181 187
1072.5 181 188
1074.0 103 112
1074.0 103 113
1075.5 170 181
1075.5 170 182
1077.0 172 191
1077.0 172 192
1078.5 106 110
1078.5 106 111
1080.0 25 30
1080.0 25 31
1081.5 1 11
1081.5 1 12
1083.0 48 60
1083.0 48 61
1084.5 82 85
1084.5 82 86
1086.0 23 24
1086.0 23 25
1087.5 0 15
1087.5 1 2
1089.0 71 77
1089.0 71 78
1090.5 145 166
1090.5 145 167
1092.0 70 91
1092.0 70 92
1093.5 149 163
1093.5 149 164
1095.0 100 106
1095.0 100 107
1096.5 127 128
1096.5 127 129
1098.0 71 91
1098.0 71 92
1099.5 71 87
1099.5 71 88
1101.0 43 61
1101.0 43 62
1102.5 102 112
1102.5 102 113
1104.0 78 83
1104.0 78 84
1105.5 44 65
1105.5 44 66
1107.0 153 162
1107.0 153 163
1108.5 173 178
1108.5 173 179
1110.0 67 192
1110.0 67 193
1111.5 56 62
1111.5 56 63
1113.0 3 6
1113.0 3 7
1114.5 20 36
1114.5 20 37
1116.0 149 157
1116.0 149 158
1117.5 152 164
1117.5 152 165
1119.0 71 81
1119.0 71 82
1120.5 82 83
1120.5 82 84
1122.0 173 174
1122.0 173 175
1123.5 171 179
1123.5 171 180
1125.0 171 185
1125.0 171 186
1126.5 179 188
1126.5 179 189
1128.0 29 32
1128.0 29 33
1129.5 120 132
1129.5 120 133
1131.0 121 137
1131.0 121 138
1132.5 61 62
1132.5 62 63
1134.0 142 192
1134.0 143 144
1135.5 33 36
1135.5 34 35
1137.0 172 183
1137.0 172 184
1138.5 51 55
1138.5 51 56
1140.0 105 109
1140.0 105 110
1141.5 22 32
1141.5 22 33
1143.0 178 187
1143.0 178 188
1144.5 172 179
1144.5 172 180
1146.0 25 36
1146.0 25 37
1147.5 132 136
1147.5 132 137
1149.0 55 59
1149.0 55 60
1150.5 96 112
1150.5 96 113
1152.0 181 185
1152.0 181 186
1153.5 49 61
1153.5 49 62
1155.0 92 115
1155.0 92 116
1156.5 81 87
1156.5 81 88
1158.0 177 181
1158.0 177 182
1159.5 141 142
1159.5 142 143
1161.0 97 107
1161.0 97 108
1162.5 168 190
1162.5 168 191
1164.0 69 81
1164.0 69 82
1165.5 171 189
1165.5 171 190
1167.0 45 63
1167.0 45 64
1168.5 5 10
1168.5 5 11
1170.0 21 22
1170.0 21 26
1171.5 19 38
1171.5 19 39
1173.0 20 32
1173.0 20 33
1174.5 31 35
1174.5 31 36
1176.0 47 58
1176.0 47 59
1177.5 46 63
1177.5 46 64
1179.0 17 67
1179.0 17 92
1180.5 123 137
1180.5 123 138
1182.0 69 91
1182.0 69 92
1183.5 123 141
1183.5 124 125
1185.0 18 34
1185.0 18 35
1186.5 27 29
1186.5 27 30
1188.0 127 138
1188.0 127 139
1189.5 176 181
1189.5 176 182
1191.0 31 33
1191.0 31 34
1192.5 71 72
1192.5 71 76
1194.0 147 148
1194.0 147 151
1195.5 54 55
1195.5 54 56
1197.0 123 135
1197.0 123 136
1198.5 123 131
1198.5 123 132
1200.0 71 85
1200.0 71 86
1201.5 75 78
1201.5 75 79
1203.0 46 61
1203.0 46 62
1204.5 30 32
1204.5 30 33
1206.0 51 65
1206.0 52 53
1207.5 2 13
1207.5 2 14
1209.0 50 59
1209.0 50 60
1210.5 146 160
1210.5 146 161
1212.0 52 54
1212.0 52 55
