0 72 91
0 73 74
0 73 75
0 73 76
0 73 77
0 73 78
0 73 79
0 73 80
0 73 81
0 73 82
0 73 83
0 73 84
0 73 85
0 73 86
0 73 87
0 73 88
0 73 89
0 73 90
0 73 91
0 74 75
0 74 76
0 74 77
0 74 78
0 74 79
0 74 80
0 74 81
0 74 82
0 74 83
0 74 84
0 74 85
0 74 86
301 17 36
301 17 37
301 17 38
301 17 39
301 17 40
301 17 41
301 17 42
301 17 67
301 17 92
301 17 117
301 17 142
301 17 166
301 17 167
301 17 191
301 17 192
301 17 193
301 18 19
301 18 32
301 18 33
301 18 34
301 18 35
301 18 36
301 18 37
301 18 38
301 18 39
301 18 40
301 18 41
301 18 42
301 19 20
301 19 30
301 19 31
602 164 165
602 165 166
602 166 167
602 167 168
602 167 190
602 167 191
602 167 192
602 168 169
602 168 185
602 168 186
602 168 187
602 168 188
602 168 189
602 168 190
602 168 191
602 168 192
602 169 170
602 169 183
602 169 184
602 169 185
602 169 186
602 169 187
602 169 188
602 169 189
602 169 190
602 169 191
602 169 192
602 170 171
602 170 180
602 170 181
602 170 182
903 62 63
903 63 64
903 64 65
903 65 66
903 66 67
903 67 68
903 67 87
903 67 88
903 67 89
903 67 90
903 67 91
903 67 92
903 67 117
903 67 142
903 67 167
903 67 192
903 67 193
903 68 69
903 68 83
903 68 84
903 68 85
903 68 86
903 68 87
903 68 88
903 68 89
903 68 90
903 68 91
903 68 92
903 69 70
903 69 81
903 69 82
1204 110 111
1204 111 112
1204 112 113
1204 113 114
1204 114 115
1204 115 116
1204 116 117
1204 117 118
1204 117 138
1204 117 139
1204 117 140
1204 117 141
1204 117 142
1204 117 167
1204 117 192
1204 118 119
1204 118 134
1204 118 135
1204 118 136
1204 118 137
1204 118 138
1204 118 139
1204 118 140
1204 118 141
1204 118 142
1204 119 120
1204 119 132
1204 119 133
1204 119 134
1204 119 135
1204 119 136
1505 125 127
1505 125 128
1505 125 129
1505 125 130
1505 125 131
1505 125 132
1505 125 133
1505 125 134
1505 125 135
1505 125 136
1505 125 137
1505 125 138
1505 125 139
1505 125 140
1505 125 141
1505 126 127
1505 126 128
1505 126 129
1505 126 130
1505 126 131
1505 126 132
1505 126 133
1505 126 134
1505 126 135
1505 126 136
1505 126 137
1505 126 138
1505 126 139
1505 126 140
1505 127 128
1505 127 129
1806 144 165
1806 144 166
1806 144 167
1806 145 146
1806 145 155
1806 145 156
1806 145 157
1806 145 158
1806 145 159
1806 145 160
1806 145 161
1806 145 162
1806 145 163
1806 145 164
1806 145 165
1806 145 166
1806 145 167
1806 146 147
1806 146 153
1806 146 154
1806 146 155
1806 146 156
1806 146 157
1806 146 158
1806 146 159
1806 146 160
1806 146 161
1806 146 162
1806 146 163
1806 146 164
1806 146 165
2107 96 106
2107 96 107
2107 96 108
2107 96 109
2107 96 110
2107 96 111
2107 96 112
2107 96 113
2107 96 114
2107 96 115
2107 96 116
2107 96 117
2107 97 98
2107 97 100
2107 97 101
2107 97 102
2107 97 103
2107 97 104
2107 97 105
2107 97 106
2107 97 107
2107 97 108
2107 97 109
2107 97 110
2107 97 111
2107 97 112
2107 97 113
2107 97 114
2107 97 115
2107 97 116
2107 98 99
2408 74 87
2408 74 88
2408 74 89
2408 74 90
2408 74 91
2408 75 76
2408 75 77
2408 75 78
2408 75 79
2408 75 80
2408 75 81
2408 75 82
2408 75 83
2408 75 84
2408 75 85
2408 75 86
2408 75 87
2408 75 88
2408 75 89
2408 75 90
2408 76 77
2408 76 78
2408 76 79
2408 76 80
2408 76 81
2408 76 82
2408 76 83
2408 76 84
2408 76 85
2408 76 86
2408 76 87
2709 135 136
2709 136 137
2709 137 138
2709 138 139
2709 139 140
2709 140 141
2709 141 142
2709 142 143
2709 142 164
2709 142 165
2709 142 166
2709 142 167
2709 142 192
2709 143 144
2709 143 160
2709 143 161
2709 143 162
2709 143 163
2709 143 164
2709 143 165
2709 143 166
2709 143 167
2709 144 145
2709 144 157
2709 144 158
2709 144 159
2709 144 160
2709 144 161
2709 144 162
2709 144 163
2709 144 164
3010 79 84
3010 79 85
3010 79 86
3010 79 87
3010 79 88
3010 79 89
3010 80 81
3010 80 82
3010 80 83
3010 80 84
3010 80 85
3010 80 86
3010 80 87
3010 80 88
3010 81 82
3010 81 83
3010 81 84
3010 81 85
3010 81 86
3010 81 87
3010 81 88
3010 82 83
3010 82 84
3010 82 85
3010 82 86
3010 82 87
3010 83 84
3010 83 85
3010 83 86
3010 83 87
3010 84 85
3311 123 129
3311 123 130
3311 123 131
3311 123 132
3311 123 133
3311 123 134
3311 123 135
3311 123 136
3311 123 137
3311 123 138
3311 123 139
3311 123 140
3311 123 141
3311 124 125
3311 124 126
3311 124 127
3311 124 128
3311 124 129
3311 124 130
3311 124 131
3311 124 132
3311 124 133
3311 124 134
3311 124 135
3311 124 136
3311 124 137
3311 124 138
3311 124 139
3311 124 140
3311 124 141
3311 125 126
3612 24 38
3612 24 39
3612 24 40
3612 25 26
3612 25 27
3612 25 28
3612 25 29
3612 25 30
3612 25 31
3612 25 32
3612 25 33
3612 25 34
3612 25 35
3612 25 36
3612 25 37
3612 25 38
3612 25 39
3612 25 40
3612 26 27
3612 26 28
3612 26 29
3612 26 30
3612 26 31
3612 26 32
3612 26 33
3612 26 34
3612 26 35
3612 26 36
3612 26 37
3612 26 38
3612 26 39
3913 23 24
3913 23 25
3913 23 26
3913 23 27
3913 23 28
3913 23 29
3913 23 30
3913 23 31
3913 23 32
3913 23 33
3913 23 34
3913 23 35
3913 23 36
3913 23 37
3913 23 38
3913 23 39
3913 23 40
3913 23 41
3913 24 25
3913 24 26
3913 24 27
3913 24 28
3913 24 29
3913 24 30
3913 24 31
3913 24 32
3913 24 33
3913 24 34
3913 24 35
3913 24 36
3913 24 37
4214 150 157
4214 150 158
4214 150 159
4214 150 160
4214 150 161
4214 150 162
4214 150 163
4214 150 164
4214 150 165
4214 150 166
4214 151 152
4214 151 153
4214 151 154
4214 151 155
4214 151 156
4214 151 157
4214 151 158
4214 151 159
4214 151 160
4214 151 161
4214 151 162
4214 151 163
4214 151 164
4214 151 165
4214 151 166
4214 152 153
4214 152 154
4214 152 155
4214 152 156
4214 152 157
4214 152 158
4515 5 8
4515 5 9
4515 5 10
4515 5 11
4515 5 12
4515 5 13
4515 6 7
4515 6 8
4515 6 9
4515 6 10
4515 6 11
4515 6 12
4515 7 8
4515 7 9
4515 7 10
4515 7 11
4515 7 12
4515 8 9
4515 8 10
4515 8 11
4515 9 10
4515 9 11
4515 10 11
4515 11 12
4515 12 13
4515 13 14
4515 14 15
4515 15 16
4515 16 17
4515 17 18
4515 17 35
4816 178 179
4816 178 180
4816 178 181
4816 178 182
4816 178 183
4816 178 184
4816 178 185
4816 178 186
4816 178 187
4816 178 188
4816 178 189
4816 178 190
4816 179 180
4816 179 181
4816 179 182
4816 179 183
4816 179 184
4816 179 185
4816 179 186
4816 179 187
4816 179 188
4816 179 189
4816 180 181
4816 180 182
4816 180 183
4816 180 184
4816 180 185
4816 180 186
4816 180 187
4816 180 188
4816 180 189
5117 152 159
5117 152 160
5117 152 161
5117 152 162
5117 152 163
5117 152 164
5117 152 165
5117 153 154
5117 153 155
5117 153 156
5117 153 157
5117 153 158
5117 153 159
5117 153 160
5117 153 161
5117 153 162
5117 153 163
5117 153 164
5117 153 165
5117 154 155
5117 154 156
5117 154 157
5117 154 158
5117 154 159
5117 154 160
5117 154 161
5117 154 162
5117 154 163
5117 154 164
5117 155 156
5117 155 157
5418 40 41
5418 41 42
5418 42 43
5418 42 61
5418 42 62
5418 42 63
5418 42 64
5418 42 65
5418 42 66
5418 42 67
5418 42 92
5418 42 117
5418 42 142
5418 42 167
5418 42 192
5418 42 193
5418 43 44
5418 43 58
5418 43 59
5418 43 60
5418 43 61
5418 43 62
5418 43 63
5418 43 64
5418 43 65
5418 43 66
5418 43 67
5418 44 45
5418 44 55
5418 44 56
5418 44 57
5719 129 138
5719 129 139
5719 130 131
5719 130 132
5719 130 133
5719 130 134
5719 130 135
5719 130 136
5719 130 137
5719 130 138
5719 130 139
5719 131 132
5719 131 133
5719 131 134
5719 131 135
5719 131 136
5719 131 137
5719 131 138
5719 132 133
5719 132 134
5719 132 135
5719 132 136
5719 132 137
5719 132 138
5719 133 134
5719 133 135
5719 133 136
5719 133 137
5719 134 135
5719 134 136
5719 134 137
6020 98 100
6020 98 101
6020 98 102
6020 98 103
6020 98 104
6020 98 105
6020 98 106
6020 98 107
6020 98 108
6020 98 109
6020 98 110
6020 98 111
6020 98 112
6020 98 113
6020 98 114
6020 98 115
6020 98 116
6020 99 100
6020 99 101
6020 99 102
6020 99 103
6020 99 104
6020 99 105
6020 99 106
6020 99 107
6020 99 108
6020 99 109
6020 99 110
6020 99 111
6020 99 112
6020 99 113
6321 69 83
6321 69 84
6321 69 85
6321 69 86
6321 69 87
6321 69 88
6321 69 89
6321 69 90
6321 69 91
6321 69 92
6321 70 71
6321 70 78
6321 70 79
6321 70 80
6321 70 81
6321 70 82
6321 70 83
6321 70 84
6321 70 85
6321 70 86
6321 70 87
6321 70 88
6321 70 89
6321 70 90
6321 70 91
6321 70 92
6321 71 72
6321 71 76
6321 71 77
6321 71 78
6321 71 79
6622 19 32
6622 19 33
6622 19 34
6622 19 35
6622 19 36
6622 19 37
6622 19 38
6622 19 39
6622 19 40
6622 19 41
6622 19 42
6622 20 21
6622 20 28
6622 20 29
6622 20 30
6622 20 31
6622 20 32
6622 20 33
6622 20 34
6622 20 35
6622 20 36
6622 20 37
6622 20 38
6622 20 39
6622 20 40
6622 20 41
6622 21 22
6622 21 26
6622 21 27
6622 21 28
6622 21 29
6923 2 6
6923 2 7
6923 2 8
6923 2 9
6923 2 10
6923 2 11
6923 2 12
6923 2 13
6923 2 14
6923 3 4
6923 3 5
6923 3 6
6923 3 7
6923 3 8
6923 3 9
6923 3 10
6923 3 11
6923 3 12
6923 3 13
6923 3 14
6923 4 5
6923 4 6
6923 4 7
6923 4 8
6923 4 9
6923 4 10
6923 4 11
6923 4 12
6923 4 13
6923 5 6
6923 5 7
7224 46 55
7224 46 56
7224 46 57
7224 46 58
7224 46 59
7224 46 60
7224 46 61
7224 46 62
7224 46 63
7224 46 64
7224 46 65
7224 46 66
7224 47 48
7224 47 49
7224 47 50
7224 47 51
7224 47 52
7224 47 53
7224 47 54
7224 47 55
7224 47 56
7224 47 57
7224 47 58
7224 47 59
7224 47 60
7224 47 61
7224 47 62
7224 47 63
7224 47 64
7224 47 65
7224 47 66
7525 173 192
7525 174 175
7525 174 176
7525 174 177
7525 174 178
7525 174 179
7525 174 180
7525 174 181
7525 174 182
7525 174 183
7525 174 184
7525 174 185
7525 174 186
7525 174 187
7525 174 188
7525 174 189
7525 174 190
7525 174 191
7525 175 176
7525 175 177
7525 175 178
7525 175 179
7525 175 180
7525 175 181
7525 175 182
7525 175 183
7525 175 184
7525 175 185
7525 175 186
7525 175 187
7525 175 188
7826 76 88
7826 76 89
7826 76 90
7826 77 78
7826 77 79
7826 77 80
7826 77 81
7826 77 82
7826 77 83
7826 77 84
7826 77 85
7826 77 86
7826 77 87
7826 77 88
7826 77 89
7826 77 90
7826 78 79
7826 78 80
7826 78 81
7826 78 82
7826 78 83
7826 78 84
7826 78 85
7826 78 86
7826 78 87
7826 78 88
7826 78 89
7826 79 80
7826 79 81
7826 79 82
7826 79 83
8127 104 110
8127 104 111
8127 104 112
8127 104 113
8127 104 114
8127 105 106
8127 105 107
8127 105 108
8127 105 109
8127 105 110
8127 105 111
8127 105 112
8127 105 113
8127 106 107
8127 106 108
8127 106 109
8127 106 110
8127 106 111
8127 106 112
8127 106 113
8127 107 108
8127 107 109
8127 107 110
8127 107 111
8127 107 112
8127 108 109
8127 108 110
8127 108 111
8127 108 112
8127 109 110
8127 109 111
8428 172 180
8428 172 181
8428 172 182
8428 172 183
8428 172 184
8428 172 185
8428 172 186
8428 172 187
8428 172 188
8428 172 189
8428 172 190
8428 172 191
8428 172 192
8428 173 174
8428 173 175
8428 173 176
8428 173 177
8428 173 178
8428 173 179
8428 173 180
8428 173 181
8428 173 182
8428 173 183
8428 173 184
8428 173 185
8428 173 186
8428 173 187
8428 173 188
8428 173 189
8428 173 190
8428 173 191
8729 71 80
8729 71 81
8729 71 82
8729 71 83
8729 71 84
8729 71 85
8729 71 86
8729 71 87
8729 71 88
8729 71 89
8729 71 90
8729 71 91
8729 71 92
8729 72 73
8729 72 74
8729 72 75
8729 72 76
8729 72 77
8729 72 78
8729 72 79
8729 72 80
8729 72 81
8729 72 82
8729 72 83
8729 72 84
8729 72 85
8729 72 86
8729 72 87
8729 72 88
8729 72 89
8729 72 90
9030 119 137
9030 119 138
9030 119 139
9030 119 140
9030 119 141
9030 119 142
9030 120 121
9030 120 129
9030 120 130
9030 120 131
9030 120 132
9030 120 133
9030 120 134
9030 120 135
9030 120 136
9030 120 137
9030 120 138
9030 120 139
9030 120 140
9030 120 141
9030 120 142
9030 121 122
9030 121 127
9030 121 128
9030 121 129
9030 121 130
9030 121 131
9030 121 132
9030 121 133
9030 121 134
9030 121 135
9331 21 30
9331 21 31
9331 21 32
9331 21 33
9331 21 34
9331 21 35
9331 21 36
9331 21 37
9331 21 38
9331 21 39
9331 21 40
9331 21 41
9331 22 23
9331 22 24
9331 22 25
9331 22 26
9331 22 27
9331 22 28
9331 22 29
9331 22 30
9331 22 31
9331 22 32
9331 22 33
9331 22 34
9331 22 35
9331 22 36
9331 22 37
9331 22 38
9331 22 39
9331 22 40
9331 22 41
9632 48 49
9632 48 50
9632 48 51
9632 48 52
9632 48 53
9632 48 54
9632 48 55
9632 48 56
9632 48 57
9632 48 58
9632 48 59
9632 48 60
9632 48 61
9632 48 62
9632 48 63
9632 48 64
9632 48 65
9632 48 66
9632 49 50
9632 49 51
9632 49 52
9632 49 53
9632 49 54
9632 49 55
9632 49 56
9632 49 57
9632 49 58
9632 49 59
9632 49 60
9632 49 61
9632 49 62
9933 49 63
9933 49 64
9933 49 65
9933 49 66
9933 50 51
9933 50 52
9933 50 53
9933 50 54
9933 50 55
9933 50 56
9933 50 57
9933 50 58
9933 50 59
9933 50 60
9933 50 61
9933 50 62
9933 50 63
9933 50 64
9933 50 65
9933 51 52
9933 51 53
9933 51 54
9933 51 55
9933 51 56
9933 51 57
9933 51 58
9933 51 59
9933 51 60
9933 51 61
9933 51 62
9933 51 63
10234 155 158
10234 155 159
10234 155 160
10234 155 161
10234 155 162
10234 155 163
10234 155 164
10234 156 157
10234 156 158
10234 156 159
10234 156 160
10234 156 161
10234 156 162
10234 156 163
10234 157 158
10234 157 159
10234 157 160
10234 157 161
10234 157 162
10234 157 163
10234 158 159
10234 158 160
10234 158 161
10234 158 162
10234 159 160
10234 159 161
10234 159 162
10234 160 161
10234 161 162
10234 162 163
10234 163 164
10535 121 136
10535 121 137
10535 121 138
10535 121 139
10535 121 140
10535 121 141
10535 121 142
10535 122 123
10535 122 125
10535 122 126
10535 122 127
10535 122 128
10535 122 129
10535 122 130
10535 122 131
10535 122 132
10535 122 133
10535 122 134
10535 122 135
10535 122 136
10535 122 137
10535 122 138
10535 122 139
10535 122 140
10535 122 141
10535 122 142
10535 123 124
10535 123 125
10535 123 126
10535 123 127
10535 123 128
10836 84 86
10836 85 86
10836 86 87
10836 87 88
10836 88 89
10836 89 90
10836 90 91
10836 91 92
10836 92 93
10836 92 112
10836 92 113
10836 92 114
10836 92 115
10836 92 116
10836 92 117
10836 92 142
10836 92 167
10836 92 192
10836 92 193
10836 93 94
10836 93 109
10836 93 110
10836 93 111
10836 93 112
10836 93 113
10836 93 114
10836 93 115
10836 93 116
10836 93 117
10836 94 95
10836 94 106
11137 44 58
11137 44 59
11137 44 60
11137 44 61
11137 44 62
11137 44 63
11137 44 64
11137 44 65
11137 44 66
11137 44 67
11137 45 46
11137 45 53
11137 45 54
11137 45 55
11137 45 56
11137 45 57
11137 45 58
11137 45 59
11137 45 60
11137 45 61
11137 45 62
11137 45 63
11137 45 64
11137 45 65
11137 45 66
11137 45 67
11137 46 47
11137 46 51
11137 46 52
11137 46 53
11137 46 54
11438 148 160
11438 148 161
11438 148 162
11438 148 163
11438 148 164
11438 148 165
11438 148 166
11438 148 167
11438 149 150
11438 149 151
11438 149 152
11438 149 153
11438 149 154
11438 149 155
11438 149 156
11438 149 157
11438 149 158
11438 149 159
11438 149 160
11438 149 161
11438 149 162
11438 149 163
11438 149 164
11438 149 165
11438 149 166
11438 150 151
11438 150 152
11438 150 153
11438 150 154
11438 150 155
11438 150 156
11739 54 61
11739 54 62
11739 54 63
11739 55 56
11739 55 57
11739 55 58
11739 55 59
11739 55 60
11739 55 61
11739 55 62
11739 55 63
11739 56 57
11739 56 58
11739 56 59
11739 56 60
11739 56 61
11739 56 62
11739 56 63
11739 57 58
11739 57 59
11739 57 60
11739 57 61
11739 57 62
11739 58 59
11739 58 60
11739 58 61
11739 58 62
11739 59 60
11739 59 61
11739 60 61
11739 61 62
12040 181 182
12040 181 183
12040 181 184
12040 181 185
12040 181 186
12040 181 187
12040 181 188
12040 181 189
12040 182 183
12040 182 184
12040 182 185
12040 182 186
12040 182 187
12040 182 188
12040 183 184
12040 183 185
12040 183 186
12040 183 187
12040 183 188
12040 184 185
12040 184 186
12040 184 187
12040 185 186
12040 185 187
12040 186 187
12040 187 188
12040 188 189
12040 189 190
12040 190 191
12040 191 192
12040 192 193
12341 146 166
12341 146 167
12341 147 148
12341 147 151
12341 147 152
12341 147 153
12341 147 154
12341 147 155
12341 147 156
12341 147 157
12341 147 158
12341 147 159
12341 147 160
12341 147 161
12341 147 162
12341 147 163
12341 147 164
12341 147 165
12341 147 166
12341 147 167
12341 148 149
12341 148 150
12341 148 151
12341 148 152
12341 148 153
12341 148 154
12341 148 155
12341 148 156
12341 148 157
12341 148 158
12341 148 159
12642 175 189
12642 175 190
12642 175 191
12642 176 177
12642 176 178
12642 176 179
12642 176 180
12642 176 181
12642 176 182
12642 176 183
12642 176 184
12642 176 185
12642 176 186
12642 176 187
12642 176 188
12642 176 189
12642 176 190
12642 176 191
12642 177 178
12642 177 179
12642 177 180
12642 177 181
12642 177 182
12642 177 183
12642 177 184
12642 177 185
12642 177 186
12642 177 187
12642 177 188
12642 177 189
12642 177 190
12943 193 194
12943 194 195
12943 195 196
12943 196 197
12943 197 198
12943 198 199
13244 26 40
13244 27 28
13244 27 29
13244 27 30
13244 27 31
13244 27 32
13244 27 33
13244 27 34
13244 27 35
13244 27 36
13244 27 37
13244 27 38
13244 27 39
13244 28 29
13244 28 30
13244 28 31
13244 28 32
13244 28 33
13244 28 34
13244 28 35
13244 28 36
13244 28 37
13244 28 38
13244 28 39
13244 29 30
13244 29 31
13244 29 32
13244 29 33
13244 29 34
13244 29 35
13244 29 36
13545 170 183
13545 170 184
13545 170 185
13545 170 186
13545 170 187
13545 170 188
13545 170 189
13545 170 190
13545 170 191
13545 170 192
13545 171 172
13545 171 178
13545 171 179
13545 171 180
13545 171 181
13545 171 182
13545 171 183
13545 171 184
13545 171 185
13545 171 186
13545 171 187
13545 171 188
13545 171 189
13545 171 190
13545 171 191
13545 171 192
13545 172 173
13545 172 176
13545 172 177
13545 172 178
13545 172 179
13846 101 114
13846 101 115
13846 102 103
13846 102 104
13846 102 105
13846 102 106
13846 102 107
13846 102 108
13846 102 109
13846 102 110
13846 102 111
13846 102 112
13846 102 113
13846 102 114
13846 102 115
13846 103 104
13846 103 105
13846 103 106
13846 103 107
13846 103 108
13846 103 109
13846 103 110
13846 103 111
13846 103 112
13846 103 113
13846 103 114
13846 104 105
13846 104 106
13846 104 107
13846 104 108
13846 104 109
14147 94 107
14147 94 108
14147 94 109
14147 94 110
14147 94 111
14147 94 112
14147 94 113
14147 94 114
14147 94 115
14147 94 116
14147 94 117
14147 95 96
14147 95 104
14147 95 105
14147 95 106
14147 95 107
14147 95 108
14147 95 109
14147 95 110
14147 95 111
14147 95 112
14147 95 113
14147 95 114
14147 95 115
14147 95 116
14147 95 117
14147 96 97
14147 96 102
14147 96 103
14147 96 104
14147 96 105
14448 99 114
14448 99 115
14448 99 116
14448 100 101
14448 100 102
14448 100 103
14448 100 104
14448 100 105
14448 100 106
14448 100 107
14448 100 108
14448 100 109
14448 100 110
14448 100 111
14448 100 112
14448 100 113
14448 100 114
14448 100 115
14448 100 116
14448 101 102
14448 101 103
14448 101 104
14448 101 105
14448 101 106
14448 101 107
14448 101 108
14448 101 109
14448 101 110
14448 101 111
14448 101 112
14448 101 113
14749 0 1
14749 0 2
14749 0 3
14749 0 4
14749 0 5
14749 0 6
14749 0 7
14749 0 8
14749 0 9
14749 0 10
14749 0 11
14749 0 12
14749 0 13
14749 0 14
14749 0 15
14749 1 2
14749 1 3
14749 1 4
14749 1 5
14749 1 6
14749 1 7
14749 1 8
14749 1 9
14749 1 10
14749 1 11
14749 1 12
14749 1 13
14749 1 14
14749 2 3
14749 2 4
14749 2 5
15050 51 64
15050 51 65
15050 52 53
15050 52 54
15050 52 55
15050 52 56
15050 52 57
15050 52 58
15050 52 59
15050 52 60
15050 52 61
15050 52 62
15050 52 63
15050 52 64
15050 53 54
15050 53 55
15050 53 56
15050 53 57
15050 53 58
15050 53 59
15050 53 60
15050 53 61
15050 53 62
15050 53 63
15050 53 64
15050 54 55
15050 54 56
15050 54 57
15050 54 58
15050 54 59
15050 54 60
15351 127 130
15351 127 131
15351 127 132
15351 127 133
15351 127 134
15351 127 135
15351 127 136
15351 127 137
15351 127 138
15351 127 139
15351 127 140
15351 128 129
15351 128 130
15351 128 131
15351 128 132
15351 128 133
15351 128 134
15351 128 135
15351 128 136
15351 128 137
15351 128 138
15351 128 139
15351 128 140
15351 129 130
15351 129 131
15351 129 132
15351 129 133
15351 129 134
15351 129 135
15351 129 136
15351 129 137
15652 29 37
15652 29 38
15652 30 31
15652 30 32
15652 30 33
15652 30 34
15652 30 35
15652 30 36
15652 30 37
15652 30 38
15652 31 32
15652 31 33
15652 31 34
15652 31 35
15652 31 36
15652 31 37
15652 32 33
15652 32 34
15652 32 35
15652 32 36
15652 32 37
15652 33 34
15652 33 35
15652 33 36
15652 34 35
15652 34 36
15652 35 36
15652 36 37
15652 37 38
15652 38 39
15652 39 40
0 113 114
0 114 115
1.5 94 106
1.5 94 107
3.0 51 65
3.0 52 53
4.5 96 110
4.5 96 111
6.0 125 134
6.0 125 135
7.5 12 13
7.5 13 14
9.0 45 63
9.0 45 64
10.5 55 57
10.5 55 58
12.0 29 38
12.0 30 31
13.5 101 111
13.5 101 112
15.0 100 112
15.0 100 113
16.5 97 103
16.5 97 104
18.0 101 105
18.0 101 106
19.5 176 185
19.5 176 186
21.0 4 8
21.0 4 9
22.5 125 136
22.5 125 137
24.0 147 158
24.0 147 159
25.5 47 58
25.5 47 59
27.0 145 162
27.0 145 163
28.5 177 183
28.5 177 184
30.0 173 184
30.0 173 185
31.5 146 154
31.5 146 155
33.0 43 44
33.0 43 58
34.5 74 82
34.5 74 83
36.0 73 83
36.0 73 84
37.5 137 138
37.5 138 139
39.0 28 30
39.0 28 31
40.5 111 112
40.5 112 113
42.0 17 166
42.0 17 167
43.5 131 134
43.5 131 135
45.0 129 133
45.0 129 134
46.5 49 51
46.5 49 52
48.0 117 118
48.0 117 138
49.5 47 48
49.5 47 49
51.0 53 59
51.0 53 60
52.5 173 176
52.5 173 177
54.0 22 40
54.0 22 41
55.5 154 163
55.5 154 164
57.0 20 28
57.0 20 29
58.5 93 113
58.5 93 114
60.0 34 36
60.0 35 36
61.5 150 163
61.5 150 164
63.0 46 59
63.0 46 60
64.5 92 113
64.5 92 114
66.0 22 26
66.0 22 27
67.5 95 117
67.5 96 97
69.0 26 34
69.0 26 35
70.5 16 17
70.5 17 18
72.0 148 165
72.0 148 166
73.5 52 56
73.5 52 57
75.0 150 153
75.0 150 154
76.5 71 79
76.5 71 80
78.0 77 83
78.0 77 84
79.5 53 55
79.5 53 56
81.0 170 185
81.0 170 186
82.5 67 192
82.5 67 193
84.0 47 50
84.0 47 51
85.5 124 134
85.5 124 135
87.0 59 61
87.0 60 61
88.5 148 153
88.5 148 154
90.0 153 158
90.0 153 159
91.5 168 192
91.5 169 170
93.0 72 77
93.0 72 78
94.5 193 194
94.5 194 195
96.0 107 108
96.0 107 109
97.5 148 163
97.5 148 164
99.0 78 83
99.0 78 84
100.5 73 75
100.5 73 76
102.0 101 113
102.0 101 114
103.5 6 7
103.5 6 8
105.0 69 81
105.0 69 82
106.5 48 52
106.5 48 53
108.0 174 186
108.0 174 187
109.5 96 114
109.5 96 115
111.0 58 62
111.0 59 60
112.5 72 79
112.5 72 80
114.0 63 64
114.0 64 65
115.5 177 181
115.5 177 182
117.0 171 183
117.0 171 184
118.5 170 189
118.5 170 190
120.0 180 189
120.0 181 182
121.5 129 131
121.5 129 132
123.0 72 85
123.0 72 86
124.5 176 177
124.5 176 178
126.0 147 160
126.0 147 161
127.5 88 89
127.5 89 90
129.0 19 36
129.0 19 37
130.5 80 84
130.5 80 85
132.0 51 59
132.0 51 60
133.5 26 40
133.5 27 28
135.0 44 59
135.0 44 60
136.5 71 91
136.5 71 92
138.0 78 89
138.0 79 80
139.5 118 141
139.5 118 142
141.0 102 106
141.0 102 107
142.5 52 60
142.5 52 61
144.0 123 137
144.0 123 138
145.5 181 185
145.5 181 186
147.0 148 167
147.0 149 150
148.5 47 52
148.5 47 53
150.0 172 173
150.0 172 176
151.5 24 29
151.5 24 30
153.0 103 106
153.0 103 107
154.5 76 84
154.5 76 85
156.0 172 185
156.0 172 186
157.5 71 77
157.5 71 78
159.0 121 129
159.0 121 130
160.5 170 171
160.5 170 180
162.0 70 79
162.0 70 80
163.5 107 110
163.5 107 111
165.0 151 166
165.0 152 153
166.5 143 160
166.5 143 161
168.0 98 115
168.0 98 116
169.5 5 8
169.5 5 9
171.0 159 162
171.0 160 161
172.5 147 166
172.5 147 167
174.0 119 133
174.0 119 134
175.5 47 56
175.5 47 57
177.0 180 187
177.0 180 188
178.5 172 181
178.5 172 182
180.0 123 125
180.0 123 126
181.5 143 164
181.5 143 165
183.0 44 63
183.0 44 64
184.5 146 156
184.5 146 157
186.0 29 34
186.0 29 35
187.5 151 162
187.5 151 163
189.0 98 99
189.0 98 100
190.5 23 26
190.5 23 27
192.0 147 154
192.0 147 155
193.5 18 36
193.5 18 37
195.0 129 137
195.0 129 138
196.5 177 179
196.5 177 180
198.0 75 90
198.0 76 77
199.5 122 134
199.5 122 135
201.0 131 136
201.0 131 137
202.5 30 36
202.5 30 37
204.0 147 148
204.0 147 151
205.5 36 37
205.5 37 38
207.0 43 65
207.0 43 66
208.5 146 147
208.5 146 153
210.0 25 38
210.0 25 39
211.5 70 71
211.5 70 78
213.0 156 162
213.0 156 163
214.5 142 164
214.5 142 165
216.0 148 159
216.0 148 160
217.5 92 193
217.5 93 94
219.0 75 78
219.0 75 79
220.5 143 166
220.5 143 167
222.0 125 138
222.0 125 139
223.5 145 160
223.5 145 161
225.0 7 12
225.0 8 9
226.5 45 53
226.5 45 54
228.0 47 54
228.0 47 55
229.5 46 63
229.5 46 64
231.0 165 166
231.0 166 167
232.5 23 38
232.5 23 39
234.0 49 63
234.0 49 64
235.5 21 35
235.5 21 36
237.0 1 11
237.0 1 12
238.5 22 24
238.5 22 25
240.0 71 72
240.0 71 76
241.5 122 142
241.5 123 124
243.0 154 161
243.0 154 162
244.5 42 62
244.5 42 63
246.0 103 114
246.0 104 105
247.5 121 139
247.5 121 140
249.0 121 135
249.0 121 136
250.5 175 188
250.5 175 189
252.0 6 9
252.0 6 10
253.5 121 133
253.5 121 134
255.0 49 65
255.0 49 66
256.5 122 132
256.5 122 133
258.0 104 114
258.0 105 106
259.5 78 79
259.5 78 80
261.0 144 166
261.0 144 167
262.5 44 61
262.5 44 62
264.0 5 6
264.0 5 7
265.5 95 109
265.5 95 110
267.0 100 114
267.0 100 115
268.5 21 31
268.5 21 32
270.0 28 32
270.0 28 33
271.5 22 30
271.5 22 31
273.0 127 130
273.0 127 131
274.5 50 57
274.5 50 58
276.0 68 90
276.0 68 91
277.5 56 58
277.5 56 59
279.0 118 139
279.0 118 140
280.5 120 130
280.5 120 131
282.0 152 154
282.0 152 155
283.5 171 191
283.5 171 192
285.0 46 65
285.0 46 66
286.5 44 67
286.5 45 46
288.0 182 184
288.0 182 185
289.5 75 88
289.5 75 89
291.0 68 92
291.0 69 70
292.5 171 187
292.5 171 188
294.0 158 161
294.0 158 162
295.5 3 8
295.5 3 9
297.0 42 142
297.0 42 167
298.5 179 182
298.5 179 183
300.0 50 59
300.0 50 60
301.5 128 138
301.5 128 139
303.0 141 142
303.0 142 143
304.5 53 63
304.5 53 64
306.0 26 32
306.0 26 33
307.5 108 112
307.5 109 110
309.0 151 152
309.0 151 153
310.5 73 89
310.5 73 90
312.0 0 15
312.0 1 2
313.5 153 164
313.5 153 165
315.0 105 109
315.0 105 110
316.5 45 59
316.5 45 60
318.0 58 60
318.0 58 61
319.5 0 3
319.5 0 4
321.0 128 140
321.0 129 130
322.5 45 67
322.5 46 47
324.0 128 134
324.0 128 135
325.5 24 25
325.5 24 26
327.0 173 188
327.0 173 189
328.5 79 87
328.5 79 88
330.0 181 187
330.0 181 188
331.5 69 85
331.5 69 86
333.0 129 135
333.0 129 136
334.5 127 132
334.5 127 133
336.0 167 168
336.0 167 190
337.5 134 136
337.5 134 137
339.0 71 89
339.0 71 90
340.5 5 12
340.5 5 13
342.0 27 31
342.0 27 32
343.5 131 138
343.5 132 133
345.0 18 42
345.0 19 20
346.5 72 81
346.5 72 82
348.0 176 189
348.0 176 190
349.5 174 178
349.5 174 179
351.0 100 110
351.0 100 111
352.5 167 191
352.5 167 192
354.0 130 138
354.0 130 139
355.5 176 187
355.5 176 188
357.0 98 113
357.0 98 114
358.5 126 127
358.5 126 128
360.0 0 13
360.0 0 14
361.5 55 61
361.5 55 62
363.0 133 137
363.0 134 135
364.5 18 34
364.5 18 35
366.0 144 162
366.0 144 163
367.5 96 106
367.5 96 107
369.0 3 4
369.0 3 5
370.5 50 53
370.5 50 54
372.0 2 7
372.0 2 8
373.5 68 86
373.5 68 87
375.0 30 34
375.0 30 35
376.5 101 115
376.5 102 103
378.0 149 153
378.0 149 154
379.5 95 115
379.5 95 116
381.0 104 112
381.0 104 113
382.5 17 37
382.5 17 38
384.0 121 127
384.0 121 128
385.5 127 134
385.5 127 135
387.0 92 115
387.0 92 116
388.5 155 158
388.5 155 159
390.0 142 166
390.0 142 167
391.5 97 115
391.5 97 116
393.0 44 55
393.0 44 56
394.5 72 89
394.5 72 90
396.0 100 106
396.0 100 107
397.5 71 81
397.5 71 82
399.0 189 190
399.0 190 191
400.5 93 111
400.5 93 112
402.0 71 87
402.0 71 88
403.5 25 36
403.5 25 37
405.0 3 12
405.0 3 13
406.5 83 85
406.5 83 86
408.0 19 38
408.0 19 39
409.5 146 162
409.5 146 163
411.0 21 27
411.0 21 28
412.5 94 116
412.5 94 117
414.0 68 69
414.0 68 83
415.5 120 132
415.5 120 133
417.0 120 121
417.0 120 129
418.5 48 50
418.5 48 51
420.0 179 184
420.0 179 185
421.5 20 30
421.5 20 31
423.0 168 190
423.0 168 191
424.5 23 32
424.5 23 33
426.0 101 103
426.0 101 104
427.5 102 104
427.5 102 105
429.0 195 196
429.0 196 197
430.5 23 30
430.5 23 31
432.0 68 84
432.0 68 85
433.5 50 61
433.5 50 62
435.0 126 137
435.0 126 138
436.5 33 36
436.5 34 35
438.0 99 116
438.0 100 101
439.5 144 145
439.5 144 157
441.0 76 88
441.0 76 89
442.5 172 183
442.5 172 184
444.0 25 26
444.0 25 27
445.5 72 75
445.5 72 76
447.0 3 6
447.0 3 7
448.5 44 57
448.5 44 58
450.0 119 139
450.0 119 140
451.5 20 36
451.5 20 37
453.0 163 164
453.0 164 165
454.5 121 141
454.5 121 142
456.0 24 31
456.0 24 32
457.5 97 107
457.5 97 108
459.0 171 172
459.0 171 178
460.5 178 185
460.5 178 186
462.0 22 38
462.0 22 39
463.5 90 91
463.5 91 92
465.0 51 55
465.0 51 56
466.5 57 62
466.5 58 59
468.0 82 83
468.0 82 84
469.5 168 186
469.5 168 187
471.0 118 135
471.0 118 136
472.5 74 86
472.5 74 87
474.0 101 109
474.0 101 110
475.5 170 181
475.5 170 182
477.0 100 104
477.0 100 105
478.5 161 162
478.5 162 163
480.0 74 80
480.0 74 81
481.5 47 62
481.5 47 63
483.0 144 160
483.0 144 161
484.5 173 182
484.5 173 183
486.0 115 116
486.0 116 117
487.5 57 58
487.5 57 59
489.0 28 34
489.0 28 35
490.5 69 89
490.5 69 90
492.0 51 61
492.0 51 62
493.5 52 58
493.5 52 59
495.0 24 39
495.0 24 40
496.5 156 158
496.5 156 159
498.0 96 116
498.0 96 117
499.5 173 180
499.5 173 181
501.0 52 62
501.0 52 63
502.5 154 155
502.5 154 156
504.0 71 83
504.0 71 84
505.5 133 135
505.5 133 136
507.0 150 155
507.0 150 156
508.5 95 113
508.5 95 114
510.0 169 191
510.0 169 192
511.5 51 57
511.5 51 58
513.0 24 35
513.0 24 36
514.5 55 63
514.5 56 57
516.0 20 32
516.0 20 33
517.5 97 111
517.5 97 112
519.0 151 160
519.0 151 161
520.5 128 130
520.5 128 131
522.0 124 130
522.0 124 131
523.5 75 86
523.5 75 87
525.0 30 32
525.0 30 33
526.5 175 178
526.5 175 179
528.0 177 189
528.0 177 190
529.5 149 157
529.5 149 158
531.0 97 101
531.0 97 102
532.5 146 166
532.5 146 167
534.0 93 117
534.0 94 95
535.5 26 28
535.5 26 29
537.0 102 114
537.0 102 115
538.5 38 39
538.5 39 40
540.0 128 136
540.0 128 137
541.5 22 32
541.5 22 33
543.0 179 180
543.0 179 181
544.5 172 177
544.5 172 178
546.0 29 30
546.0 29 31
547.5 17 67
547.5 17 92
549.0 124 132
549.0 124 133
550.5 25 34
550.5 25 35
552.0 84 86
552.0 85 86
553.5 178 187
553.5 178 188
555.0 153 162
555.0 153 163
556.5 92 117
556.5 92 142
558.0 53 57
558.0 53 58
559.5 54 55
559.5 54 56
561.0 124 136
561.0 124 137
562.5 23 34
562.5 23 35
564.0 49 59
564.0 49 60
565.5 40 41
565.5 41 42
567.0 43 63
567.0 43 64
568.5 122 130
568.5 122 131
570.0 173 178
570.0 173 179
571.5 21 41
571.5 22 23
573.0 179 186
573.0 179 187
574.5 100 116
574.5 101 102
576.0 19 30
576.0 19 31
577.5 31 35
577.5 31 36
579.0 124 140
579.0 124 141
580.5 117 139
580.5 117 140
582.0 96 104
582.0 96 105
583.5 54 63
583.5 55 56
585.0 18 40
585.0 18 41
586.5 98 101
586.5 98 102
588.0 0 7
588.0 0 8
589.5 130 132
589.5 130 133
591.0 175 190
591.0 175 191
592.5 149 165
592.5 149 166
594.0 94 112
594.0 94 113
595.5 43 59
595.5 43 60
597.0 148 155
597.0 148 156
598.5 147 152
598.5 147 153
600.0 29 36
600.0 29 37
601.5 26 30
601.5 26 31
603.0 42 192
603.0 42 193
604.5 48 66
604.5 49 50
606.0 145 164
606.0 145 165
607.5 1 9
607.5 1 10
609.0 128 132
609.0 128 133
610.5 67 68
610.5 67 87
612.0 122 138
612.0 122 139
613.5 4 10
613.5 4 11
615.0 27 37
615.0 27 38
616.5 69 83
616.5 69 84
618.0 73 87
618.0 73 88
619.5 1 7
619.5 1 8
621.0 21 37
621.0 21 38
622.5 97 109
622.5 97 110
624.0 146 158
624.0 146 159
625.5 98 111
625.5 98 112
627.0 45 57
627.0 45 58
628.5 72 83
628.5 72 84
630.0 184 187
630.0 185 186
631.5 24 37
631.5 24 38
633.0 120 138
633.0 120 139
634.5 99 102
634.5 99 103
636.0 99 108
636.0 99 109
637.5 154 159
637.5 154 160
639.0 153 160
639.0 153 161
640.5 99 104
640.5 99 105
642.0 125 130
642.0 125 131
643.5 25 28
643.5 25 29
645.0 151 156
645.0 151 157
646.5 2 3
646.5 2 4
648.0 49 57
648.0 49 58
649.5 117 167
649.5 117 192
651.0 74 90
651.0 74 91
652.5 42 92
652.5 42 117
654.0 183 187
654.0 183 188
655.5 4 6
655.5 4 7
657.0 181 183
657.0 181 184
658.5 159 160
658.5 159 161
660.0 46 51
660.0 46 52
661.5 152 156
661.5 152 157
663.0 23 36
663.0 23 37
664.5 172 191
664.5 172 192
666.0 103 104
666.0 103 105
667.5 3 14
667.5 4 5
669.0 123 133
669.0 123 134
670.5 4 12
670.5 4 13
672.0 94 110
672.0 94 111
673.5 119 135
673.5 119 136
675.0 74 88
675.0 74 89
676.5 121 131
676.5 121 132
678.0 17 41
678.0 17 42
679.5 175 184
679.5 175 185
681.0 100 108
681.0 100 109
682.5 7 10
682.5 7 11
684.0 76 78
684.0 76 79
685.5 175 176
685.5 175 177
687.0 54 61
687.0 54 62
688.5 175 182
688.5 175 183
690.0 106 110
690.0 106 111
691.5 144 164
691.5 144 165
693.0 177 185
693.0 177 186
694.5 77 79
694.5 77 80
696.0 132 138
696.0 133 134
697.5 73 77
697.5 73 78
699.0 42 66
699.0 42 67
700.5 7 8
700.5 7 9
702.0 19 40
702.0 19 41
703.5 48 56
703.5 48 57
705.0 169 185
705.0 169 186
706.5 158 159
706.5 158 160
708.0 50 65
708.0 51 52
709.5 78 87
709.5 78 88
711.0 27 39
711.0 28 29
712.5 70 87
712.5 70 88
714.0 99 112
714.0 99 113
715.5 32 34
715.5 32 35
717.0 169 183
717.0 169 184
718.5 108 110
718.5 108 111
720.0 72 73
720.0 72 74
721.5 174 176
721.5 174 177
723.0 44 65
723.0 44 66
724.5 51 53
724.5 51 54
726.0 117 141
726.0 117 142
727.5 32 36
727.5 32 37
729.0 49 53
729.0 49 54
730.5 104 106
730.5 104 107
732.0 23 40
732.0 23 41
733.5 185 187
733.5 186 187
735.0 70 83
735.0 70 84
736.5 168 169
736.5 168 185
738.0 176 179
738.0 176 180
739.5 21 22
739.5 21 26
741.0 75 84
741.0 75 85
742.5 50 63
742.5 50 64
744.0 118 119
744.0 118 134
745.5 152 164
745.5 152 165
747.0 31 37
747.0 32 33
748.5 177 187
748.5 177 188
750.0 3 10
750.0 3 11
751.5 131 132
751.5 131 133
753.0 25 32
753.0 25 33
754.5 130 134
754.5 130 135
756.0 173 190
756.0 173 191
757.5 151 158
757.5 151 159
759.0 72 87
759.0 72 88
760.5 176 183
760.5 176 184
762.0 197 198
762.0 198 199
763.5 171 179
763.5 171 180
765.0 45 55
765.0 45 56
766.5 191 192
766.5 192 193
768.0 81 85
768.0 81 86
769.5 173 192
769.5 174 175
771.0 171 181
771.0 171 182
772.5 155 156
772.5 155 157
774.0 19 34
774.0 19 35
775.5 122 128
775.5 122 129
777.0 156 160
777.0 156 161
778.5 50 51
778.5 50 52
780.0 168 188
780.0 168 189
781.5 103 110
781.5 103 111
783.0 18 38
783.0 18 39
784.5 0 5
784.5 0 6
786.0 48 62
786.0 48 63
787.5 107 112
787.5 108 109
789.0 132 136
789.0 132 137
790.5 94 114
790.5 94 115
792.0 120 140
792.0 120 141
793.5 68 88
793.5 68 89
795.0 77 89
795.0 77 90
796.5 24 33
796.5 24 34
798.0 146 164
798.0 146 165
799.5 47 60
799.5 47 61
801.0 2 9
801.0 2 10
802.5 148 151
802.5 148 152
804.0 69 87
804.0 69 88
805.5 78 85
805.5 78 86
807.0 182 188
807.0 183 184
808.5 176 191
808.5 177 178
810.0 123 139
810.0 123 140
811.5 79 89
811.5 80 81
813.0 46 57
813.0 46 58
814.5 48 60
814.5 48 61
816.0 43 61
816.0 43 62
817.5 125 140
817.5 125 141
819.0 172 179
819.0 172 180
820.5 67 92
820.5 67 117
822.0 147 164
822.0 147 165
823.5 70 85
823.5 70 86
825.0 148 161
825.0 148 162
826.5 55 59
826.5 55 60
828.0 121 137
828.0 121 138
829.5 6 11
829.5 6 12
831.0 95 105
831.0 95 106
832.5 71 85
832.5 71 86
834.0 2 13
834.0 2 14
835.5 72 91
835.5 73 74
837.0 126 133
837.0 126 134
838.5 67 88
838.5 67 89
840.0 25 30
840.0 25 31
841.5 127 138
841.5 127 139
843.0 70 91
843.0 70 92
844.5 170 191
844.5 170 192
846.0 46 61
846.0 46 62
847.5 54 59
847.5 54 60
849.0 0 11
849.0 0 12
850.5 127 140
850.5 128 129
852.0 130 136
852.0 130 137
853.5 31 33
853.5 31 34
855.0 105 113
855.0 106 107
856.5 48 54
856.5 48 55
858.0 169 189
858.0 169 190
859.5 172 187
859.5 172 188
861.0 95 111
861.0 95 112
862.5 73 85
862.5 73 86
864.0 99 110
864.0 99 111
865.5 146 160
865.5 146 161
867.0 123 141
867.0 124 125
868.5 80 86
868.5 80 87
870.0 150 157
870.0 150 158
871.5 174 180
871.5 174 181
873.0 27 33
873.0 27 34
874.5 127 136
874.5 127 137
876.0 149 159
876.0 149 160
877.5 178 189
877.5 178 190
879.0 73 81
879.0 73 82
880.5 98 109
880.5 98 110
882.0 75 82
882.0 75 83
883.5 126 131
883.5 126 132
885.0 96 108
885.0 96 109
886.5 106 112
886.5 106 113
888.0 82 85
888.0 82 86
889.5 144 158
889.5 144 159
891.0 155 160
891.0 155 161
892.5 10 11
892.5 11 12
894.0 94 108
894.0 94 109
895.5 25 40
895.5 26 27
897.0 119 120
897.0 119 132
898.5 67 142
898.5 67 167
900.0 74 84
900.0 74 85
901.5 145 166
901.5 145 167
903.0 0 1
903.0 0 2
904.5 1 5
904.5 1 6
906.0 18 32
906.0 18 33
907.5 149 155
907.5 149 156
909.0 173 186
909.0 173 187
910.5 102 112
910.5 102 113
912.0 142 192
912.0 143 144
913.5 174 190
913.5 174 191
915.0 73 91
915.0 74 75
916.5 93 115
916.5 93 116
918.0 126 139
918.0 126 140
919.5 184 185
919.5 184 186
921.0 99 114
921.0 99 115
922.5 2 11
922.5 2 12
924.0 148 157
924.0 148 158
925.5 178 181
925.5 178 182
927.0 46 55
927.0 46 56
928.5 22 28
928.5 22 29
930.0 149 163
930.0 149 164
931.5 120 136
931.5 120 137
933.0 17 35
933.0 17 36
934.5 43 67
934.5 44 45
936.0 169 187
936.0 169 188
937.5 50 55
937.5 50 56
939.0 100 102
939.0 100 103
940.5 152 160
940.5 152 161
942.0 182 186
942.0 182 187
943.5 152 158
943.5 152 159
945.0 155 164
945.0 156 157
946.5 57 60
946.5 57 61
948.0 29 32
948.0 29 33
949.5 75 80
949.5 75 81
951.0 92 93
951.0 92 112
952.5 102 110
952.5 102 111
954.0 42 64
954.0 42 65
955.5 45 61
955.5 45 62
957.0 122 136
957.0 122 137
958.5 5 10
958.5 5 11
960.0 33 34
960.0 33 35
961.5 61 62
961.5 62 63
963.0 24 27
963.0 24 28
964.5 77 87
964.5 77 88
966.0 126 129
966.0 126 130
967.5 124 138
967.5 124 139
969.0 78 81
969.0 78 82
970.5 122 126
970.5 122 127
972.0 178 179
972.0 178 180
973.5 49 55
973.5 49 56
975.0 104 110
975.0 104 111
976.5 48 58
976.5 48 59
978.0 187 188
978.0 188 189
979.5 125 126
979.5 125 127
981.0 56 60
981.0 56 61
982.5 97 105
982.5 97 106
984.0 75 76
984.0 75 77
985.5 150 151
985.5 150 152
987.0 132 134
987.0 132 135
988.5 77 85
988.5 77 86
990.0 99 100
990.0 99 101
991.5 155 162
991.5 155 163
993.0 183 185
993.0 183 186
994.5 145 156
994.5 145 157
996.0 98 105
996.0 98 106
997.5 105 111
997.5 105 112
999.0 147 162
999.0 147 163
1000.5 103 108
1000.5 103 109
1002.0 86 87
1002.0 87 88
1003.5 17 39
1003.5 17 40
1005.0 179 188
1005.0 179 189
1006.5 120 142
1006.5 121 122
1008.0 135 136
1008.0 136 137
1009.5 171 185
1009.5 171 186
1011.0 21 39
1011.0 21 40
1012.5 79 81
1012.5 79 82
1014.0 23 28
1014.0 23 29
1015.5 101 107
1015.5 101 108
1017.0 19 42
1017.0 20 21
1018.5 145 158
1018.5 145 159
1020.0 124 126
1020.0 124 127
1021.5 98 107
1021.5 98 108
1023.0 92 167
1023.0 92 192
1024.5 47 66
1024.5 48 49
1026.0 79 85
1026.0 79 86
1027.5 153 156
1027.5 153 157
1029.0 27 35
1029.0 27 36
1030.5 30 38
1030.5 31 32
1032.0 96 102
1032.0 96 103
1033.5 48 64
1033.5 48 65
1035.0 70 81
1035.0 70 82
1036.5 119 141
1036.5 119 142
1038.0 67 90
1038.0 67 91
1039.5 22 36
1039.5 22 37
1041.0 9 10
1041.0 9 11
1042.5 174 188
1042.5 174 189
1044.0 76 80
1044.0 76 81
1045.5 97 113
1045.5 97 114
1047.0 52 54
1047.0 52 55
1048.5 81 87
1048.5 81 88
1050.0 17 191
1050.0 17 192
1051.5 157 160
1051.5 157 161
1053.0 53 61
1053.0 53 62
1054.5 21 33
1054.5 21 34
1056.0 17 117
1056.0 17 142
1057.5 123 127
1057.5 123 128
1059.0 171 189
1059.0 171 190
1060.5 76 82
1060.5 76 83
1062.0 76 86
1062.0 76 87
1063.5 122 123
1063.5 122 125
1065.0 124 128
1065.0 124 129
1066.5 149 151
1066.5 149 152
1068.0 154 157
1068.0 154 158
1069.5 170 183
1069.5 170 184
1071.0 127 128
1071.0 127 129
1072.5 73 79
1072.5 73 80
1074.0 126 135
1074.0 126 136
1075.5 51 63
1075.5 51 64
1077.0 173 174
1077.0 173 175
1078.5 139 140
1078.5 140 141
1080.0 46 53
1080.0 46 54
1081.5 181 189
1081.5 182 183
1083.0 19 32
1083.0 19 33
1084.5 109 111
1084.5 110 111
1086.0 147 156
1086.0 147 157
1087.5 122 140
1087.5 122 141
1089.0 151 164
1089.0 151 165
1090.5 143 162
1090.5 143 163
1092.0 54 57
1092.0 54 58
1093.5 28 36
1093.5 28 37
1095.0 150 165
1095.0 150 166
1096.5 103 112
1096.5 103 113
1098.0 80 82
1098.0 80 83
1099.5 70 89
1099.5 70 90
1101.0 45 65
1101.0 45 66
1102.5 81 83
1102.5 81 84
1104.0 174 182
1104.0 174 183
1105.5 174 184
1105.5 174 185
1107.0 0 9
1107.0 0 10
1108.5 149 161
1108.5 149 162
1110.0 14 15
1110.0 15 16
1111.5 106 108
1111.5 106 109
1113.0 105 107
1113.0 105 108
1114.5 170 187
1114.5 170 188
1116.0 28 38
1116.0 28 39
1117.5 99 106
1117.5 99 107
1119.0 151 154
1119.0 151 155
1120.5 175 186
1120.5 175 187
1122.0 180 181
1122.0 180 182
1123.5 20 34
1123.5 20 35
1125.0 148 149
1125.0 148 150
1126.5 104 108
1126.5 104 109
1128.0 176 181
1128.0 176 182
1129.5 2 5
1129.5 2 6
1131.0 95 96
1131.0 95 104
1132.5 49 61
1132.5 49 62
1134.0 20 40
1134.0 20 41
1135.5 152 162
1135.5 152 163
1137.0 180 185
1137.0 180 186
1138.5 145 146
1138.5 145 155
1140.0 96 112
1140.0 96 113
1141.5 178 183
1141.5 178 184
1143.0 23 24
1143.0 23 25
1144.5 123 135
1144.5 123 136
1146.0 69 91
1146.0 69 92
1147.5 125 128
1147.5 125 129
1149.0 74 78
1149.0 74 79
1150.5 150 159
1150.5 150 160
1152.0 22 34
1152.0 22 35
1153.5 153 154
1153.5 153 155
1155.0 76 90
1155.0 77 78
1156.5 150 161
1156.5 150 162
1158.0 93 109
1158.0 93 110
1159.5 97 98
1159.5 97 100
1161.0 175 180
1161.0 175 181
1162.5 1 13
1162.5 1 14
1164.0 102 108
1164.0 102 109
1165.5 21 29
1165.5 21 30
1167.0 180 183
1167.0 180 184
1168.5 157 162
1168.5 157 163
1170.0 157 158
1170.0 157 159
1171.5 47 64
1171.5 47 65
1173.0 125 132
1173.0 125 133
1174.5 129 139
1174.5 130 131
1176.0 26 36
1176.0 26 37
1177.5 80 88
1177.5 81 82
1179.0 77 81
1179.0 77 82
1180.5 17 193
1180.5 18 19
1182.0 95 107
1182.0 95 108
1183.5 52 64
1183.5 53 54
1185.0 79 83
1185.0 79 84
1186.5 123 131
1186.5 123 132
1188.0 83 87
1188.0 84 85
1189.5 98 103
1189.5 98 104
1191.0 120 134
1191.0 120 135
1192.5 8 10
1192.5 8 11
1194.0 118 137
1194.0 118 138
1195.5 56 62
1195.5 56 63
1197.0 20 38
1197.0 20 39
1198.5 1 3
1198.5 1 4
1200.0 119 137
1200.0 119 138
1201.5 172 189
1201.5 172 190
1203.0 42 43
1203.0 42 61
1204.5 26 38
1204.5 26 39
1206.0 82 87
1206.0 83 84
1207.5 74 76
1207.5 74 77
1209.0 123 129
1209.0 123 130
1210.5 27 29
1210.5 27 30
1212.0 65 66
1212.0 66 67
