0 100 110
0 100 111
1.5 104 112
1.5 104 113
3.0 181 189
3.0 182 183
4.5 117 139
4.5 117 140
6.0 187 188
6.0 188 189
7.5 98 103
7.5 98 104
9.0 27 37
9.0 27 38
10.5 131 134
10.5 131 135
12.0 76 80
12.0 76 81
13.5 179 182
13.5 179 183
15.0 148 153
15.0 148 154
16.5 100 112
16.5 100 113
18.0 100 106
18.0 100 107
19.5 118 141
19.5 118 142
21.0 132 134
21.0 132 135
22.5 26 36
22.5 26 37
24.0 94 108
24.0 94 109
25.5 104 106
25.5 104 107
27.0 96 116
27.0 96 117
28.5 122 132
28.5 122 133
30.0 178 189
30.0 178 190
31.5 22 30
31.5 22 31
33.0 46 53
33.0 46 54
34.5 99 114
34.5 99 115
36.0 147 158
36.0 147 159
37.5 31 33
37.5 31 34
39.0 145 164
39.0 145 165
40.5 181 185
40.5 181 186
42.0 78 81
42.0 78 82
43.5 24 31
43.5 24 32
45.0 51 55
45.0 51 56
46.5 102 108
46.5 102 109
48.0 51 59
48.0 51 60
49.5 22 40
49.5 22 41
51.0 151 154
51.0 151 155
52.5 146 158
52.5 146 159
54.0 23 32
54.0 23 33
55.5 56 60
55.5 56 61
57.0 174 180
57.0 174 181
58.5 25 38
58.5 25 39
60.0 72 91
60.0 73 74
61.5 21 22
61.5 21 26
63.0 75 90
63.0 76 77
64.5 175 190
64.5 175 191
66.0 94 106
66.0 94 107
67.5 22 32
67.5 22 33
69.0 149 161
69.0 149 162
70.5 27 31
70.5 27 32
72.0 172 191
72.0 172 192
73.5 158 161
73.5 158 162
75.0 55 61
75.0 55 62
76.5 105 111
76.5 105 112
78.0 119 135
78.0 119 136
79.5 0 5
79.5 0 6
81.0 130 132
81.0 130 133
82.5 97 109
82.5 97 110
84.0 72 83
84.0 72 84
85.5 33 36
85.5 34 35
87.0 45 57
87.0 45 58
88.5 48 56
88.5 48 57
90.0 101 109
90.0 101 110
91.5 71 81
91.5 71 82
93.0 152 160
93.0 152 161
94.5 97 111
94.5 97 112
96.0 23 26
96.0 23 27
97.5 58 62
97.5 59 60
99.0 105 107
99.0 105 108
100.5 111 112
100.5 112 113
102.0 21 29
102.0 21 30
103.5 128 138
103.5 128 139
105.0 148 155
105.0 148 156
106.5 124 138
106.5 124 139
108.0 56 58
108.0 56 59
109.5 93 117
109.5 94 95
111.0 148 149
111.0 148 150
112.5 155 160
112.5 155 161
114.0 176 187
114.0 176 188
115.5 24 39
115.5 24 40
117.0 170 171
117.0 170 180
118.5 19 40
118.5 19 41
120.0 151 166
120.0 152 153
121.5 44 67
121.5 45 46
123.0 19 32
123.0 19 33
124.5 30 38
124.5 31 32
126.0 46 63
126.0 46 64
127.5 132 138
127.5 133 134
129.0 43 67
129.0 44 45
130.5 32 34
130.5 32 35
132.0 126 129
132.0 126 130
133.5 153 156
133.5 153 157
135.0 17 117
135.0 17 142
136.5 126 133
136.5 126 134
138.0 95 115
138.0 95 116
139.5 96 106
139.5 96 107
141.0 25 40
141.0 26 27
142.5 75 80
142.5 75 81
144.0 70 87
144.0 70 88
145.5 179 180
145.5 179 181
147.0 195 196
147.0 196 197
148.5 124 128
148.5 124 129
150.0 172 185
150.0 172 186
151.5 19 38
151.5 19 39
153.0 19 42
153.0 20 21
154.5 51 53
154.5 51 54
156.0 172 179
156.0 172 180
157.5 101 107
157.5 101 108
159.0 22 28
159.0 22 29
160.5 99 108
160.5 99 109
162.0 179 184
162.0 179 185
163.5 175 186
163.5 175 187
165.0 73 91
165.0 74 75
166.5 3 14
166.5 4 5
168.0 47 62
168.0 47 63
169.5 124 136
169.5 124 137
171.0 48 54
171.0 48 55
172.5 48 58
172.5 48 59
174.0 119 120
174.0 119 132
175.5 57 58
175.5 57 59
177.0 93 115
177.0 93 116
178.5 26 34
178.5 26 35
180.0 26 32
180.0 26 33
181.5 120 140
181.5 120 141
183.0 26 40
183.0 27 28
184.5 43 59
184.5 43 60
186.0 180 181
186.0 180 182
187.5 161 162
187.5 162 163
189.0 168 186
189.0 168 187
190.5 149 165
190.5 149 166
192.0 92 93
192.0 92 112
193.5 96 102
193.5 96 103
195.0 70 85
195.0 70 86
196.5 133 135
196.5 133 136
198.0 153 164
198.0 153 165
199.5 47 58
199.5 47 59
201.0 96 108
201.0 96 109
202.5 125 136
202.5 125 137
204.0 175 182
204.0 175 183
205.5 93 111
205.5 93 112
207.0 123 141
207.0 124 125
208.5 71 91
208.5 71 92
210.0 75 84
210.0 75 85
211.5 144 160
211.5 144 161
213.0 157 158
213.0 157 159
214.5 103 108
214.5 103 109
216.0 146 166
216.0 146 167
217.5 77 89
217.5 77 90
219.0 129 133
219.0 129 134
220.5 71 79
220.5 71 80
222.0 101 115
222.0 102 103
223.5 18 42
223.5 19 20
225.0 176 191
225.0 177 178
226.5 45 61
226.5 45 62
228.0 172 187
228.0 172 188
229.5 121 133
229.5 121 134
231.0 152 156
231.0 152 157
232.5 99 106
232.5 99 107
234.0 147 166
234.0 147 167
235.5 46 59
235.5 46 60
237.0 20 40
237.0 20 41
238.5 92 115
238.5 92 116
240.0 103 110
240.0 103 111
241.5 44 59
241.5 44 60
243.0 76 86
243.0 76 87
244.5 173 182
244.5 173 183
246.0 24 27
246.0 24 28
247.5 183 185
247.5 183 186
249.0 124 140
249.0 124 141
250.5 22 24
250.5 22 25
252.0 23 38
252.0 23 39
253.5 176 185
253.5 176 186
255.0 96 104
255.0 96 105
256.5 102 110
256.5 102 111
258.0 73 79
258.0 73 80
259.5 97 107
259.5 97 108
261.0 168 188
261.0 168 189
262.5 129 135
262.5 129 136
264.0 18 36
264.0 18 37
265.5 94 110
265.5 94 111
267.0 44 65
267.0 44 66
268.5 42 192
268.5 42 193
270.0 104 114
270.0 105 106
271.5 79 81
271.5 79 82
273.0 171 181
273.0 171 182
274.5 124 132
274.5 124 133
276.0 151 152
276.0 151 153
277.5 42 64
277.5 42 65
279.0 95 105
279.0 95 106
280.5 49 61
280.5 49 62
282.0 17 41
282.0 17 42
283.5 72 85
283.5 72 86
285.0 30 36
285.0 30 37
286.5 147 160
286.5 147 161
288.0 68 86
288.0 68 87
289.5 50 65
289.5 51 52
291.0 150 153
291.0 150 154
292.5 14 15
292.5 15 16
294.0 106 108
294.0 106 109
295.5 83 85
295.5 83 86
297.0 1 13
297.0 1 14
298.5 75 86
298.5 75 87
300.0 122 134
300.0 122 135
301.5 151 158
301.5 151 159
303.0 125 138
303.0 125 139
304.5 0 7
304.5 0 8
306.0 49 63
306.0 49 64
307.5 61 62
307.5 62 63
309.0 20 38
309.0 20 39
310.5 17 35
310.5 17 36
312.0 123 135
312.0 123 136
313.5 1 9
313.5 1 10
315.0 121 135
315.0 121 136
316.5 157 162
316.5 157 163
318.0 177 185
318.0 177 186
319.5 48 60
319.5 48 61
321.0 25 32
321.0 25 33
322.5 0 13
322.5 0 14
324.0 28 32
324.0 28 33
325.5 33 34
325.5 33 35
327.0 96 112
327.0 96 113
328.5 125 132
328.5 125 133
330.0 130 134
330.0 130 135
331.5 44 55
331.5 44 56
333.0 21 39
333.0 21 40
334.5 174 186
334.5 174 187
336.0 124 134
336.0 124 135
337.5 52 56
337.5 52 57
339.0 182 184
339.0 182 185
340.5 113 114
340.5 114 115
342.0 131 132
342.0 131 133
343.5 47 56
343.5 47 57
345.0 47 50
345.0 47 51
346.5 45 63
346.5 45 64
348.0 50 51
348.0 50 52
349.5 22 26
349.5 22 27
351.0 69 87
351.0 69 88
352.5 47 60
352.5 47 61
354.0 100 116
354.0 101 102
355.5 123 129
355.5 123 130
357.0 56 62
357.0 56 63
358.5 175 180
358.5 175 181
360.0 170 187
360.0 170 188
361.5 52 60
361.5 52 61
363.0 151 156
363.0 151 157
364.5 2 5
364.5 2 6
366.0 100 102
366.0 100 103
367.5 79 87
367.5 79 88
369.0 182 188
369.0 183 184
370.5 124 126
370.5 124 127
372.0 177 181
372.0 177 182
373.5 18 40
373.5 18 41
375.0 153 158
375.0 153 159
376.5 117 141
376.5 117 142
378.0 79 85
378.0 79 86
379.5 156 158
379.5 156 159
381.0 176 177
381.0 176 178
382.5 144 162
382.5 144 163
384.0 0 3
384.0 0 4
385.5 132 136
385.5 132 137
387.0 128 136
387.0 128 137
388.5 28 38
388.5 28 39
390.0 18 34
390.0 18 35
391.5 148 159
391.5 148 160
393.0 48 52
393.0 48 53
394.5 103 106
394.5 103 107
396.0 25 28
396.0 25 29
397.5 19 30
397.5 19 31
399.0 82 87
399.0 83 84
400.5 101 103
400.5 101 104
402.0 50 59
402.0 50 60
403.5 151 164
403.5 151 165
405.0 19 36
405.0 19 37
406.5 150 151
406.5 150 152
408.0 150 163
408.0 150 164
409.5 80 86
409.5 80 87
411.0 154 157
411.0 154 158
412.5 105 113
412.5 106 107
414.0 1 3
414.0 1 4
415.5 171 179
415.5 171 180
417.0 76 88
417.0 76 89
418.5 145 162
418.5 145 163
420.0 57 60
420.0 57 61
421.5 178 185
421.5 178 186
423.0 144 166
423.0 144 167
424.5 145 160
424.5 145 161
426.0 23 28
426.0 23 29
427.5 168 192
427.5 169 170
429.0 18 32
429.0 18 33
430.5 51 63
430.5 51 64
432.0 134 136
432.0 134 137
433.5 152 158
433.5 152 159
435.0 125 130
435.0 125 131
436.5 159 162
436.5 160 161
438.0 147 156
438.0 147 157
439.5 156 160
439.5 156 161
441.0 71 83
441.0 71 84
442.5 106 112
442.5 106 113
444.0 182 186
444.0 182 187
445.5 71 89
445.5 71 90
447.0 95 113
447.0 95 114
448.5 17 166
448.5 17 167
450.0 169 189
450.0 169 190
451.5 74 80
451.5 74 81
453.0 22 34
453.0 22 35
454.5 174 190
454.5 174 191
456.0 21 33
456.0 21 34
457.5 128 132
457.5 128 133
459.0 79 83
459.0 79 84
460.5 42 43
460.5 42 61
462.0 143 164
462.0 143 165
463.5 167 168
463.5 167 190
465.0 45 65
465.0 45 66
466.5 147 164
466.5 147 165
468.0 106 110
468.0 106 111
469.5 73 81
469.5 73 82
471.0 173 184
471.0 173 185
472.5 181 183
472.5 181 184
474.0 108 112
474.0 109 110
475.5 125 134
475.5 125 135
477.0 122 142
477.0 123 124
478.5 78 79
478.5 78 80
480.0 67 68
480.0 67 87
481.5 84 86
481.5 85 86
483.0 50 61
483.0 50 62
484.5 82 83
484.5 82 84
486.0 168 190
486.0 168 191
487.5 18 38
487.5 18 39
489.0 42 92
489.0 42 117
490.5 51 65
490.5 52 53
492.0 170 181
492.0 170 182
493.5 120 142
493.5 121 122
495.0 152 164
495.0 152 165
496.5 151 160
496.5 151 161
498.0 100 108
498.0 100 109
499.5 174 188
499.5 174 189
501.0 173 178
501.0 173 179
502.5 29 32
502.5 29 33
504.0 29 36
504.0 29 37
505.5 121 137
505.5 121 138
507.0 75 88
507.0 75 89
508.5 145 166
508.5 145 167
510.0 149 159
510.0 149 160
511.5 129 131
511.5 129 132
513.0 128 130
513.0 128 131
514.5 100 114
514.5 100 115
516.0 146 160
516.0 146 161
517.5 32 36
517.5 32 37
519.0 67 88
519.0 67 89
520.5 123 133
520.5 123 134
522.0 155 158
522.0 155 159
523.5 107 108
523.5 107 109
525.0 76 90
525.0 77 78
526.5 108 110
526.5 108 111
528.0 146 154
528.0 146 155
529.5 34 36
529.5 35 36
531.0 59 61
531.0 60 61
532.5 45 59
532.5 45 60
534.0 184 185
534.0 184 186
535.5 120 132
535.5 120 133
537.0 46 61
537.0 46 62
538.5 21 35
538.5 21 36
540.0 159 160
540.0 159 161
541.5 21 41
541.5 22 23
543.0 49 65
543.0 49 66
544.5 45 55
544.5 45 56
546.0 150 159
546.0 150 160
547.5 29 34
547.5 29 35
549.0 131 138
549.0 132 133
550.5 130 138
550.5 130 139
552.0 148 161
552.0 148 162
553.5 52 62
553.5 52 63
555.0 169 185
555.0 169 186
556.5 104 108
556.5 104 109
558.0 8 10
558.0 8 11
559.5 178 181
559.5 178 182
561.0 183 187
561.0 183 188
562.5 71 77
562.5 71 78
564.0 49 51
564.0 49 52
565.5 98 115
565.5 98 116
567.0 119 137
567.0 119 138
568.5 141 142
568.5 142 143
570.0 95 117
570.0 96 97
571.5 185 187
571.5 186 187
573.0 119 133
573.0 119 134
574.5 36 37
574.5 37 38
576.0 73 75
576.0 73 76
577.5 86 87
577.5 87 88
579.0 25 26
579.0 25 27
580.5 127 128
580.5 127 129
582.0 153 162
582.0 153 163
583.5 120 134
583.5 120 135
585.0 169 187
585.0 169 188
586.5 170 185
586.5 170 186
588.0 2 7
588.0 2 8
589.5 21 37
589.5 21 38
591.0 82 85
591.0 82 86
592.5 77 87
592.5 77 88
594.0 173 192
594.0 174 175
595.5 6 7
595.5 6 8
597.0 145 146
597.0 145 155
598.5 77 83
598.5 77 84
600.0 168 169
600.0 168 185
601.5 70 91
601.5 70 92
603.0 149 155
603.0 149 156
604.5 121 139
604.5 121 140
606.0 48 66
606.0 49 50
607.5 178 179
607.5 178 180
609.0 2 13
609.0 2 14
610.5 58 60
610.5 58 61
612.0 128 134
612.0 128 135
613.5 150 155
613.5 150 156
615.0 77 85
615.0 77 86
616.5 6 11
616.5 6 12
618.0 43 44
618.0 43 58
619.5 16 17
619.5 17 18
621.0 146 162
621.0 146 163
622.5 69 85
622.5 69 86
624.0 76 78
624.0 76 79
625.5 26 28
625.5 26 29
627.0 148 167
627.0 149 150
628.5 171 187
628.5 171 188
630.0 28 34
630.0 28 35
631.5 143 160
631.5 143 161
633.0 97 105
633.0 97 106
634.5 20 30
634.5 20 31
636.0 80 84
636.0 80 85
637.5 191 192
637.5 192 193
639.0 154 161
639.0 154 162
640.5 70 83
640.5 70 84
642.0 103 104
642.0 103 105
643.5 170 191
643.5 170 192
645.0 76 84
645.0 76 85
646.5 152 162
646.5 152 163
648.0 74 90
648.0 74 91
649.5 72 77
649.5 72 78
651.0 53 61
651.0 53 62
652.5 173 180
652.5 173 181
654.0 127 140
654.0 128 129
655.5 67 90
655.5 67 91
657.0 7 10
657.0 7 11
658.5 92 167
658.5 92 192
660.0 19 34
660.0 19 35
661.5 149 157
661.5 149 158
663.0 152 154
663.0 152 155
664.5 174 178
664.5 174 179
666.0 95 96
666.0 95 104
667.5 3 4
667.5 3 5
669.0 53 63
669.0 53 64
670.5 74 78
670.5 74 79
672.0 167 191
672.0 167 192
673.5 70 89
673.5 70 90
675.0 98 101
675.0 98 102
676.5 70 79
676.5 70 80
678.0 173 188
678.0 173 189
679.5 176 179
679.5 176 180
681.0 177 183
681.0 177 184
682.5 49 55
682.5 49 56
684.0 46 55
684.0 46 56
685.5 21 31
685.5 21 32
687.0 119 141
687.0 119 142
688.5 53 57
688.5 53 58
690.0 48 62
690.0 48 63
691.5 118 119
691.5 118 134
693.0 20 36
693.0 20 37
694.5 21 27
694.5 21 28
696.0 78 85
696.0 78 86
697.5 184 187
697.5 185 186
699.0 133 137
699.0 134 135
700.5 97 113
700.5 97 114
702.0 55 63
702.0 56 57
703.5 68 88
703.5 68 89
705.0 17 67
705.0 17 92
706.5 176 181
706.5 176 182
708.0 177 189
708.0 177 190
709.5 97 101
709.5 97 102
711.0 177 179
711.0 177 180
712.5 79 89
712.5 80 81
714.0 144 158
714.0 144 159
715.5 43 65
715.5 43 66
717.0 93 109
717.0 93 110
718.5 43 63
718.5 43 64
720.0 175 176
720.0 175 177
721.5 157 160
721.5 157 161
723.0 7 12
723.0 8 9
724.5 1 5
724.5 1 6
726.0 180 183
726.0 180 184
727.5 102 112
727.5 102 113
729.0 53 59
729.0 53 60
730.5 77 81
730.5 77 82
732.0 147 148
732.0 147 151
733.5 197 198
733.5 198 199
735.0 170 183
735.0 170 184
736.5 127 138
736.5 127 139
738.0 47 54
738.0 47 55
739.5 103 112
739.5 103 113
741.0 4 10
741.0 4 11
742.5 72 81
742.5 72 82
744.0 27 39
744.0 28 29
745.5 102 104
745.5 102 105
747.0 92 113
747.0 92 114
748.5 101 113
748.5 101 114
750.0 5 6
750.0 5 7
751.5 172 177
751.5 172 178
753.0 49 57
753.0 49 58
754.5 25 34
754.5 25 35
756.0 147 152
756.0 147 153
757.5 68 90
757.5 68 91
759.0 94 114
759.0 94 115
760.5 176 189
760.5 176 190
762.0 126 135
762.0 126 136
763.5 98 107
763.5 98 108
765.0 40 41
765.0 41 42
766.5 50 63
766.5 50 64
768.0 123 137
768.0 123 138
769.5 46 51
769.5 46 52
771.0 54 63
771.0 55 56
772.5 173 190
772.5 173 191
774.0 149 153
774.0 149 154
775.5 22 36
775.5 22 37
777.0 42 62
777.0 42 63
778.5 28 30
778.5 28 31
780.0 97 115
780.0 97 116
781.5 67 192
781.5 67 193
783.0 104 110
783.0 104 111
784.5 76 82
784.5 76 83
786.0 150 161
786.0 150 162
787.5 173 174
787.5 173 175
789.0 123 139
789.0 123 140
790.5 75 76
790.5 75 77
792.0 145 158
792.0 145 159
793.5 38 39
793.5 39 40
795.0 30 34
795.0 30 35
796.5 77 79
796.5 77 80
798.0 128 140
798.0 129 130
799.5 9 10
799.5 9 11
801.0 96 110
801.0 96 111
802.5 147 154
802.5 147 155
804.0 57 62
804.0 58 59
805.5 102 106
805.5 102 107
807.0 17 39
807.0 17 40
808.5 51 61
808.5 51 62
810.0 44 57
810.0 44 58
811.5 45 53
811.5 45 54
813.0 127 136
813.0 127 137
814.5 12 13
814.5 13 14
816.0 27 29
816.0 27 30
817.5 120 136
817.5 120 137
819.0 54 59
819.0 54 60
820.5 174 182
820.5 174 183
822.0 51 57
822.0 51 58
823.5 31 35
823.5 31 36
825.0 67 142
825.0 67 167
826.5 122 128
826.5 122 129
828.0 81 85
828.0 81 86
829.5 142 166
829.5 142 167
831.0 144 145
831.0 144 157
832.5 173 186
832.5 173 187
834.0 131 136
834.0 131 137
835.5 88 89
835.5 89 90
837.0 101 111
837.0 101 112
838.5 69 89
838.5 69 90
840.0 0 15
840.0 1 2
841.5 70 81
841.5 70 82
843.0 155 162
843.0 155 163
844.5 145 156
844.5 145 157
846.0 43 61
846.0 43 62
847.5 170 189
847.5 170 190
849.0 29 30
849.0 29 31
850.5 120 121
850.5 120 129
852.0 4 8
852.0 4 9
853.5 22 38
853.5 22 39
855.0 155 164
855.0 156 157
856.5 96 114
856.5 96 115
858.0 98 109
858.0 98 110
859.5 54 55
859.5 54 56
861.0 26 38
861.0 26 39
862.5 47 66
862.5 48 49
864.0 74 82
864.0 74 83
865.5 172 183
865.5 172 184
867.0 81 83
867.0 81 84
868.5 171 189
868.5 171 190
870.0 68 69
870.0 68 83
871.5 154 155
871.5 154 156
873.0 117 167
873.0 117 192
874.5 143 162
874.5 143 163
876.0 148 165
876.0 148 166
877.5 146 164
877.5 146 165
879.0 180 189
879.0 181 182
880.5 142 192
880.5 143 144
882.0 52 58
882.0 52 59
883.5 23 30
883.5 23 31
885.0 54 57
885.0 54 58
886.5 49 53
886.5 49 54
888.0 23 34
888.0 23 35
889.5 49 59
889.5 49 60
891.0 126 137
891.0 126 138
892.5 20 34
892.5 20 35
894.0 148 157
894.0 148 158
895.5 53 55
895.5 53 56
897.0 31 37
897.0 32 33
898.5 74 76
898.5 74 77
900.0 139 140
900.0 140 141
901.5 119 139
901.5 119 140
903.0 148 151
903.0 148 152
904.5 50 53
904.5 50 54
906.0 3 6
906.0 3 7
907.5 163 164
907.5 164 165
909.0 176 183
909.0 176 184
910.5 10 11
910.5 11 12
912.0 98 111
912.0 98 112
913.5 121 129
913.5 121 130
915.0 165 166
915.0 166 167
916.5 44 61
916.5 44 62
918.0 67 92
918.0 67 117
919.5 135 136
919.5 136 137
921.0 146 147
921.0 146 153
922.5 23 24
922.5 23 25
924.0 44 63
924.0 44 64
925.5 80 88
925.5 81 82
927.0 97 98
927.0 97 100
928.5 52 54
928.5 52 55
930.0 153 154
930.0 153 155
931.5 27 33
931.5 27 34
933.0 130 136
933.0 130 137
934.5 121 127
934.5 121 128
936.0 73 87
936.0 73 88
937.5 68 84
937.5 68 85
939.0 122 123
939.0 122 125
940.5 100 104
940.5 100 105
942.0 47 48
942.0 47 49
943.5 118 135
943.5 118 136
945.0 123 125
945.0 123 126
946.5 127 132
946.5 127 133
948.0 20 32
948.0 20 33
949.5 97 103
949.5 97 104
951.0 99 116
951.0 100 101
952.5 55 57
952.5 55 58
954.0 23 36
954.0 23 37
955.5 115 116
955.5 116 117
957.0 178 183
957.0 178 184
958.5 171 185
958.5 171 186
960.0 75 82
960.0 75 83
961.5 126 131
961.5 126 132
963.0 98 113
963.0 98 114
964.5 172 181
964.5 172 182
966.0 99 112
966.0 99 113
967.5 180 185
967.5 180 186
969.0 129 139
969.0 130 131
970.5 158 159
970.5 158 160
972.0 126 127
972.0 126 128
973.5 72 79
973.5 72 80
975.0 123 131
975.0 123 132
976.5 73 77
976.5 73 78
978.0 17 191
978.0 17 192
979.5 149 151
979.5 149 152
981.0 144 164
981.0 144 165
982.5 180 187
982.5 180 188
984.0 78 83
984.0 78 84
985.5 68 92
985.5 69 70
987.0 72 73
987.0 72 74
988.5 45 67
988.5 46 47
990.0 46 57
990.0 46 58
991.5 92 193
991.5 93 94
993.0 156 162
993.0 156 163
994.5 42 142
994.5 42 167
996.0 74 84
996.0 74 85
997.5 125 126
997.5 125 127
999.0 71 72
999.0 71 76
1000.5 17 37
1000.5 17 38
1002.0 71 85
1002.0 71 86
1003.5 63 64
1003.5 64 65
1005.0 6 9
1005.0 6 10
1006.5 169 191
1006.5 169 192
1008.0 169 183
1008.0 169 184
1009.5 127 130
1009.5 127 131
1011.0 94 112
1011.0 94 113
1012.5 193 194
1012.5 194 195
1014.0 122 130
1014.0 122 131
1015.5 98 105
1015.5 98 106
1017.0 99 104
1017.0 99 105
1018.5 24 33
1018.5 24 34
1020.0 121 141
1020.0 121 142
1021.5 179 188
1021.5 179 189
1023.0 120 138
1023.0 120 139
1024.5 65 66
1024.5 66 67
1026.0 175 178
1026.0 175 179
1027.5 146 156
1027.5 146 157
1029.0 46 65
1029.0 46 66
1030.5 148 163
1030.5 148 164
1032.0 5 12
1032.0 5 13
1033.5 50 57
1033.5 50 58
1035.0 147 162
1035.0 147 163
1036.5 24 29
1036.5 24 30
1038.0 181 187
1038.0 181 188
1039.5 137 138
1039.5 138 139
1041.0 0 11
1041.0 0 12
1042.5 73 85
1042.5 73 86
1044.0 143 166
1044.0 143 167
1045.5 125 140
1045.5 125 141
1047.0 174 184
1047.0 174 185
1048.5 172 189
1048.5 172 190
1050.0 127 134
1050.0 127 135
1051.5 72 75
1051.5 72 76
1053.0 28 36
1053.0 28 37
1054.5 178 187
1054.5 178 188
1056.0 122 136
1056.0 122 137
1057.5 175 184
1057.5 175 185
1059.0 107 110
1059.0 107 111
1060.5 155 156
1060.5 155 157
1062.0 52 64
1062.0 53 54
1063.5 2 9
1063.5 2 10
1065.0 73 89
1065.0 73 90
1066.5 73 83
1066.5 73 84
1068.0 102 114
1068.0 102 115
1069.5 20 28
1069.5 20 29
1071.0 2 11
1071.0 2 12
1072.5 78 87
1072.5 78 88
1074.0 69 83
1074.0 69 84
1075.5 78 89
1075.5 79 80
1077.0 172 173
1077.0 172 176
1078.5 69 81
1078.5 69 82
1080.0 3 10
1080.0 3 11
1081.5 101 105
1081.5 101 106
1083.0 72 89
1083.0 72 90
1084.5 177 187
1084.5 177 188
1086.0 90 91
1086.0 91 92
1087.5 118 139
1087.5 118 140
1089.0 125 128
1089.0 125 129
1090.5 95 109
1090.5 95 110
1092.0 122 138
1092.0 122 139
1093.5 80 82
1093.5 80 83
1095.0 118 137
1095.0 118 138
1096.5 48 64
1096.5 48 65
1098.0 124 130
1098.0 124 131
1099.5 95 111
1099.5 95 112
1101.0 1 11
1101.0 1 12
1102.5 99 100
1102.5 99 101
1104.0 29 38
1104.0 30 31
1105.5 23 40
1105.5 23 41
1107.0 126 139
1107.0 126 140
1108.5 0 9
1108.5 0 10
1110.0 150 157
1110.0 150 158
1111.5 117 118
1111.5 117 138
1113.0 72 87
1113.0 72 88
1114.5 93 113
1114.5 93 114
1116.0 5 10
1116.0 5 11
1117.5 2 3
1117.5 2 4
1119.0 75 78
1119.0 75 79
1120.5 25 30
1120.5 25 31
1122.0 50 55
1122.0 50 56
1123.5 74 88
1123.5 74 89
1125.0 1 7
1125.0 1 8
1126.5 105 109
1126.5 105 110
1128.0 103 114
1128.0 104 105
1129.5 5 8
1129.5 5 9
1131.0 0 1
1131.0 0 2
1132.5 27 35
1132.5 27 36
1134.0 3 12
1134.0 3 13
1135.5 123 127
1135.5 123 128
1137.0 55 59
1137.0 55 60
1138.5 3 8
1138.5 3 9
1140.0 98 99
1140.0 98 100
1141.5 30 32
1141.5 30 33
1143.0 47 52
1143.0 47 53
1144.5 81 87
1144.5 81 88
1146.0 26 30
1146.0 26 31
1147.5 71 87
1147.5 71 88
1149.0 42 66
1149.0 42 67
1150.5 174 176
1150.5 174 177
1152.0 173 176
1152.0 173 177
1153.5 121 131
1153.5 121 132
1155.0 99 110
1155.0 99 111
1156.5 120 130
1156.5 120 131
1158.0 95 107
1158.0 95 108
1159.5 122 126
1159.5 122 127
1161.0 179 186
1161.0 179 187
1162.5 92 117
1162.5 92 142
1164.0 48 50
1164.0 48 51
1165.5 189 190
1165.5 190 191
1167.0 17 193
1167.0 18 19
1168.5 171 172
1168.5 171 178
1170.0 4 6
1170.0 4 7
1171.5 83 87
1171.5 84 85
1173.0 24 37
1173.0 24 38
1174.5 150 165
1174.5 150 166
1176.0 107 112
1176.0 108 109
1177.5 171 183
1177.5 171 184
1179.0 142 164
1179.0 142 165
1180.5 54 61
1180.5 54 62
1182.0 154 163
1182.0 154 164
1183.5 74 86
1183.5 74 87
1185.0 153 160
1185.0 153 161
1186.5 129 137
1186.5 129 138
1188.0 99 102
1188.0 99 103
1189.5 109 111
1189.5 110 111
1191.0 47 64
1191.0 47 65
1192.5 24 35
1192.5 24 36
1194.0 149 163
1194.0 149 164
1195.5 94 116
1195.5 94 117
1197.0 175 188
1197.0 175 189
1198.5 69 91
1198.5 69 92
1200.0 171 191
1200.0 171 192
1201.5 154 159
1201.5 154 160
1203.0 70 71
1203.0 70 78
1204.5 4 12
1204.5 4 13
1206.0 25 36
1206.0 25 37
1207.5 24 25
1207.5 24 26
1209.0 122 140
1209.0 122 141
1210.5 151 162
1210.5 151 163
1212.0 7 8
1212.0 7 9
