0 148 171
0 148 172
0.501 46 60
0.501 46 61
1.0019999999999998 24 64
1.0019999999999998 24 65
1.5029999999999997 86 91
1.5029999999999997 86 92
2.0039999999999996 147 156
2.0039999999999996 147 157
2.5049999999999994 35 37
2.5049999999999994 36 37
3.0059999999999993 20 66
3.0059999999999993 20 67
3.5069999999999992 114 121
3.5069999999999992 115 116
4.008 32 40
4.008 33 34
4.509 98 102
4.509 98 103
5.010000000000001 55 56
5.010000000000001 55 57
5.511000000000001 87 93
5.511000000000001 88 89
6.012000000000001 173 184
6.012000000000001 173 185
6.513000000000002 118 119
6.513000000000002 118 120
7.014000000000002 50 60
7.014000000000002 50 61
7.515000000000002 60 65
7.515000000000002 60 66
8.016000000000002 26 42
8.016000000000002 26 43
8.517000000000001 110 118
8.517000000000001 110 119
9.018 164 167
9.018 164 168
9.519 50 62
9.519 50 63
10.02 111 113
10.02 111 114
10.520999999999999 20 39
10.520999999999999 20 40
11.021999999999998 140 163
11.021999999999998 140 164
11.522999999999998 182 185
11.522999999999998 182 186
12.023999999999997 49 60
12.023999999999997 49 61
12.524999999999997 175 186
12.524999999999997 175 187
13.025999999999996 147 166
13.025999999999996 147 167
13.526999999999996 139 145
13.526999999999996 139 146
14.027999999999995 173 182
14.027999999999995 173 183
14.528999999999995 21 107
14.528999999999995 21 108
15.029999999999994 137 138
15.029999999999994 138 139
15.530999999999993 44 62
15.530999999999993 44 63
16.031999999999993 139 163
16.031999999999993 139 164
16.532999999999994 41 65
16.532999999999994 41 66
17.033999999999995 29 30
17.033999999999995 29 36
17.534999999999997 173 180
17.534999999999997 173 181
18.035999999999998 24 41
18.035999999999998 24 42
18.537 27 63
18.537 27 64
19.038 112 119
19.038 112 120
19.539 4 5
19.539 4 10
20.040000000000003 160 171
20.040000000000003 160 172
20.541000000000004 20 37
20.541000000000004 20 38
21.042000000000005 145 157
21.042000000000005 145 158
21.543000000000006 109 112
21.543000000000006 109 113
22.044000000000008 113 116
22.044000000000008 113 117
22.54500000000001 8 17
22.54500000000001 8 18
23.04600000000001 47 67
23.04600000000001 48 49
23.54700000000001 51 59
23.54700000000001 51 60
24.048000000000012 150 154
24.048000000000012 150 155
24.549000000000014 49 62
24.549000000000014 49 63
25.050000000000015 182 187
25.050000000000015 182 188
25.551000000000016 21 45
25.551000000000016 21 46
26.052000000000017 159 172
26.052000000000017 160 161
26.55300000000002 23 63
26.55300000000002 23 64
27.05400000000002 99 102
27.05400000000002 99 103
27.55500000000002 72 73
27.55500000000002 72 74
28.056000000000022 155 156
28.056000000000022 156 157
28.557000000000023 138 159
28.557000000000023 138 160
29.058000000000025 21 80
29.058000000000025 21 81
29.559000000000026 162 170
29.559000000000026 162 171
30.060000000000027 26 38
30.060000000000027 26 39
30.56100000000003 23 37
30.56100000000003 23 38
31.06200000000003 139 171
31.06200000000003 139 172
31.56300000000003 95 105
31.56300000000003 95 106
32.06400000000003 140 147
32.06400000000003 140 148
32.565000000000026 22 24
32.565000000000026 22 25
33.066000000000024 177 186
33.066000000000024 177 187
33.56700000000002 42 66
33.56700000000002 42 67
34.06800000000002 178 190
34.06800000000002 178 191
34.56900000000002 141 164
34.56900000000002 141 165
35.070000000000014 47 59
35.070000000000014 47 60
35.57100000000001 37 38
35.57100000000001 38 39
36.07200000000001 48 60
36.07200000000001 48 61
36.57300000000001 81 88
36.57300000000001 81 89
37.074000000000005 20 21
37.074000000000005 20 27
37.575 10 12
37.575 10 13
38.076 10 14
38.076 10 15
38.577 11 12
38.577 11 13
39.077999999999996 190 191
39.077999999999996 191 192
39.57899999999999 142 157
39.57899999999999 142 158
40.07999999999999 164 165
40.07999999999999 164 166
40.58099999999999 84 91
40.58099999999999 84 92
41.08199999999999 18 19
41.08199999999999 19 20
41.582999999999984 142 163
41.582999999999984 142 164
42.08399999999998 49 58
42.08399999999998 49 59
42.58499999999998 30 66
42.58499999999998 30 67
43.08599999999998 179 180
43.08599999999998 179 186
43.586999999999975 179 191
43.586999999999975 180 181
44.08799999999997 128 135
44.08799999999997 128 136
44.58899999999997 32 36
44.58899999999997 32 37
45.08999999999997 174 179
45.08999999999997 174 180
45.590999999999966 144 163
45.590999999999966 144 164
46.09199999999996 161 162
46.09199999999996 161 163
46.59299999999996 53 54
46.59299999999996 53 55
47.09399999999996 23 41
47.09399999999996 23 42
47.594999999999956 72 77
47.594999999999956 72 78
48.095999999999954 69 70
48.095999999999954 69 71
48.59699999999995 21 37
48.59699999999995 21 38
49.09799999999995 82 94
49.09799999999995 83 84
49.59899999999995 45 60
49.59899999999995 45 61
50.099999999999945 184 186
50.099999999999945 184 187
50.60099999999994 84 89
50.60099999999994 84 90
51.10199999999994 114 115
51.10199999999994 114 116
51.60299999999994 88 92
51.60299999999994 88 93
52.103999999999935 112 113
52.103999999999935 112 114
52.60499999999993 140 169
52.60499999999993 140 170
53.10599999999993 20 121
53.10599999999993 20 122
53.60699999999993 125 138
53.60699999999993 126 127
54.107999999999926 39 40
54.107999999999926 40 41
54.608999999999924 22 43
54.608999999999924 22 44
55.10999999999992 144 157
55.10999999999992 144 158
55.61099999999992 76 78
55.61099999999992 76 79
56.11199999999992 180 190
56.11199999999992 180 191
56.612999999999914 124 133
56.612999999999914 124 134
57.11399999999991 77 78
57.11399999999991 77 79
57.61499999999991 161 168
57.61499999999991 161 169
58.11599999999991 20 138
58.11599999999991 20 172
58.616999999999905 161 164
58.616999999999905 161 165
59.1179999999999 97 107
59.1179999999999 98 99
59.6189999999999 178 179
59.6189999999999 178 187
60.1199999999999 109 116
60.1199999999999 109 117
60.620999999999896 20 58
60.620999999999896 20 59
61.12199999999989 109 118
61.12199999999989 109 119
61.62299999999989 94 122
61.62299999999989 94 138
62.12399999999989 174 191
62.12399999999989 174 192
62.624999999999886 159 168
62.624999999999886 159 169
63.125999999999884 160 165
63.125999999999884 160 166
63.62699999999988 5 12
63.62699999999988 5 13
64.12799999999989 98 100
64.12799999999989 98 101
64.62899999999989 25 66
64.62899999999989 25 67
65.1299999999999 142 159
65.1299999999999 142 160
65.6309999999999 7 9
65.6309999999999 7 10
66.1319999999999 126 128
66.1319999999999 126 129
66.63299999999991 149 155
66.63299999999991 149 156
67.13399999999992 8 11
67.13399999999992 8 12
67.63499999999992 25 42
67.63499999999992 25 43
68.13599999999992 143 172
68.13599999999992 144 145
68.63699999999993 16 19
68.63699999999993 17 18
69.13799999999993 8 13
69.13799999999993 8 14
69.63899999999994 147 164
69.63899999999994 147 165
70.13999999999994 145 169
70.13999999999994 145 170
70.64099999999995 141 166
70.64099999999995 141 167
71.14199999999995 147 158
71.14199999999995 147 159
71.64299999999996 45 64
71.64299999999996 45 65
72.14399999999996 51 61
72.14399999999996 51 62
72.64499999999997 176 189
72.64499999999997 176 190
73.14599999999997 176 187
73.14599999999997 176 188
73.64699999999998 195 196
73.64699999999998 195 198
74.14799999999998 159 170
74.14799999999998 159 171
74.64899999999999 164 169
74.64899999999999 164 170
75.14999999999999 95 103
75.14999999999999 95 104
75.651 126 136
75.651 126 137
76.152 20 45
76.152 20 46
76.653 90 91
76.653 90 92
77.15400000000001 176 178
77.15400000000001 176 179
77.65500000000002 22 30
77.65500000000002 22 36
78.15600000000002 166 170
78.15600000000002 166 171
78.65700000000002 98 106
78.65700000000002 98 107
79.15800000000003 162 164
79.15800000000003 162 165
79.65900000000003 112 115
79.65900000000003 112 116
80.16000000000004 20 107
80.16000000000004 20 108
80.66100000000004 27 42
80.66100000000004 27 60
81.16200000000005 96 97
81.16200000000005 96 98
81.66300000000005 69 78
81.66300000000005 69 79
82.16400000000006 25 60
82.16400000000006 25 61
82.66500000000006 108 109
82.66500000000006 108 115
83.16600000000007 141 158
83.16600000000007 141 159
83.66700000000007 23 59
83.66700000000007 23 60
84.16800000000008 22 41
84.16800000000008 22 42
84.66900000000008 127 131
84.66900000000008 127 132
85.17000000000009 68 75
85.17000000000009 68 76
85.67100000000009 141 168
85.67100000000009 141 169
86.1720000000001 138 157
86.1720000000001 138 158
86.6730000000001 5 6
86.6730000000001 5 7
87.1740000000001 146 163
87.1740000000001 146 164
87.67500000000011 50 64
87.67500000000011 50 65
88.17600000000012 183 186
88.17600000000012 183 187
88.67700000000012 151 155
88.67700000000012 151 156
89.17800000000013 81 94
89.17800000000013 81 122
89.67900000000013 49 64
89.67900000000013 49 65
90.18000000000013 32 38
90.18000000000013 32 39
90.68100000000014 47 61
90.68100000000014 47 62
91.18200000000014 20 35
91.18200000000014 20 36
91.68300000000015 109 120
91.68300000000015 109 121
92.18400000000015 144 167
92.18400000000015 144 168
92.68500000000016 167 170
92.68500000000016 167 171
93.18600000000016 97 103
93.18600000000016 97 104
93.68700000000017 196 198
93.68700000000017 196 199
94.18800000000017 125 132
94.18800000000017 125 133
94.68900000000018 183 184
94.68900000000018 183 185
95.19000000000018 21 47
95.19000000000018 21 48
95.69100000000019 86 93
95.69100000000019 87 88
96.19200000000019 23 67
96.19200000000019 24 25
96.6930000000002 175 188
96.6930000000002 175 189
97.1940000000002 173 174
97.1940000000002 173 175
97.6950000000002 53 56
97.6950000000002 53 57
98.19600000000021 68 122
98.19600000000021 68 138
98.69700000000022 22 63
98.69700000000022 22 64
99.19800000000022 83 93
99.19800000000022 83 94
99.69900000000023 141 144
99.69900000000023 141 145
100.20000000000023 21 60
100.20000000000023 21 61
100.70100000000023 96 105
100.70100000000023 96 106
101.20200000000024 69 74
101.20200000000024 69 75
101.70300000000024 142 161
101.70300000000024 142 162
102.20400000000025 129 136
102.20400000000025 129 137
102.70500000000025 52 65
102.70500000000025 52 66
103.20600000000026 21 26
103.20600000000026 21 27
103.70700000000026 141 156
103.70700000000026 141 157
104.20800000000027 87 89
104.20800000000027 87 90
104.70900000000027 0 1
104.70900000000027 0 2
105.21000000000028 147 170
105.21000000000028 147 171
105.71100000000028 151 153
105.71100000000028 151 154
106.21200000000029 148 169
106.21200000000029 148 170
106.71300000000029 143 158
106.71300000000029 143 159
107.2140000000003 51 57
107.2140000000003 51 58
107.7150000000003 192 193
107.7150000000003 193 194
108.2160000000003 21 24
108.2160000000003 21 25
108.71700000000031 149 157
108.71700000000031 149 158
109.21800000000032 22 65
109.21800000000032 22 66
109.71900000000032 138 169
109.71900000000032 138 170
110.22000000000033 97 99
110.22000000000033 97 100
110.72100000000033 129 134
110.72100000000033 129 135
111.22200000000034 54 58
111.22200000000034 54 59
111.72300000000034 134 137
111.72300000000034 135 136
112.22400000000034 123 133
112.22400000000034 123 134
112.72500000000035 30 37
112.72500000000035 30 38
113.22600000000035 41 63
113.22600000000035 41 64
113.72700000000036 31 40
113.72700000000036 32 33
114.22800000000036 94 103
114.22800000000036 94 104
114.72900000000037 21 28
114.72900000000037 21 29
115.23000000000037 81 82
115.23000000000037 81 87
115.73100000000038 163 165
115.73100000000038 163 166
116.23200000000038 124 125
116.23200000000038 124 126
116.73300000000039 82 88
116.73300000000039 82 89
117.23400000000039 78 79
117.23400000000039 79 80
117.7350000000004 96 99
117.7350000000004 96 100
118.2360000000004 102 106
118.2360000000004 102 107
118.7370000000004 181 188
118.7370000000004 181 189
119.23800000000041 100 101
119.23800000000041 100 102
119.73900000000042 22 67
119.73900000000042 23 24
120.24000000000042 142 144
120.24000000000042 142 145
120.74100000000043 161 166
120.74100000000043 161 167
121.24200000000043 117 120
121.24200000000043 117 121
121.74300000000044 44 45
121.74300000000044 44 59
122.24400000000044 23 27
122.24400000000044 23 28
122.74500000000045 97 105
122.74500000000045 97 106
123.24600000000045 21 41
123.24600000000045 21 42
123.74700000000045 148 158
123.74700000000045 148 159
124.24800000000046 24 62
124.24800000000046 24 63
124.74900000000046 173 190
124.74900000000046 173 191
125.25000000000047 30 41
125.25000000000047 30 65
125.75100000000047 148 160
125.75100000000047 148 166
126.25200000000048 162 166
126.25200000000048 162 167
126.75300000000048 163 171
126.75300000000048 163 172
127.25400000000049 162 168
127.25400000000049 162 169
127.75500000000049 109 122
127.75500000000049 110 111
128.2560000000005 28 39
128.2560000000005 28 40
128.75700000000052 8 15
128.75700000000052 8 16
129.25800000000052 149 171
129.25800000000052 149 172
129.75900000000053 143 144
129.75900000000053 143 145
130.26000000000053 46 47
130.26000000000053 46 59
130.76100000000054 123 137
130.76100000000054 123 138
131.26200000000054 75 77
131.26200000000054 75 78
131.76300000000055 71 75
131.76300000000055 71 76
132.26400000000055 32 34
132.26400000000055 32 35
132.76500000000055 100 103
132.76500000000055 100 104
133.26600000000056 50 51
133.26600000000056 50 57
133.76700000000056 142 165
133.76700000000056 142 166
134.26800000000057 139 169
134.26800000000057 139 170
134.76900000000057 26 60
134.76900000000057 26 61
135.27000000000058 165 167
135.27000000000058 165 168
135.77100000000058 109 114
135.77100000000058 109 115
136.2720000000006 24 60
136.2720000000006 24 61
136.7730000000006 150 156
136.7730000000006 150 157
137.2740000000006 126 130
137.2740000000006 126 131
137.7750000000006 118 121
137.7750000000006 119 120
138.2760000000006 21 172
138.2760000000006 22 23
138.7770000000006 150 158
138.7770000000006 150 159
139.27800000000062 83 85
139.27800000000062 83 86
139.77900000000062 71 73
139.77900000000062 71 74
140.28000000000063 61 64
140.28000000000063 61 65
140.78100000000063 13 15
140.78100000000063 13 16
141.28200000000064 145 163
141.28200000000064 145 164
141.78300000000064 164 171
141.78300000000064 165 166
142.28400000000065 139 147
142.28400000000065 139 148
142.78500000000065 148 156
142.78500000000065 148 157
143.28600000000066 23 45
143.28600000000066 23 46
143.78700000000066 20 80
143.78700000000066 20 81
144.28800000000066 142 146
144.28800000000066 142 147
144.78900000000067 10 16
144.78900000000067 10 17
145.29000000000067 185 188
145.29000000000067 186 187
145.79100000000068 142 167
145.79100000000068 142 168
146.29200000000068 47 48
146.29200000000068 47 58
146.7930000000007 165 169
146.7930000000007 165 170
147.2940000000007 150 151
147.2940000000007 150 153
147.7950000000007 88 90
147.7950000000007 88 91
148.2960000000007 113 120
148.2960000000007 113 121
148.7970000000007 127 135
148.7970000000007 127 136
149.2980000000007 140 159
149.2980000000007 140 160
149.79900000000072 29 64
149.79900000000072 29 65
150.30000000000072 95 99
150.30000000000072 95 100
150.80100000000073 25 40
150.80100000000073 25 41
151.30200000000073 73 74
151.30200000000073 73 75
151.80300000000074 179 189
151.80300000000074 179 190
152.30400000000074 184 188
152.30400000000074 184 189
152.80500000000075 46 66
152.80500000000075 46 67
153.30600000000075 172 180
153.30600000000075 172 181
153.80700000000076 181 182
153.80700000000076 181 185
154.30800000000076 20 30
154.30800000000076 20 31
154.80900000000076 175 190
154.80900000000076 175 191
155.31000000000077 9 11
155.31000000000077 9 12
155.81100000000077 165 171
155.81100000000077 166 167
156.31200000000078 162 172
156.31200000000078 163 164
156.81300000000078 24 39
156.81300000000078 24 40
157.3140000000008 11 14
157.3140000000008 11 15
157.8150000000008 146 159
157.8150000000008 146 160
158.3160000000008 52 59
158.3160000000008 52 60
158.8170000000008 128 131
158.8170000000008 128 132
159.3180000000008 12 17
159.3180000000008 12 18
159.8190000000008 160 169
159.8190000000008 160 170
160.32000000000082 94 105
160.32000000000082 94 106
160.82100000000082 147 160
160.82100000000082 147 161
161.32200000000083 21 122
161.32200000000083 21 138
161.82300000000083 148 154
161.82300000000083 148 155
162.32400000000084 30 39
162.32400000000084 30 40
162.82500000000084 68 81
162.82500000000084 68 94
163.32600000000085 163 167
163.32600000000085 163 168
163.82700000000085 145 159
163.82700000000085 145 160
164.32800000000086 145 146
164.32800000000086 145 156
164.82900000000086 21 93
164.82900000000086 21 94
165.33000000000087 26 66
165.33000000000087 26 67
165.83100000000087 115 119
165.83100000000087 115 120
166.33200000000087 125 126
166.33200000000087 125 127
166.83300000000088 66 67
166.83300000000088 67 68
167.33400000000088 146 169
167.33400000000088 146 170
167.8350000000009 24 43
167.8350000000009 24 44
168.3360000000009 67 81
168.3360000000009 67 94
168.8370000000009 140 165
168.8370000000009 140 166
169.3380000000009 153 156
169.3380000000009 154 155
169.8390000000009 62 64
169.8390000000009 62 65
170.3400000000009 146 147
170.3400000000009 146 156
170.84100000000092 21 35
170.84100000000092 21 36
171.34200000000092 8 19
171.34200000000092 9 10
171.84300000000093 25 28
171.84300000000093 25 37
172.34400000000093 114 119
172.34400000000093 114 120
172.84500000000094 147 148
172.84500000000094 147 155
173.34600000000094 97 101
173.34600000000094 97 102
173.84700000000095 130 138
173.84700000000095 131 132
174.34800000000095 180 186
174.34800000000095 180 187
174.84900000000096 143 160
174.84900000000096 143 161
175.35000000000096 6 14
175.35000000000096 6 15
175.85100000000097 74 78
175.85100000000097 74 79
176.35200000000097 145 165
176.35200000000097 145 166
176.85300000000097 140 157
176.85300000000097 140 158
177.35400000000098 141 160
177.35400000000098 141 161
177.85500000000098 152 156
177.85500000000098 152 157
178.356000000001 113 114
178.356000000001 113 115
178.857000000001 124 135
178.857000000001 124 136
179.358000000001 9 13
179.358000000001 9 14
179.859000000001 44 60
179.859000000001 44 61
180.360000000001 125 130
180.360000000001 125 131
180.861000000001 24 66
180.861000000001 24 67
181.36200000000102 55 58
181.36200000000102 56 57
181.86300000000102 71 79
181.86300000000102 71 80
182.36400000000103 51 67
182.36400000000103 52 53
182.86500000000103 8 9
182.86500000000103 8 10
183.36600000000104 123 129
183.36600000000104 123 130
183.86700000000104 149 159
183.86700000000104 149 168
184.36800000000105 132 136
184.36800000000105 132 137
184.86900000000105 182 189
184.86900000000105 182 190
185.37000000000106 26 64
185.37000000000106 26 65
185.87100000000106 43 66
185.87100000000106 43 67
186.37200000000107 68 69
186.37200000000107 68 74
186.87300000000107 22 61
186.87300000000107 22 62
187.37400000000108 34 38
187.37400000000108 35 36
187.87500000000108 85 88
187.87500000000108 85 89
188.37600000000108 99 106
188.37600000000108 99 107
188.8770000000011 21 64
188.8770000000011 21 65
189.3780000000011 91 92
189.3780000000011 92 93
189.8790000000011 149 169
189.8790000000011 149 170
190.3800000000011 139 143
190.3800000000011 139 144
190.8810000000011 129 130
190.8810000000011 129 131
191.3820000000011 31 32
191.3820000000011 31 35
191.88300000000112 4 11
191.88300000000112 4 12
192.38400000000112 28 60
192.38400000000112 28 61
192.88500000000113 134 135
192.88500000000113 134 136
193.38600000000113 29 66
193.38600000000113 29 67
193.88700000000114 5 16
193.88700000000114 5 17
194.38800000000114 126 132
194.38800000000114 126 133
194.88900000000115 111 121
194.88900000000115 111 122
195.39000000000115 21 66
195.39000000000115 21 67
195.89100000000116 146 171
195.89100000000116 146 172
196.39200000000116 9 17
196.39200000000116 9 18
196.89300000000117 175 177
196.89300000000117 175 178
197.39400000000117 138 163
197.39400000000117 138 164
197.89500000000118 124 131
197.89500000000118 124 132
198.39600000000118 143 162
198.39600000000118 143 163
198.89700000000119 16 17
198.89700000000119 16 18
199.3980000000012 95 96
199.3980000000012 95 98
199.8990000000012 127 133
199.8990000000012 127 134
200.4000000000012 6 16
200.4000000000012 6 17
200.9010000000012 22 39
200.9010000000012 22 40
201.4020000000012 13 17
201.4020000000012 13 18
201.9030000000012 20 41
201.9030000000012 20 42
202.40400000000122 133 134
202.40400000000122 133 135
202.90500000000122 71 77
202.90500000000122 71 78
203.40600000000123 72 75
203.40600000000123 72 76
203.90700000000123 131 133
203.90700000000123 131 134
204.40800000000124 7 19
204.40800000000124 7 20
204.90900000000124 150 172
204.90900000000124 151 152
205.41000000000125 51 52
205.41000000000125 51 56
205.91100000000125 51 65
205.91100000000125 51 66
206.41200000000126 85 86
206.41200000000126 85 87
206.91300000000126 69 80
206.91300000000126 70 71
207.41400000000127 42 60
207.41400000000127 42 61
207.91500000000127 46 64
207.91500000000127 46 65
208.41600000000128 138 161
208.41600000000128 138 162
208.91700000000128 128 129
208.91700000000128 128 130
209.41800000000129 101 105
209.41800000000129 101 106
209.9190000000013 5 14
209.9190000000013 5 15
210.4200000000013 21 62
210.4200000000013 21 63
210.9210000000013 74 76
210.9210000000013 74 77
211.4220000000013 98 104
211.4220000000013 98 105
211.9230000000013 53 58
211.9230000000013 53 59
212.4240000000013 95 107
212.4240000000013 95 108
212.92500000000132 114 117
212.92500000000132 114 118
213.42600000000132 125 134
213.42600000000132 125 135
213.92700000000133 175 179
213.92700000000133 175 180
214.42800000000133 144 165
214.42800000000133 144 166
214.92900000000134 172 192
214.92900000000134 172 193
215.43000000000134 126 134
215.43000000000134 126 135
215.93100000000135 140 155
215.93100000000135 140 156
216.43200000000135 99 100
216.43200000000135 99 101
216.93300000000136 22 59
216.93300000000136 22 60
217.43400000000136 82 90
217.43400000000136 82 91
217.93500000000137 53 60
217.93500000000137 54 55
218.43600000000137 143 156
218.43600000000137 143 157
218.93700000000138 5 18
218.93700000000138 5 19
219.43800000000138 13 19
219.43800000000138 14 15
219.93900000000139 11 16
219.93900000000139 11 17
220.4400000000014 157 158
220.4400000000014 158 159
220.9410000000014 169 171
220.9410000000014 170 171
221.4420000000014 175 192
221.4420000000014 176 177
221.9430000000014 21 22
221.9430000000014 21 23
222.4440000000014 83 87
222.4440000000014 83 88
222.94500000000141 153 154
222.94500000000141 153 155
223.44600000000142 122 137
223.44600000000142 122 138
223.94700000000142 68 79
223.94700000000142 68 80
224.44800000000143 103 106
224.44800000000143 104 105
224.94900000000143 81 138
224.94900000000143 82 83
225.45000000000144 47 63
225.45000000000144 47 64
225.95100000000144 27 65
225.95100000000144 27 66
226.45200000000145 145 171
226.45200000000145 145 172
226.95300000000145 80 81
226.95300000000145 80 138
227.45400000000146 41 42
227.45400000000146 41 62
227.95500000000146 141 146
227.95500000000146 141 147
228.45600000000147 130 136
228.45600000000147 130 137
228.95700000000147 123 127
228.95700000000147 123 128
229.45800000000148 146 161
229.45800000000148 146 162
229.95900000000148 84 93
229.95900000000148 84 94
230.4600000000015 142 169
230.4600000000015 142 170
230.9610000000015 168 171
230.9610000000015 169 170
231.4620000000015 174 177
231.4620000000015 174 178
231.9630000000015 29 37
231.9630000000015 29 38
232.4640000000015 26 27
232.4640000000015 26 37
232.9650000000015 135 137
232.9650000000015 136 137
233.46600000000151 20 60
233.46600000000151 20 61
233.96700000000152 27 28
233.96700000000152 27 37
234.46800000000152 124 129
234.46800000000152 124 130
234.96900000000153 81 90
234.96900000000153 81 91
235.47000000000153 25 38
235.47000000000153 25 39
235.97100000000154 20 28
235.97100000000154 20 29
236.47200000000154 197 198
236.47200000000154 197 199
236.97300000000155 29 62
236.97300000000155 29 63
237.47400000000155 108 116
237.47400000000155 108 117
237.97500000000156 123 135
237.97500000000156 123 136
238.47600000000156 113 118
238.47600000000156 113 119
238.97700000000157 82 84
238.97700000000157 82 85
239.47800000000157 152 154
239.47800000000157 152 155
239.97900000000158 109 110
239.97900000000158 109 111
240.48000000000158 44 64
240.48000000000158 44 65
240.9810000000016 139 167
240.9810000000016 139 168
241.4820000000016 23 43
241.4820000000016 23 44
241.9830000000016 110 112
241.9830000000016 110 113
242.4840000000016 183 190
242.4840000000016 184 185
242.9850000000016 62 66
242.9850000000016 63 64
243.4860000000016 139 140
243.4860000000016 139 142
243.98700000000161 43 44
243.98700000000161 43 59
244.48800000000162 144 146
244.48800000000162 144 156
244.98900000000162 101 107
244.98900000000162 102 103
245.49000000000163 167 168
245.49000000000163 167 169
245.99100000000163 181 190
245.99100000000163 181 191
246.49200000000164 138 155
246.49200000000164 138 156
246.99300000000164 129 132
246.99300000000164 129 133
247.49400000000165 158 172
247.49400000000165 159 160
247.99500000000165 31 36
247.99500000000165 31 37
248.49600000000166 143 170
248.49600000000166 143 171
248.99700000000166 69 72
248.99700000000166 69 73
249.49800000000167 23 39
249.49800000000167 23 40
249.99900000000167 61 62
249.99900000000167 61 63
250.50000000000168 177 178
250.50000000000168 177 179
251.00100000000168 44 66
251.00100000000168 44 67
251.5020000000017 26 62
251.5020000000017 26 63
252.0030000000017 146 167
252.0030000000017 146 168
252.5040000000017 174 193
252.5040000000017 175 176
253.0050000000017 15 16
253.0050000000017 15 17
253.5060000000017 106 107
253.5060000000017 107 108
254.0070000000017 194 195
254.0070000000017 194 199
254.50800000000172 63 65
254.50800000000172 63 66
255.00900000000172 96 107
255.00900000000172 97 98
255.51000000000172 177 188
255.51000000000172 177 189
256.0110000000017 110 120
256.0110000000017 110 121
256.51200000000165 21 39
256.51200000000165 21 40
257.0130000000016 52 55
257.0130000000016 52 56
257.5140000000016 104 106
257.5140000000016 105 106
258.0150000000016 83 89
258.0150000000016 83 90
258.51600000000155 73 80
258.51600000000155 74 75
259.01700000000153 96 103
259.01700000000153 96 104
259.5180000000015 73 76
259.5180000000015 73 77
260.0190000000015 148 167
260.0190000000015 148 168
260.52000000000146 33 35
260.52000000000146 33 36
261.02100000000144 140 143
261.02100000000144 140 144
261.5220000000014 43 64
261.5220000000014 43 65
262.0230000000014 23 65
262.0230000000014 23 66
262.52400000000137 115 117
262.52400000000137 115 118
263.02500000000134 173 192
263.02500000000134 173 193
263.5260000000013 108 120
263.5260000000013 108 121
264.0270000000013 24 28
264.0270000000013 24 29
264.52800000000127 143 166
264.52800000000127 143 167
265.02900000000125 139 165
265.02900000000125 139 166
265.5300000000012 103 104
265.5300000000012 103 105
266.0310000000012 124 137
266.0310000000012 124 138
266.5320000000012 42 64
266.5320000000012 42 65
267.03300000000115 128 133
267.03300000000115 128 134
267.53400000000113 115 121
267.53400000000113 116 117
268.0350000000011 174 187
268.0350000000011 174 188
268.5360000000011 127 137
268.5360000000011 127 138
269.03700000000106 84 87
269.03700000000106 84 88
269.53800000000103 54 56
269.53800000000103 54 57
270.039000000001 3 4
270.039000000001 3 20
270.540000000001 22 26
270.540000000001 22 27
271.04100000000096 9 19
271.04100000000096 10 11
271.54200000000094 123 124
271.54200000000094 123 126
272.0430000000009 94 107
272.0430000000009 94 108
272.5440000000009 166 168
272.5440000000009 166 169
273.04500000000087 15 18
273.04500000000087 15 19
273.54600000000084 195 199
273.54600000000084 196 197
274.0470000000008 172 186
274.0470000000008 172 187
274.5480000000008 140 167
274.5480000000008 140 168
275.0490000000008 20 43
275.0490000000008 20 44
275.55000000000075 4 19
275.55000000000075 4 20
276.0510000000007 1 2
276.0510000000007 2 3
276.5520000000007 125 128
276.5520000000007 125 129
277.0530000000007 117 118
277.0530000000007 117 119
277.55400000000066 171 172
277.55400000000066 172 173
278.05500000000063 33 39
278.05500000000063 34 35
278.5560000000006 84 85
278.5560000000006 84 86
279.0570000000006 144 161
279.0570000000006 144 162
279.55800000000056 100 107
279.55800000000056 101 102
280.05900000000054 141 170
280.05900000000054 141 171
280.5600000000005 11 18
280.5600000000005 11 19
281.0610000000005 131 135
281.0610000000005 131 136
281.56200000000047 67 79
281.56200000000047 67 80
282.06300000000044 143 164
282.06300000000044 143 165
282.5640000000004 128 137
282.5640000000004 128 138
283.0650000000004 139 155
283.0650000000004 139 156
283.5660000000004 161 170
283.5660000000004 161 171
284.06700000000035 87 91
284.06700000000035 87 92
284.5680000000003 93 94
284.5680000000003 94 95
285.0690000000003 23 29
285.0690000000003 23 36
285.5700000000003 138 165
285.5700000000003 138 166
286.07100000000025 173 178
286.07100000000025 173 179
286.57200000000023 149 150
286.57200000000023 149 154
287.0730000000002 116 118
287.0730000000002 116 119
287.5740000000002 25 26
287.5740000000002 25 27
288.07500000000016 111 117
288.07500000000016 111 118
288.57600000000014 43 60
288.57600000000014 43 61
289.0770000000001 28 66
289.0770000000001 28 67
289.5780000000001 59 60
289.5780000000001 60 61
290.07900000000006 5 20
290.07900000000006 6 7
290.58000000000004 75 79
290.58000000000004 76 77
291.081 52 57
291.081 52 58
291.582 22 37
291.582 22 38
292.08299999999997 158 170
292.08299999999997 158 171
292.58399999999995 144 171
292.58399999999995 144 172
293.0849999999999 96 101
293.0849999999999 96 102
293.5859999999999 85 92
293.5859999999999 85 93
294.0869999999999 25 62
294.0869999999999 25 63
294.58799999999985 47 65
294.58799999999985 47 66
295.0889999999998 45 62
295.0889999999998 45 63
295.5899999999998 112 117
295.5899999999998 112 118
296.0909999999998 22 28
296.0909999999998 22 29
296.59199999999976 161 172
296.59199999999976 162 163
297.09299999999973 111 119
297.09299999999973 111 120
297.5939999999997 143 168
297.5939999999997 143 169
298.0949999999997 64 65
298.0949999999997 65 66
298.59599999999966 20 64
298.59599999999966 20 65
299.09699999999964 150 170
299.09699999999964 150 171
299.5979999999996 48 64
299.5979999999996 48 65
300.0989999999996 28 37
300.0989999999996 28 38
300.59999999999957 21 30
300.59999999999957 21 31
301.10099999999954 141 162
301.10099999999954 141 163
301.6019999999995 45 46
301.6019999999995 45 59
302.1029999999995 57 58
302.1029999999995 58 59
302.6039999999995 5 10
302.6039999999995 5 11
303.10499999999945 29 41
303.10499999999945 29 42
303.6059999999994 48 66
303.6059999999994 48 67
304.1069999999994 127 129
304.1069999999994 127 130
304.6079999999994 140 145
304.6079999999994 140 146
305.10899999999936 100 105
305.10899999999936 100 106
305.60999999999933 21 43
305.60999999999933 21 44
306.1109999999993 24 45
306.1109999999993 24 59
306.6119999999993 7 17
306.6119999999993 7 18
307.11299999999926 147 168
307.11299999999926 147 169
307.61399999999924 70 72
307.61399999999924 70 73
308.1149999999992 172 190
308.1149999999992 172 191
308.6159999999992 143 146
308.6159999999992 143 147
309.11699999999917 132 134
309.11699999999917 132 135
309.61799999999914 139 149
309.61799999999914 139 154
310.1189999999991 28 64
310.1189999999991 28 65
310.6199999999991 140 161
310.6199999999991 140 162
311.12099999999907 111 115
311.12099999999907 111 116
311.62199999999905 27 61
311.62199999999905 27 62
312.122999999999 138 171
312.122999999999 138 172
312.623999999999 102 104
312.623999999999 102 105
313.124999999999 82 86
313.124999999999 82 87
313.62599999999895 178 188
313.62599999999895 178 189
314.12699999999893 140 141
314.12699999999893 140 142
314.6279999999989 110 114
314.6279999999989 110 115
315.1289999999989 69 76
315.1289999999989 69 77
315.62999999999886 70 80
315.62999999999886 71 72
316.13099999999883 49 50
316.13099999999883 49 57
316.6319999999988 139 157
316.6319999999988 139 158
317.1329999999988 6 10
317.1329999999988 6 11
317.63399999999876 72 79
317.63399999999876 72 80
318.13499999999874 25 64
318.13499999999874 25 65
318.6359999999987 27 40
318.6359999999987 27 41
319.1369999999987 176 180
319.1369999999987 176 186
319.63799999999867 48 58
319.63799999999867 48 59
320.13899999999865 141 142
320.13899999999865 141 143
320.6399999999986 20 62
320.6399999999986 20 63
321.1409999999986 176 191
321.1409999999986 176 192
321.6419999999986 112 121
321.6419999999986 112 122
322.14299999999855 198 199
322.6439999999985 180 188
322.6439999999985 180 189
323.1449999999985 146 165
323.1449999999985 146 166
323.6459999999985 141 148
323.6459999999985 141 155
324.14699999999846 142 171
324.14699999999846 142 172
324.64799999999843 26 40
324.64799999999843 26 41
325.1489999999984 173 186
325.1489999999984 173 187
325.6499999999984 188 189
325.6499999999984 189 190
326.15099999999836 74 80
326.15099999999836 75 76
326.65199999999834 23 61
326.65199999999834 23 62
327.1529999999983 122 133
327.1529999999983 122 134
327.6539999999983 29 39
327.6539999999983 29 40
328.15499999999827 31 38
328.15499999999827 31 39
328.65599999999824 50 58
328.65599999999824 50 59
329.1569999999982 46 62
329.1569999999982 46 63
329.6579999999982 28 62
329.6579999999982 28 63
330.1589999999982 172 188
330.1589999999982 172 189
330.65999999999815 185 186
330.65999999999815 185 187
331.1609999999981 82 92
331.1609999999981 82 93
331.6619999999981 86 87
331.6619999999981 86 88
332.1629999999981 45 66
332.1629999999981 45 67
332.66399999999805 70 76
332.66399999999805 70 77
333.16499999999803 181 186
333.16499999999803 181 187
333.665999999998 101 103
333.665999999998 101 104
334.166999999998 124 127
334.166999999998 124 128
334.66799999999796 6 20
334.66799999999796 7 8
335.16899999999794 20 93
335.16899999999794 20 94
335.6699999999979 70 74
335.6699999999979 70 75
336.1709999999979 89 90
336.1709999999979 89 91
336.67199999999787 28 41
336.67199999999787 28 42
337.17299999999784 145 167
337.17299999999784 145 168
337.6739999999978 9 15
337.6739999999978 9 16
338.1749999999978 133 136
338.1749999999978 133 137
338.67599999999777 34 36
338.67599999999777 34 37
339.17699999999775 4 15
339.17699999999775 4 16
339.6779999999977 168 169
339.6779999999977 168 170
340.1789999999977 12 19
340.1789999999977 13 14
340.6799999999977 131 137
340.6799999999977 132 133
341.18099999999765 6 12
341.18099999999765 6 13
341.68199999999763 140 149
341.68199999999763 140 154
342.1829999999976 139 161
342.1829999999976 139 162
342.6839999999976 120 121
342.6839999999976 121 122
343.18499999999756 42 62
343.18499999999756 42 63
343.68599999999753 116 120
343.68599999999753 116 121
344.1869999999975 129 138
344.1869999999975 130 131
344.6879999999975 6 8
344.6879999999975 6 9
345.18899999999746 110 116
345.18899999999746 110 117
345.68999999999744 7 13
345.68999999999744 7 14
346.1909999999974 174 185
346.1909999999974 174 186
346.6919999999974 85 90
346.6919999999974 85 91
347.19299999999737 122 123
347.19299999999737 122 132
347.69399999999735 86 89
347.69399999999735 86 90
348.1949999999973 83 91
348.1949999999973 83 92
348.6959999999973 151 172
348.6959999999973 152 153
349.1969999999973 30 31
349.1969999999973 30 36
349.69799999999725 141 172
349.69799999999725 142 143
350.1989999999972 173 176
350.1989999999972 173 177
350.6999999999972 12 13
350.6999999999972 12 14
351.2009999999972 147 172
351.2009999999972 148 149
351.70199999999716 174 175
351.70199999999716 174 176
352.20299999999713 41 67
352.20299999999713 42 43
352.7039999999971 4 17
352.7039999999971 4 18
353.2049999999971 27 38
353.2049999999971 27 39
353.70599999999706 122 135
353.70599999999706 122 136
354.20699999999704 20 47
354.20699999999704 20 48
354.707999999997 145 161
354.707999999997 145 162
355.208999999997 95 101
355.208999999997 95 102
355.70999999999697 130 132
355.70999999999697 130 133
356.21099999999694 68 77
356.21099999999694 68 78
356.7119999999969 7 11
356.7119999999969 7 12
357.2129999999969 6 18
357.2129999999969 6 19
357.7139999999969 144 159
357.7139999999969 144 160
358.21499999999685 125 136
358.21499999999685 125 137
358.7159999999968 138 167
358.7159999999968 138 168
359.2169999999968 108 122
359.2169999999968 108 138
359.7179999999968 123 131
359.7179999999968 123 132
360.21899999999675 174 183
360.21899999999675 174 184
360.71999999999673 51 63
360.71999999999673 51 64
361.2209999999967 183 188
361.2209999999967 183 189
361.7219999999967 175 181
361.7219999999967 175 185
362.22299999999666 174 181
362.22299999999666 174 182
362.72399999999664 14 18
362.72399999999664 14 19
363.2249999999966 49 66
363.2249999999966 49 67
363.7259999999966 22 47
363.7259999999966 22 58
364.22699999999656 48 62
364.22699999999656 48 63
364.72799999999654 70 78
364.72799999999654 70 79
365.2289999999965 160 167
365.2289999999965 160 168
365.7299999999965 5 8
365.7299999999965 5 9
366.23099999999647 172 184
366.23099999999647 172 185
366.73199999999645 52 61
366.73199999999645 52 64
367.2329999999964 27 67
367.2329999999964 28 29
367.7339999999964 24 37
367.7339999999964 24 38
368.2349999999964 108 118
368.2349999999964 108 119
368.73599999999635 61 66
368.73599999999635 62 63
369.2369999999963 22 45
369.2369999999963 22 46
369.7379999999963 89 92
369.7379999999963 89 93
370.2389999999963 173 188
370.2389999999963 173 189
370.73999999999626 33 37
370.73999999999626 33 38
371.24099999999623 81 92
371.24099999999623 81 93
371.7419999999962 14 16
371.7419999999962 14 17
372.2429999999962 67 122
372.2429999999962 67 138
372.74399999999616 146 157
372.74399999999616 146 158
373.24499999999614 73 78
373.24499999999614 73 79
373.7459999999961 151 157
373.7459999999961 151 158
374.2469999999961 139 159
374.2469999999961 139 160
374.74799999999607 163 169
374.74799999999607 163 170
375.24899999999604 140 171
375.24899999999604 140 172
375.749999999996 172 182
375.749999999996 172 183
376.250999999996 12 15
376.250999999996 12 16
376.751999999996 43 62
376.751999999996 43 63
377.25299999999595 24 26
377.25299999999595 24 27
377.7539999999959 174 189
377.7539999999959 174 190
378.2549999999959 144 169
378.2549999999959 144 170
378.7559999999959 130 134
378.7559999999959 130 135
379.25699999999586 177 190
379.25699999999586 177 191
379.75799999999583 25 44
379.75799999999583 25 59
380.2589999999958 110 122
380.2589999999958 111 112
380.7599999999958 186 188
380.7599999999958 187 188
381.26099999999576 7 15
381.26099999999576 7 16
381.76199999999574 50 66
381.76199999999574 50 67
382.2629999999957 10 18
382.2629999999957 10 19
382.7639999999957 4 13
382.7639999999957 4 14
383.26499999999567 142 155
383.26499999999567 142 156
383.76599999999564 23 25
383.76599999999564 23 26
384.2669999999956 126 138
384.2669999999956 127 128
384.7679999999956 99 104
384.7679999999956 99 105
385.2689999999956 179 187
385.2689999999956 179 188
385.76999999999555 182 183
385.76999999999555 182 184
386.2709999999955 21 58
386.2709999999955 21 59
