0 51 55
0 51 56
1.5 144 149
1.5 144 150
3.0 93 116
3.0 93 117
4.5 94 100
4.5 94 101
6.0 11 29
6.0 11 30
7.5 163 189
7.5 163 190
9.0 135 144
9.0 135 145
10.5 45 80
10.5 46 47
12.0 1 35
12.0 1 36
13.5 47 72
13.5 47 73
15.0 88 103
15.0 88 104
16.5 51 63
16.5 51 64
18.0 106 109
18.0 106 110
19.5 88 109
19.5 88 110
21.0 17 21
21.0 17 22
22.5 8 17
22.5 8 18
24.0 50 75
24.0 50 76
25.5 104 113
25.5 105 106
27.0 7 30
27.0 7 31
28.5 140 143
28.5 140 144
30.0 13 18
30.0 13 19
31.5 42 76
31.5 42 77
33.0 66 67
33.0 66 68
34.5 61 69
34.5 61 70
36.0 50 65
36.0 50 66
37.5 51 69
37.5 51 70
39.0 55 66
39.0 55 67
40.5 131 137
40.5 131 138
42.0 95 116
42.0 95 117
43.5 25 29
43.5 25 30
45.0 20 29
45.0 20 30
46.5 141 147
46.5 141 148
48.0 11 23
48.0 11 24
49.5 88 119
49.5 89 90
51.0 51 73
51.0 51 74
52.5 124 158
52.5 124 159
54.0 138 141
54.0 138 142
55.5 68 71
55.5 69 70
57.0 127 140
57.0 127 141
58.5 172 192
58.5 172 193
60.0 10 15
60.0 10 16
61.5 52 65
61.5 52 66
63.0 172 180
63.0 172 181
64.5 186 192
64.5 187 188
66.0 5 32
66.0 5 33
67.5 128 157
67.5 128 158
69.0 81 82
69.0 81 110
70.5 150 151
70.5 151 152
72.0 46 60
72.0 46 61
73.5 25 31
73.5 25 32
75.0 56 71
75.0 56 72
76.5 130 141
76.5 130 142
78.0 139 146
78.0 139 147
79.5 123 150
79.5 123 151
81.0 103 108
81.0 103 109
82.5 53 78
82.5 54 55
84.0 86 116
84.0 86 117
85.5 101 105
85.5 101 106
87.0 169 197
87.0 169 198
88.5 88 99
88.5 88 100
90.0 54 70
90.0 54 71
91.5 21 31
91.5 21 32
93.0 50 67
93.0 50 68
94.5 85 104
94.5 85 105
96.0 97 103
96.0 97 104
97.5 49 60
97.5 49 61
99.0 16 23
99.0 16 24
100.5 9 14
100.5 9 15
102.0 2 28
102.0 2 29
103.5 174 189
103.5 174 190
105.0 129 134
105.0 129 135
106.5 100 111
106.5 100 112
108.0 141 153
108.0 141 154
109.5 13 22
109.5 13 23
111.0 23 26
111.0 23 27
112.5 22 29
112.5 22 30
114.0 175 185
114.0 175 186
115.5 89 94
115.5 89 95
117.0 132 139
117.0 132 140
118.5 138 151
118.5 138 152
120.0 140 153
120.0 140 154
121.5 127 158
121.5 127 159
123.0 101 113
123.0 101 114
124.5 124 144
124.5 124 145
126.0 59 60
126.0 59 61
127.5 11 31
127.5 11 32
129.0 48 61
129.0 48 62
130.5 4 30
130.5 4 31
132.0 184 190
132.0 184 191
133.5 49 54
133.5 49 55
135.0 181 190
135.0 181 191
136.5 176 190
136.5 176 191
138.0 178 194
138.0 178 195
139.5 182 186
139.5 182 187
141.0 87 96
141.0 87 97
142.5 13 16
142.5 13 17
144.0 18 31
144.0 18 32
145.5 17 27
145.5 17 28
147.0 168 186
147.0 168 187
148.5 54 58
148.5 54 59
150.0 22 25
150.0 22 26
151.5 167 191
151.5 167 192
153.0 178 180
153.0 178 181
154.5 90 117
154.5 90 118
156.0 131 141
156.0 131 142
157.5 4 38
157.5 4 39
159.0 86 98
159.0 86 99
160.5 54 74
160.5 54 75
162.0 125 146
162.0 125 147
163.5 143 144
163.5 143 145
165.0 15 34
165.0 15 35
166.5 97 107
166.5 97 108
168.0 189 190
168.0 190 191
169.5 61 63
169.5 61 64
171.0 126 148
171.0 126 149
172.5 137 153
172.5 137 154
174.0 96 97
174.0 96 98
175.5 176 196
175.5 176 197
177.0 18 33
177.0 18 34
178.5 20 31
178.5 20 32
180.0 165 181
180.0 165 182
181.5 97 101
181.5 97 102
183.0 81 111
183.0 81 112
184.5 121 151
184.5 121 152
186.0 134 146
186.0 134 147
187.5 108 109
187.5 108 110
189.0 129 158
189.0 129 159
190.5 88 95
190.5 88 96
192.0 170 172
192.0 170 173
193.5 97 111
193.5 97 112
195.0 197 198
195.0 198 199
196.5 179 183
196.5 179 184
198.0 110 111
198.0 111 112
199.5 100 103
199.5 100 104
201.0 21 25
201.0 21 26
202.5 171 182
202.5 171 183
204.0 93 100
204.0 93 101
205.5 173 183
205.5 173 184
207.0 128 151
207.0 128 152
208.5 123 144
208.5 123 145
210.0 184 186
210.0 184 187
211.5 49 72
211.5 49 73
213.0 80 117
213.0 80 118
214.5 181 186
214.5 181 187
216.0 54 66
216.0 54 67
217.5 165 185
217.5 165 186
219.0 131 151
219.0 131 152
220.5 7 24
220.5 7 25
222.0 47 56
222.0 47 57
223.5 97 105
223.5 97 106
225.0 136 153
225.0 136 154
226.5 92 113
226.5 92 114
228.0 170 198
228.0 170 199
229.5 173 191
229.5 173 192
231.0 7 34
231.0 7 35
232.5 174 179
232.5 174 180
234.0 4 26
234.0 4 27
235.5 12 35
235.5 12 36
237.0 58 59
237.0 58 60
238.5 102 107
238.5 102 108
240.0 103 106
240.0 103 107
241.5 61 71
241.5 61 72
243.0 63 72
243.0 63 73
244.5 132 147
244.5 132 148
246.0 96 111
246.0 96 112
247.5 47 78
247.5 47 79
249.0 168 180
249.0 168 181
250.5 50 73
250.5 50 74
252.0 57 59
252.0 57 60
253.5 160 199
253.5 161 162
255.0 4 22
255.0 4 23
256.5 11 35
256.5 11 36
258.0 137 139
258.0 137 140
259.5 12 19
259.5 12 20
261.0 181 182
261.0 181 183
262.5 95 98
262.5 95 99
264.0 173 177
264.0 173 178
265.5 60 73
265.5 60 74
267.0 98 99
267.0 98 100
268.5 95 104
268.5 95 105
270.0 128 139
270.0 128 140
271.5 89 114
271.5 89 115
273.0 55 62
273.0 55 63
274.5 137 147
274.5 137 148
276.0 180 184
276.0 180 185
277.5 98 111
277.5 98 112
279.0 7 16
279.0 7 17
280.5 83 110
280.5 83 111
282.0 124 156
282.0 124 157
283.5 42 72
283.5 42 73
285.0 10 35
285.0 10 36
286.5 54 64
286.5 54 65
288.0 2 38
288.0 2 39
289.5 10 19
289.5 10 20
291.0 54 72
291.0 54 73
292.5 166 186
292.5 166 187
294.0 131 153
294.0 131 154
295.5 60 61
295.5 60 62
297.0 166 196
297.0 166 197
298.5 87 98
298.5 87 99
300.0 42 78
300.0 42 79
301.5 67 68
301.5 67 69
303.0 91 97
303.0 91 98
304.5 126 142
304.5 126 143
306.0 133 148
306.0 133 149
307.5 6 18
307.5 6 19
309.0 132 137
309.0 132 138
310.5 167 168
310.5 167 176
312.0 99 104
312.0 99 105
313.5 183 185
313.5 183 186
315.0 177 190
315.0 177 191
316.5 3 32
316.5 3 33
318.0 134 152
318.0 134 153
319.5 11 25
319.5 11 26
321.0 124 146
321.0 124 147
322.5 169 191
322.5 169 192
324.0 93 112
324.0 93 113
325.5 86 104
325.5 86 105
327.0 11 33
327.0 11 34
328.5 96 99
328.5 96 100
330.0 52 55
330.0 52 56
331.5 6 34
331.5 6 35
333.0 13 34
333.0 13 35
334.5 162 188
334.5 162 189
336.0 48 75
336.0 48 76
337.5 55 60
337.5 55 61
339.0 171 172
339.0 171 173
340.5 5 24
340.5 5 25
342.0 10 29
342.0 10 30
343.5 50 61
343.5 50 62
345.0 17 25
345.0 17 26
346.5 15 30
346.5 15 31
348.0 82 120
348.0 83 84
349.5 47 66
349.5 47 67
351.0 133 156
351.0 133 157
352.5 95 102
352.5 95 103
354.0 40 79
354.0 40 80
355.5 22 27
355.5 22 28
357.0 8 39
357.0 9 10
358.5 93 118
358.5 94 95
360.0 59 68
360.0 59 69
361.5 124 154
361.5 124 155
363.0 124 148
363.0 124 149
364.5 125 158
364.5 125 159
366.0 41 79
366.0 41 80
367.5 8 29
367.5 8 30
369.0 81 119
369.0 81 120
370.5 72 73
370.5 73 74
372.0 62 65
372.0 62 66
373.5 43 68
373.5 43 69
375.0 14 22
375.0 14 23
376.5 56 73
376.5 56 74
378.0 158 159
378.0 159 160
379.5 90 115
379.5 90 116
381.0 144 145
381.0 144 146
382.5 132 149
382.5 132 150
384.0 45 68
384.0 45 69
385.5 139 150
385.5 139 151
387.0 89 96
387.0 89 97
388.5 129 138
388.5 129 139
390.0 132 155
390.0 132 156
391.5 16 19
391.5 16 20
393.0 47 70
393.0 47 71
394.5 4 40
394.5 5 6
396.0 123 156
396.0 123 157
397.5 164 186
397.5 164 187
399.0 3 36
399.0 3 37
400.5 85 102
400.5 85 103
402.0 121 155
402.0 121 156
403.5 175 181
403.5 175 182
405.0 53 54
405.0 53 55
406.5 57 73
406.5 57 74
408.0 169 189
408.0 169 190
409.5 102 103
409.5 102 104
411.0 19 32
411.0 19 33
412.5 55 64
412.5 55 65
414.0 181 184
414.0 181 185
415.5 76 77
415.5 77 78
417.0 163 187
417.0 163 188
418.5 51 53
418.5 51 54
420.0 154 155
420.0 155 156
421.5 51 57
421.5 51 58
423.0 129 152
423.0 129 153
424.5 17 33
424.5 17 34
426.0 6 26
426.0 6 27
427.5 131 145
427.5 131 146
429.0 48 71
429.0 48 72
430.5 95 110
430.5 95 111
432.0 134 142
432.0 134 143
433.5 186 190
433.5 186 191
435.0 122 158
435.0 122 159
436.5 94 102
436.5 94 103
438.0 128 155
438.0 128 156
439.5 3 28
439.5 3 29
441.0 13 36
441.0 13 37
442.5 81 117
442.5 81 118
444.0 41 73
444.0 41 74
445.5 91 93
445.5 91 94
447.0 5 28
447.0 5 29
448.5 177 192
448.5 177 193
450.0 165 193
450.0 165 194
451.5 130 149
451.5 130 150
453.0 127 150
453.0 127 151
454.5 130 139
454.5 130 140
456.0 50 53
456.0 50 54
457.5 15 32
457.5 15 33
459.0 96 103
459.0 96 104
460.5 166 182
460.5 166 183
462.0 85 112
462.0 85 113
463.5 95 108
463.5 95 109
465.0 187 189
465.0 187 190
466.5 82 116
466.5 82 117
468.0 175 189
468.0 175 190
469.5 91 117
469.5 91 118
471.0 96 117
471.0 97 98
472.5 162 196
472.5 162 197
474.0 146 151
474.0 146 152
475.5 136 141
475.5 136 142
477.0 168 196
477.0 168 197
478.5 56 63
478.5 56 64
480.0 4 28
480.0 4 29
481.5 18 35
481.5 18 36
483.0 16 25
483.0 16 26
484.5 53 62
484.5 53 63
486.0 169 193
486.0 169 194
487.5 167 199
487.5 168 169
489.0 58 73
489.0 58 74
490.5 99 100
490.5 99 101
492.0 67 70
492.0 67 71
493.5 183 187
493.5 183 188
495.0 129 148
495.0 129 149
496.5 20 21
496.5 20 22
498.0 63 64
498.0 63 65
499.5 34 35
499.5 35 36
501.0 4 36
501.0 4 37
502.5 10 23
502.5 10 24
504.0 56 69
504.0 56 70
505.5 140 145
505.5 140 146
507.0 165 183
507.0 165 184
508.5 86 100
508.5 86 101
510.0 82 112
510.0 82 113
511.5 133 134
511.5 133 135
513.0 121 157
513.0 121 158
514.5 70 71
514.5 71 72
516.0 122 123
516.0 122 147
517.5 1 33
517.5 1 34
519.0 50 51
519.0 50 52
520.5 140 149
520.5 140 150
522.0 123 148
522.0 123 149
523.5 45 70
523.5 45 71
525.0 83 114
525.0 83 115
526.5 18 19
526.5 18 20
528.0 51 75
528.0 51 76
529.5 168 174
529.5 168 175
531.0 63 66
531.0 63 67
532.5 141 143
532.5 141 144
534.0 120 155
534.0 120 156
535.5 174 195
535.5 174 196
537.0 122 154
537.0 122 155
538.5 43 72
538.5 43 73
540.0 8 33
540.0 8 34
541.5 85 118
541.5 85 119
543.0 74 75
543.0 75 76
544.5 173 179
544.5 173 180
546.0 64 69
546.0 64 70
547.5 44 66
547.5 44 67
549.0 48 63
549.0 48 64
550.5 126 156
550.5 126 157
552.0 52 75
552.0 52 76
553.5 144 147
553.5 144 148
555.0 91 101
555.0 91 102
556.5 185 188
556.5 185 189
558.0 171 174
558.0 171 175
559.5 129 150
559.5 129 151
561.0 134 144
561.0 134 145
562.5 57 69
562.5 57 70
564.0 133 144
564.0 133 145
565.5 172 190
565.5 172 191
567.0 163 199
567.0 164 165
568.5 5 20
568.5 5 21
570.0 176 192
570.0 176 193
571.5 131 143
571.5 131 144
573.0 138 145
573.0 138 146
574.5 137 149
574.5 137 150
576.0 136 143
576.0 136 144
577.5 133 136
577.5 133 137
579.0 11 13
579.0 11 14
580.5 175 177
580.5 175 178
582.0 12 23
582.0 12 24
583.5 8 25
583.5 8 26
585.0 97 115
585.0 97 116
586.5 176 182
586.5 176 183
588.0 13 38
588.0 14 15
589.5 163 195
589.5 163 196
591.0 54 68
591.0 54 69
592.5 9 30
592.5 9 31
594.0 43 80
594.0 44 45
595.5 182 184
595.5 182 185
597.0 180 190
597.0 180 191
598.5 176 188
598.5 176 189
600.0 128 159
600.0 129 130
601.5 14 18
601.5 14 19
603.0 131 155
603.0 131 156
604.5 171 194
604.5 171 195
606.0 178 186
606.0 178 187
607.5 92 103
607.5 92 104
609.0 15 36
609.0 15 37
610.5 126 140
610.5 126 141
612.0 143 146
612.0 143 147
613.5 140 147
613.5 140 148
615.0 125 150
615.0 125 151
616.5 179 195
616.5 180 181
618.0 12 37
618.0 12 38
619.5 98 115
619.5 98 116
621.0 121 122
621.0 121 150
622.5 180 188
622.5 180 189
624.0 127 156
624.0 127 157
625.5 172 198
625.5 173 174
627.0 53 76
627.0 53 77
628.5 8 27
628.5 8 28
630.0 82 110
630.0 82 111
631.5 30 31
631.5 31 32
633.0 134 140
633.0 134 141
634.5 27 28
634.5 27 29
636.0 93 94
636.0 93 95
637.5 140 141
637.5 140 142
639.0 8 19
639.0 8 20
640.5 169 195
640.5 169 196
642.0 127 148
642.0 127 149
643.5 9 16
643.5 9 17
645.0 24 33
645.0 25 26
646.5 127 152
646.5 127 153
648.0 179 187
648.0 179 188
649.5 90 91
649.5 90 92
651.0 42 70
651.0 42 71
652.5 49 62
652.5 49 63
654.0 0 35
654.0 0 36
655.5 92 99
655.5 92 100
657.0 27 30
657.0 27 31
658.5 57 63
658.5 57 64
660.0 8 15
660.0 8 16
661.5 179 191
661.5 179 192
663.0 21 27
663.0 21 28
664.5 94 106
664.5 94 107
666.0 191 192
666.0 192 193
667.5 112 113
667.5 113 114
669.0 184 192
669.0 184 193
670.5 106 111
670.5 106 112
672.0 173 181
672.0 173 182
673.5 2 3
673.5 2 27
675.0 43 64
675.0 43 65
676.5 17 31
676.5 17 32
678.0 142 149
678.0 142 150
679.5 84 104
679.5 84 105
681.0 99 108
681.0 99 109
682.5 87 104
682.5 87 105
684.0 90 103
684.0 90 104
685.5 56 57
685.5 56 58
687.0 169 183
687.0 169 184
688.5 56 75
688.5 56 76
690.0 5 36
690.0 5 37
691.5 124 150
691.5 124 151
693.0 92 97
693.0 92 98
694.5 23 24
694.5 23 25
696.0 85 110
696.0 85 111
697.5 91 103
697.5 91 104
699.0 51 77
699.0 51 78
700.5 135 152
700.5 135 153
702.0 172 174
702.0 172 175
703.5 93 108
703.5 93 109
705.0 6 28
705.0 6 29
706.5 54 60
706.5 54 61
708.0 6 24
708.0 6 25
709.5 48 77
709.5 48 78
711.0 12 21
711.0 12 22
712.5 127 154
712.5 127 155
714.0 90 97
714.0 90 98
715.5 168 194
715.5 168 195
717.0 88 113
717.0 88 114
718.5 60 69
718.5 60 70
720.0 103 110
720.0 103 111
721.5 148 151
721.5 149 150
723.0 45 66
723.0 45 67
724.5 129 144
724.5 129 145
726.0 17 35
726.0 17 36
727.5 50 57
727.5 50 58
729.0 137 151
729.0 137 152
730.5 136 145
730.5 136 146
732.0 128 129
732.0 128 134
733.5 15 28
733.5 15 29
735.0 142 151
735.0 142 152
736.5 94 114
736.5 94 115
738.0 55 72
738.0 55 73
739.5 52 67
739.5 52 68
741.0 185 190
741.0 185 191
742.5 7 32
742.5 7 33
744.0 89 112
744.0 89 113
745.5 45 78
745.5 45 79
747.0 104 105
747.0 104 106
748.5 129 132
748.5 129 133
750.0 13 26
750.0 13 27
751.5 126 158
751.5 126 159
753.0 176 178
753.0 176 179
754.5 60 67
754.5 60 68
756.0 125 140
756.0 125 141
757.5 130 155
757.5 130 156
759.0 6 36
759.0 6 37
760.5 44 62
760.5 44 63
762.0 131 135
762.0 131 136
763.5 18 21
763.5 18 22
765.0 50 79
765.0 51 52
766.5 65 67
766.5 65 68
768.0 12 33
768.0 12 34
769.5 174 187
769.5 174 188
771.0 164 184
771.0 164 185
772.5 9 24
772.5 9 25
774.0 161 196
774.0 161 197
775.5 136 147
775.5 136 148
777.0 14 34
777.0 14 35
778.5 138 139
778.5 138 140
780.0 57 65
780.0 57 66
781.5 171 198
781.5 172 173
783.0 84 116
783.0 84 117
784.5 123 160
784.5 124 125
786.0 139 142
786.0 139 143
787.5 178 188
787.5 178 189
789.0 90 93
789.0 90 94
790.5 20 27
790.5 20 28
792.0 45 74
792.0 45 75
793.5 16 17
793.5 16 18
795.0 10 39
795.0 11 12
796.5 175 183
796.5 175 184
798.0 61 73
798.0 61 74
799.5 55 68
799.5 55 69
801.0 52 53
801.0 52 54
802.5 93 96
802.5 93 97
804.0 16 27
804.0 16 28
805.5 100 113
805.5 100 114
807.0 87 108
807.0 87 109
808.5 43 66
808.5 43 67
810.0 96 113
810.0 96 114
811.5 44 76
811.5 44 77
813.0 164 194
813.0 164 195
814.5 136 149
814.5 136 150
816.0 130 135
816.0 130 136
817.5 166 198
817.5 166 199
819.0 169 185
819.0 169 186
820.5 170 194
820.5 170 195
822.0 84 108
822.0 84 109
823.5 174 177
823.5 174 178
825.0 175 193
825.0 175 194
826.5 1 39
826.5 1 40
828.0 101 107
828.0 101 108
829.5 48 67
829.5 48 68
831.0 171 196
831.0 171 197
832.5 53 72
832.5 53 73
834.0 8 21
834.0 8 22
835.5 23 28
835.5 23 29
837.0 98 113
837.0 98 114
838.5 26 31
838.5 26 32
840.0 4 34
840.0 4 35
841.5 122 150
841.5 122 151
843.0 171 188
843.0 171 189
844.5 24 29
844.5 24 30
846.0 127 138
846.0 127 139
847.5 142 143
847.5 142 144
849.0 100 101
849.0 100 102
850.5 181 188
850.5 181 189
852.0 136 137
852.0 136 138
853.5 90 95
853.5 90 96
855.0 17 29
855.0 17 30
856.5 49 70
856.5 49 71
858.0 128 149
858.0 128 150
859.5 56 77
859.5 57 58
861.0 44 80
861.0 45 46
862.5 135 156
862.5 135 157
864.0 129 146
864.0 129 147
865.5 62 67
865.5 62 68
867.0 120 157
867.0 120 158
868.5 86 108
868.5 86 109
870.0 64 71
870.0 64 72
871.5 170 180
871.5 170 181
873.0 137 155
873.0 137 156
874.5 2 30
874.5 2 31
876.0 125 148
876.0 125 149
877.5 173 189
877.5 173 190
879.0 132 151
879.0 132 152
880.5 15 24
880.5 15 25
882.0 174 197
882.0 175 176
883.5 84 112
883.5 84 113
885.0 87 114
885.0 87 115
886.5 137 143
886.5 137 144
888.0 55 70
888.0 55 71
889.5 102 105
889.5 102 106
891.0 95 112
891.0 95 113
892.5 40 75
892.5 40 76
894.0 82 114
894.0 82 115
895.5 171 176
895.5 171 177
897.0 120 121
897.0 120 154
898.5 28 31
898.5 29 30
900.0 136 139
900.0 136 140
901.5 126 138
901.5 126 139
903.0 89 92
903.0 89 93
904.5 126 160
904.5 127 128
906.0 40 77
906.0 40 78
907.5 162 198
907.5 162 199
909.0 47 64
909.0 47 65
910.5 9 28
910.5 9 29
912.0 170 190
912.0 170 191
913.5 60 65
913.5 60 66
915.0 99 110
915.0 99 111
916.5 188 190
916.5 188 191
918.0 90 109
918.0 90 110
919.5 164 182
919.5 164 183
921.0 66 69
921.0 66 70
922.5 169 175
922.5 169 176
924.0 97 109
924.0 97 110
925.5 125 152
925.5 125 153
927.0 139 154
927.0 139 155
928.5 49 78
928.5 49 79
930.0 132 153
930.0 132 154
931.5 14 30
931.5 14 31
933.0 11 15
933.0 11 16
934.5 135 148
934.5 135 149
936.0 136 157
936.0 137 138
937.5 3 26
937.5 3 27
939.0 165 189
939.0 165 190
940.5 62 63
940.5 62 64
942.0 41 71
942.0 41 72
943.5 177 178
943.5 177 179
945.0 89 104
945.0 89 105
946.5 15 20
946.5 15 21
948.0 102 113
948.0 102 114
949.5 45 60
949.5 45 61
951.0 163 191
951.0 163 192
952.5 55 56
952.5 55 57
954.0 93 110
954.0 93 111
955.5 87 112
955.5 87 113
957.0 172 176
957.0 172 177
958.5 47 62
958.5 47 63
960.0 10 11
960.0 10 12
961.5 95 100
961.5 95 101
963.0 88 101
963.0 88 102
964.5 174 193
964.5 174 194
966.0 8 37
966.0 8 38
967.5 173 197
967.5 173 198
969.0 130 151
969.0 130 152
970.5 177 184
970.5 177 185
972.0 5 30
972.0 5 31
973.5 11 27
973.5 11 28
975.0 12 27
975.0 12 28
976.5 172 194
976.5 172 195
978.0 87 100
978.0 87 101
979.5 84 110
979.5 84 111
981.0 86 112
981.0 86 113
982.5 44 78
982.5 44 79
984.0 89 118
984.0 89 119
985.5 143 152
985.5 143 153
987.0 46 76
987.0 46 77
988.5 9 38
988.5 9 39
990.0 88 97
990.0 88 98
991.5 166 188
991.5 166 189
993.0 162 194
993.0 162 195
994.5 142 145
994.5 142 146
996.0 54 62
996.0 54 63
997.5 23 32
997.5 23 33
999.0 175 195
999.0 175 196
1000.5 10 27
1000.5 10 28
1002.0 126 150
1002.0 126 151
1003.5 96 109
1003.5 96 110
1005.0 56 65
1005.0 56 66
1006.5 172 184
1006.5 172 185
1008.0 97 99
1008.0 97 100
1009.5 98 107
1009.5 98 108
1011.0 32 33
1011.0 33 34
1012.5 64 73
1012.5 65 66
1014.0 175 179
1014.0 175 180
1015.5 104 109
1015.5 104 110
1017.0 80 119
1017.0 80 120
1018.5 13 14
1018.5 13 15
1020.0 128 147
1020.0 128 148
1021.5 16 31
1021.5 16 32
1023.0 80 115
1023.0 80 116
1024.5 89 116
1024.5 89 117
1026.0 186 188
1026.0 186 189
1027.5 132 143
1027.5 132 144
1029.0 86 106
1029.0 86 107
1030.5 169 177
1030.5 169 178
1032.0 125 160
1032.0 126 127
1033.5 84 106
1033.5 84 107
1035.0 91 107
1035.0 91 108
1036.5 91 109
1036.5 91 110
1038.0 86 114
1038.0 86 115
1039.5 51 65
1039.5 51 66
1041.0 164 196
1041.0 164 197
1042.5 16 33
1042.5 16 34
1044.0 46 64
1044.0 46 65
1045.5 18 23
1045.5 18 24
1047.0 134 154
1047.0 134 155
1048.5 182 190
1048.5 182 191
1050.0 41 42
1050.0 41 70
1051.5 99 102
1051.5 99 103
1053.0 134 150
1053.0 134 151
1054.5 152 153
1054.5 153 154
1056.0 179 189
1056.0 179 190
1057.5 82 118
1057.5 82 119
1059.0 20 35
1059.0 21 22
1060.5 108 111
1060.5 109 110
1062.0 52 77
1062.0 52 78
1063.5 52 59
1063.5 52 60
1065.0 130 143
1065.0 130 144
1066.5 14 26
1066.5 14 27
1068.0 5 40
1068.0 6 7
1069.5 89 106
1069.5 89 107
1071.0 177 188
1071.0 177 189
1072.5 141 145
1072.5 141 146
1074.0 15 18
1074.0 15 19
1075.5 130 157
1075.5 130 158
1077.0 183 191
1077.0 183 192
1078.5 161 194
1078.5 161 195
1080.0 95 96
1080.0 95 97
1081.5 145 151
1081.5 145 152
1083.0 122 156
1083.0 122 157
1084.5 90 105
1084.5 90 106
1086.0 132 141
1086.0 132 142
1087.5 100 105
1087.5 100 106
1089.0 49 66
1089.0 49 67
1090.5 130 131
1090.5 130 132
1092.0 164 192
1092.0 164 193
1093.5 118 119
1093.5 119 120
1095.0 170 188
1095.0 170 189
1096.5 165 195
1096.5 165 196
1098.0 58 63
1098.0 58 64
1099.5 83 108
1099.5 83 109
1101.0 169 187
1101.0 169 188
1102.5 7 26
1102.5 7 27
1104.0 16 37
1104.0 17 18
1105.5 88 89
1105.5 88 94
1107.0 58 71
1107.0 58 72
1108.5 167 183
1108.5 167 184
1110.0 167 179
1110.0 167 180
1111.5 42 74
1111.5 42 75
1113.0 122 160
1113.0 123 124
1114.5 165 187
1114.5 165 188
1116.0 46 68
1116.0 46 69
1117.5 4 24
1117.5 4 25
1119.0 166 190
1119.0 166 191
1120.5 14 36
1120.5 14 37
1122.0 87 106
1122.0 87 107
1123.5 85 120
1123.5 86 87
1125.0 9 34
1125.0 9 35
1126.5 169 179
1126.5 169 180
1128.0 195 196
1128.0 196 197
1129.5 12 17
1129.5 12 18
1131.0 91 105
1131.0 91 106
1132.5 53 60
1132.5 53 61
1134.0 175 197
1134.0 176 177
1135.5 50 69
1135.5 50 70
1137.0 9 32
1137.0 9 33
1138.5 49 68
1138.5 49 69
1140.0 62 71
1140.0 62 72
1141.5 173 187
1141.5 173 188
1143.0 21 29
1143.0 21 30
1144.5 45 76
1144.5 45 77
1146.0 116 117
1146.0 117 118
1147.5 93 106
1147.5 93 107
1149.0 135 154
1149.0 135 155
1150.5 124 160
1150.5 125 126
1152.0 127 146
1152.0 127 147
1153.5 125 156
1153.5 125 157
1155.0 137 141
1155.0 137 142
1156.5 10 31
1156.5 10 32
1158.0 130 145
1158.0 130 146
1159.5 3 30
1159.5 3 31
1161.0 15 26
1161.0 15 27
1162.5 49 52
1162.5 49 53
1164.0 145 147
1164.0 145 148
1165.5 8 9
1165.5 8 14
1167.0 163 164
1167.0 163 184
1168.5 57 67
1168.5 57 68
1170.0 20 25
1170.0 20 26
1171.5 52 57
1171.5 52 58
1173.0 170 178
1173.0 170 179
1174.5 96 107
1174.5 96 108
1176.0 10 21
1176.0 10 22
1177.5 133 152
1177.5 133 153
1179.0 172 186
1179.0 172 187
1180.5 86 102
1180.5 86 103
1182.0 9 22
1182.0 9 23
1183.5 89 108
1183.5 89 109
1185.0 101 109
1185.0 101 110
1186.5 167 187
1186.5 167 188
1188.0 114 115
1188.0 115 116
1189.5 129 156
1189.5 129 157
1191.0 178 184
1191.0 178 185
1192.5 135 150
1192.5 135 151
1194.0 25 27
1194.0 25 28
1195.5 143 148
1195.5 143 149
1197.0 46 80
1197.0 47 48
1198.5 125 142
1198.5 125 143
1200.0 137 145
1200.0 137 146
1201.5 127 136
1201.5 127 137
1203.0 166 184
1203.0 166 185
1204.5 83 112
1204.5 83 113
1206.0 168 182
1206.0 168 183
1207.5 18 25
1207.5 18 26
1209.0 168 198
1209.0 168 199
1210.5 64 67
1210.5 64 68
1212.0 185 192
1212.0 186 187
1213.5 9 12
1213.5 9 13
1215.0 142 147
1215.0 142 148
1216.5 52 73
1216.5 52 74
1218.0 38 39
1218.0 39 40
1219.5 170 182
1219.5 170 183
1221.0 43 76
1221.0 43 77
1222.5 22 31
1222.5 22 32
1224.0 23 30
1224.0 23 31
1225.5 58 65
1225.5 58 66
1227.0 90 101
1227.0 90 102
1228.5 58 75
1228.5 58 76
1230.0 134 148
1230.0 134 149
1231.5 174 183
1231.5 174 184
1233.0 161 198
1233.0 161 199
1234.5 53 70
1234.5 53 71
1236.0 178 196
1236.0 179 180
1237.5 174 175
1237.5 174 176
1239.0 24 25
1239.0 24 26
1240.5 174 185
1240.5 174 186
1242.0 45 62
1242.0 45 63
1243.5 169 170
1243.5 169 172
1245.0 59 74
1245.0 59 75
1246.5 131 147
1246.5 131 148
1248.0 173 193
1248.0 173 194
1249.5 130 147
1249.5 130 148
1251.0 59 66
1251.0 59 67
1252.5 139 148
1252.5 139 149
1254.0 132 145
1254.0 132 146
1255.5 163 193
1255.5 163 194
1257.0 141 151
1257.0 141 152
1258.5 101 111
1258.5 101 112
1260.0 65 71
1260.0 65 72
1261.5 10 25
1261.5 10 26
1263.0 107 108
1263.0 107 109
1264.5 51 61
1264.5 51 62
1266.0 7 36
1266.0 7 37
1267.5 167 177
1267.5 167 178
1269.0 135 136
1269.0 135 137
1270.5 52 61
1270.5 52 62
1272.0 55 58
1272.0 55 59
1273.5 166 194
1273.5 166 195
1275.0 123 146
1275.0 123 147
1276.5 48 59
1276.5 48 60
1278.0 170 186
1278.0 170 187
1279.5 56 59
1279.5 56 60
1281.0 132 135
1281.0 132 136
1282.5 99 114
1282.5 99 115
1284.0 171 186
1284.0 171 187
1285.5 91 113
1285.5 91 114
1287.0 129 136
1287.0 129 137
1288.5 172 182
1288.5 172 183
1290.0 11 19
1290.0 11 20
1291.5 48 65
1291.5 48 66
1293.0 14 16
1293.0 14 17
1294.5 166 192
1294.5 166 193
1296.0 88 117
1296.0 88 118
1297.5 18 27
1297.5 18 28
1299.0 173 175
1299.0 173 176
1300.5 168 190
1300.5 168 191
1302.0 12 29
1302.0 12 30
1303.5 144 153
1303.5 145 146
1305.0 6 22
1305.0 6 23
1306.5 129 140
1306.5 129 141
1308.0 90 111
1308.0 90 112
1309.5 103 112
1309.5 103 113
1311.0 145 149
1311.0 145 150
1312.5 88 105
1312.5 88 106
1314.0 168 176
1314.0 168 177
1315.5 24 31
1315.5 24 32
1317.0 104 111
1317.0 104 112
1318.5 182 188
1318.5 182 189
1320.0 9 36
1320.0 9 37
1321.5 171 192
1321.5 171 193
1323.0 136 151
1323.0 136 152
1324.5 93 114
1324.5 93 115
1326.0 94 112
1326.0 94 113
1327.5 57 71
1327.5 57 72
1329.0 160 197
1329.0 160 198
1330.5 87 110
1330.5 87 111
1332.0 8 35
1332.0 8 36
1333.5 139 140
1333.5 139 141
1335.0 53 66
1335.0 53 67
1336.5 91 99
1336.5 91 100
1338.0 96 101
1338.0 96 102
1339.5 7 18
1339.5 7 19
1341.0 13 24
1341.0 13 25
1342.5 129 154
1342.5 129 155
1344.0 53 56
1344.0 53 57
1345.5 93 102
1345.5 93 103
1347.0 14 32
1347.0 14 33
1348.5 105 111
1348.5 105 112
1350.0 6 40
1350.0 7 8
1351.5 46 58
1351.5 46 59
1353.0 0 39
1353.0 0 40
1354.5 46 78
1354.5 46 79
1356.0 105 107
1356.0 105 108
1357.5 163 197
1357.5 163 198
1359.0 168 188
1359.0 168 189
1360.5 94 108
1360.5 94 109
1362.0 170 196
1362.0 170 197
1363.5 169 199
1363.5 170 171
1365.0 92 107
1365.0 92 108
1366.5 11 21
1366.5 11 22
1368.0 162 163
1368.0 162 187
1369.5 19 30
1369.5 19 31
1371.0 68 69
1371.0 68 70
1372.5 131 149
1372.5 131 150
1374.0 81 115
1374.0 81 116
1375.5 26 29
1375.5 26 30
1377.0 41 77
1377.0 41 78
1378.5 86 110
1378.5 86 111
1380.0 171 190
1380.0 171 191
1381.5 12 15
1381.5 12 16
1383.0 43 70
1383.0 43 71
1384.5 126 152
1384.5 126 153
1386.0 81 113
1386.0 81 114
1387.5 8 31
1387.5 8 32
1389.0 170 184
1389.0 170 185
1390.5 130 159
1390.5 131 132
1392.0 147 148
1392.0 147 149
1393.5 59 72
1393.5 59 73
1395.0 16 21
1395.0 16 22
1396.5 176 184
1396.5 176 185
1398.0 178 190
1398.0 178 191
1399.5 90 99
1399.5 90 100
1401.0 147 150
1401.0 147 151
1402.5 135 138
1402.5 135 139
1404.0 82 83
1404.0 82 107
1405.5 87 102
1405.5 87 103
1407.0 184 188
1407.0 184 189
1408.5 135 140
1408.5 135 141
1410.0 94 110
1410.0 94 111
1411.5 10 33
1411.5 10 34
1413.0 59 70
1413.0 59 71
1414.5 165 199
1414.5 166 167
1416.0 2 34
1416.0 2 35
1417.5 20 23
1417.5 20 24
1419.0 139 144
1419.0 139 145
1420.5 47 74
1420.5 47 75
1422.0 14 28
1422.0 14 29
1423.5 60 71
1423.5 60 72
1425.0 1 37
1425.0 1 38
1426.5 58 67
1426.5 58 68
1428.0 3 40
1428.0 4 5
1429.5 148 149
1429.5 148 150
1431.0 175 191
1431.0 175 192
1432.5 96 105
1432.5 96 106
1434.0 128 141
1434.0 128 142
1435.5 177 182
1435.5 177 183
1437.0 89 110
1437.0 89 111
1438.5 16 29
1438.5 16 30
1440.0 183 193
1440.0 184 185
1441.5 3 38
1441.5 3 39
1443.0 42 80
1443.0 43 44
1444.5 64 65
1444.5 64 66
1446.0 163 185
1446.0 163 186
1447.5 131 157
1447.5 131 158
1449.0 144 151
1449.0 144 152
1450.5 127 144
1450.5 127 145
1452.0 140 155
1452.0 141 142
1453.5 6 20
1453.5 6 21
1455.0 130 153
1455.0 130 154
1456.5 56 67
1456.5 56 68
1458.0 5 22
1458.0 5 23
1459.5 128 137
1459.5 128 138
1461.0 180 186
1461.0 180 187
1462.5 161 190
1462.5 161 191
1464.0 87 116
1464.0 87 117
1465.5 140 151
1465.5 140 152
1467.0 169 173
1467.0 169 174
1468.5 51 71
1468.5 51 72
1470.0 59 64
1470.0 59 65
1471.5 48 79
1471.5 49 50
1473.0 167 197
1473.0 167 198
1474.5 46 70
1474.5 46 71
1476.0 174 181
1476.0 174 182
1477.5 84 114
1477.5 84 115
1479.0 7 28
1479.0 7 29
1480.5 19 20
1480.5 19 21
1482.0 63 70
1482.0 63 71
1483.5 48 69
1483.5 48 70
1485.0 177 186
1485.0 177 187
1486.5 21 33
1486.5 21 34
1488.0 176 186
1488.0 176 187
1489.5 61 67
1489.5 61 68
1491.0 91 115
1491.0 91 116
1492.5 44 70
1492.5 44 71
1494.0 55 76
1494.0 55 77
1495.5 13 28
1495.5 13 29
1497.0 128 145
1497.0 128 146
1498.5 60 75
1498.5 61 62
1500.0 45 72
1500.0 45 73
1501.5 135 142
1501.5 135 143
1503.0 95 106
1503.0 95 107
1504.5 22 23
1504.5 22 24
1506.0 99 106
1506.0 99 107
1507.5 13 30
1507.5 13 31
1509.0 19 34
1509.0 19 35
1510.5 138 149
1510.5 138 150
1512.0 10 13
1512.0 10 14
1513.5 14 20
1513.5 14 21
1515.0 123 158
1515.0 123 159
1516.5 174 191
1516.5 174 192
1518.0 89 98
1518.0 89 99
1519.5 87 118
1519.5 87 119
1521.0 48 57
1521.0 48 58
1522.5 101 103
1522.5 101 104
1524.0 62 69
1524.0 62 70
1525.5 156 157
1525.5 157 158
1527.0 93 98
1527.0 93 99
1528.5 182 194
1528.5 183 184
1530.0 3 34
1530.0 3 35
1531.5 180 182
1531.5 180 183
1533.0 10 37
1533.0 10 38
1534.5 170 176
1534.5 170 177
1536.0 162 192
1536.0 162 193
1537.5 172 188
1537.5 172 189
1539.0 46 62
1539.0 46 63
1540.5 181 192
1540.5 181 193
1542.0 41 75
1542.0 41 76
1543.5 47 60
1543.5 47 61
1545.0 85 114
1545.0 85 115
1546.5 128 143
1546.5 128 144
1548.0 7 22
1548.0 7 23
1549.5 131 133
1549.5 131 134
1551.0 13 20
1551.0 13 21
1552.5 20 33
1552.5 20 34
1554.0 180 194
1554.0 180 195
1555.5 127 142
1555.5 127 143
1557.0 134 136
1557.0 134 137
1558.5 92 105
1558.5 92 106
1560.0 6 38
1560.0 6 39
1561.5 170 174
1561.5 170 175
1563.0 0 37
1563.0 0 38
1564.5 19 26
1564.5 19 27
1566.0 181 194
1566.0 182 183
1567.5 88 115
1567.5 88 116
1569.0 134 156
1569.0 134 157
1570.5 28 29
1570.5 28 30
1572.0 52 63
1572.0 52 64
1573.5 83 118
1573.5 83 119
1575.0 136 155
1575.0 136 156
1576.5 2 40
1576.5 3 4
1578.0 83 120
1578.0 84 85
1579.5 170 192
1579.5 170 193
1581.0 143 150
1581.0 143 151
1582.5 86 120
1582.5 87 88
1584.0 43 74
1584.0 43 75
1585.5 164 190
1585.5 164 191
1587.0 17 19
1587.0 17 20
1588.5 19 24
1588.5 19 25
1590.0 15 16
1590.0 15 17
1591.5 133 158
1591.5 134 135
1593.0 131 139
1593.0 131 140
1594.5 26 27
1594.5 26 28
1596.0 42 68
1596.0 42 69
1597.5 44 68
1597.5 44 69
1599.0 126 154
1599.0 126 155
1600.5 164 188
1600.5 164 189
1602.0 52 69
1602.0 52 70
1603.5 96 115
1603.5 96 116
1605.0 138 153
1605.0 138 154
1606.5 45 64
1606.5 45 65
1608.0 162 190
1608.0 162 191
1609.5 138 155
1609.5 138 156
1611.0 46 66
1611.0 46 67
1612.5 85 100
1612.5 85 101
1614.0 44 74
1614.0 44 75
1615.5 91 95
1615.5 91 96
1617.0 178 192
1617.0 178 193
1618.5 177 194
1618.5 177 195
1620.0 122 152
1620.0 122 153
1621.5 133 140
1621.5 133 141
1623.0 92 93
1623.0 92 94
1624.5 98 103
1624.5 98 104
1626.0 176 194
1626.0 176 195
1627.5 17 23
1627.5 17 24
1629.0 97 113
1629.0 97 114
1630.5 1 31
1630.5 1 32
1632.0 167 185
1632.0 167 186
1633.5 133 154
1633.5 133 155
1635.0 78 79
1635.0 79 80
1636.5 126 146
1636.5 126 147
1638.0 55 74
1638.0 55 75
1639.5 57 75
1639.5 57 76
1641.0 128 135
1641.0 128 136
1642.5 50 59
1642.5 50 60
1644.0 180 192
1644.0 180 193
1645.5 11 37
1645.5 11 38
1647.0 85 116
1647.0 85 117
1648.5 19 28
1648.5 19 29
1650.0 46 74
1650.0 46 75
1651.5 48 55
1651.5 48 56
1653.0 92 117
1653.0 92 118
1654.5 84 120
1654.5 85 86
1656.0 53 64
1656.0 53 65
1657.5 124 152
1657.5 124 153
1659.0 50 71
1659.0 50 72
1660.5 165 166
1660.5 165 180
1662.0 132 133
1662.0 132 134
1663.5 11 17
1663.5 11 18
1665.0 63 68
1665.0 63 69
1666.5 47 68
1666.5 47 69
1668.0 85 106
1668.0 85 107
1669.5 0 1
1669.5 0 34
1671.0 160 195
1671.0 160 196
1672.5 6 32
1672.5 6 33
1674.0 178 182
1674.0 178 183
1675.5 179 185
1675.5 179 186
1677.0 58 61
1677.0 58 62
1678.5 88 107
1678.5 88 108
1680.0 173 185
1680.0 173 186
1681.5 98 109
1681.5 98 110
1683.0 130 133
1683.0 130 134
1684.5 47 58
1684.5 47 59
1686.0 3 24
1686.0 3 25
1687.5 125 144
1687.5 125 145
1689.0 168 192
1689.0 168 193
1690.5 49 64
1690.5 49 65
1692.0 5 38
1692.0 5 39
1693.5 15 22
1693.5 15 23
1695.0 94 104
1695.0 94 105
1696.5 135 146
1696.5 135 147
1698.0 48 73
1698.0 48 74
1699.5 21 23
1699.5 21 24
1701.0 179 181
1701.0 179 182
1702.5 56 61
1702.5 56 62
1704.0 182 192
1704.0 182 193
1705.5 90 113
1705.5 90 114
1707.0 141 149
1707.0 141 150
1708.5 40 41
1708.5 40 74
1710.0 12 31
1710.0 12 32
1711.5 48 49
1711.5 48 54
1713.0 51 59
1713.0 51 60
1714.5 142 153
1714.5 142 154
1716.0 14 24
1716.0 14 25
1717.5 138 143
1717.5 138 144
1719.0 4 32
1719.0 4 33
1720.5 13 32
1720.5 13 33
1722.0 120 159
1722.0 120 160
1723.5 10 17
1723.5 10 18
1725.0 49 58
1725.0 49 59
1726.5 84 118
1726.5 84 119
1728.0 83 116
1728.0 83 117
1729.5 99 112
1729.5 99 113
1731.0 80 81
1731.0 80 114
1732.5 134 138
1732.5 134 139
1734.0 161 192
1734.0 161 193
1735.5 19 22
1735.5 19 23
1737.0 139 152
1737.0 139 153
1738.5 193 194
1738.5 194 195
1740.0 130 137
1740.0 130 138
1741.5 54 56
1741.5 54 57
1743.0 47 76
1743.0 47 77
1744.5 92 101
1744.5 92 102
1746.0 49 56
1746.0 49 57
1747.5 94 116
1747.5 94 117
1749.0 187 191
1749.0 188 189
1750.5 100 115
1750.5 101 102
1752.0 89 102
1752.0 89 103
1753.5 133 138
1753.5 133 139
1755.0 58 69
1755.0 58 70
1756.5 165 191
1756.5 165 192
1758.0 66 71
1758.0 66 72
1759.5 177 180
1759.5 177 181
1761.0 168 184
1761.0 168 185
1762.5 133 150
1762.5 133 151
1764.0 49 74
1764.0 49 75
1765.5 169 181
1765.5 169 182
1767.0 57 61
1767.0 57 62
1768.5 167 181
1768.5 167 182
1770.0 83 104
1770.0 83 105
1771.5 107 110
1771.5 107 111
1773.0 54 76
1773.0 54 77
1774.5 51 67
1774.5 51 68
1776.0 18 29
1776.0 18 30
1777.5 94 98
1777.5 94 99
1779.0 12 13
1779.0 12 14
1780.5 172 196
1780.5 172 197
1782.0 146 147
1782.0 146 148
1783.5 53 58
1783.5 53 59
1785.0 44 64
1785.0 44 65
1786.5 42 43
1786.5 42 67
1788.0 9 20
1788.0 9 21
1789.5 164 198
1789.5 164 199
1791.0 59 62
1791.0 59 63
1792.5 175 187
1792.5 175 188
1794.0 133 146
1794.0 133 147
1795.5 166 178
1795.5 166 179
1797.0 95 114
1797.0 95 115
1798.5 122 148
1798.5 122 149
1800.0 168 178
1800.0 168 179
1801.5 165 197
1801.5 165 198
1803.0 123 154
1803.0 123 155
1804.5 83 106
1804.5 83 107
1806.0 132 157
1806.0 132 158
1807.5 91 111
1807.5 91 112
1809.0 98 101
1809.0 98 102
1810.5 85 108
1810.5 85 109
1812.0 125 154
1812.0 125 155
1813.5 129 142
1813.5 129 143
1815.0 102 111
1815.0 102 112
1816.5 46 72
1816.5 46 73
1818.0 103 104
1818.0 103 105
1819.5 22 33
1819.5 22 34
1821.0 50 63
1821.0 50 64
1822.5 16 35
1822.5 16 36
1824.0 7 20
1824.0 7 21
1825.5 61 65
1825.5 61 66
1827.0 100 107
1827.0 100 108
1828.5 121 153
1828.5 121 154
1830.0 90 107
1830.0 90 108
1831.5 93 104
1831.5 93 105
1833.0 102 109
1833.0 102 110
1834.5 88 111
1834.5 88 112
1836.0 12 25
1836.0 12 26
1837.5 146 149
1837.5 146 150
1839.0 92 115
1839.0 92 116
1840.5 128 153
1840.5 128 154
1842.0 121 159
1842.0 121 160
1843.5 50 55
1843.5 50 56
1845.0 44 72
1845.0 44 73
1846.5 176 180
1846.5 176 181
1848.0 7 38
1848.0 7 39
1849.5 1 2
1849.5 1 30
1851.0 92 95
1851.0 92 96
1852.5 5 34
1852.5 5 35
1854.0 60 63
1854.0 60 64
1855.5 106 107
1855.5 106 108
1857.0 124 142
1857.0 124 143
1858.5 123 152
1858.5 123 153
1860.0 98 105
1860.0 98 106
1861.5 172 178
1861.5 172 179
1863.0 167 189
1863.0 167 190
1864.5 90 119
1864.5 91 92
1866.0 2 36
1866.0 2 37
1867.5 179 193
1867.5 179 194
1869.0 167 195
1869.0 167 196
1870.5 185 186
1870.5 185 187
1872.0 105 109
1872.0 105 110
1873.5 89 100
1873.5 89 101
1875.0 133 142
1875.0 133 143
1876.5 53 68
1876.5 53 69
1878.0 183 189
1878.0 183 190
1879.5 9 26
1879.5 9 27
1881.0 43 78
1881.0 43 79
1882.5 126 144
1882.5 126 145
1884.0 84 102
1884.0 84 103
1885.5 92 109
1885.5 92 110
1887.0 9 18
1887.0 9 19
1888.5 94 96
1888.5 94 97
1890.0 92 111
1890.0 92 112
1891.5 53 74
1891.5 53 75
1893.0 104 107
1893.0 104 108
1894.5 2 32
1894.5 2 33
1896.0 8 23
1896.0 8 24
1897.5 166 180
1897.5 166 181
1899.0 138 147
1899.0 138 148
1900.5 177 196
1900.5 178 179
1902.0 86 118
1902.0 86 119
1903.5 171 178
1903.5 171 179
1905.0 6 30
1905.0 6 31
1906.5 52 71
1906.5 52 72
1908.0 24 27
1908.0 24 28
1909.5 49 76
1909.5 49 77
1911.0 50 77
1911.0 50 78
1912.5 65 69
1912.5 65 70
1914.0 5 26
1914.0 5 27
1915.5 62 73
1915.5 62 74
1917.0 36 37
1917.0 37 38
1918.5 167 193
1918.5 167 194
1920.0 160 161
1920.0 160 194
1921.5 100 109
1921.5 100 110
1923.0 173 195
1923.0 173 196
1924.5 171 180
1924.5 171 181
1926.0 82 108
1926.0 82 109
1927.5 171 184
1927.5 171 185
0 51 55
0 51 56
1.5 144 149
1.5 144 150
3.0 93 116
3.0 93 117
4.5 94 100
4.5 94 101
6.0 11 29
6.0 11 30
7.5 163 189
7.5 163 190
9.0 135 144
9.0 135 145
10.5 45 80
10.5 46 47
12.0 1 35
12.0 1 36
13.5 47 72
13.5 47 73
15.0 88 103
15.0 88 104
16.5 51 63
16.5 51 64
18.0 106 109
18.0 106 110
19.5 88 109
19.5 88 110
21.0 17 21
21.0 17 22
22.5 8 17
22.5 8 18
24.0 50 75
24.0 50 76
25.5 104 113
25.5 105 106
27.0 7 30
27.0 7 31
28.5 140 143
28.5 140 144
30.0 13 18
30.0 13 19
31.5 42 76
31.5 42 77
33.0 66 67
33.0 66 68
34.5 61 69
34.5 61 70
36.0 50 65
36.0 50 66
37.5 51 69
37.5 51 70
39.0 55 66
39.0 55 67
40.5 131 137
40.5 131 138
42.0 95 116
42.0 95 117
43.5 25 29
43.5 25 30
45.0 20 29
45.0 20 30
46.5 141 147
46.5 141 148
48.0 11 23
48.0 11 24
49.5 88 119
49.5 89 90
51.0 51 73
51.0 51 74
52.5 124 158
52.5 124 159
54.0 138 141
54.0 138 142
55.5 68 71
55.5 69 70
57.0 127 140
57.0 127 141
58.5 172 192
58.5 172 193
60.0 10 15
60.0 10 16
61.5 52 65
61.5 52 66
63.0 172 180
63.0 172 181
64.5 186 192
64.5 187 188
66.0 5 32
66.0 5 33
67.5 128 157
67.5 128 158
69.0 81 82
69.0 81 110
70.5 150 151
70.5 151 152
72.0 46 60
72.0 46 61
73.5 25 31
73.5 25 32
75.0 56 71
75.0 56 72
76.5 130 141
76.5 130 142
78.0 139 146
78.0 139 147
79.5 123 150
79.5 123 151
81.0 103 108
81.0 103 109
82.5 53 78
82.5 54 55
84.0 86 116
84.0 86 117
85.5 101 105
85.5 101 106
87.0 169 197
87.0 169 198
88.5 88 99
88.5 88 100
90.0 54 70
90.0 54 71
91.5 21 31
91.5 21 32
93.0 50 67
93.0 50 68
94.5 85 104
94.5 85 105
96.0 97 103
96.0 97 104
97.5 49 60
97.5 49 61
99.0 16 23
99.0 16 24
100.5 9 14
100.5 9 15
102.0 2 28
102.0 2 29
103.5 174 189
103.5 174 190
105.0 129 134
105.0 129 135
106.5 100 111
106.5 100 112
108.0 141 153
108.0 141 154
109.5 13 22
109.5 13 23
111.0 23 26
111.0 23 27
112.5 22 29
112.5 22 30
114.0 175 185
114.0 175 186
115.5 89 94
115.5 89 95
117.0 132 139
117.0 132 140
118.5 138 151
118.5 138 152
120.0 140 153
120.0 140 154
121.5 127 158
121.5 127 159
123.0 101 113
123.0 101 114
124.5 124 144
124.5 124 145
126.0 59 60
126.0 59 61
127.5 11 31
127.5 11 32
129.0 48 61
129.0 48 62
130.5 4 30
130.5 4 31
132.0 184 190
132.0 184 191
133.5 49 54
133.5 49 55
135.0 181 190
135.0 181 191
136.5 176 190
136.5 176 191
138.0 178 194
138.0 178 195
139.5 182 186
139.5 182 187
141.0 87 96
141.0 87 97
142.5 13 16
142.5 13 17
144.0 18 31
144.0 18 32
145.5 17 27
145.5 17 28
147.0 168 186
147.0 168 187
148.5 54 58
148.5 54 59
150.0 22 25
150.0 22 26
151.5 167 191
151.5 167 192
153.0 178 180
153.0 178 181
154.5 90 117
154.5 90 118
156.0 131 141
156.0 131 142
157.5 4 38
157.5 4 39
159.0 86 98
159.0 86 99
160.5 54 74
160.5 54 75
162.0 125 146
162.0 125 147
163.5 143 144
163.5 143 145
165.0 15 34
165.0 15 35
166.5 97 107
166.5 97 108
168.0 189 190
168.0 190 191
169.5 61 63
169.5 61 64
171.0 126 148
171.0 126 149
172.5 137 153
172.5 137 154
174.0 96 97
174.0 96 98
175.5 176 196
175.5 176 197
177.0 18 33
177.0 18 34
178.5 20 31
178.5 20 32
180.0 165 181
180.0 165 182
181.5 97 101
181.5 97 102
183.0 81 111
183.0 81 112
184.5 121 151
184.5 121 152
186.0 134 146
186.0 134 147
187.5 108 109
187.5 108 110
189.0 129 158
189.0 129 159
190.5 88 95
190.5 88 96
192.0 170 172
192.0 170 173
193.5 97 111
193.5 97 112
195.0 197 198
195.0 198 199
196.5 179 183
196.5 179 184
198.0 110 111
198.0 111 112
199.5 100 103
199.5 100 104
201.0 21 25
201.0 21 26
202.5 171 182
202.5 171 183
204.0 93 100
204.0 93 101
205.5 173 183
205.5 173 184
207.0 128 151
207.0 128 152
208.5 123 144
208.5 123 145
210.0 184 186
210.0 184 187
211.5 49 72
211.5 49 73
213.0 80 117
213.0 80 118
214.5 181 186
214.5 181 187
216.0 54 66
216.0 54 67
217.5 165 185
217.5 165 186
219.0 131 151
219.0 131 152
220.5 7 24
220.5 7 25
222.0 47 56
222.0 47 57
223.5 97 105
223.5 97 106
225.0 136 153
225.0 136 154
226.5 92 113
226.5 92 114
228.0 170 198
228.0 170 199
229.5 173 191
229.5 173 192
231.0 7 34
231.0 7 35
232.5 174 179
232.5 174 180
234.0 4 26
234.0 4 27
235.5 12 35
235.5 12 36
237.0 58 59
237.0 58 60
238.5 102 107
238.5 102 108
240.0 103 106
240.0 103 107
241.5 61 71
241.5 61 72
243.0 63 72
243.0 63 73
244.5 132 147
244.5 132 148
246.0 96 111
246.0 96 112
247.5 47 78
247.5 47 79
249.0 168 180
249.0 168 181
250.5 50 73
250.5 50 74
252.0 57 59
252.0 57 60
253.5 160 199
253.5 161 162
255.0 4 22
255.0 4 23
256.5 11 35
256.5 11 36
258.0 137 139
258.0 137 140
259.5 12 19
259.5 12 20
261.0 181 182
261.0 181 183
262.5 95 98
262.5 95 99
264.0 173 177
264.0 173 178
265.5 60 73
265.5 60 74
267.0 98 99
267.0 98 100
268.5 95 104
268.5 95 105
270.0 128 139
270.0 128 140
271.5 89 114
271.5 89 115
273.0 55 62
273.0 55 63
274.5 137 147
274.5 137 148
276.0 180 184
276.0 180 185
277.5 98 111
277.5 98 112
279.0 7 16
279.0 7 17
280.5 83 110
280.5 83 111
282.0 124 156
282.0 124 157
283.5 42 72
283.5 42 73
285.0 10 35
285.0 10 36
286.5 54 64
286.5 54 65
288.0 2 38
288.0 2 39
289.5 10 19
289.5 10 20
291.0 54 72
291.0 54 73
292.5 166 186
292.5 166 187
294.0 131 153
294.0 131 154
295.5 60 61
295.5 60 62
297.0 166 196
297.0 166 197
298.5 87 98
298.5 87 99
300.0 42 78
300.0 42 79
301.5 67 68
301.5 67 69
303.0 91 97
303.0 91 98
304.5 126 142
304.5 126 143
306.0 133 148
306.0 133 149
307.5 6 18
307.5 6 19
309.0 132 137
309.0 132 138
310.5 167 168
310.5 167 176
312.0 99 104
312.0 99 105
313.5 183 185
313.5 183 186
315.0 177 190
315.0 177 191
316.5 3 32
316.5 3 33
318.0 134 152
318.0 134 153
319.5 11 25
319.5 11 26
321.0 124 146
321.0 124 147
322.5 169 191
322.5 169 192
324.0 93 112
324.0 93 113
325.5 86 104
325.5 86 105
327.0 11 33
327.0 11 34
328.5 96 99
328.5 96 100
330.0 52 55
330.0 52 56
331.5 6 34
331.5 6 35
333.0 13 34
333.0 13 35
334.5 162 188
334.5 162 189
336.0 48 75
336.0 48 76
337.5 55 60
337.5 55 61
339.0 171 172
339.0 171 173
340.5 5 24
340.5 5 25
342.0 10 29
342.0 10 30
343.5 50 61
343.5 50 62
345.0 17 25
345.0 17 26
346.5 15 30
346.5 15 31
348.0 82 120
348.0 83 84
349.5 47 66
349.5 47 67
351.0 133 156
351.0 133 157
352.5 95 102
352.5 95 103
354.0 40 79
354.0 40 80
355.5 22 27
355.5 22 28
357.0 8 39
357.0 9 10
358.5 93 118
358.5 94 95
360.0 59 68
360.0 59 69
361.5 124 154
361.5 124 155
363.0 124 148
363.0 124 149
364.5 125 158
364.5 125 159
366.0 41 79
366.0 41 80
367.5 8 29
367.5 8 30
369.0 81 119
369.0 81 120
370.5 72 73
370.5 73 74
372.0 62 65
372.0 62 66
373.5 43 68
373.5 43 69
375.0 14 22
375.0 14 23
376.5 56 73
376.5 56 74
378.0 158 159
378.0 159 160
379.5 90 115
379.5 90 116
381.0 144 145
381.0 144 146
382.5 132 149
382.5 132 150
384.0 45 68
384.0 45 69
385.5 139 150
385.5 139 151
387.0 89 96
387.0 89 97
388.5 129 138
388.5 129 139
390.0 132 155
390.0 132 156
391.5 16 19
391.5 16 20
393.0 47 70
393.0 47 71
394.5 4 40
394.5 5 6
396.0 123 156
396.0 123 157
397.5 164 186
397.5 164 187
399.0 3 36
399.0 3 37
400.5 85 102
400.5 85 103
402.0 121 155
402.0 121 156
403.5 175 181
403.5 175 182
405.0 53 54
405.0 53 55
406.5 57 73
406.5 57 74
408.0 169 189
408.0 169 190
409.5 102 103
409.5 102 104
411.0 19 32
411.0 19 33
412.5 55 64
412.5 55 65
414.0 181 184
414.0 181 185
415.5 76 77
415.5 77 78
417.0 163 187
417.0 163 188
418.5 51 53
418.5 51 54
420.0 154 155
420.0 155 156
421.5 51 57
421.5 51 58
423.0 129 152
423.0 129 153
424.5 17 33
424.5 17 34
426.0 6 26
426.0 6 27
427.5 131 145
427.5 131 146
429.0 48 71
429.0 48 72
430.5 95 110
430.5 95 111
432.0 134 142
432.0 134 143
433.5 186 190
433.5 186 191
435.0 122 158
435.0 122 159
436.5 94 102
436.5 94 103
438.0 128 155
438.0 128 156
439.5 3 28
439.5 3 29
441.0 13 36
441.0 13 37
442.5 81 117
442.5 81 118
444.0 41 73
444.0 41 74
445.5 91 93
445.5 91 94
447.0 5 28
447.0 5 29
448.5 177 192
448.5 177 193
450.0 165 193
450.0 165 194
451.5 130 149
451.5 130 150
453.0 127 150
453.0 127 151
454.5 130 139
454.5 130 140
456.0 50 53
456.0 50 54
457.5 15 32
457.5 15 33
459.0 96 103
459.0 96 104
460.5 166 182
460.5 166 183
462.0 85 112
462.0 85 113
463.5 95 108
463.5 95 109
465.0 187 189
465.0 187 190
466.5 82 116
466.5 82 117
468.0 175 189
468.0 175 190
469.5 91 117
469.5 91 118
471.0 96 117
471.0 97 98
472.5 162 196
472.5 162 197
474.0 146 151
474.0 146 152
475.5 136 141
475.5 136 142
477.0 168 196
477.0 168 197
478.5 56 63
478.5 56 64
480.0 4 28
480.0 4 29
481.5 18 35
481.5 18 36
483.0 16 25
483.0 16 26
484.5 53 62
484.5 53 63
486.0 169 193
486.0 169 194
487.5 167 199
487.5 168 169
489.0 58 73
489.0 58 74
490.5 99 100
490.5 99 101
492.0 67 70
492.0 67 71
493.5 183 187
493.5 183 188
495.0 129 148
495.0 129 149
496.5 20 21
496.5 20 22
498.0 63 64
498.0 63 65
499.5 34 35
499.5 35 36
501.0 4 36
501.0 4 37
502.5 10 23
502.5 10 24
504.0 56 69
504.0 56 70
505.5 140 145
505.5 140 146
507.0 165 183
507.0 165 184
508.5 86 100
508.5 86 101
510.0 82 112
510.0 82 113
511.5 133 134
511.5 133 135
513.0 121 157
513.0 121 158
514.5 70 71
514.5 71 72
516.0 122 123
516.0 122 147
517.5 1 33
517.5 1 34
519.0 50 51
519.0 50 52
520.5 140 149
520.5 140 150
522.0 123 148
522.0 123 149
523.5 45 70
523.5 45 71
525.0 83 114
525.0 83 115
526.5 18 19
526.5 18 20
528.0 51 75
528.0 51 76
529.5 168 174
529.5 168 175
531.0 63 66
531.0 63 67
532.5 141 143
532.5 141 144
534.0 120 155
534.0 120 156
535.5 174 195
535.5 174 196
537.0 122 154
537.0 122 155
538.5 43 72
538.5 43 73
540.0 8 33
540.0 8 34
541.5 85 118
541.5 85 119
543.0 74 75
543.0 75 76
544.5 173 179
544.5 173 180
546.0 64 69
546.0 64 70
547.5 44 66
547.5 44 67
549.0 48 63
549.0 48 64
550.5 126 156
550.5 126 157
552.0 52 75
552.0 52 76
553.5 144 147
553.5 144 148
555.0 91 101
555.0 91 102
556.5 185 188
556.5 185 189
558.0 171 174
558.0 171 175
559.5 129 150
559.5 129 151
561.0 134 144
561.0 134 145
562.5 57 69
562.5 57 70
564.0 133 144
564.0 133 145
565.5 172 190
565.5 172 191
567.0 163 199
567.0 164 165
568.5 5 20
568.5 5 21
570.0 176 192
570.0 176 193
571.5 131 143
571.5 131 144
573.0 138 145
573.0 138 146
574.5 137 149
574.5 137 150
576.0 136 143
576.0 136 144
577.5 133 136
577.5 133 137
579.0 11 13
579.0 11 14
580.5 175 177
580.5 175 178
582.0 12 23
582.0 12 24
583.5 8 25
583.5 8 26
585.0 97 115
585.0 97 116
586.5 176 182
586.5 176 183
588.0 13 38
588.0 14 15
589.5 163 195
589.5 163 196
591.0 54 68
591.0 54 69
592.5 9 30
592.5 9 31
594.0 43 80
594.0 44 45
595.5 182 184
595.5 182 185
597.0 180 190
597.0 180 191
598.5 176 188
598.5 176 189
600.0 128 159
600.0 129 130
601.5 14 18
601.5 14 19
603.0 131 155
603.0 131 156
604.5 171 194
604.5 171 195
606.0 178 186
606.0 178 187
607.5 92 103
607.5 92 104
609.0 15 36
609.0 15 37
610.5 126 140
610.5 126 141
612.0 143 146
612.0 143 147
613.5 140 147
613.5 140 148
615.0 125 150
615.0 125 151
616.5 179 195
616.5 180 181
618.0 12 37
618.0 12 38
619.5 98 115
619.5 98 116
621.0 121 122
621.0 121 150
622.5 180 188
622.5 180 189
624.0 127 156
624.0 127 157
625.5 172 198
625.5 173 174
627.0 53 76
627.0 53 77
628.5 8 27
628.5 8 28
630.0 82 110
630.0 82 111
631.5 30 31
631.5 31 32
633.0 134 140
633.0 134 141
634.5 27 28
634.5 27 29
636.0 93 94
636.0 93 95
637.5 140 141
637.5 140 142
639.0 8 19
639.0 8 20
640.5 169 195
640.5 169 196
642.0 127 148
642.0 127 149
643.5 9 16
643.5 9 17
645.0 24 33
645.0 25 26
646.5 127 152
646.5 127 153
648.0 179 187
648.0 179 188
649.5 90 91
649.5 90 92
651.0 42 70
651.0 42 71
652.5 49 62
652.5 49 63
654.0 0 35
654.0 0 36
655.5 92 99
655.5 92 100
657.0 27 30
657.0 27 31
658.5 57 63
658.5 57 64
660.0 8 15
660.0 8 16
661.5 179 191
661.5 179 192
663.0 21 27
663.0 21 28
664.5 94 106
664.5 94 107
666.0 191 192
666.0 192 193
667.5 112 113
667.5 113 114
669.0 184 192
669.0 184 193
670.5 106 111
670.5 106 112
672.0 173 181
672.0 173 182
673.5 2 3
673.5 2 27
675.0 43 64
675.0 43 65
676.5 17 31
676.5 17 32
678.0 142 149
678.0 142 150
679.5 84 104
679.5 84 105
681.0 99 108
681.0 99 109
682.5 87 104
682.5 87 105
684.0 90 103
684.0 90 104
685.5 56 57
685.5 56 58
687.0 169 183
687.0 169 184
688.5 56 75
688.5 56 76
690.0 5 36
690.0 5 37
691.5 124 150
691.5 124 151
693.0 92 97
693.0 92 98
694.5 23 24
694.5 23 25
696.0 85 110
696.0 85 111
697.5 91 103
697.5 91 104
699.0 51 77
699.0 51 78
700.5 135 152
700.5 135 153
702.0 172 174
702.0 172 175
703.5 93 108
703.5 93 109
705.0 6 28
705.0 6 29
706.5 54 60
706.5 54 61
708.0 6 24
708.0 6 25
709.5 48 77
709.5 48 78
711.0 12 21
711.0 12 22
712.5 127 154
712.5 127 155
714.0 90 97
714.0 90 98
715.5 168 194
715.5 168 195
717.0 88 113
717.0 88 114
718.5 60 69
718.5 60 70
720.0 103 110
720.0 103 111
721.5 148 151
721.5 149 150
723.0 45 66
723.0 45 67
724.5 129 144
724.5 129 145
726.0 17 35
726.0 17 36
727.5 50 57
727.5 50 58
729.0 137 151
729.0 137 152
730.5 136 145
730.5 136 146
732.0 128 129
732.0 128 134
733.5 15 28
733.5 15 29
735.0 142 151
735.0 142 152
736.5 94 114
736.5 94 115
738.0 55 72
738.0 55 73
739.5 52 67
739.5 52 68
741.0 185 190
741.0 185 191
742.5 7 32
742.5 7 33
744.0 89 112
744.0 89 113
745.5 45 78
745.5 45 79
747.0 104 105
747.0 104 106
748.5 129 132
748.5 129 133
750.0 13 26
750.0 13 27
751.5 126 158
751.5 126 159
753.0 176 178
753.0 176 179
754.5 60 67
754.5 60 68
756.0 125 140
756.0 125 141
757.5 130 155
757.5 130 156
759.0 6 36
759.0 6 37
760.5 44 62
760.5 44 63
762.0 131 135
762.0 131 136
763.5 18 21
763.5 18 22
765.0 50 79
765.0 51 52
766.5 65 67
766.5 65 68
768.0 12 33
768.0 12 34
769.5 174 187
769.5 174 188
771.0 164 184
771.0 164 185
772.5 9 24
772.5 9 25
774.0 161 196
774.0 161 197
775.5 136 147
775.5 136 148
777.0 14 34
777.0 14 35
778.5 138 139
778.5 138 140
780.0 57 65
780.0 57 66
781.5 171 198
781.5 172 173
783.0 84 116
783.0 84 117
784.5 123 160
784.5 124 125
786.0 139 142
786.0 139 143
787.5 178 188
787.5 178 189
789.0 90 93
789.0 90 94
790.5 20 27
790.5 20 28
792.0 45 74
792.0 45 75
793.5 16 17
793.5 16 18
795.0 10 39
795.0 11 12
796.5 175 183
796.5 175 184
798.0 61 73
798.0 61 74
799.5 55 68
799.5 55 69
801.0 52 53
801.0 52 54
802.5 93 96
802.5 93 97
804.0 16 27
804.0 16 28
805.5 100 113
805.5 100 114
807.0 87 108
807.0 87 109
808.5 43 66
808.5 43 67
810.0 96 113
810.0 96 114
811.5 44 76
811.5 44 77
813.0 164 194
813.0 164 195
814.5 136 149
814.5 136 150
816.0 130 135
816.0 130 136
817.5 166 198
817.5 166 199
819.0 169 185
819.0 169 186
820.5 170 194
820.5 170 195
822.0 84 108
822.0 84 109
823.5 174 177
823.5 174 178
825.0 175 193
825.0 175 194
826.5 1 39
826.5 1 40
828.0 101 107
828.0 101 108
829.5 48 67
829.5 48 68
831.0 171 196
831.0 171 197
832.5 53 72
832.5 53 73
834.0 8 21
834.0 8 22
835.5 23 28
835.5 23 29
837.0 98 113
837.0 98 114
838.5 26 31
838.5 26 32
840.0 4 34
840.0 4 35
841.5 122 150
841.5 122 151
843.0 171 188
843.0 171 189
844.5 24 29
844.5 24 30
846.0 127 138
846.0 127 139
847.5 142 143
847.5 142 144
849.0 100 101
849.0 100 102
850.5 181 188
850.5 181 189
852.0 136 137
852.0 136 138
853.5 90 95
853.5 90 96
855.0 17 29
855.0 17 30
856.5 49 70
856.5 49 71
858.0 128 149
858.0 128 150
859.5 56 77
859.5 57 58
861.0 44 80
861.0 45 46
862.5 135 156
862.5 135 157
864.0 129 146
864.0 129 147
865.5 62 67
865.5 62 68
867.0 120 157
867.0 120 158
868.5 86 108
868.5 86 109
870.0 64 71
870.0 64 72
871.5 170 180
871.5 170 181
873.0 137 155
873.0 137 156
874.5 2 30
874.5 2 31
876.0 125 148
876.0 125 149
877.5 173 189
877.5 173 190
879.0 132 151
879.0 132 152
880.5 15 24
880.5 15 25
882.0 174 197
882.0 175 176
883.5 84 112
883.5 84 113
885.0 87 114
885.0 87 115
886.5 137 143
886.5 137 144
888.0 55 70
888.0 55 71
889.5 102 105
889.5 102 106
891.0 95 112
891.0 95 113
892.5 40 75
892.5 40 76
894.0 82 114
894.0 82 115
895.5 171 176
895.5 171 177
897.0 120 121
897.0 120 154
898.5 28 31
898.5 29 30
900.0 136 139
900.0 136 140
901.5 126 138
901.5 126 139
903.0 89 92
903.0 89 93
904.5 126 160
904.5 127 128
906.0 40 77
906.0 40 78
907.5 162 198
907.5 162 199
909.0 47 64
909.0 47 65
910.5 9 28
910.5 9 29
912.0 170 190
912.0 170 191
913.5 60 65
913.5 60 66
915.0 99 110
915.0 99 111
916.5 188 190
916.5 188 191
918.0 90 109
918.0 90 110
919.5 164 182
919.5 164 183
921.0 66 69
921.0 66 70
922.5 169 175
922.5 169 176
924.0 97 109
924.0 97 110
925.5 125 152
925.5 125 153
927.0 139 154
927.0 139 155
928.5 49 78
928.5 49 79
930.0 132 153
930.0 132 154
931.5 14 30
931.5 14 31
933.0 11 15
933.0 11 16
934.5 135 148
934.5 135 149
936.0 136 157
936.0 137 138
937.5 3 26
937.5 3 27
939.0 165 189
939.0 165 190
940.5 62 63
940.5 62 64
942.0 41 71
942.0 41 72
943.5 177 178
943.5 177 179
945.0 89 104
945.0 89 105
946.5 15 20
946.5 15 21
948.0 102 113
948.0 102 114
949.5 45 60
949.5 45 61
951.0 163 191
951.0 163 192
952.5 55 56
952.5 55 57
954.0 93 110
954.0 93 111
955.5 87 112
955.5 87 113
957.0 172 176
957.0 172 177
958.5 47 62
958.5 47 63
960.0 10 11
960.0 10 12
961.5 95 100
961.5 95 101
963.0 88 101
963.0 88 102
964.5 174 193
964.5 174 194
966.0 8 37
966.0 8 38
967.5 173 197
967.5 173 198
969.0 130 151
969.0 130 152
970.5 177 184
970.5 177 185
972.0 5 30
972.0 5 31
973.5 11 27
973.5 11 28
975.0 12 27
975.0 12 28
976.5 172 194
976.5 172 195
978.0 87 100
978.0 87 101
979.5 84 110
979.5 84 111
981.0 86 112
981.0 86 113
982.5 44 78
982.5 44 79
984.0 89 118
984.0 89 119
985.5 143 152
985.5 143 153
987.0 46 76
987.0 46 77
988.5 9 38
988.5 9 39
990.0 88 97
990.0 88 98
991.5 166 188
991.5 166 189
993.0 162 194
993.0 162 195
994.5 142 145
994.5 142 146
996.0 54 62
996.0 54 63
997.5 23 32
997.5 23 33
999.0 175 195
999.0 175 196
1000.5 10 27
1000.5 10 28
1002.0 126 150
1002.0 126 151
1003.5 96 109
1003.5 96 110
1005.0 56 65
1005.0 56 66
1006.5 172 184
1006.5 172 185
1008.0 97 99
1008.0 97 100
1009.5 98 107
1009.5 98 108
1011.0 32 33
1011.0 33 34
1012.5 64 73
1012.5 65 66
1014.0 175 179
1014.0 175 180
1015.5 104 109
1015.5 104 110
1017.0 80 119
1017.0 80 120
1018.5 13 14
1018.5 13 15
1020.0 128 147
1020.0 128 148
1021.5 16 31
1021.5 16 32
1023.0 80 115
1023.0 80 116
1024.5 89 116
1024.5 89 117
1026.0 186 188
1026.0 186 189
1027.5 132 143
1027.5 132 144
1029.0 86 106
1029.0 86 107
1030.5 169 177
1030.5 169 178
1032.0 125 160
1032.0 126 127
1033.5 84 106
1033.5 84 107
1035.0 91 107
1035.0 91 108
1036.5 91 109
1036.5 91 110
1038.0 86 114
1038.0 86 115
1039.5 51 65
1039.5 51 66
1041.0 164 196
1041.0 164 197
1042.5 16 33
1042.5 16 34
1044.0 46 64
1044.0 46 65
1045.5 18 23
1045.5 18 24
1047.0 134 154
1047.0 134 155
1048.5 182 190
1048.5 182 191
1050.0 41 42
1050.0 41 70
1051.5 99 102
1051.5 99 103
1053.0 134 150
1053.0 134 151
1054.5 152 153
1054.5 153 154
1056.0 179 189
1056.0 179 190
1057.5 82 118
1057.5 82 119
1059.0 20 35
1059.0 21 22
1060.5 108 111
1060.5 109 110
1062.0 52 77
1062.0 52 78
1063.5 52 59
1063.5 52 60
1065.0 130 143
1065.0 130 144
1066.5 14 26
1066.5 14 27
1068.0 5 40
1068.0 6 7
1069.5 89 106
1069.5 89 107
1071.0 177 188
1071.0 177 189
1072.5 141 145
1072.5 141 146
1074.0 15 18
1074.0 15 19
1075.5 130 157
1075.5 130 158
1077.0 183 191
1077.0 183 192
1078.5 161 194
1078.5 161 195
1080.0 95 96
1080.0 95 97
1081.5 145 151
1081.5 145 152
1083.0 122 156
1083.0 122 157
1084.5 90 105
1084.5 90 106
1086.0 132 141
1086.0 132 142
1087.5 100 105
1087.5 100 106
1089.0 49 66
1089.0 49 67
1090.5 130 131
1090.5 130 132
1092.0 164 192
1092.0 164 193
1093.5 118 119
1093.5 119 120
1095.0 170 188
1095.0 170 189
1096.5 165 195
1096.5 165 196
1098.0 58 63
1098.0 58 64
1099.5 83 108
1099.5 83 109
1101.0 169 187
1101.0 169 188
1102.5 7 26
1102.5 7 27
1104.0 16 37
1104.0 17 18
1105.5 88 89
1105.5 88 94
1107.0 58 71
1107.0 58 72
1108.5 167 183
1108.5 167 184
1110.0 167 179
1110.0 167 180
1111.5 42 74
1111.5 42 75
1113.0 122 160
1113.0 123 124
1114.5 165 187
1114.5 165 188
1116.0 46 68
1116.0 46 69
1117.5 4 24
1117.5 4 25
1119.0 166 190
1119.0 166 191
1120.5 14 36
1120.5 14 37
1122.0 87 106
1122.0 87 107
1123.5 85 120
1123.5 86 87
1125.0 9 34
1125.0 9 35
1126.5 169 179
1126.5 169 180
1128.0 195 196
1128.0 196 197
1129.5 12 17
1129.5 12 18
1131.0 91 105
1131.0 91 106
1132.5 53 60
1132.5 53 61
1134.0 175 197
1134.0 176 177
1135.5 50 69
1135.5 50 70
1137.0 9 32
1137.0 9 33
1138.5 49 68
1138.5 49 69
1140.0 62 71
1140.0 62 72
1141.5 173 187
1141.5 173 188
1143.0 21 29
1143.0 21 30
1144.5 45 76
1144.5 45 77
1146.0 116 117
1146.0 117 118
1147.5 93 106
1147.5 93 107
1149.0 135 154
1149.0 135 155
1150.5 124 160
1150.5 125 126
1152.0 127 146
1152.0 127 147
1153.5 125 156
1153.5 125 157
1155.0 137 141
1155.0 137 142
1156.5 10 31
1156.5 10 32
1158.0 130 145
1158.0 130 146
1159.5 3 30
1159.5 3 31
1161.0 15 26
1161.0 15 27
1162.5 49 52
1162.5 49 53
1164.0 145 147
1164.0 145 148
1165.5 8 9
1165.5 8 14
1167.0 163 164
1167.0 163 184
1168.5 57 67
1168.5 57 68
1170.0 20 25
1170.0 20 26
1171.5 52 57
1171.5 52 58
1173.0 170 178
1173.0 170 179
1174.5 96 107
1174.5 96 108
1176.0 10 21
1176.0 10 22
1177.5 133 152
1177.5 133 153
1179.0 172 186
1179.0 172 187
1180.5 86 102
1180.5 86 103
1182.0 9 22
1182.0 9 23
1183.5 89 108
1183.5 89 109
1185.0 101 109
1185.0 101 110
1186.5 167 187
1186.5 167 188
1188.0 114 115
1188.0 115 116
1189.5 129 156
1189.5 129 157
1191.0 178 184
1191.0 178 185
1192.5 135 150
1192.5 135 151
1194.0 25 27
1194.0 25 28
1195.5 143 148
1195.5 143 149
1197.0 46 80
1197.0 47 48
1198.5 125 142
1198.5 125 143
1200.0 137 145
1200.0 137 146
1201.5 127 136
1201.5 127 137
1203.0 166 184
1203.0 166 185
1204.5 83 112
1204.5 83 113
1206.0 168 182
1206.0 168 183
1207.5 18 25
1207.5 18 26
1209.0 168 198
1209.0 168 199
1210.5 64 67
1210.5 64 68
1212.0 185 192
1212.0 186 187
1213.5 9 12
1213.5 9 13
1215.0 142 147
1215.0 142 148
1216.5 52 73
1216.5 52 74
1218.0 38 39
1218.0 39 40
1219.5 170 182
1219.5 170 183
1221.0 43 76
1221.0 43 77
1222.5 22 31
1222.5 22 32
1224.0 23 30
1224.0 23 31
1225.5 58 65
1225.5 58 66
1227.0 90 101
1227.0 90 102
1228.5 58 75
1228.5 58 76
1230.0 134 148
1230.0 134 149
1231.5 174 183
1231.5 174 184
1233.0 161 198
1233.0 161 199
1234.5 53 70
1234.5 53 71
1236.0 178 196
1236.0 179 180
1237.5 174 175
1237.5 174 176
1239.0 24 25
1239.0 24 26
1240.5 174 185
1240.5 174 186
1242.0 45 62
1242.0 45 63
1243.5 169 170
1243.5 169 172
1245.0 59 74
1245.0 59 75
1246.5 131 147
1246.5 131 148
1248.0 173 193
1248.0 173 194
1249.5 130 147
1249.5 130 148
1251.0 59 66
1251.0 59 67
1252.5 139 148
1252.5 139 149
1254.0 132 145
1254.0 132 146
1255.5 163 193
1255.5 163 194
1257.0 141 151
1257.0 141 152
1258.5 101 111
1258.5 101 112
1260.0 65 71
1260.0 65 72
1261.5 10 25
1261.5 10 26
1263.0 107 108
1263.0 107 109
1264.5 51 61
1264.5 51 62
1266.0 7 36
1266.0 7 37
1267.5 167 177
1267.5 167 178
1269.0 135 136
1269.0 135 137
1270.5 52 61
1270.5 52 62
1272.0 55 58
1272.0 55 59
1273.5 166 194
1273.5 166 195
1275.0 123 146
1275.0 123 147
1276.5 48 59
1276.5 48 60
1278.0 170 186
1278.0 170 187
1279.5 56 59
1279.5 56 60
1281.0 132 135
1281.0 132 136
1282.5 99 114
1282.5 99 115
1284.0 171 186
1284.0 171 187
1285.5 91 113
1285.5 91 114
1287.0 129 136
1287.0 129 137
1288.5 172 182
1288.5 172 183
1290.0 11 19
1290.0 11 20
1291.5 48 65
1291.5 48 66
1293.0 14 16
1293.0 14 17
1294.5 166 192
1294.5 166 193
1296.0 88 117
1296.0 88 118
1297.5 18 27
1297.5 18 28
1299.0 173 175
1299.0 173 176
1300.5 168 190
1300.5 168 191
1302.0 12 29
1302.0 12 30
1303.5 144 153
1303.5 145 146
1305.0 6 22
1305.0 6 23
1306.5 129 140
1306.5 129 141
1308.0 90 111
1308.0 90 112
1309.5 103 112
1309.5 103 113
1311.0 145 149
1311.0 145 150
1312.5 88 105
1312.5 88 106
1314.0 168 176
1314.0 168 177
1315.5 24 31
1315.5 24 32
1317.0 104 111
1317.0 104 112
1318.5 182 188
1318.5 182 189
1320.0 9 36
1320.0 9 37
1321.5 171 192
1321.5 171 193
1323.0 136 151
1323.0 136 152
1324.5 93 114
1324.5 93 115
1326.0 94 112
1326.0 94 113
1327.5 57 71
1327.5 57 72
1329.0 160 197
1329.0 160 198
1330.5 87 110
1330.5 87 111
1332.0 8 35
1332.0 8 36
1333.5 139 140
1333.5 139 141
1335.0 53 66
1335.0 53 67
1336.5 91 99
1336.5 91 100
1338.0 96 101
1338.0 96 102
1339.5 7 18
1339.5 7 19
1341.0 13 24
1341.0 13 25
1342.5 129 154
1342.5 129 155
1344.0 53 56
1344.0 53 57
1345.5 93 102
1345.5 93 103
1347.0 14 32
1347.0 14 33
1348.5 105 111
1348.5 105 112
1350.0 6 40
1350.0 7 8
1351.5 46 58
1351.5 46 59
1353.0 0 39
1353.0 0 40
1354.5 46 78
1354.5 46 79
1356.0 105 107
1356.0 105 108
1357.5 163 197
1357.5 163 198
1359.0 168 188
1359.0 168 189
1360.5 94 108
1360.5 94 109
1362.0 170 196
1362.0 170 197
1363.5 169 199
1363.5 170 171
1365.0 92 107
1365.0 92 108
1366.5 11 21
1366.5 11 22
1368.0 162 163
1368.0 162 187
1369.5 19 30
1369.5 19 31
1371.0 68 69
1371.0 68 70
1372.5 131 149
1372.5 131 150
1374.0 81 115
1374.0 81 116
1375.5 26 29
1375.5 26 30
1377.0 41 77
1377.0 41 78
1378.5 86 110
1378.5 86 111
1380.0 171 190
1380.0 171 191
1381.5 12 15
1381.5 12 16
1383.0 43 70
1383.0 43 71
1384.5 126 152
1384.5 126 153
1386.0 81 113
1386.0 81 114
1387.5 8 31
1387.5 8 32
1389.0 170 184
1389.0 170 185
1390.5 130 159
1390.5 131 132
1392.0 147 148
1392.0 147 149
1393.5 59 72
1393.5 59 73
1395.0 16 21
1395.0 16 22
1396.5 176 184
1396.5 176 185
1398.0 178 190
1398.0 178 191
1399.5 90 99
1399.5 90 100
1401.0 147 150
1401.0 147 151
1402.5 135 138
1402.5 135 139
1404.0 82 83
1404.0 82 107
1405.5 87 102
1405.5 87 103
1407.0 184 188
1407.0 184 189
1408.5 135 140
1408.5 135 141
1410.0 94 110
1410.0 94 111
1411.5 10 33
1411.5 10 34
1413.0 59 70
1413.0 59 71
1414.5 165 199
1414.5 166 167
1416.0 2 34
1416.0 2 35
1417.5 20 23
1417.5 20 24
1419.0 139 144
1419.0 139 145
1420.5 47 74
1420.5 47 75
1422.0 14 28
1422.0 14 29
1423.5 60 71
1423.5 60 72
1425.0 1 37
1425.0 1 38
1426.5 58 67
1426.5 58 68
1428.0 3 40
1428.0 4 5
1429.5 148 149
1429.5 148 150
1431.0 175 191
1431.0 175 192
1432.5 96 105
1432.5 96 106
1434.0 128 141
1434.0 128 142
1435.5 177 182
1435.5 177 183
1437.0 89 110
1437.0 89 111
1438.5 16 29
1438.5 16 30
1440.0 183 193
1440.0 184 185
1441.5 3 38
1441.5 3 39
1443.0 42 80
1443.0 43 44
1444.5 64 65
1444.5 64 66
1446.0 163 185
1446.0 163 186
1447.5 131 157
1447.5 131 158
1449.0 144 151
1449.0 144 152
1450.5 127 144
1450.5 127 145
1452.0 140 155
1452.0 141 142
1453.5 6 20
1453.5 6 21
1455.0 130 153
1455.0 130 154
1456.5 56 67
1456.5 56 68
1458.0 5 22
1458.0 5 23
1459.5 128 137
1459.5 128 138
1461.0 180 186
1461.0 180 187
1462.5 161 190
1462.5 161 191
1464.0 87 116
1464.0 87 117
1465.5 140 151
1465.5 140 152
1467.0 169 173
1467.0 169 174
1468.5 51 71
1468.5 51 72
1470.0 59 64
1470.0 59 65
1471.5 48 79
1471.5 49 50
1473.0 167 197
1473.0 167 198
1474.5 46 70
1474.5 46 71
1476.0 174 181
1476.0 174 182
1477.5 84 114
1477.5 84 115
1479.0 7 28
1479.0 7 29
1480.5 19 20
1480.5 19 21
1482.0 63 70
1482.0 63 71
1483.5 48 69
1483.5 48 70
1485.0 177 186
1485.0 177 187
1486.5 21 33
1486.5 21 34
1488.0 176 186
1488.0 176 187
1489.5 61 67
1489.5 61 68
1491.0 91 115
1491.0 91 116
1492.5 44 70
1492.5 44 71
1494.0 55 76
1494.0 55 77
1495.5 13 28
1495.5 13 29
1497.0 128 145
1497.0 128 146
1498.5 60 75
1498.5 61 62
1500.0 45 72
1500.0 45 73
1501.5 135 142
1501.5 135 143
1503.0 95 106
1503.0 95 107
1504.5 22 23
1504.5 22 24
1506.0 99 106
1506.0 99 107
1507.5 13 30
1507.5 13 31
1509.0 19 34
1509.0 19 35
1510.5 138 149
1510.5 138 150
1512.0 10 13
1512.0 10 14
1513.5 14 20
1513.5 14 21
1515.0 123 158
1515.0 123 159
1516.5 174 191
1516.5 174 192
1518.0 89 98
1518.0 89 99
1519.5 87 118
1519.5 87 119
1521.0 48 57
1521.0 48 58
1522.5 101 103
1522.5 101 104
1524.0 62 69
1524.0 62 70
1525.5 156 157
1525.5 157 158
1527.0 93 98
1527.0 93 99
1528.5 182 194
1528.5 183 184
1530.0 3 34
1530.0 3 35
1531.5 180 182
1531.5 180 183
1533.0 10 37
1533.0 10 38
1534.5 170 176
1534.5 170 177
1536.0 162 192
1536.0 162 193
1537.5 172 188
1537.5 172 189
1539.0 46 62
1539.0 46 63
1540.5 181 192
1540.5 181 193
1542.0 41 75
1542.0 41 76
1543.5 47 60
1543.5 47 61
1545.0 85 114
1545.0 85 115
1546.5 128 143
1546.5 128 144
1548.0 7 22
1548.0 7 23
1549.5 131 133
1549.5 131 134
1551.0 13 20
1551.0 13 21
1552.5 20 33
1552.5 20 34
1554.0 180 194
1554.0 180 195
1555.5 127 142
1555.5 127 143
1557.0 134 136
1557.0 134 137
1558.5 92 105
1558.5 92 106
1560.0 6 38
1560.0 6 39
1561.5 170 174
1561.5 170 175
1563.0 0 37
1563.0 0 38
1564.5 19 26
1564.5 19 27
1566.0 181 194
1566.0 182 183
1567.5 88 115
1567.5 88 116
1569.0 134 156
1569.0 134 157
1570.5 28 29
1570.5 28 30
1572.0 52 63
1572.0 52 64
1573.5 83 118
1573.5 83 119
1575.0 136 155
1575.0 136 156
1576.5 2 40
1576.5 3 4
1578.0 83 120
1578.0 84 85
1579.5 170 192
1579.5 170 193
1581.0 143 150
1581.0 143 151
1582.5 86 120
1582.5 87 88
1584.0 43 74
1584.0 43 75
1585.5 164 190
1585.5 164 191
1587.0 17 19
1587.0 17 20
1588.5 19 24
1588.5 19 25
1590.0 15 16
1590.0 15 17
1591.5 133 158
1591.5 134 135
1593.0 131 139
1593.0 131 140
1594.5 26 27
1594.5 26 28
1596.0 42 68
1596.0 42 69
1597.5 44 68
1597.5 44 69
1599.0 126 154
1599.0 126 155
1600.5 164 188
1600.5 164 189
1602.0 52 69
1602.0 52 70
1603.5 96 115
1603.5 96 116
1605.0 138 153
1605.0 138 154
1606.5 45 64
1606.5 45 65
1608.0 162 190
1608.0 162 191
1609.5 138 155
1609.5 138 156
1611.0 46 66
1611.0 46 67
1612.5 85 100
1612.5 85 101
1614.0 44 74
1614.0 44 75
1615.5 91 95
1615.5 91 96
1617.0 178 192
1617.0 178 193
1618.5 177 194
1618.5 177 195
1620.0 122 152
1620.0 122 153
1621.5 133 140
1621.5 133 141
1623.0 92 93
1623.0 92 94
1624.5 98 103
1624.5 98 104
1626.0 176 194
1626.0 176 195
1627.5 17 23
1627.5 17 24
1629.0 97 113
1629.0 97 114
1630.5 1 31
1630.5 1 32
1632.0 167 185
1632.0 167 186
1633.5 133 154
1633.5 133 155
1635.0 78 79
1635.0 79 80
1636.5 126 146
1636.5 126 147
1638.0 55 74
1638.0 55 75
1639.5 57 75
1639.5 57 76
1641.0 128 135
1641.0 128 136
1642.5 50 59
1642.5 50 60
1644.0 180 192
1644.0 180 193
1645.5 11 37
1645.5 11 38
1647.0 85 116
1647.0 85 117
1648.5 19 28
1648.5 19 29
1650.0 46 74
1650.0 46 75
1651.5 48 55
1651.5 48 56
1653.0 92 117
1653.0 92 118
1654.5 84 120
1654.5 85 86
1656.0 53 64
1656.0 53 65
1657.5 124 152
1657.5 124 153
1659.0 50 71
1659.0 50 72
1660.5 165 166
1660.5 165 180
1662.0 132 133
1662.0 132 134
1663.5 11 17
1663.5 11 18
1665.0 63 68
1665.0 63 69
1666.5 47 68
1666.5 47 69
1668.0 85 106
1668.0 85 107
1669.5 0 1
1669.5 0 34
1671.0 160 195
1671.0 160 196
1672.5 6 32
1672.5 6 33
1674.0 178 182
1674.0 178 183
1675.5 179 185
1675.5 179 186
1677.0 58 61
1677.0 58 62
1678.5 88 107
1678.5 88 108
1680.0 173 185
1680.0 173 186
1681.5 98 109
1681.5 98 110
1683.0 130 133
1683.0 130 134
1684.5 47 58
1684.5 47 59
1686.0 3 24
1686.0 3 25
1687.5 125 144
1687.5 125 145
1689.0 168 192
1689.0 168 193
1690.5 49 64
1690.5 49 65
1692.0 5 38
1692.0 5 39
1693.5 15 22
1693.5 15 23
1695.0 94 104
1695.0 94 105
1696.5 135 146
1696.5 135 147
1698.0 48 73
1698.0 48 74
1699.5 21 23
1699.5 21 24
1701.0 179 181
1701.0 179 182
1702.5 56 61
1702.5 56 62
1704.0 182 192
1704.0 182 193
1705.5 90 113
1705.5 90 114
1707.0 141 149
1707.0 141 150
1708.5 40 41
1708.5 40 74
1710.0 12 31
1710.0 12 32
1711.5 48 49
1711.5 48 54
1713.0 51 59
1713.0 51 60
1714.5 142 153
1714.5 142 154
1716.0 14 24
1716.0 14 25
1717.5 138 143
1717.5 138 144
1719.0 4 32
1719.0 4 33
1720.5 13 32
1720.5 13 33
1722.0 120 159
1722.0 120 160
1723.5 10 17
1723.5 10 18
1725.0 49 58
1725.0 49 59
1726.5 84 118
1726.5 84 119
1728.0 83 116
1728.0 83 117
1729.5 99 112
1729.5 99 113
1731.0 80 81
1731.0 80 114
1732.5 134 138
1732.5 134 139
1734.0 161 192
1734.0 161 193
1735.5 19 22
1735.5 19 23
1737.0 139 152
1737.0 139 153
1738.5 193 194
1738.5 194 195
1740.0 130 137
1740.0 130 138
1741.5 54 56
1741.5 54 57
1743.0 47 76
1743.0 47 77
1744.5 92 101
1744.5 92 102
1746.0 49 56
1746.0 49 57
1747.5 94 116
1747.5 94 117
1749.0 187 191
1749.0 188 189
1750.5 100 115
1750.5 101 102
1752.0 89 102
1752.0 89 103
1753.5 133 138
1753.5 133 139
1755.0 58 69
1755.0 58 70
1756.5 165 191
1756.5 165 192
1758.0 66 71
1758.0 66 72
1759.5 177 180
1759.5 177 181
1761.0 168 184
1761.0 168 185
1762.5 133 150
1762.5 133 151
1764.0 49 74
1764.0 49 75
1765.5 169 181
1765.5 169 182
1767.0 57 61
1767.0 57 62
1768.5 167 181
1768.5 167 182
1770.0 83 104
1770.0 83 105
1771.5 107 110
1771.5 107 111
1773.0 54 76
1773.0 54 77
1774.5 51 67
1774.5 51 68
1776.0 18 29
1776.0 18 30
1777.5 94 98
1777.5 94 99
1779.0 12 13
1779.0 12 14
1780.5 172 196
1780.5 172 197
1782.0 146 147
1782.0 146 148
1783.5 53 58
1783.5 53 59
1785.0 44 64
1785.0 44 65
1786.5 42 43
1786.5 42 67
1788.0 9 20
1788.0 9 21
1789.5 164 198
1789.5 164 199
1791.0 59 62
1791.0 59 63
1792.5 175 187
1792.5 175 188
1794.0 133 146
1794.0 133 147
1795.5 166 178
1795.5 166 179
1797.0 95 114
1797.0 95 115
1798.5 122 148
1798.5 122 149
1800.0 168 178
1800.0 168 179
1801.5 165 197
1801.5 165 198
1803.0 123 154
1803.0 123 155
1804.5 83 106
1804.5 83 107
1806.0 132 157
1806.0 132 158
1807.5 91 111
1807.5 91 112
1809.0 98 101
1809.0 98 102
1810.5 85 108
1810.5 85 109
1812.0 125 154
1812.0 125 155
1813.5 129 142
1813.5 129 143
1815.0 102 111
1815.0 102 112
1816.5 46 72
1816.5 46 73
1818.0 103 104
1818.0 103 105
1819.5 22 33
1819.5 22 34
1821.0 50 63
1821.0 50 64
1822.5 16 35
1822.5 16 36
1824.0 7 20
1824.0 7 21
1825.5 61 65
1825.5 61 66
1827.0 100 107
1827.0 100 108
1828.5 121 153
1828.5 121 154
1830.0 90 107
1830.0 90 108
1831.5 93 104
1831.5 93 105
1833.0 102 109
1833.0 102 110
1834.5 88 111
1834.5 88 112
1836.0 12 25
1836.0 12 26
1837.5 146 149
1837.5 146 150
1839.0 92 115
1839.0 92 116
1840.5 128 153
1840.5 128 154
1842.0 121 159
1842.0 121 160
1843.5 50 55
1843.5 50 56
1845.0 44 72
1845.0 44 73
1846.5 176 180
1846.5 176 181
1848.0 7 38
1848.0 7 39
1849.5 1 2
1849.5 1 30
1851.0 92 95
1851.0 92 96
1852.5 5 34
1852.5 5 35
1854.0 60 63
1854.0 60 64
1855.5 106 107
1855.5 106 108
1857.0 124 142
1857.0 124 143
1858.5 123 152
1858.5 123 153
1860.0 98 105
1860.0 98 106
1861.5 172 178
1861.5 172 179
1863.0 167 189
1863.0 167 190
1864.5 90 119
1864.5 91 92
1866.0 2 36
1866.0 2 37
1867.5 179 193
1867.5 179 194
1869.0 167 195
1869.0 167 196
1870.5 185 186
1870.5 185 187
1872.0 105 109
1872.0 105 110
1873.5 89 100
1873.5 89 101
1875.0 133 142
1875.0 133 143
1876.5 53 68
1876.5 53 69
1878.0 183 189
1878.0 183 190
1879.5 9 26
1879.5 9 27
1881.0 43 78
1881.0 43 79
1882.5 126 144
1882.5 126 145
1884.0 84 102
1884.0 84 103
1885.5 92 109
1885.5 92 110
1887.0 9 18
1887.0 9 19
1888.5 94 96
1888.5 94 97
1890.0 92 111
1890.0 92 112
1891.5 53 74
1891.5 53 75
1893.0 104 107
1893.0 104 108
1894.5 2 32
1894.5 2 33
1896.0 8 23
1896.0 8 24
1897.5 166 180
1897.5 166 181
1899.0 138 147
1899.0 138 148
1900.5 177 196
1900.5 178 179
1902.0 86 118
1902.0 86 119
1903.5 171 178
1903.5 171 179
1905.0 6 30
1905.0 6 31
1906.5 52 71
1906.5 52 72
1908.0 24 27
1908.0 24 28
1909.5 49 76
1909.5 49 77
1911.0 50 77
1911.0 50 78
1912.5 65 69
1912.5 65 70
1914.0 5 26
1914.0 5 27
1915.5 62 73
1915.5 62 74
1917.0 36 37
1917.0 37 38
1918.5 167 193
1918.5 167 194
1920.0 160 161
1920.0 160 194
1921.5 100 109
1921.5 100 110
1923.0 173 195
1923.0 173 196
1924.5 171 180
1924.5 171 181
1926.0 82 108
1926.0 82 109
1927.5 171 184
1927.5 171 185
