0 142 143
0 142 144
0.501 181 189
0.501 181 190
1.0019999999999998 39 46
1.0019999999999998 39 47
1.5029999999999997 54 69
1.5029999999999997 54 70
2.0039999999999996 51 65
2.0039999999999996 51 66
2.5049999999999994 79 81
2.5049999999999994 79 82
3.0059999999999993 91 177
3.0059999999999993 91 178
3.5069999999999992 13 28
3.5069999999999992 14 15
4.008 17 22
4.008 17 23
4.509 1 8
4.509 1 9
5.010000000000001 35 73
5.010000000000001 36 37
5.511000000000001 37 47
5.511000000000001 37 48
6.012000000000001 55 65
6.012000000000001 55 66
6.513000000000002 24 27
6.513000000000002 24 28
7.014000000000002 188 191
7.014000000000002 189 190
7.515000000000002 99 100
7.515000000000002 99 106
8.016000000000002 153 161
8.016000000000002 153 162
8.517000000000001 92 135
8.517000000000001 92 136
9.018 161 162
9.018 162 163
9.519 50 73
9.519 51 52
10.02 53 54
10.02 53 62
10.520999999999999 93 135
10.520999999999999 93 136
11.021999999999998 97 98
11.021999999999998 97 107
11.522999999999998 178 189
11.522999999999998 178 190
12.023999999999997 152 162
12.023999999999997 152 163
12.524999999999997 94 113
12.524999999999997 94 114
13.025999999999996 75 76
13.025999999999996 75 77
13.526999999999996 15 21
13.526999999999996 15 22
14.027999999999995 153 157
14.027999999999995 153 158
14.528999999999995 57 65
14.528999999999995 57 71
15.029999999999994 168 173
15.029999999999994 168 174
15.530999999999993 79 89
15.530999999999993 80 81
16.031999999999993 91 115
16.031999999999993 91 116
16.532999999999994 95 130
16.532999999999994 95 131
17.033999999999995 94 134
17.033999999999995 94 135
17.534999999999997 170 172
17.534999999999997 170 173
18.035999999999998 91 92
18.035999999999998 91 93
18.537 91 98
18.537 91 99
19.038 91 113
19.038 91 114
19.539 21 24
19.539 21 25
20.040000000000003 99 109
20.040000000000003 99 110
20.541000000000004 5 7
20.541000000000004 5 8
21.042000000000005 22 24
21.042000000000005 22 25
21.543000000000006 133 135
21.543000000000006 133 136
22.044000000000008 56 69
22.044000000000008 56 70
22.54500000000001 183 184
22.54500000000001 183 185
23.04600000000001 125 128
23.04600000000001 126 127
23.54700000000001 179 184
23.54700000000001 179 185
24.048000000000012 61 62
24.048000000000012 62 63
24.549000000000014 13 24
24.549000000000014 13 25
25.050000000000015 170 174
25.050000000000015 170 175
25.551000000000016 112 136
25.551000000000016 112 137
26.052000000000017 75 84
26.052000000000017 75 85
26.55300000000002 122 135
26.55300000000002 122 136
27.05400000000002 111 135
27.05400000000002 111 136
27.55500000000002 130 135
27.55500000000002 130 136
28.056000000000022 16 21
28.056000000000022 16 22
28.557000000000023 171 176
28.557000000000023 171 177
29.058000000000025 92 115
29.058000000000025 92 116
29.559000000000026 30 47
29.559000000000026 30 48
30.060000000000027 101 110
30.060000000000027 102 103
30.56100000000003 179 190
30.56100000000003 179 191
31.06200000000003 35 47
31.06200000000003 35 48
31.56300000000003 91 105
31.56300000000003 91 106
32.06400000000003 167 168
32.06400000000003 167 169
32.565000000000026 55 63
32.565000000000026 55 64
33.066000000000024 92 107
33.066000000000024 92 108
33.56700000000002 99 134
33.56700000000002 99 135
34.06800000000002 36 71
34.06800000000002 36 72
34.56900000000002 15 25
34.56900000000002 15 26
35.070000000000014 2 8
35.070000000000014 2 9
35.57100000000001 20 27
35.57100000000001 20 28
36.07200000000001 186 188
36.07200000000001 186 189
36.57300000000001 53 71
36.57300000000001 53 72
37.074000000000005 80 82
37.074000000000005 80 83
37.575 160 161
37.575 160 162
38.076 75 78
38.076 75 79
38.577 168 171
38.577 168 172
39.077999999999996 65 73
39.077999999999996 66 67
39.57899999999999 119 128
39.57899999999999 119 129
40.07999999999999 139 146
40.07999999999999 139 147
40.58099999999999 93 137
40.58099999999999 94 95
41.08199999999999 144 146
41.08199999999999 144 147
41.582999999999984 138 146
41.582999999999984 138 147
42.08399999999998 77 81
42.08399999999998 77 82
42.58499999999998 166 170
42.58499999999998 166 171
43.08599999999998 164 175
43.08599999999998 164 176
43.586999999999975 100 136
43.586999999999975 100 137
44.08799999999997 13 20
44.08799999999997 13 21
44.58899999999997 17 24
44.58899999999997 17 25
45.08999999999997 30 69
45.08999999999997 30 70
45.590999999999966 37 72
45.590999999999966 37 73
46.09199999999996 55 71
46.09199999999996 55 72
46.59299999999996 93 99
46.59299999999996 93 106
47.09399999999996 90 134
47.09399999999996 90 135
47.594999999999956 94 132
47.594999999999956 94 133
48.095999999999954 90 136
48.095999999999954 90 137
48.59699999999995 95 108
48.59699999999995 95 109
49.09799999999995 172 173
49.09799999999995 172 174
49.59899999999995 113 136
49.59899999999995 113 137
50.099999999999945 63 64
50.099999999999945 64 65
50.60099999999994 164 192
50.60099999999994 165 166
51.10199999999994 29 34
51.10199999999994 29 35
51.60299999999994 75 88
51.60299999999994 75 89
52.103999999999935 179 180
52.103999999999935 179 181
52.60499999999993 90 163
52.60499999999993 90 164
53.10599999999993 92 109
53.10599999999993 92 110
53.60699999999993 94 130
53.60699999999993 94 131
54.107999999999926 81 86
54.107999999999926 81 87
54.608999999999924 187 188
54.608999999999924 187 189
55.10999999999992 96 130
55.10999999999992 96 131
55.61099999999992 6 8
55.61099999999992 6 9
56.11199999999992 91 117
56.11199999999992 91 118
56.612999999999914 35 45
56.612999999999914 35 46
57.11399999999991 36 45
57.11399999999991 36 46
57.61499999999991 182 191
57.61499999999991 182 192
58.11599999999991 86 87
58.11599999999991 86 88
58.616999999999905 0 3
58.616999999999905 0 4
59.1179999999999 139 144
59.1179999999999 139 145
59.6189999999999 85 88
59.6189999999999 85 89
60.1199999999999 92 98
60.1199999999999 92 99
60.620999999999896 16 27
60.620999999999896 16 28
61.12199999999989 93 97
61.12199999999989 93 98
61.62299999999989 31 48
61.62299999999989 31 49
62.12399999999989 29 49
62.12399999999989 29 50
62.624999999999886 118 130
62.624999999999886 118 131
63.125999999999884 96 136
63.125999999999884 96 137
63.62699999999988 82 89
63.62699999999988 83 84
64.12799999999989 77 85
64.12799999999989 77 86
64.62899999999989 100 109
64.62899999999989 100 110
65.1299999999999 31 37
65.1299999999999 31 38
65.6309999999999 112 130
65.6309999999999 112 131
66.1319999999999 121 131
66.1319999999999 121 132
66.63299999999991 91 192
66.63299999999991 92 93
67.13399999999992 84 88
67.13399999999992 84 89
67.63499999999992 92 137
67.63499999999992 93 94
68.13599999999992 34 46
68.13599999999992 34 47
68.63699999999993 116 130
68.63699999999993 116 131
69.13799999999993 156 157
69.13799999999993 156 158
69.63899999999994 7 8
69.63899999999994 7 9
70.13999999999994 138 144
70.13999999999994 138 145
70.64099999999995 192 193
70.64099999999995 193 194
71.14199999999995 94 107
71.14199999999995 94 108
71.64299999999996 50 51
71.64299999999996 50 64
72.14399999999996 94 98
72.14399999999996 94 99
72.64499999999997 165 176
72.64499999999997 165 177
73.14599999999997 77 79
73.14599999999997 77 80
73.64699999999998 8 9
73.64699999999998 8 10
74.14799999999998 23 27
74.14799999999998 23 28
74.64899999999999 92 117
74.64899999999999 92 128
75.14999999999999 30 39
75.14999999999999 30 44
75.651 16 17
75.651 16 18
76.152 1 6
76.152 1 7
76.653 17 28
76.653 18 19
77.15400000000001 52 62
77.15400000000001 52 63
77.65500000000002 16 19
77.65500000000002 16 20
78.15600000000002 180 186
78.15600000000002 180 187
78.65700000000002 123 130
78.65700000000002 124 125
79.15800000000003 76 88
79.15800000000003 76 89
79.65900000000003 168 169
79.65900000000003 168 170
80.16000000000004 21 22
80.16000000000004 21 23
80.66100000000004 112 134
80.66100000000004 112 135
81.16200000000005 143 144
81.16200000000005 143 145
81.66300000000005 91 111
81.66300000000005 91 112
82.16400000000006 75 90
82.16400000000006 76 77
82.66500000000006 195 199
82.66500000000006 196 197
83.16600000000007 121 127
83.16600000000007 121 128
83.66700000000007 83 89
83.66700000000007 84 85
84.16800000000008 97 110
84.16800000000008 97 111
84.66900000000008 90 100
84.66900000000008 90 101
85.17000000000009 52 72
85.17000000000009 52 73
85.67100000000009 96 97
85.67100000000009 96 107
86.1720000000001 90 191
86.1720000000001 90 192
86.6730000000001 86 89
86.6730000000001 87 88
87.1740000000001 17 26
87.1740000000001 17 27
87.67500000000011 32 47
87.67500000000011 32 48
88.17600000000012 179 182
88.17600000000012 179 183
88.67700000000012 38 70
88.67700000000012 38 71
89.17800000000013 29 47
89.17800000000013 29 48
89.67900000000013 171 172
89.67900000000013 171 173
90.18000000000013 2 10
90.18000000000013 2 11
90.68100000000014 22 28
90.68100000000014 23 24
91.18200000000014 166 176
91.18200000000014 166 177
91.68300000000015 12 13
91.68300000000015 12 20
92.18400000000015 35 49
92.18400000000015 35 50
92.68500000000016 31 35
92.68500000000016 31 36
93.18600000000016 99 136
93.18600000000016 99 137
93.68700000000017 31 64
93.68700000000017 31 65
94.18800000000017 172 177
94.18800000000017 173 174
94.68900000000018 46 47
94.68900000000018 47 48
95.19000000000018 31 68
95.19000000000018 31 69
95.69100000000019 91 94
95.69100000000019 91 95
96.19200000000019 95 136
96.19200000000019 95 137
96.6930000000002 81 84
96.6930000000002 81 85
97.1940000000002 134 135
97.1940000000002 135 136
97.6950000000002 152 164
97.6950000000002 153 154
98.19600000000021 3 10
98.19600000000021 3 11
98.69700000000022 38 47
98.69700000000022 38 48
99.19800000000022 156 159
99.19800000000022 156 160
99.69900000000023 56 73
99.69900000000023 57 58
100.20000000000023 90 128
100.20000000000023 90 129
100.70100000000023 34 69
100.70100000000023 34 70
101.20200000000024 41 42
101.20200000000024 41 43
101.70300000000024 39 44
101.70300000000024 39 45
102.20400000000025 49 70
102.20400000000025 49 71
102.70500000000025 143 150
102.70500000000025 144 145
103.20600000000026 155 156
103.20600000000026 155 157
103.70700000000026 99 132
103.70700000000026 99 133
104.20800000000027 169 171
104.20800000000027 169 172
104.70900000000027 181 191
104.70900000000027 181 192
105.21000000000028 53 67
105.21000000000028 53 68
105.71100000000028 100 107
105.71100000000028 100 108
106.21200000000029 39 48
106.21200000000029 39 49
106.71300000000029 137 151
106.71300000000029 137 164
107.2140000000003 154 159
107.2140000000003 154 160
107.7150000000003 12 23
107.7150000000003 12 24
108.2160000000003 33 34
108.2160000000003 33 35
108.71700000000031 105 107
108.71700000000031 106 107
109.21800000000032 122 129
109.21800000000032 122 130
109.71900000000032 190 191
109.71900000000032 191 192
110.22000000000033 0 11
110.22000000000033 0 12
110.72100000000033 83 85
110.72100000000033 83 86
111.22200000000034 66 70
111.22200000000034 66 71
111.72300000000034 51 63
111.72300000000034 51 64
112.22400000000034 65 71
112.22400000000034 65 72
112.72500000000035 90 91
112.72500000000035 90 97
113.22600000000035 2 6
113.22600000000035 2 7
113.72700000000036 111 137
113.72700000000036 112 113
114.22800000000036 59 60
114.22800000000036 59 61
114.72900000000037 121 122
114.72900000000037 121 126
115.23000000000037 13 18
115.23000000000037 13 19
115.73100000000038 180 182
115.73100000000038 180 183
116.23200000000038 52 70
116.23200000000038 52 71
116.73300000000039 140 144
116.73300000000039 140 145
117.23400000000039 116 117
117.23400000000039 116 129
117.7350000000004 95 112
117.7350000000004 95 113
118.2360000000004 122 127
118.2360000000004 122 128
118.7370000000004 28 71
118.7370000000004 28 72
119.23800000000041 151 157
119.23800000000041 151 158
119.73900000000042 157 163
119.73900000000042 158 159
120.24000000000042 91 163
120.24000000000042 91 164
120.74100000000043 91 107
120.74100000000043 91 108
121.24200000000043 167 172
121.24200000000043 167 173
121.74300000000044 155 160
121.74300000000044 155 161
122.24400000000044 132 136
122.24400000000044 133 134
122.74500000000045 54 65
122.74500000000045 54 66
123.24600000000045 151 163
123.24600000000045 151 164
123.74700000000045 145 149
123.74700000000045 146 147
124.24800000000046 180 192
124.24800000000046 181 182
124.74900000000046 38 72
124.74900000000046 38 73
125.25000000000047 78 81
125.25000000000047 78 82
125.75100000000047 97 112
125.75100000000047 97 130
126.25200000000048 173 175
126.25200000000048 173 176
126.75300000000048 37 49
126.75300000000048 37 50
127.25400000000049 0 5
127.25400000000049 0 6
127.75500000000049 1 2
127.75500000000049 1 3
128.2560000000005 167 174
128.2560000000005 167 175
128.75700000000052 97 131
128.75700000000052 97 132
129.25800000000052 37 68
129.25800000000052 37 69
129.75900000000053 117 129
129.75900000000053 117 130
130.26000000000053 55 61
130.26000000000053 55 62
130.76100000000054 58 63
130.76100000000054 58 64
131.26200000000054 28 73
131.26200000000054 28 74
131.76300000000055 52 68
131.76300000000055 52 69
132.26400000000055 51 69
132.26400000000055 51 70
132.76500000000055 117 131
132.76500000000055 117 132
133.26600000000056 56 62
133.26600000000056 56 63
133.76700000000056 141 145
133.76700000000056 141 146
134.26800000000057 123 126
134.26800000000057 123 127
134.76900000000057 33 51
134.76900000000057 33 64
135.27000000000058 180 188
135.27000000000058 180 189
135.77100000000058 14 28
135.77100000000058 15 16
136.2720000000006 24 25
136.2720000000006 24 26
136.7730000000006 30 31
136.7730000000006 30 32
137.2740000000006 32 51
137.2740000000006 32 63
137.7750000000006 98 136
137.7750000000006 98 137
138.2760000000006 95 96
138.2760000000006 95 97
138.7770000000006 115 116
138.7770000000006 115 129
139.27800000000062 118 134
139.27800000000062 118 135
139.77900000000062 90 111
139.77900000000062 90 112
140.28000000000063 115 136
140.28000000000063 115 137
140.78100000000063 33 36
140.78100000000063 33 37
141.28200000000064 85 86
141.28200000000064 85 87
141.78300000000064 159 160
141.78300000000064 159 161
142.28400000000065 166 172
142.28400000000065 166 173
142.78500000000065 123 124
142.78500000000065 123 125
143.28600000000066 102 108
143.28600000000066 102 109
143.78700000000066 35 65
143.78700000000066 35 66
144.28800000000066 41 46
144.28800000000066 41 47
144.78900000000067 120 132
144.78900000000067 120 133
145.29000000000067 4 11
145.29000000000067 5 6
145.79100000000068 33 73
145.79100000000068 34 35
146.29200000000068 0 9
146.29200000000068 0 10
146.7930000000007 22 26
146.7930000000007 22 27
147.2940000000007 76 78
147.2940000000007 76 79
147.7950000000007 93 113
147.7950000000007 93 114
148.2960000000007 68 73
148.2960000000007 69 70
148.7970000000007 100 111
148.7970000000007 100 135
149.2980000000007 152 154
149.2980000000007 152 155
149.79900000000072 143 146
149.79900000000072 143 147
150.30000000000072 10 11
150.30000000000072 11 12
150.80100000000073 31 66
150.80100000000073 31 67
151.30200000000073 33 47
151.30200000000073 33 48
151.80300000000074 152 156
151.80300000000074 152 157
152.30400000000074 1 4
152.30400000000074 1 5
152.80500000000075 139 140
152.80500000000075 139 141
153.30600000000075 50 65
153.30600000000075 50 66
153.80700000000076 139 142
153.80700000000076 139 143
154.30800000000076 38 45
154.30800000000076 38 46
154.80900000000076 93 133
154.80900000000076 93 134
155.31000000000077 179 188
155.31000000000077 179 189
155.81100000000077 30 35
155.81100000000077 30 36
156.31200000000078 95 114
156.31200000000078 95 129
156.81300000000078 32 49
156.81300000000078 32 50
157.3140000000008 29 51
157.3140000000008 29 52
157.8150000000008 29 38
157.8150000000008 29 39
158.3160000000008 7 10
158.3160000000008 7 11
158.8170000000008 74 81
158.8170000000008 74 82
159.3180000000008 137 192
159.3180000000008 138 139
159.8190000000008 164 177
159.8190000000008 164 178
160.32000000000082 90 117
160.32000000000082 90 118
160.82100000000082 118 136
160.82100000000082 118 137
161.32200000000083 21 28
161.32200000000083 22 23
161.82300000000083 33 49
161.82300000000083 33 50
162.32400000000084 34 71
162.32400000000084 34 72
162.82500000000084 88 89
162.82500000000084 89 90
163.32600000000085 30 71
163.32600000000085 30 72
163.82700000000085 32 33
163.82700000000085 32 34
164.32800000000086 75 86
164.32800000000086 75 87
164.82900000000086 29 89
164.82900000000086 29 90
165.33000000000087 30 51
165.33000000000087 30 52
165.83100000000087 94 96
165.83100000000087 94 97
166.33200000000087 123 128
166.33200000000087 123 129
166.83300000000088 58 59
166.83300000000088 58 60
167.33400000000088 58 61
167.33400000000088 58 62
167.8350000000009 114 130
167.8350000000009 114 131
168.3360000000009 92 113
168.3360000000009 92 114
168.8370000000009 121 135
168.8370000000009 121 136
169.3380000000009 57 61
169.3380000000009 57 62
169.8390000000009 146 148
169.8390000000009 146 149
170.3400000000009 32 45
170.3400000000009 32 46
170.84100000000092 92 94
170.84100000000092 92 95
171.34200000000092 198 199
171.84300000000093 117 118
171.84300000000093 117 128
172.34400000000093 50 69
172.34400000000093 50 70
172.84500000000094 30 37
172.84500000000094 30 38
173.34600000000094 76 90
173.34600000000094 77 78
173.84700000000095 91 136
173.84700000000095 91 137
174.34800000000095 121 129
174.34800000000095 121 130
174.84900000000096 163 164
174.84900000000096 164 165
175.35000000000096 60 61
175.35000000000096 60 62
175.85100000000097 121 137
175.85100000000097 122 123
176.35200000000097 40 45
176.35200000000097 40 46
176.85300000000097 29 45
176.85300000000097 29 46
177.35400000000098 38 39
177.35400000000098 38 44
177.85500000000098 144 148
177.85500000000098 144 149
178.356000000001 0 7
178.356000000001 0 8
178.857000000001 115 134
178.857000000001 115 135
179.358000000001 83 87
179.358000000001 83 88
179.859000000001 29 65
179.859000000001 29 66
180.360000000001 36 73
180.360000000001 37 38
180.861000000001 5 9
180.861000000001 5 10
181.36200000000102 1 12
181.36200000000102 2 3
181.86300000000102 48 49
181.86300000000102 48 73
182.36400000000103 94 111
182.36400000000103 94 112
182.86500000000103 37 70
182.86500000000103 37 71
183.36600000000104 4 5
183.36600000000104 4 6
183.86700000000104 39 40
183.86700000000104 39 43
184.36800000000105 193 198
184.36800000000105 193 199
184.86900000000105 142 149
184.86900000000105 142 150
185.37000000000106 141 143
185.37000000000106 141 144
185.87100000000106 178 187
185.87100000000106 178 188
186.37200000000107 139 150
186.37200000000107 140 141
186.87300000000107 28 89
186.87300000000107 28 90
187.37400000000108 33 65
187.37400000000108 33 66
187.87500000000108 181 187
187.87500000000108 181 188
188.37600000000108 185 189
188.37600000000108 185 190
188.8770000000011 96 134
188.8770000000011 96 135
189.3780000000011 4 9
189.3780000000011 4 10
189.8790000000011 90 98
189.8790000000011 90 99
190.3800000000011 117 135
190.3800000000011 117 136
190.8810000000011 94 136
190.8810000000011 94 137
191.3820000000011 119 136
191.3820000000011 119 137
191.88300000000112 193 196
191.88300000000112 193 197
192.38400000000112 103 107
192.38400000000112 103 108
192.88500000000113 30 53
192.88500000000113 30 62
193.38600000000113 168 177
193.38600000000113 169 170
193.88700000000114 33 67
193.88700000000114 33 68
194.38800000000114 122 131
194.38800000000114 122 134
194.88900000000115 115 130
194.88900000000115 115 131
195.39000000000115 57 63
195.39000000000115 57 64
195.89100000000116 164 173
195.89100000000116 164 174
196.39200000000116 54 63
196.39200000000116 54 64
196.89300000000117 14 26
196.89300000000117 14 27
197.39400000000117 30 65
197.39400000000117 30 66
197.89500000000118 183 186
197.89500000000118 183 187
198.39600000000118 119 132
198.39600000000118 119 133
198.89700000000119 96 108
198.89700000000119 96 109
199.3980000000012 157 159
199.3980000000012 157 160
199.8990000000012 114 115
199.8990000000012 114 129
200.4000000000012 183 188
200.4000000000012 183 189
200.9010000000012 140 148
200.9010000000012 140 149
201.4020000000012 120 134
201.4020000000012 120 135
201.9030000000012 23 25
201.9030000000012 23 26
202.40400000000122 167 170
202.40400000000122 167 171
202.90500000000122 95 134
202.90500000000122 95 135
203.40600000000123 118 132
203.40600000000123 118 133
203.90700000000123 30 49
203.90700000000123 30 50
204.40800000000124 29 73
204.40800000000124 29 74
204.90900000000124 186 190
204.90900000000124 186 191
205.41000000000125 76 80
205.41000000000125 76 81
205.91100000000125 147 148
205.91100000000125 147 149
206.41200000000126 33 71
206.41200000000126 33 72
206.91300000000126 20 23
206.91300000000126 20 24
207.41400000000127 53 63
207.41400000000127 53 64
207.91500000000127 152 158
207.91500000000127 152 159
208.41600000000128 185 187
208.41600000000128 185 188
208.91700000000128 154 155
208.91700000000128 154 156
209.41800000000129 95 98
209.41800000000129 95 107
209.9190000000013 35 71
209.9190000000013 35 72
210.4200000000013 80 84
210.4200000000013 80 85
210.9210000000013 77 87
210.9210000000013 77 88
211.4220000000013 70 71
211.4220000000013 70 72
211.9230000000013 180 190
211.9230000000013 180 191
212.4240000000013 82 83
212.4240000000013 82 84
212.92500000000132 166 174
212.92500000000132 166 175
213.42600000000132 119 130
213.42600000000132 119 131
213.92700000000133 116 136
213.92700000000133 116 137
214.42800000000133 93 129
214.42800000000133 93 130
214.92900000000134 99 111
214.92900000000134 99 112
215.43000000000134 32 35
215.43000000000134 32 36
215.93100000000135 168 175
215.93100000000135 168 176
216.43200000000135 98 109
216.43200000000135 98 110
216.93300000000136 182 187
216.93300000000136 182 188
217.43400000000136 8 11
217.43400000000136 9 10
217.93500000000137 32 66
217.93500000000137 32 67
218.43600000000137 107 108
218.43600000000137 108 109
218.93700000000138 44 45
218.93700000000138 45 46
219.43800000000138 15 19
219.43800000000138 15 20
219.93900000000139 111 112
219.93900000000139 111 132
220.4400000000014 172 175
220.4400000000014 172 176
220.9410000000014 34 36
220.9410000000014 34 45
221.4420000000014 102 110
221.4420000000014 103 104
221.9430000000014 129 130
221.9430000000014 130 131
222.4440000000014 148 149
222.4440000000014 149 150
222.94500000000141 94 109
222.94500000000141 94 110
223.44600000000142 153 159
223.44600000000142 153 160
223.94700000000142 137 149
223.94700000000142 137 150
224.44800000000143 34 48
224.44800000000143 34 49
224.94900000000143 12 25
224.94900000000143 12 26
225.45000000000144 154 157
225.45000000000144 154 158
225.95100000000144 166 168
225.95100000000144 166 169
226.45200000000145 100 101
226.45200000000145 100 106
226.95300000000145 90 105
226.95300000000145 90 106
227.45400000000146 29 69
227.45400000000146 29 70
227.95500000000146 121 133
227.95500000000146 121 134
228.45600000000147 42 45
228.45600000000147 42 46
228.95700000000147 92 111
228.95700000000147 92 112
229.45800000000148 56 60
229.45800000000148 56 61
229.95900000000148 79 87
229.95900000000148 79 88
230.4600000000015 14 24
230.4600000000015 14 25
230.9610000000015 124 126
230.9610000000015 124 127
231.4620000000015 14 18
231.4620000000015 14 19
231.9630000000015 53 65
231.9630000000015 53 66
232.4640000000015 18 24
232.4640000000015 18 25
232.9650000000015 169 177
232.9650000000015 170 171
233.46600000000151 40 47
233.46600000000151 40 48
233.96700000000152 18 20
233.96700000000152 18 21
234.46800000000152 154 161
234.46800000000152 154 162
234.96900000000153 5 11
234.96900000000153 6 7
235.47000000000153 3 6
235.47000000000153 3 7
235.97100000000154 77 89
235.97100000000154 77 90
236.47200000000154 57 59
236.47200000000154 57 60
236.97300000000155 37 45
236.97300000000155 37 46
237.47400000000155 56 64
237.47400000000155 56 65
237.97500000000156 66 72
237.97500000000156 66 73
238.47600000000156 0 1
238.47600000000156 0 2
238.97700000000157 158 162
238.97700000000157 158 163
239.47800000000157 31 50
239.47800000000157 31 51
239.97900000000158 54 67
239.97900000000158 54 68
240.48000000000158 142 145
240.48000000000158 142 146
240.9810000000016 15 23
240.9810000000016 15 24
241.4820000000016 165 174
241.4820000000016 165 175
241.9830000000016 77 83
241.9830000000016 77 84
242.4840000000016 64 73
242.4840000000016 65 66
242.9850000000016 37 66
242.9850000000016 37 67
243.4860000000016 55 69
243.4860000000016 55 70
243.98700000000161 94 115
243.98700000000161 94 129
244.48800000000162 56 71
244.48800000000162 56 72
244.98900000000162 36 49
244.98900000000162 36 50
245.49000000000163 114 134
245.49000000000163 114 135
245.99100000000163 35 69
245.99100000000163 35 70
246.49200000000164 53 73
246.49200000000164 54 55
246.99300000000164 32 37
246.99300000000164 32 38
247.49400000000165 32 64
247.49400000000165 32 65
247.99500000000165 28 29
247.99500000000165 28 70
248.49600000000166 34 67
248.49600000000166 34 68
248.99700000000166 98 130
248.99700000000166 98 131
249.49800000000167 29 63
249.49800000000167 29 64
249.99900000000167 90 115
249.99900000000167 90 116
250.50000000000168 156 161
250.50000000000168 156 162
251.00100000000168 32 72
251.00100000000168 32 73
251.5020000000017 116 134
251.5020000000017 116 135
252.0030000000017 31 44
252.0030000000017 31 45
252.5040000000017 91 134
252.5040000000017 91 135
253.0050000000017 30 33
253.0050000000017 30 34
253.5060000000017 141 147
253.5060000000017 141 148
254.0070000000017 90 107
254.0070000000017 90 108
254.50800000000172 33 69
254.50800000000172 33 70
255.00900000000172 54 61
255.00900000000172 54 62
255.51000000000172 138 148
255.51000000000172 138 149
256.0110000000017 113 130
256.0110000000017 113 131
256.51200000000165 120 121
256.51200000000165 120 127
257.0130000000016 14 22
257.0130000000016 14 23
257.5140000000016 151 159
257.5140000000016 151 160
258.0150000000016 67 68
258.0150000000016 67 69
258.51600000000155 111 133
258.51600000000155 111 134
259.01700000000153 59 62
259.01700000000153 59 63
259.5180000000015 35 67
259.5180000000015 35 68
260.0190000000015 140 150
260.0190000000015 141 142
260.52000000000146 184 191
260.52000000000146 185 186
261.02100000000144 131 132
261.02100000000144 131 133
261.5220000000014 52 66
261.5220000000014 52 67
262.0230000000014 155 158
262.0230000000014 155 159
262.52400000000137 14 16
262.52400000000137 14 17
263.02500000000134 42 47
263.02500000000134 43 44
263.5260000000013 71 72
263.5260000000013 72 73
264.0270000000013 90 132
264.0270000000013 90 133
264.52800000000127 98 134
264.52800000000127 98 135
265.02900000000125 165 172
265.02900000000125 165 173
265.5300000000012 109 110
265.5300000000012 110 111
266.0310000000012 74 83
266.0310000000012 74 84
266.5320000000012 1 10
266.5320000000012 1 11
267.03300000000115 92 96
267.03300000000115 92 97
267.53400000000113 98 111
267.53400000000113 98 112
268.0350000000011 76 82
268.0350000000011 76 83
268.5360000000011 179 192
268.5360000000011 180 181
269.03700000000106 66 68
269.03700000000106 66 69
269.53800000000103 90 109
269.53800000000103 90 110
270.039000000001 99 107
270.039000000001 99 108
270.540000000001 57 72
270.540000000001 57 73
271.04100000000096 81 88
271.04100000000096 81 89
271.54200000000094 33 45
271.54200000000094 33 46
272.0430000000009 80 88
272.0430000000009 80 89
272.5440000000009 115 132
272.5440000000009 115 133
273.04500000000087 29 67
273.04500000000087 29 68
273.54600000000084 40 43
273.54600000000084 40 44
274.0470000000008 92 133
274.0470000000008 92 134
274.5480000000008 141 149
274.5480000000008 141 150
275.0490000000008 38 49
275.0490000000008 38 69
275.55000000000075 36 67
275.55000000000075 36 68
276.0510000000007 79 83
276.0510000000007 79 84
276.5520000000007 150 151
276.5520000000007 151 152
277.0530000000007 140 142
277.0530000000007 140 143
277.55400000000066 16 25
277.55400000000066 16 26
278.05500000000063 16 23
278.05500000000063 16 24
278.5560000000006 90 177
278.5560000000006 90 178
279.0570000000006 50 67
279.0570000000006 50 68
279.55800000000056 50 71
279.55800000000056 50 72
280.05900000000054 145 147
280.05900000000054 145 148
280.5600000000005 124 128
280.5600000000005 124 129
281.0610000000005 93 131
281.0610000000005 93 132
281.56200000000047 102 104
281.56200000000047 102 105
282.06300000000044 194 195
282.06300000000044 194 196
282.5640000000004 159 162
282.5640000000004 159 163
283.0650000000004 90 130
283.0650000000004 90 131
283.5660000000004 92 100
283.5660000000004 92 106
284.06700000000035 151 161
284.06700000000035 151 162
284.5680000000003 65 69
284.5680000000003 65 70
285.0690000000003 21 26
285.0690000000003 21 27
285.5700000000003 75 80
285.5700000000003 75 81
286.07100000000025 90 113
286.07100000000025 90 114
286.57200000000023 96 112
286.57200000000023 96 113
287.0730000000002 97 137
287.0730000000002 98 99
287.5740000000002 82 85
287.5740000000002 82 86
288.07500000000016 91 100
288.07500000000016 91 101
288.57600000000014 91 96
288.57600000000014 91 97
289.0770000000001 131 134
289.0770000000001 131 135
289.5780000000001 91 130
289.5780000000001 91 131
290.07900000000006 179 186
290.07900000000006 179 187
290.58000000000004 75 82
290.58000000000004 75 83
291.081 51 73
291.081 52 53
291.582 49 68
291.582 49 69
292.08299999999997 101 108
292.08299999999997 101 109
292.58399999999995 91 109
292.58399999999995 91 110
293.0849999999999 117 133
293.0849999999999 117 134
293.5859999999999 154 163
293.5859999999999 154 164
294.0869999999999 78 87
294.0869999999999 78 88
294.58799999999985 78 83
294.58799999999985 78 84
295.0889999999998 13 14
295.0889999999998 13 15
295.5899999999998 31 72
295.5899999999998 31 73
296.0909999999998 13 26
296.0909999999998 13 27
296.59199999999976 93 95
296.59199999999976 93 96
297.09299999999973 91 150
297.09299999999973 91 151
297.5939999999997 151 192
297.5939999999997 152 153
298.0949999999997 36 47
298.0949999999997 36 48
298.59599999999966 15 27
298.59599999999966 15 28
299.09699999999964 64 71
299.09699999999964 64 72
299.5979999999996 19 25
299.5979999999996 19 26
300.0989999999996 103 109
300.0989999999996 104 105
300.59999999999957 182 183
300.59999999999957 182 184
301.10099999999954 101 106
301.10099999999954 101 107
301.6019999999995 30 73
301.6019999999995 30 74
302.1029999999995 152 160
302.1029999999995 152 161
302.6039999999995 178 191
302.6039999999995 178 192
303.10499999999945 15 17
303.10499999999945 15 18
303.6059999999994 84 86
303.6059999999994 84 87
304.1069999999994 184 187
304.1069999999994 184 188
304.6079999999994 158 160
304.6079999999994 158 161
305.10899999999936 12 27
305.10899999999936 12 28
305.60999999999933 39 72
305.60999999999933 39 73
306.1109999999993 170 176
306.1109999999993 170 177
306.6119999999993 80 86
306.6119999999993 80 87
307.11299999999926 42 43
307.11299999999926 42 44
307.61399999999924 116 132
307.61399999999924 116 133
308.1149999999992 184 189
308.1149999999992 184 190
308.6159999999992 136 137
308.6159999999992 137 138
309.11699999999917 19 21
309.11699999999917 19 22
309.61799999999914 30 45
309.61799999999914 30 46
310.1189999999991 181 183
310.1189999999991 181 184
310.6199999999991 143 148
310.6199999999991 143 149
311.12099999999907 117 137
311.12099999999907 118 119
311.62199999999905 182 185
311.62199999999905 182 186
312.122999999999 140 146
312.122999999999 140 147
312.623999999999 188 189
312.623999999999 188 190
313.124999999999 73 74
313.124999999999 73 90
313.62599999999895 165 178
313.62599999999895 166 167
314.12699999999893 194 197
314.12699999999893 194 198
314.6279999999989 132 134
314.6279999999989 132 135
315.1289999999989 194 199
315.1289999999989 195 196
315.62999999999886 74 89
315.62999999999886 74 90
316.13099999999883 14 20
316.13099999999883 14 21
316.6319999999988 144 150
316.6319999999988 145 146
317.1329999999988 139 148
317.1329999999988 139 149
317.63399999999876 18 28
317.63399999999876 19 20
318.13499999999874 93 107
318.13499999999874 93 108
318.6359999999987 127 128
318.6359999999987 128 129
319.1369999999987 74 75
319.1369999999987 74 80
319.63799999999867 185 191
319.63799999999867 186 187
320.13899999999865 120 136
320.13899999999865 120 137
320.6399999999986 18 22
320.6399999999986 18 23
321.1409999999986 120 130
321.1409999999986 120 131
321.6419999999986 49 72
321.6419999999986 49 73
322.14299999999855 155 162
322.14299999999855 155 163
322.6439999999985 92 129
322.6439999999985 92 130
323.1449999999985 74 87
323.1449999999985 74 88
323.6459999999985 54 73
323.6459999999985 55 56
324.14699999999846 95 110
324.14699999999846 95 111
324.64799999999843 29 36
324.64799999999843 29 37
325.1489999999984 36 65
325.1489999999984 36 66
325.6499999999984 76 86
325.6499999999984 76 87
326.15099999999836 13 16
326.15099999999836 13 17
326.65199999999834 55 73
326.65199999999834 56 57
327.1529999999983 25 26
327.1529999999983 25 27
327.6539999999983 113 134
327.6539999999983 113 135
328.15499999999827 32 68
328.15499999999827 32 69
328.65599999999824 68 69
328.65599999999824 68 70
329.1569999999982 41 44
329.1569999999982 41 45
329.6579999999982 29 30
329.6579999999982 29 33
330.1589999999982 178 185
330.1589999999982 178 186
330.65999999999815 101 102
330.65999999999815 101 105
331.1609999999981 167 176
331.1609999999981 167 177
331.6619999999981 51 71
331.6619999999981 51 72
332.1629999999981 78 79
332.1629999999981 78 80
332.66399999999805 17 20
332.66399999999805 17 21
333.16499999999803 119 120
333.16499999999803 119 127
333.665999999998 96 132
333.665999999998 96 133
334.166999999998 20 21
334.166999999998 20 22
334.66799999999796 114 132
334.66799999999796 114 133
335.16899999999794 6 10
335.16899999999794 6 11
335.6699999999979 177 178
335.6699999999979 178 179
336.1709999999979 74 85
336.1709999999979 74 86
336.67199999999787 93 111
336.67199999999787 93 112
337.17299999999784 31 33
337.17299999999784 31 34
337.6739999999978 36 69
337.6739999999978 36 70
338.1749999999978 91 128
338.1749999999978 91 129
338.67599999999777 12 21
338.67599999999777 12 22
339.17699999999775 92 131
339.17699999999775 92 132
339.6779999999977 2 4
339.6779999999977 2 5
340.1789999999977 103 105
340.1789999999977 103 106
340.6799999999977 125 126
340.6799999999977 125 127
341.18099999999765 56 66
341.18099999999765 56 68
341.68199999999763 30 90
341.68199999999763 31 32
342.1829999999976 184 185
342.1829999999976 184 186
342.6839999999976 98 132
342.6839999999976 98 133
343.18499999999756 131 136
343.18499999999756 132 133
343.68599999999753 68 71
343.68599999999753 68 72
344.1869999999975 196 198
344.1869999999975 196 199
344.6879999999975 17 18
344.6879999999975 17 19
345.18899999999746 138 164
345.18899999999746 138 192
345.68999999999744 29 53
345.68999999999744 29 62
346.1909999999974 76 84
346.1909999999974 76 85
346.6919999999974 180 184
346.6919999999974 180 185
347.19299999999737 4 7
347.19299999999737 4 8
347.69399999999735 113 114
347.69399999999735 113 129
348.1949999999973 67 70
348.1949999999973 67 71
348.6959999999973 195 197
348.6959999999973 195 198
349.1969999999973 34 50
349.1969999999973 34 64
349.69799999999725 49 50
349.69799999999725 49 67
350.1989999999972 78 89
350.1989999999972 79 80
350.6999999999972 142 147
350.6999999999972 142 148
351.2009999999972 81 82
351.2009999999972 81 83
351.70199999999716 169 175
351.70199999999716 169 176
352.20299999999713 67 72
352.20299999999713 67 73
352.7039999999971 182 189
352.7039999999971 182 190
353.2049999999971 31 70
353.2049999999971 31 71
353.70599999999706 30 67
353.70599999999706 30 68
354.20699999999704 171 174
354.20699999999704 171 175
354.707999999997 78 85
354.707999999997 78 86
355.208999999997 113 132
355.208999999997 113 133
355.70999999999697 51 67
355.70999999999697 51 68
356.21099999999694 120 128
356.21099999999694 120 129
356.7119999999969 153 163
356.7119999999969 153 164
357.2129999999969 95 132
357.2129999999969 95 133
357.7139999999969 181 185
357.7139999999969 181 186
358.21499999999685 174 175
358.21499999999685 174 176
358.7159999999968 34 65
358.7159999999968 34 66
359.2169999999968 52 64
359.2169999999968 52 65
359.7179999999968 96 110
359.7179999999968 96 111
360.21899999999675 31 46
360.21899999999675 31 47
360.71999999999673 197 198
360.71999999999673 197 199
361.2209999999967 118 128
361.2209999999967 118 129
361.7219999999967 29 43
361.7219999999967 29 44
362.22299999999666 169 173
362.22299999999666 169 174
362.72399999999664 97 135
362.72399999999664 97 136
363.2249999999966 18 26
363.2249999999966 18 27
363.7259999999966 175 176
363.7259999999966 176 177
364.22699999999656 19 23
364.22699999999656 19 24
364.72799999999654 119 134
364.72799999999654 119 135
365.2289999999965 91 132
365.2289999999965 91 133
365.7299999999965 43 45
365.7299999999965 43 46
366.23099999999647 183 190
366.23099999999647 183 191
366.73199999999645 30 63
366.73199999999645 30 64
367.2329999999964 102 106
367.2329999999964 102 107
367.7339999999964 82 87
367.7339999999964 82 88
368.2349999999964 54 71
368.2349999999964 54 72
368.73599999999635 29 71
368.73599999999635 29 72
369.2369999999963 19 27
369.2369999999963 19 28
369.7379999999963 97 108
369.7379999999963 97 109
370.2389999999963 26 27
370.2389999999963 27 28
370.73999999999626 69 71
370.73999999999626 69 72
371.24099999999623 187 190
371.24099999999623 187 191
371.7419999999962 165 168
371.7419999999962 165 169
372.2429999999962 90 150
372.2429999999962 90 151
372.74399999999616 55 67
372.74399999999616 55 68
373.24499999999614 138 150
373.24499999999614 138 151
373.7459999999961 98 107
373.7459999999961 98 108
374.2469999999961 114 136
374.2469999999961 114 137
374.74799999999607 31 52
374.74799999999607 31 63
375.24899999999604 165 170
375.24899999999604 165 171
375.749999999996 3 4
375.749999999996 3 5
376.250999999996 104 106
376.250999999996 104 107
376.751999999996 13 22
376.751999999996 13 23
377.25299999999595 79 85
377.25299999999595 79 86
377.7539999999959 93 115
377.7539999999959 93 116
378.2549999999959 104 108
378.2549999999959 105 106
378.7559999999959 153 155
378.7559999999959 153 156
379.25699999999586 32 70
379.25699999999586 32 71
379.75799999999583 157 161
379.75799999999583 157 162
380.2589999999958 34 73
380.2589999999958 35 36
380.7599999999958 53 69
380.7599999999958 53 70
381.26099999999576 3 8
381.26099999999576 3 9
381.76199999999574 112 132
381.76199999999574 112 133
382.2629999999957 40 41
382.2629999999957 40 42
382.7639999999957 156 163
382.7639999999957 157 158
383.26499999999567 20 25
383.26499999999567 20 26
383.76599999999564 93 109
383.76599999999564 93 110
384.2669999999956 122 125
384.2669999999956 122 126
384.7679999999956 97 133
384.7679999999956 97 134
