0 94 132
0 94 133
1.5 28 89
1.5 28 90
3.0 92 109
3.0 92 110
4.5 52 72
4.5 52 73
6.0 183 188
6.0 183 189
7.5 121 135
7.5 121 136
9.0 91 130
9.0 91 131
10.5 143 144
10.5 143 145
12.0 123 130
12.0 124 125
13.5 91 117
13.5 91 118
15.0 92 94
15.0 92 95
16.5 55 61
16.5 55 62
18.0 12 25
18.0 12 26
19.5 194 197
19.5 194 198
21.0 80 88
21.0 80 89
22.5 171 176
22.5 171 177
24.0 80 82
24.0 80 83
25.5 100 107
25.5 100 108
27.0 65 71
27.0 65 72
28.5 188 189
28.5 188 190
30.0 39 46
30.0 39 47
31.5 116 132
31.5 116 133
33.0 50 67
33.0 50 68
34.5 96 112
34.5 96 113
36.0 31 66
36.0 31 67
37.5 90 107
37.5 90 108
39.0 15 25
39.0 15 26
40.5 34 67
40.5 34 68
42.0 55 63
42.0 55 64
43.5 73 74
43.5 73 90
45.0 14 22
45.0 14 23
46.5 38 45
46.5 38 46
48.0 141 147
48.0 141 148
49.5 152 160
49.5 152 161
51.0 42 47
51.0 43 44
52.5 33 34
52.5 33 35
54.0 30 35
54.0 30 36
55.5 165 178
55.5 166 167
57.0 80 86
57.0 80 87
58.5 56 71
58.5 56 72
60.0 99 100
60.0 99 106
61.5 155 158
61.5 155 159
63.0 6 8
63.0 6 9
64.5 15 17
64.5 15 18
66.0 99 111
66.0 99 112
67.5 181 183
67.5 181 184
69.0 101 102
69.0 101 105
70.5 156 157
70.5 156 158
72.0 16 27
72.0 16 28
73.5 50 71
73.5 50 72
75.0 29 49
75.0 29 50
76.5 154 155
76.5 154 156
78.0 121 133
78.0 121 134
79.5 188 191
79.5 189 190
81.0 37 47
81.0 37 48
82.5 139 140
82.5 139 141
84.0 39 44
84.0 39 45
85.5 150 151
85.5 151 152
87.0 178 189
87.0 178 190
88.5 38 72
88.5 38 73
90.0 113 130
90.0 113 131
91.5 91 94
91.5 91 95
93.0 166 172
93.0 166 173
94.5 143 148
94.5 143 149
96.0 30 37
96.0 30 38
97.5 116 117
97.5 116 129
99.0 30 51
99.0 30 52
100.5 161 162
100.5 162 163
102.0 98 130
102.0 98 131
103.5 121 122
103.5 121 126
105.0 146 148
105.0 146 149
106.5 36 73
106.5 37 38
108.0 91 132
108.0 91 133
109.5 13 26
109.5 13 27
111.0 30 47
111.0 30 48
112.5 179 190
112.5 179 191
114.0 71 72
114.0 72 73
115.5 95 114
115.5 95 129
117.0 32 64
117.0 32 65
118.5 51 73
118.5 52 53
120.0 180 182
120.0 180 183
121.5 92 135
121.5 92 136
123.0 102 104
123.0 102 105
124.5 35 71
124.5 35 72
126.0 152 162
126.0 152 163
127.5 91 134
127.5 91 135
129.0 181 191
129.0 181 192
130.5 92 129
130.5 92 130
132.0 181 189
132.0 181 190
133.5 18 26
133.5 18 27
135.0 54 73
135.0 55 56
136.5 23 25
136.5 23 26
138.0 91 96
138.0 91 97
139.5 171 172
139.5 171 173
141.0 92 113
141.0 92 114
142.5 32 33
142.5 32 34
144.0 36 45
144.0 36 46
145.5 76 84
145.5 76 85
147.0 79 81
147.0 79 82
148.5 39 48
148.5 39 49
150.0 30 67
150.0 30 68
151.5 140 148
151.5 140 149
153.0 29 53
153.0 29 62
154.5 156 163
154.5 157 158
156.0 35 69
156.0 35 70
157.5 165 172
157.5 165 173
159.0 40 45
159.0 40 46
160.5 154 163
160.5 154 164
162.0 81 86
162.0 81 87
163.5 182 185
163.5 182 186
165.0 114 132
165.0 114 133
166.5 96 97
166.5 96 107
168.0 80 84
168.0 80 85
169.5 75 78
169.5 75 79
171.0 37 72
171.0 37 73
172.5 95 96
172.5 95 97
174.0 116 134
174.0 116 135
175.5 50 65
175.5 50 66
177.0 77 85
177.0 77 86
178.5 107 108
178.5 108 109
180.0 167 176
180.0 167 177
181.5 75 88
181.5 75 89
183.0 77 89
183.0 77 90
184.5 138 148
184.5 138 149
186.0 76 86
186.0 76 87
187.5 0 3
187.5 0 4
189.0 120 128
189.0 120 129
190.5 37 68
190.5 37 69
192.0 168 169
192.0 168 170
193.5 36 67
193.5 36 68
195.0 117 131
195.0 117 132
196.5 33 36
196.5 33 37
198.0 133 135
198.0 133 136
199.5 170 176
199.5 170 177
201.0 22 24
201.0 22 25
202.5 75 76
202.5 75 77
204.0 95 110
204.0 95 111
205.5 77 79
205.5 77 80
207.0 95 134
207.0 95 135
208.5 41 42
208.5 41 43
210.0 81 88
210.0 81 89
211.5 22 26
211.5 22 27
213.0 99 107
213.0 99 108
214.5 36 65
214.5 36 66
216.0 52 70
216.0 52 71
217.5 98 111
217.5 98 112
219.0 3 4
219.0 3 5
220.5 93 129
220.5 93 130
222.0 57 65
222.0 57 71
223.5 37 70
223.5 37 71
225.0 98 136
225.0 98 137
226.5 172 173
226.5 172 174
228.0 0 5
228.0 0 6
229.5 75 82
229.5 75 83
231.0 90 128
231.0 90 129
232.5 85 88
232.5 85 89
234.0 122 125
234.0 122 126
235.5 185 187
235.5 185 188
237.0 111 112
237.0 111 132
238.5 51 71
238.5 51 72
240.0 5 7
240.0 5 8
241.5 53 54
241.5 53 62
243.0 166 170
243.0 166 171
244.5 90 132
244.5 90 133
246.0 30 53
246.0 30 62
247.5 170 174
247.5 170 175
249.0 83 89
249.0 84 85
250.5 32 70
250.5 32 71
252.0 179 188
252.0 179 189
253.5 16 17
253.5 16 18
255.0 19 27
255.0 19 28
256.5 12 21
256.5 12 22
258.0 115 134
258.0 115 135
259.5 116 136
259.5 116 137
261.0 34 46
261.0 34 47
262.5 97 112
262.5 97 130
264.0 154 157
264.0 154 158
265.5 91 105
265.5 91 106
267.0 90 117
267.0 90 118
268.5 163 164
268.5 164 165
270.0 117 118
270.0 117 128
271.5 143 146
271.5 143 147
273.0 4 9
273.0 4 10
274.5 13 20
274.5 13 21
276.0 97 135
276.0 97 136
277.5 91 100
277.5 91 101
279.0 14 26
279.0 14 27
280.5 23 27
280.5 23 28
282.0 33 47
282.0 33 48
283.5 74 85
283.5 74 86
285.0 104 106
285.0 104 107
286.5 55 65
286.5 55 66
288.0 58 63
288.0 58 64
289.5 78 81
289.5 78 82
291.0 193 196
291.0 193 197
292.5 118 130
292.5 118 131
294.0 30 49
294.0 30 50
295.5 180 192
295.5 181 182
297.0 34 50
297.0 34 64
298.5 5 9
298.5 5 10
300.0 25 26
300.0 25 27
301.5 169 177
301.5 170 171
303.0 93 137
303.0 94 95
304.5 13 28
304.5 14 15
306.0 132 134
306.0 132 135
307.5 53 65
307.5 53 66
309.0 193 198
309.0 193 199
310.5 37 66
310.5 37 67
312.0 120 130
312.0 120 131
313.5 117 133
313.5 117 134
315.0 196 198
315.0 196 199
316.5 98 134
316.5 98 135
318.0 33 49
318.0 33 50
319.5 84 86
319.5 84 87
321.0 194 199
321.0 195 196
322.5 51 65
322.5 51 66
324.0 156 161
324.0 156 162
325.5 53 69
325.5 53 70
327.0 142 145
327.0 142 146
328.5 138 150
328.5 138 151
330.0 178 191
330.0 178 192
331.5 35 49
331.5 35 50
333.0 180 190
333.0 180 191
334.5 131 136
334.5 132 133
336.0 94 115
336.0 94 129
337.5 86 89
337.5 87 88
339.0 93 113
339.0 93 114
340.5 112 134
340.5 112 135
342.0 179 192
342.0 180 181
343.5 79 89
343.5 80 81
345.0 122 127
345.0 122 128
346.5 119 136
346.5 119 137
348.0 29 36
348.0 29 37
349.5 41 46
349.5 41 47
351.0 18 20
351.0 18 21
352.5 119 120
352.5 119 127
354.0 95 132
354.0 95 133
355.5 66 72
355.5 66 73
357.0 0 7
357.0 0 8
358.5 90 115
358.5 90 116
360.0 56 66
360.0 56 68
361.5 92 137
361.5 93 94
363.0 184 187
363.0 184 188
364.5 124 126
364.5 124 127
366.0 167 174
366.0 167 175
367.5 76 80
367.5 76 81
369.0 33 69
369.0 33 70
370.5 115 136
370.5 115 137
372.0 103 107
372.0 103 108
373.5 32 35
373.5 32 36
375.0 90 91
375.0 90 97
376.5 60 61
376.5 60 62
378.0 90 105
378.0 90 106
379.5 144 150
379.5 145 146
381.0 166 168
381.0 166 169
382.5 118 128
382.5 118 129
384.0 21 26
384.0 21 27
385.5 95 98
385.5 95 107
387.0 55 67
387.0 55 68
388.5 171 174
388.5 171 175
390.0 54 69
390.0 54 70
391.5 77 81
391.5 77 82
393.0 178 187
393.0 178 188
394.5 153 161
394.5 153 162
396.0 32 45
396.0 32 46
397.5 22 28
397.5 23 24
399.0 120 121
399.0 120 127
400.5 58 59
400.5 58 60
402.0 114 115
402.0 114 129
403.5 157 159
403.5 157 160
405.0 137 149
405.0 137 150
406.5 96 110
406.5 96 111
408.0 74 81
408.0 74 82
409.5 94 96
409.5 94 97
411.0 194 195
411.0 194 196
412.5 187 190
412.5 187 191
414.0 24 25
414.0 24 26
415.5 114 134
415.5 114 135
417.0 15 23
417.0 15 24
418.5 151 192
418.5 152 153
420.0 31 48
420.0 31 49
421.5 65 69
421.5 65 70
423.0 31 33
423.0 31 34
424.5 90 100
424.5 90 101
426.0 77 87
426.0 77 88
427.5 2 6
427.5 2 7
429.0 14 28
429.0 15 16
430.5 4 7
430.5 4 8
432.0 151 163
432.0 151 164
433.5 44 45
433.5 45 46
435.0 138 164
435.0 138 192
436.5 50 51
436.5 50 64
438.0 1 2
438.0 1 3
439.5 152 156
439.5 152 157
441.0 94 130
441.0 94 131
442.5 54 71
442.5 54 72
444.0 31 44
444.0 31 45
445.5 111 137
445.5 112 113
447.0 19 21
447.0 19 22
448.5 16 25
448.5 16 26
450.0 143 150
450.0 144 145
451.5 185 189
451.5 185 190
453.0 31 70
453.0 31 71
454.5 32 49
454.5 32 50
456.0 14 20
456.0 14 21
457.5 156 159
457.5 156 160
459.0 167 168
459.0 167 169
460.5 117 135
460.5 117 136
462.0 21 28
462.0 22 23
463.5 92 96
463.5 92 97
465.0 7 8
465.0 7 9
466.5 15 21
466.5 15 22
468.0 51 69
468.0 51 70
469.5 129 130
469.5 130 131
471.0 138 146
471.0 138 147
472.5 92 107
472.5 92 108
474.0 93 97
474.0 93 98
475.5 116 130
475.5 116 131
477.0 186 188
477.0 186 189
478.5 122 129
478.5 122 130
480.0 81 82
480.0 81 83
481.5 181 185
481.5 181 186
483.0 31 50
483.0 31 51
484.5 93 131
484.5 93 132
486.0 29 63
486.0 29 64
487.5 113 136
487.5 113 137
489.0 1 8
489.0 1 9
490.5 66 70
490.5 66 71
492.0 30 71
492.0 30 72
493.5 74 89
493.5 74 90
495.0 64 71
495.0 64 72
496.5 168 171
496.5 168 172
498.0 83 87
498.0 83 88
499.5 120 132
499.5 120 133
501.0 167 172
501.0 167 173
502.5 144 148
502.5 144 149
504.0 119 128
504.0 119 129
505.5 137 192
505.5 138 139
507.0 14 24
507.0 14 25
508.5 29 65
508.5 29 66
510.0 19 25
510.0 19 26
511.5 97 131
511.5 97 132
513.0 93 109
513.0 93 110
514.5 15 19
514.5 15 20
516.0 94 109
516.0 94 110
517.5 49 50
517.5 49 67
519.0 18 22
519.0 18 23
520.5 115 132
520.5 115 133
522.0 68 73
522.0 69 70
523.5 57 72
523.5 57 73
525.0 53 67
525.0 53 68
526.5 142 143
526.5 142 144
528.0 164 175
528.0 164 176
529.5 82 83
529.5 82 84
531.0 187 188
531.0 187 189
532.5 57 59
532.5 57 60
534.0 165 176
534.0 165 177
535.5 32 66
535.5 32 67
537.0 112 130
537.0 112 131
538.5 100 101
538.5 100 106
540.0 123 124
540.0 123 125
541.5 16 19
541.5 16 20
543.0 0 11
543.0 0 12
544.5 180 184
544.5 180 185
546.0 35 67
546.0 35 68
547.5 182 189
547.5 182 190
549.0 94 136
549.0 94 137
550.5 93 99
550.5 93 106
552.0 75 86
552.0 75 87
553.5 24 27
553.5 24 28
555.0 39 40
555.0 39 43
556.5 0 9
556.5 0 10
558.0 118 136
558.0 118 137
559.5 30 39
559.5 30 44
561.0 20 21
561.0 20 22
562.5 78 83
562.5 78 84
564.0 151 159
564.0 151 160
565.5 31 46
565.5 31 47
567.0 36 49
567.0 36 50
568.5 29 34
568.5 29 35
570.0 179 180
570.0 179 181
571.5 139 142
571.5 139 143
573.0 93 135
573.0 93 136
574.5 92 131
574.5 92 132
576.0 158 160
576.0 158 161
577.5 90 163
577.5 90 164
579.0 84 88
579.0 84 89
580.5 69 71
580.5 69 72
582.0 127 128
582.0 128 129
583.5 91 163
583.5 91 164
585.0 36 71
585.0 36 72
586.5 148 149
586.5 149 150
588.0 197 198
588.0 197 199
589.5 90 113
589.5 90 114
591.0 99 134
591.0 99 135
592.5 157 161
592.5 157 162
594.0 29 45
594.0 29 46
595.5 113 132
595.5 113 133
597.0 92 117
597.0 92 128
598.5 151 157
598.5 151 158
600.0 95 108
600.0 95 109
601.5 91 109
601.5 91 110
603.0 38 49
603.0 38 69
604.5 36 69
604.5 36 70
606.0 182 191
606.0 182 192
607.5 114 130
607.5 114 131
609.0 125 128
609.0 126 127
610.5 113 134
610.5 113 135
612.0 29 71
612.0 29 72
613.5 63 64
613.5 64 65
615.0 93 107
615.0 93 108
616.5 4 11
616.5 5 6
618.0 65 73
618.0 66 67
619.5 20 25
619.5 20 26
621.0 90 98
621.0 90 99
622.5 31 35
622.5 31 36
624.0 33 71
624.0 33 72
625.5 122 131
625.5 122 134
627.0 169 171
627.0 169 172
628.5 34 36
628.5 34 45
630.0 28 29
630.0 28 70
631.5 17 18
631.5 17 19
633.0 121 127
633.0 121 128
634.5 90 134
634.5 90 135
636.0 91 98
636.0 91 99
637.5 155 162
637.5 155 163
639.0 95 130
639.0 95 131
640.5 164 173
640.5 164 174
642.0 100 136
642.0 100 137
643.5 94 113
643.5 94 114
645.0 155 160
645.0 155 161
646.5 90 177
646.5 90 178
648.0 7 10
648.0 7 11
649.5 93 95
649.5 93 96
651.0 96 130
651.0 96 131
652.5 97 108
652.5 97 109
654.0 179 186
654.0 179 187
655.5 68 71
655.5 68 72
657.0 190 191
657.0 191 192
658.5 37 49
658.5 37 50
660.0 122 135
660.0 122 136
661.5 172 177
661.5 173 174
663.0 30 69
663.0 30 70
664.5 12 23
664.5 12 24
666.0 32 68
666.0 32 69
667.5 76 78
667.5 76 79
669.0 54 63
669.0 54 64
670.5 17 20
670.5 17 21
672.0 30 73
672.0 30 74
673.5 92 98
673.5 92 99
675.0 101 106
675.0 101 107
676.5 49 70
676.5 49 71
678.0 96 108
678.0 96 109
679.5 3 8
679.5 3 9
681.0 75 80
681.0 75 81
682.5 153 163
682.5 153 164
684.0 34 48
684.0 34 49
685.5 131 134
685.5 131 135
687.0 78 89
687.0 79 80
688.5 93 133
688.5 93 134
690.0 94 111
690.0 94 112
691.5 183 190
691.5 183 191
693.0 103 109
693.0 104 105
694.5 93 115
694.5 93 116
696.0 138 144
696.0 138 145
697.5 125 126
697.5 125 127
699.0 134 135
699.0 135 136
700.5 90 111
700.5 90 112
702.0 32 47
702.0 32 48
703.5 51 63
703.5 51 64
705.0 30 33
705.0 30 34
706.5 119 132
706.5 119 133
708.0 103 105
708.0 103 106
709.5 184 189
709.5 184 190
711.0 67 68
711.0 67 69
712.5 13 16
712.5 13 17
714.0 130 135
714.0 130 136
715.5 29 47
715.5 29 48
717.0 139 150
717.0 140 141
718.5 184 185
718.5 184 186
720.0 12 13
720.0 12 20
721.5 20 27
721.5 20 28
723.0 132 136
723.0 133 134
724.5 90 191
724.5 90 192
726.0 151 161
726.0 151 162
727.5 92 100
727.5 92 106
729.0 21 24
729.0 21 25
730.5 51 67
730.5 51 68
732.0 111 133
732.0 111 134
733.5 165 170
733.5 165 171
735.0 8 11
735.0 9 10
736.5 139 148
736.5 139 149
738.0 31 37
738.0 31 38
739.5 78 79
739.5 78 80
741.0 91 92
741.0 91 93
742.5 34 71
742.5 34 72
744.0 55 69
744.0 55 70
745.5 0 1
745.5 0 2
747.0 186 190
747.0 186 191
748.5 14 18
748.5 14 19
750.0 2 4
750.0 2 5
751.5 165 174
751.5 165 175
753.0 74 75
753.0 74 80
754.5 76 82
754.5 76 83
756.0 140 150
756.0 141 142
757.5 29 43
757.5 29 44
759.0 169 173
759.0 169 174
760.5 54 65
760.5 54 66
762.0 50 69
762.0 50 70
763.5 98 107
763.5 98 108
765.0 21 22
765.0 21 23
766.5 38 47
766.5 38 48
768.0 35 73
768.0 36 37
769.5 88 89
769.5 89 90
771.0 58 61
771.0 58 62
772.5 1 12
772.5 2 3
774.0 18 24
774.0 18 25
775.5 178 185
775.5 178 186
777.0 153 155
777.0 153 156
778.5 3 10
778.5 3 11
780.0 1 6
780.0 1 7
781.5 94 107
781.5 94 108
783.0 100 109
783.0 100 110
784.5 170 172
784.5 170 173
786.0 1 4
786.0 1 5
787.5 140 142
787.5 140 143
789.0 98 109
789.0 98 110
790.5 29 38
790.5 29 39
792.0 141 149
792.0 141 150
793.5 192 193
793.5 193 194
795.0 10 11
795.0 11 12
796.5 13 22
796.5 13 23
798.0 46 47
798.0 47 48
799.5 30 31
799.5 30 32
801.0 98 132
801.0 98 133
802.5 55 73
802.5 56 57
804.0 31 52
804.0 31 63
805.5 41 44
805.5 41 45
807.0 115 130
807.0 115 131
808.5 96 134
808.5 96 135
810.0 96 136
810.0 96 137
811.5 67 70
811.5 67 71
813.0 34 69
813.0 34 70
814.5 29 69
814.5 29 70
816.0 93 111
816.0 93 112
817.5 139 144
817.5 139 145
819.0 139 146
819.0 139 147
820.5 172 175
820.5 172 176
822.0 166 176
822.0 166 177
823.5 28 71
823.5 28 72
825.0 90 130
825.0 90 131
826.5 92 133
826.5 92 134
828.0 120 136
828.0 120 137
829.5 99 132
829.5 99 133
831.0 120 134
831.0 120 135
832.5 42 43
832.5 42 44
834.0 102 106
834.0 102 107
835.5 117 129
835.5 117 130
837.0 52 68
837.0 52 69
838.5 40 47
838.5 40 48
840.0 92 111
840.0 92 112
841.5 99 136
841.5 99 137
843.0 38 70
843.0 38 71
844.5 168 173
844.5 168 174
846.0 29 89
846.0 29 90
847.5 13 18
847.5 13 19
849.0 56 64
849.0 56 65
850.5 33 45
850.5 33 46
852.0 131 132
852.0 131 133
853.5 118 132
853.5 118 133
855.0 43 45
855.0 43 46
856.5 74 83
856.5 74 84
858.0 30 45
858.0 30 46
859.5 117 137
859.5 118 119
861.0 29 73
861.0 29 74
862.5 166 174
862.5 166 175
864.0 56 69
864.0 56 70
865.5 152 164
865.5 153 154
867.0 26 27
867.0 27 28
868.5 180 186
868.5 180 187
870.0 124 128
870.0 124 129
871.5 91 113
871.5 91 114
873.0 18 28
873.0 19 20
874.5 33 67
874.5 33 68
876.0 49 72
876.0 49 73
877.5 169 175
877.5 169 176
879.0 94 134
879.0 94 135
880.5 35 47
880.5 35 48
882.0 55 71
882.0 55 72
883.5 91 177
883.5 91 178
885.0 79 83
885.0 79 84
886.5 182 183
886.5 182 184
888.0 82 87
888.0 82 88
889.5 13 14
889.5 13 15
891.0 90 136
891.0 90 137
892.5 184 191
892.5 185 186
894.0 142 149
894.0 142 150
895.5 39 72
895.5 39 73
897.0 57 61
897.0 57 62
898.5 40 43
898.5 40 44
900.0 42 45
900.0 42 46
901.5 50 73
901.5 51 52
903.0 183 186
903.0 183 187
904.5 140 146
904.5 140 147
906.0 101 110
906.0 102 103
907.5 118 134
907.5 118 135
909.0 66 68
909.0 66 69
910.5 79 85
910.5 79 86
912.0 115 116
912.0 115 129
913.5 154 159
913.5 154 160
915.0 49 68
915.0 49 69
916.5 97 98
916.5 97 107
918.0 159 162
918.0 159 163
919.5 102 110
919.5 103 104
921.0 34 73
921.0 35 36
922.5 38 39
922.5 38 44
924.0 92 115
924.0 92 116
925.5 81 84
925.5 81 85
927.0 40 41
927.0 40 42
928.5 28 73
928.5 28 74
930.0 158 162
930.0 158 163
931.5 6 10
931.5 6 11
933.0 82 85
933.0 82 86
934.5 30 90
934.5 31 32
936.0 29 67
936.0 29 68
937.5 85 86
937.5 85 87
939.0 175 176
939.0 176 177
940.5 5 11
940.5 6 7
942.0 90 150
942.0 90 151
943.5 54 67
943.5 54 68
945.0 136 137
945.0 137 138
946.5 179 182
946.5 179 183
948.0 140 144
948.0 140 145
949.5 142 147
949.5 142 148
951.0 113 114
951.0 113 129
952.5 101 108
952.5 101 109
954.0 121 137
954.0 122 123
955.5 183 184
955.5 183 185
957.0 57 63
957.0 57 64
958.5 33 51
958.5 33 64
960.0 141 143
960.0 141 144
961.5 91 136
961.5 91 137
963.0 68 69
963.0 68 70
964.5 37 45
964.5 37 46
966.0 17 26
966.0 17 27
967.5 32 37
967.5 32 38
969.0 159 160
969.0 159 161
970.5 8 9
970.5 8 10
972.0 31 72
972.0 31 73
973.5 70 71
973.5 70 72
975.0 195 197
975.0 195 198
976.5 76 88
976.5 76 89
978.0 180 188
978.0 180 189
979.5 19 23
979.5 19 24
981.0 152 158
981.0 152 159
982.5 86 87
982.5 86 88
984.0 137 151
984.0 137 164
985.5 15 27
985.5 15 28
987.0 31 64
987.0 31 65
988.5 174 175
988.5 174 176
990.0 167 170
990.0 167 171
991.5 165 168
991.5 165 169
993.0 17 24
993.0 17 25
994.5 33 73
994.5 34 35
996.0 82 89
996.0 83 84
997.5 179 184
997.5 179 185
999.0 17 22
999.0 17 23
1000.5 104 108
1000.5 105 106
1002.0 91 115
1002.0 91 116
1003.5 91 192
1003.5 92 93
1005.0 182 187
1005.0 182 188
1006.5 97 110
1006.5 97 111
1008.0 33 65
1008.0 33 66
1009.5 153 159
1009.5 153 160
1011.0 91 107
1011.0 91 108
1012.5 153 157
1012.5 153 158
1014.0 56 73
1014.0 57 58
1015.5 123 126
1015.5 123 127
1017.0 100 111
1017.0 100 135
1018.5 74 87
1018.5 74 88
1020.0 173 175
1020.0 173 176
1021.5 52 64
1021.5 52 65
1023.0 32 72
1023.0 32 73
1024.5 155 156
1024.5 155 157
1026.0 31 68
1026.0 31 69
1027.5 91 128
1027.5 91 129
1029.0 141 145
1029.0 141 146
1030.5 32 51
1030.5 32 63
1032.0 154 161
1032.0 154 162
1033.5 121 131
1033.5 121 132
1035.0 157 163
1035.0 158 159
1036.5 56 62
1036.5 56 63
1038.0 181 187
1038.0 181 188
1039.5 168 177
1039.5 169 170
1041.0 102 108
1041.0 102 109
1042.5 91 111
1042.5 91 112
1044.0 160 161
1044.0 160 162
1045.5 109 110
1045.5 110 111
1047.0 56 60
1047.0 56 61
1048.5 3 6
1048.5 3 7
1050.0 111 135
1050.0 111 136
1051.5 35 65
1051.5 35 66
1053.0 64 73
1053.0 65 66
1054.5 12 27
1054.5 12 28
1056.0 77 83
1056.0 77 84
1057.5 59 60
1057.5 59 61
1059.0 13 24
1059.0 13 25
1060.5 99 109
1060.5 99 110
1062.0 59 62
1062.0 59 63
1063.5 121 129
1063.5 121 130
1065.0 105 107
1065.0 106 107
1066.5 67 72
1066.5 67 73
1068.0 97 133
1068.0 97 134
1069.5 97 137
1069.5 98 99
1071.0 54 61
1071.0 54 62
1072.5 61 62
1072.5 62 63
1074.0 94 98
1074.0 94 99
1075.5 17 28
1075.5 18 19
1077.0 16 23
1077.0 16 24
1078.5 29 30
1078.5 29 33
1080.0 4 5
1080.0 4 6
1081.5 145 147
1081.5 145 148
1083.0 29 51
1083.0 29 52
1084.5 34 65
1084.5 34 66
1086.0 53 63
1086.0 53 64
1087.5 168 175
1087.5 168 176
1089.0 195 199
1089.0 196 197
1090.5 147 148
1090.5 147 149
1092.0 2 10
1092.0 2 11
1093.5 119 130
1093.5 119 131
1095.0 75 90
1095.0 76 77
1096.5 112 136
1096.5 112 137
1098.0 14 16
1098.0 14 17
1099.5 78 85
1099.5 78 86
1101.0 75 84
1101.0 75 85
1102.5 20 23
1102.5 20 24
1104.0 83 85
1104.0 83 86
1105.5 96 132
1105.5 96 133
1107.0 76 90
1107.0 77 78
1108.5 185 191
1108.5 186 187
1110.0 114 136
1110.0 114 137
1111.5 1 10
1111.5 1 11
1113.0 30 63
1113.0 30 64
1114.5 164 177
1114.5 164 178
1116.0 30 65
1116.0 30 66
1117.5 36 47
1117.5 36 48
1119.0 78 87
1119.0 78 88
1120.5 48 49
1120.5 48 73
1122.0 112 132
1122.0 112 133
1123.5 95 112
1123.5 95 113
1125.0 16 21
1125.0 16 22
1126.5 53 73
1126.5 54 55
1128.0 164 192
1128.0 165 166
1129.5 53 71
1129.5 53 72
1131.0 52 62
1131.0 52 63
1132.5 2 8
1132.5 2 9
1134.0 52 66
1134.0 52 67
1135.5 152 154
1135.5 152 155
1137.0 145 149
1137.0 146 147
1138.5 95 136
1138.5 95 137
1140.0 198 199
1141.5 144 146
1141.5 144 147
1143.0 90 109
1143.0 90 110
1144.5 79 87
1144.5 79 88
1146.0 177 178
1146.0 178 179
1147.5 91 150
1147.5 91 151
1149.0 119 134
1149.0 119 135
1150.5 35 45
1150.5 35 46
1152.0 123 128
1152.0 123 129
