0 52 57
0 52 58
1.5 53 64
1.5 53 65
3.0 51 61
3.0 51 62
4.5 164 165
4.5 165 166
6.0 1 2
6.0 1 3
7.5 111 112
7.5 112 113
9.0 81 86
9.0 81 87
10.5 94 110
10.5 94 111
12.0 3 6
12.0 3 7
13.5 95 112
13.5 95 113
15.0 95 108
15.0 95 109
16.5 155 160
16.5 155 161
18.0 69 86
18.0 69 87
19.5 93 118
19.5 93 143
21.0 68 193
21.0 69 70
22.5 130 140
22.5 131 132
24.0 18 168
24.0 18 192
25.5 150 158
25.5 150 159
27.0 100 108
27.0 100 109
28.5 54 57
28.5 54 58
30.0 99 115
30.0 99 116
31.5 145 165
31.5 145 166
33.0 109 112
33.0 109 113
34.5 153 162
34.5 153 163
36.0 179 187
36.0 179 188
37.5 97 102
37.5 97 103
39.0 46 47
39.0 46 53
40.5 97 104
40.5 97 105
42.0 146 164
42.0 146 165
43.5 173 183
43.5 173 184
45.0 174 186
45.0 174 187
46.5 69 92
46.5 69 93
48.0 175 185
48.0 175 186
49.5 98 117
49.5 99 100
51.0 24 30
51.0 24 31
52.5 94 95
52.5 94 109
54.0 23 26
54.0 23 27
55.5 5 14
55.5 6 7
57.0 90 91
57.0 91 92
58.5 171 193
58.5 172 173
60.0 149 159
60.0 149 160
61.5 28 35
61.5 28 36
63.0 21 31
63.0 21 32
64.5 173 189
64.5 173 190
66.0 50 60
66.0 50 61
67.5 176 191
67.5 176 192
69.0 123 132
69.0 123 133
70.5 79 90
70.5 80 81
72.0 74 92
72.0 75 76
73.5 28 37
73.5 28 38
75.0 95 110
75.0 95 111
76.5 58 63
76.5 59 60
78.0 110 111
78.0 110 112
79.5 169 193
79.5 170 171
81.0 2 6
81.0 2 7
82.5 24 38
82.5 24 39
84.0 22 31
84.0 22 32
85.5 52 53
85.5 52 54
87.0 121 134
87.0 121 135
88.5 44 58
88.5 44 59
90.0 156 163
90.0 156 164
91.5 179 191
91.5 180 181
93.0 25 28
93.0 25 29
94.5 159 160
94.5 159 161
96.0 73 90
96.0 73 91
97.5 22 35
97.5 22 36
99.0 121 142
99.0 121 143
100.5 19 37
100.5 19 38
102.0 96 106
102.0 96 107
103.5 149 155
103.5 149 156
105.0 159 162
105.0 159 163
106.5 171 187
106.5 171 188
108.0 99 101
108.0 99 102
109.5 155 158
109.5 155 159
111.0 81 88
111.0 81 89
112.5 153 158
112.5 153 159
114.0 23 42
114.0 24 25
115.5 97 106
115.5 97 107
117.0 128 130
117.0 128 131
118.5 18 143
118.5 18 167
120.0 27 31
120.0 27 32
121.5 47 64
121.5 47 65
123.0 86 87
123.0 87 88
124.5 121 138
124.5 121 139
126.0 79 84
126.0 79 85
127.5 181 187
127.5 181 188
129.0 25 34
129.0 25 35
130.5 123 126
130.5 123 127
132.0 25 38
132.0 25 39
133.5 115 116
133.5 116 117
135.0 72 77
135.0 72 78
136.5 127 129
136.5 127 130
138.0 56 57
138.0 56 58
139.5 75 89
139.5 75 90
141.0 29 34
141.0 29 35
142.5 123 128
142.5 123 129
144.0 21 29
144.0 21 30
145.5 100 114
145.5 100 115
147.0 119 142
147.0 119 143
148.5 196 197
148.5 197 198
150.0 24 28
150.0 24 29
151.5 128 136
151.5 128 137
153.0 151 164
153.0 151 165
154.5 43 68
154.5 43 93
156.0 72 89
156.0 72 90
157.5 148 152
157.5 148 153
159.0 42 92
159.0 42 93
160.5 44 68
160.5 45 46
162.0 123 140
162.0 123 141
163.5 125 139
163.5 125 140
165.0 49 63
165.0 49 64
166.5 125 135
166.5 125 136
168.0 157 159
168.0 157 160
169.5 93 116
169.5 93 117
171.0 32 36
171.0 32 37
172.5 43 193
172.5 44 45
174.0 23 38
174.0 23 39
175.5 26 27
175.5 26 28
177.0 130 134
177.0 130 135
178.5 154 158
178.5 154 159
180.0 174 176
180.0 174 177
181.5 106 111
181.5 106 112
183.0 182 185
183.0 182 186
184.5 123 130
184.5 123 131
186.0 174 180
186.0 174 181
187.5 127 135
187.5 127 136
189.0 105 114
189.0 105 115
190.5 47 62
190.5 47 63
192.0 94 114
192.0 94 115
193.5 102 114
193.5 102 115
195.0 120 137
195.0 120 138
196.5 51 65
196.5 51 66
198.0 19 41
198.0 19 42
199.5 170 185
199.5 170 186
201.0 143 193
201.0 144 145
202.5 122 135
202.5 122 136
204.0 0 11
204.0 0 12
205.5 105 108
205.5 105 109
207.0 180 186
207.0 180 187
208.5 130 138
208.5 130 139
210.0 6 8
210.0 6 9
211.5 150 164
211.5 150 165
213.0 47 52
213.0 47 53
214.5 61 62
214.5 62 63
216.0 106 109
216.0 106 110
217.5 77 80
217.5 77 81
219.0 194 195
219.0 195 196
220.5 79 86
220.5 79 87
222.0 123 136
222.0 123 137
223.5 26 39
223.5 26 40
225.0 160 161
225.0 160 162
226.5 124 132
226.5 124 133
228.0 50 64
228.0 50 65
229.5 186 187
229.5 187 188
231.0 158 163
231.0 158 164
232.5 5 6
232.5 5 7
234.0 26 29
234.0 26 30
235.5 171 185
235.5 171 186
237.0 44 60
237.0 44 61
238.5 3 8
238.5 3 9
240.0 54 61
240.0 54 62
241.5 21 33
241.5 21 34
243.0 96 116
243.0 96 117
244.5 56 59
244.5 56 60
246.0 98 109
246.0 98 110
247.5 78 89
247.5 78 90
249.0 49 61
249.0 49 62
250.5 77 78
250.5 77 79
252.0 101 108
252.0 101 109
253.5 29 30
253.5 29 31
255.0 23 36
255.0 23 37
256.5 1 12
256.5 1 13
258.0 99 107
258.0 99 108
259.5 175 183
259.5 175 184
261.0 74 76
261.0 74 77
262.5 166 167
262.5 167 168
264.0 183 185
264.0 183 186
265.5 133 138
265.5 134 135
267.0 147 163
267.0 147 164
268.5 132 134
268.5 132 135
270.0 122 143
270.0 123 124
271.5 168 169
271.5 168 189
273.0 176 185
273.0 176 186
274.5 23 28
274.5 23 29
276.0 149 165
276.0 149 166
277.5 181 185
277.5 181 186
279.0 8 11
279.0 8 12
280.5 101 110
280.5 101 111
282.0 69 88
282.0 69 89
283.5 156 161
283.5 156 162
285.0 131 139
285.0 132 133
286.5 1 16
286.5 2 3
288.0 179 181
288.0 179 182
289.5 51 63
289.5 51 64
291.0 180 182
291.0 180 183
292.5 179 183
292.5 179 184
294.0 100 106
294.0 100 107
295.5 27 39
295.5 27 40
297.0 72 81
297.0 72 82
298.5 30 39
298.5 31 32
300.0 153 156
300.0 153 157
301.5 147 157
301.5 147 158
303.0 120 141
303.0 120 142
304.5 170 187
304.5 170 188
306.0 21 39
306.0 21 40
307.5 26 41
307.5 27 28
309.0 65 66
309.0 66 67
310.5 74 82
310.5 74 83
312.0 42 67
312.0 42 68
313.5 3 4
313.5 3 5
315.0 181 183
315.0 181 184
316.5 31 37
316.5 31 38
318.0 134 138
318.0 135 136
319.5 179 189
319.5 179 190
321.0 172 180
321.0 172 181
322.5 45 62
322.5 45 63
324.0 94 118
324.0 95 96
325.5 55 63
325.5 55 64
327.0 158 159
327.0 158 160
328.5 151 166
328.5 151 167
330.0 132 136
330.0 132 137
331.5 77 88
331.5 77 89
333.0 146 158
333.0 146 159
334.5 49 67
334.5 50 51
336.0 170 193
336.0 171 172
337.5 128 140
337.5 128 141
339.0 175 179
339.0 175 180
340.5 173 177
340.5 173 178
342.0 32 34
342.0 32 35
343.5 127 141
343.5 128 129
345.0 52 63
345.0 52 64
346.5 168 192
346.5 168 193
348.0 72 83
348.0 72 84
349.5 44 66
349.5 44 67
351.0 144 160
351.0 144 161
352.5 19 33
352.5 19 34
354.0 147 165
354.0 147 166
355.5 25 40
355.5 25 41
357.0 48 59
357.0 48 60
358.5 50 52
358.5 50 53
360.0 73 80
360.0 73 81
361.5 118 168
361.5 118 193
363.0 44 62
363.0 44 63
364.5 55 61
364.5 55 62
366.0 96 104
366.0 96 105
367.5 145 159
367.5 145 160
369.0 30 35
369.0 30 36
370.5 174 192
370.5 175 176
372.0 48 63
372.0 48 64
373.5 129 134
373.5 129 135
375.0 122 131
375.0 122 132
376.5 2 12
376.5 2 13
378.0 23 24
378.0 23 25
379.5 4 5
379.5 4 6
381.0 103 113
381.0 103 114
382.5 172 188
382.5 172 189
384.0 55 57
384.0 55 58
385.5 76 90
385.5 76 91
387.0 17 167
387.0 17 168
388.5 126 139
388.5 126 140
390.0 71 88
390.0 71 89
391.5 79 88
391.5 79 89
393.0 67 68
393.0 68 69
394.5 190 191
394.5 191 192
396.0 148 154
396.0 148 155
397.5 148 166
397.5 148 167
399.0 147 167
399.0 147 168
400.5 119 136
400.5 119 137
402.0 148 168
402.0 149 150
403.5 22 37
403.5 22 38
405.0 17 117
405.0 17 118
406.5 3 12
406.5 3 13
408.0 43 66
408.0 43 67
409.5 49 57
409.5 49 58
411.0 31 39
411.0 32 33
412.5 72 87
412.5 72 88
414.0 26 35
414.0 26 36
415.5 7 8
415.5 7 9
417.0 101 102
417.0 101 103
418.5 81 84
418.5 81 85
420.0 0 9
420.0 0 10
421.5 105 112
421.5 105 113
423.0 17 142
423.0 17 143
424.5 43 62
424.5 43 63
426.0 175 187
426.0 175 188
427.5 98 115
427.5 98 116
429.0 18 93
429.0 18 117
430.5 156 159
430.5 156 160
432.0 149 153
432.0 149 154
433.5 20 41
433.5 20 42
435.0 171 181
435.0 171 182
436.5 43 64
436.5 43 65
438.0 27 33
438.0 27 34
439.5 179 185
439.5 179 186
441.0 121 140
441.0 121 141
442.5 126 133
442.5 126 134
444.0 68 143
444.0 68 168
445.5 57 62
445.5 57 63
447.0 54 59
447.0 54 60
448.5 101 114
448.5 101 115
450.0 121 136
450.0 121 137
451.5 75 85
451.5 75 86
453.0 123 142
453.0 124 125
454.5 156 157
454.5 156 158
456.0 153 166
456.0 154 155
457.5 55 59
457.5 55 60
459.0 72 91
459.0 72 92
460.5 3 14
460.5 3 15
462.0 77 86
462.0 77 87
463.5 52 61
463.5 52 62
465.0 77 84
465.0 77 85
466.5 99 111
466.5 99 112
468.0 4 11
468.0 4 12
469.5 177 188
469.5 177 189
471.0 3 10
471.0 3 11
472.5 129 138
472.5 129 139
474.0 178 191
474.0 179 180
475.5 173 187
475.5 173 188
477.0 102 104
477.0 102 105
478.5 73 78
478.5 73 79
480.0 104 110
480.0 104 111
481.5 170 183
481.5 170 184
483.0 127 133
483.0 127 134
484.5 22 27
484.5 22 28
486.0 147 159
486.0 147 160
487.5 34 35
487.5 34 36
489.0 18 42
489.0 18 67
490.5 99 105
490.5 99 106
492.0 35 37
492.0 36 37
493.5 21 41
493.5 21 42
495.0 150 152
495.0 150 153
496.5 130 136
496.5 130 137
498.0 130 132
498.0 130 133
499.5 95 116
499.5 95 117
501.0 126 127
501.0 126 128
502.5 174 178
502.5 174 179
504.0 47 48
504.0 47 51
505.5 82 87
505.5 82 88
507.0 17 192
507.0 17 193
508.5 41 42
508.5 42 43
510.0 125 131
510.0 125 132
511.5 59 61
511.5 59 62
513.0 122 123
513.0 122 128
514.5 39 40
514.5 40 41
516.0 85 86
516.0 85 87
517.5 48 67
517.5 49 50
519.0 128 134
519.0 128 135
520.5 171 183
520.5 171 184
522.0 75 91
522.0 76 77
523.5 153 160
523.5 153 161
525.0 148 158
525.0 148 159
526.5 173 185
526.5 173 186
528.0 175 177
528.0 175 178
529.5 2 14
529.5 2 15
531.0 178 187
531.0 178 188
532.5 48 61
532.5 48 62
534.0 48 49
534.0 48 50
535.5 104 108
535.5 104 109
537.0 183 187
537.0 183 188
538.5 149 163
538.5 149 164
540.0 47 56
540.0 47 57
541.5 144 162
541.5 144 163
543.0 18 118
543.0 18 142
544.5 54 65
544.5 55 56
546.0 78 83
546.0 78 84
547.5 185 187
547.5 185 188
549.0 83 84
549.0 83 85
550.5 149 167
550.5 150 151
552.0 150 154
552.0 150 155
553.5 29 36
553.5 29 37
555.0 103 105
555.0 103 106
556.5 45 64
556.5 45 65
558.0 155 162
558.0 155 163
559.5 145 167
559.5 145 168
561.0 127 131
561.0 127 132
562.5 180 188
562.5 180 189
564.0 100 104
564.0 100 105
565.5 139 140
565.5 140 141
567.0 68 89
567.0 68 90
568.5 75 79
568.5 75 80
570.0 145 157
570.0 145 158
571.5 50 66
571.5 51 52
573.0 146 147
573.0 146 155
574.5 49 51
574.5 49 52
576.0 173 179
576.0 173 180
577.5 19 35
577.5 19 36
579.0 127 139
579.0 127 140
580.5 27 29
580.5 27 30
582.0 152 163
582.0 152 164
583.5 169 189
583.5 169 190
585.0 18 19
585.0 18 35
586.5 25 32
586.5 25 33
588.0 7 10
588.0 7 11
589.5 152 165
589.5 152 166
591.0 169 191
591.0 169 192
592.5 131 133
592.5 131 134
594.0 79 80
594.0 79 81
595.5 192 193
595.5 193 194
597.0 125 133
597.0 125 134
598.5 30 33
598.5 30 34
600.0 124 130
600.0 124 131
601.5 150 160
601.5 150 161
603.0 96 112
603.0 96 113
604.5 73 88
604.5 73 89
606.0 129 136
606.0 129 137
607.5 148 156
607.5 148 157
609.0 49 55
609.0 49 56
610.5 49 59
610.5 49 60
612.0 96 114
612.0 96 115
613.5 178 189
613.5 178 190
615.0 98 101
615.0 98 102
616.5 131 135
616.5 131 136
618.0 176 183
618.0 176 184
619.5 42 142
619.5 42 143
621.0 120 139
621.0 120 140
622.5 104 106
622.5 104 107
624.0 157 163
624.0 157 164
625.5 174 190
625.5 174 191
627.0 22 23
627.0 22 26
628.5 99 109
628.5 99 110
630.0 48 55
630.0 48 56
631.5 72 79
631.5 72 80
633.0 175 181
633.0 175 182
634.5 146 162
634.5 146 163
636.0 176 181
636.0 176 182
637.5 6 10
637.5 6 11
639.0 137 138
639.0 138 139
640.5 83 88
640.5 84 85
642.0 105 110
642.0 105 111
643.5 172 190
643.5 172 191
645.0 107 108
645.0 107 109
646.5 28 29
646.5 28 30
648.0 104 112
648.0 104 113
649.5 97 110
649.5 97 111
651.0 119 138
651.0 119 139
652.5 101 116
652.5 102 103
654.0 141 142
654.0 142 143
655.5 150 166
655.5 150 167
657.0 46 56
657.0 46 57
658.5 97 114
658.5 97 115
660.0 26 37
660.0 26 38
661.5 8 9
661.5 8 10
663.0 75 77
663.0 75 78
664.5 74 86
664.5 74 87
666.0 81 82
666.0 81 83
667.5 48 65
667.5 48 66
669.0 5 8
669.0 5 9
670.5 69 90
670.5 69 91
672.0 76 80
672.0 76 81
673.5 45 66
673.5 45 67
675.0 28 31
675.0 28 32
676.5 2 4
676.5 2 5
678.0 48 51
678.0 48 52
679.5 99 113
679.5 99 114
681.0 119 140
681.0 119 141
682.5 26 33
682.5 26 34
684.0 80 88
684.0 80 89
685.5 70 71
685.5 70 81
687.0 23 40
687.0 23 41
688.5 24 32
688.5 24 33
690.0 172 192
690.0 172 193
691.5 188 189
691.5 189 190
693.0 71 90
693.0 71 91
694.5 68 93
694.5 68 118
696.0 17 92
696.0 17 93
697.5 118 138
697.5 118 139
699.0 122 129
699.0 122 130
700.5 51 57
700.5 51 58
702.0 126 135
702.0 126 136
703.5 1 10
703.5 1 11
705.0 42 192
705.0 42 193
706.5 171 191
706.5 171 192
708.0 74 90
708.0 74 91
709.5 73 92
709.5 74 75
711.0 175 191
711.0 175 192
712.5 20 33
712.5 20 34
714.0 56 61
714.0 56 62
715.5 102 112
715.5 102 113
717.0 43 168
717.0 43 192
718.5 50 54
718.5 50 55
720.0 29 38
720.0 29 39
721.5 28 33
721.5 28 34
723.0 50 62
723.0 50 63
724.5 18 193
724.5 19 20
726.0 102 110
726.0 102 111
727.5 63 64
727.5 64 65
729.0 147 161
729.0 147 162
730.5 173 181
730.5 173 182
732.0 126 131
732.0 126 132
733.5 92 93
733.5 93 94
735.0 33 37
735.0 33 38
736.5 23 34
736.5 23 35
738.0 6 12
738.0 6 13
739.5 24 40
739.5 24 41
741.0 49 53
741.0 49 54
742.5 143 165
742.5 143 166
744.0 101 106
744.0 101 107
745.5 169 170
745.5 169 186
747.0 95 106
747.0 95 107
748.5 148 162
748.5 148 163
750.0 123 138
750.0 123 139
751.5 174 188
751.5 174 189
753.0 178 181
753.0 178 182
754.5 53 60
754.5 53 61
756.0 174 184
756.0 174 185
757.5 101 112
757.5 101 113
759.0 53 54
759.0 53 55
760.5 46 60
760.5 46 61
762.0 28 39
762.0 28 40
763.5 157 161
763.5 157 162
765.0 99 117
765.0 100 101
766.5 154 156
766.5 154 157
768.0 50 56
768.0 50 57
769.5 155 156
769.5 155 157
771.0 108 112
771.0 108 113
772.5 22 29
772.5 22 30
774.0 155 164
774.0 155 165
775.5 22 33
775.5 22 34
777.0 172 186
777.0 172 187
778.5 20 35
778.5 20 36
780.0 78 87
780.0 78 88
781.5 132 138
781.5 132 139
783.0 176 189
783.0 176 190
784.5 107 110
784.5 107 111
786.0 178 185
786.0 178 186
787.5 176 187
787.5 176 188
789.0 151 152
789.0 151 153
790.5 173 174
790.5 173 176
792.0 177 182
792.0 177 183
793.5 21 35
793.5 21 36
795.0 20 31
795.0 20 32
796.5 52 59
796.5 52 60
798.0 148 149
798.0 148 151
799.5 100 116
799.5 100 117
801.0 122 139
801.0 122 140
802.5 180 184
802.5 180 185
804.0 98 107
804.0 98 108
805.5 46 54
805.5 46 55
807.0 177 190
807.0 177 191
808.5 98 103
808.5 98 104
810.0 4 7
810.0 4 8
811.5 162 163
811.5 163 164
813.0 48 57
813.0 48 58
814.5 70 84
814.5 70 85
816.0 148 164
816.0 148 165
817.5 56 63
817.5 56 64
819.0 144 166
819.0 144 167
820.5 48 53
820.5 48 54
822.0 107 114
822.0 108 109
823.5 32 38
823.5 33 34
825.0 178 183
825.0 178 184
826.5 131 137
826.5 131 138
828.0 45 58
828.0 45 59
829.5 1 8
829.5 1 9
831.0 95 114
831.0 95 115
832.5 22 39
832.5 22 40
834.0 152 155
834.0 152 156
835.5 128 132
835.5 128 133
837.0 93 112
837.0 93 113
838.5 34 37
838.5 35 36
840.0 70 82
840.0 70 83
841.5 97 108
841.5 97 109
843.0 124 128
843.0 124 129
844.5 57 60
844.5 57 61
846.0 71 86
846.0 71 87
847.5 77 90
847.5 77 91
849.0 0 15
849.0 0 16
850.5 93 168
850.5 93 193
852.0 76 88
852.0 76 89
853.5 5 10
853.5 5 11
855.0 152 161
855.0 152 162
856.5 25 26
856.5 25 27
858.0 154 164
858.0 154 165
859.5 127 137
859.5 127 138
861.0 25 36
861.0 25 37
862.5 46 64
862.5 46 65
864.0 17 41
864.0 17 42
865.5 47 66
865.5 47 67
867.0 153 154
867.0 153 155
868.5 26 31
868.5 26 32
870.0 68 91
870.0 68 92
871.5 60 61
871.5 60 62
873.0 152 159
873.0 152 160
874.5 74 84
874.5 74 85
876.0 47 60
876.0 47 61
877.5 73 86
877.5 73 87
879.0 124 134
879.0 124 135
880.5 146 166
880.5 146 167
882.0 170 189
882.0 170 190
883.5 126 129
883.5 126 130
885.0 21 22
885.0 21 28
886.5 52 65
886.5 52 66
888.0 144 168
888.0 145 146
889.5 97 112
889.5 97 113
891.0 105 106
891.0 105 107
892.5 109 110
892.5 109 111
894.0 1 4
894.0 1 5
895.5 57 58
895.5 57 59
897.0 58 61
897.0 58 62
898.5 24 26
898.5 24 27
900.0 70 90
900.0 70 91
901.5 129 130
901.5 129 131
903.0 17 18
903.0 17 40
904.5 146 168
904.5 147 148
906.0 74 88
906.0 74 89
907.5 151 156
907.5 151 157
909.0 133 136
909.0 133 137
910.5 79 82
910.5 79 83
912.0 20 37
912.0 20 38
913.5 20 21
913.5 20 30
915.0 94 116
915.0 94 117
916.5 71 84
916.5 71 85
918.0 43 118
918.0 43 142
919.5 71 72
919.5 71 79
921.0 124 140
921.0 124 141
922.5 183 189
922.5 184 185
924.0 22 41
924.0 22 42
925.5 98 113
925.5 98 114
927.0 19 39
927.0 19 40
928.5 83 86
928.5 83 87
930.0 182 187
930.0 182 188
931.5 182 183
931.5 182 184
933.0 71 92
933.0 72 73
934.5 43 44
934.5 43 61
936.0 75 87
936.0 75 88
937.5 18 68
937.5 18 92
939.0 4 13
939.0 4 14
940.5 93 114
940.5 93 115
942.0 51 55
942.0 51 56
943.5 84 86
943.5 84 87
945.0 98 105
945.0 98 106
946.5 123 134
946.5 123 135
948.0 49 65
948.0 49 66
949.5 146 156
949.5 146 157
951.0 98 99
951.0 98 100
952.5 25 30
952.5 25 31
954.0 18 36
954.0 18 37
955.5 98 111
955.5 98 112
957.0 73 84
957.0 73 85
958.5 47 58
958.5 47 59
960.0 23 32
960.0 23 33
961.5 124 138
961.5 124 139
963.0 53 56
963.0 53 57
964.5 122 141
964.5 122 142
966.0 148 160
966.0 148 161
967.5 50 58
967.5 50 59
969.0 171 189
969.0 171 190
970.5 153 164
970.5 153 165
972.0 149 161
972.0 149 162
973.5 68 87
973.5 68 88
975.0 76 84
975.0 76 85
976.5 70 86
976.5 70 87
978.0 147 155
978.0 147 156
979.5 23 30
979.5 23 31
981.0 75 83
981.0 75 84
982.5 129 132
982.5 129 133
984.0 73 82
984.0 73 83
985.5 173 191
985.5 173 192
987.0 119 120
987.0 119 135
988.5 145 163
988.5 145 164
990.0 74 78
990.0 74 79
991.5 0 5
991.5 0 6
993.0 151 154
993.0 151 155
994.5 176 177
994.5 176 178
996.0 151 158
996.0 151 159
997.5 150 156
997.5 150 157
999.0 198 199
1000.5 0 13
1000.5 0 14
1002.0 120 133
1002.0 120 134
1003.5 122 137
1003.5 122 138
1005.0 118 140
1005.0 118 141
1006.5 177 186
1006.5 177 187
1008.0 27 35
1008.0 27 36
1009.5 177 178
1009.5 177 179
1011.0 117 118
1011.0 118 119
1012.5 152 157
1012.5 152 158
1014.0 70 92
1014.0 70 93
1015.5 103 115
1015.5 104 105
1017.0 129 140
1017.0 130 131
1018.5 1 6
1018.5 1 7
1020.0 103 109
1020.0 103 110
1021.5 42 117
1021.5 42 118
1023.0 102 116
1023.0 103 104
1024.5 101 104
1024.5 101 105
1026.0 88 89
1026.0 89 90
1027.5 78 85
1027.5 78 86
1029.0 74 80
1029.0 74 81
1030.5 46 62
1030.5 46 63
1032.0 107 112
1032.0 107 113
1033.5 158 161
1033.5 158 162
1035.0 121 132
1035.0 121 133
1036.5 174 182
1036.5 174 183
1038.0 151 160
1038.0 151 161
1039.5 120 135
1039.5 120 136
1041.0 133 134
1041.0 133 135
1042.5 78 81
1042.5 78 82
1044.0 120 121
1044.0 120 132
1045.5 15 16
1045.5 16 17
1047.0 124 142
1047.0 125 126
1048.5 9 10
1048.5 9 11
1050.0 149 157
1050.0 149 158
1051.5 103 111
1051.5 103 112
1053.0 113 114
1053.0 114 115
1054.5 42 167
1054.5 42 168
1056.0 176 179
1056.0 176 180
1057.5 102 106
1057.5 102 107
1059.0 181 189
1059.0 181 190
1060.5 150 162
1060.5 150 163
1062.0 125 137
1062.0 125 138
1063.5 30 31
1063.5 30 32
1065.0 82 83
1065.0 82 84
1066.5 31 35
1066.5 31 36
1068.0 20 39
1068.0 20 40
1069.5 108 110
1069.5 108 111
1071.0 124 136
1071.0 124 137
1072.5 5 12
1072.5 5 13
1074.0 37 38
1074.0 38 39
1075.5 104 114
1075.5 104 115
1077.0 100 110
1077.0 100 111
1078.5 103 107
1078.5 103 108
1080.0 0 7
1080.0 0 8
1081.5 45 60
1081.5 45 61
1083.0 154 162
1083.0 154 163
1084.5 184 188
1084.5 185 186
1086.0 72 85
1086.0 72 86
1087.5 21 37
1087.5 21 38
1089.0 120 143
1089.0 121 122
1090.5 24 34
1090.5 24 35
1092.0 69 84
1092.0 69 85
1093.5 4 9
1093.5 4 10
1095.0 149 151
1095.0 149 152
1096.5 134 136
1096.5 134 137
1098.0 122 133
1098.0 122 134
1099.5 147 153
1099.5 147 154
1101.0 135 137
1101.0 136 137
1102.5 9 12
1102.5 10 11
1104.0 44 64
1104.0 44 65
1105.5 76 78
1105.5 76 79
1107.0 27 37
1107.0 27 38
1108.5 172 178
1108.5 172 179
1110.0 106 107
1110.0 106 108
1111.5 73 74
1111.5 73 75
1113.0 80 86
1113.0 80 87
1114.5 125 141
1114.5 125 142
1116.0 177 180
1116.0 177 181
1117.5 73 76
1117.5 73 77
1119.0 18 40
1119.0 18 41
1120.5 71 82
1120.5 71 83
1122.0 100 112
1122.0 100 113
1123.5 152 153
1123.5 152 154
1125.0 18 38
1125.0 18 39
1126.5 168 190
1126.5 168 191
1128.0 82 85
1128.0 82 86
1129.5 29 32
1129.5 29 33
1131.0 143 167
1131.0 143 168
1132.5 121 130
1132.5 121 131
1134.0 95 118
1134.0 96 97
1135.5 160 163
1135.5 161 162
1137.0 0 3
1137.0 0 4
1138.5 47 54
1138.5 47 55
1140.0 54 63
1140.0 54 64
1141.5 52 55
1141.5 52 56
1143.0 126 141
1143.0 127 128
1144.5 173 193
1144.5 174 175
1146.0 94 112
1146.0 94 113
1147.5 145 161
1147.5 145 162
1149.0 184 186
1149.0 184 187
1150.5 128 138
1150.5 128 139
1152.0 154 160
1152.0 154 161
1153.5 78 79
1153.5 78 80
1155.0 100 102
1155.0 100 103
1156.5 33 35
1156.5 33 36
1158.0 7 12
1158.0 7 13
1159.5 53 58
1159.5 53 59
1161.0 96 110
1161.0 96 111
1162.5 169 187
1162.5 169 188
1164.0 182 189
1164.0 183 184
1165.5 80 84
1165.5 80 85
1167.0 144 164
1167.0 144 165
1168.5 177 184
1168.5 177 185
1170.0 13 14
1170.0 14 15
1171.5 11 12
1171.5 12 13
1173.0 46 66
1173.0 46 67
1174.5 76 82
1174.5 76 83
1176.0 143 144
1176.0 143 164
1177.5 43 143
1177.5 43 167
1179.0 106 113
1179.0 106 114
1180.5 71 80
1180.5 71 81
1182.0 46 58
1182.0 46 59
1183.5 70 88
1183.5 70 89
1185.0 2 8
1185.0 2 9
1186.5 30 37
1186.5 30 38
1188.0 146 160
1188.0 146 161
1189.5 170 191
1189.5 170 192
1191.0 97 116
1191.0 97 117
1192.5 77 82
1192.5 77 83
1194.0 124 126
1194.0 124 127
1195.5 0 1
1195.5 0 2
1197.0 80 82
1197.0 80 83
1198.5 178 179
1198.5 178 180
1200.0 102 108
1200.0 102 109
1201.5 118 142
1201.5 118 143
1203.0 31 33
1203.0 31 34
1204.5 180 190
1204.5 181 182
1206.0 51 53
1206.0 51 54
1207.5 96 118
1207.5 97 98
1209.0 172 184
1209.0 172 185
1210.5 156 165
1210.5 157 158
1212.0 175 189
1212.0 175 190
1213.5 125 129
1213.5 125 130
1215.0 2 10
1215.0 2 11
1216.5 172 182
1216.5 172 183
1218.0 99 103
1218.0 99 104
1219.5 45 56
1219.5 45 57
1221.0 54 55
1221.0 54 56
1222.5 1 14
1222.5 1 15
1224.0 126 137
1224.0 126 138
1225.5 125 127
1225.5 125 128
1227.0 17 67
1227.0 17 68
1228.5 58 59
1228.5 58 60
1230.0 24 36
1230.0 24 37
1231.5 51 59
1231.5 51 60
1233.0 75 81
1233.0 75 82
1234.5 96 108
1234.5 96 109
1236.0 76 86
1236.0 76 87
1237.5 151 162
1237.5 151 163
1239.0 53 62
1239.0 53 63
