0 57 62
0 57 63
0 57 64
0 58 59
0 58 60
0 58 61
0 58 62
0 58 63
0 59 60
0 59 61
0 59 62
0 59 63
0 60 61
0 60 62
0 61 62
0 62 63
0 63 64
0 64 65
0 65 66
0 66 67
0 67 68
0 68 69
0 68 88
0 68 89
0 68 90
0 68 91
0 68 92
0 68 93
0 68 118
0 68 143
0 68 168
301 73 80
301 73 81
301 73 82
301 73 83
301 73 84
301 73 85
301 73 86
301 73 87
301 73 88
301 73 89
301 73 90
301 73 91
301 73 92
301 74 75
301 74 76
301 74 77
301 74 78
301 74 79
301 74 80
301 74 81
301 74 82
301 74 83
301 74 84
301 74 85
301 74 86
301 74 87
301 74 88
301 74 89
301 74 90
301 74 91
301 74 92
602 107 113
602 107 114
602 108 109
602 108 110
602 108 111
602 108 112
602 108 113
602 108 114
602 109 110
602 109 111
602 109 112
602 109 113
602 110 111
602 110 112
602 110 113
602 111 112
602 112 113
602 113 114
602 114 115
602 115 116
602 116 117
602 117 118
602 118 119
602 118 139
602 118 140
602 118 141
602 118 142
602 118 143
602 118 168
602 118 193
602 118 194
903 152 158
903 152 159
903 152 160
903 152 161
903 152 162
903 152 163
903 152 164
903 152 165
903 152 166
903 152 167
903 153 154
903 153 155
903 153 156
903 153 157
903 153 158
903 153 159
903 153 160
903 153 161
903 153 162
903 153 163
903 153 164
903 153 165
903 153 166
903 154 155
903 154 156
903 154 157
903 154 158
903 154 159
903 154 160
903 154 161
903 154 162
1204 154 163
1204 154 164
1204 154 165
1204 154 166
1204 155 156
1204 155 157
1204 155 158
1204 155 159
1204 155 160
1204 155 161
1204 155 162
1204 155 163
1204 155 164
1204 155 165
1204 156 157
1204 156 158
1204 156 159
1204 156 160
1204 156 161
1204 156 162
1204 156 163
1204 156 164
1204 156 165
1204 157 158
1204 157 159
1204 157 160
1204 157 161
1204 157 162
1204 157 163
1204 157 164
1204 158 159
1505 129 136
1505 129 137
1505 129 138
1505 129 139
1505 129 140
1505 129 141
1505 130 131
1505 130 132
1505 130 133
1505 130 134
1505 130 135
1505 130 136
1505 130 137
1505 130 138
1505 130 139
1505 130 140
1505 131 132
1505 131 133
1505 131 134
1505 131 135
1505 131 136
1505 131 137
1505 131 138
1505 131 139
1505 131 140
1505 132 133
1505 132 134
1505 132 135
1505 132 136
1505 132 137
1505 132 138
1806 123 135
1806 123 136
1806 123 137
1806 123 138
1806 123 139
1806 123 140
1806 123 141
1806 123 142
1806 123 143
1806 124 125
1806 124 126
1806 124 127
1806 124 128
1806 124 129
1806 124 130
1806 124 131
1806 124 132
1806 124 133
1806 124 134
1806 124 135
1806 124 136
1806 124 137
1806 124 138
1806 124 139
1806 124 140
1806 124 141
1806 124 142
1806 125 126
1806 125 127
1806 125 128
1806 125 129
2107 98 108
2107 98 109
2107 98 110
2107 98 111
2107 98 112
2107 98 113
2107 98 114
2107 98 115
2107 98 116
2107 98 117
2107 98 118
2107 99 100
2107 99 101
2107 99 102
2107 99 103
2107 99 104
2107 99 105
2107 99 106
2107 99 107
2107 99 108
2107 99 109
2107 99 110
2107 99 111
2107 99 112
2107 99 113
2107 99 114
2107 99 115
2107 99 116
2107 99 117
2107 100 101
2107 100 102
2408 71 85
2408 71 86
2408 71 87
2408 71 88
2408 71 89
2408 71 90
2408 71 91
2408 71 92
2408 71 93
2408 72 73
2408 72 78
2408 72 79
2408 72 80
2408 72 81
2408 72 82
2408 72 83
2408 72 84
2408 72 85
2408 72 86
2408 72 87
2408 72 88
2408 72 89
2408 72 90
2408 72 91
2408 72 92
2408 72 93
2408 73 74
2408 73 76
2408 73 77
2408 73 78
2408 73 79
2709 144 163
2709 144 164
2709 144 165
2709 144 166
2709 144 167
2709 144 168
2709 144 194
2709 145 146
2709 145 158
2709 145 159
2709 145 160
2709 145 161
2709 145 162
2709 145 163
2709 145 164
2709 145 165
2709 145 166
2709 145 167
2709 145 168
2709 146 147
2709 146 156
2709 146 157
2709 146 158
2709 146 159
2709 146 160
2709 146 161
2709 146 162
2709 146 163
2709 146 164
2709 146 165
2709 146 166
3010 8 11
3010 8 12
3010 8 13
3010 9 10
3010 9 11
3010 9 12
3010 10 11
3010 10 12
3010 11 12
3010 12 13
3010 13 14
3010 14 15
3010 15 16
3010 16 17
3010 17 18
3010 18 19
3010 18 37
3010 18 38
3010 18 39
3010 18 40
3010 18 41
3010 18 42
3010 18 43
3010 18 68
3010 18 93
3010 18 118
3010 18 143
3010 18 167
3010 18 168
3010 18 192
3010 18 193
3311 24 41
3311 24 42
3311 25 26
3311 25 27
3311 25 28
3311 25 29
3311 25 30
3311 25 31
3311 25 32
3311 25 33
3311 25 34
3311 25 35
3311 25 36
3311 25 37
3311 25 38
3311 25 39
3311 25 40
3311 25 41
3311 26 27
3311 26 28
3311 26 29
3311 26 30
3311 26 31
3311 26 32
3311 26 33
3311 26 34
3311 26 35
3311 26 36
3311 26 37
3311 26 38
3311 26 39
3612 174 177
3612 174 178
3612 174 179
3612 174 180
3612 174 181
3612 174 182
3612 174 183
3612 174 184
3612 174 185
3612 174 186
3612 174 187
3612 174 188
3612 174 189
3612 174 190
3612 174 191
3612 174 192
3612 174 193
3612 175 176
3612 175 177
3612 175 178
3612 175 179
3612 175 180
3612 175 181
3612 175 182
3612 175 183
3612 175 184
3612 175 185
3612 175 186
3612 175 187
3612 175 188
3612 175 189
3913 127 130
3913 127 131
3913 127 132
3913 127 133
3913 127 134
3913 127 135
3913 127 136
3913 127 137
3913 127 138
3913 127 139
3913 127 140
3913 127 141
3913 128 129
3913 128 130
3913 128 131
3913 128 132
3913 128 133
3913 128 134
3913 128 135
3913 128 136
3913 128 137
3913 128 138
3913 128 139
3913 128 140
3913 128 141
3913 129 130
3913 129 131
3913 129 132
3913 129 133
3913 129 134
3913 129 135
4214 132 139
4214 133 134
4214 133 135
4214 133 136
4214 133 137
4214 133 138
4214 133 139
4214 134 135
4214 134 136
4214 134 137
4214 134 138
4214 135 136
4214 135 137
4214 135 138
4214 136 137
4214 137 138
4214 138 139
4214 139 140
4214 140 141
4214 141 142
4214 142 143
4214 143 144
4214 143 165
4214 143 166
4214 143 167
4214 143 168
4214 143 193
4214 143 194
4214 144 145
4214 144 161
4214 144 162
4515 119 120
4515 119 136
4515 119 137
4515 119 138
4515 119 139
4515 119 140
4515 119 141
4515 119 142
4515 119 143
4515 120 121
4515 120 133
4515 120 134
4515 120 135
4515 120 136
4515 120 137
4515 120 138
4515 120 139
4515 120 140
4515 120 141
4515 120 142
4515 120 143
4515 121 122
4515 121 131
4515 121 132
4515 121 133
4515 121 134
4515 121 135
4515 121 136
4515 121 137
4515 121 138
4515 121 139
4816 0 1
4816 0 2
4816 0 3
4816 0 4
4816 0 5
4816 0 6
4816 0 7
4816 0 8
4816 0 9
4816 0 10
4816 0 11
4816 0 12
4816 0 13
4816 0 14
4816 0 15
4816 0 16
4816 1 2
4816 1 3
4816 1 4
4816 1 5
4816 1 6
4816 1 7
4816 1 8
4816 1 9
4816 1 10
4816 1 11
4816 1 12
4816 1 13
4816 1 14
4816 1 15
4816 1 16
5117 150 158
5117 150 159
5117 150 160
5117 150 161
5117 150 162
5117 150 163
5117 150 164
5117 150 165
5117 150 166
5117 150 167
5117 151 152
5117 151 153
5117 151 154
5117 151 155
5117 151 156
5117 151 157
5117 151 158
5117 151 159
5117 151 160
5117 151 161
5117 151 162
5117 151 163
5117 151 164
5117 151 165
5117 151 166
5117 151 167
5117 152 153
5117 152 154
5117 152 155
5117 152 156
5117 152 157
5418 2 3
5418 2 4
5418 2 5
5418 2 6
5418 2 7
5418 2 8
5418 2 9
5418 2 10
5418 2 11
5418 2 12
5418 2 13
5418 2 14
5418 2 15
5418 2 16
5418 3 4
5418 3 5
5418 3 6
5418 3 7
5418 3 8
5418 3 9
5418 3 10
5418 3 11
5418 3 12
5418 3 13
5418 3 14
5418 3 15
5418 4 5
5418 4 6
5418 4 7
5418 4 8
5418 4 9
5719 79 83
5719 79 84
5719 79 85
5719 79 86
5719 79 87
5719 79 88
5719 79 89
5719 79 90
5719 80 81
5719 80 82
5719 80 83
5719 80 84
5719 80 85
5719 80 86
5719 80 87
5719 80 88
5719 80 89
5719 80 90
5719 81 82
5719 81 83
5719 81 84
5719 81 85
5719 81 86
5719 81 87
5719 81 88
5719 81 89
5719 82 83
5719 82 84
5719 82 85
5719 82 86
5719 82 87
6020 26 40
6020 26 41
6020 27 28
6020 27 29
6020 27 30
6020 27 31
6020 27 32
6020 27 33
6020 27 34
6020 27 35
6020 27 36
6020 27 37
6020 27 38
6020 27 39
6020 27 40
6020 27 41
6020 28 29
6020 28 30
6020 28 31
6020 28 32
6020 28 33
6020 28 34
6020 28 35
6020 28 36
6020 28 37
6020 28 38
6020 28 39
6020 28 40
6020 29 30
6020 29 31
6020 29 32
6321 96 113
6321 96 114
6321 96 115
6321 96 116
6321 96 117
6321 96 118
6321 97 98
6321 97 103
6321 97 104
6321 97 105
6321 97 106
6321 97 107
6321 97 108
6321 97 109
6321 97 110
6321 97 111
6321 97 112
6321 97 113
6321 97 114
6321 97 115
6321 97 116
6321 97 117
6321 97 118
6321 98 99
6321 98 101
6321 98 102
6321 98 103
6321 98 104
6321 98 105
6321 98 106
6321 98 107
6622 177 190
6622 177 191
6622 177 192
6622 178 179
6622 178 180
6622 178 181
6622 178 182
6622 178 183
6622 178 184
6622 178 185
6622 178 186
6622 178 187
6622 178 188
6622 178 189
6622 178 190
6622 178 191
6622 179 180
6622 179 181
6622 179 182
6622 179 183
6622 179 184
6622 179 185
6622 179 186
6622 179 187
6622 179 188
6622 179 189
6622 179 190
6622 179 191
6622 180 181
6622 180 182
6622 180 183
6923 49 66
6923 49 67
6923 50 51
6923 50 52
6923 50 53
6923 50 54
6923 50 55
6923 50 56
6923 50 57
6923 50 58
6923 50 59
6923 50 60
6923 50 61
6923 50 62
6923 50 63
6923 50 64
6923 50 65
6923 50 66
6923 50 67
6923 51 52
6923 51 53
6923 51 54
6923 51 55
6923 51 56
6923 51 57
6923 51 58
6923 51 59
6923 51 60
6923 51 61
6923 51 62
6923 51 63
7224 33 34
7224 33 35
7224 33 36
7224 33 37
7224 33 38
7224 34 35
7224 34 36
7224 34 37
7224 35 36
7224 35 37
7224 36 37
7224 37 38
7224 38 39
7224 39 40
7224 40 41
7224 41 42
7224 42 43
7224 43 44
7224 43 62
7224 43 63
7224 43 64
7224 43 65
7224 43 66
7224 43 67
7224 43 68
7224 43 93
7224 43 118
7224 43 143
7224 43 168
7224 43 193
7224 43 194
7525 104 109
7525 104 110
7525 104 111
7525 104 112
7525 104 113
7525 104 114
7525 104 115
7525 105 106
7525 105 107
7525 105 108
7525 105 109
7525 105 110
7525 105 111
7525 105 112
7525 105 113
7525 105 114
7525 105 115
7525 106 107
7525 106 108
7525 106 109
7525 106 110
7525 106 111
7525 106 112
7525 106 113
7525 106 114
7525 106 115
7525 107 108
7525 107 109
7525 107 110
7525 107 111
7525 107 112
7826 121 140
7826 121 141
7826 121 142
7826 121 143
7826 122 123
7826 122 128
7826 122 129
7826 122 130
7826 122 131
7826 122 132
7826 122 133
7826 122 134
7826 122 135
7826 122 136
7826 122 137
7826 122 138
7826 122 139
7826 122 140
7826 122 141
7826 122 142
7826 122 143
7826 123 124
7826 123 126
7826 123 127
7826 123 128
7826 123 129
7826 123 130
7826 123 131
7826 123 132
7826 123 133
7826 123 134
8127 23 28
8127 23 29
8127 23 30
8127 23 31
8127 23 32
8127 23 33
8127 23 34
8127 23 35
8127 23 36
8127 23 37
8127 23 38
8127 23 39
8127 23 40
8127 23 41
8127 23 42
8127 24 25
8127 24 26
8127 24 27
8127 24 28
8127 24 29
8127 24 30
8127 24 31
8127 24 32
8127 24 33
8127 24 34
8127 24 35
8127 24 36
8127 24 37
8127 24 38
8127 24 39
8127 24 40
8428 4 10
8428 4 11
8428 4 12
8428 4 13
8428 4 14
8428 4 15
8428 5 6
8428 5 7
8428 5 8
8428 5 9
8428 5 10
8428 5 11
8428 5 12
8428 5 13
8428 5 14
8428 6 7
8428 6 8
8428 6 9
8428 6 10
8428 6 11
8428 6 12
8428 6 13
8428 6 14
8428 7 8
8428 7 9
8428 7 10
8428 7 11
8428 7 12
8428 7 13
8428 8 9
8428 8 10
8729 48 53
8729 48 54
8729 48 55
8729 48 56
8729 48 57
8729 48 58
8729 48 59
8729 48 60
8729 48 61
8729 48 62
8729 48 63
8729 48 64
8729 48 65
8729 48 66
8729 48 67
8729 49 50
8729 49 51
8729 49 52
8729 49 53
8729 49 54
8729 49 55
8729 49 56
8729 49 57
8729 49 58
8729 49 59
8729 49 60
8729 49 61
8729 49 62
8729 49 63
8729 49 64
8729 49 65
9030 125 130
9030 125 131
9030 125 132
9030 125 133
9030 125 134
9030 125 135
9030 125 136
9030 125 137
9030 125 138
9030 125 139
9030 125 140
9030 125 141
9030 125 142
9030 126 127
9030 126 128
9030 126 129
9030 126 130
9030 126 131
9030 126 132
9030 126 133
9030 126 134
9030 126 135
9030 126 136
9030 126 137
9030 126 138
9030 126 139
9030 126 140
9030 126 141
9030 126 142
9030 127 128
9030 127 129
9331 76 91
9331 77 78
9331 77 79
9331 77 80
9331 77 81
9331 77 82
9331 77 83
9331 77 84
9331 77 85
9331 77 86
9331 77 87
9331 77 88
9331 77 89
9331 77 90
9331 77 91
9331 78 79
9331 78 80
9331 78 81
9331 78 82
9331 78 83
9331 78 84
9331 78 85
9331 78 86
9331 78 87
9331 78 88
9331 78 89
9331 78 90
9331 78 91
9331 79 80
9331 79 81
9331 79 82
9632 44 45
9632 44 59
9632 44 60
9632 44 61
9632 44 62
9632 44 63
9632 44 64
9632 44 65
9632 44 66
9632 44 67
9632 44 68
9632 45 46
9632 45 56
9632 45 57
9632 45 58
9632 45 59
9632 45 60
9632 45 61
9632 45 62
9632 45 63
9632 45 64
9632 45 65
9632 45 66
9632 45 67
9632 45 68
9632 46 47
9632 46 54
9632 46 55
9632 46 56
9632 46 57
9632 46 58
9933 146 167
9933 146 168
9933 147 148
9933 147 154
9933 147 155
9933 147 156
9933 147 157
9933 147 158
9933 147 159
9933 147 160
9933 147 161
9933 147 162
9933 147 163
9933 147 164
9933 147 165
9933 147 166
9933 147 167
9933 147 168
9933 148 149
9933 148 152
9933 148 153
9933 148 154
9933 148 155
9933 148 156
9933 148 157
9933 148 158
9933 148 159
9933 148 160
9933 148 161
9933 148 162
9933 148 163
10234 184 185
10234 184 186
10234 184 187
10234 184 188
10234 184 189
10234 185 186
10234 185 187
10234 185 188
10234 186 187
10234 186 188
10234 187 188
10234 188 189
10234 189 190
10234 190 191
10234 191 192
10234 192 193
10234 193 194
10234 194 195
10234 195 196
10234 196 197
10234 197 198
10234 198 199
10535 54 57
10535 54 58
10535 54 59
10535 54 60
10535 54 61
10535 54 62
10535 54 63
10535 54 64
10535 54 65
10535 55 56
10535 55 57
10535 55 58
10535 55 59
10535 55 60
10535 55 61
10535 55 62
10535 55 63
10535 55 64
10535 55 65
10535 56 57
10535 56 58
10535 56 59
10535 56 60
10535 56 61
10535 56 62
10535 56 63
10535 56 64
10535 57 58
10535 57 59
10535 57 60
10535 57 61
10836 75 76
10836 75 77
10836 75 78
10836 75 79
10836 75 80
10836 75 81
10836 75 82
10836 75 83
10836 75 84
10836 75 85
10836 75 86
10836 75 87
10836 75 88
10836 75 89
10836 75 90
10836 75 91
10836 75 92
10836 76 77
10836 76 78
10836 76 79
10836 76 80
10836 76 81
10836 76 82
10836 76 83
10836 76 84
10836 76 85
10836 76 86
10836 76 87
10836 76 88
10836 76 89
10836 76 90
11137 51 64
11137 51 65
11137 51 66
11137 52 53
11137 52 54
11137 52 55
11137 52 56
11137 52 57
11137 52 58
11137 52 59
11137 52 60
11137 52 61
11137 52 62
11137 52 63
11137 52 64
11137 52 65
11137 52 66
11137 53 54
11137 53 55
11137 53 56
11137 53 57
11137 53 58
11137 53 59
11137 53 60
11137 53 61
11137 53 62
11137 53 63
11137 53 64
11137 53 65
11137 54 55
11137 54 56
11438 94 110
11438 94 111
11438 94 112
11438 94 113
11438 94 114
11438 94 115
11438 94 116
11438 94 117
11438 94 118
11438 95 96
11438 95 107
11438 95 108
11438 95 109
11438 95 110
11438 95 111
11438 95 112
11438 95 113
11438 95 114
11438 95 115
11438 95 116
11438 95 117
11438 95 118
11438 96 97
11438 96 105
11438 96 106
11438 96 107
11438 96 108
11438 96 109
11438 96 110
11438 96 111
11438 96 112
11739 158 160
11739 158 161
11739 158 162
11739 158 163
11739 158 164
11739 159 160
11739 159 161
11739 159 162
11739 159 163
11739 160 161
11739 160 162
11739 160 163
11739 161 162
11739 162 163
11739 163 164
11739 164 165
11739 165 166
11739 166 167
11739 167 168
11739 168 169
11739 168 192
11739 168 193
11739 168 194
11739 169 170
11739 169 187
11739 169 188
11739 169 189
11739 169 190
11739 169 191
11739 169 192
11739 169 193
12040 82 88
12040 82 89
12040 83 84
12040 83 85
12040 83 86
12040 83 87
12040 83 88
12040 84 85
12040 84 86
12040 84 87
12040 84 88
12040 85 86
12040 85 87
12040 86 87
12040 87 88
12040 88 89
12040 89 90
12040 90 91
12040 91 92
12040 92 93
12040 93 94
12040 93 114
12040 93 115
12040 93 116
12040 93 117
12040 93 118
12040 93 143
12040 93 168
12040 93 193
12040 93 194
12040 94 95
12341 68 193
12341 68 194
12341 69 70
12341 69 85
12341 69 86
12341 69 87
12341 69 88
12341 69 89
12341 69 90
12341 69 91
12341 69 92
12341 69 93
12341 70 71
12341 70 82
12341 70 83
12341 70 84
12341 70 85
12341 70 86
12341 70 87
12341 70 88
12341 70 89
12341 70 90
12341 70 91
12341 70 92
12341 70 93
12341 71 72
12341 71 80
12341 71 81
12341 71 82
12341 71 83
12341 71 84
12642 175 190
12642 175 191
12642 175 192
12642 176 177
12642 176 178
12642 176 179
12642 176 180
12642 176 181
12642 176 182
12642 176 183
12642 176 184
12642 176 185
12642 176 186
12642 176 187
12642 176 188
12642 176 189
12642 176 190
12642 176 191
12642 176 192
12642 177 178
12642 177 179
12642 177 180
12642 177 181
12642 177 182
12642 177 183
12642 177 184
12642 177 185
12642 177 186
12642 177 187
12642 177 188
12642 177 189
12943 169 194
12943 170 171
12943 170 184
12943 170 185
12943 170 186
12943 170 187
12943 170 188
12943 170 189
12943 170 190
12943 170 191
12943 170 192
12943 170 193
12943 171 172
12943 171 181
12943 171 182
12943 171 183
12943 171 184
12943 171 185
12943 171 186
12943 171 187
12943 171 188
12943 171 189
12943 171 190
12943 171 191
12943 171 192
12943 171 193
12943 172 173
12943 172 179
12943 172 180
12943 172 181
12943 172 182
13244 172 183
13244 172 184
13244 172 185
13244 172 186
13244 172 187
13244 172 188
13244 172 189
13244 172 190
13244 172 191
13244 172 192
13244 172 193
13244 173 174
13244 173 177
13244 173 178
13244 173 179
13244 173 180
13244 173 181
13244 173 182
13244 173 183
13244 173 184
13244 173 185
13244 173 186
13244 173 187
13244 173 188
13244 173 189
13244 173 190
13244 173 191
13244 173 192
13244 173 193
13244 174 175
13244 174 176
13545 21 33
13545 21 34
13545 21 35
13545 21 36
13545 21 37
13545 21 38
13545 21 39
13545 21 40
13545 21 41
13545 21 42
13545 22 23
13545 22 27
13545 22 28
13545 22 29
13545 22 30
13545 22 31
13545 22 32
13545 22 33
13545 22 34
13545 22 35
13545 22 36
13545 22 37
13545 22 38
13545 22 39
13545 22 40
13545 22 41
13545 22 42
13545 23 24
13545 23 25
13545 23 26
13545 23 27
13846 102 103
13846 102 104
13846 102 105
13846 102 106
13846 102 107
13846 102 108
13846 102 109
13846 102 110
13846 102 111
13846 102 112
13846 102 113
13846 102 114
13846 102 115
13846 102 116
13846 103 104
13846 103 105
13846 103 106
13846 103 107
13846 103 108
13846 103 109
13846 103 110
13846 103 111
13846 103 112
13846 103 113
13846 103 114
13846 103 115
13846 103 116
13846 104 105
13846 104 106
13846 104 107
13846 104 108
14147 148 164
14147 148 165
14147 148 166
14147 148 167
14147 148 168
14147 149 150
14147 149 151
14147 149 152
14147 149 153
14147 149 154
14147 149 155
14147 149 156
14147 149 157
14147 149 158
14147 149 159
14147 149 160
14147 149 161
14147 149 162
14147 149 163
14147 149 164
14147 149 165
14147 149 166
14147 149 167
14147 149 168
14147 150 151
14147 150 152
14147 150 153
14147 150 154
14147 150 155
14147 150 156
14147 150 157
14448 100 103
14448 100 104
14448 100 105
14448 100 106
14448 100 107
14448 100 108
14448 100 109
14448 100 110
14448 100 111
14448 100 112
14448 100 113
14448 100 114
14448 100 115
14448 100 116
14448 100 117
14448 101 102
14448 101 103
14448 101 104
14448 101 105
14448 101 106
14448 101 107
14448 101 108
14448 101 109
14448 101 110
14448 101 111
14448 101 112
14448 101 113
14448 101 114
14448 101 115
14448 101 116
14448 101 117
14749 180 184
14749 180 185
14749 180 186
14749 180 187
14749 180 188
14749 180 189
14749 180 190
14749 180 191
14749 181 182
14749 181 183
14749 181 184
14749 181 185
14749 181 186
14749 181 187
14749 181 188
14749 181 189
14749 181 190
14749 182 183
14749 182 184
14749 182 185
14749 182 186
14749 182 187
14749 182 188
14749 182 189
14749 182 190
14749 183 184
14749 183 185
14749 183 186
14749 183 187
14749 183 188
14749 183 189
15050 46 59
15050 46 60
15050 46 61
15050 46 62
15050 46 63
15050 46 64
15050 46 65
15050 46 66
15050 46 67
15050 46 68
15050 47 48
15050 47 52
15050 47 53
15050 47 54
15050 47 55
15050 47 56
15050 47 57
15050 47 58
15050 47 59
15050 47 60
15050 47 61
15050 47 62
15050 47 63
15050 47 64
15050 47 65
15050 47 66
15050 47 67
15050 48 49
15050 48 50
15050 48 51
15050 48 52
15351 29 33
15351 29 34
15351 29 35
15351 29 36
15351 29 37
15351 29 38
15351 29 39
15351 29 40
15351 30 31
15351 30 32
15351 30 33
15351 30 34
15351 30 35
15351 30 36
15351 30 37
15351 30 38
15351 30 39
15351 31 32
15351 31 33
15351 31 34
15351 31 35
15351 31 36
15351 31 37
15351 31 38
15351 31 39
15351 32 33
15351 32 34
15351 32 35
15351 32 36
15351 32 37
15351 32 38
15652 18 194
15652 19 20
15652 19 34
15652 19 35
15652 19 36
15652 19 37
15652 19 38
15652 19 39
15652 19 40
15652 19 41
15652 19 42
15652 19 43
15652 20 21
15652 20 31
15652 20 32
15652 20 33
15652 20 34
15652 20 35
15652 20 36
15652 20 37
15652 20 38
15652 20 39
15652 20 40
15652 20 41
15652 20 42
15652 20 43
15652 21 22
15652 21 29
15652 21 30
15652 21 31
15652 21 32
0 125 127
0 125 128
1.5 10 12
1.5 11 12
3.0 75 79
3.0 75 80
4.5 22 35
4.5 22 36
6.0 143 193
6.0 143 194
7.5 123 124
7.5 123 126
9.0 147 159
9.0 147 160
10.5 127 128
10.5 127 129
12.0 73 88
12.0 73 89
13.5 119 120
13.5 119 136
15.0 47 61
15.0 47 62
16.5 82 86
16.5 82 87
18.0 149 158
18.0 149 159
19.5 120 137
19.5 120 138
21.0 105 111
21.0 105 112
22.5 71 80
22.5 71 81
24.0 97 108
24.0 97 109
25.5 118 143
25.5 118 168
27.0 48 60
27.0 48 61
28.5 177 184
28.5 177 185
30.0 149 162
30.0 149 163
31.5 57 59
31.5 57 60
33.0 68 193
33.0 68 194
34.5 160 161
34.5 160 162
36.0 49 56
36.0 49 57
37.5 101 107
37.5 101 108
39.0 6 14
39.0 7 8
40.5 150 164
40.5 150 165
42.0 81 83
42.0 81 84
43.5 78 88
43.5 78 89
45.0 18 194
45.0 19 20
46.5 44 63
46.5 44 64
48.0 99 102
48.0 99 103
49.5 0 15
49.5 0 16
51.0 72 87
51.0 72 88
52.5 91 92
52.5 92 93
54.0 50 59
54.0 50 60
55.5 52 59
55.5 52 60
57.0 27 36
57.0 27 37
58.5 21 34
58.5 21 35
60.0 23 32
60.0 23 33
61.5 18 68
61.5 18 93
63.0 119 137
63.0 119 138
64.5 123 133
64.5 123 134
66.0 5 12
66.0 5 13
67.5 76 85
67.5 76 86
69.0 59 61
69.0 59 62
70.5 47 48
70.5 47 52
72.0 171 188
72.0 171 189
73.5 45 65
73.5 45 66
75.0 107 114
75.0 108 109
76.5 2 8
76.5 2 9
78.0 45 67
78.0 45 68
79.5 99 100
79.5 99 101
81.0 174 177
81.0 174 178
82.5 0 3
82.5 0 4
84.0 124 128
84.0 124 129
85.5 56 64
85.5 57 58
87.0 184 185
87.0 184 186
88.5 96 109
88.5 96 110
90.0 155 162
90.0 155 163
91.5 101 109
91.5 101 110
93.0 172 190
93.0 172 191
94.5 129 141
94.5 130 131
96.0 130 132
96.0 130 133
97.5 27 34
97.5 27 35
99.0 154 161
99.0 154 162
100.5 149 156
100.5 149 157
102.0 103 107
102.0 103 108
103.5 121 143
103.5 122 123
105.0 100 107
105.0 100 108
106.5 80 88
106.5 80 89
108.0 157 161
108.0 157 162
109.5 71 88
109.5 71 89
111.0 152 165
111.0 152 166
112.5 129 133
112.5 129 134
114.0 46 65
114.0 46 66
115.5 99 112
115.5 99 113
117.0 95 114
117.0 95 115
118.5 154 157
118.5 154 158
120.0 2 12
120.0 2 13
121.5 121 139
121.5 121 140
123.0 146 163
123.0 146 164
124.5 154 163
124.5 154 164
126.0 153 157
126.0 153 158
127.5 181 185
127.5 181 186
129.0 193 194
129.0 194 195
130.5 5 14
130.5 6 7
132.0 33 36
132.0 33 37
133.5 43 64
133.5 43 65
135.0 9 12
135.0 10 11
136.5 175 177
136.5 175 178
138.0 148 159
138.0 148 160
139.5 130 138
139.5 130 139
141.0 157 163
141.0 157 164
142.5 52 57
142.5 52 58
144.0 72 89
144.0 72 90
145.5 22 33
145.5 22 34
147.0 84 88
147.0 85 86
148.5 130 134
148.5 130 135
150.0 50 51
150.0 50 52
151.5 98 117
151.5 98 118
153.0 47 53
153.0 47 54
154.5 96 105
154.5 96 106
156.0 19 34
156.0 19 35
157.5 5 6
157.5 5 7
159.0 174 185
159.0 174 186
160.5 77 79
160.5 77 80
162.0 97 106
162.0 97 107
163.5 152 163
163.5 152 164
165.0 144 168
165.0 144 194
166.5 33 38
166.5 34 35
168.0 55 63
168.0 55 64
169.5 72 79
169.5 72 80
171.0 78 86
171.0 78 87
172.5 6 12
172.5 6 13
174.0 166 167
174.0 167 168
175.5 146 157
175.5 146 158
177.0 169 194
177.0 170 171
178.5 155 156
178.5 155 157
180.0 176 189
180.0 176 190
181.5 173 192
181.5 173 193
183.0 34 36
183.0 34 37
184.5 123 135
184.5 123 136
186.0 148 167
186.0 148 168
187.5 33 34
187.5 33 35
189.0 181 189
189.0 181 190
190.5 144 145
190.5 144 161
192.0 172 182
192.0 172 183
193.5 150 152
193.5 150 153
195.0 103 111
195.0 103 112
196.5 74 84
196.5 74 85
198.0 48 58
198.0 48 59
199.5 27 28
199.5 27 29
201.0 43 66
201.0 43 67
202.5 182 185
202.5 182 186
204.0 49 60
204.0 49 61
205.5 48 54
205.5 48 55
207.0 179 190
207.0 179 191
208.5 148 155
208.5 148 156
210.0 155 164
210.0 155 165
211.5 83 88
211.5 84 85
213.0 70 89
213.0 70 90
214.5 156 157
214.5 156 158
216.0 152 155
216.0 152 156
217.5 1 6
217.5 1 7
219.0 102 104
219.0 102 105
220.5 30 36
220.5 30 37
222.0 78 82
222.0 78 83
223.5 183 188
223.5 183 189
225.0 176 181
225.0 176 182
226.5 149 160
226.5 149 161
228.0 21 36
228.0 21 37
229.5 100 101
229.5 100 102
231.0 148 163
231.0 148 164
232.5 97 112
232.5 97 113
234.0 143 167
234.0 143 168
235.5 72 85
235.5 72 86
237.0 70 91
237.0 70 92
238.5 173 186
238.5 173 187
240.0 47 55
240.0 47 56
241.5 48 56
241.5 48 57
243.0 128 133
243.0 128 134
244.5 104 105
244.5 104 106
246.0 158 161
246.0 158 162
247.5 23 42
247.5 24 25
249.0 22 37
249.0 22 38
250.5 1 14
250.5 1 15
252.0 36 37
252.0 37 38
253.5 76 87
253.5 76 88
255.0 20 21
255.0 20 31
256.5 27 32
256.5 27 33
258.0 157 159
258.0 157 160
259.5 48 64
259.5 48 65
261.0 182 187
261.0 182 188
262.5 174 187
262.5 174 188
264.0 170 190
264.0 170 191
265.5 78 90
265.5 78 91
267.0 145 159
267.0 145 160
268.5 100 105
268.5 100 106
270.0 189 190
270.0 190 191
271.5 19 42
271.5 19 43
273.0 74 88
273.0 74 89
274.5 108 114
274.5 109 110
276.0 129 131
276.0 129 132
277.5 2 14
277.5 2 15
279.0 59 63
279.0 60 61
280.5 123 141
280.5 123 142
282.0 79 80
282.0 79 81
283.5 120 133
283.5 120 134
285.0 30 32
285.0 30 33
286.5 126 135
286.5 126 136
288.0 74 92
288.0 75 76
289.5 3 9
289.5 3 10
291.0 73 76
291.0 73 77
292.5 105 113
292.5 105 114
294.0 74 90
294.0 74 91
295.5 24 42
295.5 25 26
297.0 122 132
297.0 122 133
298.5 56 58
298.5 56 59
300.0 94 113
300.0 94 114
301.5 29 30
301.5 29 31
303.0 54 57
303.0 54 58
304.5 77 85
304.5 77 86
306.0 30 38
306.0 30 39
307.5 125 139
307.5 125 140
309.0 122 134
309.0 122 135
310.5 123 129
310.5 123 130
312.0 127 136
312.0 127 137
313.5 58 63
313.5 59 60
315.0 149 150
315.0 149 151
316.5 83 84
316.5 83 85
318.0 147 157
318.0 147 158
319.5 55 59
319.5 55 60
321.0 70 83
321.0 70 84
322.5 1 2
322.5 1 3
324.0 174 175
324.0 174 176
325.5 8 10
325.5 8 11
327.0 172 188
327.0 172 189
328.5 74 80
328.5 74 81
330.0 128 129
330.0 128 130
331.5 24 28
331.5 24 29
333.0 19 40
333.0 19 41
334.5 177 180
334.5 177 181
336.0 2 4
336.0 2 5
337.5 128 135
337.5 128 136
339.0 149 152
339.0 149 153
340.5 46 47
340.5 46 54
342.0 107 108
342.0 107 109
343.5 124 130
343.5 124 131
345.0 149 154
345.0 149 155
346.5 176 177
346.5 176 178
348.0 28 29
348.0 28 30
349.5 50 53
349.5 50 54
351.0 180 185
351.0 180 186
352.5 28 31
352.5 28 32
354.0 49 52
354.0 49 53
355.5 49 64
355.5 49 65
357.0 172 180
357.0 172 181
358.5 146 161
358.5 146 162
360.0 151 162
360.0 151 163
361.5 125 135
361.5 125 136
363.0 96 115
363.0 96 116
364.5 106 110
364.5 106 111
366.0 124 132
366.0 124 133
367.5 134 138
367.5 135 136
369.0 75 83
369.0 75 84
370.5 121 141
370.5 121 142
372.0 170 184
372.0 170 185
373.5 53 62
373.5 53 63
375.0 171 192
375.0 171 193
376.5 84 86
376.5 84 87
378.0 25 29
378.0 25 30
379.5 49 62
379.5 49 63
381.0 185 187
381.0 185 188
382.5 154 155
382.5 154 156
384.0 68 91
384.0 68 92
385.5 50 65
385.5 50 66
387.0 127 134
387.0 127 135
388.5 123 127
388.5 123 128
390.0 149 164
390.0 149 165
391.5 169 190
391.5 169 191
393.0 156 163
393.0 156 164
394.5 102 110
394.5 102 111
396.0 125 133
396.0 125 134
397.5 93 117
397.5 93 118
399.0 93 193
399.0 93 194
400.5 138 139
400.5 139 140
402.0 5 8
402.0 5 9
403.5 7 13
403.5 8 9
405.0 69 86
405.0 69 87
406.5 16 17
406.5 17 18
408.0 56 62
408.0 56 63
409.5 73 84
409.5 73 85
411.0 53 60
411.0 53 61
412.5 180 187
412.5 180 188
414.0 173 182
414.0 173 183
415.5 45 57
415.5 45 58
417.0 126 141
417.0 126 142
418.5 3 7
418.5 3 8
420.0 172 173
420.0 172 179
421.5 178 188
421.5 178 189
423.0 99 110
423.0 99 111
424.5 127 138
424.5 127 139
426.0 175 191
426.0 175 192
427.5 151 158
427.5 151 159
429.0 0 5
429.0 0 6
430.5 79 86
430.5 79 87
432.0 51 55
432.0 51 56
433.5 0 9
433.5 0 10
435.0 50 67
435.0 51 52
436.5 52 65
436.5 52 66
438.0 24 32
438.0 24 33
439.5 128 131
439.5 128 132
441.0 18 40
441.0 18 41
442.5 169 188
442.5 169 189
444.0 103 115
444.0 103 116
445.5 93 115
445.5 93 116
447.0 174 191
447.0 174 192
448.5 73 90
448.5 73 91
450.0 130 136
450.0 130 137
451.5 44 67
451.5 44 68
453.0 43 68
453.0 43 93
454.5 25 37
454.5 25 38
456.0 113 114
456.0 114 115
457.5 151 152
457.5 151 153
459.0 20 40
459.0 20 41
460.5 149 166
460.5 149 167
462.0 50 61
462.0 50 62
463.5 176 191
463.5 176 192
465.0 118 139
465.0 118 140
466.5 145 161
466.5 145 162
468.0 122 138
468.0 122 139
469.5 79 84
469.5 79 85
471.0 94 115
471.0 94 116
472.5 25 27
472.5 25 28
474.0 21 30
474.0 21 31
475.5 115 116
475.5 116 117
477.0 195 196
477.0 196 197
478.5 170 188
478.5 170 189
480.0 124 136
480.0 124 137
481.5 174 183
481.5 174 184
483.0 49 50
483.0 49 51
484.5 46 61
484.5 46 62
486.0 121 135
486.0 121 136
487.5 96 113
487.5 96 114
489.0 169 170
489.0 169 187
490.5 180 191
490.5 181 182
492.0 131 133
492.0 131 134
493.5 150 166
493.5 150 167
495.0 26 40
495.0 26 41
496.5 175 187
496.5 175 188
498.0 98 113
498.0 98 114
499.5 174 189
499.5 174 190
501.0 133 139
501.0 134 135
502.5 93 143
502.5 93 168
504.0 3 5
504.0 3 6
505.5 28 35
505.5 28 36
507.0 22 39
507.0 22 40
508.5 46 67
508.5 46 68
510.0 22 41
510.0 22 42
511.5 7 9
511.5 7 10
513.0 177 182
513.0 177 183
514.5 75 81
514.5 75 82
516.0 170 186
516.0 170 187
517.5 42 43
517.5 43 44
519.0 122 136
519.0 122 137
520.5 56 60
520.5 56 61
522.0 152 157
522.0 152 158
523.5 107 112
523.5 107 113
525.0 45 63
525.0 45 64
526.5 3 15
526.5 4 5
528.0 108 112
528.0 108 113
529.5 102 112
529.5 102 113
531.0 2 10
531.0 2 11
532.5 151 154
532.5 151 155
534.0 153 161
534.0 153 162
535.5 31 34
535.5 31 35
537.0 98 111
537.0 98 112
538.5 1 12
538.5 1 13
540.0 71 84
540.0 71 85
541.5 18 118
541.5 18 143
543.0 97 110
543.0 97 111
544.5 153 159
544.5 153 160
546.0 62 63
546.0 63 64
547.5 120 141
547.5 120 142
549.0 168 169
549.0 168 192
550.5 1 10
550.5 1 11
552.0 154 159
552.0 154 160
553.5 75 87
553.5 75 88
555.0 73 82
555.0 73 83
556.5 51 61
556.5 51 62
558.0 120 139
558.0 120 140
559.5 101 117
559.5 102 103
561.0 177 186
561.0 177 187
562.5 1 8
562.5 1 9
564.0 75 85
564.0 75 86
565.5 171 190
565.5 171 191
567.0 22 29
567.0 22 30
568.5 28 39
568.5 28 40
570.0 121 137
570.0 121 138
571.5 19 36
571.5 19 37
573.0 142 143
573.0 143 144
574.5 174 179
574.5 174 180
576.0 182 189
576.0 182 190
577.5 23 24
577.5 23 25
579.0 152 159
579.0 152 160
580.5 175 189
580.5 175 190
582.0 18 42
582.0 18 43
583.5 94 95
583.5 94 110
585.0 54 59
585.0 54 60
586.5 158 163
586.5 158 164
588.0 144 164
588.0 144 165
589.5 96 107
589.5 96 108
591.0 103 105
591.0 103 106
592.5 159 162
592.5 159 163
594.0 155 160
594.0 155 161
595.5 53 54
595.5 53 55
597.0 106 112
597.0 106 113
598.5 122 142
598.5 122 143
600.0 23 36
600.0 23 37
601.5 156 159
601.5 156 160
603.0 2 16
603.0 3 4
604.5 26 34
604.5 26 35
606.0 145 163
606.0 145 164
607.5 103 109
607.5 103 110
609.0 72 83
609.0 72 84
610.5 43 118
610.5 43 143
612.0 105 115
612.0 106 107
613.5 125 141
613.5 125 142
615.0 47 63
615.0 47 64
616.5 25 33
616.5 25 34
618.0 119 141
618.0 119 142
619.5 4 10
619.5 4 11
621.0 26 36
621.0 26 37
622.5 79 88
622.5 79 89
624.0 177 188
624.0 177 189
625.5 73 86
625.5 73 87
627.0 100 109
627.0 100 110
628.5 171 184
628.5 171 185
630.0 143 165
630.0 143 166
631.5 124 142
631.5 125 126
633.0 172 186
633.0 172 187
634.5 18 167
634.5 18 168
636.0 55 61
636.0 55 62
637.5 58 59
637.5 58 60
639.0 76 77
639.0 76 78
640.5 12 13
640.5 13 14
642.0 177 192
642.0 178 179
643.5 5 10
643.5 5 11
645.0 160 163
645.0 161 162
646.5 124 140
646.5 124 141
648.0 146 167
648.0 146 168
649.5 80 84
649.5 80 85
651.0 178 180
651.0 178 181
652.5 133 137
652.5 133 138
654.0 106 114
654.0 106 115
655.5 172 192
655.5 172 193
657.0 173 174
657.0 173 177
658.5 155 158
658.5 155 159
660.0 27 30
660.0 27 31
661.5 100 111
661.5 100 112
663.0 146 147
663.0 146 156
664.5 118 141
664.5 118 142
666.0 147 161
666.0 147 162
667.5 148 153
667.5 148 154
669.0 175 185
669.0 175 186
670.5 127 132
670.5 127 133
672.0 32 33
672.0 32 34
673.5 122 128
673.5 122 129
675.0 97 116
675.0 97 117
676.5 49 66
676.5 49 67
678.0 102 114
678.0 102 115
679.5 23 34
679.5 23 35
681.0 94 111
681.0 94 112
682.5 29 34
682.5 29 35
684.0 183 184
684.0 183 185
685.5 104 113
685.5 104 114
687.0 55 57
687.0 55 58
688.5 25 35
688.5 25 36
690.0 87 88
690.0 88 89
691.5 154 165
691.5 154 166
693.0 147 148
693.0 147 154
694.5 81 89
694.5 82 83
696.0 119 139
696.0 119 140
697.5 104 111
697.5 104 112
699.0 178 184
699.0 178 185
700.5 69 92
700.5 69 93
702.0 14 15
702.0 15 16
703.5 162 163
703.5 163 164
705.0 102 108
705.0 102 109
706.5 109 111
706.5 109 112
708.0 168 193
708.0 168 194
709.5 69 70
709.5 69 85
711.0 179 182
711.0 179 183
712.5 47 59
712.5 47 60
714.0 85 87
714.0 86 87
715.5 50 63
715.5 50 64
717.0 164 165
717.0 165 166
718.5 131 139
718.5 131 140
720.0 72 91
720.0 72 92
721.5 1 16
721.5 2 3
723.0 95 112
723.0 95 113
724.5 173 180
724.5 173 181
726.0 66 67
726.0 67 68
727.5 170 192
727.5 170 193
729.0 180 183
729.0 180 184
730.5 20 32
730.5 20 33
732.0 20 36
732.0 20 37
733.5 70 93
733.5 71 72
735.0 31 38
735.0 31 39
736.5 152 167
736.5 153 154
738.0 76 81
738.0 76 82
739.5 76 91
739.5 77 78
741.0 18 19
741.0 18 37
742.5 171 182
742.5 171 183
744.0 174 181
744.0 174 182
745.5 72 73
745.5 72 78
747.0 40 41
747.0 41 42
748.5 82 88
748.5 82 89
750.0 23 30
750.0 23 31
751.5 74 76
751.5 74 77
753.0 96 111
753.0 96 112
754.5 24 26
754.5 24 27
756.0 52 61
756.0 52 62
757.5 68 69
757.5 68 88
759.0 4 14
759.0 4 15
760.5 102 116
760.5 103 104
762.0 145 146
762.0 145 158
763.5 132 137
763.5 132 138
765.0 3 13
765.0 3 14
766.5 77 87
766.5 77 88
768.0 129 135
768.0 129 136
769.5 97 98
769.5 97 103
771.0 43 62
771.0 43 63
772.5 129 139
772.5 129 140
774.0 24 38
774.0 24 39
775.5 0 11
775.5 0 12
777.0 146 159
777.0 146 160
778.5 173 190
778.5 173 191
780.0 21 40
780.0 21 41
781.5 74 86
781.5 74 87
783.0 47 67
783.0 48 49
784.5 50 57
784.5 50 58
786.0 117 118
786.0 118 119
787.5 48 52
787.5 48 53
789.0 35 36
789.0 35 37
790.5 121 133
790.5 121 134
792.0 144 166
792.0 144 167
793.5 98 105
793.5 98 106
795.0 120 135
795.0 120 136
796.5 44 65
796.5 44 66
798.0 54 55
798.0 54 56
799.5 97 104
799.5 97 105
801.0 173 184
801.0 173 185
802.5 101 111
802.5 101 112
804.0 177 178
804.0 177 179
805.5 57 63
805.5 57 64
807.0 101 113
807.0 101 114
808.5 127 140
808.5 127 141
810.0 8 12
810.0 8 13
811.5 52 55
811.5 52 56
813.0 22 31
813.0 22 32
814.5 51 57
814.5 51 58
816.0 29 32
816.0 29 33
817.5 43 194
817.5 44 45
819.0 24 40
819.0 24 41
820.5 128 141
820.5 129 130
822.0 99 116
822.0 99 117
823.5 120 143
823.5 121 122
825.0 176 179
825.0 176 180
826.5 151 160
826.5 151 161
828.0 118 193
828.0 118 194
829.5 95 116
829.5 95 117
831.0 51 59
831.0 51 60
832.5 23 40
832.5 23 41
834.0 51 53
834.0 51 54
835.5 30 34
835.5 30 35
837.0 105 107
837.0 105 108
838.5 49 54
838.5 49 55
840.0 176 185
840.0 176 186
841.5 123 139
841.5 123 140
843.0 152 153
843.0 152 154
844.5 9 10
844.5 9 11
846.0 131 135
846.0 131 136
847.5 23 26
847.5 23 27
849.0 148 157
849.0 148 158
850.5 60 62
850.5 61 62
852.0 4 6
852.0 4 7
853.5 181 183
853.5 181 184
855.0 140 141
855.0 141 142
856.5 81 87
856.5 81 88
858.0 135 137
858.0 135 138
859.5 46 59
859.5 46 60
861.0 44 61
861.0 44 62
862.5 124 138
862.5 124 139
864.0 125 129
864.0 125 130
865.5 101 105
865.5 101 106
867.0 126 127
867.0 126 128
868.5 1 4
868.5 1 5
870.0 123 131
870.0 123 132
871.5 145 167
871.5 145 168
873.0 153 155
873.0 153 156
874.5 70 71
874.5 70 82
876.0 53 64
876.0 53 65
877.5 6 10
877.5 6 11
879.0 131 137
879.0 131 138
880.5 176 183
880.5 176 184
882.0 82 84
882.0 82 85
883.5 126 137
883.5 126 138
885.0 173 178
885.0 173 179
886.5 123 143
886.5 124 125
888.0 121 131
888.0 121 132
889.5 146 165
889.5 146 166
891.0 57 61
891.0 57 62
892.5 72 81
892.5 72 82
894.0 79 82
894.0 79 83
895.5 126 139
895.5 126 140
897.0 55 65
897.0 56 57
898.5 128 139
898.5 128 140
900.0 179 188
900.0 179 189
901.5 76 79
901.5 76 80
903.0 147 167
903.0 147 168
904.5 173 188
904.5 173 189
906.0 100 117
906.0 101 102
907.5 48 66
907.5 48 67
909.0 23 28
909.0 23 29
910.5 150 156
910.5 150 157
912.0 73 80
912.0 73 81
913.5 77 81
913.5 77 82
915.0 70 85
915.0 70 86
916.5 4 8
916.5 4 9
918.0 48 50
918.0 48 51
919.5 54 63
919.5 54 64
921.0 19 38
921.0 19 39
922.5 46 57
922.5 46 58
924.0 71 82
924.0 71 83
925.5 99 106
925.5 99 107
927.0 158 159
927.0 158 160
928.5 31 32
928.5 31 33
930.0 110 112
930.0 110 113
931.5 126 133
931.5 126 134
933.0 147 155
933.0 147 156
934.5 72 93
934.5 73 74
936.0 0 1
936.0 0 2
937.5 175 181
937.5 175 182
939.0 96 117
939.0 96 118
940.5 181 187
940.5 181 188
942.0 108 110
942.0 108 111
943.5 46 55
943.5 46 56
945.0 52 63
945.0 52 64
946.5 21 32
946.5 21 33
948.0 182 183
948.0 182 184
949.5 176 187
949.5 176 188
951.0 4 12
951.0 4 13
952.5 150 154
952.5 150 155
954.0 26 32
954.0 26 33
955.5 74 78
955.5 74 79
957.0 22 27
957.0 22 28
958.5 21 38
958.5 21 39
960.0 20 42
960.0 20 43
961.5 54 65
961.5 55 56
963.0 171 172
963.0 171 181
964.5 180 181
964.5 180 182
966.0 148 165
966.0 148 166
967.5 24 34
967.5 24 35
969.0 147 165
969.0 147 166
970.5 94 117
970.5 94 118
972.0 52 53
972.0 52 54
973.5 104 115
973.5 105 106
975.0 100 115
975.0 100 116
976.5 53 58
976.5 53 59
978.0 95 108
978.0 95 109
979.5 54 61
979.5 54 62
981.0 180 189
981.0 180 190
982.5 95 110
982.5 95 111
984.0 64 65
984.0 65 66
985.5 20 38
985.5 20 39
987.0 132 135
987.0 132 136
988.5 38 39
988.5 39 40
990.0 99 114
990.0 99 115
991.5 25 31
991.5 25 32
993.0 124 126
993.0 124 127
994.5 28 33
994.5 28 34
996.0 73 78
996.0 73 79
997.5 18 192
997.5 18 193
999.0 101 115
999.0 101 116
1000.5 134 136
1000.5 134 137
1002.0 126 131
1002.0 126 132
1003.5 136 137
1003.5 137 138
1005.0 44 59
1005.0 44 60
1006.5 68 93
1006.5 68 118
1008.0 73 92
1008.0 74 75
1009.5 197 198
1009.5 198 199
1011.0 47 57
1011.0 47 58
1012.5 98 115
1012.5 98 116
1014.0 76 83
1014.0 76 84
1015.5 184 187
1015.5 184 188
1017.0 145 165
1017.0 145 166
1018.5 29 38
1018.5 29 39
1020.0 26 30
1020.0 26 31
1021.5 151 164
1021.5 151 165
1023.0 29 36
1023.0 29 37
1024.5 25 39
1024.5 25 40
1026.0 0 7
1026.0 0 8
1027.5 98 101
1027.5 98 102
1029.0 28 37
1029.0 28 38
1030.5 152 161
1030.5 152 162
1032.0 104 109
1032.0 104 110
1033.5 147 163
1033.5 147 164
1035.0 184 189
1035.0 185 186
1036.5 2 6
1036.5 2 7
1038.0 93 94
1038.0 93 114
1039.5 174 193
1039.5 175 176
1041.0 71 86
1041.0 71 87
1042.5 128 137
1042.5 128 138
1044.0 45 61
1044.0 45 62
1045.5 7 11
1045.5 7 12
1047.0 45 59
1047.0 45 60
1048.5 187 188
1048.5 188 189
1050.0 75 89
1050.0 75 90
1051.5 77 89
1051.5 77 90
1053.0 80 82
1053.0 80 83
1054.5 179 184
1054.5 179 185
1056.0 171 186
1056.0 171 187
1057.5 98 109
1057.5 98 110
1059.0 80 90
1059.0 81 82
1060.5 101 103
1060.5 101 104
1062.0 50 55
1062.0 50 56
1063.5 68 143
1063.5 68 168
1065.0 99 108
1065.0 99 109
1066.5 97 118
1066.5 98 99
1068.0 179 186
1068.0 179 187
1069.5 26 28
1069.5 26 29
1071.0 186 187
1071.0 186 188
1072.5 175 179
1072.5 175 180
1074.0 21 22
1074.0 21 29
1075.5 51 63
1075.5 51 64
1077.0 77 83
1077.0 77 84
1078.5 68 89
1078.5 68 90
1080.0 169 192
1080.0 169 193
1081.5 123 137
1081.5 123 138
1083.0 71 92
1083.0 71 93
1084.5 100 113
1084.5 100 114
1086.0 98 107
1086.0 98 108
1087.5 124 134
1087.5 124 135
1089.0 95 96
1089.0 95 107
1090.5 122 140
1090.5 122 141
1092.0 103 113
1092.0 103 114
1093.5 111 112
1093.5 112 113
1095.0 151 156
1095.0 151 157
1096.5 51 65
1096.5 51 66
1098.0 127 130
1098.0 127 131
1099.5 125 131
1099.5 125 132
1101.0 47 65
1101.0 47 66
1102.5 130 140
1102.5 131 132
1104.0 153 165
1104.0 153 166
1105.5 74 82
1105.5 74 83
1107.0 119 143
1107.0 120 121
1108.5 129 137
1108.5 129 138
1110.0 149 168
1110.0 150 151
1111.5 45 46
1111.5 45 56
1113.0 177 190
1113.0 177 191
1114.5 178 182
1114.5 178 183
1116.0 79 90
1116.0 80 81
1117.5 107 110
1117.5 107 111
1119.0 104 107
1119.0 104 108
1120.5 151 166
1120.5 151 167
1122.0 70 87
1122.0 70 88
1123.5 98 103
1123.5 98 104
1125.0 178 186
1125.0 178 187
1126.5 75 77
1126.5 75 78
1128.0 31 36
1128.0 31 37
1129.5 3 11
1129.5 3 12
1131.0 20 34
1131.0 20 35
1132.5 95 118
1132.5 96 97
1134.0 122 130
1134.0 122 131
1135.5 150 162
1135.5 150 163
1137.0 148 161
1137.0 148 162
1138.5 23 38
1138.5 23 39
1140.0 83 86
1140.0 83 87
1141.5 69 90
1141.5 69 91
1143.0 159 160
1143.0 159 161
1144.5 78 80
1144.5 78 81
1146.0 80 86
1146.0 80 87
1147.5 77 91
1147.5 78 79
1149.0 132 139
1149.0 133 134
1150.5 100 103
1150.5 100 104
1152.0 132 133
1152.0 132 134
1153.5 156 161
1153.5 156 162
1155.0 125 137
1155.0 125 138
1156.5 105 109
1156.5 105 110
1158.0 29 40
1158.0 30 31
1159.5 81 85
1159.5 81 86
1161.0 153 163
1161.0 153 164
1162.5 75 91
1162.5 75 92
1164.0 148 149
1164.0 148 152
1165.5 150 160
1165.5 150 161
1167.0 71 90
1167.0 71 91
1168.5 21 42
1168.5 22 23
1170.0 106 108
1170.0 106 109
1171.5 183 186
1171.5 183 187
1173.0 175 183
1173.0 175 184
1174.5 0 13
1174.5 0 14
1176.0 32 37
1176.0 32 38
1177.5 27 38
1177.5 27 39
1179.0 109 113
1179.0 110 111
1180.5 97 114
1180.5 97 115
1182.0 89 90
1182.0 90 91
1183.5 27 40
1183.5 27 41
1185.0 49 58
1185.0 49 59
1186.5 24 30
1186.5 24 31
1188.0 172 184
1188.0 172 185
1189.5 25 41
1189.5 26 27
1191.0 24 36
1191.0 24 37
1192.5 58 61
1192.5 58 62
1194.0 26 38
1194.0 26 39
1195.5 144 162
1195.5 144 163
1197.0 178 190
1197.0 178 191
1198.5 133 135
1198.5 133 136
1200.0 156 165
1200.0 157 158
1201.5 126 129
1201.5 126 130
1203.0 32 35
1203.0 32 36
1204.5 102 106
1204.5 102 107
1206.0 53 56
1206.0 53 57
1207.5 18 38
1207.5 18 39
1209.0 191 192
1209.0 192 193
1210.5 46 63
1210.5 46 64
1212.0 150 158
1212.0 150 159
1213.5 69 88
1213.5 69 89
1215.0 179 180
1215.0 179 181
1216.5 78 84
1216.5 78 85
1218.0 99 104
1218.0 99 105
1219.5 48 62
1219.5 48 63
1221.0 76 89
1221.0 76 90
1222.5 6 8
1222.5 6 9
1224.0 43 168
1224.0 43 193
