0 122 129
0 122 130
0 122 131
0 122 132
0 122 133
0 122 134
0 122 135
0 122 136
0 123 124
0 123 125
0 123 126
0 123 127
0 123 128
0 123 129
0 123 130
0 123 131
0 123 132
0 123 133
0 123 134
0 123 135
0 124 125
0 124 126
0 124 127
0 124 128
0 124 129
0 124 130
0 124 131
0 124 132
0 124 133
0 124 134
0 124 135
301 46 51
301 46 52
301 46 53
301 46 54
301 46 55
301 46 56
301 46 57
301 46 58
301 46 59
301 46 60
301 47 48
301 47 49
301 47 50
301 47 51
301 47 52
301 47 53
301 47 54
301 47 55
301 47 56
301 47 57
301 47 58
301 47 59
301 47 60
301 48 49
301 48 50
301 48 51
301 48 52
301 48 53
301 48 54
301 48 55
301 48 56
602 173 177
602 173 178
602 173 179
602 173 180
602 173 181
602 173 182
602 173 183
602 173 184
602 173 185
602 174 175
602 174 176
602 174 177
602 174 178
602 174 179
602 174 180
602 174 181
602 174 182
602 174 183
602 174 184
602 174 185
602 175 176
602 175 177
602 175 178
602 175 179
602 175 180
602 175 181
602 175 182
602 175 183
602 175 184
602 175 185
602 176 177
903 89 112
903 90 91
903 90 100
903 90 101
903 90 102
903 90 103
903 90 104
903 90 105
903 90 106
903 90 107
903 90 108
903 90 109
903 90 110
903 90 111
903 90 112
903 91 92
903 91 98
903 91 99
903 91 100
903 91 101
903 91 102
903 91 103
903 91 104
903 91 105
903 91 106
903 91 107
903 91 108
903 91 109
903 91 110
903 91 111
903 91 112
1204 92 93
1204 92 96
1204 92 97
1204 92 98
1204 92 99
1204 92 100
1204 92 101
1204 92 102
1204 92 103
1204 92 104
1204 92 105
1204 92 106
1204 92 107
1204 92 108
1204 92 109
1204 92 110
1204 92 111
1204 92 112
1204 93 94
1204 93 95
1204 93 96
1204 93 97
1204 93 98
1204 93 99
1204 93 100
1204 93 101
1204 93 102
1204 93 103
1204 93 104
1204 93 105
1204 93 106
1505 143 162
1505 144 145
1505 144 146
1505 144 147
1505 144 148
1505 144 149
1505 144 150
1505 144 151
1505 144 152
1505 144 153
1505 144 154
1505 144 155
1505 144 156
1505 144 157
1505 144 158
1505 144 159
1505 144 160
1505 144 161
1505 144 162
1505 145 146
1505 145 147
1505 145 148
1505 145 149
1505 145 150
1505 145 151
1505 145 152
1505 145 153
1505 145 154
1505 145 155
1505 145 156
1505 145 157
1806 150 157
1806 150 158
1806 150 159
1806 151 152
1806 151 153
1806 151 154
1806 151 155
1806 151 156
1806 151 157
1806 151 158
1806 151 159
1806 152 153
1806 152 154
1806 152 155
1806 152 156
1806 152 157
1806 152 158
1806 153 154
1806 153 155
1806 153 156
1806 153 157
1806 153 158
1806 154 155
1806 154 156
1806 154 157
1806 155 156
1806 155 157
1806 156 157
1806 157 158
1806 158 159
1806 159 160
2107 38 61
2107 38 62
2107 38 162
2107 38 163
2107 38 187
2107 38 188
2107 39 40
2107 39 52
2107 39 53
2107 39 54
2107 39 55
2107 39 56
2107 39 57
2107 39 58
2107 39 59
2107 39 60
2107 39 61
2107 39 62
2107 40 41
2107 40 49
2107 40 50
2107 40 51
2107 40 52
2107 40 53
2107 40 54
2107 40 55
2107 40 56
2107 40 57
2107 40 58
2107 40 59
2107 40 60
2408 21 32
2408 21 33
2408 21 34
2408 21 35
2408 22 23
2408 22 24
2408 22 25
2408 22 26
2408 22 27
2408 22 28
2408 22 29
2408 22 30
2408 22 31
2408 22 32
2408 22 33
2408 22 34
2408 22 35
2408 23 24
2408 23 25
2408 23 26
2408 23 27
2408 23 28
2408 23 29
2408 23 30
2408 23 31
2408 23 32
2408 23 33
2408 23 34
2408 24 25
2408 24 26
2408 24 27
2709 17 36
2709 18 19
2709 18 20
2709 18 21
2709 18 22
2709 18 23
2709 18 24
2709 18 25
2709 18 26
2709 18 27
2709 18 28
2709 18 29
2709 18 30
2709 18 31
2709 18 32
2709 18 33
2709 18 34
2709 18 35
2709 18 36
2709 19 20
2709 19 21
2709 19 22
2709 19 23
2709 19 24
2709 19 25
2709 19 26
2709 19 27
2709 19 28
2709 19 29
2709 19 30
2709 19 31
3010 52 54
3010 52 55
3010 52 56
3010 52 57
3010 52 58
3010 53 54
3010 53 55
3010 53 56
3010 53 57
3010 54 55
3010 54 56
3010 54 57
3010 55 56
3010 56 57
3010 57 58
3010 58 59
3010 59 60
3010 60 61
3010 61 62
3010 62 63
3010 62 84
3010 62 85
3010 62 86
3010 62 87
3010 62 112
3010 62 137
3010 62 138
3010 62 162
3010 62 163
3010 62 187
3010 62 188
3311 160 161
3311 161 162
3311 162 163
3311 163 164
3311 163 182
3311 163 183
3311 163 184
3311 163 185
3311 163 186
3311 163 187
3311 163 188
3311 164 165
3311 164 179
3311 164 180
3311 164 181
3311 164 182
3311 164 183
3311 164 184
3311 164 185
3311 164 186
3311 164 187
3311 164 188
3311 165 166
3311 165 176
3311 165 177
3311 165 178
3311 165 179
3311 165 180
3311 165 181
3311 165 182
3311 165 183
3612 125 126
3612 125 127
3612 125 128
3612 125 129
3612 125 130
3612 125 131
3612 125 132
3612 125 133
3612 125 134
3612 126 127
3612 126 128
3612 126 129
3612 126 130
3612 126 131
3612 126 132
3612 126 133
3612 126 134
3612 127 128
3612 127 129
3612 127 130
3612 127 131
3612 127 132
3612 127 133
3612 128 129
3612 128 130
3612 128 131
3612 128 132
3612 128 133
3612 129 130
3612 129 131
3612 129 132
3913 24 28
3913 24 29
3913 24 30
3913 24 31
3913 24 32
3913 24 33
3913 24 34
3913 25 26
3913 25 27
3913 25 28
3913 25 29
3913 25 30
3913 25 31
3913 25 32
3913 25 33
3913 26 27
3913 26 28
3913 26 29
3913 26 30
3913 26 31
3913 26 32
3913 26 33
3913 27 28
3913 27 29
3913 27 30
3913 27 31
3913 27 32
3913 28 29
3913 28 30
3913 28 31
3913 28 32
4214 169 175
4214 169 176
4214 169 177
4214 169 178
4214 169 179
4214 169 180
4214 169 181
4214 169 182
4214 169 183
4214 169 184
4214 169 185
4214 169 186
4214 169 187
4214 170 171
4214 170 172
4214 170 173
4214 170 174
4214 170 175
4214 170 176
4214 170 177
4214 170 178
4214 170 179
4214 170 180
4214 170 181
4214 170 182
4214 170 183
4214 170 184
4214 170 185
4214 170 186
4214 170 187
4214 171 172
4515 40 61
4515 40 62
4515 41 42
4515 41 47
4515 41 48
4515 41 49
4515 41 50
4515 41 51
4515 41 52
4515 41 53
4515 41 54
4515 41 55
4515 41 56
4515 41 57
4515 41 58
4515 41 59
4515 41 60
4515 41 61
4515 41 62
4515 42 43
4515 42 45
4515 42 46
4515 42 47
4515 42 48
4515 42 49
4515 42 50
4515 42 51
4515 42 52
4515 42 53
4515 42 54
4515 42 55
4816 118 131
4816 118 132
4816 118 133
4816 118 134
4816 118 135
4816 118 136
4816 118 137
4816 119 120
4816 119 121
4816 119 122
4816 119 123
4816 119 124
4816 119 125
4816 119 126
4816 119 127
4816 119 128
4816 119 129
4816 119 130
4816 119 131
4816 119 132
4816 119 133
4816 119 134
4816 119 135
4816 119 136
4816 119 137
4816 120 121
4816 120 122
4816 120 123
4816 120 124
4816 120 125
4816 120 126
5117 142 150
5117 142 151
5117 142 152
5117 142 153
5117 142 154
5117 142 155
5117 142 156
5117 142 157
5117 142 158
5117 142 159
5117 142 160
5117 142 161
5117 142 162
5117 143 144
5117 143 145
5117 143 146
5117 143 147
5117 143 148
5117 143 149
5117 143 150
5117 143 151
5117 143 152
5117 143 153
5117 143 154
5117 143 155
5117 143 156
5117 143 157
5117 143 158
5117 143 159
5117 143 160
5117 143 161
5418 140 152
5418 140 153
5418 140 154
5418 140 155
5418 140 156
5418 140 157
5418 140 158
5418 140 159
5418 140 160
5418 140 161
5418 140 162
5418 140 163
5418 141 142
5418 141 149
5418 141 150
5418 141 151
5418 141 152
5418 141 153
5418 141 154
5418 141 155
5418 141 156
5418 141 157
5418 141 158
5418 141 159
5418 141 160
5418 141 161
5418 141 162
5418 142 143
5418 142 147
5418 142 148
5418 142 149
5719 29 30
5719 29 31
5719 30 31
5719 31 32
5719 32 33
5719 33 34
5719 34 35
5719 35 36
5719 36 37
5719 37 38
5719 37 58
5719 37 59
5719 37 60
5719 37 61
5719 37 62
5719 37 87
5719 37 112
5719 37 137
5719 37 138
5719 37 162
5719 37 163
5719 37 187
5719 37 188
5719 38 39
5719 38 54
5719 38 55
5719 38 56
5719 38 57
5719 38 58
5719 38 59
5719 38 60
6020 0 1
6020 0 2
6020 0 3
6020 0 4
6020 0 5
6020 0 6
6020 0 7
6020 0 8
6020 1 2
6020 1 3
6020 1 4
6020 1 5
6020 1 6
6020 1 7
6020 1 8
6020 2 3
6020 2 4
6020 2 5
6020 2 6
6020 2 7
6020 3 4
6020 3 5
6020 3 6
6020 3 7
6020 4 5
6020 4 6
6020 5 6
6020 6 7
6020 7 8
6020 8 9
6020 9 10
6321 95 104
6321 95 105
6321 95 106
6321 95 107
6321 95 108
6321 95 109
6321 95 110
6321 95 111
6321 96 97
6321 96 98
6321 96 99
6321 96 100
6321 96 101
6321 96 102
6321 96 103
6321 96 104
6321 96 105
6321 96 106
6321 96 107
6321 96 108
6321 96 109
6321 96 110
6321 96 111
6321 97 98
6321 97 99
6321 97 100
6321 97 101
6321 97 102
6321 97 103
6321 97 104
6321 97 105
6622 16 24
6622 16 25
6622 16 26
6622 16 27
6622 16 28
6622 16 29
6622 16 30
6622 16 31
6622 16 32
6622 16 33
6622 16 34
6622 16 35
6622 16 36
6622 16 37
6622 17 18
6622 17 20
6622 17 21
6622 17 22
6622 17 23
6622 17 24
6622 17 25
6622 17 26
6622 17 27
6622 17 28
6622 17 29
6622 17 30
6622 17 31
6622 17 32
6622 17 33
6622 17 34
6622 17 35
6923 76 77
6923 76 78
6923 76 79
6923 76 80
6923 76 81
6923 76 82
6923 76 83
6923 77 78
6923 77 79
6923 77 80
6923 77 81
6923 77 82
6923 77 83
6923 78 79
6923 78 80
6923 78 81
6923 78 82
6923 79 80
6923 79 81
6923 79 82
6923 80 81
6923 81 82
6923 82 83
6923 83 84
6923 84 85
6923 85 86
6923 86 87
6923 87 88
6923 87 110
6923 87 111
6923 87 112
7224 73 74
7224 73 75
7224 73 76
7224 73 77
7224 73 78
7224 73 79
7224 73 80
7224 73 81
7224 73 82
7224 73 83
7224 73 84
7224 73 85
7224 74 75
7224 74 76
7224 74 77
7224 74 78
7224 74 79
7224 74 80
7224 74 81
7224 74 82
7224 74 83
7224 74 84
7224 75 76
7224 75 77
7224 75 78
7224 75 79
7224 75 80
7224 75 81
7224 75 82
7224 75 83
7224 75 84
7525 87 137
7525 87 138
7525 87 162
7525 87 163
7525 87 187
7525 87 188
7525 88 89
7525 88 105
7525 88 106
7525 88 107
7525 88 108
7525 88 109
7525 88 110
7525 88 111
7525 88 112
7525 88 137
7525 88 138
7525 88 162
7525 88 163
7525 88 187
7525 88 188
7525 89 90
7525 89 103
7525 89 104
7525 89 105
7525 89 106
7525 89 107
7525 89 108
7525 89 109
7525 89 110
7525 89 111
7826 120 127
7826 120 128
7826 120 129
7826 120 130
7826 120 131
7826 120 132
7826 120 133
7826 120 134
7826 120 135
7826 120 136
7826 121 122
7826 121 123
7826 121 124
7826 121 125
7826 121 126
7826 121 127
7826 121 128
7826 121 129
7826 121 130
7826 121 131
7826 121 132
7826 121 133
7826 121 134
7826 121 135
7826 121 136
7826 122 123
7826 122 124
7826 122 125
7826 122 126
7826 122 127
7826 122 128
8127 67 75
8127 67 76
8127 67 77
8127 67 78
8127 67 79
8127 67 80
8127 67 81
8127 67 82
8127 67 83
8127 67 84
8127 67 85
8127 67 86
8127 67 87
8127 68 69
8127 68 70
8127 68 71
8127 68 72
8127 68 73
8127 68 74
8127 68 75
8127 68 76
8127 68 77
8127 68 78
8127 68 79
8127 68 80
8127 68 81
8127 68 82
8127 68 83
8127 68 84
8127 68 85
8127 68 86
8428 70 84
8428 70 85
8428 70 86
8428 71 72
8428 71 73
8428 71 74
8428 71 75
8428 71 76
8428 71 77
8428 71 78
8428 71 79
8428 71 80
8428 71 81
8428 71 82
8428 71 83
8428 71 84
8428 71 85
8428 71 86
8428 72 73
8428 72 74
8428 72 75
8428 72 76
8428 72 77
8428 72 78
8428 72 79
8428 72 80
8428 72 81
8428 72 82
8428 72 83
8428 72 84
8428 72 85
8729 68 87
8729 69 70
8729 69 71
8729 69 72
8729 69 73
8729 69 74
8729 69 75
8729 69 76
8729 69 77
8729 69 78
8729 69 79
8729 69 80
8729 69 81
8729 69 82
8729 69 83
8729 69 84
8729 69 85
8729 69 86
8729 70 71
8729 70 72
8729 70 73
8729 70 74
8729 70 75
8729 70 76
8729 70 77
8729 70 78
8729 70 79
8729 70 80
8729 70 81
8729 70 82
8729 70 83
9030 171 173
9030 171 174
9030 171 175
9030 171 176
9030 171 177
9030 171 178
9030 171 179
9030 171 180
9030 171 181
9030 171 182
9030 171 183
9030 171 184
9030 171 185
9030 171 186
9030 172 173
9030 172 174
9030 172 175
9030 172 176
9030 172 177
9030 172 178
9030 172 179
9030 172 180
9030 172 181
9030 172 182
9030 172 183
9030 172 184
9030 172 185
9030 172 186
9030 173 174
9030 173 175
9030 173 176
9331 176 178
9331 176 179
9331 176 180
9331 176 181
9331 176 182
9331 176 183
9331 176 184
9331 177 178
9331 177 179
9331 177 180
9331 177 181
9331 177 182
9331 177 183
9331 177 184
9331 178 179
9331 178 180
9331 178 181
9331 178 182
9331 178 183
9331 179 180
9331 179 181
9331 179 182
9331 179 183
9331 180 181
9331 180 182
9331 181 182
9331 182 183
9331 183 184
9331 184 185
9331 185 186
9331 186 187
9632 10 11
9632 11 12
9632 12 13
9632 12 32
9632 12 33
9632 12 34
9632 12 35
9632 12 36
9632 12 37
9632 12 62
9632 12 87
9632 12 112
9632 12 113
9632 12 137
9632 12 138
9632 12 162
9632 12 163
9632 12 187
9632 12 188
9632 13 14
9632 13 29
9632 13 30
9632 13 31
9632 13 32
9632 13 33
9632 13 34
9632 13 35
9632 13 36
9632 13 37
9632 13 187
9632 13 188
9933 65 78
9933 65 79
9933 65 80
9933 65 81
9933 65 82
9933 65 83
9933 65 84
9933 65 85
9933 65 86
9933 65 87
9933 66 67
9933 66 73
9933 66 74
9933 66 75
9933 66 76
9933 66 77
9933 66 78
9933 66 79
9933 66 80
9933 66 81
9933 66 82
9933 66 83
9933 66 84
9933 66 85
9933 66 86
9933 66 87
9933 67 68
9933 67 71
9933 67 72
9933 67 73
9933 67 74
10234 44 51
10234 44 52
10234 44 53
10234 44 54
10234 44 55
10234 44 56
10234 44 57
10234 44 58
10234 44 59
10234 44 60
10234 44 61
10234 45 46
10234 45 47
10234 45 48
10234 45 49
10234 45 50
10234 45 51
10234 45 52
10234 45 53
10234 45 54
10234 45 55
10234 45 56
10234 45 57
10234 45 58
10234 45 59
10234 45 60
10234 45 61
10234 46 47
10234 46 48
10234 46 49
10234 46 50
10535 165 184
10535 165 185
10535 165 186
10535 165 187
10535 165 188
10535 166 167
10535 166 174
10535 166 175
10535 166 176
10535 166 177
10535 166 178
10535 166 179
10535 166 180
10535 166 181
10535 166 182
10535 166 183
10535 166 184
10535 166 185
10535 166 186
10535 166 187
10535 166 188
10535 167 168
10535 167 172
10535 167 173
10535 167 174
10535 167 175
10535 167 176
10535 167 177
10535 167 178
10535 167 179
10535 167 180
10836 116 137
10836 117 118
10836 117 121
10836 117 122
10836 117 123
10836 117 124
10836 117 125
10836 117 126
10836 117 127
10836 117 128
10836 117 129
10836 117 130
10836 117 131
10836 117 132
10836 117 133
10836 117 134
10836 117 135
10836 117 136
10836 117 137
10836 118 119
10836 118 120
10836 118 121
10836 118 122
10836 118 123
10836 118 124
10836 118 125
10836 118 126
10836 118 127
10836 118 128
10836 118 129
10836 118 130
11137 187 188
11137 188 189
11137 189 190
11137 190 191
11137 191 192
11137 192 193
11137 192 198
11137 192 199
11137 193 194
11137 193 196
11137 193 197
11137 193 198
11137 193 199
11137 194 195
11137 194 196
11137 194 197
11137 194 198
11137 194 199
11137 195 196
11137 195 197
11137 195 198
11137 195 199
11137 196 197
11137 196 198
11137 196 199
11137 197 198
11137 197 199
11137 198 199
11438 100 105
11438 100 106
11438 100 107
11438 100 108
11438 100 109
11438 101 102
11438 101 103
11438 101 104
11438 101 105
11438 101 106
11438 101 107
11438 101 108
11438 101 109
11438 102 103
11438 102 104
11438 102 105
11438 102 106
11438 102 107
11438 102 108
11438 103 104
11438 103 105
11438 103 106
11438 103 107
11438 103 108
11438 104 105
11438 104 106
11438 104 107
11438 105 106
11438 105 107
11438 106 107
11438 107 108
11739 97 106
11739 97 107
11739 97 108
11739 97 109
11739 97 110
11739 98 99
11739 98 100
11739 98 101
11739 98 102
11739 98 103
11739 98 104
11739 98 105
11739 98 106
11739 98 107
11739 98 108
11739 98 109
11739 98 110
11739 99 100
11739 99 101
11739 99 102
11739 99 103
11739 99 104
11739 99 105
11739 99 106
11739 99 107
11739 99 108
11739 99 109
11739 100 101
11739 100 102
11739 100 103
11739 100 104
12040 130 131
12040 130 132
12040 131 132
12040 132 133
12040 133 134
12040 134 135
12040 135 136
12040 136 137
12040 137 138
12040 138 139
12040 138 157
12040 138 158
12040 138 159
12040 138 160
12040 138 161
12040 138 162
12040 138 163
12040 138 188
12040 139 140
12040 139 154
12040 139 155
12040 139 156
12040 139 157
12040 139 158
12040 139 159
12040 139 160
12040 139 161
12040 139 162
12040 139 163
12040 140 141
12040 140 151
12341 63 64
12341 63 80
12341 63 81
12341 63 82
12341 63 83
12341 63 84
12341 63 85
12341 63 86
12341 63 87
12341 63 137
12341 63 138
12341 63 162
12341 63 163
12341 63 187
12341 63 188
12341 64 65
12341 64 77
12341 64 78
12341 64 79
12341 64 80
12341 64 81
12341 64 82
12341 64 83
12341 64 84
12341 64 85
12341 64 86
12341 64 87
12341 65 66
12341 65 75
12341 65 76
12341 65 77
12642 108 109
12642 109 110
12642 110 111
12642 111 112
12642 112 113
12642 112 137
12642 112 138
12642 112 162
12642 112 163
12642 112 187
12642 112 188
12642 113 114
12642 113 131
12642 113 132
12642 113 133
12642 113 134
12642 113 135
12642 113 136
12642 113 137
12642 113 138
12642 113 163
12642 113 188
12642 114 115
12642 114 128
12642 114 129
12642 114 130
12642 114 131
12642 114 132
12642 114 133
12642 114 134
12642 114 135
12943 114 136
12943 114 137
12943 114 138
12943 115 116
12943 115 126
12943 115 127
12943 115 128
12943 115 129
12943 115 130
12943 115 131
12943 115 132
12943 115 133
12943 115 134
12943 115 135
12943 115 136
12943 115 137
12943 116 117
12943 116 123
12943 116 124
12943 116 125
12943 116 126
12943 116 127
12943 116 128
12943 116 129
12943 116 130
12943 116 131
12943 116 132
12943 116 133
12943 116 134
12943 116 135
12943 116 136
13244 14 15
13244 14 26
13244 14 27
13244 14 28
13244 14 29
13244 14 30
13244 14 31
13244 14 32
13244 14 33
13244 14 34
13244 14 35
13244 14 36
13244 14 37
13244 15 16
13244 15 24
13244 15 25
13244 15 26
13244 15 27
13244 15 28
13244 15 29
13244 15 30
13244 15 31
13244 15 32
13244 15 33
13244 15 34
13244 15 35
13244 15 36
13244 15 37
13244 16 17
13244 16 22
13244 16 23
13545 147 160
13545 147 161
13545 148 149
13545 148 150
13545 148 151
13545 148 152
13545 148 153
13545 148 154
13545 148 155
13545 148 156
13545 148 157
13545 148 158
13545 148 159
13545 148 160
13545 149 150
13545 149 151
13545 149 152
13545 149 153
13545 149 154
13545 149 155
13545 149 156
13545 149 157
13545 149 158
13545 149 159
13545 149 160
13545 150 151
13545 150 152
13545 150 153
13545 150 154
13545 150 155
13545 150 156
13846 167 181
13846 167 182
13846 167 183
13846 167 184
13846 167 185
13846 167 186
13846 167 187
13846 168 169
13846 168 170
13846 168 171
13846 168 172
13846 168 173
13846 168 174
13846 168 175
13846 168 176
13846 168 177
13846 168 178
13846 168 179
13846 168 180
13846 168 181
13846 168 182
13846 168 183
13846 168 184
13846 168 185
13846 168 186
13846 168 187
13846 169 170
13846 169 171
13846 169 172
13846 169 173
13846 169 174
14147 48 57
14147 48 58
14147 48 59
14147 48 60
14147 49 50
14147 49 51
14147 49 52
14147 49 53
14147 49 54
14147 49 55
14147 49 56
14147 49 57
14147 49 58
14147 49 59
14147 50 51
14147 50 52
14147 50 53
14147 50 54
14147 50 55
14147 50 56
14147 50 57
14147 50 58
14147 50 59
14147 51 52
14147 51 53
14147 51 54
14147 51 55
14147 51 56
14147 51 57
14147 51 58
14147 52 53
14448 145 158
14448 145 159
14448 145 160
14448 145 161
14448 146 147
14448 146 148
14448 146 149
14448 146 150
14448 146 151
14448 146 152
14448 146 153
14448 146 154
14448 146 155
14448 146 156
14448 146 157
14448 146 158
14448 146 159
14448 146 160
14448 146 161
14448 147 148
14448 147 149
14448 147 150
14448 147 151
14448 147 152
14448 147 153
14448 147 154
14448 147 155
14448 147 156
14448 147 157
14448 147 158
14448 147 159
14749 42 56
14749 42 57
14749 42 58
14749 42 59
14749 42 60
14749 42 61
14749 42 62
14749 43 44
14749 43 45
14749 43 46
14749 43 47
14749 43 48
14749 43 49
14749 43 50
14749 43 51
14749 43 52
14749 43 53
14749 43 54
14749 43 55
14749 43 56
14749 43 57
14749 43 58
14749 43 59
14749 43 60
14749 43 61
14749 44 45
14749 44 46
14749 44 47
14749 44 48
14749 44 49
14749 44 50
15050 19 32
15050 19 33
15050 19 34
15050 19 35
15050 19 36
15050 20 21
15050 20 22
15050 20 23
15050 20 24
15050 20 25
15050 20 26
15050 20 27
15050 20 28
15050 20 29
15050 20 30
15050 20 31
15050 20 32
15050 20 33
15050 20 34
15050 20 35
15050 20 36
15050 21 22
15050 21 23
15050 21 24
15050 21 25
15050 21 26
15050 21 27
15050 21 28
15050 21 29
15050 21 30
15050 21 31
15351 93 107
15351 93 108
15351 93 109
15351 93 110
15351 93 111
15351 93 112
15351 94 95
15351 94 96
15351 94 97
15351 94 98
15351 94 99
15351 94 100
15351 94 101
15351 94 102
15351 94 103
15351 94 104
15351 94 105
15351 94 106
15351 94 107
15351 94 108
15351 94 109
15351 94 110
15351 94 111
15351 95 96
15351 95 97
15351 95 98
15351 95 99
15351 95 100
15351 95 101
15351 95 102
15351 95 103
