0 84 94
0 84 95
0.501 188 191
0.501 189 190
1.0019999999999998 59 63
1.0019999999999998 59 64
1.5029999999999997 28 54
1.5029999999999997 28 82
2.0039999999999996 141 146
2.0039999999999996 141 147
2.5049999999999994 69 81
2.5049999999999994 69 82
3.0059999999999993 127 131
3.0059999999999993 128 129
3.5069999999999992 99 106
3.5069999999999992 99 107
4.008 153 198
4.008 153 199
4.509 152 197
4.509 152 198
5.010000000000001 137 139
5.010000000000001 137 146
5.511000000000001 93 95
5.511000000000001 93 96
6.012000000000001 120 130
6.012000000000001 120 131
6.513000000000002 135 140
6.513000000000002 135 141
7.014000000000002 171 172
7.014000000000002 171 173
7.515000000000002 136 151
7.515000000000002 136 152
8.016000000000002 133 181
8.016000000000002 133 191
8.517000000000001 88 92
8.517000000000001 88 93
9.018 122 125
9.018 122 126
9.519 83 92
9.519 83 93
10.02 34 39
10.02 34 40
10.520999999999999 43 52
10.520999999999999 43 53
11.021999999999998 28 40
11.021999999999998 28 41
11.522999999999998 31 34
11.522999999999998 31 35
12.023999999999997 170 173
12.023999999999997 170 174
12.524999999999997 166 194
12.524999999999997 166 195
13.025999999999996 94 96
13.025999999999996 94 97
13.526999999999996 132 147
13.526999999999996 132 148
14.027999999999995 58 61
14.027999999999995 58 62
14.528999999999995 73 75
14.528999999999995 73 76
15.029999999999994 140 146
15.029999999999994 140 147
15.530999999999993 108 128
15.530999999999993 108 129
16.031999999999993 144 146
16.031999999999993 144 147
16.532999999999994 166 176
16.532999999999994 166 177
17.033999999999995 107 125
17.033999999999995 107 126
17.534999999999997 133 152
17.534999999999997 133 153
18.035999999999998 54 66
18.035999999999998 54 67
18.537 56 60
18.537 56 61
19.038 133 136
19.038 133 137
19.539 108 115
19.539 108 116
20.040000000000003 173 176
20.040000000000003 174 175
20.541000000000004 41 47
20.541000000000004 41 48
21.042000000000005 127 129
21.042000000000005 127 130
21.543000000000006 59 61
21.543000000000006 59 62
22.044000000000008 182 193
22.044000000000008 182 194
22.54500000000001 152 162
22.54500000000001 152 163
23.04600000000001 4 19
23.04600000000001 4 20
23.54700000000001 173 174
23.54700000000001 173 175
24.048000000000012 114 115
24.048000000000012 115 116
24.549000000000014 154 164
24.549000000000014 155 156
25.050000000000015 10 23
25.050000000000015 10 24
25.551000000000016 106 128
25.551000000000016 106 129
26.052000000000017 138 199
26.052000000000017 139 140
26.55300000000002 136 193
26.55300000000002 136 194
27.05400000000002 11 22
27.05400000000002 11 23
27.55500000000002 119 129
27.55500000000002 119 130
28.056000000000022 82 98
28.056000000000022 83 84
28.557000000000023 133 150
28.557000000000023 133 151
29.058000000000025 136 199
29.058000000000025 137 138
29.559000000000026 99 122
29.559000000000026 99 123
30.060000000000027 10 17
30.060000000000027 10 18
30.56100000000003 74 76
30.56100000000003 74 77
31.06200000000003 41 51
31.06200000000003 41 52
31.56300000000003 72 78
31.56300000000003 72 79
32.06400000000003 43 50
32.06400000000003 43 51
32.565000000000026 184 191
32.565000000000026 184 192
33.066000000000024 125 128
33.066000000000024 125 129
33.56700000000002 89 91
33.56700000000002 89 92
34.06800000000002 99 132
34.06800000000002 100 101
34.56900000000002 12 24
34.56900000000002 12 25
35.070000000000014 159 161
35.070000000000014 159 162
35.57100000000001 171 176
35.57100000000001 171 177
36.07200000000001 130 131
36.07200000000001 131 132
36.57300000000001 134 147
36.57300000000001 134 148
37.074000000000005 142 149
37.074000000000005 142 150
37.575 74 80
37.575 74 81
38.076 106 130
38.076 106 131
38.577 68 79
38.577 68 80
39.077999999999996 33 37
39.077999999999996 33 38
39.57899999999999 155 160
39.57899999999999 155 161
40.07999999999999 167 175
40.07999999999999 167 176
40.58099999999999 100 102
40.58099999999999 100 103
41.08199999999999 84 88
41.08199999999999 84 89
41.582999999999984 103 125
41.582999999999984 103 126
42.08399999999998 133 144
42.08399999999998 133 145
42.58499999999998 110 119
42.58499999999998 110 130
43.08599999999998 44 54
43.08599999999998 45 46
43.586999999999975 31 36
43.586999999999975 31 37
44.08799999999997 132 141
44.08799999999997 132 142
44.58899999999997 180 194
44.58899999999997 180 195
45.08999999999997 105 124
45.08999999999997 105 125
45.590999999999966 29 37
45.590999999999966 29 38
46.09199999999996 134 153
46.09199999999996 134 161
46.59299999999996 167 168
46.59299999999996 167 174
47.09399999999996 184 189
47.09399999999996 184 190
47.594999999999956 105 122
47.594999999999956 105 123
48.095999999999954 58 67
48.095999999999954 59 60
48.59699999999995 139 178
48.59699999999995 139 179
49.09799999999995 121 131
49.09799999999995 121 132
49.59899999999995 137 193
49.59899999999995 137 194
50.099999999999945 67 68
50.099999999999945 68 69
50.60099999999994 3 27
50.60099999999994 4 5
51.10199999999994 132 198
51.10199999999994 132 199
51.60299999999994 132 149
51.60299999999994 132 150
52.103999999999935 133 166
52.103999999999935 133 176
52.60499999999993 14 17
52.60499999999993 14 18
53.10599999999993 172 175
53.10599999999993 172 176
53.60699999999993 101 107
53.60699999999993 101 108
54.107999999999926 10 21
54.107999999999926 10 22
54.608999999999924 88 96
54.608999999999924 88 97
55.10999999999992 99 130
55.10999999999992 99 131
55.61099999999992 88 94
55.61099999999992 88 95
56.11199999999992 72 74
56.11199999999992 72 75
56.612999999999914 7 18
56.612999999999914 7 19
57.11399999999991 104 122
57.11399999999991 104 123
57.61499999999991 11 24
57.61499999999991 11 25
58.11599999999991 48 51
58.11599999999991 48 52
58.616999999999905 137 147
58.616999999999905 137 148
59.1179999999999 103 129
59.1179999999999 103 130
59.6189999999999 63 65
59.6189999999999 63 66
60.1199999999999 171 174
60.1199999999999 171 175
60.620999999999896 101 121
60.620999999999896 101 122
61.12199999999989 12 26
61.12199999999989 13 14
61.62299999999989 60 66
61.62299999999989 60 67
62.12399999999989 31 38
62.12399999999989 31 39
62.624999999999886 136 195
62.624999999999886 136 196
63.125999999999884 49 53
63.125999999999884 50 51
63.62699999999988 137 177
63.62699999999988 137 178
64.12799999999989 83 90
64.12799999999989 83 91
64.62899999999989 135 136
64.62899999999989 135 137
65.1299999999999 134 149
65.1299999999999 134 150
65.6309999999999 169 175
65.6309999999999 169 176
66.1319999999999 153 160
66.1319999999999 153 161
66.63299999999991 108 132
66.63299999999991 109 110
67.13399999999992 120 132
67.13399999999992 121 122
67.63499999999992 99 116
67.63499999999992 99 117
68.13599999999992 58 59
68.13599999999992 58 60
68.63699999999993 120 121
68.63699999999993 120 125
69.13799999999993 132 194
69.13799999999993 132 195
69.63899999999994 186 189
69.63899999999994 186 190
70.13999999999994 121 127
70.13999999999994 121 128
70.64099999999995 134 179
70.64099999999995 134 180
71.14199999999995 85 97
71.14199999999995 85 98
71.64299999999996 139 195
71.64299999999996 139 196
72.14399999999996 184 193
72.14399999999996 184 194
72.64499999999997 135 138
72.64499999999997 135 139
73.14599999999997 137 151
73.14599999999997 137 163
73.64699999999998 4 23
73.64699999999998 4 24
74.14799999999998 88 98
74.14799999999998 89 90
74.64899999999999 68 98
74.64899999999999 69 70
75.14999999999999 143 144
75.14999999999999 143 145
75.651 135 176
75.651 135 177
76.152 151 198
76.152 151 199
76.653 101 127
76.653 101 128
77.15400000000001 102 120
77.15400000000001 102 121
77.65500000000002 134 177
77.65500000000002 134 178
78.15600000000002 29 35
78.15600000000002 29 36
78.65700000000002 12 18
78.65700000000002 12 19
79.15800000000003 105 128
79.15800000000003 105 129
79.65900000000003 104 120
79.65900000000003 104 121
80.16000000000004 8 25
80.16000000000004 8 26
80.66100000000004 13 15
80.66100000000004 13 16
81.16200000000005 160 161
81.16200000000005 161 162
81.66300000000005 11 20
81.66300000000005 11 21
82.16400000000006 181 198
82.16400000000006 181 199
82.66500000000006 135 178
82.66500000000006 135 179
83.16600000000007 73 81
83.16600000000007 74 75
83.66700000000007 2 23
83.66700000000007 2 24
84.16800000000008 86 91
84.16800000000008 86 92
84.66900000000008 70 79
84.66900000000008 70 80
85.17000000000009 46 52
85.17000000000009 46 53
85.67100000000009 134 164
85.67100000000009 134 165
86.1720000000001 109 116
86.1720000000001 109 117
86.6730000000001 14 15
86.6730000000001 14 16
87.1740000000001 8 9
87.1740000000001 8 18
87.67500000000011 119 120
87.67500000000011 119 128
88.17600000000012 142 147
88.17600000000012 142 148
88.67700000000012 8 19
88.67700000000012 8 20
89.17800000000013 55 58
89.17800000000013 55 59
89.67900000000013 46 50
89.67900000000013 46 51
90.18000000000013 183 195
90.18000000000013 183 197
90.68100000000014 100 108
90.68100000000014 100 109
91.18200000000014 108 109
91.18200000000014 108 114
91.68300000000015 47 52
91.68300000000015 47 53
92.18400000000015 126 127
92.18400000000015 126 128
92.68500000000016 8 21
92.68500000000016 8 22
93.18600000000016 104 118
93.18600000000016 104 119
93.68700000000017 35 36
93.68700000000017 35 37
94.18800000000017 82 94
94.18800000000017 82 95
94.68900000000018 11 18
94.68900000000018 11 19
95.19000000000018 133 134
95.19000000000018 133 135
95.69100000000019 137 199
95.69100000000019 138 139
96.19200000000019 125 126
96.19200000000019 125 127
96.6930000000002 81 82
96.6930000000002 82 83
97.1940000000002 132 153
97.1940000000002 132 160
97.6950000000002 134 198
97.6950000000002 134 199
98.19600000000021 106 122
98.19600000000021 106 123
98.69700000000022 0 1
98.69700000000022 1 2
99.19800000000022 42 49
99.19800000000022 42 50
99.69900000000023 105 116
99.69900000000023 105 117
100.20000000000023 104 126
100.20000000000023 104 127
100.70100000000023 135 195
100.70100000000023 135 196
101.20200000000024 42 47
101.20200000000024 42 48
101.70300000000024 105 126
101.70300000000024 105 127
102.20400000000025 76 79
102.20400000000025 76 80
102.70500000000025 10 19
102.70500000000025 10 20
103.20600000000026 72 80
103.20600000000026 72 81
103.70700000000026 185 188
103.70700000000026 185 189
104.20800000000027 123 132
104.20800000000027 124 125
104.70900000000027 71 82
104.70900000000027 72 73
105.21000000000028 52 53
105.21000000000028 53 54
105.71100000000028 111 112
105.71100000000028 111 113
106.21200000000029 100 132
106.21200000000029 101 102
106.71300000000029 50 52
106.71300000000029 51 52
107.2140000000003 155 158
107.2140000000003 155 159
107.7150000000003 90 93
107.7150000000003 90 94
108.2160000000003 137 164
108.2160000000003 137 165
108.71700000000031 132 181
108.71700000000031 132 191
109.21800000000032 32 36
109.21800000000032 32 37
109.71900000000032 138 178
109.71900000000032 138 179
110.22000000000033 109 114
110.22000000000033 109 115
110.72100000000033 136 138
110.72100000000033 136 139
111.22200000000034 182 195
111.22200000000034 182 196
111.72300000000034 134 137
111.72300000000034 134 138
112.22400000000034 179 180
112.22400000000034 179 193
112.72500000000035 134 192
112.72500000000035 134 193
113.22600000000035 20 26
113.22600000000035 21 22
113.72700000000036 123 124
113.72700000000036 123 125
114.22800000000036 129 130
114.22800000000036 129 131
114.72900000000037 75 78
114.72900000000037 75 79
115.23000000000037 103 117
115.23000000000037 103 118
115.73100000000038 27 40
115.73100000000038 27 41
116.23200000000038 4 25
116.23200000000038 4 26
116.73300000000039 134 194
116.73300000000039 134 195
117.23400000000039 103 127
117.23400000000039 103 128
117.7350000000004 3 19
117.7350000000004 3 20
118.2360000000004 185 190
118.2360000000004 185 191
118.7370000000004 182 199
118.7370000000004 183 184
119.23800000000041 54 64
119.23800000000041 54 65
119.73900000000042 168 178
119.73900000000042 168 179
120.24000000000042 12 13
120.24000000000042 12 15
120.74100000000043 5 23
120.74100000000043 5 24
121.24200000000043 86 87
121.24200000000043 86 88
121.74300000000044 70 77
121.74300000000044 70 78
122.24400000000044 47 48
122.24400000000044 47 49
122.74500000000045 87 98
122.74500000000045 88 89
123.24600000000045 64 65
123.24600000000045 64 66
123.74700000000045 146 148
123.74700000000045 147 148
124.24800000000046 83 96
124.24800000000046 83 97
124.74900000000046 93 97
124.74900000000046 94 95
125.25000000000047 71 74
125.25000000000047 71 75
125.75100000000047 71 72
125.75100000000047 71 73
126.25200000000048 99 104
126.25200000000048 99 105
126.75300000000048 68 77
126.75300000000048 68 78
127.25400000000049 112 115
127.25400000000049 112 116
127.75500000000049 133 164
127.75500000000049 133 165
128.2560000000005 70 73
128.2560000000005 70 74
128.75700000000052 112 113
128.75700000000052 112 114
129.25800000000052 108 117
129.25800000000052 108 118
129.75900000000053 101 131
129.75900000000053 101 132
130.26000000000053 192 193
130.26000000000053 193 194
130.76100000000054 84 92
130.76100000000054 84 93
131.26200000000054 136 164
131.26200000000054 136 165
131.76300000000055 134 139
131.76300000000055 134 140
132.26400000000055 135 151
132.26400000000055 135 152
132.76500000000055 43 54
132.76500000000055 44 45
133.26600000000056 88 90
133.26600000000056 88 91
133.76700000000056 99 124
133.76700000000056 99 125
134.26800000000057 151 196
134.26800000000057 151 197
134.76900000000057 90 91
134.76900000000057 90 92
135.27000000000058 105 120
135.27000000000058 105 121
135.77100000000058 69 73
135.77100000000058 69 74
136.2720000000006 69 79
136.2720000000006 69 80
136.7730000000006 134 143
136.7730000000006 134 144
137.2740000000006 20 21
137.2740000000006 20 25
137.7750000000006 86 89
137.7750000000006 86 90
138.2760000000006 1 22
138.2760000000006 1 23
138.7770000000006 183 191
138.7770000000006 183 192
139.27800000000062 118 119
139.27800000000062 118 130
139.77900000000062 60 64
139.77900000000062 60 65
140.28000000000063 120 126
140.28000000000063 120 127
140.78100000000063 31 40
140.78100000000063 32 33
141.28200000000064 102 124
141.28200000000064 102 125
141.78300000000064 30 31
141.78300000000064 30 32
142.28400000000065 45 47
142.28400000000065 45 48
142.78500000000065 104 130
142.78500000000065 104 131
143.28600000000066 151 163
143.28600000000066 151 164
143.78700000000066 175 176
143.78700000000066 176 177
144.28800000000066 83 88
144.28800000000066 83 89
144.78900000000067 84 90
144.78900000000067 84 91
145.29000000000067 181 194
145.29000000000067 181 195
145.79100000000068 99 118
145.79100000000068 99 119
146.29200000000068 144 148
146.29200000000068 144 149
146.7930000000007 180 192
146.7930000000007 180 193
147.2940000000007 106 132
147.2940000000007 107 108
147.7950000000007 75 80
147.7950000000007 75 81
148.2960000000007 14 19
148.2960000000007 15 16
148.7970000000007 59 67
148.7970000000007 60 61
149.2980000000007 56 58
149.2980000000007 56 59
149.79900000000072 98 128
149.79900000000072 98 129
150.30000000000072 137 197
150.30000000000072 137 198
150.80100000000073 141 150
150.80100000000073 141 151
151.30200000000073 134 166
151.30200000000073 134 176
151.80300000000074 82 92
151.80300000000074 82 93
152.30400000000074 29 33
152.30400000000074 29 34
152.80500000000075 196 199
152.80500000000075 197 198
153.30600000000075 181 192
153.30600000000075 181 193
153.80700000000076 181 196
153.80700000000076 181 197
154.30800000000076 98 130
154.30800000000076 98 131
154.80900000000076 7 24
154.80900000000076 7 25
155.31000000000077 5 27
155.31000000000077 6 7
155.81100000000077 153 164
155.81100000000077 153 165
156.31200000000078 102 122
156.31200000000078 102 123
156.81300000000078 61 66
156.81300000000078 61 67
157.3140000000008 122 123
157.3140000000008 122 124
157.8150000000008 103 119
157.8150000000008 103 120
158.3160000000008 132 151
158.3160000000008 132 152
158.8170000000008 137 179
158.8170000000008 137 180
159.3180000000008 133 192
159.3180000000008 133 193
159.8190000000008 179 196
159.8190000000008 179 197
160.32000000000082 152 179
160.32000000000082 152 194
160.82100000000082 100 124
160.82100000000082 100 125
161.32200000000083 169 173
161.32200000000083 169 174
161.82300000000083 54 98
161.82300000000083 55 56
162.32400000000084 45 51
162.32400000000084 45 52
162.82500000000084 169 177
162.82500000000084 169 178
163.32600000000085 69 75
163.32600000000085 69 76
163.82700000000085 62 65
163.82700000000085 62 66
164.32800000000086 139 146
164.32800000000086 139 147
164.82900000000086 165 198
164.82900000000086 165 199
165.33000000000087 133 177
165.33000000000087 133 178
165.83100000000087 55 60
165.83100000000087 55 61
166.33200000000087 101 103
166.33200000000087 101 104
166.83300000000088 8 27
166.83300000000088 9 10
167.33400000000088 141 148
167.33400000000088 141 149
167.8350000000009 12 20
167.8350000000009 12 21
168.3360000000009 170 175
168.3360000000009 170 176
168.8370000000009 104 116
168.8370000000009 104 117
169.3380000000009 103 131
169.3380000000009 103 132
169.8390000000009 48 53
169.8390000000009 49 50
170.3400000000009 84 96
170.3400000000009 84 97
170.84100000000092 16 17
170.84100000000092 17 18
171.34200000000092 110 113
171.34200000000092 110 114
171.84300000000093 2 25
171.84300000000093 2 26
172.34400000000093 42 45
172.34400000000093 42 46
172.84500000000094 138 149
172.84500000000094 138 150
173.34600000000094 12 16
173.34600000000094 12 17
173.84700000000095 41 53
173.84700000000095 41 54
174.34800000000095 190 191
174.34800000000095 191 192
174.84900000000096 6 21
174.84900000000096 6 22
175.35000000000096 70 81
175.35000000000096 70 82
175.85100000000097 138 151
175.85100000000097 138 163
176.35200000000097 158 162
176.35200000000097 159 160
176.85300000000097 102 103
176.85300000000097 102 104
177.35400000000098 46 48
177.35400000000098 46 49
177.85500000000098 138 193
177.85500000000098 138 194
178.356000000001 101 123
178.356000000001 101 124
178.857000000001 128 130
178.857000000001 128 131
179.358000000001 21 23
179.358000000001 21 24
179.859000000001 107 131
179.859000000001 107 132
180.360000000001 72 82
180.360000000001 73 74
180.861000000001 165 178
180.861000000001 165 179
181.36200000000102 123 126
181.36200000000102 123 127
181.86300000000102 72 76
181.86300000000102 72 77
182.36400000000103 106 120
182.36400000000103 106 121
182.86500000000103 183 189
182.86500000000103 183 190
183.36600000000104 31 32
183.36600000000104 31 33
183.86700000000104 29 31
183.86700000000104 29 32
184.36800000000105 168 174
184.36800000000105 168 175
184.86900000000105 6 27
184.86900000000105 7 8
185.37000000000106 100 126
185.37000000000106 100 127
185.87100000000106 86 95
185.87100000000106 86 96
186.37200000000107 89 95
186.37200000000107 89 96
186.87300000000107 194 195
186.87300000000107 194 199
187.37400000000108 133 162
187.37400000000108 133 163
187.87500000000108 136 177
187.87500000000108 136 178
188.37600000000108 109 130
188.37600000000108 109 131
188.8770000000011 5 19
188.8770000000011 5 20
189.3780000000011 85 95
189.3780000000011 85 96
189.8790000000011 113 115
189.8790000000011 113 116
190.3800000000011 73 79
190.3800000000011 73 80
190.8810000000011 166 167
190.8810000000011 166 175
191.3820000000011 61 62
191.3820000000011 61 63
191.88300000000112 184 185
191.88300000000112 184 188
192.38400000000112 135 145
192.38400000000112 135 146
192.88500000000113 4 21
192.88500000000113 4 22
193.38600000000113 135 199
193.38600000000113 136 137
193.88700000000114 156 164
193.88700000000114 157 158
194.38800000000114 133 140
194.38800000000114 133 141
194.88900000000115 133 146
194.88900000000115 133 147
195.39000000000115 182 183
195.39000000000115 182 190
195.89100000000116 135 193
195.89100000000116 135 194
196.39200000000116 139 193
196.39200000000116 139 194
196.89300000000117 142 143
196.89300000000117 142 144
197.39400000000117 156 162
197.39400000000117 156 163
197.89500000000118 59 65
197.89500000000118 59 66
198.39600000000118 103 121
198.39600000000118 103 122
198.89700000000119 104 105
198.89700000000119 104 106
199.3980000000012 103 105
199.3980000000012 103 106
199.8990000000012 49 51
199.8990000000012 49 52
200.4000000000012 87 94
200.4000000000012 87 95
200.9010000000012 111 116
200.9010000000012 111 117
201.4020000000012 34 37
201.4020000000012 34 38
201.9030000000012 170 177
201.9030000000012 170 178
202.40400000000122 58 63
202.40400000000122 58 64
202.90500000000122 45 49
202.90500000000122 45 50
203.40600000000123 33 35
203.40600000000123 33 36
203.90700000000123 100 128
203.90700000000123 100 129
204.40800000000124 166 198
204.40800000000124 166 199
204.90900000000124 96 97
204.90900000000124 97 98
205.41000000000125 143 150
205.41000000000125 144 145
205.91100000000125 85 93
205.91100000000125 85 94
206.41200000000126 107 121
206.41200000000126 107 124
206.91300000000126 126 129
206.91300000000126 126 130
207.41400000000127 1 26
207.41400000000127 1 27
207.91500000000127 73 77
207.91500000000127 73 78
208.41600000000128 132 196
208.41600000000128 132 197
208.91700000000128 182 197
208.91700000000128 182 198
209.41800000000129 100 118
209.41800000000129 100 119
209.9190000000013 6 19
209.9190000000013 6 20
210.4200000000013 56 64
210.4200000000013 56 65
210.9210000000013 170 171
210.9210000000013 170 172
211.4220000000013 62 67
211.4220000000013 63 64
211.9230000000013 9 25
211.9230000000013 9 26
212.4240000000013 123 130
212.4240000000013 123 131
212.92500000000132 5 25
212.92500000000132 5 26
213.42600000000132 41 82
213.42600000000132 41 98
213.92700000000133 104 132
213.92700000000133 105 106
214.42800000000133 48 49
214.42800000000133 48 50
214.92900000000134 132 163
214.92900000000134 132 164
215.43000000000134 133 196
215.43000000000134 133 197
215.93100000000135 110 131
215.93100000000135 110 132
216.43200000000135 107 129
216.43200000000135 107 130
216.93300000000136 107 115
216.93300000000136 107 116
217.43400000000136 102 105
217.43400000000136 102 106
217.93500000000137 152 153
217.93500000000137 152 161
218.43600000000137 196 197
218.43600000000137 196 198
218.93700000000138 23 26
218.93700000000138 24 25
219.43800000000138 104 124
219.43800000000138 104 125
219.93900000000139 139 197
219.93900000000139 139 198
220.4400000000014 75 76
220.4400000000014 75 77
220.9410000000014 155 164
220.9410000000014 156 157
221.4420000000014 55 66
221.4420000000014 55 67
221.9430000000014 123 128
221.9430000000014 123 129
222.4440000000014 132 165
222.4440000000014 132 166
222.94500000000141 125 130
222.94500000000141 125 131
223.44600000000142 89 97
223.44600000000142 89 98
223.94700000000142 102 116
223.94700000000142 102 117
224.44800000000143 180 181
224.44800000000143 180 191
224.94900000000143 71 80
224.94900000000143 71 81
225.45000000000144 98 118
225.45000000000144 98 119
225.95100000000144 57 62
225.95100000000144 57 63
226.45200000000145 89 93
226.45200000000145 89 94
226.95300000000145 6 25
226.95300000000145 6 26
227.45400000000146 106 116
227.45400000000146 106 117
227.95500000000146 136 149
227.95500000000146 136 150
228.45600000000147 187 191
228.45600000000147 187 192
228.95700000000147 118 131
228.95700000000147 118 132
229.45800000000148 138 197
229.45800000000148 138 198
229.95900000000148 102 118
229.95900000000148 102 119
230.4600000000015 165 194
230.4600000000015 165 195
230.9610000000015 154 162
230.9610000000015 154 163
231.4620000000015 133 179
231.4620000000015 133 180
231.9630000000015 45 53
231.9630000000015 46 47
232.4640000000015 90 95
232.4640000000015 90 96
232.9650000000015 108 126
232.9650000000015 108 127
233.46600000000151 137 195
233.46600000000151 137 196
233.96700000000152 32 34
233.96700000000152 32 35
234.46800000000152 98 122
234.46800000000152 98 123
234.96900000000153 101 119
234.96900000000153 101 120
235.47000000000153 98 132
235.47000000000153 99 100
235.97100000000154 95 96
235.97100000000154 95 97
236.47200000000154 69 71
236.47200000000154 69 72
236.97300000000155 139 199
236.97300000000155 140 141
237.47400000000155 107 127
237.47400000000155 107 128
237.97500000000156 157 159
237.97500000000156 157 160
238.47600000000156 44 52
238.47600000000156 44 53
238.97700000000157 99 120
238.97700000000157 99 121
239.47800000000157 57 60
239.47800000000157 57 61
239.97900000000158 92 93
239.97900000000158 92 94
240.48000000000158 102 128
240.48000000000158 102 129
240.9810000000016 151 165
240.9810000000016 151 179
241.4820000000016 43 48
241.4820000000016 43 49
241.9830000000016 106 126
241.9830000000016 106 127
242.4840000000016 99 114
242.4840000000016 99 115
242.9850000000016 139 164
242.9850000000016 139 165
243.4860000000016 21 25
243.4860000000016 21 26
243.98700000000161 8 23
243.98700000000161 8 24
244.48800000000162 186 191
244.48800000000162 186 192
244.98900000000162 3 21
244.98900000000162 3 22
245.49000000000163 82 96
245.49000000000163 82 97
245.99100000000163 7 26
245.99100000000163 7 27
246.49200000000164 98 124
246.49200000000164 98 125
246.99300000000164 13 17
246.99300000000164 13 18
247.49400000000165 107 119
247.49400000000165 107 120
247.99500000000165 121 129
247.99500000000165 121 130
248.49600000000166 7 22
248.49600000000166 7 23
248.99700000000166 157 161
248.99700000000166 157 162
249.49800000000167 102 126
249.49800000000167 102 127
249.99900000000167 23 24
249.99900000000167 23 25
250.50000000000168 91 94
250.50000000000168 91 95
251.00100000000168 9 19
251.00100000000168 9 20
251.5020000000017 109 128
251.5020000000017 109 129
252.0030000000017 56 62
252.0030000000017 56 63
252.5040000000017 141 142
252.5040000000017 141 145
253.0050000000017 100 114
253.0050000000017 100 115
253.5060000000017 9 17
253.5060000000017 9 18
254.0070000000017 28 38
254.0070000000017 28 39
254.50800000000172 55 64
254.50800000000172 55 65
255.00900000000172 15 17
255.00900000000172 15 18
255.51000000000172 86 97
255.51000000000172 86 98
256.0110000000017 148 149
256.0110000000017 149 150
256.51200000000165 152 199
256.51200000000165 153 154
257.0130000000016 56 66
257.0130000000016 56 67
257.5140000000016 42 53
257.5140000000016 42 54
258.0150000000016 132 192
258.0150000000016 132 193
258.51600000000155 11 26
258.51600000000155 11 27
259.01700000000153 166 178
259.01700000000153 166 179
259.5180000000015 150 151
259.5180000000015 151 152
260.0190000000015 172 173
260.0190000000015 172 174
260.52000000000146 37 39
260.52000000000146 38 39
261.02100000000144 136 197
261.02100000000144 136 198
261.5220000000014 87 92
261.5220000000014 87 93
262.0230000000014 65 66
262.0230000000014 66 67
262.52400000000137 135 164
262.52400000000137 135 165
263.02500000000134 100 122
263.02500000000134 100 123
263.5260000000013 126 131
263.5260000000013 127 128
264.0270000000013 43 44
264.0270000000013 43 45
264.52800000000127 135 162
264.52800000000127 135 163
265.02900000000125 156 160
265.02900000000125 156 161
265.5300000000012 132 161
265.5300000000012 132 162
266.0310000000012 133 160
266.0310000000012 133 161
266.5320000000012 187 189
266.5320000000012 187 190
267.03300000000115 183 193
267.03300000000115 183 194
267.53400000000113 84 98
267.53400000000113 85 86
268.0350000000011 167 199
268.0350000000011 168 169
268.5360000000011 57 64
268.5360000000011 57 65
269.03700000000106 10 25
269.03700000000106 10 26
269.53800000000103 108 130
269.53800000000103 108 131
270.039000000001 85 91
270.039000000001 85 92
270.540000000001 32 40
270.540000000001 33 34
271.04100000000096 44 46
271.04100000000096 44 47
271.54200000000094 132 179
271.54200000000094 132 180
272.0430000000009 157 163
272.0430000000009 158 159
272.5440000000009 30 37
272.5440000000009 30 38
273.04500000000087 135 197
273.04500000000087 135 198
273.54600000000084 132 177
273.54600000000084 132 178
274.0470000000008 109 118
274.0470000000008 109 119
274.5480000000008 10 27
274.5480000000008 11 12
275.0490000000008 100 104
275.0490000000008 100 105
275.55000000000075 27 28
275.55000000000075 27 39
276.0510000000007 134 135
276.0510000000007 134 136
276.5520000000007 39 40
276.5520000000007 40 41
277.0530000000007 28 98
277.0530000000007 29 30
277.55400000000066 168 176
277.55400000000066 168 177
278.05500000000063 2 3
278.05500000000063 2 20
278.5560000000006 29 39
278.5560000000006 29 40
279.0570000000006 177 178
279.0570000000006 178 179
279.55800000000056 106 124
279.55800000000056 106 125
280.05900000000054 135 149
280.05900000000054 135 150
280.5600000000005 145 146
280.5600000000005 145 147
281.0610000000005 101 115
281.0610000000005 101 116
281.56200000000047 78 80
281.56200000000047 78 81
282.06300000000044 119 131
282.06300000000044 119 132
282.5640000000004 34 35
282.5640000000004 34 36
283.0650000000004 138 164
283.0650000000004 138 165
283.5660000000004 13 19
283.5660000000004 13 20
284.06700000000035 22 25
284.06700000000035 22 26
284.5680000000003 47 50
284.5680000000003 47 51
285.0690000000003 111 118
285.0690000000003 111 132
285.5700000000003 134 162
285.5700000000003 134 163
286.07100000000025 124 128
286.07100000000025 124 129
286.57200000000023 2 27
286.57200000000023 3 4
287.0730000000002 139 150
287.0730000000002 139 151
287.5740000000002 84 86
287.5740000000002 84 87
288.07500000000016 162 163
288.07500000000016 163 164
288.57600000000014 185 186
288.57600000000014 185 187
289.0770000000001 134 145
289.0770000000001 134 146
289.5780000000001 121 125
289.5780000000001 121 126
290.07900000000006 83 94
290.07900000000006 83 95
290.58000000000004 136 140
290.58000000000004 136 146
291.081 101 125
291.081 101 126
291.582 104 128
291.582 104 129
292.08299999999997 9 27
292.08299999999997 10 11
292.58399999999995 99 108
292.58399999999995 99 109
293.0849999999999 124 130
293.0849999999999 124 131
293.5859999999999 35 38
293.5859999999999 35 39
294.0869999999999 103 123
294.0869999999999 103 124
294.58799999999985 42 51
294.58799999999985 42 52
295.0889999999998 135 180
295.0889999999998 135 192
295.5899999999998 153 162
295.5899999999998 153 163
296.0909999999998 134 196
296.0909999999998 134 197
296.59199999999976 44 50
296.59199999999976 44 51
297.09299999999973 54 55
297.09299999999973 54 63
297.5939999999997 28 36
297.5939999999997 28 37
298.0949999999997 77 81
298.0949999999997 78 79
298.59599999999966 140 148
298.59599999999966 140 149
299.09699999999964 133 138
299.09699999999964 133 139
299.5979999999996 122 129
299.5979999999996 122 130
300.0989999999996 107 117
300.0989999999996 107 118
300.59999999999957 180 198
300.59999999999957 180 199
301.10099999999954 77 79
301.10099999999954 77 80
301.6019999999995 167 179
301.6019999999995 167 198
302.1029999999995 133 148
302.1029999999995 133 149
302.6039999999995 99 126
302.6039999999995 99 127
303.10499999999945 124 126
303.10499999999945 124 127
303.6059999999994 105 118
303.6059999999994 105 119
304.1069999999994 30 35
304.1069999999994 30 36
304.6079999999994 36 39
304.6079999999994 37 38
305.10899999999936 164 165
305.10899999999936 165 166
305.60999999999933 86 93
305.60999999999933 86 94
306.1109999999993 165 176
306.1109999999993 165 177
306.6119999999993 183 198
306.6119999999993 183 199
307.11299999999926 105 132
307.11299999999926 106 107
307.61399999999924 136 179
307.61399999999924 136 180
308.1149999999992 99 128
308.1149999999992 99 129
308.6159999999992 151 194
308.6159999999992 151 195
309.11699999999917 87 90
309.11699999999917 87 91
309.61799999999914 186 193
309.61799999999914 187 188
310.1189999999991 41 49
310.1189999999991 41 50
310.6199999999991 33 39
310.6199999999991 33 40
311.12099999999907 70 71
311.12099999999907 70 72
311.62199999999905 30 33
311.62199999999905 30 34
312.122999999999 197 199
312.122999999999 198 199
312.623999999999 43 46
312.623999999999 43 47
313.124999999999 106 118
313.124999999999 106 119
313.62599999999895 133 194
313.62599999999895 133 195
314.12699999999893 100 120
314.12699999999893 100 121
314.6279999999989 11 16
314.6279999999989 11 17
315.1289999999989 85 87
315.1289999999989 85 88
315.62999999999886 92 95
315.62999999999886 92 96
316.13099999999883 79 80
316.13099999999883 80 81
316.6319999999988 154 160
316.6319999999988 154 161
317.1329999999988 3 25
317.1329999999988 3 26
317.63399999999876 55 62
317.63399999999876 55 63
318.13499999999874 122 127
318.13499999999874 122 128
318.6359999999987 133 198
318.6359999999987 133 199
319.1369999999987 98 126
319.1369999999987 98 127
319.63799999999867 142 145
319.63799999999867 142 146
320.13899999999865 134 141
320.13899999999865 134 142
320.6399999999986 9 21
320.6399999999986 9 22
321.1409999999986 135 147
321.1409999999986 135 148
321.6419999999986 98 99
321.6419999999986 98 115
322.14299999999855 145 148
322.14299999999855 146 147
322.6439999999985 166 196
322.6439999999985 166 197
323.1449999999985 182 191
323.1449999999985 182 192
323.6459999999985 139 148
323.6459999999985 139 149
324.14699999999846 181 182
324.14699999999846 181 191
324.64799999999843 101 129
324.64799999999843 101 130
325.1489999999984 40 98
325.1489999999984 41 42
325.6499999999984 110 115
325.6499999999984 110 116
326.15099999999836 99 102
326.15099999999836 99 103
326.65199999999834 102 107
326.65199999999834 102 115
327.1529999999983 120 128
327.1529999999983 120 129
327.6539999999983 136 147
327.6539999999983 136 148
328.15499999999827 155 162
328.15499999999827 155 163
328.65599999999824 3 23
328.65599999999824 3 24
329.1569999999982 70 75
329.1569999999982 70 76
329.6579999999982 76 81
329.6579999999982 77 78
330.1589999999982 74 78
330.1589999999982 74 79
330.65999999999815 169 170
330.65999999999815 169 172
331.1609999999981 156 158
331.1609999999981 156 159
331.6619999999981 100 106
331.6619999999981 100 107
332.1629999999981 133 142
332.1629999999981 133 143
332.66399999999805 71 78
332.66399999999805 71 79
333.16499999999803 195 196
333.16499999999803 195 197
333.665999999998 36 37
333.665999999998 36 38
334.166999999998 179 194
334.166999999998 179 195
334.66799999999796 143 148
334.66799999999796 143 149
335.16899999999794 152 164
335.16899999999794 152 165
335.6699999999979 140 150
335.6699999999979 140 151
336.1709999999979 98 116
336.1709999999979 98 117
336.67199999999787 122 131
336.67199999999787 122 132
337.17299999999784 101 117
337.17299999999784 101 118
337.6739999999978 179 198
337.6739999999978 179 199
338.1749999999978 42 43
338.1749999999978 42 44
338.67599999999777 71 76
338.67599999999777 71 77
339.17699999999775 92 97
339.17699999999775 93 94
339.6779999999977 98 120
339.6779999999977 98 121
340.1789999999977 68 81
340.1789999999977 68 82
340.6799999999977 58 65
340.6799999999977 58 66
341.18099999999765 27 54
341.18099999999765 27 82
341.68199999999763 44 48
341.68199999999763 44 49
342.1829999999976 154 155
342.1829999999976 154 159
342.6839999999976 134 151
342.6839999999976 134 152
343.18499999999756 32 38
343.18499999999756 32 39
343.68599999999753 116 117
343.68599999999753 117 118
344.1869999999975 62 63
344.1869999999975 62 64
344.6879999999975 108 119
344.6879999999975 108 120
345.18899999999746 28 34
345.18899999999746 28 35
345.68999999999744 132 133
345.68999999999744 132 140
346.1909999999974 136 162
346.1909999999974 136 163
346.6919999999974 6 23
346.6919999999974 6 24
347.19299999999737 30 39
347.19299999999737 30 40
347.69399999999735 83 86
347.69399999999735 83 87
348.1949999999973 121 123
348.1949999999973 121 124
348.6959999999973 87 88
348.6959999999973 87 89
349.1969999999973 158 160
349.1969999999973 158 161
349.69799999999725 101 105
349.69799999999725 101 106
350.1989999999972 85 89
350.1989999999972 85 90
350.6999999999972 91 92
350.6999999999972 91 93
351.2009999999972 2 21
351.2009999999972 2 22
351.70199999999716 27 98
351.70199999999716 28 29
352.20299999999713 25 26
352.20299999999713 26 27
352.7039999999971 138 147
352.7039999999971 138 148
353.2049999999971 9 23
353.2049999999971 9 24
353.70599999999706 22 23
353.70599999999706 22 24
354.20699999999704 180 196
354.20699999999704 180 197
354.707999999997 54 68
354.707999999997 54 82
355.208999999997 132 145
355.208999999997 132 146
355.70999999999697 90 97
355.70999999999697 90 98
356.21099999999694 109 132
356.21099999999694 110 111
356.7119999999969 185 192
356.7119999999969 185 193
357.2129999999969 61 64
357.2129999999969 61 65
357.7139999999969 55 68
357.7139999999969 56 57
358.21499999999685 167 177
358.21499999999685 167 178
358.7159999999968 110 117
358.7159999999968 110 118
359.2169999999968 186 187
359.2169999999968 186 188
359.7179999999968 1 24
359.7179999999968 1 25
360.21899999999675 132 175
360.21899999999675 132 176
360.71999999999673 100 130
360.71999999999673 100 131
361.2209999999967 188 189
361.2209999999967 188 190
361.7219999999967 111 114
361.7219999999967 111 115
362.22299999999666 68 75
362.22299999999666 68 76
362.72399999999664 57 66
362.72399999999664 57 67
363.2249999999966 18 19
363.2249999999966 19 20
363.7259999999966 112 117
363.7259999999966 113 114
364.22699999999656 76 77
364.22699999999656 76 78
364.72799999999654 138 195
364.72799999999654 138 196
365.2289999999965 57 58
365.2289999999965 57 59
365.7299999999965 137 149
365.7299999999965 137 150
366.23099999999647 102 130
366.23099999999647 102 131
366.73199999999645 4 27
366.73199999999645 5 6
367.2329999999964 143 146
367.2329999999964 143 147
367.7339999999964 69 77
367.7339999999964 69 78
368.2349999999964 60 62
368.2349999999964 60 63
368.73599999999635 165 196
368.73599999999635 165 197
369.2369999999963 105 130
369.2369999999963 105 131
369.7379999999963 152 195
369.7379999999963 152 196
370.2389999999963 102 132
370.2389999999963 103 104
370.73999999999626 195 198
370.73999999999626 195 199
371.24099999999623 83 98
371.24099999999623 84 85
371.7419999999962 87 96
371.7419999999962 87 97
372.2429999999962 5 21
372.2429999999962 5 22
372.74399999999616 132 143
372.74399999999616 132 144
373.24499999999614 103 107
373.24499999999614 103 116
373.7459999999961 91 96
373.7459999999961 91 97
374.2469999999961 7 20
374.2469999999961 7 21
374.74799999999607 100 116
374.74799999999607 100 117
