0 164 177
0 164 178
1.5 129 134
1.5 129 135
3.0 162 199
3.0 163 164
4.5 185 199
4.5 186 187
6.0 186 190
6.0 186 191
7.5 93 112
7.5 93 113
9.0 54 65
9.0 54 66
10.5 133 141
10.5 134 135
12.0 183 193
12.0 183 194
13.5 181 199
13.5 182 183
15.0 39 46
15.0 39 47
16.5 5 22
16.5 6 7
18.0 114 158
18.0 115 116
19.5 135 138
19.5 135 139
21.0 151 153
21.0 151 154
22.5 37 50
22.5 37 51
24.0 160 164
24.0 160 165
25.5 80 81
25.5 80 82
27.0 55 63
27.0 55 64
28.5 54 61
28.5 54 62
30.0 147 149
30.0 147 150
31.5 131 137
31.5 131 138
33.0 0 1
33.0 0 14
34.5 38 40
34.5 38 41
36.0 119 123
36.0 119 124
37.5 96 107
37.5 96 108
39.0 5 18
39.0 5 19
40.5 73 110
40.5 73 111
42.0 185 191
42.0 185 192
43.5 127 128
43.5 127 140
45.0 162 178
45.0 162 179
46.5 70 88
46.5 70 89
48.0 45 48
48.0 45 49
49.5 15 20
49.5 15 21
51.0 115 119
51.0 115 120
52.5 72 111
52.5 72 112
54.0 138 140
54.0 138 141
55.5 106 111
55.5 106 112
57.0 159 168
57.0 159 169
58.5 159 197
58.5 159 198
60.0 69 94
60.0 69 104
61.5 37 44
61.5 37 45
63.0 102 103
63.0 103 104
64.5 8 15
64.5 9 10
66.0 173 174
66.0 173 175
67.5 125 126
67.5 126 127
69.0 145 154
69.0 145 155
70.5 18 21
70.5 18 22
72.0 4 15
72.0 4 16
73.5 95 112
73.5 95 113
75.0 162 164
75.0 162 165
76.5 148 155
76.5 148 156
78.0 44 47
78.0 44 48
79.5 186 199
79.5 187 188
81.0 69 107
81.0 69 108
82.5 118 125
82.5 118 126
84.0 0 23
84.0 1 2
85.5 143 155
85.5 143 156
87.0 69 92
87.0 69 93
88.5 149 156
88.5 149 157
90.0 3 20
90.0 3 21
91.5 25 36
91.5 25 37
93.0 73 112
93.0 73 113
94.5 186 196
94.5 186 198
96.0 172 174
96.0 172 175
97.5 99 100
97.5 99 101
99.0 59 61
99.0 59 62
100.5 146 150
100.5 146 151
102.0 147 157
102.0 147 158
103.5 109 111
103.5 109 112
105.0 53 66
105.0 53 67
106.5 143 149
106.5 143 150
108.0 9 11
108.0 9 12
109.5 169 175
109.5 169 176
111.0 68 142
111.0 68 158
112.5 164 198
112.5 164 199
114.0 129 132
114.0 129 133
115.5 43 48
115.5 43 49
117.0 181 195
117.0 181 196
118.5 94 110
118.5 94 111
120.0 185 197
120.0 185 198
121.5 168 199
121.5 169 170
123.0 98 104
123.0 98 105
124.5 5 20
124.5 5 21
126.0 73 108
126.0 73 109
127.5 59 65
127.5 59 66
129.0 25 34
129.0 25 35
130.5 24 25
130.5 24 27
132.0 71 77
132.0 71 84
133.5 31 34
133.5 31 35
135.0 39 40
135.0 39 41
136.5 144 153
136.5 144 154
138.0 61 64
138.0 61 65
139.5 74 86
139.5 74 87
141.0 72 90
141.0 72 91
142.5 68 83
142.5 68 84
144.0 68 69
144.0 68 72
145.5 128 141
145.5 128 142
147.0 151 157
147.0 151 158
148.5 76 108
148.5 76 109
150.0 41 47
150.0 41 48
151.5 148 151
151.5 148 152
153.0 6 17
153.0 6 18
154.5 51 52
154.5 51 63
156.0 3 14
156.0 3 15
157.5 128 135
157.5 128 136
159.0 150 154
159.0 150 155
160.5 75 108
160.5 75 109
162.0 97 113
162.0 98 99
163.5 144 145
163.5 144 146
165.0 89 106
165.0 89 107
166.5 136 137
166.5 136 138
168.0 90 110
168.0 90 111
169.5 129 142
169.5 130 131
171.0 163 196
171.0 163 197
172.5 2 3
172.5 2 13
174.0 145 152
174.0 145 153
175.5 93 104
175.5 93 105
177.0 180 181
177.0 180 194
178.5 99 102
178.5 99 103
180.0 60 62
180.0 60 63
181.5 81 85
181.5 81 86
183.0 129 140
183.0 129 141
184.5 58 61
184.5 58 62
186.0 68 75
186.0 68 76
187.5 15 22
187.5 16 17
189.0 116 120
189.0 116 121
190.5 101 102
190.5 101 103
192.0 70 76
192.0 70 77
193.5 166 167
193.5 166 175
195.0 90 106
195.0 90 107
196.5 46 48
196.5 46 49
198.0 161 166
198.0 161 167
199.5 132 139
199.5 132 140
201.0 42 50
201.0 42 51
202.5 69 105
202.5 69 106
204.0 68 89
204.0 68 90
205.5 159 166
205.5 159 167
207.0 108 110
207.0 108 111
208.5 96 103
208.5 96 104
210.0 33 34
210.0 33 35
211.5 145 150
211.5 145 151
213.0 37 48
213.0 37 49
214.5 171 175
214.5 171 176
216.0 32 34
216.0 32 35
217.5 180 195
217.5 180 196
219.0 56 62
219.0 56 63
220.5 24 32
220.5 24 33
222.0 170 176
222.0 170 177
223.5 68 87
223.5 68 88
225.0 129 138
225.0 129 139
226.5 118 123
226.5 118 124
228.0 7 21
228.0 7 22
229.5 182 192
229.5 182 193
231.0 70 112
231.0 70 113
232.5 53 58
232.5 53 59
234.0 97 107
234.0 97 108
235.5 75 112
235.5 75 113
237.0 169 177
237.0 169 178
238.5 2 16
238.5 2 17
240.0 4 17
240.0 4 18
241.5 94 104
241.5 94 105
243.0 72 84
243.0 72 85
244.5 41 49
244.5 41 50
246.0 115 117
246.0 115 118
247.5 26 29
247.5 26 30
249.0 70 92
249.0 70 93
250.5 7 15
250.5 7 16
252.0 185 193
252.0 185 194
253.5 124 125
253.5 124 126
255.0 62 63
255.0 62 64
256.5 10 11
256.5 10 12
258.0 74 113
258.0 75 76
259.5 26 33
259.5 26 34
261.0 92 113
261.0 93 94
262.5 171 173
262.5 171 174
264.0 70 106
264.0 70 107
265.5 165 176
265.5 165 177
267.0 162 195
267.0 162 196
268.5 2 14
268.5 2 15
270.0 89 110
270.0 89 111
271.5 159 164
271.5 159 165
273.0 114 127
273.0 114 142
274.5 132 133
274.5 132 134
276.0 198 199
277.5 63 67
277.5 64 65
279.0 85 86
279.0 86 87
280.5 175 176
280.5 176 177
282.0 128 133
282.0 128 134
283.5 91 108
283.5 91 109
285.0 51 64
285.0 51 65
286.5 130 138
286.5 130 139
288.0 28 30
288.0 28 31
289.5 146 158
289.5 147 148
291.0 4 23
291.0 5 6
292.5 40 43
292.5 40 44
294.0 0 15
294.0 0 16
295.5 90 91
295.5 90 105
297.0 188 190
297.0 188 191
298.5 145 158
298.5 146 147
300.0 42 44
300.0 42 45
301.5 69 86
301.5 69 87
303.0 188 194
303.0 189 190
304.5 129 130
304.5 129 131
306.0 95 108
306.0 95 109
307.5 76 77
307.5 76 84
309.0 51 66
309.0 51 67
310.5 161 179
310.5 161 180
312.0 165 196
312.0 165 197
313.5 93 106
313.5 93 107
315.0 142 150
315.0 142 151
316.5 80 83
316.5 80 84
318.0 123 125
318.0 123 126
319.5 56 64
319.5 56 65
321.0 160 196
321.0 160 197
322.5 70 74
322.5 70 75
324.0 73 75
324.0 73 85
325.5 165 180
325.5 165 195
327.0 159 173
327.0 159 174
328.5 114 123
328.5 114 124
330.0 166 178
330.0 166 179
331.5 163 178
331.5 163 179
333.0 74 109
333.0 74 110
334.5 57 58
334.5 57 59
336.0 67 111
336.0 67 112
337.5 88 113
337.5 89 90
339.0 16 22
339.0 17 18
340.5 71 89
340.5 71 90
342.0 36 37
342.0 37 38
343.5 40 47
343.5 40 48
345.0 153 158
345.0 154 155
346.5 70 72
346.5 70 73
348.0 136 141
348.0 137 138
349.5 53 54
349.5 53 55
351.0 149 150
351.0 149 151
352.5 68 111
352.5 68 112
354.0 159 199
354.0 160 161
355.5 74 111
355.5 74 112
357.0 76 112
357.0 76 113
358.5 144 149
358.5 144 150
360.0 194 195
360.0 195 196
361.5 160 180
361.5 160 181
363.0 151 155
363.0 151 156
364.5 92 93
364.5 92 104
366.0 10 13
366.0 11 12
367.5 72 105
367.5 72 106
369.0 68 107
369.0 68 108
370.5 69 127
370.5 69 142
372.0 92 111
372.0 92 112
373.5 80 87
373.5 81 82
375.0 187 189
375.0 187 190
376.5 73 106
376.5 73 107
378.0 72 88
378.0 72 89
379.5 76 85
379.5 76 86
381.0 97 105
381.0 97 106
382.5 27 30
382.5 27 31
384.0 28 32
384.0 28 33
385.5 165 166
385.5 165 175
387.0 116 126
387.0 116 127
388.5 53 62
388.5 53 63
390.0 59 67
390.0 60 61
391.5 187 193
391.5 187 194
393.0 180 199
393.0 181 182
394.5 69 74
394.5 69 75
396.0 165 178
396.0 165 179
397.5 146 148
397.5 146 149
399.0 143 147
399.0 143 148
400.5 122 124
400.5 122 125
402.0 134 138
402.0 134 139
403.5 160 192
403.5 160 193
405.0 38 46
405.0 38 47
406.5 142 154
406.5 142 155
408.0 25 32
408.0 25 33
409.5 69 90
409.5 69 91
411.0 163 194
411.0 163 195
412.5 39 44
412.5 39 45
414.0 144 155
414.0 144 156
415.5 71 108
415.5 71 109
417.0 143 153
417.0 143 154
418.5 54 59
418.5 54 60
420.0 58 59
420.0 58 60
421.5 57 62
421.5 57 63
423.0 142 156
423.0 142 157
424.5 88 111
424.5 88 112
426.0 52 62
426.0 52 63
427.5 133 139
427.5 133 140
429.0 159 177
429.0 159 178
430.5 20 21
430.5 21 22
432.0 94 112
432.0 94 113
433.5 76 87
433.5 76 88
435.0 135 140
435.0 135 141
436.5 148 153
436.5 148 154
438.0 48 49
438.0 48 50
439.5 68 127
439.5 68 141
441.0 6 19
441.0 6 20
442.5 186 192
442.5 186 193
444.0 160 194
444.0 160 195
445.5 37 67
445.5 38 39
447.0 147 151
447.0 147 152
448.5 137 141
448.5 138 139
450.0 184 193
450.0 184 194
451.5 81 83
451.5 81 84
453.0 45 50
453.0 46 47
454.5 182 194
454.5 182 195
456.0 91 110
456.0 91 111
457.5 118 127
457.5 119 120
459.0 2 20
459.0 2 21
460.5 127 158
460.5 128 129
462.0 26 27
462.0 26 28
463.5 1 14
463.5 1 15
465.0 9 13
465.0 9 14
466.5 104 105
466.5 105 106
468.0 97 109
468.0 97 110
469.5 6 21
469.5 6 22
471.0 100 101
471.0 100 102
472.5 113 114
472.5 114 115
474.0 115 121
474.0 115 122
475.5 30 35
475.5 30 36
477.0 89 112
477.0 89 113
478.5 43 46
478.5 43 47
480.0 7 19
480.0 7 20
481.5 56 60
481.5 56 61
483.0 54 63
483.0 54 64
484.5 30 31
484.5 30 32
486.0 67 142
486.0 67 158
487.5 31 32
487.5 31 33
489.0 127 141
489.0 127 142
490.5 28 34
490.5 28 35
492.0 6 15
492.0 6 16
493.5 160 162
493.5 160 163
495.0 1 20
495.0 1 21
496.5 58 63
496.5 58 64
498.0 69 113
498.0 69 114
499.5 64 66
499.5 65 66
501.0 183 197
501.0 183 198
502.5 185 195
502.5 185 196
504.0 182 196
504.0 182 197
505.5 24 28
505.5 24 29
507.0 183 195
507.0 183 196
508.5 4 5
508.5 4 12
510.0 161 199
510.0 162 163
511.5 30 33
511.5 30 34
513.0 130 132
513.0 130 133
514.5 59 63
514.5 59 64
516.0 145 148
516.0 145 149
517.5 1 22
517.5 1 23
519.0 72 73
519.0 72 74
520.5 23 32
520.5 23 33
522.0 161 181
522.0 161 182
523.5 161 168
523.5 161 174
525.0 40 41
525.0 40 42
526.5 55 59
526.5 55 60
528.0 73 86
528.0 73 87
529.5 78 112
529.5 78 113
531.0 147 155
531.0 147 156
532.5 70 114
532.5 71 72
534.0 159 195
534.0 159 196
535.5 128 139
535.5 128 140
537.0 90 112
537.0 90 113
538.5 159 193
538.5 159 194
540.0 149 158
540.0 150 151
541.5 91 92
541.5 91 105
543.0 164 179
543.0 164 180
544.5 135 136
544.5 135 137
546.0 187 191
546.0 187 192
547.5 5 16
547.5 5 17
549.0 147 153
549.0 147 154
550.5 55 57
550.5 55 58
552.0 42 46
552.0 42 47
553.5 55 67
553.5 56 57
555.0 90 108
555.0 90 109
556.5 8 9
556.5 8 10
558.0 139 140
558.0 140 141
559.5 2 18
559.5 2 19
561.0 165 198
561.0 165 199
562.5 52 56
562.5 52 57
564.0 168 178
564.0 168 179
565.5 95 104
565.5 95 105
567.0 130 140
567.0 130 141
568.5 60 66
568.5 60 67
570.0 4 21
570.0 4 22
571.5 77 111
571.5 77 112
573.0 150 158
573.0 151 152
574.5 152 155
574.5 152 156
576.0 7 13
576.0 7 14
577.5 77 109
577.5 77 110
579.0 73 90
579.0 73 105
580.5 162 197
580.5 162 198
582.0 98 106
582.0 98 111
583.5 121 124
583.5 121 125
585.0 72 86
585.0 72 87
586.5 7 8
586.5 7 10
588.0 130 136
588.0 130 137
589.5 63 65
589.5 63 66
591.0 6 11
591.0 6 12
592.5 4 19
592.5 4 20
594.0 166 180
594.0 166 195
595.5 69 70
595.5 69 71
597.0 29 35
597.0 29 36
598.5 67 113
598.5 67 114
600.0 163 167
600.0 163 175
601.5 100 103
601.5 100 104
603.0 164 194
603.0 164 195
604.5 83 85
604.5 84 85
606.0 38 48
606.0 38 49
607.5 144 147
607.5 144 148
609.0 97 101
609.0 97 102
610.5 146 154
610.5 146 155
612.0 167 199
612.0 168 169
613.5 16 18
613.5 16 19
615.0 149 154
615.0 149 155
616.5 98 100
616.5 98 101
618.0 128 137
618.0 128 138
619.5 75 87
619.5 75 88
621.0 159 160
621.0 159 163
622.5 39 42
622.5 39 43
624.0 166 198
624.0 166 199
625.5 70 110
625.5 70 111
627.0 170 178
627.0 171 172
628.5 75 106
628.5 75 107
630.0 171 177
630.0 172 173
631.5 131 133
631.5 131 134
633.0 77 86
633.0 77 87
634.5 26 31
634.5 26 32
636.0 153 156
636.0 153 157
637.5 27 32
637.5 27 33
639.0 119 125
639.0 119 126
640.5 55 61
640.5 55 62
642.0 18 19
642.0 18 20
643.5 74 75
643.5 74 85
645.0 69 111
645.0 69 112
646.5 43 44
646.5 43 45
648.0 146 156
648.0 146 157
649.5 68 109
649.5 68 110
651.0 179 198
651.0 179 199
652.5 150 152
652.5 150 153
654.0 17 19
654.0 17 20
655.5 71 106
655.5 71 107
657.0 162 193
657.0 162 194
658.5 71 75
658.5 71 76
660.0 116 118
660.0 116 119
661.5 55 65
661.5 55 66
663.0 29 33
663.0 29 34
664.5 17 21
664.5 17 22
666.0 52 58
666.0 52 59
667.5 96 105
667.5 96 106
669.0 170 172
669.0 170 173
670.5 39 48
670.5 39 49
672.0 91 112
672.0 91 113
673.5 71 87
673.5 71 88
675.0 62 65
675.0 62 66
676.5 163 198
676.5 163 199
678.0 120 126
678.0 120 127
679.5 78 85
679.5 78 86
681.0 134 136
681.0 134 137
682.5 73 88
682.5 73 89
684.0 162 180
684.0 162 181
685.5 25 30
685.5 25 31
687.0 92 105
687.0 92 106
688.5 162 176
688.5 162 177
690.0 133 137
690.0 133 138
691.5 159 175
691.5 159 176
693.0 167 176
693.0 167 177
694.5 94 95
694.5 94 103
696.0 5 12
696.0 5 13
697.5 160 168
697.5 160 169
699.0 118 121
699.0 118 122
700.5 152 157
700.5 152 158
702.0 142 158
702.0 143 144
703.5 69 88
703.5 69 89
705.0 54 67
705.0 55 56
706.5 71 85
706.5 71 86
708.0 41 43
708.0 41 44
709.5 96 113
709.5 97 98
711.0 183 199
711.0 184 185
712.5 117 122
712.5 117 123
714.0 67 127
714.0 67 141
715.5 116 122
715.5 116 123
717.0 80 85
717.0 80 86
718.5 47 49
718.5 47 50
720.0 159 181
720.0 159 182
721.5 94 106
721.5 94 107
723.0 99 104
723.0 99 105
724.5 114 121
724.5 114 122
726.0 23 36
726.0 23 37
727.5 184 195
727.5 184 196
729.0 6 13
729.0 6 14
730.5 157 158
730.5 158 159
732.0 169 179
732.0 170 171
733.5 120 124
733.5 120 125
735.0 41 45
735.0 41 46
736.5 70 84
736.5 70 85
738.0 182 198
738.0 182 199
739.5 188 192
739.5 188 193
741.0 22 23
741.0 23 24
742.5 44 49
742.5 44 50
744.0 144 151
744.0 144 152
745.5 96 111
745.5 96 112
747.0 69 84
747.0 69 85
748.5 111 112
748.5 112 113
750.0 82 85
750.0 83 84
751.5 75 110
751.5 75 111
753.0 189 193
753.0 190 191
754.5 53 56
754.5 53 57
756.0 160 174
756.0 160 175
757.5 173 176
757.5 174 175
759.0 70 104
759.0 70 105
760.5 129 136
760.5 129 137
762.0 95 106
762.0 95 107
763.5 117 126
763.5 117 127
765.0 27 28
765.0 27 29
766.5 133 135
766.5 133 136
768.0 115 127
768.0 116 117
769.5 69 78
769.5 69 83
771.0 145 146
771.0 145 147
772.5 91 106
772.5 91 107
774.0 131 135
774.0 131 136
775.5 117 118
775.5 117 119
777.0 164 165
777.0 164 166
778.5 72 113
778.5 73 74
780.0 1 16
780.0 1 17
781.5 145 156
781.5 145 157
783.0 143 145
783.0 143 146
784.5 190 192
784.5 191 192
786.0 168 176
786.0 168 177
787.5 74 107
787.5 74 108
789.0 78 83
789.0 78 84
790.5 68 93
790.5 68 94
792.0 27 36
792.0 28 29
793.5 38 44
793.5 38 45
795.0 71 110
795.0 71 111
796.5 160 176
796.5 160 177
798.0 160 166
798.0 160 167
799.5 107 111
799.5 107 112
801.0 106 107
801.0 106 110
802.5 70 90
802.5 70 91
804.0 92 107
804.0 92 108
805.5 93 110
805.5 93 111
807.0 44 45
807.0 44 46
808.5 14 15
808.5 15 16
810.0 94 108
810.0 94 109
811.5 195 199
811.5 196 197
813.0 167 178
813.0 167 179
814.5 24 30
814.5 24 31
816.0 77 78
816.0 77 83
817.5 3 22
817.5 3 23
819.0 72 109
819.0 72 110
820.5 197 198
820.5 197 199
822.0 132 135
822.0 132 136
823.5 52 66
823.5 52 67
825.0 74 88
825.0 74 89
826.5 115 123
826.5 115 124
828.0 28 36
828.0 29 30
829.5 5 14
829.5 5 15
831.0 16 20
831.0 16 21
832.5 96 97
832.5 96 102
834.0 8 13
834.0 8 14
835.5 130 134
835.5 130 135
837.0 144 157
837.0 144 158
838.5 181 193
838.5 181 194
840.0 53 60
840.0 53 61
841.5 164 175
841.5 164 176
843.0 163 176
843.0 163 177
844.5 68 91
844.5 68 92
846.0 106 113
846.0 107 108
847.5 97 111
847.5 97 112
849.0 148 157
849.0 148 158
850.5 40 49
850.5 40 50
852.0 132 137
852.0 132 138
853.5 132 141
853.5 133 134
855.0 136 139
855.0 136 140
856.5 78 87
856.5 78 88
858.0 69 109
858.0 69 110
859.5 110 111
859.5 110 112
861.0 7 11
861.0 7 12
862.5 159 179
862.5 159 180
864.0 131 139
864.0 131 140
865.5 153 154
865.5 153 155
867.0 143 151
867.0 143 152
868.5 75 85
868.5 75 86
870.0 160 182
870.0 160 183
871.5 39 50
871.5 39 51
873.0 149 152
873.0 149 153
874.5 107 109
874.5 107 110
876.0 117 120
876.0 117 121
877.5 152 153
877.5 152 154
879.0 87 88
879.0 88 89
880.5 70 86
880.5 70 87
882.0 116 124
882.0 116 125
883.5 76 89
883.5 76 107
885.0 121 122
885.0 121 123
886.5 71 104
886.5 71 105
888.0 163 165
888.0 163 166
889.5 150 156
889.5 150 157
891.0 68 103
891.0 68 104
892.5 89 108
892.5 89 109
894.0 161 162
894.0 161 163
895.5 93 108
895.5 93 109
897.0 72 75
897.0 72 76
898.5 166 196
898.5 166 197
900.0 161 175
900.0 161 176
901.5 79 83
901.5 79 84
903.0 196 198
903.0 196 199
904.5 3 18
904.5 3 19
906.0 57 64
906.0 57 65
907.5 62 67
907.5 63 64
909.0 25 28
909.0 25 29
910.5 26 35
910.5 26 36
912.0 189 191
912.0 189 192
913.5 42 48
913.5 42 49
915.0 29 31
915.0 29 32
916.5 74 90
916.5 74 106
918.0 77 84
918.0 77 85
919.5 3 4
919.5 3 13
921.0 168 174
921.0 168 175
922.5 161 164
922.5 161 165
924.0 3 16
924.0 3 17
925.5 122 126
925.5 123 124
927.0 183 184
927.0 183 192
928.5 4 13
928.5 4 14
930.0 119 127
930.0 120 121
931.5 23 51
931.5 23 67
933.0 130 142
933.0 131 132
934.5 0 21
934.5 0 22
936.0 167 180
936.0 167 196
937.5 179 180
937.5 179 197
939.0 71 91
939.0 71 92
940.5 131 141
940.5 131 142
942.0 38 42
942.0 38 43
943.5 68 77
943.5 68 78
945.0 119 121
945.0 119 122
946.5 177 178
946.5 178 179
948.0 146 152
948.0 146 153
949.5 60 64
949.5 60 65
951.0 164 196
951.0 164 197
952.5 56 66
952.5 56 67
954.0 34 35
954.0 35 36
955.5 163 180
955.5 163 181
957.0 71 73
957.0 71 74
958.5 160 178
958.5 160 179
960.0 107 113
960.0 108 109
961.5 0 19
961.5 0 20
963.0 120 122
963.0 120 123
964.5 161 197
964.5 161 198
966.0 114 125
966.0 114 126
967.5 95 96
967.5 95 103
969.0 143 157
969.0 143 158
970.5 54 57
970.5 54 58
972.0 98 112
972.0 98 113
973.5 79 80
973.5 79 82
975.0 69 158
975.0 70 71
976.5 170 174
976.5 170 175
978.0 154 158
978.0 155 156
979.5 161 193
979.5 161 194
981.0 43 50
981.0 43 51
982.5 12 13
982.5 13 14
984.0 45 46
984.0 45 47
985.5 155 157
985.5 156 157
987.0 46 50
987.0 47 48
988.5 57 60
988.5 57 61
990.0 41 51
990.0 42 43
991.5 61 62
991.5 61 63
993.0 53 64
993.0 53 65
994.5 162 166
994.5 162 167
996.0 192 193
996.0 193 194
997.5 23 34
997.5 23 35
999.0 1 18
999.0 1 19
1000.5 0 17
1000.5 0 18
1002.0 68 113
1002.0 68 114
1003.5 49 50
1003.5 50 51
1005.0 37 46
1005.0 37 47
1006.5 77 88
1006.5 77 89
1008.0 58 67
1008.0 59 60
1009.5 61 66
1009.5 61 67
1011.0 58 65
1011.0 58 66
1012.5 167 168
1012.5 167 175
1014.0 117 124
1014.0 117 125
1015.5 167 197
1015.5 167 198
1017.0 159 183
1017.0 159 192
1018.5 181 197
1018.5 181 198
1020.0 24 34
1020.0 24 35
1021.5 166 176
1021.5 166 177
1023.0 95 110
1023.0 95 111
1024.5 141 142
1024.5 142 143
1026.0 79 85
1026.0 79 86
1027.5 161 195
1027.5 161 196
1029.0 66 67
1029.0 67 68
1030.5 184 199
1030.5 185 186
1032.0 77 113
1032.0 78 79
1033.5 186 194
1033.5 186 195
1035.0 71 112
1035.0 71 113
1036.5 172 176
1036.5 172 177
1038.0 162 168
1038.0 162 175
1039.5 115 125
1039.5 115 126
1041.0 56 58
1041.0 56 59
1042.5 148 149
1042.5 148 150
1044.0 2 22
1044.0 2 23
1045.5 27 34
1045.5 27 35
1047.0 79 87
1047.0 79 88
1048.5 68 105
1048.5 68 106
1050.0 25 26
1050.0 25 27
1051.5 57 66
1051.5 57 67
1053.0 137 139
1053.0 137 140
1054.5 19 20
1054.5 19 21
1056.0 8 11
1056.0 8 12
1057.5 108 112
1057.5 109 110
1059.0 118 119
1059.0 118 120
1060.5 82 83
1060.5 82 84
1062.0 134 140
1062.0 134 141
1063.5 160 198
1063.5 160 199
1065.0 70 108
1065.0 70 109
1066.5 142 152
1066.5 142 153
1068.0 98 102
1068.0 98 103
1069.5 40 45
1069.5 40 46
1071.0 68 85
1071.0 68 86
1072.5 161 177
1072.5 161 178
1074.0 154 156
1074.0 154 157
1075.5 31 36
1075.5 32 33
1077.0 169 173
1077.0 169 174
1078.5 184 191
1078.5 184 192
1080.0 69 76
1080.0 69 77
1081.5 52 64
1081.5 52 65
1083.0 24 36
1083.0 24 37
1084.5 121 126
1084.5 122 123
1086.0 75 89
1086.0 75 90
1087.5 180 197
1087.5 180 198
1089.0 68 73
1089.0 68 74
1090.5 52 60
1090.5 52 61
1092.0 92 109
1092.0 92 110
1093.5 187 195
1093.5 188 189
1095.0 69 72
1095.0 69 73
1096.5 97 103
1096.5 97 104
1098.0 96 109
1098.0 96 110
1099.5 40 51
1099.5 41 42
1101.0 38 50
1101.0 38 51
1102.5 72 107
1102.5 72 108
1104.0 54 55
1104.0 54 56
1105.5 52 53
1105.5 52 55
1107.0 184 197
1107.0 184 198
1108.5 76 110
1108.5 76 111
