0 186 190
0 186 191
1.5 107 111
1.5 107 112
3.0 146 148
3.0 146 149
4.5 159 197
4.5 159 198
6.0 8 9
6.0 8 10
7.5 52 58
7.5 52 59
9.0 56 62
9.0 56 63
10.5 69 107
10.5 69 108
12.0 90 108
12.0 90 109
13.5 91 92
13.5 91 105
15.0 97 107
15.0 97 108
16.5 154 158
16.5 155 156
18.0 97 105
18.0 97 106
19.5 149 152
19.5 149 153
21.0 43 50
21.0 43 51
22.5 77 111
22.5 77 112
24.0 10 11
24.0 10 12
25.5 55 61
25.5 55 62
27.0 69 113
27.0 69 114
28.5 145 148
28.5 145 149
30.0 146 152
30.0 146 153
31.5 159 199
31.5 160 161
33.0 186 199
33.0 187 188
34.5 95 96
34.5 95 103
36.0 169 179
36.0 170 171
37.5 120 122
37.5 120 123
39.0 40 51
39.0 41 42
40.5 143 153
40.5 143 154
42.0 75 112
42.0 75 113
43.5 118 125
43.5 118 126
45.0 167 180
45.0 167 196
46.5 134 138
46.5 134 139
48.0 55 59
48.0 55 60
49.5 72 109
49.5 72 110
51.0 170 176
51.0 170 177
52.5 110 111
52.5 110 112
54.0 162 199
54.0 163 164
55.5 68 105
55.5 68 106
57.0 73 110
57.0 73 111
58.5 53 56
58.5 53 57
60.0 29 31
60.0 29 32
61.5 114 123
61.5 114 124
63.0 43 48
63.0 43 49
64.5 95 106
64.5 95 107
66.0 88 113
66.0 89 90
67.5 70 90
67.5 70 91
69.0 1 20
69.0 1 21
70.5 70 86
70.5 70 87
72.0 82 85
72.0 83 84
73.5 145 146
73.5 145 147
75.0 94 108
75.0 94 109
76.5 2 22
76.5 2 23
78.0 0 21
78.0 0 22
79.5 133 137
79.5 133 138
81.0 5 16
81.0 5 17
82.5 116 122
82.5 116 123
84.0 163 167
84.0 163 175
85.5 142 150
85.5 142 151
87.0 182 196
87.0 182 197
88.5 68 89
88.5 68 90
90.0 70 76
90.0 70 77
91.5 149 158
91.5 150 151
93.0 72 105
93.0 72 106
94.5 29 33
94.5 29 34
96.0 24 25
96.0 24 27
97.5 39 42
97.5 39 43
99.0 146 150
99.0 146 151
100.5 130 132
100.5 130 133
102.0 51 52
102.0 51 63
103.5 121 124
103.5 121 125
105.0 161 195
105.0 161 196
106.5 14 15
106.5 15 16
108.0 148 149
108.0 148 150
109.5 37 67
109.5 38 39
111.0 170 174
111.0 170 175
112.5 62 65
112.5 62 66
114.0 132 133
114.0 132 134
115.5 15 20
115.5 15 21
117.0 96 107
117.0 96 108
118.5 72 75
118.5 72 76
120.0 12 13
120.0 13 14
121.5 92 111
121.5 92 112
123.0 67 111
123.0 67 112
124.5 180 197
124.5 180 198
126.0 113 114
126.0 114 115
127.5 79 80
127.5 79 82
129.0 47 49
129.0 47 50
130.5 38 40
130.5 38 41
132.0 71 89
132.0 71 90
133.5 68 75
133.5 68 76
135.0 114 125
135.0 114 126
136.5 58 59
136.5 58 60
138.0 187 193
138.0 187 194
139.5 137 139
139.5 137 140
141.0 181 193
141.0 181 194
142.5 68 77
142.5 68 78
144.0 24 28
144.0 24 29
145.5 131 133
145.5 131 134
147.0 190 192
147.0 191 192
148.5 51 66
148.5 51 67
150.0 160 180
150.0 160 181
151.5 41 49
151.5 41 50
153.0 166 176
153.0 166 177
154.5 6 11
154.5 6 12
156.0 196 198
156.0 196 199
157.5 159 164
157.5 159 165
159.0 167 199
159.0 168 169
160.5 164 198
160.5 164 199
162.0 185 195
162.0 185 196
163.5 145 156
163.5 145 157
165.0 5 18
165.0 5 19
166.5 31 36
166.5 32 33
168.0 18 19
168.0 18 20
169.5 70 88
169.5 70 89
171.0 184 193
171.0 184 194
172.5 102 103
172.5 103 104
174.0 168 176
174.0 168 177
175.5 160 176
175.5 160 177
177.0 77 113
177.0 78 79
178.5 76 89
178.5 76 107
180.0 189 193
180.0 190 191
181.5 146 158
181.5 147 148
183.0 16 18
183.0 16 19
184.5 73 106
184.5 73 107
186.0 125 126
186.0 126 127
187.5 127 141
187.5 127 142
189.0 51 64
189.0 51 65
190.5 162 164
190.5 162 165
192.0 53 54
192.0 53 55
193.5 118 119
193.5 118 120
195.0 3 18
195.0 3 19
196.5 27 36
196.5 28 29
198.0 183 195
198.0 183 196
199.5 54 59
199.5 54 60
201.0 8 13
201.0 8 14
202.5 91 112
202.5 91 113
204.0 5 20
204.0 5 21
205.5 40 43
205.5 40 44
207.0 128 139
207.0 128 140
208.5 15 22
208.5 16 17
210.0 68 85
210.0 68 86
211.5 153 158
211.5 154 155
213.0 2 14
213.0 2 15
214.5 30 35
214.5 30 36
216.0 181 199
216.0 182 183
217.5 130 140
217.5 130 141
219.0 114 127
219.0 114 142
220.5 129 132
220.5 129 133
222.0 54 57
222.0 54 58
223.5 77 84
223.5 77 85
225.0 134 136
225.0 134 137
226.5 165 178
226.5 165 179
228.0 167 197
228.0 167 198
229.5 57 66
229.5 57 67
231.0 4 23
231.0 5 6
232.5 121 122
232.5 121 123
234.0 181 195
234.0 181 196
235.5 171 175
235.5 171 176
237.0 0 15
237.0 0 16
238.5 60 66
238.5 60 67
240.0 68 113
240.0 68 114
241.5 147 149
241.5 147 150
243.0 159 181
243.0 159 182
244.5 97 101
244.5 97 102
246.0 187 189
246.0 187 190
247.5 162 178
247.5 162 179
249.0 7 19
249.0 7 20
250.5 24 32
250.5 24 33
252.0 30 31
252.0 30 32
253.5 144 155
253.5 144 156
255.0 117 120
255.0 117 121
256.5 73 86
256.5 73 87
258.0 49 50
258.0 50 51
259.5 71 112
259.5 71 113
261.0 0 23
261.0 1 2
262.5 69 90
262.5 69 91
264.0 26 27
264.0 26 28
265.5 23 32
265.5 23 33
267.0 146 156
267.0 146 157
268.5 40 49
268.5 40 50
270.0 20 21
270.0 21 22
271.5 166 178
271.5 166 179
273.0 57 62
273.0 57 63
274.5 67 127
274.5 67 141
276.0 73 88
276.0 73 89
277.5 142 156
277.5 142 157
279.0 147 151
279.0 147 152
280.5 127 128
280.5 127 140
282.0 129 136
282.0 129 137
283.5 116 118
283.5 116 119
285.0 115 127
285.0 116 117
286.5 184 197
286.5 184 198
288.0 77 88
288.0 77 89
289.5 97 103
289.5 97 104
291.0 181 197
291.0 181 198
292.5 81 85
292.5 81 86
294.0 180 199
294.0 181 182
295.5 69 88
295.5 69 89
297.0 135 138
297.0 135 139
298.5 162 193
298.5 162 194
300.0 129 130
300.0 129 131
301.5 72 107
301.5 72 108
303.0 146 154
303.0 146 155
304.5 74 111
304.5 74 112
306.0 173 176
306.0 174 175
307.5 71 75
307.5 71 76
309.0 56 58
309.0 56 59
310.5 76 87
310.5 76 88
312.0 76 85
312.0 76 86
313.5 25 28
313.5 25 29
315.0 43 46
315.0 43 47
316.5 92 105
316.5 92 106
318.0 162 197
318.0 162 198
319.5 160 164
319.5 160 165
321.0 162 195
321.0 162 196
322.5 68 87
322.5 68 88
324.0 163 198
324.0 163 199
325.5 119 127
325.5 120 121
327.0 62 63
327.0 62 64
328.5 161 162
328.5 161 163
330.0 96 103
330.0 96 104
331.5 74 86
331.5 74 87
333.0 108 110
333.0 108 111
334.5 143 147
334.5 143 148
336.0 170 172
336.0 170 173
337.5 131 139
337.5 131 140
339.0 44 49
339.0 44 50
340.5 144 147
340.5 144 148
342.0 185 191
342.0 185 192
343.5 31 34
343.5 31 35
345.0 57 64
345.0 57 65
346.5 18 21
346.5 18 22
348.0 4 19
348.0 4 20
349.5 161 164
349.5 161 165
351.0 27 30
351.0 27 31
352.5 3 16
352.5 3 17
354.0 71 110
354.0 71 111
355.5 2 16
355.5 2 17
357.0 98 104
357.0 98 105
358.5 100 103
358.5 100 104
360.0 165 198
360.0 165 199
361.5 179 180
361.5 179 197
363.0 161 197
363.0 161 198
364.5 163 180
364.5 163 181
366.0 185 199
366.0 186 187
367.5 73 108
367.5 73 109
369.0 8 11
369.0 8 12
370.5 94 106
370.5 94 107
372.0 54 63
372.0 54 64
373.5 133 141
373.5 134 135
375.0 116 126
375.0 116 127
376.5 85 86
376.5 86 87
378.0 38 44
378.0 38 45
379.5 96 105
379.5 96 106
381.0 106 107
381.0 106 110
382.5 78 112
382.5 78 113
384.0 42 48
384.0 42 49
385.5 99 104
385.5 99 105
387.0 70 108
387.0 70 109
388.5 119 123
388.5 119 124
390.0 40 45
390.0 40 46
391.5 166 198
391.5 166 199
393.0 42 46
393.0 42 47
394.5 160 198
394.5 160 199
396.0 98 102
396.0 98 103
397.5 39 48
397.5 39 49
399.0 98 106
399.0 98 111
400.5 74 109
400.5 74 110
402.0 130 136
402.0 130 137
403.5 3 14
403.5 3 15
405.0 78 87
405.0 78 88
406.5 115 125
406.5 115 126
408.0 135 140
408.0 135 141
409.5 41 47
409.5 41 48
411.0 3 4
411.0 3 13
412.5 169 175
412.5 169 176
414.0 148 153
414.0 148 154
415.5 182 198
415.5 182 199
417.0 37 44
417.0 37 45
418.5 188 190
418.5 188 191
420.0 89 108
420.0 89 109
421.5 163 165
421.5 163 166
423.0 58 61
423.0 58 62
424.5 115 117
424.5 115 118
426.0 2 3
426.0 2 13
427.5 161 181
427.5 161 182
429.0 73 112
429.0 73 113
430.5 16 22
430.5 17 18
432.0 27 34
432.0 27 35
433.5 165 176
433.5 165 177
435.0 87 88
435.0 88 89
436.5 161 166
436.5 161 167
438.0 72 73
438.0 72 74
439.5 92 107
439.5 92 108
441.0 129 138
441.0 129 139
442.5 144 153
442.5 144 154
444.0 116 124
444.0 116 125
445.5 68 103
445.5 68 104
447.0 100 101
447.0 100 102
448.5 143 157
448.5 143 158
450.0 61 64
450.0 61 65
451.5 4 17
451.5 4 18
453.0 68 142
453.0 68 158
454.5 76 112
454.5 76 113
456.0 19 20
456.0 19 21
457.5 68 91
457.5 68 92
459.0 68 69
459.0 68 72
460.5 83 85
460.5 84 85
462.0 145 154
462.0 145 155
463.5 132 137
463.5 132 138
465.0 144 145
465.0 144 146
466.5 107 113
466.5 108 109
468.0 68 73
468.0 68 74
469.5 45 46
469.5 45 47
471.0 179 198
471.0 179 199
472.5 131 135
472.5 131 136
474.0 75 87
474.0 75 88
475.5 159 166
475.5 159 167
477.0 54 55
477.0 54 56
478.5 79 87
478.5 79 88
480.0 28 36
480.0 29 30
481.5 180 195
481.5 180 196
483.0 160 166
483.0 160 167
484.5 144 151
484.5 144 152
486.0 91 110
486.0 91 111
487.5 89 110
487.5 89 111
489.0 53 66
489.0 53 67
490.5 157 158
490.5 158 159
492.0 96 97
492.0 96 102
493.5 69 84
493.5 69 85
495.0 184 199
495.0 185 186
496.5 75 108
496.5 75 109
498.0 1 22
498.0 1 23
499.5 8 15
499.5 9 10
501.0 71 85
501.0 71 86
502.5 52 60
502.5 52 61
504.0 98 100
504.0 98 101
505.5 29 35
505.5 29 36
507.0 62 67
507.0 63 64
508.5 37 50
508.5 37 51
510.0 59 65
510.0 59 66
511.5 90 110
511.5 90 111
513.0 165 196
513.0 165 197
514.5 7 15
514.5 7 16
516.0 160 178
516.0 160 179
517.5 78 83
517.5 78 84
519.0 24 34
519.0 24 35
520.5 167 178
520.5 167 179
522.0 159 168
522.0 159 169
523.5 52 66
523.5 52 67
525.0 142 158
525.0 143 144
526.5 159 160
526.5 159 163
528.0 38 42
528.0 38 43
529.5 134 140
529.5 134 141
531.0 74 107
531.0 74 108
532.5 95 110
532.5 95 111
534.0 170 178
534.0 171 172
535.5 147 153
535.5 147 154
537.0 96 113
537.0 97 98
538.5 72 113
538.5 73 74
540.0 5 14
540.0 5 15
541.5 150 154
541.5 150 155
543.0 68 111
543.0 68 112
544.5 136 141
544.5 137 138
546.0 163 176
546.0 163 177
547.5 71 87
547.5 71 88
549.0 25 34
549.0 25 35
550.5 160 182
550.5 160 183
552.0 0 19
552.0 0 20
553.5 4 5
553.5 4 12
555.0 7 11
555.0 7 12
556.5 76 77
556.5 76 84
558.0 70 114
558.0 71 72
559.5 117 122
559.5 117 123
561.0 26 35
561.0 26 36
562.5 72 90
562.5 72 91
564.0 38 48
564.0 38 49
565.5 122 124
565.5 122 125
567.0 37 46
567.0 37 47
568.5 44 45
568.5 44 46
570.0 95 108
570.0 95 109
571.5 168 199
571.5 169 170
573.0 40 41
573.0 40 42
574.5 6 17
574.5 6 18
576.0 58 65
576.0 58 66
577.5 159 193
577.5 159 194
579.0 136 139
579.0 136 140
580.5 171 173
580.5 171 174
582.0 3 20
582.0 3 21
583.5 177 178
583.5 178 179
585.0 43 44
585.0 43 45
586.5 69 111
586.5 69 112
588.0 180 181
588.0 180 194
589.5 55 63
589.5 55 64
591.0 69 72
591.0 69 73
592.5 150 158
592.5 151 152
594.0 89 112
594.0 89 113
595.5 27 32
595.5 27 33
597.0 128 141
597.0 128 142
598.5 9 11
598.5 9 12
600.0 70 92
600.0 70 93
601.5 69 158
601.5 70 71
603.0 115 123
603.0 115 124
604.5 101 102
604.5 101 103
606.0 26 33
606.0 26 34
607.5 68 109
607.5 68 110
609.0 69 76
609.0 69 77
610.5 95 112
610.5 95 113
612.0 42 50
612.0 42 51
613.5 128 137
613.5 128 138
615.0 195 199
615.0 196 197
616.5 120 126
616.5 120 127
618.0 72 88
618.0 72 89
619.5 118 121
619.5 118 122
621.0 69 105
621.0 69 106
622.5 61 66
622.5 61 67
624.0 173 174
624.0 173 175
625.5 79 85
625.5 79 86
627.0 185 197
627.0 185 198
628.5 183 184
628.5 183 192
630.0 28 32
630.0 28 33
631.5 164 194
631.5 164 195
633.0 175 176
633.0 176 177
634.5 1 16
634.5 1 17
636.0 116 120
636.0 116 121
637.5 148 157
637.5 148 158
639.0 27 28
639.0 27 29
640.5 96 109
640.5 96 110
642.0 189 191
642.0 189 192
643.5 58 67
643.5 59 60
645.0 5 22
645.0 6 7
646.5 72 84
646.5 72 85
648.0 90 106
648.0 90 107
649.5 130 138
649.5 130 139
651.0 56 66
651.0 56 67
652.5 75 106
652.5 75 107
654.0 132 135
654.0 132 136
655.5 53 58
655.5 53 59
657.0 52 64
657.0 52 65
658.5 81 83
658.5 81 84
660.0 31 32
660.0 31 33
661.5 53 64
661.5 53 65
663.0 128 135
663.0 128 136
664.5 188 192
664.5 188 193
666.0 183 193
666.0 183 194
667.5 90 91
667.5 90 105
669.0 106 111
669.0 106 112
670.5 164 177
670.5 164 178
672.0 106 113
672.0 107 108
673.5 26 29
673.5 26 30
675.0 7 21
675.0 7 22
676.5 145 152
676.5 145 153
678.0 0 17
678.0 0 18
679.5 162 168
679.5 162 175
681.0 185 193
681.0 185 194
682.5 163 178
682.5 163 179
684.0 64 66
684.0 65 66
685.5 186 194
685.5 186 195
687.0 72 111
687.0 72 112
688.5 3 22
688.5 3 23
690.0 143 151
690.0 143 152
691.5 159 173
691.5 159 174
693.0 38 46
693.0 38 47
694.5 97 109
694.5 97 110
696.0 53 60
696.0 53 61
697.5 59 63
697.5 59 64
699.0 172 174
699.0 172 175
700.5 55 57
700.5 55 58
702.0 186 192
702.0 186 193
703.5 145 150
703.5 145 151
705.0 107 109
705.0 107 110
706.5 131 141
706.5 131 142
708.0 187 195
708.0 188 189
709.5 69 92
709.5 69 93
711.0 118 123
711.0 118 124
712.5 117 126
712.5 117 127
714.0 88 111
714.0 88 112
715.5 91 106
715.5 91 107
717.0 135 136
717.0 135 137
718.5 162 166
718.5 162 167
720.0 149 150
720.0 149 151
721.5 121 126
721.5 122 123
723.0 127 158
723.0 128 129
724.5 147 155
724.5 147 156
726.0 166 180
726.0 166 195
727.5 70 110
727.5 70 111
729.0 145 158
729.0 146 147
730.5 91 108
730.5 91 109
732.0 133 139
732.0 133 140
733.5 165 180
733.5 165 195
735.0 80 87
735.0 81 82
736.5 93 112
736.5 93 113
738.0 161 168
738.0 161 174
739.5 187 191
739.5 187 192
741.0 36 37
741.0 37 38
742.5 71 106
742.5 71 107
744.0 2 18
744.0 2 19
745.5 93 110
745.5 93 111
747.0 97 113
747.0 98 99
748.5 129 140
748.5 129 141
750.0 33 34
750.0 33 35
751.5 93 104
751.5 93 105
753.0 162 180
753.0 162 181
754.5 122 126
754.5 123 124
756.0 76 108
756.0 76 109
757.5 56 60
757.5 56 61
759.0 74 90
759.0 74 106
760.5 46 50
760.5 47 48
762.0 23 36
762.0 23 37
763.5 117 118
763.5 117 119
765.0 167 176
765.0 167 177
766.5 169 177
766.5 169 178
768.0 55 65
768.0 55 66
769.5 89 106
769.5 89 107
771.0 54 61
771.0 54 62
772.5 182 194
772.5 182 195
774.0 52 62
774.0 52 63
775.5 198 199
777.0 54 67
777.0 55 56
778.5 80 83
778.5 80 84
780.0 186 196
780.0 186 198
781.5 56 64
781.5 56 65
783.0 77 78
783.0 77 83
784.5 80 85
784.5 80 86
786.0 22 23
786.0 23 24
787.5 132 139
787.5 132 140
789.0 129 142
789.0 130 131
790.5 70 84
790.5 70 85
792.0 69 70
792.0 69 71
793.5 48 49
793.5 48 50
795.0 68 93
795.0 68 94
796.5 74 113
796.5 75 76
798.0 149 154
798.0 149 155
799.5 115 121
799.5 115 122
801.0 93 108
801.0 93 109
802.5 166 196
802.5 166 197
804.0 69 94
804.0 69 104
805.5 164 165
805.5 164 166
807.0 130 142
807.0 131 132
808.5 98 112
808.5 98 113
810.0 70 106
810.0 70 107
811.5 119 121
811.5 119 122
813.0 99 102
813.0 99 103
814.5 73 90
814.5 73 105
816.0 74 88
816.0 74 89
817.5 61 62
817.5 61 63
819.0 164 179
819.0 164 180
820.5 71 108
820.5 71 109
822.0 1 14
822.0 1 15
823.5 148 155
823.5 148 156
825.0 160 196
825.0 160 197
826.5 17 21
826.5 17 22
828.0 184 191
828.0 184 192
829.5 59 67
829.5 60 61
831.0 129 134
831.0 129 135
832.5 92 93
832.5 92 104
834.0 78 85
834.0 78 86
835.5 152 157
835.5 152 158
837.0 96 111
837.0 96 112
838.5 25 32
838.5 25 33
840.0 159 195
840.0 159 196
841.5 147 157
841.5 147 158
843.0 143 155
843.0 143 156
844.5 118 127
844.5 119 120
846.0 143 149
846.0 143 150
847.5 94 104
847.5 94 105
849.0 53 62
849.0 53 63
850.5 75 85
850.5 75 86
852.0 72 86
852.0 72 87
853.5 114 121
853.5 114 122
855.0 165 166
855.0 165 175
856.5 92 109
856.5 92 110
858.0 6 13
858.0 6 14
859.5 60 64
859.5 60 65
861.0 182 192
861.0 182 193
862.5 30 33
862.5 30 34
864.0 41 45
864.0 41 46
865.5 123 125
865.5 123 126
867.0 152 155
867.0 152 156
868.5 144 149
868.5 144 150
870.0 153 154
870.0 153 155
871.5 142 152
871.5 142 153
873.0 73 75
873.0 73 85
874.5 71 104
874.5 71 105
876.0 34 35
876.0 35 36
877.5 160 168
877.5 160 169
879.0 133 135
879.0 133 136
880.5 183 197
880.5 183 198
882.0 66 67
882.0 67 68
883.5 16 20
883.5 16 21
885.0 74 75
885.0 74 85
886.5 7 13
886.5 7 14
888.0 17 19
888.0 17 20
889.5 39 44
889.5 39 45
891.0 160 162
891.0 160 163
892.5 111 112
892.5 112 113
894.0 52 56
894.0 52 57
895.5 151 153
895.5 151 154
897.0 168 178
897.0 168 179
898.5 166 167
898.5 166 175
900.0 132 141
900.0 133 134
901.5 136 137
901.5 136 138
903.0 159 177
903.0 159 178
904.5 6 21
904.5 6 22
906.0 71 77
906.0 71 84
907.5 137 141
907.5 138 139
909.0 60 62
909.0 60 63
910.5 152 153
910.5 152 154
912.0 160 192
912.0 160 193
913.5 69 127
913.5 69 142
915.0 23 51
915.0 23 67
916.5 163 196
916.5 163 197
918.0 117 124
918.0 117 125
919.5 1 18
919.5 1 19
921.0 71 91
921.0 71 92
922.5 6 15
922.5 6 16
924.0 32 34
924.0 32 35
925.5 79 83
925.5 79 84
927.0 95 104
927.0 95 105
928.5 151 155
928.5 151 156
930.0 4 15
930.0 4 16
931.5 68 83
931.5 68 84
933.0 39 46
933.0 39 47
934.5 57 58
934.5 57 59
936.0 70 74
936.0 70 75
937.5 67 142
937.5 67 158
939.0 109 111
939.0 109 112
940.5 0 1
940.5 0 14
942.0 25 30
942.0 25 31
943.5 45 50
943.5 46 47
945.0 141 142
945.0 142 143
946.5 108 112
946.5 109 110
948.0 9 13
948.0 9 14
949.5 90 112
949.5 90 113
951.0 164 175
951.0 164 176
952.5 63 67
952.5 64 65
954.0 159 183
954.0 159 192
955.5 161 177
955.5 161 178
957.0 69 78
957.0 69 83
958.5 114 158
958.5 115 116
960.0 155 157
960.0 156 157
961.5 5 12
961.5 5 13
963.0 25 36
963.0 25 37
964.5 159 175
964.5 159 176
966.0 45 48
966.0 45 49
967.5 99 100
967.5 99 101
969.0 24 36
969.0 24 37
970.5 55 67
970.5 56 57
972.0 38 50
972.0 38 51
973.5 94 95
973.5 94 103
975.0 82 83
975.0 82 84
976.5 46 48
976.5 46 49
978.0 160 194
978.0 160 195
979.5 40 47
979.5 40 48
981.0 197 198
981.0 197 199
982.5 67 113
982.5 67 114
984.0 119 125
984.0 119 126
985.5 77 86
985.5 77 87
987.0 68 127
987.0 68 141
988.5 57 60
988.5 57 61
990.0 188 194
990.0 189 190
991.5 167 168
991.5 167 175
993.0 4 13
993.0 4 14
994.5 92 113
994.5 93 94
996.0 124 125
996.0 124 126
997.5 25 26
997.5 25 27
999.0 153 156
999.0 153 157
1000.5 128 133
1000.5 128 134
1002.0 115 119
1002.0 115 120
1003.5 37 48
1003.5 37 49
1005.0 42 44
1005.0 42 45
1006.5 194 195
1006.5 195 196
1008.0 130 134
1008.0 130 135
1009.5 143 145
1009.5 143 146
1011.0 159 179
1011.0 159 180
1012.5 149 156
1012.5 149 157
1014.0 161 179
1014.0 161 180
1015.5 26 31
1015.5 26 32
1017.0 75 110
1017.0 75 111
1018.5 150 152
1018.5 150 153
1020.0 144 157
1020.0 144 158
1021.5 54 65
1021.5 54 66
1023.0 184 195
1023.0 184 196
1024.5 6 19
1024.5 6 20
1026.0 39 40
1026.0 39 41
1027.5 69 74
1027.5 69 75
1029.0 10 13
1029.0 11 12
1030.5 142 154
1030.5 142 155
1032.0 161 193
1032.0 161 194
1033.5 63 65
1033.5 63 66
1035.0 120 124
1035.0 120 125
1036.5 94 110
1036.5 94 111
1038.0 4 21
1038.0 4 22
1039.5 58 63
1039.5 58 64
1041.0 28 30
1041.0 28 31
1042.5 172 176
1042.5 172 177
1044.0 24 30
1044.0 24 31
1045.5 163 194
1045.5 163 195
1047.0 93 106
1047.0 93 107
1048.5 162 176
1048.5 162 177
1050.0 28 34
1050.0 28 35
1051.5 151 157
1051.5 151 158
1053.0 139 140
1053.0 140 141
1054.5 80 81
1054.5 80 82
1056.0 168 174
1056.0 168 175
1057.5 94 112
1057.5 94 113
1059.0 138 140
1059.0 138 141
1060.5 154 156
1060.5 154 157
1062.0 7 8
1062.0 7 10
1063.5 169 173
1063.5 169 174
1065.0 160 174
1065.0 160 175
1066.5 41 51
1066.5 42 43
1068.0 44 47
1068.0 44 48
1069.5 164 196
1069.5 164 197
1071.0 70 104
1071.0 70 105
1072.5 77 109
1072.5 77 110
1074.0 192 193
1074.0 193 194
1075.5 171 177
1075.5 172 173
1077.0 52 53
1077.0 52 55
1078.5 23 34
1078.5 23 35
1080.0 131 137
1080.0 131 138
1081.5 41 43
1081.5 41 44
1083.0 76 110
1083.0 76 111
1084.5 71 73
1084.5 71 74
1086.0 70 72
1086.0 70 73
1087.5 68 107
1087.5 68 108
1089.0 150 156
1089.0 150 157
1090.5 97 111
1090.5 97 112
1092.0 70 112
1092.0 70 113
1093.5 148 151
1093.5 148 152
1095.0 104 105
1095.0 105 106
1096.5 161 175
1096.5 161 176
1098.0 69 86
1098.0 69 87
1099.5 75 89
1099.5 75 90
1101.0 39 50
1101.0 39 51
1102.5 2 20
1102.5 2 21
1104.0 161 199
1104.0 162 163
1105.5 183 199
1105.5 184 185
1107.0 59 61
1107.0 59 62
1108.5 69 109
1108.5 69 110
