0 185 195
0 185 196
1.5 102 103
1.5 103 104
3.0 189 191
3.0 189 192
4.5 60 66
4.5 60 67
6.0 182 196
6.0 182 197
7.5 118 123
7.5 118 124
9.0 184 193
9.0 184 194
10.5 68 93
10.5 68 94
12.0 91 106
12.0 91 107
13.5 162 164
13.5 162 165
15.0 171 175
15.0 171 176
16.5 8 9
16.5 8 10
18.0 49 50
18.0 50 51
19.5 182 192
19.5 182 193
21.0 88 113
21.0 89 90
22.5 24 30
22.5 24 31
24.0 7 13
24.0 7 14
25.5 167 176
25.5 167 177
27.0 5 14
27.0 5 15
28.5 119 121
28.5 119 122
30.0 129 138
30.0 129 139
31.5 142 156
31.5 142 157
33.0 3 16
33.0 3 17
34.5 70 114
34.5 71 72
36.0 99 104
36.0 99 105
37.5 52 60
37.5 52 61
39.0 181 193
39.0 181 194
40.5 8 11
40.5 8 12
42.0 79 83
42.0 79 84
43.5 143 145
43.5 143 146
45.0 79 87
45.0 79 88
46.5 75 87
46.5 75 88
48.0 159 199
48.0 160 161
49.5 68 111
49.5 68 112
51.0 118 127
51.0 119 120
52.5 72 73
52.5 72 74
54.0 4 13
54.0 4 14
55.5 151 155
55.5 151 156
57.0 115 117
57.0 115 118
58.5 88 111
58.5 88 112
60.0 70 110
60.0 70 111
61.5 40 45
61.5 40 46
63.0 129 134
63.0 129 135
64.5 180 199
64.5 181 182
66.0 186 190
66.0 186 191
67.5 68 105
67.5 68 106
69.0 39 42
69.0 39 43
70.5 70 112
70.5 70 113
72.0 155 157
72.0 156 157
73.5 69 105
73.5 69 106
75.0 160 196
75.0 160 197
76.5 169 175
76.5 169 176
78.0 97 107
78.0 97 108
79.5 163 198
79.5 163 199
81.0 129 142
81.0 130 131
82.5 138 140
82.5 138 141
84.0 75 110
84.0 75 111
85.5 2 22
85.5 2 23
87.0 8 15
87.0 9 10
88.5 79 80
88.5 79 82
90.0 100 101
90.0 100 102
91.5 161 195
91.5 161 196
93.0 59 65
93.0 59 66
94.5 162 195
94.5 162 196
96.0 142 158
96.0 143 144
97.5 133 139
97.5 133 140
99.0 128 133
99.0 128 134
100.5 160 194
100.5 160 195
102.0 108 110
102.0 108 111
103.5 1 14
103.5 1 15
105.0 194 195
105.0 195 196
106.5 148 155
106.5 148 156
108.0 161 166
108.0 161 167
109.5 161 164
109.5 161 165
111.0 27 28
111.0 27 29
112.5 39 48
112.5 39 49
114.0 98 112
114.0 98 113
115.5 63 65
115.5 63 66
117.0 71 91
117.0 71 92
118.5 98 100
118.5 98 101
120.0 148 153
120.0 148 154
121.5 109 111
121.5 109 112
123.0 64 66
123.0 65 66
124.5 68 69
124.5 68 72
126.0 169 173
126.0 169 174
127.5 163 167
127.5 163 175
129.0 161 193
129.0 161 194
130.5 44 47
130.5 44 48
132.0 70 92
132.0 70 93
133.5 166 196
133.5 166 197
135.0 129 130
135.0 129 131
136.5 17 19
136.5 17 20
138.0 41 49
138.0 41 50
139.5 150 156
139.5 150 157
141.0 3 20
141.0 3 21
142.5 183 193
142.5 183 194
144.0 74 88
144.0 74 89
145.5 27 32
145.5 27 33
147.0 30 31
147.0 30 32
148.5 70 74
148.5 70 75
150.0 69 92
150.0 69 93
151.5 68 85
151.5 68 86
153.0 81 85
153.0 81 86
154.5 42 50
154.5 42 51
156.0 25 26
156.0 25 27
157.5 91 112
157.5 91 113
159.0 38 40
159.0 38 41
160.5 169 177
160.5 169 178
162.0 99 100
162.0 99 101
163.5 134 136
163.5 134 137
165.0 68 109
165.0 68 110
166.5 159 166
166.5 159 167
168.0 166 167
168.0 166 175
169.5 69 113
169.5 69 114
171.0 41 47
171.0 41 48
172.5 181 195
172.5 181 196
174.0 168 199
174.0 169 170
175.5 144 153
175.5 144 154
177.0 94 104
177.0 94 105
178.5 71 85
178.5 71 86
180.0 17 21
180.0 17 22
181.5 92 93
181.5 92 104
183.0 5 20
183.0 5 21
184.5 161 197
184.5 161 198
186.0 116 118
186.0 116 119
187.5 161 168
187.5 161 174
189.0 159 179
189.0 159 180
190.5 45 50
190.5 46 47
192.0 163 165
192.0 163 166
193.5 159 197
193.5 159 198
195.0 147 153
195.0 147 154
196.5 131 133
196.5 131 134
198.0 5 22
198.0 6 7
199.5 31 36
199.5 32 33
201.0 46 48
201.0 46 49
202.5 71 108
202.5 71 109
204.0 167 199
204.0 168 169
205.5 72 111
205.5 72 112
207.0 24 36
207.0 24 37
208.5 77 88
208.5 77 89
210.0 2 16
210.0 2 17
211.5 54 59
211.5 54 60
213.0 68 107
213.0 68 108
214.5 160 162
214.5 160 163
216.0 152 157
216.0 152 158
217.5 94 95
217.5 94 103
219.0 68 87
219.0 68 88
220.5 3 22
220.5 3 23
222.0 118 125
222.0 118 126
223.5 29 31
223.5 29 32
225.0 15 20
225.0 15 21
226.5 181 199
226.5 182 183
228.0 72 109
228.0 72 110
229.5 69 74
229.5 69 75
231.0 18 19
231.0 18 20
232.5 164 196
232.5 164 197
234.0 51 66
234.0 51 67
235.5 0 21
235.5 0 22
237.0 29 33
237.0 29 34
238.5 118 119
238.5 118 120
240.0 128 135
240.0 128 136
241.5 190 192
241.5 191 192
243.0 115 123
243.0 115 124
244.5 132 133
244.5 132 134
246.0 28 36
246.0 29 30
247.5 56 60
247.5 56 61
249.0 159 164
249.0 159 165
250.5 70 90
250.5 70 91
252.0 146 148
252.0 146 149
253.5 132 139
253.5 132 140
255.0 166 180
255.0 166 195
256.5 14 15
256.5 15 16
258.0 95 112
258.0 95 113
259.5 160 198
259.5 160 199
261.0 120 126
261.0 120 127
262.5 144 151
262.5 144 152
264.0 75 108
264.0 75 109
265.5 136 139
265.5 136 140
267.0 117 124
267.0 117 125
268.5 90 110
268.5 90 111
270.0 165 176
270.0 165 177
271.5 89 112
271.5 89 113
273.0 53 56
273.0 53 57
274.5 136 137
274.5 136 138
276.0 159 175
276.0 159 176
277.5 73 75
277.5 73 85
279.0 71 77
279.0 71 84
280.5 108 112
280.5 109 110
282.0 180 181
282.0 180 194
283.5 85 86
283.5 86 87
285.0 74 75
285.0 74 85
286.5 143 157
286.5 143 158
288.0 26 33
288.0 26 34
289.5 185 193
289.5 185 194
291.0 29 35
291.0 29 36
292.5 26 35
292.5 26 36
294.0 45 48
294.0 45 49
295.5 90 91
295.5 90 105
297.0 136 141
297.0 137 138
298.5 75 85
298.5 75 86
300.0 127 158
300.0 128 129
301.5 51 52
301.5 51 63
303.0 161 181
303.0 161 182
304.5 170 178
304.5 171 172
306.0 130 134
306.0 130 135
307.5 56 58
307.5 56 59
309.0 38 42
309.0 38 43
310.5 34 35
310.5 35 36
312.0 97 103
312.0 97 104
313.5 76 85
313.5 76 86
315.0 152 155
315.0 152 156
316.5 77 78
316.5 77 83
318.0 129 132
318.0 129 133
319.5 61 62
319.5 61 63
321.0 171 177
321.0 172 173
322.5 121 124
322.5 121 125
324.0 133 141
324.0 134 135
325.5 0 1
325.5 0 14
327.0 19 20
327.0 19 21
328.5 130 132
328.5 130 133
330.0 135 138
330.0 135 139
331.5 7 11
331.5 7 12
333.0 5 12
333.0 5 13
334.5 160 168
334.5 160 169
336.0 97 113
336.0 98 99
337.5 69 111
337.5 69 112
339.0 73 112
339.0 73 113
340.5 111 112
340.5 112 113
342.0 184 195
342.0 184 196
343.5 149 150
343.5 149 151
345.0 31 32
345.0 31 33
346.5 98 102
346.5 98 103
348.0 179 180
348.0 179 197
349.5 147 149
349.5 147 150
351.0 2 14
351.0 2 15
352.5 1 16
352.5 1 17
354.0 95 104
354.0 95 105
355.5 43 46
355.5 43 47
357.0 24 34
357.0 24 35
358.5 197 198
358.5 197 199
360.0 161 162
360.0 161 163
361.5 161 175
361.5 161 176
363.0 96 103
363.0 96 104
364.5 16 22
364.5 17 18
366.0 44 49
366.0 44 50
367.5 52 56
367.5 52 57
369.0 81 83
369.0 81 84
370.5 152 153
370.5 152 154
372.0 82 83
372.0 82 84
373.5 185 197
373.5 185 198
375.0 70 104
375.0 70 105
376.5 44 45
376.5 44 46
378.0 90 108
378.0 90 109
379.5 96 111
379.5 96 112
381.0 144 149
381.0 144 150
382.5 167 180
382.5 167 196
384.0 145 158
384.0 146 147
385.5 137 139
385.5 137 140
387.0 147 151
387.0 147 152
388.5 159 160
388.5 159 163
390.0 121 126
390.0 122 123
391.5 143 149
391.5 143 150
393.0 165 198
393.0 165 199
394.5 80 81
394.5 80 82
396.0 69 107
396.0 69 108
397.5 32 34
397.5 32 35
399.0 40 49
399.0 40 50
400.5 38 44
400.5 38 45
402.0 52 53
402.0 52 55
403.5 150 158
403.5 151 152
405.0 53 58
405.0 53 59
406.5 173 176
406.5 174 175
408.0 144 147
408.0 144 148
409.5 180 195
409.5 180 196
411.0 164 198
411.0 164 199
412.5 48 49
412.5 48 50
414.0 9 11
414.0 9 12
415.5 77 113
415.5 78 79
417.0 37 48
417.0 37 49
418.5 129 136
418.5 129 137
420.0 151 157
420.0 151 158
421.5 25 34
421.5 25 35
423.0 27 30
423.0 27 31
424.5 106 113
424.5 107 108
426.0 127 141
426.0 127 142
427.5 96 113
427.5 97 98
429.0 144 157
429.0 144 158
430.5 43 44
430.5 43 45
432.0 117 120
432.0 117 121
433.5 173 174
433.5 173 175
435.0 97 105
435.0 97 106
436.5 97 111
436.5 97 112
438.0 70 88
438.0 70 89
439.5 143 153
439.5 143 154
441.0 127 128
441.0 127 140
442.5 160 166
442.5 160 167
444.0 159 181
444.0 159 182
445.5 153 154
445.5 153 155
447.0 130 142
447.0 131 132
448.5 146 152
448.5 146 153
450.0 170 176
450.0 170 177
451.5 98 104
451.5 98 105
453.0 143 151
453.0 143 152
454.5 165 178
454.5 165 179
456.0 76 89
456.0 76 107
457.5 58 63
457.5 58 64
459.0 162 178
459.0 162 179
460.5 94 106
460.5 94 107
462.0 148 151
462.0 148 152
463.5 121 122
463.5 121 123
465.0 182 198
465.0 182 199
466.5 68 142
466.5 68 158
468.0 46 50
468.0 47 48
469.5 110 111
469.5 110 112
471.0 71 104
471.0 71 105
472.5 164 179
472.5 164 180
474.0 28 34
474.0 28 35
475.5 67 127
475.5 67 141
477.0 77 111
477.0 77 112
478.5 69 84
478.5 69 85
480.0 168 176
480.0 168 177
481.5 8 13
481.5 8 14
483.0 59 67
483.0 60 61
484.5 66 67
484.5 67 68
486.0 70 108
486.0 70 109
487.5 54 63
487.5 54 64
489.0 143 147
489.0 143 148
490.5 72 107
490.5 72 108
492.0 45 46
492.0 45 47
493.5 104 105
493.5 105 106
495.0 79 85
495.0 79 86
496.5 10 11
496.5 10 12
498.0 132 135
498.0 132 136
499.5 148 157
499.5 148 158
501.0 159 183
501.0 159 192
502.5 172 176
502.5 172 177
504.0 130 136
504.0 130 137
505.5 115 125
505.5 115 126
507.0 23 32
507.0 23 33
508.5 1 18
508.5 1 19
510.0 39 46
510.0 39 47
511.5 166 198
511.5 166 199
513.0 53 60
513.0 53 61
514.5 144 145
514.5 144 146
516.0 184 197
516.0 184 198
517.5 113 114
517.5 114 115
519.0 69 109
519.0 69 110
520.5 24 32
520.5 24 33
522.0 96 107
522.0 96 108
523.5 164 175
523.5 164 176
525.0 69 88
525.0 69 89
526.5 114 125
526.5 114 126
528.0 39 40
528.0 39 41
529.5 93 104
529.5 93 105
531.0 2 3
531.0 2 13
532.5 160 182
532.5 160 183
534.0 93 110
534.0 93 111
535.5 162 168
535.5 162 175
537.0 38 50
537.0 38 51
538.5 71 110
538.5 71 111
540.0 25 30
540.0 25 31
541.5 83 85
541.5 84 85
543.0 146 150
543.0 146 151
544.5 78 87
544.5 78 88
546.0 130 138
546.0 130 139
547.5 3 4
547.5 3 13
549.0 57 62
549.0 57 63
550.5 37 67
550.5 38 39
552.0 183 197
552.0 183 198
553.5 77 86
553.5 77 87
555.0 72 75
555.0 72 76
556.5 165 166
556.5 165 175
558.0 93 106
558.0 93 107
559.5 165 196
559.5 165 197
561.0 149 152
561.0 149 153
562.5 23 34
562.5 23 35
564.0 7 8
564.0 7 10
565.5 22 23
565.5 23 24
567.0 149 158
567.0 150 151
568.5 134 140
568.5 134 141
570.0 3 14
570.0 3 15
571.5 164 194
571.5 164 195
573.0 56 64
573.0 56 65
574.5 5 18
574.5 5 19
576.0 160 174
576.0 160 175
577.5 146 158
577.5 147 148
579.0 42 44
579.0 42 45
580.5 37 46
580.5 37 47
582.0 167 197
582.0 167 198
583.5 130 140
583.5 130 141
585.0 20 21
585.0 21 22
586.5 92 107
586.5 92 108
588.0 107 113
588.0 108 109
589.5 163 194
589.5 163 195
591.0 53 64
591.0 53 65
592.5 54 67
592.5 55 56
594.0 187 193
594.0 187 194
595.5 147 157
595.5 147 158
597.0 144 155
597.0 144 156
598.5 133 137
598.5 133 138
600.0 153 156
600.0 153 157
601.5 0 17
601.5 0 18
603.0 183 199
603.0 184 185
604.5 30 33
604.5 30 34
606.0 27 36
606.0 28 29
607.5 118 121
607.5 118 122
609.0 54 55
609.0 54 56
610.5 4 23
610.5 5 6
612.0 72 90
612.0 72 91
613.5 186 199
613.5 187 188
615.0 120 122
615.0 120 123
616.5 75 106
616.5 75 107
618.0 70 72
618.0 70 73
619.5 92 105
619.5 92 106
621.0 41 45
621.0 41 46
622.5 71 89
622.5 71 90
624.0 160 180
624.0 160 181
625.5 28 30
625.5 28 31
627.0 23 51
627.0 23 67
628.5 90 112
628.5 90 113
630.0 55 63
630.0 55 64
631.5 99 102
631.5 99 103
633.0 131 141
633.0 131 142
634.5 57 64
634.5 57 65
636.0 170 172
636.0 170 173
637.5 69 127
637.5 69 142
639.0 117 118
639.0 117 119
640.5 60 64
640.5 60 65
642.0 163 196
642.0 163 197
643.5 168 178
643.5 168 179
645.0 68 103
645.0 68 104
646.5 74 109
646.5 74 110
648.0 120 124
648.0 120 125
649.5 0 19
649.5 0 20
651.0 54 61
651.0 54 62
652.5 89 106
652.5 89 107
654.0 145 148
654.0 145 149
655.5 94 112
655.5 94 113
657.0 43 48
657.0 43 49
658.5 67 111
658.5 67 112
660.0 23 36
660.0 23 37
661.5 141 142
661.5 142 143
663.0 95 108
663.0 95 109
664.5 74 86
664.5 74 87
666.0 55 65
666.0 55 66
667.5 137 141
667.5 138 139
669.0 159 168
669.0 159 169
670.5 7 15
670.5 7 16
672.0 10 13
672.0 11 12
673.5 5 16
673.5 5 17
675.0 80 85
675.0 80 86
676.5 188 190
676.5 188 191
678.0 145 156
678.0 145 157
679.5 159 173
679.5 159 174
681.0 51 64
681.0 51 65
682.5 183 184
682.5 183 192
684.0 106 107
684.0 106 110
685.5 125 126
685.5 126 127
687.0 71 75
687.0 71 76
688.5 36 37
688.5 37 38
690.0 76 87
690.0 76 88
691.5 38 48
691.5 38 49
693.0 95 110
693.0 95 111
694.5 47 49
694.5 47 50
696.0 54 57
696.0 54 58
697.5 1 20
697.5 1 21
699.0 188 194
699.0 189 190
700.5 92 113
700.5 93 94
702.0 70 76
702.0 70 77
703.5 97 101
703.5 97 102
705.0 184 191
705.0 184 192
706.5 68 73
706.5 68 74
708.0 82 85
708.0 83 84
709.5 87 88
709.5 88 89
711.0 119 123
711.0 119 124
712.5 91 92
712.5 91 105
714.0 53 62
714.0 53 63
715.5 4 15
715.5 4 16
717.0 145 154
717.0 145 155
718.5 95 106
718.5 95 107
720.0 76 77
720.0 76 84
721.5 0 15
721.5 0 16
723.0 6 17
723.0 6 18
724.5 135 136
724.5 135 137
726.0 171 173
726.0 171 174
727.5 58 65
727.5 58 66
729.0 116 122
729.0 116 123
730.5 167 178
730.5 167 179
732.0 187 195
732.0 188 189
733.5 72 105
733.5 72 106
735.0 62 63
735.0 62 64
736.5 180 197
736.5 180 198
738.0 162 193
738.0 162 194
739.5 12 13
739.5 13 14
741.0 91 110
741.0 91 111
742.5 145 150
742.5 145 151
744.0 18 21
744.0 18 22
745.5 124 125
745.5 124 126
747.0 2 20
747.0 2 21
748.5 186 192
748.5 186 193
750.0 139 140
750.0 140 141
751.5 78 83
751.5 78 84
753.0 55 67
753.0 56 57
754.5 80 83
754.5 80 84
756.0 25 32
756.0 25 33
757.5 159 177
757.5 159 178
759.0 98 106
759.0 98 111
760.5 198 199
762.0 160 176
762.0 160 177
763.5 73 90
763.5 73 105
765.0 77 109
765.0 77 110
766.5 93 112
766.5 93 113
768.0 69 76
768.0 69 77
769.5 6 21
769.5 6 22
771.0 114 123
771.0 114 124
772.5 123 125
772.5 123 126
774.0 95 96
774.0 95 103
775.5 53 66
775.5 53 67
777.0 55 59
777.0 55 60
778.5 163 176
778.5 163 177
780.0 73 108
780.0 73 109
781.5 181 197
781.5 181 198
783.0 70 106
783.0 70 107
784.5 68 83
784.5 68 84
786.0 72 113
786.0 73 74
787.5 184 199
787.5 185 186
789.0 106 111
789.0 106 112
790.5 26 31
790.5 26 32
792.0 114 127
792.0 114 142
793.5 52 58
793.5 52 59
795.0 38 46
795.0 38 47
796.5 68 77
796.5 68 78
798.0 55 61
798.0 55 62
799.5 162 199
799.5 163 164
801.0 150 152
801.0 150 153
802.5 143 155
802.5 143 156
804.0 30 35
804.0 30 36
805.5 53 54
805.5 53 55
807.0 6 11
807.0 6 12
808.5 71 106
808.5 71 107
810.0 78 85
810.0 78 86
811.5 40 41
811.5 40 42
813.0 76 112
813.0 76 113
814.5 52 62
814.5 52 63
816.0 75 89
816.0 75 90
817.5 114 158
817.5 115 116
819.0 56 66
819.0 56 67
820.5 6 13
820.5 6 14
822.0 74 107
822.0 74 108
823.5 154 156
823.5 154 157
825.0 162 197
825.0 162 198
826.5 75 112
826.5 75 113
828.0 166 178
828.0 166 179
829.5 169 179
829.5 170 171
831.0 128 141
831.0 128 142
832.5 25 36
832.5 25 37
834.0 24 25
834.0 24 27
835.5 52 66
835.5 52 67
837.0 73 110
837.0 73 111
838.5 188 192
838.5 188 193
840.0 192 193
840.0 193 194
841.5 56 62
841.5 56 63
843.0 69 158
843.0 70 71
844.5 116 120
844.5 116 121
846.0 61 66
846.0 61 67
847.5 73 88
847.5 73 89
849.0 131 139
849.0 131 140
850.5 74 111
850.5 74 112
852.0 114 121
852.0 114 122
853.5 69 90
853.5 69 91
855.0 160 192
855.0 160 193
856.5 149 154
856.5 149 155
858.0 73 106
858.0 73 107
859.5 69 72
859.5 69 73
861.0 59 63
861.0 59 64
862.5 175 176
862.5 176 177
864.0 153 158
864.0 154 155
865.5 27 34
865.5 27 35
867.0 70 84
867.0 70 85
868.5 142 152
868.5 142 153
870.0 6 19
870.0 6 20
871.5 9 13
871.5 9 14
873.0 185 191
873.0 185 192
874.5 39 44
874.5 39 45
876.0 89 110
876.0 89 111
877.5 135 140
877.5 135 141
879.0 67 113
879.0 67 114
880.5 148 149
880.5 148 150
882.0 73 86
882.0 73 87
883.5 1 22
883.5 1 23
885.0 74 113
885.0 75 76
886.5 58 61
886.5 58 62
888.0 149 156
888.0 149 157
889.5 24 28
889.5 24 29
891.0 68 89
891.0 68 90
892.5 25 28
892.5 25 29
894.0 61 64
894.0 61 65
895.5 33 34
895.5 33 35
897.0 0 23
897.0 1 2
898.5 54 65
898.5 54 66
900.0 6 15
900.0 6 16
901.5 162 176
901.5 162 177
903.0 159 193
903.0 159 194
904.5 115 121
904.5 115 122
906.0 166 176
906.0 166 177
907.5 186 196
907.5 186 198
909.0 145 146
909.0 145 147
910.5 60 62
910.5 60 63
912.0 4 17
912.0 4 18
913.5 16 18
913.5 16 19
915.0 68 75
915.0 68 76
916.5 43 50
916.5 43 51
918.0 59 61
918.0 59 62
919.5 71 73
919.5 71 74
921.0 134 138
921.0 134 139
922.5 162 166
922.5 162 167
924.0 4 19
924.0 4 20
925.5 69 86
925.5 69 87
927.0 16 20
927.0 16 21
928.5 76 110
928.5 76 111
930.0 96 105
930.0 96 106
931.5 132 141
931.5 133 134
933.0 183 195
933.0 183 196
934.5 145 152
934.5 145 153
936.0 159 195
936.0 159 196
937.5 57 58
937.5 57 59
939.0 70 86
939.0 70 87
940.5 117 126
940.5 117 127
942.0 150 154
942.0 150 155
943.5 196 198
943.5 196 199
945.0 72 86
945.0 72 87
946.5 165 180
946.5 165 195
948.0 161 177
948.0 161 178
949.5 146 154
949.5 146 155
951.0 164 177
951.0 164 178
952.5 162 180
952.5 162 181
954.0 41 43
954.0 41 44
955.5 131 137
955.5 131 138
957.0 80 87
957.0 81 82
958.5 186 194
958.5 186 195
960.0 116 126
960.0 116 127
961.5 172 174
961.5 172 175
963.0 7 21
963.0 7 22
964.5 2 18
964.5 2 19
966.0 146 156
966.0 146 157
967.5 40 43
967.5 40 44
969.0 128 137
969.0 128 138
970.5 28 32
970.5 28 33
972.0 161 199
972.0 162 163
973.5 182 194
973.5 182 195
975.0 96 109
975.0 96 110
976.5 37 50
976.5 37 51
978.0 76 108
978.0 76 109
979.5 187 191
979.5 187 192
981.0 58 59
981.0 58 60
982.5 142 154
982.5 142 155
984.0 167 168
984.0 167 175
985.5 90 106
985.5 90 107
987.0 4 5
987.0 4 12
988.5 94 108
988.5 94 109
990.0 142 150
990.0 142 151
991.5 187 189
991.5 187 190
993.0 100 103
993.0 100 104
994.5 122 124
994.5 122 125
996.0 132 137
996.0 132 138
997.5 195 199
997.5 196 197
999.0 92 109
999.0 92 110
1000.5 163 178
1000.5 163 179
1002.0 40 51
1002.0 41 42
1003.5 119 125
1003.5 119 126
1005.0 26 29
1005.0 26 30
1006.5 164 165
1006.5 164 166
1008.0 161 179
1008.0 161 180
1009.5 41 51
1009.5 42 43
1011.0 40 47
1011.0 40 48
1012.5 96 97
1012.5 96 102
1014.0 131 135
1014.0 131 136
1015.5 115 119
1015.5 115 120
1017.0 92 111
1017.0 92 112
1018.5 3 18
1018.5 3 19
1020.0 39 50
1020.0 39 51
1021.5 71 112
1021.5 71 113
1023.0 119 127
1023.0 120 121
1024.5 72 84
1024.5 72 85
1026.0 151 153
1026.0 151 154
1027.5 42 48
1027.5 42 49
1029.0 57 60
1029.0 57 61
1030.5 115 127
1030.5 116 117
1032.0 37 44
1032.0 37 45
1033.5 71 87
1033.5 71 88
1035.0 74 90
1035.0 74 106
1036.5 128 139
1036.5 128 140
1038.0 122 126
1038.0 123 124
1039.5 55 57
1039.5 55 58
1041.0 7 19
1041.0 7 20
1042.5 97 109
1042.5 97 110
1044.0 129 140
1044.0 129 141
1045.5 163 180
1045.5 163 181
1047.0 168 174
1047.0 168 175
1048.5 42 46
1048.5 42 47
1050.0 63 67
1050.0 64 65
1051.5 157 158
1051.5 158 159
1053.0 58 67
1053.0 59 60
1054.5 67 142
1054.5 67 158
1056.0 78 112
1056.0 78 113
1057.5 69 94
1057.5 69 104
1059.0 68 91
1059.0 68 92
1060.5 160 164
1060.5 160 165
1062.0 160 178
1062.0 160 179
1063.5 94 110
1063.5 94 111
1065.0 189 193
1065.0 190 191
1066.5 177 178
1066.5 178 179
1068.0 147 155
1068.0 147 156
1069.5 91 108
1069.5 91 109
1071.0 117 122
1071.0 117 123
1072.5 4 21
1072.5 4 22
1074.0 93 108
1074.0 93 109
1075.5 179 198
1075.5 179 199
1077.0 116 124
1077.0 116 125
1078.5 154 158
1078.5 155 156
1080.0 72 88
1080.0 72 89
1081.5 89 108
1081.5 89 109
1083.0 68 127
1083.0 68 141
1084.5 107 111
1084.5 107 112
1086.0 62 65
1086.0 62 66
1087.5 107 109
1087.5 107 110
1089.0 15 22
1089.0 16 17
1090.5 101 102
1090.5 101 103
1092.0 77 84
1092.0 77 85
1093.5 68 113
1093.5 68 114
1095.0 133 135
1095.0 133 136
1096.5 31 34
1096.5 31 35
1098.0 52 64
1098.0 52 65
1099.5 69 78
1099.5 69 83
1101.0 185 199
1101.0 186 187
1102.5 57 66
1102.5 57 67
1104.0 69 70
1104.0 69 71
1105.5 170 174
1105.5 170 175
1107.0 26 27
1107.0 26 28
1108.5 62 67
1108.5 63 64
