0 21 55
0 21 56
1.5 95 99
1.5 95 100
3.0 26 34
3.0 26 35
4.5 10 17
4.5 11 12
6.0 5 12
6.0 5 13
7.5 175 187
7.5 175 188
9.0 9 10
9.0 9 11
10.5 64 76
10.5 64 77
12.0 46 56
12.0 46 57
13.5 31 36
13.5 32 33
15.0 135 141
15.0 135 142
16.5 147 148
16.5 147 149
18.0 170 191
18.0 170 192
19.5 176 177
19.5 176 187
21.0 67 77
21.0 68 69
22.5 33 34
22.5 33 35
24.0 97 100
24.0 97 101
25.5 87 88
25.5 87 89
27.0 179 189
27.0 179 190
28.5 154 163
28.5 154 164
30.0 34 35
30.0 35 36
31.5 137 152
31.5 137 153
33.0 172 175
33.0 172 176
34.5 146 148
34.5 146 149
36.0 145 149
36.0 145 150
37.5 113 153
37.5 114 115
39.0 65 66
39.0 65 67
40.5 18 24
40.5 18 25
42.0 112 146
42.0 112 147
43.5 77 90
43.5 77 91
45.0 97 104
45.0 97 105
46.5 28 29
46.5 28 33
48.0 20 25
48.0 20 26
49.5 154 165
49.5 154 166
51.0 84 85
51.0 84 86
52.5 93 108
52.5 94 95
54.0 39 40
54.0 39 56
55.5 110 111
55.5 110 112
57.0 43 63
57.0 44 45
58.5 164 168
58.5 164 169
60.0 134 141
60.0 134 142
61.5 19 21
61.5 19 22
63.0 108 151
63.0 108 152
64.5 117 152
64.5 117 153
66.0 100 103
66.0 100 104
67.5 29 32
67.5 29 33
69.0 155 168
69.0 155 169
70.5 23 55
70.5 23 56
72.0 69 76
72.0 69 77
73.5 43 44
73.5 43 54
75.0 140 141
75.0 140 142
76.5 97 108
76.5 98 99
78.0 181 189
78.0 181 190
79.5 80 81
79.5 80 82
81.0 112 152
81.0 112 153
82.5 6 15
82.5 6 16
84.0 57 58
84.0 57 59
85.5 113 151
85.5 113 152
87.0 144 151
87.0 144 152
88.5 116 151
88.5 116 152
90.0 69 70
90.0 69 71
91.5 41 63
91.5 42 43
93.0 110 143
93.0 110 144
94.5 8 14
94.5 8 15
96.0 85 89
96.0 85 90
97.5 111 117
97.5 111 118
99.0 111 150
99.0 111 151
100.5 45 61
100.5 45 62
102.0 60 62
102.0 61 62
103.5 27 35
103.5 27 36
105.0 43 55
105.0 43 56
106.5 165 166
106.5 165 167
108.0 148 151
108.0 148 152
109.5 101 102
109.5 101 103
111.0 26 59
111.0 26 60
112.5 17 64
112.5 17 77
114.0 174 189
114.0 174 190
115.5 115 127
115.5 115 128
117.0 181 185
117.0 181 186
118.5 31 32
118.5 31 33
120.0 111 115
120.0 111 116
121.5 22 35
121.5 22 36
123.0 110 133
123.0 110 142
124.5 178 191
124.5 178 192
126.0 68 76
126.0 68 77
127.5 102 106
127.5 102 107
129.0 145 153
129.0 146 147
130.5 115 147
130.5 115 148
132.0 155 160
132.0 155 161
133.5 19 39
133.5 19 40
135.0 45 55
135.0 45 56
136.5 171 172
136.5 171 173
138.0 109 129
138.0 109 130
139.5 109 143
139.5 109 144
141.0 48 53
141.0 48 54
142.5 38 39
142.5 38 61
144.0 93 98
144.0 93 99
145.5 46 52
145.5 46 53
147.0 129 148
147.0 129 149
148.5 24 58
148.5 24 59
150.0 132 148
150.0 132 149
151.5 6 9
151.5 6 10
153.0 137 143
153.0 137 144
154.5 138 139
154.5 138 140
156.0 115 153
156.0 116 117
157.5 116 125
157.5 116 126
159.0 132 152
159.0 132 153
160.5 100 101
160.5 100 102
162.0 158 161
162.0 158 162
163.5 172 179
163.5 172 180
165.0 190 191
165.0 191 192
166.5 136 142
166.5 136 143
168.0 160 168
168.0 160 169
169.5 117 150
169.5 117 151
171.0 19 43
171.0 19 44
172.5 96 99
172.5 96 100
174.0 12 16
174.0 12 17
175.5 157 159
175.5 157 160
177.0 83 84
177.0 83 85
178.5 48 61
178.5 48 62
180.0 23 35
180.0 23 36
181.5 25 38
181.5 25 39
183.0 114 153
183.0 115 116
184.5 175 177
184.5 175 178
186.0 171 176
186.0 171 177
187.5 67 73
187.5 67 74
189.0 21 38
189.0 21 39
190.5 115 125
190.5 115 126
192.0 194 195
192.0 195 196
193.5 69 72
193.5 69 73
195.0 110 153
195.0 110 154
196.5 21 22
196.5 21 23
198.0 133 153
198.0 134 135
199.5 94 106
199.5 94 107
201.0 179 187
201.0 179 188
202.5 101 108
202.5 102 103
204.0 111 148
204.0 111 149
205.5 64 92
205.5 64 108
207.0 110 131
207.0 110 132
208.5 64 72
208.5 64 73
210.0 120 127
210.0 120 128
211.5 7 15
211.5 7 16
213.0 129 130
213.0 129 147
214.5 53 54
214.5 54 55
216.0 110 119
216.0 110 124
217.5 27 37
217.5 27 38
219.0 19 64
219.0 19 77
220.5 47 56
220.5 47 57
222.0 18 60
222.0 18 61
223.5 3 7
223.5 3 8
225.0 18 108
225.0 19 20
226.5 36 37
226.5 37 38
228.0 133 145
228.0 133 146
229.5 171 178
229.5 171 179
231.0 113 129
231.0 113 130
232.5 70 75
232.5 70 76
234.0 27 39
234.0 27 59
235.5 6 17
235.5 7 8
237.0 111 126
237.0 111 127
238.5 112 127
238.5 112 128
240.0 40 57
240.0 40 58
241.5 109 149
241.5 109 150
243.0 78 84
243.0 78 85
244.5 134 151
244.5 134 152
246.0 6 7
246.0 6 8
247.5 182 183
247.5 182 184
249.0 182 185
249.0 182 186
250.5 18 56
250.5 18 57
252.0 22 37
252.0 22 38
253.5 19 25
253.5 19 26
255.0 154 155
255.0 154 160
256.5 170 197
256.5 170 198
258.0 120 121
258.0 120 122
259.5 78 92
259.5 79 80
261.0 62 63
261.0 63 64
262.5 112 129
262.5 112 130
264.0 97 106
264.0 97 107
265.5 115 145
265.5 115 146
267.0 38 62
267.0 38 63
268.5 27 62
268.5 27 63
270.0 182 189
270.0 182 190
271.5 65 70
271.5 65 71
273.0 150 151
273.0 150 152
274.5 165 168
274.5 165 169
276.0 46 62
276.0 46 63
277.5 25 61
277.5 25 62
279.0 130 153
279.0 131 132
280.5 32 34
280.5 32 35
282.0 44 53
282.0 44 54
283.5 110 113
283.5 110 114
285.0 21 36
285.0 21 37
286.5 47 52
286.5 47 53
288.0 149 151
288.0 149 152
289.5 70 73
289.5 70 74
291.0 2 11
291.0 2 12
292.5 80 91
292.5 80 92
294.0 28 38
294.0 28 62
295.5 1 13
295.5 1 14
297.0 133 134
297.0 133 142
298.5 29 36
298.5 29 37
300.0 157 167
300.0 157 168
301.5 20 21
301.5 20 22
303.0 109 151
303.0 109 152
304.5 79 81
304.5 79 82
306.0 95 103
306.0 95 104
307.5 172 173
307.5 172 174
309.0 49 51
309.0 49 52
310.5 81 82
310.5 81 83
312.0 66 69
312.0 66 70
313.5 6 13
313.5 6 14
315.0 21 59
315.0 21 60
316.5 131 145
316.5 131 146
318.0 14 15
318.0 14 16
319.5 99 105
319.5 99 106
321.0 153 154
321.0 153 170
322.5 148 153
322.5 149 150
324.0 102 104
324.0 102 105
325.5 161 168
325.5 161 169
327.0 170 195
327.0 170 196
328.5 93 102
328.5 93 103
330.0 98 104
330.0 98 105
331.5 119 120
331.5 119 123
333.0 2 9
333.0 2 10
334.5 161 164
334.5 161 165
336.0 159 161
336.0 159 162
337.5 12 14
337.5 12 15
339.0 134 147
339.0 134 148
340.5 95 97
340.5 95 98
342.0 4 10
342.0 4 11
343.5 43 59
343.5 43 60
345.0 3 15
345.0 3 16
346.5 55 56
346.5 56 57
348.0 23 39
348.0 23 40
349.5 73 74
349.5 73 75
351.0 109 123
351.0 109 124
352.5 94 102
352.5 94 103
354.0 109 147
354.0 109 148
355.5 9 14
355.5 9 15
357.0 118 129
357.0 118 149
358.5 121 122
358.5 121 123
360.0 4 14
360.0 4 15
361.5 112 131
361.5 112 143
363.0 92 107
363.0 92 108
364.5 113 116
364.5 113 117
366.0 133 143
366.0 133 144
367.5 131 143
367.5 131 144
369.0 26 63
369.0 27 28
370.5 24 60
370.5 24 61
372.0 68 70
372.0 68 71
373.5 94 100
373.5 94 101
375.0 56 60
375.0 56 61
376.5 67 75
376.5 67 76
378.0 112 144
378.0 112 145
379.5 155 162
379.5 155 163
381.0 170 178
381.0 170 179
382.5 66 67
382.5 66 68
384.0 20 63
384.0 20 64
385.5 5 6
385.5 5 7
387.0 84 89
387.0 84 90
388.5 17 91
388.5 17 92
390.0 136 149
390.0 136 150
391.5 18 44
391.5 18 53
393.0 109 110
393.0 109 113
394.5 171 193
394.5 171 194
396.0 154 167
396.0 154 168
397.5 40 55
397.5 40 56
399.0 113 147
399.0 113 148
400.5 18 26
400.5 18 27
402.0 162 167
402.0 162 168
403.5 19 58
403.5 19 59
405.0 135 153
405.0 136 137
406.5 108 153
406.5 108 154
408.0 196 197
408.0 197 198
409.5 19 56
409.5 19 57
411.0 64 65
411.0 64 71
412.5 113 125
412.5 113 126
414.0 112 125
414.0 112 126
415.5 24 56
415.5 24 57
417.0 100 107
417.0 100 108
418.5 72 73
418.5 72 74
420.0 114 149
420.0 114 150
421.5 70 71
421.5 70 72
423.0 20 43
423.0 20 54
424.5 157 169
424.5 157 170
426.0 4 12
426.0 4 13
427.5 159 167
427.5 159 168
429.0 166 167
429.0 166 168
430.5 18 36
430.5 18 37
432.0 155 158
432.0 155 159
433.5 113 131
433.5 113 144
435.0 20 27
435.0 20 34
436.5 96 103
436.5 96 104
438.0 114 151
438.0 114 152
439.5 178 187
439.5 178 188
441.0 19 37
441.0 19 38
442.5 181 187
442.5 181 188
444.0 44 63
444.0 45 46
445.5 51 53
445.5 52 53
447.0 116 129
447.0 116 130
448.5 162 163
448.5 162 164
450.0 160 166
450.0 160 167
451.5 120 125
451.5 120 126
453.0 105 106
453.0 105 107
454.5 104 107
454.5 104 108
456.0 101 104
456.0 101 105
457.5 71 73
457.5 71 74
459.0 39 59
459.0 39 60
460.5 172 192
460.5 172 193
462.0 116 147
462.0 116 148
463.5 138 141
463.5 138 142
465.0 50 52
465.0 50 53
466.5 22 39
466.5 22 40
468.0 65 74
468.0 65 75
469.5 45 57
469.5 45 58
471.0 46 54
471.0 46 55
472.5 20 41
472.5 20 42
474.0 175 193
474.0 175 194
475.5 95 105
475.5 95 106
477.0 171 197
477.0 171 198
478.5 46 58
478.5 46 59
480.0 157 161
480.0 157 162
481.5 68 72
481.5 68 73
483.0 131 153
483.0 132 133
484.5 109 145
484.5 109 146
486.0 116 153
486.0 117 118
487.5 45 53
487.5 45 54
489.0 20 37
489.0 20 38
490.5 48 63
490.5 49 50
492.0 18 28
492.0 18 33
493.5 173 190
493.5 173 191
495.0 98 108
495.0 99 100
496.5 132 146
496.5 132 147
498.0 162 169
498.0 163 164
499.5 80 89
499.5 80 90
501.0 23 37
501.0 23 38
502.5 93 106
502.5 93 107
504.0 173 192
504.0 173 193
505.5 106 107
505.5 107 108
507.0 82 84
507.0 82 85
508.5 21 26
508.5 21 27
510.0 124 125
510.0 125 126
511.5 24 62
511.5 24 63
513.0 131 149
513.0 131 150
514.5 19 27
514.5 19 28
516.0 179 180
516.0 179 186
517.5 133 149
517.5 133 150
519.0 22 58
519.0 22 59
520.5 10 13
520.5 10 14
522.0 20 61
522.0 20 62
523.5 109 127
523.5 109 128
525.0 133 151
525.0 133 152
526.5 156 170
526.5 157 158
528.0 129 150
528.0 129 151
529.5 47 48
529.5 47 51
531.0 47 58
531.0 47 59
532.5 117 146
532.5 117 147
534.0 19 60
534.0 19 61
535.5 42 60
535.5 42 61
537.0 112 148
537.0 112 149
538.5 26 57
538.5 26 58
540.0 114 130
540.0 114 144
541.5 171 195
541.5 171 196
543.0 18 91
543.0 18 92
544.5 179 191
544.5 179 192
546.0 155 164
546.0 155 165
547.5 15 16
547.5 16 17
549.0 23 61
549.0 23 62
550.5 135 145
550.5 135 146
552.0 171 180
552.0 171 181
553.5 109 131
553.5 109 132
555.0 48 51
555.0 48 52
556.5 13 16
556.5 13 17
558.0 131 147
558.0 131 148
559.5 1 17
559.5 2 3
561.0 130 131
561.0 130 144
562.5 135 149
562.5 135 150
564.0 114 116
564.0 114 125
565.5 26 36
565.5 26 37
567.0 141 142
567.0 142 143
568.5 137 141
568.5 137 142
570.0 23 24
570.0 23 25
571.5 21 34
571.5 21 35
573.0 25 63
573.0 26 27
574.5 41 61
574.5 41 62
576.0 3 5
576.0 3 6
577.5 122 127
577.5 123 124
579.0 57 62
579.0 57 63
580.5 119 126
580.5 119 127
582.0 5 14
582.0 5 15
583.5 22 24
583.5 22 25
585.0 65 68
585.0 65 69
586.5 78 79
586.5 78 83
588.0 2 17
588.0 3 4
589.5 18 62
589.5 18 63
591.0 136 144
591.0 136 145
592.5 98 102
592.5 98 103
594.0 28 36
594.0 28 37
595.5 70 77
595.5 71 72
597.0 172 186
597.0 172 187
598.5 20 39
598.5 20 40
600.0 112 113
600.0 112 114
601.5 174 187
601.5 174 188
603.0 111 144
603.0 111 145
604.5 157 165
604.5 157 166
606.0 156 168
606.0 156 169
607.5 99 103
607.5 99 104
609.0 130 149
609.0 130 150
610.5 20 55
610.5 20 56
612.0 121 124
612.0 121 125
613.5 3 11
613.5 3 12
615.0 42 58
615.0 42 59
616.5 109 133
616.5 109 142
618.0 79 89
618.0 79 90
619.5 25 59
619.5 25 60
621.0 184 185
621.0 184 186
622.5 5 10
622.5 5 11
624.0 112 115
624.0 112 116
625.5 160 164
625.5 160 165
627.0 29 38
627.0 30 31
628.5 109 169
628.5 109 170
630.0 19 62
630.0 19 63
631.5 171 189
631.5 171 190
633.0 136 140
633.0 136 141
634.5 5 8
634.5 5 9
636.0 116 127
636.0 116 128
637.5 5 16
637.5 5 17
639.0 96 97
639.0 96 98
640.5 155 166
640.5 155 167
642.0 79 87
642.0 79 88
643.5 110 117
643.5 110 118
645.0 10 11
645.0 10 12
646.5 176 188
646.5 176 189
648.0 118 150
648.0 118 151
649.5 81 84
649.5 81 85
651.0 173 188
651.0 173 189
652.5 139 140
652.5 139 141
654.0 173 194
654.0 173 195
655.5 110 115
655.5 110 116
657.0 170 180
657.0 170 181
658.5 176 190
658.5 176 191
660.0 82 88
660.0 82 89
661.5 131 151
661.5 131 152
663.0 73 76
663.0 74 75
664.5 25 57
664.5 25 58
666.0 7 11
666.0 7 12
667.5 17 108
667.5 18 19
669.0 40 61
669.0 40 62
670.5 163 167
670.5 163 168
672.0 159 169
672.0 160 161
673.5 44 59
673.5 44 60
675.0 85 87
675.0 85 88
676.5 22 26
676.5 22 34
678.0 66 77
678.0 67 68
679.5 109 116
679.5 109 117
681.0 24 35
681.0 24 36
682.5 137 145
682.5 137 151
684.0 69 74
684.0 69 75
685.5 172 190
685.5 172 191
687.0 27 60
687.0 27 61
688.5 44 61
688.5 44 62
690.0 110 151
690.0 110 152
691.5 24 37
691.5 24 38
693.0 42 54
693.0 42 55
694.5 19 92
694.5 19 108
696.0 186 187
696.0 187 188
697.5 66 73
697.5 66 74
699.0 159 165
699.0 159 166
700.5 174 191
700.5 174 192
702.0 18 42
702.0 18 43
703.5 80 87
703.5 80 88
705.0 44 57
705.0 44 58
706.5 112 150
706.5 112 151
708.0 23 63
708.0 24 25
709.5 177 178
709.5 177 187
711.0 4 16
711.0 4 17
712.5 130 151
712.5 130 152
714.0 20 59
714.0 20 60
715.5 130 145
715.5 130 146
717.0 166 169
717.0 167 168
718.5 154 169
718.5 154 170
720.0 71 75
720.0 71 76
721.5 174 195
721.5 175 176
723.0 198 199
724.5 132 150
724.5 132 151
726.0 28 34
726.0 28 35
727.5 192 193
727.5 193 194
729.0 92 103
729.0 92 104
730.5 25 26
730.5 25 35
732.0 156 160
732.0 156 161
733.5 161 166
733.5 161 167
735.0 7 13
735.0 7 14
736.5 88 91
736.5 89 90
738.0 44 55
738.0 44 56
739.5 134 153
739.5 135 136
741.0 172 188
741.0 172 189
742.5 170 185
742.5 170 186
744.0 158 159
744.0 158 160
745.5 170 187
745.5 170 188
747.0 27 33
747.0 27 34
748.5 132 144
748.5 132 145
750.0 81 90
750.0 81 91
751.5 17 62
751.5 17 63
753.0 94 98
753.0 94 99
754.5 168 169
754.5 169 170
756.0 158 169
756.0 159 160
757.5 43 57
757.5 43 58
759.0 48 49
759.0 48 50
760.5 79 85
760.5 79 86
762.0 161 162
762.0 161 163
763.5 162 165
763.5 162 166
765.0 22 62
765.0 22 63
766.5 110 147
766.5 110 148
768.0 13 14
768.0 13 15
769.5 1 15
769.5 1 16
771.0 41 57
771.0 41 58
772.5 111 152
772.5 111 153
774.0 147 152
774.0 147 153
775.5 96 101
775.5 96 102
777.0 114 145
777.0 114 146
778.5 64 74
778.5 64 75
780.0 83 90
780.0 83 91
781.5 20 35
781.5 20 36
783.0 174 178
783.0 174 179
784.5 39 57
784.5 39 58
786.0 3 17
786.0 4 5
787.5 139 142
787.5 139 143
789.0 65 72
789.0 65 73
790.5 84 91
790.5 85 86
792.0 183 186
792.0 183 187
793.5 175 191
793.5 175 192
795.0 87 90
795.0 87 91
796.5 30 36
796.5 30 37
798.0 41 55
798.0 41 56
799.5 26 38
799.5 26 39
801.0 118 152
801.0 118 153
802.5 171 174
802.5 171 175
804.0 59 60
804.0 59 61
805.5 138 143
805.5 138 144
807.0 66 75
807.0 66 76
808.5 144 153
808.5 145 146
810.0 48 55
810.0 48 56
811.5 115 129
811.5 115 130
813.0 7 9
813.0 7 10
814.5 96 107
814.5 96 108
816.0 68 74
816.0 68 75
817.5 4 8
817.5 4 9
819.0 72 75
819.0 72 76
820.5 58 59
820.5 58 60
822.0 20 57
822.0 20 58
823.5 121 126
823.5 121 127
825.0 67 71
825.0 67 72
826.5 170 171
826.5 170 177
828.0 31 34
828.0 31 35
829.5 47 62
829.5 47 63
831.0 2 7
831.0 2 8
832.5 130 147
832.5 130 148
834.0 23 59
834.0 23 60
835.5 111 130
835.5 111 131
837.0 40 59
837.0 40 60
838.5 164 166
838.5 164 167
840.0 171 185
840.0 171 186
841.5 97 102
841.5 97 103
843.0 77 92
843.0 77 108
844.5 109 114
844.5 109 115
846.0 136 146
846.0 136 148
847.5 118 119
847.5 118 124
849.0 90 91
849.0 91 92
850.5 151 152
850.5 152 153
852.0 172 194
852.0 172 195
853.5 21 61
853.5 21 62
855.0 129 152
855.0 129 153
856.5 173 176
856.5 173 177
858.0 159 163
858.0 159 164
859.5 76 77
859.5 77 78
861.0 104 105
861.0 104 106
862.5 80 85
862.5 80 86
864.0 122 125
864.0 122 126
865.5 98 106
865.5 98 107
867.0 111 146
867.0 111 147
868.5 93 94
868.5 93 95
870.0 134 143
870.0 134 144
871.5 173 196
871.5 174 175
873.0 8 12
873.0 8 13
874.5 95 107
874.5 95 108
876.0 21 24
876.0 21 25
877.5 113 127
877.5 113 128
879.0 59 62
879.0 60 61
880.5 79 83
880.5 79 84
882.0 135 151
882.0 135 152
883.5 0 1
883.5 1 2
885.0 2 15
885.0 2 16
886.5 11 17
886.5 12 13
888.0 146 152
888.0 146 153
889.5 172 177
889.5 172 178
891.0 110 129
891.0 110 130
892.5 135 143
892.5 135 144
894.0 173 186
894.0 173 187
895.5 78 86
895.5 78 87
897.0 95 101
897.0 95 102
898.5 126 127
898.5 127 128
900.0 184 187
900.0 184 188
901.5 109 118
901.5 109 119
903.0 4 6
903.0 4 7
904.5 143 144
904.5 144 145
906.0 177 190
906.0 177 191
907.5 30 34
907.5 30 35
909.0 19 23
909.0 19 24
910.5 148 149
910.5 148 150
912.0 114 128
912.0 114 129
913.5 9 12
913.5 9 13
915.0 26 61
915.0 26 62
916.5 178 189
916.5 178 190
918.0 43 61
918.0 43 62
919.5 109 125
919.5 109 126
921.0 175 189
921.0 175 190
922.5 183 184
922.5 183 185
924.0 156 164
924.0 156 165
925.5 50 54
925.5 51 52
927.0 22 60
927.0 22 61
928.5 80 83
928.5 80 84
930.0 94 96
930.0 94 97
931.5 110 127
931.5 110 128
933.0 25 40
933.0 25 56
934.5 28 63
934.5 29 30
936.0 116 145
936.0 116 146
937.5 6 11
937.5 6 12
939.0 24 39
939.0 24 40
940.5 56 62
940.5 56 63
942.0 20 23
942.0 20 24
943.5 83 88
943.5 83 89
945.0 122 123
945.0 122 124
946.5 119 124
946.5 119 125
948.0 84 87
948.0 84 88
949.5 115 151
949.5 115 152
951.0 177 188
951.0 177 189
952.5 42 56
952.5 42 57
954.0 111 113
954.0 111 114
955.5 40 63
955.5 41 42
957.0 188 189
957.0 189 190
958.5 119 128
958.5 119 129
960.0 49 53
960.0 49 54
961.5 100 105
961.5 100 106
963.0 79 91
963.0 79 92
964.5 133 147
964.5 133 148
966.0 83 86
966.0 83 87
967.5 108 109
967.5 108 150
969.0 158 165
969.0 158 166
970.5 183 188
970.5 183 189
972.0 136 153
972.0 137 138
973.5 103 105
973.5 103 106
975.0 111 128
975.0 111 129
976.5 146 150
976.5 146 151
978.0 110 145
978.0 110 146
979.5 93 104
979.5 93 105
981.0 9 16
981.0 9 17
982.5 180 181
982.5 180 186
984.0 114 147
984.0 114 148
985.5 134 145
985.5 134 146
987.0 170 189
987.0 170 190
988.5 18 64
988.5 18 77
990.0 85 91
990.0 86 87
991.5 19 54
991.5 19 55
993.0 109 153
993.0 109 154
994.5 18 22
994.5 18 23
996.0 137 139
996.0 137 140
997.5 118 125
997.5 118 126
999.0 103 107
999.0 103 108
1000.5 94 104
1000.5 94 105
1002.0 39 63
1002.0 40 41
1003.5 86 90
1003.5 86 91
1005.0 21 63
1005.0 22 23
1006.5 23 57
1006.5 23 58
1008.0 98 100
1008.0 98 101
1009.5 41 59
1009.5 41 60
1011.0 66 71
1011.0 66 72
1012.5 113 149
1012.5 113 150
1014.0 58 61
1014.0 58 62
1015.5 19 35
1015.5 19 36
1017.0 8 10
1017.0 8 11
1018.5 185 186
1018.5 185 187
1020.0 81 86
1020.0 81 87
1021.5 101 106
1021.5 101 107
1023.0 45 63
1023.0 46 47
1024.5 92 105
1024.5 92 106
1026.0 11 13
1026.0 11 14
1027.5 47 54
1027.5 47 55
1029.0 18 58
1029.0 18 59
1030.5 10 15
1030.5 10 16
1032.0 117 125
1032.0 117 126
1033.5 170 193
1033.5 170 194
1035.0 81 88
1035.0 81 89
1036.5 81 92
1036.5 82 83
1038.0 115 149
1038.0 115 150
1039.5 118 127
1039.5 118 128
1041.0 154 161
1041.0 154 162
1042.5 160 162
1042.5 160 163
1044.0 128 129
1044.0 128 153
1045.5 74 76
1045.5 75 76
1047.0 123 125
1047.0 123 126
1048.5 45 59
1048.5 45 60
1050.0 171 191
1050.0 171 192
1051.5 134 149
1051.5 134 150
1053.0 30 32
1053.0 30 33
1054.5 182 187
1054.5 182 188
1056.0 17 18
1056.0 17 61
1057.5 112 117
1057.5 112 118
1059.0 145 151
1059.0 145 152
1060.5 116 149
1060.5 116 150
1062.0 157 163
1062.0 157 164
1063.5 135 147
1063.5 135 148
1065.0 47 60
1065.0 47 61
1066.5 22 41
1066.5 22 55
1068.0 156 162
1068.0 156 163
1069.5 110 149
1069.5 110 150
1071.0 88 89
1071.0 88 90
1072.5 67 69
1072.5 67 70
1074.0 29 34
1074.0 29 35
1075.5 92 101
1075.5 92 102
1077.0 172 196
1077.0 172 197
1078.5 173 174
1078.5 173 175
1080.0 2 5
1080.0 2 6
1081.5 155 156
1081.5 155 157
1083.0 8 16
1083.0 8 17
1084.5 111 132
1084.5 111 143
1086.0 111 124
1086.0 111 125
1087.5 171 187
1087.5 171 188
1089.0 22 56
1089.0 22 57
1090.5 108 169
1090.5 108 170
1092.0 156 166
1092.0 156 167
1093.5 174 176
1093.5 174 177
1095.0 180 187
1095.0 180 188
1096.5 18 34
1096.5 18 35
1098.0 147 150
1098.0 147 151
1099.5 110 170
1099.5 111 112
1101.0 174 193
1101.0 174 194
1102.5 3 13
1102.5 3 14
1104.0 96 105
1104.0 96 106
1105.5 42 62
1105.5 42 63
1107.0 18 40
1107.0 18 41
1108.5 158 163
1108.5 158 164
1110.0 180 191
1110.0 181 182
1111.5 136 151
1111.5 136 152
1113.0 99 101
1113.0 99 102
1114.5 177 192
1114.5 178 179
1116.0 19 41
1116.0 19 42
1117.5 117 148
1117.5 117 149
1119.0 65 76
1119.0 65 77
1120.5 119 152
1120.5 119 153
1122.0 78 90
1122.0 78 91
1123.5 155 170
1123.5 156 157
1125.0 19 33
1125.0 19 34
1126.5 158 167
1126.5 158 168
1128.0 82 86
1128.0 82 87
1129.5 156 158
1129.5 156 159
1131.0 94 108
1131.0 95 96
1132.5 99 107
1132.5 99 108
1134.0 176 192
1134.0 176 193
1135.5 3 9
1135.5 3 10
1137.0 110 125
1137.0 110 126
1138.5 18 54
1138.5 18 55
1140.0 180 189
1140.0 180 190
1141.5 163 169
1141.5 164 165
1143.0 163 165
1143.0 163 166
1144.5 39 61
1144.5 39 62
1146.0 120 123
1146.0 120 124
1147.5 132 142
1147.5 132 143
1149.0 21 40
1149.0 21 41
1150.5 92 93
1150.5 92 100
1152.0 82 90
1152.0 82 91
1153.5 11 15
1153.5 11 16
1155.0 97 98
1155.0 97 99
1156.5 46 60
1156.5 46 61
1158.0 86 88
1158.0 86 89
1159.5 117 129
1159.5 117 130
1161.0 93 100
1161.0 93 101
1162.5 102 108
1162.5 103 104
1164.0 114 126
1164.0 114 127
1165.5 7 17
1165.5 8 9
1167.0 113 114
1167.0 113 115
1168.5 49 55
1168.5 50 51
1170.0 18 38
1170.0 18 39
1171.5 2 13
1171.5 2 14
1173.0 113 145
1173.0 113 146
1174.5 173 178
1174.5 173 179
1176.0 25 36
1176.0 25 37
1177.5 21 42
1177.5 21 54
1179.0 93 96
1179.0 93 97
1180.5 78 88
1180.5 78 89
1182.0 117 127
1182.0 117 128
1183.5 21 57
1183.5 21 58
1185.0 57 60
1185.0 57 61
