0 181 185
0 181 186
1.5 130 145
1.5 130 146
3.0 157 159
3.0 157 160
4.5 111 128
4.5 111 129
6.0 114 128
6.0 114 129
7.5 132 144
7.5 132 145
9.0 110 147
9.0 110 148
10.5 108 151
10.5 108 152
12.0 100 107
12.0 100 108
13.5 172 194
13.5 172 195
15.0 98 102
15.0 98 103
16.5 192 193
16.5 193 194
18.0 122 125
18.0 122 126
19.5 132 150
19.5 132 151
21.0 119 128
21.0 119 129
22.5 110 151
22.5 110 152
24.0 179 189
24.0 179 190
25.5 109 110
25.5 109 113
27.0 130 147
27.0 130 148
28.5 21 24
28.5 21 25
30.0 94 104
30.0 94 105
31.5 71 73
31.5 71 74
33.0 44 61
33.0 44 62
34.5 7 9
34.5 7 10
36.0 154 169
36.0 154 170
37.5 85 91
37.5 86 87
39.0 110 145
39.0 110 146
40.5 162 167
40.5 162 168
42.0 74 76
42.0 75 76
43.5 131 153
43.5 132 133
45.0 22 56
45.0 22 57
46.5 6 15
46.5 6 16
48.0 19 23
48.0 19 24
49.5 146 150
49.5 146 151
51.0 66 67
51.0 66 68
52.5 109 129
52.5 109 130
54.0 155 160
54.0 155 161
55.5 161 162
55.5 161 163
57.0 132 148
57.0 132 149
58.5 68 72
58.5 68 73
60.0 95 101
60.0 95 102
61.5 84 87
61.5 84 88
63.0 131 149
63.0 131 150
64.5 18 22
64.5 18 23
66.0 194 195
66.0 195 196
67.5 160 168
67.5 160 169
69.0 18 26
69.0 18 27
70.5 29 34
70.5 29 35
72.0 154 163
72.0 154 164
73.5 148 149
73.5 148 150
75.0 172 179
75.0 172 180
76.5 128 129
76.5 128 153
78.0 122 123
78.0 122 124
79.5 97 106
79.5 97 107
81.0 68 70
81.0 68 71
82.5 170 178
82.5 170 179
84.0 117 125
84.0 117 126
85.5 25 40
85.5 25 56
87.0 21 42
87.0 21 54
88.5 118 127
88.5 118 128
90.0 36 37
90.0 37 38
91.5 109 131
91.5 109 132
93.0 178 191
93.0 178 192
94.5 130 131
94.5 130 144
96.0 112 146
96.0 112 147
97.5 8 14
97.5 8 15
99.0 18 56
99.0 18 57
100.5 48 63
100.5 49 50
102.0 46 60
102.0 46 61
103.5 111 117
103.5 111 118
105.0 24 37
105.0 24 38
106.5 175 191
106.5 175 192
108.0 56 60
108.0 56 61
109.5 96 107
109.5 96 108
111.0 155 164
111.0 155 165
112.5 112 113
112.5 112 114
114.0 94 102
114.0 94 103
115.5 182 183
115.5 182 184
117.0 157 169
117.0 157 170
118.5 170 185
118.5 170 186
120.0 179 180
120.0 179 186
121.5 159 165
121.5 159 166
123.0 104 105
123.0 104 106
124.5 135 153
124.5 136 137
126.0 70 75
126.0 70 76
127.5 25 61
127.5 25 62
129.0 135 141
129.0 135 142
130.5 20 61
130.5 20 62
132.0 44 57
132.0 44 58
133.5 69 70
133.5 69 71
135.0 65 74
135.0 65 75
136.5 86 88
136.5 86 89
138.0 40 63
138.0 41 42
139.5 24 62
139.5 24 63
141.0 42 54
141.0 42 55
142.5 133 143
142.5 133 144
144.0 72 75
144.0 72 76
145.5 72 73
145.5 72 74
147.0 99 107
147.0 99 108
148.5 7 15
148.5 7 16
150.0 146 152
150.0 146 153
151.5 84 89
151.5 84 90
153.0 115 147
153.0 115 148
154.5 45 57
154.5 45 58
156.0 110 115
156.0 110 116
157.5 20 43
157.5 20 54
159.0 174 176
159.0 174 177
160.5 134 143
160.5 134 144
162.0 67 77
162.0 68 69
163.5 25 26
163.5 25 35
165.0 66 71
165.0 66 72
166.5 79 87
166.5 79 88
168.0 147 152
168.0 147 153
169.5 3 11
169.5 3 12
171.0 47 62
171.0 47 63
172.5 66 77
172.5 67 68
174.0 112 152
174.0 112 153
175.5 95 105
175.5 95 106
177.0 71 75
177.0 71 76
178.5 170 187
178.5 170 188
180.0 83 88
180.0 83 89
181.5 19 43
181.5 19 44
183.0 83 84
183.0 83 85
184.5 108 169
184.5 108 170
186.0 10 17
186.0 11 12
187.5 119 126
187.5 119 127
189.0 65 72
189.0 65 73
190.5 145 153
190.5 146 147
192.0 159 169
192.0 160 161
193.5 112 131
193.5 112 143
195.0 4 6
195.0 4 7
196.5 136 142
196.5 136 143
198.0 116 145
198.0 116 146
199.5 69 74
199.5 69 75
201.0 111 126
201.0 111 127
202.5 62 63
202.5 63 64
204.0 178 189
204.0 178 190
205.5 20 41
205.5 20 42
207.0 115 145
207.0 115 146
208.5 27 37
208.5 27 38
210.0 5 8
210.0 5 9
211.5 6 13
211.5 6 14
213.0 23 39
213.0 23 40
214.5 2 11
214.5 2 12
216.0 101 106
216.0 101 107
217.5 155 168
217.5 155 169
219.0 9 12
219.0 9 13
220.5 44 59
220.5 44 60
222.0 4 12
222.0 4 13
223.5 139 140
223.5 139 141
225.0 131 151
225.0 131 152
226.5 65 68
226.5 65 69
228.0 24 56
228.0 24 57
229.5 102 106
229.5 102 107
231.0 172 173
231.0 172 174
232.5 121 122
232.5 121 123
234.0 110 143
234.0 110 144
235.5 18 34
235.5 18 35
237.0 79 83
237.0 79 84
238.5 5 16
238.5 5 17
240.0 135 145
240.0 135 146
241.5 144 151
241.5 144 152
243.0 69 76
243.0 69 77
244.5 48 49
244.5 48 50
246.0 11 15
246.0 11 16
247.5 134 141
247.5 134 142
249.0 84 85
249.0 84 86
250.5 141 142
250.5 142 143
252.0 21 26
252.0 21 27
253.5 159 167
253.5 159 168
255.0 116 149
255.0 116 150
256.5 196 197
256.5 197 198
258.0 2 9
258.0 2 10
259.5 44 63
259.5 45 46
261.0 135 147
261.0 135 148
262.5 43 63
262.5 44 45
264.0 82 90
264.0 82 91
265.5 109 123
265.5 109 124
267.0 64 72
267.0 64 73
268.5 183 188
268.5 183 189
270.0 114 151
270.0 114 152
271.5 93 100
271.5 93 101
273.0 20 37
273.0 20 38
274.5 47 56
274.5 47 57
276.0 22 41
276.0 22 55
277.5 162 169
277.5 163 164
279.0 43 59
279.0 43 60
280.5 102 108
280.5 103 104
282.0 95 97
282.0 95 98
283.5 136 149
283.5 136 150
285.0 59 60
285.0 59 61
286.5 111 144
286.5 111 145
288.0 170 191
288.0 170 192
289.5 114 149
289.5 114 150
291.0 111 148
291.0 111 149
292.5 92 93
292.5 92 100
294.0 17 64
294.0 17 77
295.5 29 32
295.5 29 33
297.0 97 98
297.0 97 99
298.5 160 164
298.5 160 165
300.0 43 61
300.0 43 62
301.5 80 91
301.5 80 92
303.0 3 17
303.0 4 5
304.5 173 196
304.5 174 175
306.0 137 139
306.0 137 140
307.5 20 63
307.5 20 64
309.0 108 153
309.0 108 154
310.5 24 39
310.5 24 40
312.0 39 63
312.0 40 41
313.5 111 124
313.5 111 125
315.0 109 143
315.0 109 144
316.5 157 165
316.5 157 166
318.0 115 127
318.0 115 128
319.5 1 17
319.5 2 3
321.0 90 91
321.0 91 92
322.5 17 62
322.5 17 63
324.0 136 144
324.0 136 145
325.5 98 104
325.5 98 105
327.0 113 153
327.0 114 115
328.5 113 147
328.5 113 148
330.0 138 141
330.0 138 142
331.5 58 59
331.5 58 60
333.0 27 60
333.0 27 61
334.5 158 165
334.5 158 166
336.0 176 192
336.0 176 193
337.5 172 186
337.5 172 187
339.0 129 150
339.0 129 151
340.5 18 44
340.5 18 53
342.0 133 153
342.0 134 135
343.5 53 54
343.5 54 55
345.0 175 187
345.0 175 188
346.5 9 16
346.5 9 17
348.0 2 7
348.0 2 8
349.5 41 57
349.5 41 58
351.0 64 76
351.0 64 77
352.5 20 59
352.5 20 60
354.0 101 102
354.0 101 103
355.5 173 190
355.5 173 191
357.0 11 13
357.0 11 14
358.5 110 133
358.5 110 142
360.0 168 169
360.0 169 170
361.5 170 189
361.5 170 190
363.0 171 185
363.0 171 186
364.5 145 151
364.5 145 152
366.0 5 14
366.0 5 15
367.5 5 10
367.5 5 11
369.0 73 74
369.0 73 75
370.5 23 35
370.5 23 36
372.0 24 58
372.0 24 59
373.5 81 84
373.5 81 85
375.0 57 60
375.0 57 61
376.5 21 40
376.5 21 41
378.0 3 5
378.0 3 6
379.5 84 91
379.5 85 86
381.0 155 170
381.0 156 157
382.5 66 75
382.5 66 76
384.0 28 29
384.0 28 33
385.5 18 42
385.5 18 43
387.0 109 151
387.0 109 152
388.5 42 60
388.5 42 61
390.0 26 34
390.0 26 35
391.5 22 24
391.5 22 25
393.0 60 62
393.0 61 62
394.5 175 177
394.5 175 178
396.0 163 165
396.0 163 166
397.5 118 125
397.5 118 126
399.0 43 57
399.0 43 58
400.5 156 168
400.5 156 169
402.0 110 125
402.0 110 126
403.5 156 160
403.5 156 161
405.0 3 9
405.0 3 10
406.5 173 188
406.5 173 189
408.0 20 55
408.0 20 56
409.5 156 164
409.5 156 165
411.0 41 61
411.0 41 62
412.5 132 146
412.5 132 147
414.0 112 127
414.0 112 128
415.5 17 18
415.5 17 61
417.0 172 175
417.0 172 176
418.5 171 180
418.5 171 181
420.0 172 190
420.0 172 191
421.5 112 125
421.5 112 126
423.0 28 36
423.0 28 37
424.5 170 193
424.5 170 194
426.0 9 10
426.0 9 11
427.5 83 90
427.5 83 91
429.0 94 108
429.0 95 96
430.5 39 40
430.5 39 56
432.0 130 151
432.0 130 152
433.5 143 144
433.5 144 145
435.0 77 92
435.0 77 108
436.5 30 34
436.5 30 35
438.0 136 140
438.0 136 141
439.5 18 40
439.5 18 41
441.0 18 24
441.0 18 25
442.5 157 161
442.5 157 162
444.0 188 189
444.0 189 190
445.5 100 101
445.5 100 102
447.0 106 107
447.0 107 108
448.5 43 44
448.5 43 54
450.0 48 53
450.0 48 54
451.5 42 62
451.5 42 63
453.0 13 16
453.0 13 17
454.5 158 159
454.5 158 160
456.0 109 147
456.0 109 148
457.5 134 145
457.5 134 146
459.0 113 149
459.0 113 150
460.5 19 62
460.5 19 63
462.0 21 34
462.0 21 35
463.5 123 125
463.5 123 126
465.0 185 186
465.0 185 187
466.5 87 88
466.5 87 89
468.0 12 16
468.0 12 17
469.5 116 147
469.5 116 148
471.0 41 59
471.0 41 60
472.5 170 171
472.5 170 177
474.0 137 141
474.0 137 142
475.5 26 57
475.5 26 58
477.0 48 51
477.0 48 52
478.5 117 148
478.5 117 149
480.0 48 61
480.0 48 62
481.5 113 116
481.5 113 117
483.0 27 62
483.0 27 63
484.5 172 177
484.5 172 178
486.0 171 176
486.0 171 177
487.5 46 52
487.5 46 53
489.0 19 56
489.0 19 57
490.5 111 113
490.5 111 114
492.0 172 192
492.0 172 193
493.5 115 151
493.5 115 152
495.0 117 150
495.0 117 151
496.5 48 55
496.5 48 56
498.0 86 90
498.0 86 91
499.5 82 86
499.5 82 87
501.0 92 103
501.0 92 104
502.5 110 117
502.5 110 118
504.0 175 189
504.0 175 190
505.5 9 14
505.5 9 15
507.0 113 151
507.0 113 152
508.5 4 14
508.5 4 15
510.0 111 150
510.0 111 151
511.5 49 51
511.5 49 52
513.0 21 55
513.0 21 56
514.5 18 62
514.5 18 63
516.0 22 62
516.0 22 63
517.5 170 180
517.5 170 181
519.0 110 111
519.0 110 112
520.5 57 58
520.5 57 59
522.0 173 178
522.0 173 179
523.5 46 62
523.5 46 63
525.0 115 129
525.0 115 130
526.5 26 38
526.5 26 39
528.0 93 98
528.0 93 99
529.5 98 100
529.5 98 101
531.0 126 127
531.0 127 128
532.5 18 36
532.5 18 37
534.0 173 174
534.0 173 175
535.5 22 39
535.5 22 40
537.0 159 161
537.0 159 162
538.5 113 125
538.5 113 126
540.0 155 156
540.0 155 157
541.5 133 151
541.5 133 152
543.0 21 36
543.0 21 37
544.5 171 193
544.5 171 194
546.0 24 60
546.0 24 61
547.5 82 88
547.5 82 89
549.0 97 108
549.0 98 99
550.5 112 129
550.5 112 130
552.0 112 148
552.0 112 149
553.5 95 103
553.5 95 104
555.0 20 57
555.0 20 58
556.5 116 151
556.5 116 152
558.0 116 125
558.0 116 126
559.5 184 187
559.5 184 188
561.0 171 172
561.0 171 173
562.5 110 113
562.5 110 114
564.0 3 7
564.0 3 8
565.5 8 10
565.5 8 11
567.0 117 127
567.0 117 128
568.5 113 145
568.5 113 146
570.0 137 152
570.0 137 153
571.5 67 71
571.5 67 72
573.0 114 147
573.0 114 148
574.5 113 131
574.5 113 144
576.0 85 87
576.0 85 88
577.5 99 103
577.5 99 104
579.0 79 89
579.0 79 90
580.5 80 89
580.5 80 90
582.0 155 162
582.0 155 163
583.5 93 94
583.5 93 95
585.0 153 154
585.0 153 170
586.5 18 64
586.5 18 77
588.0 26 63
588.0 27 28
589.5 111 115
589.5 111 116
591.0 18 54
591.0 18 55
592.5 6 7
592.5 6 8
594.0 100 105
594.0 100 106
595.5 40 57
595.5 40 58
597.0 1 15
597.0 1 16
598.5 19 92
598.5 19 108
600.0 30 32
600.0 30 33
601.5 118 129
601.5 118 149
603.0 178 187
603.0 178 188
604.5 47 48
604.5 47 51
606.0 5 6
606.0 5 7
607.5 113 129
607.5 113 130
609.0 182 189
609.0 182 190
610.5 138 139
610.5 138 140
612.0 116 129
612.0 116 130
613.5 171 189
613.5 171 190
615.0 172 196
615.0 172 197
616.5 114 116
616.5 114 125
618.0 6 9
618.0 6 10
619.5 118 119
619.5 118 124
621.0 180 187
621.0 180 188
622.5 134 147
622.5 134 148
624.0 19 21
624.0 19 22
625.5 113 127
625.5 113 128
627.0 181 189
627.0 181 190
628.5 45 55
628.5 45 56
630.0 98 108
630.0 99 100
631.5 104 107
631.5 104 108
633.0 112 144
633.0 112 145
634.5 10 11
634.5 10 12
636.0 78 86
636.0 78 87
637.5 179 187
637.5 179 188
639.0 45 61
639.0 45 62
640.5 92 101
640.5 92 102
642.0 120 125
642.0 120 126
643.5 174 189
643.5 174 190
645.0 173 186
645.0 173 187
646.5 155 166
646.5 155 167
648.0 4 10
648.0 4 11
649.5 114 126
649.5 114 127
651.0 19 64
651.0 19 77
652.5 198 199
654.0 30 36
654.0 30 37
655.5 136 146
655.5 136 148
657.0 80 83
657.0 80 84
658.5 92 107
658.5 92 108
660.0 170 195
660.0 170 196
661.5 23 57
661.5 23 58
663.0 183 186
663.0 183 187
664.5 171 174
664.5 171 175
666.0 20 25
666.0 20 26
667.5 111 130
667.5 111 131
669.0 110 127
669.0 110 128
670.5 162 163
670.5 162 164
672.0 109 125
672.0 109 126
673.5 79 91
673.5 79 92
675.0 19 58
675.0 19 59
676.5 26 36
676.5 26 37
678.0 4 8
678.0 4 9
679.5 17 108
679.5 18 19
681.0 97 104
681.0 97 105
682.5 120 123
682.5 120 124
684.0 27 35
684.0 27 36
685.5 182 187
685.5 182 188
687.0 177 188
687.0 177 189
688.5 135 143
688.5 135 144
690.0 129 152
690.0 129 153
691.5 177 190
691.5 177 191
693.0 81 88
693.0 81 89
694.5 144 153
694.5 145 146
696.0 31 32
696.0 31 33
697.5 156 158
697.5 156 159
699.0 173 194
699.0 173 195
700.5 154 155
700.5 154 160
702.0 173 176
702.0 173 177
703.5 93 108
703.5 94 95
705.0 118 152
705.0 118 153
706.5 138 143
706.5 138 144
708.0 95 107
708.0 95 108
709.5 157 167
709.5 157 168
711.0 94 100
711.0 94 101
712.5 18 58
712.5 18 59
714.0 81 92
714.0 82 83
715.5 55 56
715.5 56 57
717.0 181 187
717.0 181 188
718.5 28 38
718.5 28 62
720.0 161 164
720.0 161 165
721.5 22 58
721.5 22 59
723.0 41 55
723.0 41 56
724.5 7 17
724.5 8 9
726.0 119 120
726.0 119 123
727.5 179 191
727.5 179 192
729.0 58 61
729.0 58 62
730.5 165 168
730.5 165 169
732.0 23 24
732.0 23 25
733.5 67 73
733.5 67 74
735.0 80 81
735.0 80 82
736.5 45 63
736.5 46 47
738.0 2 5
738.0 2 6
739.5 180 191
739.5 181 182
741.0 44 53
741.0 44 54
742.5 31 34
742.5 31 35
744.0 73 76
744.0 74 75
745.5 160 162
745.5 160 163
747.0 160 166
747.0 160 167
748.5 166 167
748.5 166 168
750.0 119 152
750.0 119 153
751.5 145 149
751.5 145 150
753.0 69 72
753.0 69 73
754.5 156 170
754.5 157 158
756.0 14 15
756.0 14 16
757.5 40 55
757.5 40 56
759.0 109 114
759.0 109 115
760.5 161 168
760.5 161 169
762.0 112 150
762.0 112 151
763.5 46 54
763.5 46 55
765.0 166 169
765.0 167 168
766.5 7 11
766.5 7 12
768.0 164 166
768.0 164 167
769.5 120 121
769.5 120 122
771.0 10 13
771.0 10 14
772.5 131 147
772.5 131 148
774.0 112 117
774.0 112 118
775.5 93 104
775.5 93 105
777.0 157 163
777.0 157 164
778.5 117 146
778.5 117 147
780.0 96 103
780.0 96 104
781.5 176 177
781.5 176 187
783.0 148 153
783.0 149 150
784.5 177 192
784.5 178 179
786.0 27 39
786.0 27 59
787.5 99 101
787.5 99 102
789.0 115 149
789.0 115 150
790.5 154 165
790.5 154 166
792.0 22 37
792.0 22 38
793.5 50 54
793.5 51 52
795.0 130 153
795.0 131 132
796.5 81 86
796.5 81 87
798.0 101 104
798.0 101 105
799.5 2 15
799.5 2 16
801.0 184 185
801.0 184 186
802.5 21 38
802.5 21 39
804.0 40 61
804.0 40 62
805.5 146 148
805.5 146 149
807.0 78 90
807.0 78 91
808.5 102 104
808.5 102 105
810.0 64 65
810.0 64 71
811.5 23 59
811.5 23 60
813.0 117 152
813.0 117 153
814.5 20 27
814.5 20 34
816.0 170 197
816.0 170 198
817.5 82 84
817.5 82 85
819.0 8 16
819.0 8 17
820.5 88 89
820.5 88 90
822.0 109 133
822.0 109 142
823.5 121 126
823.5 121 127
825.0 96 99
825.0 96 100
826.5 109 145
826.5 109 146
828.0 171 197
828.0 171 198
829.5 47 60
829.5 47 61
831.0 180 189
831.0 180 190
832.5 131 143
832.5 131 144
834.0 158 163
834.0 158 164
835.5 64 74
835.5 64 75
837.0 15 16
837.0 16 17
838.5 22 60
838.5 22 61
840.0 117 129
840.0 117 130
841.5 154 167
841.5 154 168
843.0 115 153
843.0 116 117
844.5 81 90
844.5 81 91
846.0 78 88
846.0 78 89
847.5 119 124
847.5 119 125
849.0 151 152
849.0 152 153
850.5 39 59
850.5 39 60
852.0 7 13
852.0 7 14
853.5 136 151
853.5 136 152
855.0 110 170
855.0 111 112
856.5 183 184
856.5 183 185
858.0 171 187
858.0 171 188
859.5 172 188
859.5 172 189
861.0 18 91
861.0 18 92
862.5 28 63
862.5 29 30
864.0 23 37
864.0 23 38
865.5 133 147
865.5 133 148
867.0 163 167
867.0 163 168
868.5 115 125
868.5 115 126
870.0 111 132
870.0 111 143
871.5 94 98
871.5 94 99
873.0 2 17
873.0 3 4
874.5 147 148
874.5 147 149
876.0 81 82
876.0 81 83
877.5 111 146
877.5 111 147
879.0 110 119
879.0 110 124
880.5 147 150
880.5 147 151
882.0 190 191
882.0 191 192
883.5 114 130
883.5 114 144
885.0 65 70
885.0 65 71
886.5 47 58
886.5 47 59
888.0 43 55
888.0 43 56
889.5 31 36
889.5 32 33
891.0 109 153
891.0 109 154
892.5 174 193
892.5 174 194
894.0 150 151
894.0 150 152
895.5 1 13
895.5 1 14
897.0 96 97
897.0 96 98
898.5 18 108
898.5 19 20
900.0 70 71
900.0 70 72
901.5 109 116
901.5 109 117
903.0 42 56
903.0 42 57
904.5 11 17
904.5 12 13
906.0 162 165
906.0 162 166
907.5 97 100
907.5 97 101
909.0 19 33
909.0 19 34
910.5 158 169
910.5 159 160
912.0 137 143
912.0 137 144
913.5 12 14
913.5 12 15
915.0 122 127
915.0 123 124
916.5 19 27
916.5 19 28
918.0 20 21
918.0 20 22
919.5 131 145
919.5 131 146
921.0 148 151
921.0 148 152
922.5 4 16
922.5 4 17
924.0 10 15
924.0 10 16
925.5 149 151
925.5 149 152
927.0 29 38
927.0 30 31
928.5 161 166
928.5 161 167
930.0 19 37
930.0 19 38
931.5 64 92
931.5 64 108
933.0 100 103
933.0 100 104
934.5 27 33
934.5 27 34
936.0 70 73
936.0 70 74
937.5 92 105
937.5 92 106
939.0 93 102
939.0 93 103
940.5 40 59
940.5 40 60
942.0 110 129
942.0 110 130
943.5 0 1
943.5 1 2
945.0 5 12
945.0 5 13
946.5 180 181
946.5 180 186
948.0 18 28
948.0 18 33
949.5 25 63
949.5 26 27
951.0 3 15
951.0 3 16
952.5 24 35
952.5 24 36
954.0 20 23
954.0 20 24
955.5 137 145
955.5 137 151
957.0 68 76
957.0 68 77
958.5 49 53
958.5 49 54
960.0 79 81
960.0 79 82
961.5 46 56
961.5 46 57
963.0 23 55
963.0 23 56
964.5 59 62
964.5 60 61
966.0 44 55
966.0 44 56
967.5 171 195
967.5 171 196
969.0 164 168
969.0 164 169
970.5 175 193
970.5 175 194
972.0 95 99
972.0 95 100
973.5 154 161
973.5 154 162
975.0 25 38
975.0 25 39
976.5 78 79
976.5 78 83
978.0 19 54
978.0 19 55
979.5 20 35
979.5 20 36
981.0 19 35
981.0 19 36
982.5 113 114
982.5 113 115
984.0 163 169
984.0 164 165
985.5 18 38
985.5 18 39
987.0 171 191
987.0 171 192
988.5 136 153
988.5 137 138
990.0 49 55
990.0 50 51
991.5 88 91
991.5 89 90
993.0 109 149
993.0 109 150
994.5 21 57
994.5 21 58
996.0 25 57
996.0 25 58
997.5 121 124
997.5 121 125
999.0 103 107
999.0 103 108
1000.5 94 96
1000.5 94 97
1002.0 133 145
1002.0 133 146
1003.5 156 162
1003.5 156 163
1005.0 21 61
1005.0 21 62
1006.5 79 85
1006.5 79 86
1008.0 19 39
1008.0 19 40
1009.5 114 145
1009.5 114 146
1011.0 25 59
1011.0 25 60
1012.5 124 125
1012.5 125 126
1014.0 94 106
1014.0 94 107
1015.5 76 77
1015.5 77 78
1017.0 68 74
1017.0 68 75
1018.5 93 96
1018.5 93 97
1020.0 67 69
1020.0 67 70
1021.5 118 150
1021.5 118 151
1023.0 80 87
1023.0 80 88
1024.5 158 167
1024.5 158 168
1026.0 135 149
1026.0 135 150
1027.5 19 25
1027.5 19 26
1029.0 46 58
1029.0 46 59
1030.5 22 35
1030.5 22 36
1032.0 134 149
1032.0 134 150
1033.5 8 12
1033.5 8 13
1035.0 38 62
1035.0 38 63
1036.5 186 187
1036.5 187 188
1038.0 110 149
1038.0 110 150
1039.5 6 11
1039.5 6 12
1041.0 110 131
1041.0 110 132
1042.5 42 58
1042.5 42 59
1044.0 114 153
1044.0 115 116
1045.5 67 75
1045.5 67 76
1047.0 133 149
1047.0 133 150
1048.5 18 60
1048.5 18 61
1050.0 23 61
1050.0 23 62
1051.5 50 52
1051.5 50 53
1053.0 70 77
1053.0 71 72
1054.5 171 178
1054.5 171 179
1056.0 45 53
1056.0 45 54
1057.5 134 153
1057.5 135 136
1059.0 32 34
1059.0 32 35
1060.5 56 62
1060.5 56 63
1062.0 120 127
1062.0 120 128
1063.5 26 61
1063.5 26 62
1065.0 51 53
1065.0 52 53
1066.5 22 26
1066.5 22 34
1068.0 176 190
1068.0 176 191
1069.5 139 142
1069.5 139 143
1071.0 33 34
1071.0 33 35
1072.5 133 134
1072.5 133 142
1074.0 129 148
1074.0 129 149
1075.5 3 13
1075.5 3 14
1077.0 103 105
1077.0 103 106
1078.5 130 149
1078.5 130 150
1080.0 174 187
1080.0 174 188
1081.5 77 90
1081.5 77 91
1083.0 78 92
1083.0 79 80
1084.5 85 89
1084.5 85 90
1086.0 87 90
1086.0 87 91
1087.5 96 101
1087.5 96 102
1089.0 134 151
1089.0 134 152
1090.5 109 118
1090.5 109 119
1092.0 29 36
1092.0 29 37
1093.5 2 13
1093.5 2 14
1095.0 26 59
1095.0 26 60
1096.5 177 178
1096.5 177 187
1098.0 6 17
1098.0 7 8
1099.5 97 102
1099.5 97 103
1101.0 65 76
1101.0 65 77
1102.5 112 115
1102.5 112 116
1104.0 116 153
1104.0 117 118
1105.5 21 22
1105.5 21 23
1107.0 98 106
1107.0 98 107
1108.5 155 158
1108.5 155 159
1110.0 109 127
1110.0 109 128
1111.5 176 188
1111.5 176 189
1113.0 135 151
1113.0 135 152
1114.5 57 62
1114.5 57 63
1116.0 20 39
1116.0 20 40
1117.5 65 66
1117.5 65 67
1119.0 38 39
1119.0 38 61
1120.5 140 141
1120.5 140 142
1122.0 80 85
1122.0 80 86
1123.5 39 61
1123.5 39 62
1125.0 132 142
1125.0 132 143
1126.5 156 166
1126.5 156 167
1128.0 19 60
1128.0 19 61
1129.5 174 191
1129.5 174 192
1131.0 101 108
1131.0 102 103
1132.5 28 34
1132.5 28 35
1134.0 66 73
1134.0 66 74
1135.5 110 153
1135.5 110 154
1137.0 21 59
1137.0 21 60
1138.5 78 84
1138.5 78 85
1140.0 105 106
1140.0 105 107
1141.5 45 59
1141.5 45 60
1143.0 129 130
1143.0 129 147
1144.5 173 192
1144.5 173 193
1146.0 174 195
1146.0 175 176
1147.5 132 152
1147.5 132 153
1149.0 25 36
1149.0 25 37
1150.5 116 127
1150.5 116 128
1152.0 109 169
1152.0 109 170
1153.5 111 152
1153.5 111 153
1155.0 99 105
1155.0 99 106
1156.5 158 161
1156.5 158 162
1158.0 165 166
1158.0 165 167
1159.5 96 105
1159.5 96 106
1161.0 19 41
1161.0 19 42
1162.5 21 63
1162.5 22 23
1164.0 174 178
1164.0 174 179
1165.5 83 86
1165.5 83 87
1167.0 13 14
1167.0 13 15
1168.5 47 52
1168.5 47 53
1170.0 66 69
1170.0 66 70
1171.5 47 54
1171.5 47 55
1173.0 93 106
1173.0 93 107
1174.5 108 109
1174.5 108 150
1176.0 182 185
1176.0 182 186
1177.5 23 63
1177.5 24 25
1179.0 34 35
1179.0 35 36
1180.5 39 57
1180.5 39 58
1182.0 17 91
1182.0 17 92
1183.5 159 163
1183.5 159 164
1185.0 41 63
1185.0 42 43
