0 148 152
0 148 153
0 148 154
0 148 155
0 148 156
0 148 157
0 148 158
0 148 159
0 148 160
0 148 161
0 148 162
0 148 163
0 148 164
0 148 165
0 148 166
0 149 150
0 149 151
0 149 152
0 149 153
0 149 154
0 149 155
0 149 156
0 149 157
0 149 158
0 149 159
0 149 160
0 149 161
0 149 162
0 149 163
0 149 164
0 149 165
301 15 39
301 15 40
301 15 41
301 15 42
301 15 43
301 15 44
301 15 45
301 15 46
301 15 47
301 15 48
301 15 49
301 15 50
301 16 17
301 16 28
301 16 29
301 16 30
301 16 31
301 16 32
301 16 33
301 16 34
301 16 35
301 16 36
301 16 37
301 16 38
301 16 39
301 16 40
301 16 41
301 16 42
301 16 43
301 16 44
301 16 45
602 93 121
602 93 122
602 93 123
602 93 124
602 93 125
602 93 126
602 93 127
602 93 128
602 93 129
602 93 130
602 94 95
602 94 112
602 94 113
602 94 114
602 94 115
602 94 116
602 94 117
602 94 118
602 94 119
602 94 120
602 94 121
602 94 122
602 94 123
602 94 124
602 94 125
602 94 126
602 94 127
602 94 128
602 94 129
602 94 130
602 95 96
903 57 71
903 57 72
903 57 73
903 57 74
903 57 75
903 57 76
903 57 77
903 57 78
903 57 79
903 57 80
903 57 81
903 57 82
903 57 83
903 57 84
903 57 85
903 57 86
903 57 87
903 57 88
903 57 89
903 58 59
903 58 64
903 58 65
903 58 66
903 58 67
903 58 68
903 58 69
903 58 70
903 58 71
903 58 72
903 58 73
903 58 74
1204 54 81
1204 54 82
1204 54 83
1204 54 84
1204 54 85
1204 54 86
1204 54 87
1204 54 88
1204 54 89
1204 54 90
1204 55 56
1204 55 70
1204 55 71
1204 55 72
1204 55 73
1204 55 74
1204 55 75
1204 55 76
1204 55 77
1204 55 78
1204 55 79
1204 55 80
1204 55 81
1204 55 82
1204 55 83
1204 55 84
1204 55 85
1204 55 86
1204 55 87
1204 55 88
1204 55 89
1505 97 122
1505 97 123
1505 97 124
1505 97 125
1505 97 126
1505 97 127
1505 97 128
1505 97 129
1505 98 99
1505 98 104
1505 98 105
1505 98 106
1505 98 107
1505 98 108
1505 98 109
1505 98 110
1505 98 111
1505 98 112
1505 98 113
1505 98 114
1505 98 115
1505 98 116
1505 98 117
1505 98 118
1505 98 119
1505 98 120
1505 98 121
1505 98 122
1505 98 123
1505 98 124
1505 98 125
1806 98 126
1806 98 127
1806 98 128
1806 98 129
1806 99 100
1806 99 102
1806 99 103
1806 99 104
1806 99 105
1806 99 106
1806 99 107
1806 99 108
1806 99 109
1806 99 110
1806 99 111
1806 99 112
1806 99 113
1806 99 114
1806 99 115
1806 99 116
1806 99 117
1806 99 118
1806 99 119
1806 99 120
1806 99 121
1806 99 122
1806 99 123
1806 99 124
1806 99 125
1806 99 126
1806 99 127
2107 62 87
2107 62 88
2107 63 64
2107 63 65
2107 63 66
2107 63 67
2107 63 68
2107 63 69
2107 63 70
2107 63 71
2107 63 72
2107 63 73
2107 63 74
2107 63 75
2107 63 76
2107 63 77
2107 63 78
2107 63 79
2107 63 80
2107 63 81
2107 63 82
2107 63 83
2107 63 84
2107 63 85
2107 63 86
2107 63 87
2107 63 88
2107 64 65
2107 64 66
2107 64 67
2107 64 68
2408 73 74
2408 73 75
2408 73 76
2408 73 77
2408 73 78
2408 73 79
2408 73 80
2408 73 81
2408 73 82
2408 73 83
2408 74 75
2408 74 76
2408 74 77
2408 74 78
2408 74 79
2408 74 80
2408 74 81
2408 74 82
2408 74 83
2408 75 76
2408 75 77
2408 75 78
2408 75 79
2408 75 80
2408 75 81
2408 75 82
2408 76 77
2408 76 78
2408 76 79
2408 76 80
2408 76 81
2709 19 26
2709 19 27
2709 19 28
2709 19 29
2709 19 30
2709 19 31
2709 19 32
2709 19 33
2709 19 34
2709 19 35
2709 19 36
2709 19 37
2709 19 38
2709 19 39
2709 19 40
2709 19 41
2709 19 42
2709 19 43
2709 19 44
2709 19 45
2709 19 46
2709 19 47
2709 19 48
2709 19 49
2709 20 21
2709 20 22
2709 20 23
2709 20 24
2709 20 25
2709 20 26
2709 20 27
3010 13 50
3010 14 15
3010 14 32
3010 14 33
3010 14 34
3010 14 35
3010 14 36
3010 14 37
3010 14 38
3010 14 39
3010 14 40
3010 14 41
3010 14 42
3010 14 43
3010 14 44
3010 14 45
3010 14 46
3010 14 47
3010 14 48
3010 14 49
3010 14 50
3010 15 16
3010 15 30
3010 15 31
3010 15 32
3010 15 33
3010 15 34
3010 15 35
3010 15 36
3010 15 37
3010 15 38
3311 101 102
3311 101 103
3311 101 104
3311 101 105
3311 101 106
3311 101 107
3311 101 108
3311 101 109
3311 101 110
3311 101 111
3311 101 112
3311 101 113
3311 101 114
3311 101 115
3311 101 116
3311 101 117
3311 101 118
3311 101 119
3311 101 120
3311 101 121
3311 101 122
3311 101 123
3311 101 124
3311 101 125
3311 101 126
3311 101 127
3311 101 128
3311 102 103
3311 102 104
3311 102 105
3311 102 106
3612 187 199
3612 188 189
3612 188 190
3612 188 191
3612 188 192
3612 188 193
3612 188 194
3612 188 195
3612 188 196
3612 188 197
3612 188 198
3612 188 199
3612 189 190
3612 189 191
3612 189 192
3612 189 193
3612 189 194
3612 189 195
3612 189 196
3612 189 197
3612 189 198
3612 189 199
3612 190 191
3612 190 192
3612 190 193
3612 190 194
3612 190 195
3612 190 196
3612 190 197
3612 190 198
3612 190 199
3913 55 90
3913 56 57
3913 56 68
3913 56 69
3913 56 70
3913 56 71
3913 56 72
3913 56 73
3913 56 74
3913 56 75
3913 56 76
3913 56 77
3913 56 78
3913 56 79
3913 56 80
3913 56 81
3913 56 82
3913 56 83
3913 56 84
3913 56 85
3913 56 86
3913 56 87
3913 56 88
3913 56 89
3913 56 90
3913 57 58
3913 57 66
3913 57 67
3913 57 68
3913 57 69
3913 57 70
4214 16 46
4214 16 47
4214 16 48
4214 16 49
4214 16 50
4214 17 18
4214 17 26
4214 17 27
4214 17 28
4214 17 29
4214 17 30
4214 17 31
4214 17 32
4214 17 33
4214 17 34
4214 17 35
4214 17 36
4214 17 37
4214 17 38
4214 17 39
4214 17 40
4214 17 41
4214 17 42
4214 17 43
4214 17 44
4214 17 45
4214 17 46
4214 17 47
4214 17 48
4214 17 49
4214 18 19
4515 138 146
4515 138 147
4515 138 148
4515 138 149
4515 138 150
4515 138 151
4515 138 152
4515 138 153
4515 138 154
4515 138 155
4515 138 156
4515 138 157
4515 138 158
4515 138 159
4515 138 160
4515 138 161
4515 138 162
4515 138 163
4515 138 164
4515 138 165
4515 138 166
4515 138 167
4515 138 168
4515 138 169
4515 139 140
4515 139 142
4515 139 143
4515 139 144
4515 139 145
4515 139 146
4515 139 147
4816 106 108
4816 106 109
4816 106 110
4816 106 111
4816 106 112
4816 106 113
4816 106 114
4816 106 115
4816 106 116
4816 106 117
4816 106 118
4816 106 119
4816 106 120
4816 106 121
4816 106 122
4816 106 123
4816 106 124
4816 106 125
4816 106 126
4816 106 127
4816 107 108
4816 107 109
4816 107 110
4816 107 111
4816 107 112
4816 107 113
4816 107 114
4816 107 115
4816 107 116
4816 107 117
4816 107 118
5117 179 199
5117 180 181
5117 180 182
5117 180 183
5117 180 184
5117 180 185
5117 180 186
5117 180 187
5117 180 188
5117 180 189
5117 180 190
5117 180 191
5117 180 192
5117 180 193
5117 180 194
5117 180 195
5117 180 196
5117 180 197
5117 180 198
5117 180 199
5117 181 182
5117 181 183
5117 181 184
5117 181 185
5117 181 186
5117 181 187
5117 181 188
5117 181 189
5117 181 190
5117 181 191
5117 181 192
5418 104 120
5418 104 121
5418 104 122
5418 104 123
5418 104 124
5418 104 125
5418 104 126
5418 104 127
5418 105 106
5418 105 107
5418 105 108
5418 105 109
5418 105 110
5418 105 111
5418 105 112
5418 105 113
5418 105 114
5418 105 115
5418 105 116
5418 105 117
5418 105 118
5418 105 119
5418 105 120
5418 105 121
5418 105 122
5418 105 123
5418 105 124
5418 105 125
5418 105 126
5418 105 127
5418 106 107
5719 102 107
5719 102 108
5719 102 109
5719 102 110
5719 102 111
5719 102 112
5719 102 113
5719 102 114
5719 102 115
5719 102 116
5719 102 117
5719 102 118
5719 102 119
5719 102 120
5719 102 121
5719 102 122
5719 102 123
5719 102 124
5719 102 125
5719 102 126
5719 102 127
5719 102 128
5719 103 104
5719 103 105
5719 103 106
5719 103 107
5719 103 108
5719 103 109
5719 103 110
5719 103 111
5719 103 112
6020 107 119
6020 107 120
6020 107 121
6020 107 122
6020 107 123
6020 107 124
6020 107 125
6020 107 126
6020 108 109
6020 108 110
6020 108 111
6020 108 112
6020 108 113
6020 108 114
6020 108 115
6020 108 116
6020 108 117
6020 108 118
6020 108 119
6020 108 120
6020 108 121
6020 108 122
6020 108 123
6020 108 124
6020 108 125
6020 108 126
6020 109 110
6020 109 111
6020 109 112
6020 109 113
6020 109 114
6321 143 164
6321 143 165
6321 143 166
6321 143 167
6321 143 168
6321 144 145
6321 144 146
6321 144 147
6321 144 148
6321 144 149
6321 144 150
6321 144 151
6321 144 152
6321 144 153
6321 144 154
6321 144 155
6321 144 156
6321 144 157
6321 144 158
6321 144 159
6321 144 160
6321 144 161
6321 144 162
6321 144 163
6321 144 164
6321 144 165
6321 144 166
6321 144 167
6321 145 146
6321 145 147
6321 145 148
6622 50 84
6622 50 85
6622 50 86
6622 50 87
6622 50 88
6622 50 89
6622 50 90
6622 51 52
6622 51 80
6622 51 81
6622 51 82
6622 51 83
6622 51 84
6622 51 85
6622 51 86
6622 51 87
6622 51 88
6622 51 89
6622 51 90
6622 52 53
6622 52 77
6622 52 78
6622 52 79
6622 52 80
6622 52 81
6622 52 82
6622 52 83
6622 52 84
6622 52 85
6622 52 86
6622 52 87
6923 91 123
6923 91 124
6923 91 125
6923 91 126
6923 91 127
6923 91 128
6923 91 129
6923 91 130
6923 92 93
6923 92 117
6923 92 118
6923 92 119
6923 92 120
6923 92 121
6923 92 122
6923 92 123
6923 92 124
6923 92 125
6923 92 126
6923 92 127
6923 92 128
6923 92 129
6923 92 130
6923 93 94
6923 93 114
6923 93 115
6923 93 116
6923 93 117
6923 93 118
6923 93 119
6923 93 120
7224 103 113
7224 103 114
7224 103 115
7224 103 116
7224 103 117
7224 103 118
7224 103 119
7224 103 120
7224 103 121
7224 103 122
7224 103 123
7224 103 124
7224 103 125
7224 103 126
7224 103 127
7224 103 128
7224 104 105
7224 104 106
7224 104 107
7224 104 108
7224 104 109
7224 104 110
7224 104 111
7224 104 112
7224 104 113
7224 104 114
7224 104 115
7224 104 116
7224 104 117
7224 104 118
7224 104 119
7525 20 28
7525 20 29
7525 20 30
7525 20 31
7525 20 32
7525 20 33
7525 20 34
7525 20 35
7525 20 36
7525 20 37
7525 20 38
7525 20 39
7525 20 40
7525 20 41
7525 20 42
7525 20 43
7525 20 44
7525 20 45
7525 20 46
7525 20 47
7525 20 48
7525 20 49
7525 21 22
7525 21 23
7525 21 24
7525 21 25
7525 21 26
7525 21 27
7525 21 28
7525 21 29
7525 21 30
7826 96 117
7826 96 118
7826 96 119
7826 96 120
7826 96 121
7826 96 122
7826 96 123
7826 96 124
7826 96 125
7826 96 126
7826 96 127
7826 96 128
7826 96 129
7826 96 130
7826 97 98
7826 97 106
7826 97 107
7826 97 108
7826 97 109
7826 97 110
7826 97 111
7826 97 112
7826 97 113
7826 97 114
7826 97 115
7826 97 116
7826 97 117
7826 97 118
7826 97 119
7826 97 120
7826 97 121
8127 172 197
8127 172 198
8127 172 199
8127 173 174
8127 173 194
8127 173 195
8127 173 196
8127 173 197
8127 173 198
8127 173 199
8127 174 175
8127 174 192
8127 174 193
8127 174 194
8127 174 195
8127 174 196
8127 174 197
8127 174 198
8127 174 199
8127 175 176
8127 175 190
8127 175 191
8127 175 192
8127 175 193
8127 175 194
8127 175 195
8127 175 196
8127 175 197
8127 175 198
8127 175 199
8127 176 177
8428 178 187
8428 178 188
8428 178 189
8428 178 190
8428 178 191
8428 178 192
8428 178 193
8428 178 194
8428 178 195
8428 178 196
8428 178 197
8428 178 198
8428 178 199
8428 179 180
8428 179 182
8428 179 183
8428 179 184
8428 179 185
8428 179 186
8428 179 187
8428 179 188
8428 179 189
8428 179 190
8428 179 191
8428 179 192
8428 179 193
8428 179 194
8428 179 195
8428 179 196
8428 179 197
8428 179 198
8729 191 192
8729 191 193
8729 191 194
8729 191 195
8729 191 196
8729 191 197
8729 191 198
8729 191 199
8729 192 193
8729 192 194
8729 192 195
8729 192 196
8729 192 197
8729 192 198
8729 192 199
8729 193 194
8729 193 195
8729 193 196
8729 193 197
8729 193 198
8729 193 199
8729 194 195
8729 194 196
8729 194 197
8729 194 198
8729 194 199
8729 195 196
8729 195 197
8729 195 198
8729 195 199
8729 196 197
9030 196 198
9030 196 199
9030 197 198
9030 197 199
9030 198 199
9331 60 79
9331 60 80
9331 60 81
9331 60 82
9331 60 83
9331 60 84
9331 60 85
9331 60 86
9331 60 87
9331 60 88
9331 60 89
9331 61 62
9331 61 63
9331 61 64
9331 61 65
9331 61 66
9331 61 67
9331 61 68
9331 61 69
9331 61 70
9331 61 71
9331 61 72
9331 61 73
9331 61 74
9331 61 75
9331 61 76
9331 61 77
9331 61 78
9331 61 79
9331 61 80
9331 61 81
9632 23 42
9632 23 43
9632 23 44
9632 23 45
9632 23 46
9632 23 47
9632 23 48
9632 24 25
9632 24 26
9632 24 27
9632 24 28
9632 24 29
9632 24 30
9632 24 31
9632 24 32
9632 24 33
9632 24 34
9632 24 35
9632 24 36
9632 24 37
9632 24 38
9632 24 39
9632 24 40
9632 24 41
9632 24 42
9632 24 43
9632 24 44
9632 24 45
9632 24 46
9632 24 47
9632 25 26
9933 122 123
9933 123 124
9933 124 125
9933 125 126
9933 126 127
9933 127 128
9933 128 129
9933 129 130
9933 130 131
9933 130 164
9933 130 165
9933 130 166
9933 130 167
9933 130 168
9933 130 169
9933 130 170
9933 131 132
9933 131 160
9933 131 161
9933 131 162
9933 131 163
9933 131 164
9933 131 165
9933 131 166
9933 131 167
9933 131 168
9933 131 169
9933 131 170
9933 132 133
9933 132 157
9933 132 158
10234 155 159
10234 155 160
10234 155 161
10234 155 162
10234 156 157
10234 156 158
10234 156 159
10234 156 160
10234 156 161
10234 156 162
10234 157 158
10234 157 159
10234 157 160
10234 157 161
10234 158 159
10234 158 160
10234 158 161
10234 159 160
10234 160 161
10234 161 162
10234 162 163
10234 163 164
10234 164 165
10234 165 166
10234 166 167
10234 167 168
10234 168 169
10234 169 170
10234 170 171
10234 171 172
10234 172 173
10535 109 115
10535 109 116
10535 109 117
10535 109 118
10535 109 119
10535 109 120
10535 109 121
10535 109 122
10535 109 123
10535 109 124
10535 109 125
10535 110 111
10535 110 112
10535 110 113
10535 110 114
10535 110 115
10535 110 116
10535 110 117
10535 110 118
10535 110 119
10535 110 120
10535 110 121
10535 110 122
10535 110 123
10535 110 124
10535 110 125
10535 111 112
10535 111 113
10535 111 114
10535 111 115
10535 111 116
10836 59 77
10836 59 78
10836 59 79
10836 59 80
10836 59 81
10836 59 82
10836 59 83
10836 59 84
10836 59 85
10836 59 86
10836 59 87
10836 59 88
10836 59 89
10836 60 61
10836 60 62
10836 60 63
10836 60 64
10836 60 65
10836 60 66
10836 60 67
10836 60 68
10836 60 69
10836 60 70
10836 60 71
10836 60 72
10836 60 73
10836 60 74
10836 60 75
10836 60 76
10836 60 77
10836 60 78
11137 142 158
11137 142 159
11137 142 160
11137 142 161
11137 142 162
11137 142 163
11137 142 164
11137 142 165
11137 142 166
11137 142 167
11137 142 168
11137 143 144
11137 143 145
11137 143 146
11137 143 147
11137 143 148
11137 143 149
11137 143 150
11137 143 151
11137 143 152
11137 143 153
11137 143 154
11137 143 155
11137 143 156
11137 143 157
11137 143 158
11137 143 159
11137 143 160
11137 143 161
11137 143 162
11137 143 163
11438 135 161
11438 135 162
11438 135 163
11438 135 164
11438 135 165
11438 135 166
11438 135 167
11438 135 168
11438 135 169
11438 135 170
11438 136 137
11438 136 148
11438 136 149
11438 136 150
11438 136 151
11438 136 152
11438 136 153
11438 136 154
11438 136 155
11438 136 156
11438 136 157
11438 136 158
11438 136 159
11438 136 160
11438 136 161
11438 136 162
11438 136 163
11438 136 164
11438 136 165
11438 136 166
11438 136 167
11739 183 191
11739 183 192
11739 183 193
11739 183 194
11739 183 195
11739 183 196
11739 183 197
11739 183 198
11739 183 199
11739 184 185
11739 184 186
11739 184 187
11739 184 188
11739 184 189
11739 184 190
11739 184 191
11739 184 192
11739 184 193
11739 184 194
11739 184 195
11739 184 196
11739 184 197
11739 184 198
11739 184 199
11739 185 186
11739 185 187
11739 185 188
11739 185 189
11739 185 190
11739 185 191
11739 185 192
12040 52 88
12040 52 89
12040 52 90
12040 53 54
12040 53 74
12040 53 75
12040 53 76
12040 53 77
12040 53 78
12040 53 79
12040 53 80
12040 53 81
12040 53 82
12040 53 83
12040 53 84
12040 53 85
12040 53 86
12040 53 87
12040 53 88
12040 53 89
12040 53 90
12040 54 55
12040 54 72
12040 54 73
12040 54 74
12040 54 75
12040 54 76
12040 54 77
12040 54 78
12040 54 79
12040 54 80
12341 64 69
12341 64 70
12341 64 71
12341 64 72
12341 64 73
12341 64 74
12341 64 75
12341 64 76
12341 64 77
12341 64 78
12341 64 79
12341 64 80
12341 64 81
12341 64 82
12341 64 83
12341 64 84
12341 64 85
12341 64 86
12341 64 87
12341 65 66
12341 65 67
12341 65 68
12341 65 69
12341 65 70
12341 65 71
12341 65 72
12341 65 73
12341 65 74
12341 65 75
12341 65 76
12341 65 77
12642 145 149
12642 145 150
12642 145 151
12642 145 152
12642 145 153
12642 145 154
12642 145 155
12642 145 156
12642 145 157
12642 145 158
12642 145 159
12642 145 160
12642 145 161
12642 145 162
12642 145 163
12642 145 164
12642 145 165
12642 145 166
12642 145 167
12642 146 147
12642 146 148
12642 146 149
12642 146 150
12642 146 151
12642 146 152
12642 146 153
12642 146 154
12642 146 155
12642 146 156
12642 146 157
12642 146 158
12943 70 80
12943 70 81
12943 70 82
12943 70 83
12943 70 84
12943 70 85
12943 71 72
12943 71 73
12943 71 74
12943 71 75
12943 71 76
12943 71 77
12943 71 78
12943 71 79
12943 71 80
12943 71 81
12943 71 82
12943 71 83
12943 71 84
12943 72 73
12943 72 74
12943 72 75
12943 72 76
12943 72 77
12943 72 78
12943 72 79
12943 72 80
12943 72 81
12943 72 82
12943 72 83
12943 72 84
13244 12 37
13244 12 38
13244 12 39
13244 12 40
13244 12 41
13244 12 42
13244 12 43
13244 12 44
13244 12 45
13244 12 46
13244 12 47
13244 12 48
13244 12 49
13244 12 50
13244 13 14
13244 13 34
13244 13 35
13244 13 36
13244 13 37
13244 13 38
13244 13 39
13244 13 40
13244 13 41
13244 13 42
13244 13 43
13244 13 44
13244 13 45
13244 13 46
13244 13 47
13244 13 48
13244 13 49
13545 26 37
13545 26 38
13545 26 39
13545 26 40
13545 26 41
13545 26 42
13545 26 43
13545 26 44
13545 26 45
13545 26 46
13545 26 47
13545 27 28
13545 27 29
13545 27 30
13545 27 31
13545 27 32
13545 27 33
13545 27 34
13545 27 35
13545 27 36
13545 27 37
13545 27 38
13545 27 39
13545 27 40
13545 27 41
13545 27 42
13545 27 43
13545 27 44
13545 27 45
13545 27 46
13545 28 29
13846 134 152
13846 134 153
13846 134 154
13846 134 155
13846 134 156
13846 134 157
13846 134 158
13846 134 159
13846 134 160
13846 134 161
13846 134 162
13846 134 163
13846 134 164
13846 134 165
13846 134 166
13846 134 167
13846 134 168
13846 134 169
13846 134 170
13846 135 136
13846 135 150
13846 135 151
13846 135 152
13846 135 153
13846 135 154
13846 135 155
13846 135 156
13846 135 157
13846 135 158
13846 135 159
13846 135 160
14147 111 117
14147 111 118
14147 111 119
14147 111 120
14147 111 121
14147 111 122
14147 111 123
14147 111 124
14147 112 113
14147 112 114
14147 112 115
14147 112 116
14147 112 117
14147 112 118
14147 112 119
14147 112 120
14147 112 121
14147 112 122
14147 112 123
14147 112 124
14147 113 114
14147 113 115
14147 113 116
14147 113 117
14147 113 118
14147 113 119
14147 113 120
14147 113 121
14147 113 122
14147 113 123
14147 114 115
14448 68 81
14448 68 82
14448 68 83
14448 68 84
14448 68 85
14448 68 86
14448 69 70
14448 69 71
14448 69 72
14448 69 73
14448 69 74
14448 69 75
14448 69 76
14448 69 77
14448 69 78
14448 69 79
14448 69 80
14448 69 81
14448 69 82
14448 69 83
14448 69 84
14448 69 85
14448 70 71
14448 70 72
14448 70 73
14448 70 74
14448 70 75
14448 70 76
14448 70 77
14448 70 78
14448 70 79
14749 58 75
14749 58 76
14749 58 77
14749 58 78
14749 58 79
14749 58 80
14749 58 81
14749 58 82
14749 58 83
14749 58 84
14749 58 85
14749 58 86
14749 58 87
14749 58 88
14749 58 89
14749 59 60
14749 59 62
14749 59 63
14749 59 64
14749 59 65
14749 59 66
14749 59 67
14749 59 68
14749 59 69
14749 59 70
14749 59 71
14749 59 72
14749 59 73
14749 59 74
14749 59 75
14749 59 76
15050 185 193
15050 185 194
15050 185 195
15050 185 196
15050 185 197
15050 185 198
15050 185 199
15050 186 187
15050 186 188
15050 186 189
15050 186 190
15050 186 191
15050 186 192
15050 186 193
15050 186 194
15050 186 195
15050 186 196
15050 186 197
15050 186 198
15050 186 199
15050 187 188
15050 187 189
15050 187 190
15050 187 191
15050 187 192
15050 187 193
15050 187 194
15050 187 195
15050 187 196
15050 187 197
15050 187 198
15351 140 150
15351 140 151
15351 140 152
15351 140 153
15351 140 154
15351 140 155
15351 140 156
15351 140 157
15351 140 158
15351 140 159
15351 140 160
15351 140 161
15351 140 162
15351 140 163
15351 140 164
15351 140 165
15351 140 166
15351 140 167
15351 140 168
15351 140 169
15351 141 142
15351 141 143
15351 141 144
15351 141 145
15351 141 146
15351 141 147
15351 141 148
15351 141 149
15351 141 150
15351 141 151
15351 141 152
15652 61 82
15652 61 83
15652 61 84
15652 61 85
15652 61 86
15652 61 87
15652 61 88
15652 62 63
15652 62 64
15652 62 65
15652 62 66
15652 62 67
15652 62 68
15652 62 69
15652 62 70
15652 62 71
15652 62 72
15652 62 73
15652 62 74
15652 62 75
15652 62 76
15652 62 77
15652 62 78
15652 62 79
15652 62 80
15652 62 81
15652 62 82
15652 62 83
15652 62 84
15652 62 85
15652 62 86
15953 141 153
15953 141 154
15953 141 155
15953 141 156
15953 141 157
15953 141 158
15953 141 159
15953 141 160
15953 141 161
15953 141 162
15953 141 163
15953 141 164
15953 141 165
15953 141 166
15953 141 167
15953 141 168
15953 142 143
15953 142 144
15953 142 145
15953 142 146
15953 142 147
15953 142 148
15953 142 149
15953 142 150
15953 142 151
15953 142 152
15953 142 153
15953 142 154
15953 142 155
15953 142 156
15953 142 157
16254 139 148
16254 139 149
16254 139 150
16254 139 151
16254 139 152
16254 139 153
16254 139 154
16254 139 155
16254 139 156
16254 139 157
16254 139 158
16254 139 159
16254 139 160
16254 139 161
16254 139 162
16254 139 163
16254 139 164
16254 139 165
16254 139 166
16254 139 167
16254 139 168
16254 139 169
16254 140 141
16254 140 142
16254 140 143
16254 140 144
16254 140 145
16254 140 146
16254 140 147
16254 140 148
16254 140 149
16555 18 24
16555 18 25
16555 18 26
16555 18 27
16555 18 28
16555 18 29
16555 18 30
16555 18 31
16555 18 32
16555 18 33
16555 18 34
16555 18 35
16555 18 36
16555 18 37
16555 18 38
16555 18 39
16555 18 40
16555 18 41
16555 18 42
16555 18 43
16555 18 44
16555 18 45
16555 18 46
16555 18 47
16555 18 48
16555 18 49
16555 19 20
16555 19 22
16555 19 23
16555 19 24
16555 19 25
16856 28 30
16856 28 31
16856 28 32
16856 28 33
16856 28 34
16856 28 35
16856 28 36
16856 28 37
16856 28 38
16856 28 39
16856 28 40
16856 28 41
16856 28 42
16856 28 43
16856 28 44
16856 28 45
16856 28 46
16856 29 30
16856 29 31
16856 29 32
16856 29 33
16856 29 34
16856 29 35
16856 29 36
16856 29 37
16856 29 38
16856 29 39
16856 29 40
16856 29 41
16856 29 42
16856 29 43
17157 152 156
17157 152 157
17157 152 158
17157 152 159
17157 152 160
17157 152 161
17157 152 162
17157 152 163
17157 152 164
17157 153 154
17157 153 155
17157 153 156
17157 153 157
17157 153 158
17157 153 159
17157 153 160
17157 153 161
17157 153 162
17157 153 163
17157 154 155
17157 154 156
17157 154 157
17157 154 158
17157 154 159
17157 154 160
17157 154 161
17157 154 162
17157 154 163
17157 155 156
17157 155 157
17157 155 158
17458 132 159
17458 132 160
17458 132 161
17458 132 162
17458 132 163
17458 132 164
17458 132 165
17458 132 166
17458 132 167
17458 132 168
17458 132 169
17458 132 170
17458 133 134
17458 133 154
17458 133 155
17458 133 156
17458 133 157
17458 133 158
17458 133 159
17458 133 160
17458 133 161
17458 133 162
17458 133 163
17458 133 164
17458 133 165
17458 133 166
17458 133 167
17458 133 168
17458 133 169
17458 133 170
17458 134 135
17759 114 116
17759 114 117
17759 114 118
17759 114 119
17759 114 120
17759 114 121
17759 114 122
17759 114 123
17759 115 116
17759 115 117
17759 115 118
17759 115 119
17759 115 120
17759 115 121
17759 115 122
17759 116 117
17759 116 118
17759 116 119
17759 116 120
17759 116 121
17759 116 122
17759 117 118
17759 117 119
17759 117 120
17759 117 121
17759 118 119
17759 118 120
17759 118 121
17759 119 120
17759 120 121
17759 121 122
18060 29 44
18060 29 45
18060 30 31
18060 30 32
18060 30 33
18060 30 34
18060 30 35
18060 30 36
18060 30 37
18060 30 38
18060 30 39
18060 30 40
18060 30 41
18060 30 42
18060 30 43
18060 30 44
18060 30 45
18060 31 32
18060 31 33
18060 31 34
18060 31 35
18060 31 36
18060 31 37
18060 31 38
18060 31 39
18060 31 40
18060 31 41
18060 31 42
18060 31 43
18060 31 44
18060 32 33
18361 176 188
18361 176 189
18361 176 190
18361 176 191
18361 176 192
18361 176 193
18361 176 194
18361 176 195
18361 176 196
18361 176 197
18361 176 198
18361 176 199
18361 177 178
18361 177 186
18361 177 187
18361 177 188
18361 177 189
18361 177 190
18361 177 191
18361 177 192
18361 177 193
18361 177 194
18361 177 195
18361 177 196
18361 177 197
18361 177 198
18361 177 199
18361 178 179
18361 178 184
18361 178 185
18361 178 186
18662 181 193
18662 181 194
18662 181 195
18662 181 196
18662 181 197
18662 181 198
18662 181 199
18662 182 183
18662 182 184
18662 182 185
18662 182 186
18662 182 187
18662 182 188
18662 182 189
18662 182 190
18662 182 191
18662 182 192
18662 182 193
18662 182 194
18662 182 195
18662 182 196
18662 182 197
18662 182 198
18662 182 199
18662 183 184
18662 183 185
18662 183 186
18662 183 187
18662 183 188
18662 183 189
18662 183 190
18963 76 82
18963 77 78
18963 77 79
18963 77 80
18963 77 81
18963 78 79
18963 78 80
18963 78 81
18963 79 80
18963 80 81
18963 81 82
18963 82 83
18963 83 84
18963 84 85
18963 85 86
18963 86 87
18963 87 88
18963 88 89
18963 89 90
18963 90 91
18963 90 124
18963 90 125
18963 90 126
18963 90 127
18963 90 128
18963 90 129
18963 90 130
18963 91 92
18963 91 120
18963 91 121
18963 91 122
19264 146 159
19264 146 160
19264 146 161
19264 146 162
19264 146 163
19264 146 164
19264 146 165
19264 146 166
19264 146 167
19264 147 148
19264 147 149
19264 147 150
19264 147 151
19264 147 152
19264 147 153
19264 147 154
19264 147 155
19264 147 156
19264 147 157
19264 147 158
19264 147 159
19264 147 160
19264 147 161
19264 147 162
19264 147 163
19264 147 164
19264 147 165
19264 147 166
19264 148 149
19264 148 150
19264 148 151
19565 136 168
19565 136 169
19565 136 170
19565 137 138
19565 137 146
19565 137 147
19565 137 148
19565 137 149
19565 137 150
19565 137 151
19565 137 152
19565 137 153
19565 137 154
19565 137 155
19565 137 156
19565 137 157
19565 137 158
19565 137 159
19565 137 160
19565 137 161
19565 137 162
19565 137 163
19565 137 164
19565 137 165
19565 137 166
19565 137 167
19565 137 168
19565 137 169
19565 138 139
19565 138 144
19565 138 145
19866 25 27
19866 25 28
19866 25 29
19866 25 30
19866 25 31
19866 25 32
19866 25 33
19866 25 34
19866 25 35
19866 25 36
19866 25 37
19866 25 38
19866 25 39
19866 25 40
19866 25 41
19866 25 42
19866 25 43
19866 25 44
19866 25 45
19866 25 46
19866 25 47
19866 26 27
19866 26 28
19866 26 29
19866 26 30
19866 26 31
19866 26 32
19866 26 33
19866 26 34
19866 26 35
19866 26 36
20167 35 37
20167 35 38
20167 35 39
20167 35 40
20167 35 41
20167 35 42
20167 36 37
20167 36 38
20167 36 39
20167 36 40
20167 36 41
20167 36 42
20167 37 38
20167 37 39
20167 37 40
20167 37 41
20167 38 39
20167 38 40
20167 38 41
20167 39 40
20167 40 41
20167 41 42
20167 42 43
20167 43 44
20167 44 45
20167 45 46
20167 46 47
20167 47 48
20167 48 49
20167 49 50
20167 50 51
20468 95 110
20468 95 111
20468 95 112
20468 95 113
20468 95 114
20468 95 115
20468 95 116
20468 95 117
20468 95 118
20468 95 119
20468 95 120
20468 95 121
20468 95 122
20468 95 123
20468 95 124
20468 95 125
20468 95 126
20468 95 127
20468 95 128
20468 95 129
20468 95 130
20468 96 97
20468 96 108
20468 96 109
20468 96 110
20468 96 111
20468 96 112
20468 96 113
20468 96 114
20468 96 115
20468 96 116
20769 99 128
20769 99 129
20769 100 101
20769 100 102
20769 100 103
20769 100 104
20769 100 105
20769 100 106
20769 100 107
20769 100 108
20769 100 109
20769 100 110
20769 100 111
20769 100 112
20769 100 113
20769 100 114
20769 100 115
20769 100 116
20769 100 117
20769 100 118
20769 100 119
20769 100 120
20769 100 121
20769 100 122
20769 100 123
20769 100 124
20769 100 125
20769 100 126
20769 100 127
20769 100 128
20769 100 129
21070 0 1
21070 1 2
21070 2 3
21070 3 4
21070 4 5
21070 5 6
21070 6 7
21070 7 8
21070 8 9
21070 9 10
21070 10 11
21070 10 44
21070 10 45
21070 10 46
21070 10 47
21070 10 48
21070 10 49
21070 10 50
21070 11 12
21070 11 40
21070 11 41
21070 11 42
21070 11 43
21070 11 44
21070 11 45
21070 11 46
21070 11 47
21070 11 48
21070 11 49
21070 11 50
21070 12 13
21371 21 31
21371 21 32
21371 21 33
21371 21 34
21371 21 35
21371 21 36
21371 21 37
21371 21 38
21371 21 39
21371 21 40
21371 21 41
21371 21 42
21371 21 43
21371 21 44
21371 21 45
21371 21 46
21371 21 47
21371 21 48
21371 22 23
21371 22 24
21371 22 25
21371 22 26
21371 22 27
21371 22 28
21371 22 29
21371 22 30
21371 22 31
21371 22 32
21371 22 33
21371 22 34
21371 22 35
21672 67 68
21672 67 69
21672 67 70
21672 67 71
21672 67 72
21672 67 73
21672 67 74
21672 67 75
21672 67 76
21672 67 77
21672 67 78
21672 67 79
21672 67 80
21672 67 81
21672 67 82
21672 67 83
21672 67 84
21672 67 85
21672 67 86
21672 68 69
21672 68 70
21672 68 71
21672 68 72
21672 68 73
21672 68 74
21672 68 75
21672 68 76
21672 68 77
21672 68 78
21672 68 79
21672 68 80
21973 65 78
21973 65 79
21973 65 80
21973 65 81
21973 65 82
21973 65 83
21973 65 84
21973 65 85
21973 65 86
21973 65 87
21973 66 67
21973 66 68
21973 66 69
21973 66 70
21973 66 71
21973 66 72
21973 66 73
21973 66 74
21973 66 75
21973 66 76
21973 66 77
21973 66 78
21973 66 79
21973 66 80
21973 66 81
21973 66 82
21973 66 83
21973 66 84
21973 66 85
21973 66 86
21973 66 87
22274 150 151
22274 150 152
22274 150 153
22274 150 154
22274 150 155
22274 150 156
22274 150 157
22274 150 158
22274 150 159
22274 150 160
22274 150 161
22274 150 162
22274 150 163
22274 150 164
22274 150 165
22274 151 152
22274 151 153
22274 151 154
22274 151 155
22274 151 156
22274 151 157
22274 151 158
22274 151 159
22274 151 160
22274 151 161
22274 151 162
22274 151 163
22274 151 164
22274 152 153
22274 152 154
22274 152 155
22575 32 34
22575 32 35
22575 32 36
22575 32 37
22575 32 38
22575 32 39
22575 32 40
22575 32 41
22575 32 42
22575 32 43
22575 32 44
22575 33 34
22575 33 35
22575 33 36
22575 33 37
22575 33 38
22575 33 39
22575 33 40
22575 33 41
22575 33 42
22575 33 43
22575 34 35
22575 34 36
22575 34 37
22575 34 38
22575 34 39
22575 34 40
22575 34 41
22575 34 42
22575 34 43
22575 35 36
22876 22 36
22876 22 37
22876 22 38
22876 22 39
22876 22 40
22876 22 41
22876 22 42
22876 22 43
22876 22 44
22876 22 45
22876 22 46
22876 22 47
22876 22 48
22876 23 24
22876 23 25
22876 23 26
22876 23 27
22876 23 28
22876 23 29
22876 23 30
22876 23 31
22876 23 32
22876 23 33
22876 23 34
22876 23 35
22876 23 36
22876 23 37
22876 23 38
22876 23 39
22876 23 40
22876 23 41
