0 180 190
0 180 191
1.5 182 198
1.5 182 199
3.0 183 188
3.0 183 189
4.5 82 101
4.5 83 84
6.0 167 172
6.0 167 173
7.5 57 74
7.5 57 75
9.0 90 94
9.0 90 95
10.5 110 122
10.5 110 123
12.0 104 124
12.0 104 125
13.5 28 50
13.5 28 51
15.0 106 112
15.0 106 113
16.5 113 118
16.5 113 119
18.0 61 73
18.0 61 74
19.5 59 73
19.5 59 74
21.0 92 95
21.0 92 96
22.5 7 26
22.5 8 9
24.0 32 34
24.0 32 35
25.5 9 13
25.5 9 14
27.0 132 147
27.0 132 148
28.5 103 123
28.5 103 124
30.0 67 68
30.0 67 69
31.5 86 96
31.5 86 97
33.0 178 195
33.0 178 196
34.5 4 17
34.5 4 18
36.0 3 18
36.0 3 19
37.5 180 196
37.5 180 197
39.0 134 147
39.0 134 148
40.5 131 146
40.5 131 147
42.0 154 168
42.0 154 169
43.5 112 118
43.5 112 119
45.0 32 38
45.0 32 39
46.5 82 93
46.5 82 94
48.0 127 151
48.0 127 152
49.5 60 65
49.5 60 66
51.0 137 143
51.0 137 144
52.5 61 75
52.5 62 63
54.0 33 46
54.0 33 47
55.5 156 174
55.5 156 175
57.0 54 73
57.0 54 74
58.5 66 72
58.5 66 73
60.0 33 50
60.0 33 51
61.5 131 144
61.5 131 145
63.0 130 151
63.0 130 152
64.5 55 63
64.5 55 64
66.0 181 191
66.0 181 192
67.5 164 171
67.5 164 172
69.0 62 64
69.0 62 65
70.5 163 168
70.5 163 169
72.0 10 14
72.0 10 15
73.5 12 14
73.5 12 15
75.0 194 196
75.0 194 197
76.5 5 17
76.5 5 18
78.0 12 24
78.0 13 14
79.5 28 44
79.5 28 45
81.0 33 40
81.0 33 41
82.5 34 35
82.5 34 36
84.0 130 139
84.0 130 140
85.5 34 49
85.5 34 50
87.0 111 113
87.0 111 114
88.5 188 193
88.5 188 194
90.0 83 101
90.0 84 85
91.5 57 76
91.5 58 59
93.0 56 63
93.0 56 64
94.5 40 42
94.5 40 43
96.0 116 120
96.0 116 121
97.5 64 73
97.5 65 66
99.0 35 48
99.0 35 49
100.5 56 67
100.5 56 68
102.0 93 97
102.0 94 95
103.5 92 93
103.5 92 94
105.0 10 16
105.0 10 17
106.5 62 70
106.5 62 71
108.0 38 44
108.0 38 45
109.5 107 121
109.5 107 122
111.0 105 106
111.0 105 114
112.5 2 76
112.5 2 77
114.0 189 193
114.0 189 194
115.5 15 21
115.5 15 22
117.0 110 112
117.0 110 113
118.5 103 119
118.5 103 120
120.0 82 97
120.0 82 98
121.5 62 68
121.5 62 69
123.0 109 122
123.0 109 123
124.5 5 13
124.5 5 14
126.0 163 172
126.0 163 173
127.5 50 51
127.5 51 52
129.0 19 21
129.0 20 21
130.5 160 171
130.5 160 172
132.0 75 76
132.0 76 77
133.5 17 19
133.5 17 20
135.0 78 94
135.0 78 95
136.5 32 44
136.5 32 45
138.0 105 119
138.0 105 120
139.5 12 18
139.5 12 19
141.0 161 172
141.0 161 173
142.5 4 21
142.5 4 22
144.0 193 198
144.0 194 195
145.5 71 72
145.5 72 73
147.0 33 34
147.0 33 35
148.5 156 176
148.5 156 177
150.0 142 147
150.0 142 148
151.5 137 149
151.5 137 150
153.0 11 18
153.0 11 19
154.5 30 40
154.5 30 41
156.0 58 64
156.0 58 65
157.5 15 17
157.5 15 18
159.0 109 126
159.0 110 111
160.5 86 100
160.5 87 88
162.0 143 146
162.0 143 147
163.5 112 116
163.5 112 117
165.0 7 10
165.0 7 11
166.5 179 199
166.5 180 181
168.0 9 25
168.0 10 11
169.5 127 149
169.5 127 150
171.0 128 152
171.0 129 130
172.5 2 126
172.5 2 127
174.0 150 151
174.0 151 152
175.5 171 172
175.5 172 173
177.0 48 49
177.0 49 50
178.5 137 147
178.5 137 148
180.0 81 87
180.0 81 88
181.5 102 125
181.5 102 126
183.0 37 45
183.0 37 46
184.5 161 168
184.5 161 169
186.0 115 119
186.0 115 120
187.5 183 186
187.5 183 187
189.0 7 12
189.0 7 13
190.5 157 176
190.5 157 177
192.0 106 116
192.0 106 117
193.5 35 38
193.5 35 39
195.0 108 109
195.0 108 110
196.5 136 150
196.5 137 138
198.0 34 43
198.0 34 44
199.5 128 146
199.5 128 147
201.0 57 62
201.0 57 63
202.5 60 75
202.5 61 62
204.0 160 163
204.0 160 164
205.5 9 15
205.5 9 16
207.0 156 166
207.0 156 167
208.5 183 198
208.5 183 199
210.0 41 47
210.0 42 43
211.5 138 147
211.5 138 148
213.0 152 175
213.0 152 176
214.5 128 144
214.5 128 145
216.0 53 73
216.0 53 74
217.5 41 45
217.5 41 46
219.0 155 168
219.0 155 169
220.5 154 174
220.5 154 175
222.0 136 138
222.0 136 139
223.5 78 102
223.5 79 80
225.0 105 115
225.0 105 116
226.5 109 110
226.5 109 111
228.0 81 95
228.0 81 96
229.5 117 120
229.5 117 121
231.0 80 97
231.0 80 98
232.5 2 24
232.5 2 25
234.0 164 169
234.0 164 170
235.5 35 40
235.5 35 41
237.0 111 115
237.0 111 116
238.5 152 153
238.5 152 174
240.0 111 125
240.0 112 113
241.5 103 125
241.5 103 126
243.0 161 174
243.0 161 175
244.5 180 194
244.5 180 195
246.0 133 142
246.0 133 143
247.5 59 67
247.5 59 68
249.0 112 120
249.0 112 121
250.5 18 19
250.5 18 20
252.0 29 48
252.0 29 49
253.5 166 172
253.5 166 173
255.0 181 199
255.0 182 183
256.5 156 170
256.5 156 171
258.0 86 98
258.0 86 99
259.5 33 48
259.5 33 49
261.0 14 15
261.0 14 16
262.5 61 71
262.5 61 72
264.0 189 199
264.0 190 191
265.5 30 42
265.5 30 43
267.0 158 161
267.0 158 162
268.5 31 43
268.5 31 44
270.0 82 89
270.0 82 90
271.5 10 24
271.5 10 25
273.0 83 95
273.0 83 96
274.5 183 196
274.5 183 197
276.0 139 140
276.0 139 141
277.5 62 72
277.5 62 73
279.0 187 194
279.0 187 195
280.5 27 50
280.5 27 51
282.0 37 43
282.0 37 44
283.5 144 145
283.5 144 146
285.0 29 44
285.0 29 45
286.5 130 145
286.5 130 146
288.0 162 166
288.0 162 167
289.5 27 48
289.5 27 49
291.0 115 121
291.0 115 122
292.5 31 37
292.5 31 38
294.0 11 22
294.0 11 23
295.5 184 189
295.5 184 190
297.0 53 75
297.0 53 76
298.5 57 68
298.5 57 69
300.0 185 197
300.0 185 198
301.5 1 25
301.5 1 26
303.0 198 199
304.5 157 164
304.5 157 165
306.0 141 147
306.0 141 148
307.5 60 63
307.5 60 64
309.0 188 195
309.0 188 196
310.5 63 73
310.5 63 74
312.0 30 44
312.0 30 45
313.5 25 26
313.5 26 27
315.0 159 161
315.0 159 162
316.5 67 70
316.5 67 71
318.0 5 15
318.0 5 16
319.5 183 192
319.5 183 193
321.0 138 141
321.0 138 142
322.5 18 21
322.5 19 20
324.0 11 16
324.0 11 17
325.5 86 88
325.5 86 89
327.0 28 42
327.0 28 43
328.5 154 155
328.5 154 167
330.0 88 95
330.0 88 96
331.5 159 175
331.5 159 176
333.0 118 120
333.0 118 121
334.5 163 166
334.5 163 167
336.0 35 44
336.0 35 45
337.5 186 198
337.5 186 199
339.0 196 197
339.0 197 198
340.5 88 99
340.5 89 90
342.0 102 127
342.0 102 152
343.5 112 122
343.5 112 123
345.0 80 91
345.0 80 92
346.5 107 108
346.5 107 110
348.0 83 99
348.0 83 100
349.5 15 19
349.5 15 20
351.0 107 117
351.0 107 118
352.5 181 193
352.5 181 194
354.0 134 139
354.0 134 140
355.5 8 12
355.5 8 13
357.0 107 119
357.0 107 120
358.5 6 15
358.5 6 16
360.0 112 114
360.0 112 115
361.5 165 166
361.5 165 167
363.0 108 115
363.0 108 116
364.5 131 132
364.5 131 137
366.0 7 22
366.0 7 23
367.5 56 69
367.5 56 70
369.0 129 142
369.0 129 143
370.5 162 164
370.5 162 165
372.0 5 19
372.0 5 20
373.5 89 99
373.5 90 91
375.0 59 61
375.0 59 62
376.5 12 22
376.5 12 23
378.0 182 190
378.0 182 191
379.5 55 71
379.5 55 72
381.0 102 103
381.0 102 122
382.5 77 98
382.5 77 99
384.0 135 139
384.0 135 140
385.5 136 142
385.5 136 143
387.0 68 70
387.0 68 71
388.5 31 49
388.5 31 50
390.0 59 65
390.0 59 66
391.5 64 67
391.5 64 68
393.0 4 25
393.0 4 26
394.5 188 197
394.5 188 198
396.0 105 123
396.0 105 124
397.5 186 192
397.5 186 193
399.0 61 63
399.0 61 64
400.5 81 101
400.5 81 102
402.0 83 87
402.0 83 88
403.5 88 89
403.5 88 90
405.0 58 62
405.0 58 63
406.5 107 113
406.5 107 114
408.0 9 17
408.0 9 18
409.5 54 69
409.5 54 70
411.0 107 123
411.0 107 124
412.5 185 193
412.5 185 194
414.0 13 21
414.0 13 22
415.5 132 143
415.5 132 144
417.0 38 48
417.0 38 49
418.5 89 97
418.5 89 98
420.0 31 32
420.0 31 36
421.5 93 95
421.5 93 96
423.0 184 193
423.0 184 194
424.5 181 197
424.5 181 198
426.0 182 188
426.0 182 189
427.5 66 68
427.5 66 69
429.0 35 36
429.0 35 37
430.5 182 186
430.5 182 187
432.0 87 93
432.0 87 94
433.5 12 16
433.5 12 17
435.0 140 141
435.0 140 142
436.5 27 28
436.5 27 45
438.0 162 174
438.0 162 175
439.5 80 101
439.5 80 102
441.0 38 40
441.0 38 41
442.5 127 177
442.5 128 129
444.0 8 14
444.0 8 15
445.5 111 121
445.5 111 122
447.0 88 91
447.0 88 92
448.5 55 73
448.5 55 74
450.0 58 68
450.0 58 69
451.5 139 144
451.5 139 145
453.0 155 172
453.0 155 173
454.5 55 77
454.5 56 57
456.0 56 65
456.0 56 66
457.5 160 173
457.5 160 174
459.0 133 150
459.0 133 151
460.5 102 123
460.5 102 124
462.0 36 50
462.0 37 38
463.5 57 60
463.5 57 61
465.0 35 50
465.0 36 37
466.5 167 168
466.5 167 169
468.0 190 192
468.0 190 193
469.5 187 196
469.5 187 197
471.0 31 51
471.0 32 33
472.5 131 138
472.5 131 139
474.0 107 111
474.0 107 112
475.5 108 125
475.5 108 126
477.0 57 66
477.0 57 67
478.5 31 41
478.5 31 42
480.0 54 67
480.0 54 68
481.5 157 174
481.5 157 175
483.0 157 162
483.0 157 163
484.5 166 170
484.5 166 171
486.0 131 140
486.0 131 141
487.5 161 164
487.5 161 165
489.0 115 123
489.0 116 117
490.5 179 195
490.5 179 196
492.0 162 170
492.0 162 171
493.5 178 199
493.5 179 180
495.0 43 46
495.0 44 45
496.5 42 44
496.5 42 45
498.0 54 77
498.0 55 56
499.5 109 120
499.5 109 121
501.0 79 93
501.0 79 94
502.5 90 98
502.5 91 92
504.0 88 93
504.0 88 94
505.5 152 177
505.5 153 154
507.0 156 164
507.0 156 165
508.5 54 65
508.5 54 66
510.0 108 117
510.0 108 118
511.5 156 157
511.5 156 163
513.0 32 48
513.0 32 49
514.5 33 44
514.5 33 45
516.0 143 144
516.0 143 145
517.5 3 22
517.5 3 23
519.0 4 23
519.0 4 24
520.5 77 78
520.5 77 97
522.0 105 117
522.0 105 118
523.5 109 112
523.5 109 113
525.0 107 125
525.0 107 126
526.5 182 192
526.5 182 193
528.0 8 20
528.0 8 21
529.5 29 52
529.5 30 31
531.0 159 167
531.0 159 168
532.5 155 166
532.5 155 167
534.0 63 67
534.0 63 68
535.5 117 118
535.5 117 119
537.0 108 119
537.0 108 120
538.5 91 95
538.5 91 96
540.0 57 58
540.0 57 59
541.5 77 102
541.5 77 127
543.0 159 169
543.0 159 170
544.5 136 146
544.5 136 147
546.0 108 121
546.0 108 122
547.5 130 143
547.5 130 144
549.0 109 114
549.0 109 115
550.5 85 90
550.5 85 91
552.0 80 81
552.0 80 88
553.5 135 137
553.5 135 138
555.0 82 83
555.0 82 84
556.5 83 91
556.5 83 92
558.0 84 96
558.0 84 97
559.5 110 116
559.5 110 117
561.0 191 196
561.0 191 197
562.5 187 190
562.5 187 191
564.0 129 152
564.0 130 131
565.5 128 148
565.5 128 149
567.0 157 170
567.0 157 171
568.5 144 147
568.5 145 146
570.0 10 18
570.0 10 19
571.5 85 96
571.5 85 97
573.0 104 116
573.0 104 117
574.5 32 40
574.5 32 41
576.0 32 42
576.0 32 43
577.5 90 92
577.5 90 93
579.0 59 71
579.0 59 72
580.5 90 96
580.5 90 97
582.0 192 197
582.0 192 198
583.5 87 91
583.5 87 92
585.0 195 196
585.0 195 197
586.5 111 119
586.5 111 120
588.0 1 152
588.0 1 176
589.5 38 46
589.5 38 47
591.0 156 168
591.0 156 169
592.5 184 195
592.5 184 196
594.0 30 50
594.0 30 51
595.5 113 122
595.5 113 123
597.0 106 122
597.0 106 123
598.5 193 194
598.5 193 195
600.0 168 169
600.0 168 170
601.5 91 93
601.5 91 94
603.0 85 98
603.0 85 99
604.5 187 192
604.5 187 193
606.0 36 42
606.0 36 43
607.5 182 196
607.5 182 197
609.0 114 118
609.0 114 119
610.5 167 170
610.5 167 171
612.0 27 177
612.0 28 29
613.5 4 19
613.5 4 20
615.0 13 23
615.0 13 24
616.5 108 113
616.5 108 114
618.0 180 192
618.0 180 193
619.5 21 22
619.5 22 23
621.0 130 149
621.0 130 150
622.5 6 17
622.5 6 18
624.0 192 195
624.0 192 196
625.5 79 101
625.5 79 102
627.0 65 71
627.0 65 72
628.5 83 93
628.5 83 94
630.0 1 27
630.0 1 51
631.5 85 94
631.5 85 95
633.0 35 46
633.0 35 47
634.5 140 149
634.5 141 142
636.0 62 74
636.0 63 64
637.5 7 8
637.5 7 9
639.0 7 20
639.0 7 21
640.5 160 167
640.5 160 168
642.0 131 142
642.0 131 143
643.5 80 99
643.5 80 100
645.0 56 71
645.0 56 72
646.5 78 96
646.5 78 97
648.0 56 73
648.0 56 74
649.5 180 198
649.5 180 199
651.0 11 24
651.0 12 13
652.5 161 166
652.5 161 167
654.0 163 174
654.0 163 175
655.5 36 46
655.5 36 47
657.0 84 92
657.0 84 93
658.5 55 65
658.5 55 66
660.0 179 197
660.0 179 198
661.5 53 77
661.5 54 55
663.0 29 46
663.0 29 47
664.5 132 149
664.5 132 150
666.0 158 173
666.0 158 174
667.5 81 82
667.5 81 86
669.0 37 47
669.0 37 48
670.5 162 172
670.5 162 173
672.0 104 118
672.0 104 119
673.5 133 134
673.5 133 135
675.0 182 194
675.0 182 195
676.5 61 67
676.5 61 68
678.0 55 67
678.0 55 68
679.5 52 74
679.5 52 75
681.0 64 69
681.0 64 70
682.5 173 174
682.5 174 175
684.0 159 173
684.0 159 174
685.5 77 152
685.5 77 177
687.0 184 199
687.0 185 186
688.5 59 75
688.5 59 76
690.0 164 165
690.0 164 166
691.5 58 74
691.5 58 75
693.0 8 26
693.0 9 10
694.5 129 148
694.5 129 149
696.0 39 42
696.0 39 43
697.5 62 66
697.5 62 67
699.0 91 97
699.0 91 98
700.5 6 25
700.5 6 26
702.0 135 149
702.0 135 150
703.5 81 93
703.5 81 94
705.0 165 172
705.0 165 173
706.5 160 161
706.5 160 162
708.0 164 167
708.0 164 168
709.5 109 116
709.5 109 117
711.0 133 146
711.0 133 147
712.5 58 66
712.5 58 67
714.0 191 194
714.0 191 195
715.5 83 89
715.5 83 90
717.0 155 170
717.0 155 171
718.5 7 14
718.5 7 15
720.0 2 101
720.0 2 102
721.5 37 39
721.5 37 40
723.0 8 24
723.0 8 25
724.5 80 95
724.5 80 96
726.0 33 38
726.0 33 39
727.5 16 20
727.5 16 21
729.0 6 13
729.0 6 14
730.5 119 121
730.5 120 121
732.0 136 148
732.0 136 149
733.5 60 67
733.5 60 68
735.0 146 147
735.0 147 148
736.5 64 71
736.5 64 72
738.0 134 141
738.0 134 142
739.5 9 11
739.5 9 12
741.0 30 48
741.0 30 49
742.5 41 43
742.5 41 44
744.0 84 94
744.0 84 95
745.5 131 148
745.5 131 149
747.0 189 197
747.0 189 198
748.5 34 39
748.5 34 40
750.0 58 60
750.0 58 61
751.5 153 172
751.5 153 173
753.0 7 18
753.0 7 19
754.5 40 46
754.5 40 47
756.0 0 1
756.0 1 2
757.5 35 42
757.5 35 43
759.0 40 44
759.0 40 45
760.5 34 47
760.5 34 48
762.0 13 17
762.0 13 18
763.5 155 174
763.5 155 175
765.0 109 124
765.0 109 125
766.5 11 20
766.5 11 21
768.0 116 118
768.0 116 119
769.5 86 94
769.5 86 95
771.0 63 71
771.0 63 72
772.5 33 42
772.5 33 43
774.0 89 93
774.0 89 94
775.5 175 176
775.5 176 177
777.0 57 70
777.0 57 71
778.5 138 145
778.5 138 146
780.0 56 61
780.0 56 62
781.5 34 45
781.5 34 46
783.0 129 146
783.0 129 147
784.5 153 170
784.5 153 171
786.0 15 23
786.0 16 17
787.5 16 18
787.5 16 19
789.0 140 143
789.0 140 144
790.5 3 26
790.5 3 27
792.0 103 121
792.0 103 122
793.5 8 22
793.5 8 23
795.0 133 136
795.0 133 137
796.5 169 170
796.5 169 171
798.0 86 90
798.0 86 91
799.5 186 190
799.5 186 191
801.0 103 127
801.0 104 105
802.5 157 166
802.5 157 167
804.0 138 143
804.0 138 144
805.5 27 52
805.5 27 77
807.0 160 175
807.0 160 176
808.5 85 88
808.5 85 89
810.0 9 21
810.0 9 22
811.5 2 176
811.5 2 177
813.0 27 102
813.0 27 127
814.5 189 195
814.5 189 196
816.0 185 195
816.0 185 196
817.5 156 172
817.5 156 173
819.0 111 123
819.0 111 124
820.5 10 20
820.5 10 21
822.0 56 75
822.0 56 76
823.5 141 145
823.5 141 146
825.0 107 115
825.0 107 116
826.5 83 85
826.5 83 86
828.0 13 19
828.0 13 20
829.5 14 19
829.5 14 20
831.0 79 97
831.0 79 98
832.5 104 120
832.5 104 121
834.0 139 148
834.0 139 149
835.5 86 92
835.5 86 93
837.0 5 21
837.0 5 22
838.5 31 47
838.5 31 48
840.0 187 188
840.0 187 189
841.5 80 93
841.5 80 94
843.0 46 47
843.0 47 48
844.5 158 169
844.5 158 170
846.0 134 137
846.0 134 138
847.5 159 163
847.5 159 164
849.0 33 36
849.0 33 37
850.5 69 71
850.5 70 71
852.0 31 39
852.0 31 40
853.5 185 191
853.5 185 192
855.0 4 15
855.0 4 16
856.5 1 52
856.5 1 76
858.0 131 152
858.0 132 133
859.5 81 91
859.5 81 92
861.0 134 143
861.0 134 144
862.5 137 139
862.5 137 140
864.0 28 52
864.0 29 30
865.5 61 65
865.5 61 66
867.0 30 38
867.0 30 39
868.5 154 170
868.5 154 171
870.0 109 118
870.0 109 119
871.5 8 16
871.5 8 17
873.0 52 53
873.0 52 71
874.5 57 72
874.5 57 73
876.0 153 176
876.0 153 177
877.5 135 145
877.5 135 146
879.0 163 170
879.0 163 171
880.5 158 171
880.5 158 172
882.0 110 114
882.0 110 115
883.5 104 122
883.5 104 123
885.0 64 65
885.0 64 66
886.5 113 114
886.5 113 115
888.0 6 7
888.0 6 10
889.5 34 41
889.5 34 42
891.0 5 23
891.0 5 24
892.5 185 199
892.5 186 187
894.0 39 48
894.0 40 41
895.5 3 24
895.5 3 25
897.0 89 95
897.0 89 96
898.5 61 69
898.5 61 70
900.0 80 89
900.0 80 90
901.5 132 135
901.5 132 136
903.0 106 120
903.0 106 121
904.5 84 88
904.5 84 89
906.0 159 165
906.0 159 166
907.5 82 95
907.5 82 96
909.0 110 120
909.0 110 121
910.5 39 40
910.5 39 41
912.0 140 145
912.0 140 146
913.5 106 124
913.5 106 125
915.0 161 176
915.0 162 163
916.5 6 21
916.5 6 22
918.0 32 50
918.0 32 51
919.5 114 122
919.5 114 123
921.0 6 11
921.0 6 12
922.5 2 20
922.5 2 21
924.0 129 144
924.0 129 145
925.5 1 127
925.5 1 151
927.0 113 124
927.0 114 115
928.5 160 169
928.5 160 170
930.0 191 192
930.0 191 193
931.5 106 118
931.5 106 119
933.0 67 72
933.0 68 69
934.5 102 177
934.5 103 104
936.0 84 98
936.0 84 99
937.5 11 14
937.5 11 15
939.0 108 123
939.0 108 124
940.5 79 99
940.5 79 100
942.0 155 156
942.0 155 165
943.5 2 51
943.5 2 52
945.0 87 97
945.0 87 98
946.5 27 152
946.5 27 176
948.0 185 187
948.0 185 188
949.5 186 196
949.5 186 197
951.0 59 69
951.0 59 70
952.5 166 168
952.5 166 169
954.0 16 22
954.0 17 18
955.5 84 86
955.5 84 87
957.0 158 163
957.0 158 164
958.5 87 95
958.5 87 96
960.0 105 121
960.0 105 122
961.5 2 22
961.5 2 23
963.0 131 150
963.0 131 151
964.5 104 126
964.5 104 127
966.0 5 25
966.0 5 26
967.5 137 145
967.5 137 146
969.0 54 71
969.0 54 72
970.5 135 143
970.5 135 144
972.0 165 174
972.0 166 167
973.5 190 194
973.5 190 195
975.0 79 95
975.0 79 96
976.5 168 171
976.5 168 172
978.0 78 98
978.0 78 99
979.5 133 138
979.5 133 139
981.0 92 97
981.0 93 94
982.5 184 185
982.5 184 186
984.0 155 176
984.0 155 177
985.5 132 141
985.5 132 142
987.0 132 145
987.0 132 146
988.5 78 100
988.5 78 101
990.0 129 150
990.0 129 151
991.5 3 20
991.5 3 21
993.0 125 126
993.0 126 127
994.5 84 90
994.5 84 91
996.0 17 21
996.0 17 22
997.5 148 149
997.5 149 150
999.0 132 137
999.0 132 138
1000.5 158 175
1000.5 158 176
1002.0 114 116
1002.0 114 117
1003.5 28 48
1003.5 28 49
1005.0 31 45
1005.0 31 46
1006.5 159 171
1006.5 159 172
1008.0 7 24
1008.0 7 25
1009.5 30 46
1009.5 30 47
1011.0 53 69
1011.0 53 70
1012.5 40 48
1012.5 41 42
1014.0 184 191
1014.0 184 192
1015.5 81 97
1015.5 81 98
1017.0 139 142
1017.0 139 143
1018.5 127 128
1018.5 127 148
1020.0 89 91
1020.0 89 92
1021.5 185 189
1021.5 185 190
1023.0 6 19
1023.0 6 20
1024.5 187 198
1024.5 187 199
1026.0 158 159
1026.0 158 160
1027.5 164 173
1027.5 164 174
1029.0 186 194
1029.0 186 195
1030.5 153 174
1030.5 153 175
1032.0 181 189
1032.0 181 190
1033.5 1 77
1033.5 1 101
1035.0 130 147
1035.0 130 148
1036.5 110 118
1036.5 110 119
1038.0 65 69
1038.0 65 70
1039.5 38 42
1039.5 38 43
1041.0 136 144
1041.0 136 145
1042.5 106 114
1042.5 106 115
1044.0 134 135
1044.0 134 136
1045.5 23 24
1045.5 24 25
1047.0 7 16
1047.0 7 17
1048.5 118 122
1048.5 119 120
1050.0 9 19
1050.0 9 20
1051.5 108 111
1051.5 108 112
1053.0 128 150
1053.0 128 151
1054.5 191 198
1054.5 191 199
1056.0 81 99
1056.0 81 100
1057.5 83 97
1057.5 83 98
1059.0 134 145
1059.0 134 146
1060.5 65 67
1060.5 65 68
1062.0 105 125
1062.0 105 126
1063.5 100 101
1063.5 101 102
1065.0 137 141
1065.0 137 142
1066.5 157 168
1066.5 157 169
1068.0 114 120
1068.0 114 121
1069.5 192 193
1069.5 192 194
1071.0 1 102
1071.0 1 126
1072.5 142 143
1072.5 142 144
1074.0 6 23
1074.0 6 24
1075.5 158 167
1075.5 158 168
1077.0 105 127
1077.0 106 107
1078.5 181 195
1078.5 181 196
1080.0 106 126
1080.0 106 127
1081.5 53 71
1081.5 53 72
1083.0 85 100
1083.0 86 87
1084.5 190 196
1084.5 190 197
1086.0 85 86
1086.0 85 87
1087.5 113 120
1087.5 113 121
1089.0 29 40
1089.0 29 41
1090.5 8 18
1090.5 8 19
1092.0 113 116
1092.0 113 117
1093.5 63 65
1093.5 63 66
1095.0 55 69
1095.0 55 70
1096.5 183 184
1096.5 183 185
1098.0 132 151
1098.0 132 152
1099.5 43 44
1099.5 43 45
1101.0 158 165
1101.0 158 166
1102.5 42 46
1102.5 42 47
1104.0 139 146
1104.0 139 147
1105.5 52 72
1105.5 52 73
1107.0 65 73
1107.0 66 67
1108.5 177 178
1108.5 178 179
1110.0 1 177
1110.0 2 3
1111.5 189 191
1111.5 189 192
1113.0 161 170
1113.0 161 171
1114.5 11 12
1114.5 11 13
1116.0 54 75
1116.0 54 76
1117.5 82 99
1117.5 82 100
1119.0 9 23
1119.0 9 24
1120.5 110 126
1120.5 111 112
1122.0 184 197
1122.0 184 198
1123.5 96 97
1123.5 97 98
1125.0 12 20
1125.0 12 21
1126.5 52 76
1126.5 52 77
1128.0 82 85
1128.0 82 86
1129.5 58 72
1129.5 58 73
1131.0 135 147
1131.0 135 148
1132.5 36 40
1132.5 36 41
1134.0 52 152
1134.0 52 177
1135.5 55 75
1135.5 55 76
1137.0 123 124
1137.0 124 125
1138.5 3 4
1138.5 3 17
1140.0 138 149
1140.0 138 150
1141.5 112 124
1141.5 112 125
1143.0 85 92
1143.0 85 93
1144.5 4 5
1144.5 4 14
1146.0 183 194
1146.0 183 195
1147.5 36 38
1147.5 36 39
1149.0 78 79
1149.0 78 93
1150.5 165 168
1150.5 165 169
1152.0 157 172
1152.0 157 173
1153.5 154 176
1153.5 154 177
1155.0 162 168
1155.0 162 169
1156.5 114 124
1156.5 115 116
1158.0 32 36
1158.0 32 37
1159.5 29 42
1159.5 29 43
1161.0 140 147
1161.0 140 148
1162.5 160 165
1162.5 160 166
1164.0 36 44
1164.0 36 45
1165.5 186 188
1165.5 186 189
1167.0 66 70
1167.0 66 71
1168.5 111 117
1168.5 111 118
1170.0 57 64
1170.0 57 65
1171.5 181 182
1171.5 181 188
1173.0 58 70
1173.0 58 71
1174.5 87 89
1174.5 87 90
1176.0 157 158
1176.0 157 161
1177.5 2 26
1177.5 2 27
1179.0 161 162
1179.0 161 163
1180.5 81 89
1180.5 81 90
1182.0 82 91
1182.0 82 92
1183.5 183 190
1183.5 183 191
1185.0 117 122
1185.0 118 119
1186.5 37 49
1186.5 38 39
1188.0 142 145
1188.0 142 146
1189.5 5 6
1189.5 5 12
1191.0 163 164
1191.0 163 165
1192.5 138 139
1192.5 138 140
1194.0 110 124
1194.0 110 125
1195.5 136 140
1195.5 136 141
1197.0 188 189
1197.0 188 190
1198.5 193 196
1198.5 193 197
1200.0 28 46
1200.0 28 47
1201.5 29 50
1201.5 29 51
1203.0 36 48
1203.0 36 49
1204.5 60 69
1204.5 60 70
1206.0 158 177
1206.0 159 160
1207.5 134 151
1207.5 135 136
1209.0 84 100
1209.0 84 101
1210.5 60 61
1210.5 60 62
1212.0 132 139
1212.0 132 140
1213.5 77 100
1213.5 77 101
1215.0 154 172
1215.0 154 173
1216.5 133 140
1216.5 133 141
1218.0 135 141
1218.0 135 142
1219.5 68 72
1219.5 69 70
1221.0 63 69
1221.0 63 70
1222.5 8 10
1222.5 8 11
1224.0 34 37
1224.0 34 38
1225.5 184 187
1225.5 184 188
1227.0 53 54
1227.0 53 68
1228.5 169 172
1228.5 170 171
1230.0 37 41
1230.0 37 42
1231.5 190 198
1231.5 190 199
1233.0 116 122
1233.0 116 123
1234.5 73 74
1234.5 74 75
1236.0 10 12
1236.0 10 13
1237.5 27 46
1237.5 27 47
1239.0 133 148
1239.0 133 149
1240.5 141 143
1240.5 141 144
1242.0 39 46
1242.0 39 47
1243.5 121 122
1243.5 122 123
1245.0 188 191
1245.0 188 192
1246.5 13 15
1246.5 13 16
1248.0 98 99
1248.0 99 100
1249.5 87 99
1249.5 87 100
1251.0 165 170
1251.0 165 171
1252.5 179 193
1252.5 179 194
1254.0 79 91
1254.0 79 92
1255.5 44 46
1255.5 45 46
1257.0 14 17
1257.0 14 18
1258.5 14 21
1258.5 14 22
1260.0 88 97
1260.0 88 98
1261.5 52 102
1261.5 52 127
1263.0 178 197
1263.0 178 198
1264.5 32 46
1264.5 32 47
1266.0 94 96
1266.0 95 96
1267.5 133 144
1267.5 133 145
1269.0 39 44
1269.0 39 45
1270.5 130 141
1270.5 130 142
1272.0 135 151
1272.0 136 137
1273.5 14 23
1273.5 15 16
1275.0 59 63
1275.0 59 64
1276.5 134 149
1276.5 134 150
1278.0 58 76
1278.0 59 60
1279.5 60 71
1279.5 60 72
1281.0 82 87
1281.0 82 88
1282.5 2 151
1282.5 2 152
1284.0 188 199
1284.0 189 190
1285.5 10 22
1285.5 10 23
1287.0 115 117
1287.0 115 118
1288.5 60 73
1288.5 60 74
