0 138 145
0 138 146
1.5 184 199
1.5 185 186
3.0 137 145
3.0 137 146
4.5 63 65
4.5 63 66
6.0 60 69
6.0 60 70
7.5 33 36
7.5 33 37
9.0 4 15
9.0 4 16
10.5 11 22
10.5 11 23
12.0 192 195
12.0 192 196
13.5 62 64
13.5 62 65
15.0 160 175
15.0 160 176
16.5 157 168
16.5 157 169
18.0 186 196
18.0 186 197
19.5 160 163
19.5 160 164
21.0 86 96
21.0 86 97
22.5 184 191
22.5 184 192
24.0 63 69
24.0 63 70
25.5 125 126
25.5 126 127
27.0 164 167
27.0 164 168
28.5 35 36
28.5 35 37
30.0 8 12
30.0 8 13
31.5 5 17
31.5 5 18
33.0 10 16
33.0 10 17
34.5 161 172
34.5 161 173
36.0 106 112
36.0 106 113
37.5 66 68
37.5 66 69
39.0 57 70
39.0 57 71
40.5 56 65
40.5 56 66
42.0 57 66
42.0 57 67
43.5 157 162
43.5 157 163
45.0 185 189
45.0 185 190
46.5 89 97
46.5 89 98
48.0 64 69
48.0 64 70
49.5 160 161
49.5 160 162
51.0 156 157
51.0 156 163
52.5 164 169
52.5 164 170
54.0 34 47
54.0 34 48
55.5 55 65
55.5 55 66
57.0 185 195
57.0 185 196
58.5 31 41
58.5 31 42
60.0 64 73
60.0 65 66
61.5 140 149
61.5 141 142
63.0 36 50
63.0 37 38
64.5 83 91
64.5 83 92
66.0 128 152
66.0 129 130
67.5 63 71
67.5 63 72
69.0 87 89
69.0 87 90
70.5 157 176
70.5 157 177
72.0 110 126
72.0 111 112
73.5 29 48
73.5 29 49
75.0 133 150
75.0 133 151
76.5 2 101
76.5 2 102
78.0 167 172
78.0 167 173
79.5 190 198
79.5 190 199
81.0 31 37
81.0 31 38
82.5 136 142
82.5 136 143
84.0 135 143
84.0 135 144
85.5 181 193
85.5 181 194
87.0 137 141
87.0 137 142
88.5 15 19
88.5 15 20
90.0 118 120
90.0 118 121
91.5 127 177
91.5 128 129
93.0 5 25
93.0 5 26
94.5 158 173
94.5 158 174
96.0 135 147
96.0 135 148
97.5 114 124
97.5 115 116
99.0 68 72
99.0 69 70
100.5 55 67
100.5 55 68
102.0 182 196
102.0 182 197
103.5 178 199
103.5 179 180
105.0 188 191
105.0 188 192
106.5 159 169
106.5 159 170
108.0 111 123
108.0 111 124
109.5 60 61
109.5 60 62
111.0 17 21
111.0 17 22
112.5 8 16
112.5 8 17
114.0 86 98
114.0 86 99
115.5 88 91
115.5 88 92
117.0 2 22
117.0 2 23
118.5 13 15
118.5 13 16
120.0 144 145
120.0 144 146
121.5 35 44
121.5 35 45
123.0 161 166
123.0 161 167
124.5 137 149
124.5 137 150
126.0 132 151
126.0 132 152
127.5 102 103
127.5 102 122
129.0 111 113
129.0 111 114
130.5 129 142
130.5 129 143
132.0 79 95
132.0 79 96
133.5 143 146
133.5 143 147
135.0 37 49
135.0 38 39
136.5 161 176
136.5 162 163
138.0 79 101
138.0 79 102
139.5 130 141
139.5 130 142
141.0 167 170
141.0 167 171
142.5 10 18
142.5 10 19
144.0 187 198
144.0 187 199
145.5 62 72
145.5 62 73
147.0 109 116
147.0 109 117
148.5 160 169
148.5 160 170
150.0 192 197
150.0 192 198
151.5 14 17
151.5 14 18
153.0 59 71
153.0 59 72
154.5 139 142
154.5 139 143
156.0 108 123
156.0 108 124
157.5 113 120
157.5 113 121
159.0 36 42
159.0 36 43
160.5 27 177
160.5 28 29
162.0 181 191
162.0 181 192
163.5 50 51
163.5 51 52
165.0 35 40
165.0 35 41
166.5 139 146
166.5 139 147
168.0 82 85
168.0 82 86
169.5 132 147
169.5 132 148
171.0 59 63
171.0 59 64
172.5 168 169
172.5 168 170
174.0 31 45
174.0 31 46
175.5 85 90
175.5 85 91
177.0 162 174
177.0 162 175
178.5 60 75
178.5 61 62
180.0 191 196
180.0 191 197
181.5 10 12
181.5 10 13
183.0 1 152
183.0 1 176
184.5 27 28
184.5 27 45
186.0 182 192
186.0 182 193
187.5 2 126
187.5 2 127
189.0 58 70
189.0 58 71
190.5 153 176
190.5 153 177
192.0 162 166
192.0 162 167
193.5 188 195
193.5 188 196
195.0 180 190
195.0 180 191
196.5 156 174
196.5 156 175
198.0 43 44
198.0 43 45
199.5 93 95
199.5 93 96
201.0 154 174
201.0 154 175
202.5 107 125
202.5 107 126
204.0 106 126
204.0 106 127
205.5 181 189
205.5 181 190
207.0 18 21
207.0 19 20
208.5 189 197
208.5 189 198
210.0 185 193
210.0 185 194
211.5 138 141
211.5 138 142
213.0 8 20
213.0 8 21
214.5 32 42
214.5 32 43
216.0 59 75
216.0 59 76
217.5 111 121
217.5 111 122
219.0 85 92
219.0 85 93
220.5 39 44
220.5 39 45
222.0 3 4
222.0 3 17
223.5 141 145
223.5 141 146
225.0 1 127
225.0 1 151
226.5 108 117
226.5 108 118
228.0 21 22
228.0 22 23
229.5 186 192
229.5 186 193
231.0 59 65
231.0 59 66
232.5 7 24
232.5 7 25
234.0 67 72
234.0 68 69
235.5 81 89
235.5 81 90
237.0 114 122
237.0 114 123
238.5 153 172
238.5 153 173
240.0 160 165
240.0 160 166
241.5 195 196
241.5 195 197
243.0 152 153
243.0 152 174
244.5 182 186
244.5 182 187
246.0 133 148
246.0 133 149
247.5 55 63
247.5 55 64
249.0 105 115
249.0 105 116
250.5 130 139
250.5 130 140
252.0 134 151
252.0 135 136
253.5 38 46
253.5 38 47
255.0 191 192
255.0 191 193
256.5 117 118
256.5 117 119
258.0 3 20
258.0 3 21
259.5 180 194
259.5 180 195
261.0 34 45
261.0 34 46
262.5 152 177
262.5 153 154
264.0 1 77
264.0 1 101
265.5 7 20
265.5 7 21
267.0 185 197
267.0 185 198
268.5 38 42
268.5 38 43
270.0 31 49
270.0 31 50
271.5 157 174
271.5 157 175
273.0 6 11
273.0 6 12
274.5 41 47
274.5 42 43
276.0 82 83
276.0 82 84
277.5 53 69
277.5 53 70
279.0 14 21
279.0 14 22
280.5 16 18
280.5 16 19
282.0 89 91
282.0 89 92
283.5 160 171
283.5 160 172
285.0 30 38
285.0 30 39
286.5 154 155
286.5 154 167
288.0 171 172
288.0 172 173
289.5 158 159
289.5 158 160
291.0 27 152
291.0 27 176
292.5 11 16
292.5 11 17
294.0 78 98
294.0 78 99
295.5 57 68
295.5 57 69
297.0 81 82
297.0 81 86
298.5 54 69
298.5 54 70
300.0 93 97
300.0 94 95
301.5 54 71
301.5 54 72
303.0 144 147
303.0 145 146
304.5 105 123
304.5 105 124
306.0 14 19
306.0 14 20
307.5 128 150
307.5 128 151
309.0 154 170
309.0 154 171
310.5 56 71
310.5 56 72
312.0 1 177
312.0 2 3
313.5 34 41
313.5 34 42
315.0 82 101
315.0 83 84
316.5 107 111
316.5 107 112
318.0 59 69
318.0 59 70
319.5 71 72
319.5 72 73
321.0 184 195
321.0 184 196
322.5 179 199
322.5 180 181
324.0 180 198
324.0 180 199
325.5 131 150
325.5 131 151
327.0 109 126
327.0 110 111
328.5 82 87
328.5 82 88
330.0 112 124
330.0 112 125
331.5 15 23
331.5 16 17
333.0 106 124
333.0 106 125
334.5 155 174
334.5 155 175
336.0 8 10
336.0 8 11
337.5 12 22
337.5 12 23
339.0 128 146
339.0 128 147
340.5 105 119
340.5 105 120
342.0 134 135
342.0 134 136
343.5 55 69
343.5 55 70
345.0 104 126
345.0 104 127
346.5 83 97
346.5 83 98
348.0 92 93
348.0 92 94
349.5 100 101
349.5 101 102
351.0 112 118
351.0 112 119
352.5 4 23
352.5 4 24
354.0 33 50
354.0 33 51
355.5 58 74
355.5 58 75
357.0 15 21
357.0 15 22
358.5 53 73
358.5 53 74
360.0 60 65
360.0 60 66
361.5 135 145
361.5 135 146
363.0 163 164
363.0 163 165
364.5 9 25
364.5 10 11
366.0 164 171
366.0 164 172
367.5 156 176
367.5 156 177
369.0 12 24
369.0 13 14
370.5 40 42
370.5 40 43
372.0 35 38
372.0 35 39
373.5 33 38
373.5 33 39
375.0 33 34
375.0 33 35
376.5 56 75
376.5 56 76
378.0 10 22
378.0 10 23
379.5 189 193
379.5 189 194
381.0 165 166
381.0 165 167
382.5 140 147
382.5 140 148
384.0 65 73
384.0 66 67
385.5 9 19
385.5 9 20
387.0 15 17
387.0 15 18
388.5 183 188
388.5 183 189
390.0 30 46
390.0 30 47
391.5 107 108
391.5 107 110
393.0 110 114
393.0 110 115
394.5 62 70
394.5 62 71
396.0 28 42
396.0 28 43
397.5 77 78
397.5 77 97
399.0 85 88
399.0 85 89
400.5 159 173
400.5 159 174
402.0 105 127
402.0 106 107
403.5 108 125
403.5 108 126
405.0 42 44
405.0 42 45
406.5 66 72
406.5 66 73
408.0 118 122
408.0 119 120
409.5 90 98
409.5 91 92
411.0 55 73
411.0 55 74
412.5 56 63
412.5 56 64
414.0 12 16
414.0 12 17
415.5 13 21
415.5 13 22
417.0 175 176
417.0 176 177
418.5 185 199
418.5 186 187
420.0 109 120
420.0 109 121
421.5 16 20
421.5 16 21
423.0 52 76
423.0 52 77
424.5 80 91
424.5 80 92
426.0 159 171
426.0 159 172
427.5 88 95
427.5 88 96
429.0 131 148
429.0 131 149
430.5 123 124
430.5 124 125
432.0 88 97
432.0 88 98
433.5 116 118
433.5 116 119
435.0 27 48
435.0 27 49
436.5 23 24
436.5 24 25
438.0 30 44
438.0 30 45
439.5 32 50
439.5 32 51
441.0 82 95
441.0 82 96
442.5 108 115
442.5 108 116
444.0 139 148
444.0 139 149
445.5 183 184
445.5 183 185
447.0 54 67
447.0 54 68
448.5 185 191
448.5 185 192
450.0 56 67
450.0 56 68
451.5 53 75
451.5 53 76
453.0 134 137
453.0 134 138
454.5 181 197
454.5 181 198
456.0 196 197
456.0 197 198
457.5 111 119
457.5 111 120
459.0 188 197
459.0 188 198
460.5 135 151
460.5 136 137
462.0 103 125
462.0 103 126
463.5 6 13
463.5 6 14
465.0 152 175
465.0 152 176
466.5 29 46
466.5 29 47
468.0 104 118
468.0 104 119
469.5 159 161
469.5 159 162
471.0 89 99
471.0 90 91
472.5 36 38
472.5 36 39
474.0 136 140
474.0 136 141
475.5 136 146
475.5 136 147
477.0 10 20
477.0 10 21
478.5 53 54
478.5 53 68
480.0 142 143
480.0 142 144
481.5 36 46
481.5 36 47
483.0 179 197
483.0 179 198
484.5 104 124
484.5 104 125
486.0 38 40
486.0 38 41
487.5 32 38
487.5 32 39
489.0 28 52
489.0 29 30
490.5 12 18
490.5 12 19
492.0 187 194
492.0 187 195
493.5 156 172
493.5 156 173
495.0 81 91
495.0 81 92
496.5 75 76
496.5 76 77
498.0 112 114
498.0 112 115
499.5 85 96
499.5 85 97
501.0 63 67
501.0 63 68
502.5 110 122
502.5 110 123
504.0 85 100
504.0 86 87
505.5 31 43
505.5 31 44
507.0 182 190
507.0 182 191
508.5 84 96
508.5 84 97
510.0 113 122
510.0 113 123
511.5 158 171
511.5 158 172
513.0 86 94
513.0 86 95
514.5 193 196
514.5 193 197
516.0 84 98
516.0 84 99
517.5 141 147
517.5 141 148
519.0 79 93
519.0 79 94
520.5 88 99
520.5 89 90
522.0 8 24
522.0 8 25
523.5 108 113
523.5 108 114
525.0 86 100
525.0 87 88
526.5 191 198
526.5 191 199
528.0 140 145
528.0 140 146
529.5 16 22
529.5 17 18
531.0 48 49
531.0 49 50
532.5 183 194
532.5 183 195
534.0 37 43
534.0 37 44
535.5 36 44
535.5 36 45
537.0 129 146
537.0 129 147
538.5 191 194
538.5 191 195
540.0 107 117
540.0 107 118
541.5 106 120
541.5 106 121
543.0 183 186
543.0 183 187
544.5 113 114
544.5 113 115
546.0 164 165
546.0 164 166
547.5 183 190
547.5 183 191
549.0 13 17
549.0 13 18
550.5 181 199
550.5 182 183
552.0 133 136
552.0 133 137
553.5 61 73
553.5 61 74
555.0 85 98
555.0 85 99
556.5 127 149
556.5 127 150
558.0 109 124
558.0 109 125
559.5 187 190
559.5 187 191
561.0 131 146
561.0 131 147
562.5 29 50
562.5 29 51
564.0 27 50
564.0 27 51
565.5 81 97
565.5 81 98
567.0 161 174
567.0 161 175
568.5 81 101
568.5 81 102
570.0 141 143
570.0 141 144
571.5 105 117
571.5 105 118
573.0 67 68
573.0 67 69
574.5 42 46
574.5 42 47
576.0 137 143
576.0 137 144
577.5 107 119
577.5 107 120
579.0 63 73
579.0 63 74
580.5 109 110
580.5 109 111
582.0 137 147
582.0 137 148
583.5 39 42
583.5 39 43
585.0 59 67
585.0 59 68
586.5 153 170
586.5 153 171
588.0 162 164
588.0 162 165
589.5 178 197
589.5 178 198
591.0 2 24
591.0 2 25
592.5 166 170
592.5 166 171
594.0 132 143
594.0 132 144
595.5 155 172
595.5 155 173
597.0 2 151
597.0 2 152
598.5 181 182
598.5 181 188
600.0 61 75
600.0 62 63
601.5 6 19
601.5 6 20
603.0 190 194
603.0 190 195
604.5 27 102
604.5 27 127
606.0 134 145
606.0 134 146
607.5 11 20
607.5 11 21
609.0 88 93
609.0 88 94
610.5 183 196
610.5 183 197
612.0 7 26
612.0 8 9
613.5 85 94
613.5 85 95
615.0 150 151
615.0 151 152
616.5 57 62
616.5 57 63
618.0 165 174
618.0 166 167
619.5 28 46
619.5 28 47
621.0 153 174
621.0 153 175
622.5 158 169
622.5 158 170
624.0 68 70
624.0 68 71
625.5 5 19
625.5 5 20
627.0 163 166
627.0 163 167
628.5 1 25
628.5 1 26
630.0 187 196
630.0 187 197
631.5 164 173
631.5 164 174
633.0 84 100
633.0 84 101
634.5 32 34
634.5 32 35
636.0 103 123
636.0 103 124
637.5 6 21
637.5 6 22
639.0 184 187
639.0 184 188
640.5 11 12
640.5 11 13
642.0 80 93
642.0 80 94
643.5 83 87
643.5 83 88
645.0 107 113
645.0 107 114
646.5 108 119
646.5 108 120
648.0 30 42
648.0 30 43
649.5 181 195
649.5 181 196
651.0 8 22
651.0 8 23
652.5 113 116
652.5 113 117
654.0 64 67
654.0 64 68
655.5 46 47
655.5 47 48
657.0 35 50
657.0 36 37
658.5 130 145
658.5 130 146
660.0 163 172
660.0 163 173
661.5 87 95
661.5 87 96
663.0 60 73
663.0 60 74
664.5 18 19
664.5 18 20
666.0 110 112
666.0 110 113
667.5 159 163
667.5 159 164
669.0 33 44
669.0 33 45
670.5 184 189
670.5 184 190
672.0 129 150
672.0 129 151
673.5 78 94
673.5 78 95
675.0 9 21
675.0 9 22
676.5 3 22
676.5 3 23
678.0 57 58
678.0 57 59
679.5 182 188
679.5 182 189
681.0 35 42
681.0 35 43
682.5 138 139
682.5 138 140
684.0 130 149
684.0 130 150
685.5 161 162
685.5 161 163
687.0 52 74
687.0 52 75
688.5 57 72
688.5 57 73
690.0 158 167
690.0 158 168
691.5 133 146
691.5 133 147
693.0 131 142
693.0 131 143
694.5 32 40
694.5 32 41
696.0 134 139
696.0 134 140
697.5 58 76
697.5 59 60
699.0 102 123
699.0 102 124
700.5 189 191
700.5 189 192
702.0 2 176
702.0 2 177
703.5 35 48
703.5 35 49
705.0 30 50
705.0 30 51
706.5 58 62
706.5 58 63
708.0 61 65
708.0 61 66
709.5 107 123
709.5 107 124
711.0 163 174
711.0 163 175
712.5 109 114
712.5 109 115
714.0 83 95
714.0 83 96
715.5 107 121
715.5 107 122
717.0 186 194
717.0 186 195
718.5 61 63
718.5 61 64
720.0 190 196
720.0 190 197
721.5 103 119
721.5 103 120
723.0 158 175
723.0 158 176
724.5 154 172
724.5 154 173
726.0 32 48
726.0 32 49
727.5 59 73
727.5 59 74
729.0 154 176
729.0 154 177
730.5 98 99
730.5 99 100
732.0 94 96
732.0 95 96
733.5 87 97
733.5 87 98
735.0 7 8
735.0 7 9
736.5 57 76
736.5 58 59
738.0 29 52
738.0 30 31
739.5 88 89
739.5 88 90
741.0 27 46
741.0 27 47
742.5 105 125
742.5 105 126
744.0 84 88
744.0 84 89
745.5 7 10
745.5 7 11
747.0 116 122
747.0 116 123
748.5 193 194
748.5 193 195
750.0 102 125
750.0 102 126
751.5 83 85
751.5 83 86
753.0 65 71
753.0 65 72
754.5 157 170
754.5 157 171
756.0 81 95
756.0 81 96
757.5 83 89
757.5 83 90
759.0 134 141
759.0 134 142
760.5 41 45
760.5 41 46
762.0 82 89
762.0 82 90
763.5 80 101
763.5 80 102
765.0 167 168
765.0 167 169
766.5 77 100
766.5 77 101
768.0 148 149
768.0 149 150
769.5 113 124
769.5 114 115
771.0 166 172
771.0 166 173
772.5 114 120
772.5 114 121
774.0 28 44
774.0 28 45
775.5 136 150
775.5 137 138
777.0 30 48
777.0 30 49
778.5 36 40
778.5 36 41
780.0 58 72
780.0 58 73
781.5 80 97
781.5 80 98
783.0 53 77
783.0 54 55
784.5 132 139
784.5 132 140
786.0 178 195
786.0 178 196
787.5 180 196
787.5 180 197
789.0 159 165
789.0 159 166
790.5 44 46
790.5 45 46
792.0 67 70
792.0 67 71
793.5 55 75
793.5 55 76
795.0 142 147
795.0 142 148
796.5 12 20
796.5 12 21
798.0 136 148
798.0 136 149
799.5 92 97
799.5 93 94
801.0 190 192
801.0 190 193
802.5 37 39
802.5 37 40
804.0 105 121
804.0 105 122
805.5 1 102
805.5 1 126
807.0 132 135
807.0 132 136
808.5 6 7
808.5 6 10
810.0 138 149
810.0 138 150
811.5 80 81
811.5 80 88
813.0 5 23
813.0 5 24
814.5 64 65
814.5 64 66
816.0 130 147
816.0 130 148
817.5 111 117
817.5 111 118
819.0 130 151
819.0 130 152
820.5 109 122
820.5 109 123
822.0 159 175
822.0 159 176
823.5 85 86
823.5 85 87
825.0 165 168
825.0 165 169
826.5 33 40
826.5 33 41
828.0 112 116
828.0 112 117
829.5 31 47
829.5 31 48
831.0 7 12
831.0 7 13
832.5 83 93
832.5 83 94
834.0 115 119
834.0 115 120
835.5 60 63
835.5 60 64
837.0 109 118
837.0 109 119
838.5 129 152
838.5 130 131
840.0 155 166
840.0 155 167
841.5 19 21
841.5 20 21
843.0 136 138
843.0 136 139
844.5 5 21
844.5 5 22
846.0 157 172
846.0 157 173
847.5 32 36
847.5 32 37
849.0 83 101
849.0 84 85
850.5 10 14
850.5 10 15
852.0 140 141
852.0 140 142
853.5 28 50
853.5 28 51
855.0 84 90
855.0 84 91
856.5 29 40
856.5 29 41
858.0 104 120
858.0 104 121
859.5 111 115
859.5 111 116
861.0 155 170
861.0 155 171
862.5 90 96
862.5 90 97
864.0 34 35
864.0 34 36
865.5 134 143
865.5 134 144
867.0 5 13
867.0 5 14
868.5 82 97
868.5 82 98
870.0 131 140
870.0 131 141
871.5 81 93
871.5 81 94
873.0 60 71
873.0 60 72
874.5 135 149
874.5 135 150
876.0 66 70
876.0 66 71
877.5 5 6
877.5 5 12
879.0 157 166
879.0 157 167
880.5 158 177
880.5 159 160
882.0 64 71
882.0 64 72
883.5 114 118
883.5 114 119
885.0 106 118
885.0 106 119
886.5 52 72
886.5 52 73
888.0 140 143
888.0 140 144
889.5 52 53
889.5 52 71
891.0 131 144
891.0 131 145
892.5 40 48
892.5 41 42
894.0 4 17
894.0 4 18
895.5 115 123
895.5 116 117
897.0 127 151
897.0 127 152
898.5 108 121
898.5 108 122
900.0 56 69
900.0 56 70
901.5 39 48
901.5 40 41
903.0 107 115
903.0 107 116
904.5 115 121
904.5 115 122
906.0 189 195
906.0 189 196
907.5 185 187
907.5 185 188
909.0 81 99
909.0 81 100
910.5 91 95
910.5 91 96
912.0 43 46
912.0 44 45
913.5 37 47
913.5 37 48
915.0 69 71
915.0 70 71
916.5 57 64
916.5 57 65
918.0 186 188
918.0 186 189
919.5 137 139
919.5 137 140
921.0 79 97
921.0 79 98
922.5 155 168
922.5 155 169
924.0 57 74
924.0 57 75
925.5 8 26
925.5 9 10
927.0 84 86
927.0 84 87
928.5 4 21
928.5 4 22
930.0 9 13
930.0 9 14
931.5 33 46
931.5 33 47
933.0 82 91
933.0 82 92
934.5 110 124
934.5 110 125
936.0 128 144
936.0 128 145
937.5 86 92
937.5 86 93
939.0 106 116
939.0 106 117
940.5 30 40
940.5 30 41
942.0 61 69
942.0 61 70
943.5 41 43
943.5 41 44
945.0 39 40
945.0 39 41
946.5 155 156
946.5 155 165
948.0 168 171
948.0 168 172
949.5 13 19
949.5 13 20
951.0 104 116
951.0 104 117
952.5 55 77
952.5 56 57
954.0 89 93
954.0 89 94
955.5 89 95
955.5 89 96
957.0 82 99
957.0 82 100
958.5 131 152
958.5 132 133
960.0 9 23
960.0 9 24
961.5 11 24
961.5 12 13
963.0 28 48
963.0 28 49
964.5 159 167
964.5 159 168
966.0 169 172
966.0 170 171
967.5 5 15
967.5 5 16
969.0 154 168
969.0 154 169
970.5 10 24
970.5 10 25
972.0 3 18
972.0 3 19
973.5 106 122
973.5 106 123
975.0 96 97
975.0 97 98
976.5 116 120
976.5 116 121
978.0 8 18
978.0 8 19
979.5 109 112
979.5 109 113
981.0 135 141
981.0 135 142
982.5 54 73
982.5 54 74
984.0 132 149
984.0 132 150
985.5 121 122
985.5 122 123
987.0 90 94
987.0 90 95
988.5 91 93
988.5 91 94
990.0 62 74
990.0 63 64
991.5 6 17
991.5 6 18
993.0 139 140
993.0 139 141
994.5 186 198
994.5 186 199
996.0 157 164
996.0 157 165
997.5 132 137
997.5 132 138
999.0 61 71
999.0 61 72
1000.5 192 193
1000.5 192 194
1002.0 86 90
1002.0 86 91
1003.5 161 168
1003.5 161 169
1005.0 184 185
1005.0 184 186
1006.5 156 168
1006.5 156 169
1008.0 62 66
1008.0 62 67
1009.5 35 46
1009.5 35 47
1011.0 138 147
1011.0 138 148
1012.5 87 93
1012.5 87 94
1014.0 3 26
1014.0 3 27
1015.5 127 128
1015.5 127 148
1017.0 39 46
1017.0 39 47
1018.5 177 178
1018.5 178 179
1020.0 102 127
1020.0 102 152
1021.5 2 51
1021.5 2 52
1023.0 106 114
1023.0 106 115
1024.5 161 164
1024.5 161 165
1026.0 9 17
1026.0 9 18
1027.5 4 5
1027.5 4 14
1029.0 38 44
1029.0 38 45
1030.5 156 170
1030.5 156 171
1032.0 132 141
1032.0 132 142
1033.5 54 77
1033.5 55 56
1035.0 169 170
1035.0 169 171
1036.5 184 193
1036.5 184 194
1038.0 79 99
1038.0 79 100
1039.5 179 193
1039.5 179 194
1041.0 157 158
1041.0 157 161
1042.5 193 198
1042.5 194 195
1044.0 188 193
1044.0 188 194
1045.5 25 26
1045.5 26 27
1047.0 136 144
1047.0 136 145
1048.5 58 68
1048.5 58 69
1050.0 58 60
1050.0 58 61
1051.5 14 15
1051.5 14 16
1053.0 117 122
1053.0 118 119
1054.5 129 144
1054.5 129 145
1056.0 53 71
1056.0 53 72
1057.5 133 140
1057.5 133 141
1059.0 7 16
1059.0 7 17
1060.5 90 92
1060.5 90 93
1062.0 186 190
1062.0 186 191
1063.5 11 18
1063.5 11 19
1065.0 56 61
1065.0 56 62
1066.5 12 14
1066.5 12 15
1068.0 110 120
1068.0 110 121
1069.5 139 144
1069.5 139 145
1071.0 37 45
1071.0 37 46
1072.5 17 19
1072.5 17 20
1074.0 92 95
1074.0 92 96
1075.5 2 20
1075.5 2 21
1077.0 115 117
1077.0 115 118
1078.5 79 91
1078.5 79 92
1080.0 82 93
1080.0 82 94
1081.5 7 14
1081.5 7 15
1083.0 83 99
1083.0 83 100
1084.5 14 23
1084.5 15 16
1086.0 104 122
1086.0 104 123
1087.5 78 79
1087.5 78 93
1089.0 55 71
1089.0 55 72
1090.5 80 89
1090.5 80 90
1092.0 34 43
1092.0 34 44
1093.5 61 67
1093.5 61 68
1095.0 187 188
1095.0 187 189
1096.5 102 177
1096.5 103 104
1098.0 6 23
1098.0 6 24
1099.5 163 168
1099.5 163 169
1101.0 58 66
1101.0 58 67
1102.5 77 102
1102.5 77 127
1104.0 58 64
1104.0 58 65
1105.5 31 39
1105.5 31 40
1107.0 60 67
1107.0 60 68
1108.5 54 75
1108.5 54 76
1110.0 198 199
1111.5 162 172
1111.5 162 173
1113.0 7 18
1113.0 7 19
1114.5 165 170
1114.5 165 171
1116.0 87 99
1116.0 87 100
1117.5 146 147
1117.5 147 148
1119.0 77 152
1119.0 77 177
1120.5 59 61
1120.5 59 62
1122.0 91 97
1122.0 91 98
1123.5 182 194
1123.5 182 195
1125.0 84 94
1125.0 84 95
1126.5 158 161
1126.5 158 162
1128.0 9 15
1128.0 9 16
1129.5 4 19
1129.5 4 20
1131.0 1 27
1131.0 1 51
1132.5 188 199
1132.5 189 190
1134.0 33 42
1134.0 33 43
1135.5 160 167
1135.5 160 168
1137.0 54 65
1137.0 54 66
1138.5 0 1
1138.5 1 2
1140.0 108 111
1140.0 108 112
1141.5 9 11
1141.5 9 12
1143.0 32 44
1143.0 32 45
1144.5 188 189
1144.5 188 190
1146.0 133 144
1146.0 133 145
1147.5 56 73
1147.5 56 74
1149.0 135 137
1149.0 135 138
1150.5 194 196
1150.5 194 197
1152.0 34 49
1152.0 34 50
1153.5 65 67
1153.5 65 68
1155.0 133 142
1155.0 133 143
1156.5 6 15
1156.5 6 16
1158.0 128 148
1158.0 128 149
1159.5 57 60
1159.5 57 61
1161.0 13 23
1161.0 13 24
1162.5 1 52
1162.5 1 76
1164.0 173 174
1164.0 174 175
1165.5 134 147
1165.5 134 148
1167.0 155 176
1167.0 155 177
1168.5 133 134
1168.5 133 135
1170.0 27 52
1170.0 27 77
1171.5 2 26
1171.5 2 27
1173.0 73 74
1173.0 74 75
1174.5 133 138
1174.5 133 139
1176.0 162 170
1176.0 162 171
1177.5 131 138
1177.5 131 139
1179.0 114 116
1179.0 114 117
1180.5 62 68
1180.5 62 69
1182.0 108 109
1182.0 108 110
1183.5 134 149
1183.5 134 150
1185.0 33 48
1185.0 33 49
1186.5 86 88
1186.5 86 89
1188.0 78 96
1188.0 78 97
1189.5 3 24
1189.5 3 25
1191.0 135 139
1191.0 135 140
1192.5 29 42
1192.5 29 43
1194.0 78 100
1194.0 78 101
1195.5 158 165
1195.5 158 166
1197.0 29 44
1197.0 29 45
1198.5 38 48
1198.5 38 49
1200.0 130 143
1200.0 130 144
1201.5 40 44
1201.5 40 45
1203.0 142 145
1203.0 142 146
1204.5 156 166
1204.5 156 167
1206.0 40 46
1206.0 40 47
1207.5 6 25
1207.5 6 26
1209.0 112 120
1209.0 112 121
1210.5 129 148
1210.5 129 149
1212.0 34 39
1212.0 34 40
1213.5 131 132
1213.5 131 137
1215.0 34 37
1215.0 34 38
1216.5 4 25
1216.5 4 26
1218.0 166 168
1218.0 166 169
1219.5 179 195
1219.5 179 196
1221.0 80 99
1221.0 80 100
1222.5 11 14
1222.5 11 15
1224.0 77 98
1224.0 77 99
1225.5 138 143
1225.5 138 144
1227.0 160 173
1227.0 160 174
1228.5 183 192
1228.5 183 193
1230.0 143 144
1230.0 143 145
1231.5 110 118
1231.5 110 119
1233.0 81 87
1233.0 81 88
1234.5 87 91
1234.5 87 92
1236.0 80 95
1236.0 80 96
1237.5 119 121
1237.5 120 121
1239.0 110 116
1239.0 110 117
1240.5 65 69
1240.5 65 70
1242.0 36 48
1242.0 36 49
1243.5 103 127
1243.5 104 105
1245.0 31 51
1245.0 32 33
1246.5 8 14
1246.5 8 15
1248.0 113 118
1248.0 113 119
1249.5 180 192
1249.5 180 193
1251.0 31 32
1251.0 31 36
1252.5 132 145
1252.5 132 146
1254.0 182 198
1254.0 182 199
1255.5 2 76
1255.5 2 77
1257.0 165 172
1257.0 165 173
1258.5 183 198
1258.5 183 199
1260.0 187 192
1260.0 187 193
1261.5 78 102
1261.5 79 80
1263.0 111 125
1263.0 112 113
1264.5 162 168
1264.5 162 169
1266.0 37 41
1266.0 37 42
1267.5 32 46
1267.5 32 47
1269.0 52 102
1269.0 52 127
1270.5 163 170
1270.5 163 171
1272.0 112 122
1272.0 112 123
1273.5 84 92
1273.5 84 93
1275.0 158 163
1275.0 158 164
1276.5 7 22
1276.5 7 23
1278.0 184 197
1278.0 184 198
1279.5 117 120
1279.5 117 121
1281.0 52 152
1281.0 52 177
1282.5 161 170
1282.5 161 171
1284.0 103 121
1284.0 103 122
1285.5 105 106
1285.5 105 114
1287.0 189 199
1287.0 190 191
1288.5 156 164
1288.5 156 165
