0 105 115
0 105 116
0 105 117
0 105 118
0 105 119
0 105 120
0 105 121
0 105 122
0 105 123
0 105 124
0 105 125
0 105 126
0 105 127
0 106 107
0 106 112
0 106 113
0 106 114
0 106 115
0 106 116
0 106 117
0 106 118
0 106 119
0 106 120
0 106 121
0 106 122
0 106 123
0 106 124
0 106 125
0 106 126
0 106 127
0 107 108
301 6 22
301 6 23
301 6 24
301 6 25
301 6 26
301 7 8
301 7 9
301 7 10
301 7 11
301 7 12
301 7 13
301 7 14
301 7 15
301 7 16
301 7 17
301 7 18
301 7 19
301 7 20
301 7 21
301 7 22
301 7 23
301 7 24
301 7 25
301 7 26
301 8 9
301 8 10
301 8 11
301 8 12
301 8 13
301 8 14
301 8 15
602 108 123
602 108 124
602 108 125
602 108 126
602 109 110
602 109 111
602 109 112
602 109 113
602 109 114
602 109 115
602 109 116
602 109 117
602 109 118
602 109 119
602 109 120
602 109 121
602 109 122
602 109 123
602 109 124
602 109 125
602 109 126
602 110 111
602 110 112
602 110 113
602 110 114
602 110 115
602 110 116
602 110 117
602 110 118
602 110 119
602 110 120
903 87 96
903 87 97
903 87 98
903 87 99
903 87 100
903 88 89
903 88 90
903 88 91
903 88 92
903 88 93
903 88 94
903 88 95
903 88 96
903 88 97
903 88 98
903 88 99
903 89 90
903 89 91
903 89 92
903 89 93
903 89 94
903 89 95
903 89 96
903 89 97
903 89 98
903 89 99
903 90 91
903 90 92
903 90 93
903 90 94
903 90 95
1204 65 72
1204 65 73
1204 66 67
1204 66 68
1204 66 69
1204 66 70
1204 66 71
1204 66 72
1204 66 73
1204 67 68
1204 67 69
1204 67 70
1204 67 71
1204 67 72
1204 68 69
1204 68 70
1204 68 71
1204 68 72
1204 69 70
1204 69 71
1204 70 71
1204 71 72
1204 72 73
1204 73 74
1204 74 75
1204 75 76
1204 76 77
1204 77 78
1204 77 97
1204 77 98
1204 77 99
1505 56 74
1505 56 75
1505 56 76
1505 57 58
1505 57 59
1505 57 60
1505 57 61
1505 57 62
1505 57 63
1505 57 64
1505 57 65
1505 57 66
1505 57 67
1505 57 68
1505 57 69
1505 57 70
1505 57 71
1505 57 72
1505 57 73
1505 57 74
1505 57 75
1505 57 76
1505 58 59
1505 58 60
1505 58 61
1505 58 62
1505 58 63
1505 58 64
1505 58 65
1505 58 66
1505 58 67
1806 155 176
1806 155 177
1806 156 157
1806 156 163
1806 156 164
1806 156 165
1806 156 166
1806 156 167
1806 156 168
1806 156 169
1806 156 170
1806 156 171
1806 156 172
1806 156 173
1806 156 174
1806 156 175
1806 156 176
1806 156 177
1806 157 158
1806 157 161
1806 157 162
1806 157 163
1806 157 164
1806 157 165
1806 157 166
1806 157 167
1806 157 168
1806 157 169
1806 157 170
1806 157 171
1806 157 172
2107 4 25
2107 4 26
2107 5 6
2107 5 12
2107 5 13
2107 5 14
2107 5 15
2107 5 16
2107 5 17
2107 5 18
2107 5 19
2107 5 20
2107 5 21
2107 5 22
2107 5 23
2107 5 24
2107 5 25
2107 5 26
2107 6 7
2107 6 10
2107 6 11
2107 6 12
2107 6 13
2107 6 14
2107 6 15
2107 6 16
2107 6 17
2107 6 18
2107 6 19
2107 6 20
2107 6 21
2408 80 88
2408 80 89
2408 80 90
2408 80 91
2408 80 92
2408 80 93
2408 80 94
2408 80 95
2408 80 96
2408 80 97
2408 80 98
2408 80 99
2408 80 100
2408 80 101
2408 80 102
2408 81 82
2408 81 86
2408 81 87
2408 81 88
2408 81 89
2408 81 90
2408 81 91
2408 81 92
2408 81 93
2408 81 94
2408 81 95
2408 81 96
2408 81 97
2408 81 98
2408 81 99
2408 81 100
2709 85 92
2709 85 93
2709 85 94
2709 85 95
2709 85 96
2709 85 97
2709 85 98
2709 85 99
2709 85 100
2709 86 87
2709 86 88
2709 86 89
2709 86 90
2709 86 91
2709 86 92
2709 86 93
2709 86 94
2709 86 95
2709 86 96
2709 86 97
2709 86 98
2709 86 99
2709 86 100
2709 87 88
2709 87 89
2709 87 90
2709 87 91
2709 87 92
2709 87 93
2709 87 94
2709 87 95
3010 112 124
3010 112 125
3010 113 114
3010 113 115
3010 113 116
3010 113 117
3010 113 118
3010 113 119
3010 113 120
3010 113 121
3010 113 122
3010 113 123
3010 113 124
3010 114 115
3010 114 116
3010 114 117
3010 114 118
3010 114 119
3010 114 120
3010 114 121
3010 114 122
3010 114 123
3010 114 124
3010 115 116
3010 115 117
3010 115 118
3010 115 119
3010 115 120
3010 115 121
3010 115 122
3010 115 123
3311 130 146
3311 130 147
3311 130 148
3311 130 149
3311 130 150
3311 130 151
3311 130 152
3311 131 132
3311 131 137
3311 131 138
3311 131 139
3311 131 140
3311 131 141
3311 131 142
3311 131 143
3311 131 144
3311 131 145
3311 131 146
3311 131 147
3311 131 148
3311 131 149
3311 131 150
3311 131 151
3311 131 152
3311 132 133
3311 132 135
3311 132 136
3311 132 137
3311 132 138
3311 132 139
3311 132 140
3612 62 70
3612 62 71
3612 62 72
3612 62 73
3612 62 74
3612 63 64
3612 63 65
3612 63 66
3612 63 67
3612 63 68
3612 63 69
3612 63 70
3612 63 71
3612 63 72
3612 63 73
3612 63 74
3612 64 65
3612 64 66
3612 64 67
3612 64 68
3612 64 69
3612 64 70
3612 64 71
3612 64 72
3612 64 73
3612 65 66
3612 65 67
3612 65 68
3612 65 69
3612 65 70
3612 65 71
3913 116 117
3913 116 118
3913 116 119
3913 116 120
3913 116 121
3913 116 122
3913 116 123
3913 117 118
3913 117 119
3913 117 120
3913 117 121
3913 117 122
3913 118 119
3913 118 120
3913 118 121
3913 118 122
3913 119 120
3913 119 121
3913 120 121
3913 121 122
3913 122 123
3913 123 124
3913 124 125
3913 125 126
3913 126 127
3913 127 128
3913 127 148
3913 127 149
3913 127 150
3913 127 151
3913 127 152
4214 15 22
4214 15 23
4214 16 17
4214 16 18
4214 16 19
4214 16 20
4214 16 21
4214 16 22
4214 17 18
4214 17 19
4214 17 20
4214 17 21
4214 17 22
4214 18 19
4214 18 20
4214 18 21
4214 19 20
4214 19 21
4214 20 21
4214 21 22
4214 22 23
4214 23 24
4214 24 25
4214 25 26
4214 26 27
4214 27 28
4214 27 45
4214 27 46
4214 27 47
4214 27 48
4214 27 49
4515 12 20
4515 12 21
4515 12 22
4515 12 23
4515 12 24
4515 13 14
4515 13 15
4515 13 16
4515 13 17
4515 13 18
4515 13 19
4515 13 20
4515 13 21
4515 13 22
4515 13 23
4515 13 24
4515 14 15
4515 14 16
4515 14 17
4515 14 18
4515 14 19
4515 14 20
4515 14 21
4515 14 22
4515 14 23
4515 15 16
4515 15 17
4515 15 18
4515 15 19
4515 15 20
4515 15 21
4816 153 171
4816 153 172
4816 153 173
4816 153 174
4816 153 175
4816 153 176
4816 153 177
4816 154 155
4816 154 167
4816 154 168
4816 154 169
4816 154 170
4816 154 171
4816 154 172
4816 154 173
4816 154 174
4816 154 175
4816 154 176
4816 154 177
4816 155 156
4816 155 165
4816 155 166
4816 155 167
4816 155 168
4816 155 169
4816 155 170
4816 155 171
4816 155 172
4816 155 173
4816 155 174
4816 155 175
5117 186 193
5117 186 194
5117 186 195
5117 186 196
5117 186 197
5117 186 198
5117 186 199
5117 187 188
5117 187 189
5117 187 190
5117 187 191
5117 187 192
5117 187 193
5117 187 194
5117 187 195
5117 187 196
5117 187 197
5117 187 198
5117 187 199
5117 188 189
5117 188 190
5117 188 191
5117 188 192
5117 188 193
5117 188 194
5117 188 195
5117 188 196
5117 188 197
5117 188 198
5117 188 199
5117 189 190
5418 157 173
5418 157 174
5418 157 175
5418 157 176
5418 157 177
5418 158 159
5418 158 160
5418 158 161
5418 158 162
5418 158 163
5418 158 164
5418 158 165
5418 158 166
5418 158 167
5418 158 168
5418 158 169
5418 158 170
5418 158 171
5418 158 172
5418 158 173
5418 158 174
5418 158 175
5418 158 176
5418 158 177
5418 159 160
5418 159 161
5418 159 162
5418 159 163
5418 159 164
5418 159 165
5418 159 166
5719 31 47
5719 31 48
5719 31 49
5719 31 50
5719 31 51
5719 32 33
5719 32 34
5719 32 35
5719 32 36
5719 32 37
5719 32 38
5719 32 39
5719 32 40
5719 32 41
5719 32 42
5719 32 43
5719 32 44
5719 32 45
5719 32 46
5719 32 47
5719 32 48
5719 32 49
5719 32 50
5719 32 51
5719 33 34
5719 33 35
5719 33 36
5719 33 37
5719 33 38
5719 33 39
5719 33 40
6020 132 141
6020 132 142
6020 132 143
6020 132 144
6020 132 145
6020 132 146
6020 132 147
6020 132 148
6020 132 149
6020 132 150
6020 132 151
6020 132 152
6020 133 134
6020 133 135
6020 133 136
6020 133 137
6020 133 138
6020 133 139
6020 133 140
6020 133 141
6020 133 142
6020 133 143
6020 133 144
6020 133 145
6020 133 146
6020 133 147
6020 133 148
6020 133 149
6020 133 150
6020 133 151
6020 134 135
6321 179 197
6321 179 198
6321 179 199
6321 180 181
6321 180 190
6321 180 191
6321 180 192
6321 180 193
6321 180 194
6321 180 195
6321 180 196
6321 180 197
6321 180 198
6321 180 199
6321 181 182
6321 181 188
6321 181 189
6321 181 190
6321 181 191
6321 181 192
6321 181 193
6321 181 194
6321 181 195
6321 181 196
6321 181 197
6321 181 198
6321 181 199
6321 182 183
6321 182 186
6321 182 187
6321 182 188
6622 58 68
6622 58 69
6622 58 70
6622 58 71
6622 58 72
6622 58 73
6622 58 74
6622 58 75
6622 58 76
6622 59 60
6622 59 61
6622 59 62
6622 59 63
6622 59 64
6622 59 65
6622 59 66
6622 59 67
6622 59 68
6622 59 69
6622 59 70
6622 59 71
6622 59 72
6622 59 73
6622 59 74
6622 59 75
6622 59 76
6622 60 61
6622 60 62
6622 60 63
6622 60 64
6622 60 65
6923 8 16
6923 8 17
6923 8 18
6923 8 19
6923 8 20
6923 8 21
6923 8 22
6923 8 23
6923 8 24
6923 8 25
6923 8 26
6923 9 10
6923 9 11
6923 9 12
6923 9 13
6923 9 14
6923 9 15
6923 9 16
6923 9 17
6923 9 18
6923 9 19
6923 9 20
6923 9 21
6923 9 22
6923 9 23
6923 9 24
6923 9 25
6923 10 11
6923 10 12
6923 10 13
6923 10 14
7224 2 102
7224 2 126
7224 2 127
7224 2 151
7224 2 152
7224 2 176
7224 2 177
7224 3 4
7224 3 17
7224 3 18
7224 3 19
7224 3 20
7224 3 21
7224 3 22
7224 3 23
7224 3 24
7224 3 25
7224 3 26
7224 3 27
7224 4 5
7224 4 14
7224 4 15
7224 4 16
7224 4 17
7224 4 18
7224 4 19
7224 4 20
7224 4 21
7224 4 22
7224 4 23
7224 4 24
7525 35 40
7525 35 41
7525 35 42
7525 35 43
7525 35 44
7525 35 45
7525 35 46
7525 35 47
7525 35 48
7525 35 49
7525 35 50
7525 36 37
7525 36 38
7525 36 39
7525 36 40
7525 36 41
7525 36 42
7525 36 43
7525 36 44
7525 36 45
7525 36 46
7525 36 47
7525 36 48
7525 36 49
7525 36 50
7525 37 38
7525 37 39
7525 37 40
7525 37 41
7525 37 42
7525 37 43
7826 161 167
7826 161 168
7826 161 169
7826 161 170
7826 161 171
7826 161 172
7826 161 173
7826 161 174
7826 161 175
7826 161 176
7826 162 163
7826 162 164
7826 162 165
7826 162 166
7826 162 167
7826 162 168
7826 162 169
7826 162 170
7826 162 171
7826 162 172
7826 162 173
7826 162 174
7826 162 175
7826 163 164
7826 163 165
7826 163 166
7826 163 167
7826 163 168
7826 163 169
7826 163 170
7826 163 171
8127 77 100
8127 77 101
8127 77 102
8127 77 127
8127 77 152
8127 77 177
8127 78 79
8127 78 93
8127 78 94
8127 78 95
8127 78 96
8127 78 97
8127 78 98
8127 78 99
8127 78 100
8127 78 101
8127 78 102
8127 79 80
8127 79 91
8127 79 92
8127 79 93
8127 79 94
8127 79 95
8127 79 96
8127 79 97
8127 79 98
8127 79 99
8127 79 100
8127 79 101
8127 79 102
8127 80 81
8428 107 110
8428 107 111
8428 107 112
8428 107 113
8428 107 114
8428 107 115
8428 107 116
8428 107 117
8428 107 118
8428 107 119
8428 107 120
8428 107 121
8428 107 122
8428 107 123
8428 107 124
8428 107 125
8428 107 126
8428 108 109
8428 108 110
8428 108 111
8428 108 112
8428 108 113
8428 108 114
8428 108 115
8428 108 116
8428 108 117
8428 108 118
8428 108 119
8428 108 120
8428 108 121
8428 108 122
8729 182 189
8729 182 190
8729 182 191
8729 182 192
8729 182 193
8729 182 194
8729 182 195
8729 182 196
8729 182 197
8729 182 198
8729 182 199
8729 183 184
8729 183 185
8729 183 186
8729 183 187
8729 183 188
8729 183 189
8729 183 190
8729 183 191
8729 183 192
8729 183 193
8729 183 194
8729 183 195
8729 183 196
8729 183 197
8729 183 198
8729 183 199
8729 184 185
8729 184 186
8729 184 187
8729 184 188
9030 60 66
9030 60 67
9030 60 68
9030 60 69
9030 60 70
9030 60 71
9030 60 72
9030 60 73
9030 60 74
9030 60 75
9030 61 62
9030 61 63
9030 61 64
9030 61 65
9030 61 66
9030 61 67
9030 61 68
9030 61 69
9030 61 70
9030 61 71
9030 61 72
9030 61 73
9030 61 74
9030 61 75
9030 62 63
9030 62 64
9030 62 65
9030 62 66
9030 62 67
9030 62 68
9030 62 69
9331 134 136
9331 134 137
9331 134 138
9331 134 139
9331 134 140
9331 134 141
9331 134 142
9331 134 143
9331 134 144
9331 134 145
9331 134 146
9331 134 147
9331 134 148
9331 134 149
9331 134 150
9331 134 151
9331 135 136
9331 135 137
9331 135 138
9331 135 139
9331 135 140
9331 135 141
9331 135 142
9331 135 143
9331 135 144
9331 135 145
9331 135 146
9331 135 147
9331 135 148
9331 135 149
9331 135 150
9632 10 15
9632 10 16
9632 10 17
9632 10 18
9632 10 19
9632 10 20
9632 10 21
9632 10 22
9632 10 23
9632 10 24
9632 10 25
9632 11 12
9632 11 13
9632 11 14
9632 11 15
9632 11 16
9632 11 17
9632 11 18
9632 11 19
9632 11 20
9632 11 21
9632 11 22
9632 11 23
9632 11 24
9632 12 13
9632 12 14
9632 12 15
9632 12 16
9632 12 17
9632 12 18
9632 12 19
9933 37 44
9933 37 45
9933 37 46
9933 37 47
9933 37 48
9933 37 49
9933 38 39
9933 38 40
9933 38 41
9933 38 42
9933 38 43
9933 38 44
9933 38 45
9933 38 46
9933 38 47
9933 38 48
9933 38 49
9933 39 40
9933 39 41
9933 39 42
9933 39 43
9933 39 44
9933 39 45
9933 39 46
9933 39 47
9933 39 48
9933 40 41
9933 40 42
9933 40 43
9933 40 44
9933 40 45
10234 40 46
10234 40 47
10234 40 48
10234 41 42
10234 41 43
10234 41 44
10234 41 45
10234 41 46
10234 41 47
10234 42 43
10234 42 44
10234 42 45
10234 42 46
10234 42 47
10234 43 44
10234 43 45
10234 43 46
10234 44 45
10234 44 46
10234 45 46
10234 46 47
10234 47 48
10234 48 49
10234 49 50
10234 50 51
10234 51 52
10234 52 53
10234 52 71
10234 52 72
10234 52 73
10234 52 74
10535 159 167
10535 159 168
10535 159 169
10535 159 170
10535 159 171
10535 159 172
10535 159 173
10535 159 174
10535 159 175
10535 159 176
10535 160 161
10535 160 162
10535 160 163
10535 160 164
10535 160 165
10535 160 166
10535 160 167
10535 160 168
10535 160 169
10535 160 170
10535 160 171
10535 160 172
10535 160 173
10535 160 174
10535 160 175
10535 160 176
10535 161 162
10535 161 163
10535 161 164
10535 161 165
10535 161 166
10836 110 121
10836 110 122
10836 110 123
10836 110 124
10836 110 125
10836 110 126
10836 111 112
10836 111 113
10836 111 114
10836 111 115
10836 111 116
10836 111 117
10836 111 118
10836 111 119
10836 111 120
10836 111 121
10836 111 122
10836 111 123
10836 111 124
10836 111 125
10836 112 113
10836 112 114
10836 112 115
10836 112 116
10836 112 117
10836 112 118
10836 112 119
10836 112 120
10836 112 121
10836 112 122
10836 112 123
11137 81 101
11137 81 102
11137 82 83
11137 82 84
11137 82 85
11137 82 86
11137 82 87
11137 82 88
11137 82 89
11137 82 90
11137 82 91
11137 82 92
11137 82 93
11137 82 94
11137 82 95
11137 82 96
11137 82 97
11137 82 98
11137 82 99
11137 82 100
11137 82 101
11137 83 84
11137 83 85
11137 83 86
11137 83 87
11137 83 88
11137 83 89
11137 83 90
11137 83 91
11137 83 92
11137 83 93
11438 33 41
11438 33 42
11438 33 43
11438 33 44
11438 33 45
11438 33 46
11438 33 47
11438 33 48
11438 33 49
11438 33 50
11438 33 51
11438 34 35
11438 34 36
11438 34 37
11438 34 38
11438 34 39
11438 34 40
11438 34 41
11438 34 42
11438 34 43
11438 34 44
11438 34 45
11438 34 46
11438 34 47
11438 34 48
11438 34 49
11438 34 50
11438 35 36
11438 35 37
11438 35 38
11438 35 39
11739 138 142
11739 138 143
11739 138 144
11739 138 145
11739 138 146
11739 138 147
11739 138 148
11739 138 149
11739 138 150
11739 139 140
11739 139 141
11739 139 142
11739 139 143
11739 139 144
11739 139 145
11739 139 146
11739 139 147
11739 139 148
11739 139 149
11739 140 141
11739 140 142
11739 140 143
11739 140 144
11739 140 145
11739 140 146
11739 140 147
11739 140 148
11739 140 149
11739 141 142
11739 141 143
11739 141 144
12040 54 77
12040 55 56
12040 55 63
12040 55 64
12040 55 65
12040 55 66
12040 55 67
12040 55 68
12040 55 69
12040 55 70
12040 55 71
12040 55 72
12040 55 73
12040 55 74
12040 55 75
12040 55 76
12040 55 77
12040 56 57
12040 56 61
12040 56 62
12040 56 63
12040 56 64
12040 56 65
12040 56 66
12040 56 67
12040 56 68
12040 56 69
12040 56 70
12040 56 71
12040 56 72
12040 56 73
12341 189 191
12341 189 192
12341 189 193
12341 189 194
12341 189 195
12341 189 196
12341 189 197
12341 189 198
12341 189 199
12341 190 191
12341 190 192
12341 190 193
12341 190 194
12341 190 195
12341 190 196
12341 190 197
12341 190 198
12341 190 199
12341 191 192
12341 191 193
12341 191 194
12341 191 195
12341 191 196
12341 191 197
12341 191 198
12341 191 199
12341 192 193
12341 192 194
12341 192 195
12341 192 196
12341 192 197
12642 135 151
12642 136 137
12642 136 138
12642 136 139
12642 136 140
12642 136 141
12642 136 142
12642 136 143
12642 136 144
12642 136 145
12642 136 146
12642 136 147
12642 136 148
12642 136 149
12642 136 150
12642 137 138
12642 137 139
12642 137 140
12642 137 141
12642 137 142
12642 137 143
12642 137 144
12642 137 145
12642 137 146
12642 137 147
12642 137 148
12642 137 149
12642 137 150
12642 138 139
12642 138 140
12642 138 141
12943 141 145
12943 141 146
12943 141 147
12943 141 148
12943 142 143
12943 142 144
12943 142 145
12943 142 146
12943 142 147
12943 142 148
12943 143 144
12943 143 145
12943 143 146
12943 143 147
12943 144 145
12943 144 146
12943 144 147
12943 145 146
12943 146 147
12943 147 148
12943 148 149
12943 149 150
12943 150 151
12943 151 152
12943 152 153
12943 152 174
12943 152 175
12943 152 176
12943 152 177
12943 153 154
12943 153 170
13244 184 189
13244 184 190
13244 184 191
13244 184 192
13244 184 193
13244 184 194
13244 184 195
13244 184 196
13244 184 197
13244 184 198
13244 184 199
13244 185 186
13244 185 187
13244 185 188
13244 185 189
13244 185 190
13244 185 191
13244 185 192
13244 185 193
13244 185 194
13244 185 195
13244 185 196
13244 185 197
13244 185 198
13244 185 199
13244 186 187
13244 186 188
13244 186 189
13244 186 190
13244 186 191
13244 186 192
13545 192 198
13545 193 194
13545 193 195
13545 193 196
13545 193 197
13545 193 198
13545 194 195
13545 194 196
13545 194 197
13545 195 196
13545 195 197
13545 196 197
13545 197 198
13545 198 199
13846 27 50
13846 27 51
13846 27 52
13846 27 77
13846 27 102
13846 27 127
13846 27 152
13846 27 176
13846 27 177
13846 28 29
13846 28 42
13846 28 43
13846 28 44
13846 28 45
13846 28 46
13846 28 47
13846 28 48
13846 28 49
13846 28 50
13846 28 51
13846 28 52
13846 29 30
13846 29 40
13846 29 41
13846 29 42
13846 29 43
13846 29 44
13846 29 45
13846 29 46
13846 29 47
13846 29 48
14147 163 172
14147 163 173
14147 163 174
14147 163 175
14147 164 165
14147 164 166
14147 164 167
14147 164 168
14147 164 169
14147 164 170
14147 164 171
14147 164 172
14147 164 173
14147 164 174
14147 165 166
14147 165 167
14147 165 168
14147 165 169
14147 165 170
14147 165 171
14147 165 172
14147 165 173
14147 165 174
14147 166 167
14147 166 168
14147 166 169
14147 166 170
14147 166 171
14147 166 172
14147 166 173
14147 167 168
14448 102 124
14448 102 125
14448 102 126
14448 102 127
14448 102 152
14448 102 177
14448 103 104
14448 103 119
14448 103 120
14448 103 121
14448 103 122
14448 103 123
14448 103 124
14448 103 125
14448 103 126
14448 103 127
14448 104 105
14448 104 116
14448 104 117
14448 104 118
14448 104 119
14448 104 120
14448 104 121
14448 104 122
14448 104 123
14448 104 124
14448 104 125
14448 104 126
14448 104 127
14448 105 106
14448 105 114
14749 83 94
14749 83 95
14749 83 96
14749 83 97
14749 83 98
14749 83 99
14749 83 100
14749 83 101
14749 84 85
14749 84 86
14749 84 87
14749 84 88
14749 84 89
14749 84 90
14749 84 91
14749 84 92
14749 84 93
14749 84 94
14749 84 95
14749 84 96
14749 84 97
14749 84 98
14749 84 99
14749 84 100
14749 84 101
14749 85 86
14749 85 87
14749 85 88
14749 85 89
14749 85 90
14749 85 91
15050 90 96
15050 90 97
15050 90 98
15050 91 92
15050 91 93
15050 91 94
15050 91 95
15050 91 96
15050 91 97
15050 91 98
15050 92 93
15050 92 94
15050 92 95
15050 92 96
15050 92 97
15050 93 94
15050 93 95
15050 93 96
15050 93 97
15050 94 95
15050 94 96
15050 95 96
15050 96 97
15050 97 98
15050 98 99
15050 99 100
15050 100 101
15050 101 102
15050 102 103
15050 102 122
15050 102 123
15351 167 169
15351 167 170
15351 167 171
15351 167 172
15351 167 173
15351 168 169
15351 168 170
15351 168 171
15351 168 172
15351 169 170
15351 169 171
15351 169 172
15351 170 171
15351 171 172
15351 172 173
15351 173 174
15351 174 175
15351 175 176
15351 176 177
15351 177 178
15351 178 179
15351 178 195
15351 178 196
15351 178 197
15351 178 198
15351 178 199
15351 179 180
15351 179 193
15351 179 194
15351 179 195
15351 179 196
15652 0 1
15652 1 2
15652 1 25
15652 1 26
15652 1 27
15652 1 51
15652 1 52
15652 1 76
15652 1 77
15652 1 101
15652 1 102
15652 1 126
15652 1 127
15652 1 151
15652 1 152
15652 1 176
15652 1 177
15652 2 3
15652 2 20
15652 2 21
15652 2 22
15652 2 23
15652 2 24
15652 2 25
15652 2 26
15652 2 27
15652 2 51
15652 2 52
15652 2 76
15652 2 77
15652 2 101
15953 52 75
15953 52 76
15953 52 77
15953 52 102
15953 52 127
15953 52 152
15953 52 177
15953 53 54
15953 53 68
15953 53 69
15953 53 70
15953 53 71
15953 53 72
15953 53 73
15953 53 74
15953 53 75
15953 53 76
15953 53 77
15953 54 55
15953 54 65
15953 54 66
15953 54 67
15953 54 68
15953 54 69
15953 54 70
15953 54 71
15953 54 72
15953 54 73
15953 54 74
15953 54 75
15953 54 76
16254 127 177
16254 128 129
16254 128 144
16254 128 145
16254 128 146
16254 128 147
16254 128 148
16254 128 149
16254 128 150
16254 128 151
16254 128 152
16254 129 130
16254 129 142
16254 129 143
16254 129 144
16254 129 145
16254 129 146
16254 129 147
16254 129 148
16254 129 149
16254 129 150
16254 129 151
16254 129 152
16254 130 131
16254 130 139
16254 130 140
16254 130 141
16254 130 142
16254 130 143
16254 130 144
16254 130 145
16555 29 49
16555 29 50
16555 29 51
16555 29 52
16555 30 31
16555 30 38
16555 30 39
16555 30 40
16555 30 41
16555 30 42
16555 30 43
16555 30 44
16555 30 45
16555 30 46
16555 30 47
16555 30 48
16555 30 49
16555 30 50
16555 30 51
16555 31 32
16555 31 36
16555 31 37
16555 31 38
16555 31 39
16555 31 40
16555 31 41
16555 31 42
16555 31 43
16555 31 44
16555 31 45
16555 31 46
0 105 115
0 105 116
0 105 117
0 105 118
0 105 119
0 105 120
0 105 121
0 105 122
0 105 123
0 105 124
0 105 125
0 105 126
0 105 127
0 106 107
0 106 112
0 106 113
0 106 114
0 106 115
0 106 116
0 106 117
0 106 118
0 106 119
0 106 120
0 106 121
0 106 122
0 106 123
0 106 124
0 106 125
0 106 126
0 106 127
0 107 108
301 6 22
301 6 23
301 6 24
301 6 25
301 6 26
301 7 8
301 7 9
301 7 10
301 7 11
301 7 12
301 7 13
301 7 14
301 7 15
301 7 16
301 7 17
301 7 18
301 7 19
301 7 20
301 7 21
301 7 22
301 7 23
301 7 24
301 7 25
301 7 26
301 8 9
301 8 10
301 8 11
301 8 12
301 8 13
301 8 14
301 8 15
602 108 123
602 108 124
602 108 125
602 108 126
602 109 110
602 109 111
602 109 112
602 109 113
602 109 114
602 109 115
602 109 116
602 109 117
602 109 118
602 109 119
602 109 120
602 109 121
602 109 122
602 109 123
602 109 124
602 109 125
602 109 126
602 110 111
602 110 112
602 110 113
602 110 114
602 110 115
602 110 116
602 110 117
602 110 118
602 110 119
602 110 120
903 87 96
903 87 97
903 87 98
903 87 99
903 87 100
903 88 89
903 88 90
903 88 91
903 88 92
903 88 93
903 88 94
903 88 95
903 88 96
903 88 97
903 88 98
903 88 99
903 89 90
903 89 91
903 89 92
903 89 93
903 89 94
903 89 95
903 89 96
903 89 97
903 89 98
903 89 99
903 90 91
903 90 92
903 90 93
903 90 94
903 90 95
1204 65 72
1204 65 73
1204 66 67
1204 66 68
1204 66 69
1204 66 70
1204 66 71
1204 66 72
1204 66 73
1204 67 68
1204 67 69
1204 67 70
1204 67 71
1204 67 72
1204 68 69
1204 68 70
1204 68 71
1204 68 72
1204 69 70
1204 69 71
1204 70 71
1204 71 72
1204 72 73
1204 73 74
1204 74 75
1204 75 76
1204 76 77
1204 77 78
1204 77 97
1204 77 98
1204 77 99
1505 56 74
1505 56 75
1505 56 76
1505 57 58
1505 57 59
1505 57 60
1505 57 61
1505 57 62
1505 57 63
1505 57 64
1505 57 65
1505 57 66
1505 57 67
1505 57 68
1505 57 69
1505 57 70
1505 57 71
1505 57 72
1505 57 73
1505 57 74
1505 57 75
1505 57 76
1505 58 59
1505 58 60
1505 58 61
1505 58 62
1505 58 63
1505 58 64
1505 58 65
1505 58 66
1505 58 67
1806 155 176
1806 155 177
1806 156 157
1806 156 163
1806 156 164
1806 156 165
1806 156 166
1806 156 167
1806 156 168
1806 156 169
1806 156 170
1806 156 171
1806 156 172
1806 156 173
1806 156 174
1806 156 175
1806 156 176
1806 156 177
1806 157 158
1806 157 161
1806 157 162
1806 157 163
1806 157 164
1806 157 165
1806 157 166
1806 157 167
1806 157 168
1806 157 169
1806 157 170
1806 157 171
1806 157 172
2107 4 25
2107 4 26
2107 5 6
2107 5 12
2107 5 13
2107 5 14
2107 5 15
2107 5 16
2107 5 17
2107 5 18
2107 5 19
2107 5 20
2107 5 21
2107 5 22
2107 5 23
2107 5 24
2107 5 25
2107 5 26
2107 6 7
2107 6 10
2107 6 11
2107 6 12
2107 6 13
2107 6 14
2107 6 15
2107 6 16
2107 6 17
2107 6 18
2107 6 19
2107 6 20
2107 6 21
2408 80 88
2408 80 89
2408 80 90
2408 80 91
2408 80 92
2408 80 93
2408 80 94
2408 80 95
2408 80 96
2408 80 97
2408 80 98
2408 80 99
2408 80 100
2408 80 101
2408 80 102
2408 81 82
2408 81 86
2408 81 87
2408 81 88
2408 81 89
2408 81 90
2408 81 91
2408 81 92
2408 81 93
2408 81 94
2408 81 95
2408 81 96
2408 81 97
2408 81 98
2408 81 99
2408 81 100
2709 85 92
2709 85 93
2709 85 94
2709 85 95
2709 85 96
2709 85 97
2709 85 98
2709 85 99
2709 85 100
2709 86 87
2709 86 88
2709 86 89
2709 86 90
2709 86 91
2709 86 92
2709 86 93
2709 86 94
2709 86 95
2709 86 96
2709 86 97
2709 86 98
2709 86 99
2709 86 100
2709 87 88
2709 87 89
2709 87 90
2709 87 91
2709 87 92
2709 87 93
2709 87 94
2709 87 95
3010 112 124
3010 112 125
3010 113 114
3010 113 115
3010 113 116
3010 113 117
3010 113 118
3010 113 119
3010 113 120
3010 113 121
3010 113 122
3010 113 123
3010 113 124
3010 114 115
3010 114 116
3010 114 117
3010 114 118
3010 114 119
3010 114 120
3010 114 121
3010 114 122
3010 114 123
3010 114 124
3010 115 116
3010 115 117
3010 115 118
3010 115 119
3010 115 120
3010 115 121
3010 115 122
3010 115 123
3311 130 146
3311 130 147
3311 130 148
3311 130 149
3311 130 150
3311 130 151
3311 130 152
3311 131 132
3311 131 137
3311 131 138
3311 131 139
3311 131 140
3311 131 141
3311 131 142
3311 131 143
3311 131 144
3311 131 145
3311 131 146
3311 131 147
3311 131 148
3311 131 149
3311 131 150
3311 131 151
3311 131 152
3311 132 133
3311 132 135
3311 132 136
3311 132 137
3311 132 138
3311 132 139
3311 132 140
3612 62 70
3612 62 71
3612 62 72
3612 62 73
3612 62 74
3612 63 64
3612 63 65
3612 63 66
3612 63 67
3612 63 68
3612 63 69
3612 63 70
3612 63 71
3612 63 72
3612 63 73
3612 63 74
3612 64 65
3612 64 66
3612 64 67
3612 64 68
3612 64 69
3612 64 70
3612 64 71
3612 64 72
3612 64 73
3612 65 66
3612 65 67
3612 65 68
3612 65 69
3612 65 70
3612 65 71
3913 116 117
3913 116 118
3913 116 119
3913 116 120
3913 116 121
3913 116 122
3913 116 123
3913 117 118
3913 117 119
3913 117 120
3913 117 121
3913 117 122
3913 118 119
3913 118 120
3913 118 121
3913 118 122
3913 119 120
3913 119 121
3913 120 121
3913 121 122
3913 122 123
3913 123 124
3913 124 125
3913 125 126
3913 126 127
3913 127 128
3913 127 148
3913 127 149
3913 127 150
3913 127 151
3913 127 152
4214 15 22
4214 15 23
4214 16 17
4214 16 18
4214 16 19
4214 16 20
4214 16 21
4214 16 22
4214 17 18
4214 17 19
4214 17 20
4214 17 21
4214 17 22
4214 18 19
4214 18 20
4214 18 21
4214 19 20
4214 19 21
4214 20 21
4214 21 22
4214 22 23
4214 23 24
4214 24 25
4214 25 26
4214 26 27
4214 27 28
4214 27 45
4214 27 46
4214 27 47
4214 27 48
4214 27 49
4515 12 20
4515 12 21
4515 12 22
4515 12 23
4515 12 24
4515 13 14
4515 13 15
4515 13 16
4515 13 17
4515 13 18
4515 13 19
4515 13 20
4515 13 21
4515 13 22
4515 13 23
4515 13 24
4515 14 15
4515 14 16
4515 14 17
4515 14 18
4515 14 19
4515 14 20
4515 14 21
4515 14 22
4515 14 23
4515 15 16
4515 15 17
4515 15 18
4515 15 19
4515 15 20
4515 15 21
4816 153 171
4816 153 172
4816 153 173
4816 153 174
4816 153 175
4816 153 176
4816 153 177
4816 154 155
4816 154 167
4816 154 168
4816 154 169
4816 154 170
4816 154 171
4816 154 172
4816 154 173
4816 154 174
4816 154 175
4816 154 176
4816 154 177
4816 155 156
4816 155 165
4816 155 166
4816 155 167
4816 155 168
4816 155 169
4816 155 170
4816 155 171
4816 155 172
4816 155 173
4816 155 174
4816 155 175
5117 186 193
5117 186 194
5117 186 195
5117 186 196
5117 186 197
5117 186 198
5117 186 199
5117 187 188
5117 187 189
5117 187 190
5117 187 191
5117 187 192
5117 187 193
5117 187 194
5117 187 195
5117 187 196
5117 187 197
5117 187 198
5117 187 199
5117 188 189
5117 188 190
5117 188 191
5117 188 192
5117 188 193
5117 188 194
5117 188 195
5117 188 196
5117 188 197
5117 188 198
5117 188 199
5117 189 190
5418 157 173
5418 157 174
5418 157 175
5418 157 176
5418 157 177
5418 158 159
5418 158 160
5418 158 161
5418 158 162
5418 158 163
5418 158 164
5418 158 165
5418 158 166
5418 158 167
5418 158 168
5418 158 169
5418 158 170
5418 158 171
5418 158 172
5418 158 173
5418 158 174
5418 158 175
5418 158 176
5418 158 177
5418 159 160
5418 159 161
5418 159 162
5418 159 163
5418 159 164
5418 159 165
5418 159 166
5719 31 47
5719 31 48
5719 31 49
5719 31 50
5719 31 51
5719 32 33
5719 32 34
5719 32 35
5719 32 36
5719 32 37
5719 32 38
5719 32 39
5719 32 40
5719 32 41
5719 32 42
5719 32 43
5719 32 44
5719 32 45
5719 32 46
5719 32 47
5719 32 48
5719 32 49
5719 32 50
5719 32 51
5719 33 34
5719 33 35
5719 33 36
5719 33 37
5719 33 38
5719 33 39
5719 33 40
6020 132 141
6020 132 142
6020 132 143
6020 132 144
6020 132 145
6020 132 146
6020 132 147
6020 132 148
6020 132 149
6020 132 150
6020 132 151
6020 132 152
6020 133 134
6020 133 135
6020 133 136
6020 133 137
6020 133 138
6020 133 139
6020 133 140
6020 133 141
6020 133 142
6020 133 143
6020 133 144
6020 133 145
6020 133 146
6020 133 147
6020 133 148
6020 133 149
6020 133 150
6020 133 151
6020 134 135
6321 179 197
6321 179 198
6321 179 199
6321 180 181
6321 180 190
6321 180 191
6321 180 192
6321 180 193
6321 180 194
6321 180 195
6321 180 196
6321 180 197
6321 180 198
6321 180 199
6321 181 182
6321 181 188
6321 181 189
6321 181 190
6321 181 191
6321 181 192
6321 181 193
6321 181 194
6321 181 195
6321 181 196
6321 181 197
6321 181 198
6321 181 199
6321 182 183
6321 182 186
6321 182 187
6321 182 188
6622 58 68
6622 58 69
6622 58 70
6622 58 71
6622 58 72
6622 58 73
6622 58 74
6622 58 75
6622 58 76
6622 59 60
6622 59 61
6622 59 62
6622 59 63
6622 59 64
6622 59 65
6622 59 66
6622 59 67
6622 59 68
6622 59 69
6622 59 70
6622 59 71
6622 59 72
6622 59 73
6622 59 74
6622 59 75
6622 59 76
6622 60 61
6622 60 62
6622 60 63
6622 60 64
6622 60 65
6923 8 16
6923 8 17
6923 8 18
6923 8 19
6923 8 20
6923 8 21
6923 8 22
6923 8 23
6923 8 24
6923 8 25
6923 8 26
6923 9 10
6923 9 11
6923 9 12
6923 9 13
6923 9 14
6923 9 15
6923 9 16
6923 9 17
6923 9 18
6923 9 19
6923 9 20
6923 9 21
6923 9 22
6923 9 23
6923 9 24
6923 9 25
6923 10 11
6923 10 12
6923 10 13
6923 10 14
7224 2 102
7224 2 126
7224 2 127
7224 2 151
7224 2 152
7224 2 176
7224 2 177
7224 3 4
7224 3 17
7224 3 18
7224 3 19
7224 3 20
7224 3 21
7224 3 22
7224 3 23
7224 3 24
7224 3 25
7224 3 26
7224 3 27
7224 4 5
7224 4 14
7224 4 15
7224 4 16
7224 4 17
7224 4 18
7224 4 19
7224 4 20
7224 4 21
7224 4 22
7224 4 23
7224 4 24
7525 35 40
7525 35 41
7525 35 42
7525 35 43
7525 35 44
7525 35 45
7525 35 46
7525 35 47
7525 35 48
7525 35 49
7525 35 50
7525 36 37
7525 36 38
7525 36 39
7525 36 40
7525 36 41
7525 36 42
7525 36 43
7525 36 44
7525 36 45
7525 36 46
7525 36 47
7525 36 48
7525 36 49
7525 36 50
7525 37 38
7525 37 39
7525 37 40
7525 37 41
7525 37 42
7525 37 43
7826 161 167
7826 161 168
7826 161 169
7826 161 170
7826 161 171
7826 161 172
7826 161 173
7826 161 174
7826 161 175
7826 161 176
7826 162 163
7826 162 164
7826 162 165
7826 162 166
7826 162 167
7826 162 168
7826 162 169
7826 162 170
7826 162 171
7826 162 172
7826 162 173
7826 162 174
7826 162 175
7826 163 164
7826 163 165
7826 163 166
7826 163 167
7826 163 168
7826 163 169
7826 163 170
7826 163 171
8127 77 100
8127 77 101
8127 77 102
8127 77 127
8127 77 152
8127 77 177
8127 78 79
8127 78 93
8127 78 94
8127 78 95
8127 78 96
8127 78 97
8127 78 98
8127 78 99
8127 78 100
8127 78 101
8127 78 102
8127 79 80
8127 79 91
8127 79 92
8127 79 93
8127 79 94
8127 79 95
8127 79 96
8127 79 97
8127 79 98
8127 79 99
8127 79 100
8127 79 101
8127 79 102
8127 80 81
8428 107 110
8428 107 111
8428 107 112
8428 107 113
8428 107 114
8428 107 115
8428 107 116
8428 107 117
8428 107 118
8428 107 119
8428 107 120
8428 107 121
8428 107 122
8428 107 123
8428 107 124
8428 107 125
8428 107 126
8428 108 109
8428 108 110
8428 108 111
8428 108 112
8428 108 113
8428 108 114
8428 108 115
8428 108 116
8428 108 117
8428 108 118
8428 108 119
8428 108 120
8428 108 121
8428 108 122
8729 182 189
8729 182 190
8729 182 191
8729 182 192
8729 182 193
8729 182 194
8729 182 195
8729 182 196
8729 182 197
8729 182 198
8729 182 199
8729 183 184
8729 183 185
8729 183 186
8729 183 187
8729 183 188
8729 183 189
8729 183 190
8729 183 191
8729 183 192
8729 183 193
8729 183 194
8729 183 195
8729 183 196
8729 183 197
8729 183 198
8729 183 199
8729 184 185
8729 184 186
8729 184 187
8729 184 188
9030 60 66
9030 60 67
9030 60 68
9030 60 69
9030 60 70
9030 60 71
9030 60 72
9030 60 73
9030 60 74
9030 60 75
9030 61 62
9030 61 63
9030 61 64
9030 61 65
9030 61 66
9030 61 67
9030 61 68
9030 61 69
9030 61 70
9030 61 71
9030 61 72
9030 61 73
9030 61 74
9030 61 75
9030 62 63
9030 62 64
9030 62 65
9030 62 66
9030 62 67
9030 62 68
9030 62 69
9331 134 136
9331 134 137
9331 134 138
9331 134 139
9331 134 140
9331 134 141
9331 134 142
9331 134 143
9331 134 144
9331 134 145
9331 134 146
9331 134 147
9331 134 148
9331 134 149
9331 134 150
9331 134 151
9331 135 136
9331 135 137
9331 135 138
9331 135 139
9331 135 140
9331 135 141
9331 135 142
9331 135 143
9331 135 144
9331 135 145
9331 135 146
9331 135 147
9331 135 148
9331 135 149
9331 135 150
9632 10 15
9632 10 16
9632 10 17
9632 10 18
9632 10 19
9632 10 20
9632 10 21
9632 10 22
9632 10 23
9632 10 24
9632 10 25
9632 11 12
9632 11 13
9632 11 14
9632 11 15
9632 11 16
9632 11 17
9632 11 18
9632 11 19
9632 11 20
9632 11 21
9632 11 22
9632 11 23
9632 11 24
9632 12 13
9632 12 14
9632 12 15
9632 12 16
9632 12 17
9632 12 18
9632 12 19
9933 37 44
9933 37 45
9933 37 46
9933 37 47
9933 37 48
9933 37 49
9933 38 39
9933 38 40
9933 38 41
9933 38 42
9933 38 43
9933 38 44
9933 38 45
9933 38 46
9933 38 47
9933 38 48
9933 38 49
9933 39 40
9933 39 41
9933 39 42
9933 39 43
9933 39 44
9933 39 45
9933 39 46
9933 39 47
9933 39 48
9933 40 41
9933 40 42
9933 40 43
9933 40 44
9933 40 45
10234 40 46
10234 40 47
10234 40 48
10234 41 42
10234 41 43
10234 41 44
10234 41 45
10234 41 46
10234 41 47
10234 42 43
10234 42 44
10234 42 45
10234 42 46
10234 42 47
10234 43 44
10234 43 45
10234 43 46
10234 44 45
10234 44 46
10234 45 46
10234 46 47
10234 47 48
10234 48 49
10234 49 50
10234 50 51
10234 51 52
10234 52 53
10234 52 71
10234 52 72
10234 52 73
10234 52 74
10535 159 167
10535 159 168
10535 159 169
10535 159 170
10535 159 171
10535 159 172
10535 159 173
10535 159 174
10535 159 175
10535 159 176
10535 160 161
10535 160 162
10535 160 163
10535 160 164
10535 160 165
10535 160 166
10535 160 167
10535 160 168
10535 160 169
10535 160 170
10535 160 171
10535 160 172
10535 160 173
10535 160 174
10535 160 175
10535 160 176
10535 161 162
10535 161 163
10535 161 164
10535 161 165
10535 161 166
10836 110 121
10836 110 122
10836 110 123
10836 110 124
10836 110 125
10836 110 126
10836 111 112
10836 111 113
10836 111 114
10836 111 115
10836 111 116
10836 111 117
10836 111 118
10836 111 119
10836 111 120
10836 111 121
10836 111 122
10836 111 123
10836 111 124
10836 111 125
10836 112 113
10836 112 114
10836 112 115
10836 112 116
10836 112 117
10836 112 118
10836 112 119
10836 112 120
10836 112 121
10836 112 122
10836 112 123
11137 81 101
11137 81 102
11137 82 83
11137 82 84
11137 82 85
11137 82 86
11137 82 87
11137 82 88
11137 82 89
11137 82 90
11137 82 91
11137 82 92
11137 82 93
11137 82 94
11137 82 95
11137 82 96
11137 82 97
11137 82 98
11137 82 99
11137 82 100
11137 82 101
11137 83 84
11137 83 85
11137 83 86
11137 83 87
11137 83 88
11137 83 89
11137 83 90
11137 83 91
11137 83 92
11137 83 93
11438 33 41
11438 33 42
11438 33 43
11438 33 44
11438 33 45
11438 33 46
11438 33 47
11438 33 48
11438 33 49
11438 33 50
11438 33 51
11438 34 35
11438 34 36
11438 34 37
11438 34 38
11438 34 39
11438 34 40
11438 34 41
11438 34 42
11438 34 43
11438 34 44
11438 34 45
11438 34 46
11438 34 47
11438 34 48
11438 34 49
11438 34 50
11438 35 36
11438 35 37
11438 35 38
11438 35 39
11739 138 142
11739 138 143
11739 138 144
11739 138 145
11739 138 146
11739 138 147
11739 138 148
11739 138 149
11739 138 150
11739 139 140
11739 139 141
11739 139 142
11739 139 143
11739 139 144
11739 139 145
11739 139 146
11739 139 147
11739 139 148
11739 139 149
11739 140 141
11739 140 142
11739 140 143
11739 140 144
11739 140 145
11739 140 146
11739 140 147
11739 140 148
11739 140 149
11739 141 142
11739 141 143
11739 141 144
12040 54 77
12040 55 56
12040 55 63
12040 55 64
12040 55 65
12040 55 66
12040 55 67
12040 55 68
12040 55 69
12040 55 70
12040 55 71
12040 55 72
12040 55 73
12040 55 74
12040 55 75
12040 55 76
12040 55 77
12040 56 57
12040 56 61
12040 56 62
12040 56 63
12040 56 64
12040 56 65
12040 56 66
12040 56 67
12040 56 68
12040 56 69
12040 56 70
12040 56 71
12040 56 72
12040 56 73
12341 189 191
12341 189 192
12341 189 193
12341 189 194
12341 189 195
12341 189 196
12341 189 197
12341 189 198
12341 189 199
12341 190 191
12341 190 192
12341 190 193
12341 190 194
12341 190 195
12341 190 196
12341 190 197
12341 190 198
12341 190 199
12341 191 192
12341 191 193
12341 191 194
12341 191 195
12341 191 196
12341 191 197
12341 191 198
12341 191 199
12341 192 193
12341 192 194
12341 192 195
12341 192 196
12341 192 197
12642 135 151
12642 136 137
12642 136 138
12642 136 139
12642 136 140
12642 136 141
12642 136 142
12642 136 143
12642 136 144
12642 136 145
12642 136 146
12642 136 147
12642 136 148
12642 136 149
12642 136 150
12642 137 138
12642 137 139
12642 137 140
12642 137 141
12642 137 142
12642 137 143
12642 137 144
12642 137 145
12642 137 146
12642 137 147
12642 137 148
12642 137 149
12642 137 150
12642 138 139
12642 138 140
12642 138 141
12943 141 145
12943 141 146
12943 141 147
12943 141 148
12943 142 143
12943 142 144
12943 142 145
12943 142 146
12943 142 147
12943 142 148
12943 143 144
12943 143 145
12943 143 146
12943 143 147
12943 144 145
12943 144 146
12943 144 147
12943 145 146
12943 146 147
12943 147 148
12943 148 149
12943 149 150
12943 150 151
12943 151 152
12943 152 153
12943 152 174
12943 152 175
12943 152 176
12943 152 177
12943 153 154
12943 153 170
13244 184 189
13244 184 190
13244 184 191
13244 184 192
13244 184 193
13244 184 194
13244 184 195
13244 184 196
13244 184 197
13244 184 198
13244 184 199
13244 185 186
13244 185 187
13244 185 188
13244 185 189
13244 185 190
13244 185 191
13244 185 192
13244 185 193
13244 185 194
13244 185 195
13244 185 196
13244 185 197
13244 185 198
13244 185 199
13244 186 187
13244 186 188
13244 186 189
13244 186 190
13244 186 191
13244 186 192
13545 192 198
13545 193 194
13545 193 195
13545 193 196
13545 193 197
13545 193 198
13545 194 195
13545 194 196
13545 194 197
13545 195 196
13545 195 197
13545 196 197
13545 197 198
13545 198 199
13846 27 50
13846 27 51
13846 27 52
13846 27 77
13846 27 102
13846 27 127
13846 27 152
13846 27 176
13846 27 177
13846 28 29
13846 28 42
13846 28 43
13846 28 44
13846 28 45
13846 28 46
13846 28 47
13846 28 48
13846 28 49
13846 28 50
13846 28 51
13846 28 52
13846 29 30
13846 29 40
13846 29 41
13846 29 42
13846 29 43
13846 29 44
13846 29 45
13846 29 46
13846 29 47
13846 29 48
14147 163 172
14147 163 173
14147 163 174
14147 163 175
14147 164 165
14147 164 166
14147 164 167
14147 164 168
14147 164 169
14147 164 170
14147 164 171
14147 164 172
14147 164 173
14147 164 174
14147 165 166
14147 165 167
14147 165 168
14147 165 169
14147 165 170
14147 165 171
14147 165 172
14147 165 173
14147 165 174
14147 166 167
14147 166 168
14147 166 169
14147 166 170
14147 166 171
14147 166 172
14147 166 173
14147 167 168
14448 102 124
14448 102 125
14448 102 126
14448 102 127
14448 102 152
14448 102 177
14448 103 104
14448 103 119
14448 103 120
14448 103 121
14448 103 122
14448 103 123
14448 103 124
14448 103 125
14448 103 126
14448 103 127
14448 104 105
14448 104 116
14448 104 117
14448 104 118
14448 104 119
14448 104 120
14448 104 121
14448 104 122
14448 104 123
14448 104 124
14448 104 125
14448 104 126
14448 104 127
14448 105 106
14448 105 114
14749 83 94
14749 83 95
14749 83 96
14749 83 97
14749 83 98
14749 83 99
14749 83 100
14749 83 101
14749 84 85
14749 84 86
14749 84 87
14749 84 88
14749 84 89
14749 84 90
14749 84 91
14749 84 92
14749 84 93
14749 84 94
14749 84 95
14749 84 96
14749 84 97
14749 84 98
14749 84 99
14749 84 100
14749 84 101
14749 85 86
14749 85 87
14749 85 88
14749 85 89
14749 85 90
14749 85 91
15050 90 96
15050 90 97
15050 90 98
15050 91 92
15050 91 93
15050 91 94
15050 91 95
15050 91 96
15050 91 97
15050 91 98
15050 92 93
15050 92 94
15050 92 95
15050 92 96
15050 92 97
15050 93 94
15050 93 95
15050 93 96
15050 93 97
15050 94 95
15050 94 96
15050 95 96
15050 96 97
15050 97 98
15050 98 99
15050 99 100
15050 100 101
15050 101 102
15050 102 103
15050 102 122
15050 102 123
15351 167 169
15351 167 170
15351 167 171
15351 167 172
15351 167 173
15351 168 169
15351 168 170
15351 168 171
15351 168 172
15351 169 170
15351 169 171
15351 169 172
15351 170 171
15351 171 172
15351 172 173
15351 173 174
15351 174 175
15351 175 176
15351 176 177
15351 177 178
15351 178 179
15351 178 195
15351 178 196
15351 178 197
15351 178 198
15351 178 199
15351 179 180
15351 179 193
15351 179 194
15351 179 195
15351 179 196
15652 0 1
15652 1 2
15652 1 25
15652 1 26
15652 1 27
15652 1 51
15652 1 52
15652 1 76
15652 1 77
15652 1 101
15652 1 102
15652 1 126
15652 1 127
15652 1 151
15652 1 152
15652 1 176
15652 1 177
15652 2 3
15652 2 20
15652 2 21
15652 2 22
15652 2 23
15652 2 24
15652 2 25
15652 2 26
15652 2 27
15652 2 51
15652 2 52
15652 2 76
15652 2 77
15652 2 101
15953 52 75
15953 52 76
15953 52 77
15953 52 102
15953 52 127
15953 52 152
15953 52 177
15953 53 54
15953 53 68
15953 53 69
15953 53 70
15953 53 71
15953 53 72
15953 53 73
15953 53 74
15953 53 75
15953 53 76
15953 53 77
15953 54 55
15953 54 65
15953 54 66
15953 54 67
15953 54 68
15953 54 69
15953 54 70
15953 54 71
15953 54 72
15953 54 73
15953 54 74
15953 54 75
15953 54 76
16254 127 177
16254 128 129
16254 128 144
16254 128 145
16254 128 146
16254 128 147
16254 128 148
16254 128 149
16254 128 150
16254 128 151
16254 128 152
16254 129 130
16254 129 142
16254 129 143
16254 129 144
16254 129 145
16254 129 146
16254 129 147
16254 129 148
16254 129 149
16254 129 150
16254 129 151
16254 129 152
16254 130 131
16254 130 139
16254 130 140
16254 130 141
16254 130 142
16254 130 143
16254 130 144
16254 130 145
16555 29 49
16555 29 50
16555 29 51
16555 29 52
16555 30 31
16555 30 38
16555 30 39
16555 30 40
16555 30 41
16555 30 42
16555 30 43
16555 30 44
16555 30 45
16555 30 46
16555 30 47
16555 30 48
16555 30 49
16555 30 50
16555 30 51
16555 31 32
16555 31 36
16555 31 37
16555 31 38
16555 31 39
16555 31 40
16555 31 41
16555 31 42
16555 31 43
16555 31 44
16555 31 45
16555 31 46
0 105 115
0 105 116
0 105 117
0 105 118
0 105 119
0 105 120
0 105 121
0 105 122
0 105 123
0 105 124
0 105 125
0 105 126
0 105 127
0 106 107
0 106 112
0 106 113
0 106 114
0 106 115
0 106 116
0 106 117
0 106 118
0 106 119
0 106 120
0 106 121
0 106 122
0 106 123
0 106 124
0 106 125
0 106 126
0 106 127
0 107 108
301 6 22
301 6 23
301 6 24
301 6 25
301 6 26
301 7 8
301 7 9
301 7 10
301 7 11
301 7 12
301 7 13
301 7 14
301 7 15
301 7 16
301 7 17
301 7 18
301 7 19
301 7 20
301 7 21
301 7 22
301 7 23
301 7 24
301 7 25
301 7 26
301 8 9
301 8 10
301 8 11
301 8 12
301 8 13
301 8 14
301 8 15
602 108 123
602 108 124
602 108 125
602 108 126
602 109 110
602 109 111
602 109 112
602 109 113
602 109 114
602 109 115
602 109 116
602 109 117
602 109 118
602 109 119
602 109 120
602 109 121
602 109 122
602 109 123
602 109 124
602 109 125
602 109 126
602 110 111
602 110 112
602 110 113
602 110 114
602 110 115
602 110 116
602 110 117
602 110 118
602 110 119
602 110 120
903 87 96
903 87 97
903 87 98
903 87 99
903 87 100
903 88 89
903 88 90
903 88 91
903 88 92
903 88 93
903 88 94
903 88 95
903 88 96
903 88 97
903 88 98
903 88 99
903 89 90
903 89 91
903 89 92
903 89 93
903 89 94
903 89 95
903 89 96
903 89 97
903 89 98
903 89 99
903 90 91
903 90 92
903 90 93
903 90 94
903 90 95
1204 65 72
1204 65 73
1204 66 67
1204 66 68
1204 66 69
1204 66 70
1204 66 71
1204 66 72
1204 66 73
1204 67 68
1204 67 69
1204 67 70
1204 67 71
1204 67 72
1204 68 69
1204 68 70
1204 68 71
1204 68 72
1204 69 70
1204 69 71
1204 70 71
1204 71 72
1204 72 73
1204 73 74
1204 74 75
1204 75 76
1204 76 77
1204 77 78
1204 77 97
1204 77 98
1204 77 99
1505 56 74
1505 56 75
1505 56 76
1505 57 58
1505 57 59
1505 57 60
1505 57 61
1505 57 62
1505 57 63
1505 57 64
1505 57 65
1505 57 66
1505 57 67
1505 57 68
1505 57 69
1505 57 70
1505 57 71
1505 57 72
1505 57 73
1505 57 74
1505 57 75
1505 57 76
1505 58 59
1505 58 60
1505 58 61
1505 58 62
1505 58 63
1505 58 64
1505 58 65
1505 58 66
1505 58 67
1806 155 176
1806 155 177
1806 156 157
1806 156 163
1806 156 164
1806 156 165
1806 156 166
1806 156 167
1806 156 168
1806 156 169
1806 156 170
1806 156 171
1806 156 172
1806 156 173
1806 156 174
1806 156 175
1806 156 176
1806 156 177
1806 157 158
1806 157 161
1806 157 162
1806 157 163
1806 157 164
1806 157 165
1806 157 166
1806 157 167
1806 157 168
1806 157 169
1806 157 170
1806 157 171
1806 157 172
2107 4 25
2107 4 26
2107 5 6
2107 5 12
2107 5 13
2107 5 14
2107 5 15
2107 5 16
2107 5 17
2107 5 18
2107 5 19
2107 5 20
2107 5 21
2107 5 22
2107 5 23
2107 5 24
2107 5 25
2107 5 26
2107 6 7
2107 6 10
2107 6 11
2107 6 12
2107 6 13
2107 6 14
2107 6 15
2107 6 16
2107 6 17
2107 6 18
2107 6 19
2107 6 20
2107 6 21
2408 80 88
2408 80 89
2408 80 90
2408 80 91
2408 80 92
2408 80 93
2408 80 94
2408 80 95
2408 80 96
2408 80 97
2408 80 98
2408 80 99
2408 80 100
2408 80 101
2408 80 102
2408 81 82
2408 81 86
2408 81 87
2408 81 88
2408 81 89
2408 81 90
2408 81 91
2408 81 92
2408 81 93
2408 81 94
2408 81 95
2408 81 96
2408 81 97
2408 81 98
2408 81 99
2408 81 100
2709 85 92
2709 85 93
2709 85 94
2709 85 95
2709 85 96
2709 85 97
2709 85 98
2709 85 99
2709 85 100
2709 86 87
2709 86 88
2709 86 89
2709 86 90
2709 86 91
2709 86 92
2709 86 93
2709 86 94
2709 86 95
2709 86 96
2709 86 97
2709 86 98
2709 86 99
2709 86 100
2709 87 88
2709 87 89
2709 87 90
2709 87 91
2709 87 92
2709 87 93
2709 87 94
2709 87 95
3010 112 124
3010 112 125
3010 113 114
3010 113 115
3010 113 116
3010 113 117
3010 113 118
3010 113 119
3010 113 120
3010 113 121
3010 113 122
3010 113 123
3010 113 124
3010 114 115
3010 114 116
3010 114 117
3010 114 118
3010 114 119
3010 114 120
3010 114 121
3010 114 122
3010 114 123
3010 114 124
3010 115 116
3010 115 117
3010 115 118
3010 115 119
3010 115 120
3010 115 121
3010 115 122
3010 115 123
3311 130 146
3311 130 147
3311 130 148
3311 130 149
3311 130 150
3311 130 151
3311 130 152
3311 131 132
3311 131 137
3311 131 138
3311 131 139
3311 131 140
3311 131 141
3311 131 142
3311 131 143
3311 131 144
3311 131 145
3311 131 146
3311 131 147
3311 131 148
3311 131 149
3311 131 150
3311 131 151
3311 131 152
3311 132 133
3311 132 135
3311 132 136
3311 132 137
3311 132 138
3311 132 139
3311 132 140
3612 62 70
3612 62 71
3612 62 72
3612 62 73
3612 62 74
3612 63 64
3612 63 65
3612 63 66
3612 63 67
3612 63 68
3612 63 69
3612 63 70
3612 63 71
3612 63 72
3612 63 73
3612 63 74
3612 64 65
3612 64 66
3612 64 67
3612 64 68
3612 64 69
3612 64 70
3612 64 71
3612 64 72
3612 64 73
3612 65 66
3612 65 67
3612 65 68
3612 65 69
3612 65 70
3612 65 71
3913 116 117
3913 116 118
3913 116 119
3913 116 120
3913 116 121
3913 116 122
3913 116 123
3913 117 118
3913 117 119
3913 117 120
3913 117 121
3913 117 122
3913 118 119
3913 118 120
3913 118 121
3913 118 122
3913 119 120
3913 119 121
3913 120 121
3913 121 122
3913 122 123
3913 123 124
3913 124 125
3913 125 126
3913 126 127
3913 127 128
3913 127 148
3913 127 149
3913 127 150
3913 127 151
3913 127 152
4214 15 22
4214 15 23
4214 16 17
4214 16 18
4214 16 19
4214 16 20
4214 16 21
4214 16 22
4214 17 18
4214 17 19
4214 17 20
4214 17 21
4214 17 22
4214 18 19
4214 18 20
4214 18 21
4214 19 20
4214 19 21
4214 20 21
4214 21 22
4214 22 23
4214 23 24
4214 24 25
4214 25 26
4214 26 27
4214 27 28
4214 27 45
4214 27 46
4214 27 47
4214 27 48
4214 27 49
4515 12 20
4515 12 21
4515 12 22
4515 12 23
4515 12 24
4515 13 14
4515 13 15
4515 13 16
4515 13 17
4515 13 18
4515 13 19
4515 13 20
4515 13 21
4515 13 22
4515 13 23
4515 13 24
4515 14 15
4515 14 16
4515 14 17
4515 14 18
4515 14 19
4515 14 20
4515 14 21
4515 14 22
4515 14 23
4515 15 16
4515 15 17
4515 15 18
4515 15 19
4515 15 20
4515 15 21
4816 153 171
4816 153 172
4816 153 173
4816 153 174
4816 153 175
4816 153 176
4816 153 177
4816 154 155
4816 154 167
4816 154 168
4816 154 169
4816 154 170
4816 154 171
4816 154 172
4816 154 173
4816 154 174
4816 154 175
4816 154 176
4816 154 177
4816 155 156
4816 155 165
4816 155 166
4816 155 167
4816 155 168
4816 155 169
4816 155 170
4816 155 171
4816 155 172
4816 155 173
4816 155 174
4816 155 175
5117 186 193
5117 186 194
5117 186 195
5117 186 196
5117 186 197
5117 186 198
5117 186 199
5117 187 188
5117 187 189
5117 187 190
5117 187 191
5117 187 192
5117 187 193
5117 187 194
5117 187 195
5117 187 196
5117 187 197
5117 187 198
5117 187 199
5117 188 189
5117 188 190
5117 188 191
5117 188 192
5117 188 193
5117 188 194
5117 188 195
5117 188 196
5117 188 197
5117 188 198
5117 188 199
5117 189 190
5418 157 173
5418 157 174
5418 157 175
5418 157 176
5418 157 177
5418 158 159
5418 158 160
5418 158 161
5418 158 162
5418 158 163
5418 158 164
5418 158 165
5418 158 166
5418 158 167
5418 158 168
5418 158 169
5418 158 170
5418 158 171
5418 158 172
5418 158 173
5418 158 174
5418 158 175
5418 158 176
5418 158 177
5418 159 160
5418 159 161
5418 159 162
5418 159 163
5418 159 164
5418 159 165
5418 159 166
5719 31 47
5719 31 48
5719 31 49
5719 31 50
5719 31 51
5719 32 33
5719 32 34
5719 32 35
5719 32 36
5719 32 37
5719 32 38
5719 32 39
5719 32 40
5719 32 41
5719 32 42
5719 32 43
5719 32 44
5719 32 45
5719 32 46
5719 32 47
5719 32 48
5719 32 49
5719 32 50
5719 32 51
5719 33 34
5719 33 35
5719 33 36
5719 33 37
5719 33 38
5719 33 39
5719 33 40
6020 132 141
6020 132 142
6020 132 143
6020 132 144
6020 132 145
6020 132 146
6020 132 147
6020 132 148
6020 132 149
6020 132 150
6020 132 151
6020 132 152
6020 133 134
6020 133 135
6020 133 136
6020 133 137
6020 133 138
6020 133 139
6020 133 140
6020 133 141
6020 133 142
6020 133 143
6020 133 144
6020 133 145
6020 133 146
6020 133 147
6020 133 148
6020 133 149
6020 133 150
6020 133 151
6020 134 135
6321 179 197
6321 179 198
6321 179 199
6321 180 181
6321 180 190
6321 180 191
6321 180 192
6321 180 193
6321 180 194
6321 180 195
6321 180 196
6321 180 197
6321 180 198
6321 180 199
6321 181 182
6321 181 188
6321 181 189
6321 181 190
6321 181 191
6321 181 192
6321 181 193
6321 181 194
6321 181 195
6321 181 196
6321 181 197
6321 181 198
6321 181 199
6321 182 183
6321 182 186
6321 182 187
6321 182 188
6622 58 68
6622 58 69
6622 58 70
6622 58 71
6622 58 72
6622 58 73
6622 58 74
6622 58 75
6622 58 76
6622 59 60
6622 59 61
6622 59 62
6622 59 63
6622 59 64
6622 59 65
6622 59 66
6622 59 67
6622 59 68
6622 59 69
6622 59 70
6622 59 71
6622 59 72
6622 59 73
6622 59 74
6622 59 75
6622 59 76
6622 60 61
6622 60 62
6622 60 63
6622 60 64
6622 60 65
6923 8 16
6923 8 17
6923 8 18
6923 8 19
6923 8 20
6923 8 21
6923 8 22
6923 8 23
6923 8 24
6923 8 25
6923 8 26
6923 9 10
6923 9 11
6923 9 12
6923 9 13
6923 9 14
6923 9 15
6923 9 16
6923 9 17
6923 9 18
6923 9 19
6923 9 20
6923 9 21
6923 9 22
6923 9 23
6923 9 24
6923 9 25
6923 10 11
6923 10 12
6923 10 13
6923 10 14
7224 2 102
7224 2 126
7224 2 127
7224 2 151
7224 2 152
7224 2 176
7224 2 177
7224 3 4
7224 3 17
7224 3 18
7224 3 19
7224 3 20
7224 3 21
7224 3 22
7224 3 23
7224 3 24
7224 3 25
7224 3 26
7224 3 27
7224 4 5
7224 4 14
7224 4 15
7224 4 16
7224 4 17
7224 4 18
7224 4 19
7224 4 20
7224 4 21
7224 4 22
7224 4 23
7224 4 24
7525 35 40
7525 35 41
7525 35 42
7525 35 43
7525 35 44
7525 35 45
7525 35 46
7525 35 47
7525 35 48
7525 35 49
7525 35 50
7525 36 37
7525 36 38
7525 36 39
7525 36 40
7525 36 41
7525 36 42
7525 36 43
7525 36 44
7525 36 45
7525 36 46
7525 36 47
7525 36 48
7525 36 49
7525 36 50
7525 37 38
7525 37 39
7525 37 40
7525 37 41
7525 37 42
7525 37 43
7826 161 167
7826 161 168
7826 161 169
7826 161 170
7826 161 171
7826 161 172
7826 161 173
7826 161 174
7826 161 175
7826 161 176
7826 162 163
7826 162 164
7826 162 165
7826 162 166
7826 162 167
7826 162 168
7826 162 169
7826 162 170
7826 162 171
7826 162 172
7826 162 173
7826 162 174
7826 162 175
7826 163 164
7826 163 165
7826 163 166
7826 163 167
7826 163 168
7826 163 169
7826 163 170
7826 163 171
8127 77 100
8127 77 101
8127 77 102
8127 77 127
8127 77 152
8127 77 177
8127 78 79
8127 78 93
8127 78 94
8127 78 95
8127 78 96
8127 78 97
8127 78 98
8127 78 99
8127 78 100
8127 78 101
8127 78 102
8127 79 80
8127 79 91
8127 79 92
8127 79 93
8127 79 94
8127 79 95
8127 79 96
8127 79 97
8127 79 98
8127 79 99
8127 79 100
8127 79 101
8127 79 102
8127 80 81
8428 107 110
8428 107 111
8428 107 112
8428 107 113
8428 107 114
8428 107 115
8428 107 116
8428 107 117
8428 107 118
8428 107 119
8428 107 120
8428 107 121
8428 107 122
8428 107 123
8428 107 124
8428 107 125
8428 107 126
8428 108 109
8428 108 110
8428 108 111
8428 108 112
8428 108 113
8428 108 114
8428 108 115
8428 108 116
8428 108 117
8428 108 118
8428 108 119
8428 108 120
8428 108 121
8428 108 122
8729 182 189
8729 182 190
8729 182 191
8729 182 192
8729 182 193
8729 182 194
8729 182 195
8729 182 196
8729 182 197
8729 182 198
8729 182 199
8729 183 184
8729 183 185
8729 183 186
8729 183 187
8729 183 188
8729 183 189
8729 183 190
8729 183 191
8729 183 192
8729 183 193
8729 183 194
8729 183 195
8729 183 196
8729 183 197
8729 183 198
8729 183 199
8729 184 185
8729 184 186
8729 184 187
8729 184 188
9030 60 66
9030 60 67
9030 60 68
9030 60 69
9030 60 70
9030 60 71
9030 60 72
9030 60 73
9030 60 74
9030 60 75
9030 61 62
9030 61 63
9030 61 64
9030 61 65
9030 61 66
9030 61 67
9030 61 68
9030 61 69
9030 61 70
9030 61 71
9030 61 72
9030 61 73
9030 61 74
9030 61 75
9030 62 63
9030 62 64
9030 62 65
9030 62 66
9030 62 67
9030 62 68
9030 62 69
9331 134 136
9331 134 137
9331 134 138
9331 134 139
9331 134 140
9331 134 141
9331 134 142
9331 134 143
9331 134 144
9331 134 145
9331 134 146
9331 134 147
9331 134 148
9331 134 149
9331 134 150
9331 134 151
9331 135 136
9331 135 137
9331 135 138
9331 135 139
9331 135 140
9331 135 141
9331 135 142
9331 135 143
9331 135 144
9331 135 145
9331 135 146
9331 135 147
9331 135 148
9331 135 149
9331 135 150
9632 10 15
9632 10 16
9632 10 17
9632 10 18
9632 10 19
9632 10 20
9632 10 21
9632 10 22
9632 10 23
9632 10 24
9632 10 25
9632 11 12
9632 11 13
9632 11 14
9632 11 15
9632 11 16
9632 11 17
9632 11 18
9632 11 19
9632 11 20
9632 11 21
9632 11 22
9632 11 23
9632 11 24
9632 12 13
9632 12 14
9632 12 15
9632 12 16
9632 12 17
9632 12 18
9632 12 19
9933 37 44
9933 37 45
9933 37 46
9933 37 47
9933 37 48
9933 37 49
9933 38 39
9933 38 40
9933 38 41
9933 38 42
9933 38 43
9933 38 44
9933 38 45
9933 38 46
9933 38 47
9933 38 48
9933 38 49
9933 39 40
9933 39 41
9933 39 42
9933 39 43
9933 39 44
9933 39 45
9933 39 46
9933 39 47
9933 39 48
9933 40 41
9933 40 42
9933 40 43
9933 40 44
9933 40 45
10234 40 46
10234 40 47
10234 40 48
10234 41 42
10234 41 43
10234 41 44
10234 41 45
10234 41 46
10234 41 47
10234 42 43
10234 42 44
10234 42 45
10234 42 46
10234 42 47
10234 43 44
10234 43 45
10234 43 46
10234 44 45
10234 44 46
10234 45 46
10234 46 47
10234 47 48
10234 48 49
10234 49 50
10234 50 51
10234 51 52
10234 52 53
10234 52 71
10234 52 72
10234 52 73
10234 52 74
10535 159 167
10535 159 168
10535 159 169
10535 159 170
10535 159 171
10535 159 172
10535 159 173
10535 159 174
10535 159 175
10535 159 176
10535 160 161
10535 160 162
10535 160 163
10535 160 164
10535 160 165
10535 160 166
10535 160 167
10535 160 168
10535 160 169
10535 160 170
10535 160 171
10535 160 172
10535 160 173
10535 160 174
10535 160 175
10535 160 176
10535 161 162
10535 161 163
10535 161 164
10535 161 165
10535 161 166
10836 110 121
10836 110 122
10836 110 123
10836 110 124
10836 110 125
10836 110 126
10836 111 112
10836 111 113
10836 111 114
10836 111 115
10836 111 116
10836 111 117
10836 111 118
10836 111 119
10836 111 120
10836 111 121
10836 111 122
10836 111 123
10836 111 124
10836 111 125
10836 112 113
10836 112 114
10836 112 115
10836 112 116
10836 112 117
10836 112 118
10836 112 119
10836 112 120
10836 112 121
10836 112 122
10836 112 123
11137 81 101
11137 81 102
11137 82 83
11137 82 84
11137 82 85
11137 82 86
11137 82 87
11137 82 88
11137 82 89
11137 82 90
11137 82 91
11137 82 92
11137 82 93
11137 82 94
11137 82 95
11137 82 96
11137 82 97
11137 82 98
11137 82 99
11137 82 100
11137 82 101
11137 83 84
11137 83 85
11137 83 86
11137 83 87
11137 83 88
11137 83 89
11137 83 90
11137 83 91
11137 83 92
11137 83 93
11438 33 41
11438 33 42
11438 33 43
11438 33 44
11438 33 45
11438 33 46
11438 33 47
11438 33 48
11438 33 49
11438 33 50
11438 33 51
11438 34 35
11438 34 36
11438 34 37
11438 34 38
11438 34 39
11438 34 40
11438 34 41
11438 34 42
11438 34 43
11438 34 44
11438 34 45
11438 34 46
11438 34 47
11438 34 48
11438 34 49
11438 34 50
11438 35 36
11438 35 37
11438 35 38
11438 35 39
11739 138 142
11739 138 143
11739 138 144
11739 138 145
11739 138 146
11739 138 147
11739 138 148
11739 138 149
11739 138 150
11739 139 140
11739 139 141
11739 139 142
11739 139 143
11739 139 144
11739 139 145
11739 139 146
11739 139 147
11739 139 148
11739 139 149
11739 140 141
11739 140 142
11739 140 143
11739 140 144
11739 140 145
11739 140 146
11739 140 147
11739 140 148
11739 140 149
11739 141 142
11739 141 143
11739 141 144
12040 54 77
12040 55 56
12040 55 63
12040 55 64
12040 55 65
12040 55 66
12040 55 67
12040 55 68
12040 55 69
12040 55 70
12040 55 71
12040 55 72
12040 55 73
12040 55 74
12040 55 75
12040 55 76
12040 55 77
12040 56 57
12040 56 61
12040 56 62
12040 56 63
12040 56 64
12040 56 65
12040 56 66
12040 56 67
12040 56 68
12040 56 69
12040 56 70
12040 56 71
12040 56 72
12040 56 73
12341 189 191
12341 189 192
12341 189 193
12341 189 194
12341 189 195
12341 189 196
12341 189 197
12341 189 198
12341 189 199
12341 190 191
12341 190 192
12341 190 193
12341 190 194
12341 190 195
12341 190 196
12341 190 197
12341 190 198
12341 190 199
12341 191 192
12341 191 193
12341 191 194
12341 191 195
12341 191 196
12341 191 197
12341 191 198
12341 191 199
12341 192 193
12341 192 194
12341 192 195
12341 192 196
12341 192 197
12642 135 151
12642 136 137
12642 136 138
12642 136 139
12642 136 140
12642 136 141
12642 136 142
12642 136 143
12642 136 144
12642 136 145
12642 136 146
12642 136 147
12642 136 148
12642 136 149
12642 136 150
12642 137 138
12642 137 139
12642 137 140
12642 137 141
12642 137 142
12642 137 143
12642 137 144
12642 137 145
12642 137 146
12642 137 147
12642 137 148
12642 137 149
12642 137 150
12642 138 139
12642 138 140
12642 138 141
12943 141 145
12943 141 146
12943 141 147
12943 141 148
12943 142 143
12943 142 144
12943 142 145
12943 142 146
12943 142 147
12943 142 148
12943 143 144
12943 143 145
12943 143 146
12943 143 147
12943 144 145
12943 144 146
12943 144 147
12943 145 146
12943 146 147
12943 147 148
12943 148 149
12943 149 150
12943 150 151
12943 151 152
12943 152 153
12943 152 174
12943 152 175
12943 152 176
12943 152 177
12943 153 154
12943 153 170
13244 184 189
13244 184 190
13244 184 191
13244 184 192
13244 184 193
13244 184 194
13244 184 195
13244 184 196
13244 184 197
13244 184 198
13244 184 199
13244 185 186
13244 185 187
13244 185 188
13244 185 189
13244 185 190
13244 185 191
13244 185 192
13244 185 193
13244 185 194
13244 185 195
13244 185 196
13244 185 197
13244 185 198
13244 185 199
13244 186 187
13244 186 188
13244 186 189
13244 186 190
13244 186 191
13244 186 192
13545 192 198
13545 193 194
13545 193 195
13545 193 196
13545 193 197
13545 193 198
13545 194 195
13545 194 196
13545 194 197
13545 195 196
13545 195 197
13545 196 197
13545 197 198
13545 198 199
13846 27 50
13846 27 51
13846 27 52
13846 27 77
13846 27 102
13846 27 127
13846 27 152
13846 27 176
13846 27 177
13846 28 29
13846 28 42
13846 28 43
13846 28 44
13846 28 45
13846 28 46
13846 28 47
13846 28 48
13846 28 49
13846 28 50
13846 28 51
13846 28 52
13846 29 30
13846 29 40
13846 29 41
13846 29 42
13846 29 43
13846 29 44
13846 29 45
13846 29 46
13846 29 47
13846 29 48
14147 163 172
14147 163 173
14147 163 174
14147 163 175
14147 164 165
14147 164 166
14147 164 167
14147 164 168
14147 164 169
14147 164 170
14147 164 171
14147 164 172
14147 164 173
14147 164 174
14147 165 166
14147 165 167
14147 165 168
14147 165 169
14147 165 170
14147 165 171
14147 165 172
14147 165 173
14147 165 174
14147 166 167
14147 166 168
14147 166 169
14147 166 170
14147 166 171
14147 166 172
14147 166 173
14147 167 168
14448 102 124
14448 102 125
14448 102 126
14448 102 127
14448 102 152
14448 102 177
14448 103 104
14448 103 119
14448 103 120
14448 103 121
14448 103 122
14448 103 123
14448 103 124
14448 103 125
14448 103 126
14448 103 127
14448 104 105
14448 104 116
14448 104 117
14448 104 118
14448 104 119
14448 104 120
14448 104 121
14448 104 122
14448 104 123
14448 104 124
14448 104 125
14448 104 126
14448 104 127
14448 105 106
14448 105 114
14749 83 94
14749 83 95
14749 83 96
14749 83 97
14749 83 98
14749 83 99
14749 83 100
14749 83 101
14749 84 85
14749 84 86
14749 84 87
14749 84 88
14749 84 89
14749 84 90
14749 84 91
14749 84 92
14749 84 93
14749 84 94
14749 84 95
14749 84 96
14749 84 97
14749 84 98
14749 84 99
14749 84 100
14749 84 101
14749 85 86
14749 85 87
14749 85 88
14749 85 89
14749 85 90
14749 85 91
15050 90 96
15050 90 97
15050 90 98
15050 91 92
15050 91 93
15050 91 94
15050 91 95
15050 91 96
15050 91 97
15050 91 98
15050 92 93
15050 92 94
15050 92 95
15050 92 96
15050 92 97
15050 93 94
15050 93 95
15050 93 96
15050 93 97
15050 94 95
15050 94 96
15050 95 96
15050 96 97
15050 97 98
15050 98 99
15050 99 100
15050 100 101
15050 101 102
15050 102 103
15050 102 122
15050 102 123
15351 167 169
15351 167 170
15351 167 171
15351 167 172
15351 167 173
15351 168 169
15351 168 170
15351 168 171
15351 168 172
15351 169 170
15351 169 171
15351 169 172
15351 170 171
15351 171 172
15351 172 173
15351 173 174
15351 174 175
15351 175 176
15351 176 177
15351 177 178
15351 178 179
15351 178 195
15351 178 196
15351 178 197
15351 178 198
15351 178 199
15351 179 180
15351 179 193
15351 179 194
15351 179 195
15351 179 196
15652 0 1
15652 1 2
15652 1 25
15652 1 26
15652 1 27
15652 1 51
15652 1 52
15652 1 76
15652 1 77
15652 1 101
15652 1 102
15652 1 126
15652 1 127
15652 1 151
15652 1 152
15652 1 176
15652 1 177
15652 2 3
15652 2 20
15652 2 21
15652 2 22
15652 2 23
15652 2 24
15652 2 25
15652 2 26
15652 2 27
15652 2 51
15652 2 52
15652 2 76
15652 2 77
15652 2 101
15953 52 75
15953 52 76
15953 52 77
15953 52 102
15953 52 127
15953 52 152
15953 52 177
15953 53 54
15953 53 68
15953 53 69
15953 53 70
15953 53 71
15953 53 72
15953 53 73
15953 53 74
15953 53 75
15953 53 76
15953 53 77
15953 54 55
15953 54 65
15953 54 66
15953 54 67
15953 54 68
15953 54 69
15953 54 70
15953 54 71
15953 54 72
15953 54 73
15953 54 74
15953 54 75
15953 54 76
16254 127 177
16254 128 129
16254 128 144
16254 128 145
16254 128 146
16254 128 147
16254 128 148
16254 128 149
16254 128 150
16254 128 151
16254 128 152
16254 129 130
16254 129 142
16254 129 143
16254 129 144
16254 129 145
16254 129 146
16254 129 147
16254 129 148
16254 129 149
16254 129 150
16254 129 151
16254 129 152
16254 130 131
16254 130 139
16254 130 140
16254 130 141
16254 130 142
16254 130 143
16254 130 144
16254 130 145
16555 29 49
16555 29 50
16555 29 51
16555 29 52
16555 30 31
16555 30 38
16555 30 39
16555 30 40
16555 30 41
16555 30 42
16555 30 43
16555 30 44
16555 30 45
16555 30 46
16555 30 47
16555 30 48
16555 30 49
16555 30 50
16555 30 51
16555 31 32
16555 31 36
16555 31 37
16555 31 38
16555 31 39
16555 31 40
16555 31 41
16555 31 42
16555 31 43
16555 31 44
16555 31 45
16555 31 46
