0 33 38
0 33 39
1.5 106 126
1.5 106 127
3.0 1 25
3.0 1 26
4.5 9 15
4.5 9 16
6.0 89 95
6.0 89 96
7.5 110 120
7.5 110 121
9.0 31 37
9.0 31 38
10.5 35 48
10.5 35 49
12.0 7 16
12.0 7 17
13.5 192 193
13.5 192 194
15.0 178 195
15.0 178 196
16.5 77 78
16.5 77 97
18.0 133 146
18.0 133 147
19.5 159 165
19.5 159 166
21.0 5 15
21.0 5 16
22.5 37 41
22.5 37 42
24.0 64 65
24.0 64 66
25.5 160 163
25.5 160 164
27.0 159 167
27.0 159 168
28.5 11 14
28.5 11 15
30.0 154 176
30.0 154 177
31.5 121 122
31.5 122 123
33.0 7 26
33.0 8 9
34.5 128 152
34.5 129 130
36.0 103 125
36.0 103 126
37.5 91 93
37.5 91 94
39.0 181 199
39.0 182 183
40.5 164 173
40.5 164 174
42.0 31 39
42.0 31 40
43.5 58 68
43.5 58 69
45.0 133 136
45.0 133 137
46.5 114 118
46.5 114 119
48.0 13 23
48.0 13 24
49.5 79 97
49.5 79 98
51.0 2 176
51.0 2 177
52.5 105 115
52.5 105 116
54.0 85 90
54.0 85 91
55.5 41 43
55.5 41 44
57.0 3 20
57.0 3 21
58.5 41 47
58.5 42 43
60.0 28 48
60.0 28 49
61.5 27 102
61.5 27 127
63.0 60 63
63.0 60 64
64.5 82 91
64.5 82 92
66.0 159 169
66.0 159 170
67.5 158 169
67.5 158 170
69.0 8 14
69.0 8 15
70.5 158 165
70.5 158 166
72.0 132 143
72.0 132 144
73.5 190 198
73.5 190 199
75.0 164 165
75.0 164 166
76.5 57 62
76.5 57 63
78.0 63 73
78.0 63 74
79.5 36 42
79.5 36 43
81.0 42 44
81.0 42 45
82.5 135 149
82.5 135 150
84.0 113 122
84.0 113 123
85.5 103 119
85.5 103 120
87.0 136 142
87.0 136 143
88.5 31 47
88.5 31 48
90.0 193 196
90.0 193 197
91.5 3 4
91.5 3 17
93.0 28 42
93.0 28 43
94.5 62 74
94.5 63 64
96.0 193 194
96.0 193 195
97.5 8 16
97.5 8 17
99.0 8 18
99.0 8 19
100.5 53 71
100.5 53 72
102.0 5 25
102.0 5 26
103.5 181 189
103.5 181 190
105.0 16 22
105.0 17 18
106.5 80 99
106.5 80 100
108.0 84 92
108.0 84 93
109.5 168 169
109.5 168 170
111.0 62 64
111.0 62 65
112.5 1 152
112.5 1 176
114.0 59 71
114.0 59 72
115.5 30 44
115.5 30 45
117.0 87 97
117.0 87 98
118.5 90 98
118.5 91 92
120.0 184 189
120.0 184 190
121.5 165 168
121.5 165 169
123.0 16 20
123.0 16 21
124.5 106 112
124.5 106 113
126.0 135 151
126.0 136 137
127.5 181 191
127.5 181 192
129.0 10 14
129.0 10 15
130.5 75 76
130.5 76 77
132.0 133 140
132.0 133 141
133.5 167 170
133.5 167 171
135.0 184 199
135.0 185 186
136.5 185 195
136.5 185 196
138.0 12 14
138.0 12 15
139.5 36 50
139.5 37 38
141.0 6 7
141.0 6 10
142.5 185 193
142.5 185 194
144.0 78 100
144.0 78 101
145.5 82 95
145.5 82 96
147.0 108 117
147.0 108 118
148.5 52 74
148.5 52 75
150.0 158 167
150.0 158 168
151.5 187 196
151.5 187 197
153.0 89 97
153.0 89 98
154.5 55 73
154.5 55 74
156.0 188 195
156.0 188 196
157.5 182 194
157.5 182 195
159.0 8 10
159.0 8 11
160.5 78 94
160.5 78 95
162.0 28 50
162.0 28 51
163.5 38 44
163.5 38 45
165.0 68 70
165.0 68 71
166.5 18 19
166.5 18 20
168.0 85 100
168.0 86 87
169.5 137 141
169.5 137 142
171.0 109 124
171.0 109 125
172.5 5 13
172.5 5 14
174.0 171 172
174.0 172 173
175.5 81 82
175.5 81 86
177.0 35 46
177.0 35 47
178.5 43 44
178.5 43 45
180.0 112 116
180.0 112 117
181.5 56 69
181.5 56 70
183.0 65 73
183.0 66 67
184.5 119 121
184.5 120 121
186.0 184 185
186.0 184 186
187.5 160 167
187.5 160 168
189.0 115 117
189.0 115 118
190.5 131 150
190.5 131 151
192.0 183 192
192.0 183 193
193.5 138 149
193.5 138 150
195.0 157 158
195.0 157 161
196.5 40 46
196.5 40 47
198.0 90 92
198.0 90 93
199.5 78 98
199.5 78 99
201.0 107 108
201.0 107 110
202.5 129 142
202.5 129 143
204.0 25 26
204.0 26 27
205.5 178 197
205.5 178 198
207.0 109 114
207.0 109 115
208.5 52 76
208.5 52 77
210.0 154 174
210.0 154 175
211.5 31 45
211.5 31 46
213.0 193 198
213.0 194 195
214.5 52 102
214.5 52 127
216.0 2 151
216.0 2 152
217.5 160 169
217.5 160 170
219.0 61 65
219.0 61 66
220.5 8 24
220.5 8 25
222.0 107 121
222.0 107 122
223.5 10 18
223.5 10 19
225.0 7 14
225.0 7 15
226.5 114 120
226.5 114 121
228.0 52 152
228.0 52 177
229.5 186 190
229.5 186 191
231.0 14 21
231.0 14 22
232.5 59 69
232.5 59 70
234.0 78 79
234.0 78 93
235.5 31 49
235.5 31 50
237.0 158 159
237.0 158 160
238.5 57 68
238.5 57 69
240.0 58 72
240.0 58 73
241.5 105 125
241.5 105 126
243.0 187 190
243.0 187 191
244.5 192 197
244.5 192 198
246.0 160 165
246.0 160 166
247.5 160 173
247.5 160 174
249.0 61 69
249.0 61 70
250.5 167 168
250.5 167 169
252.0 131 140
252.0 131 141
253.5 29 40
253.5 29 41
255.0 54 73
255.0 54 74
256.5 113 116
256.5 113 117
258.0 2 101
258.0 2 102
259.5 1 102
259.5 1 126
261.0 110 112
261.0 110 113
262.5 112 122
262.5 112 123
264.0 181 197
264.0 181 198
265.5 188 197
265.5 188 198
267.0 35 44
267.0 35 45
268.5 38 42
268.5 38 43
270.0 160 175
270.0 160 176
271.5 133 134
271.5 133 135
273.0 104 120
273.0 104 121
274.5 1 77
274.5 1 101
276.0 132 139
276.0 132 140
277.5 136 148
277.5 136 149
279.0 52 72
279.0 52 73
280.5 87 91
280.5 87 92
282.0 128 146
282.0 128 147
283.5 160 161
283.5 160 162
285.0 102 103
285.0 102 122
286.5 163 164
286.5 163 165
288.0 85 94
288.0 85 95
289.5 157 164
289.5 157 165
291.0 34 37
291.0 34 38
292.5 60 67
292.5 60 68
294.0 80 81
294.0 80 88
295.5 8 20
295.5 8 21
297.0 39 46
297.0 39 47
298.5 137 149
298.5 137 150
300.0 130 143
300.0 130 144
301.5 1 127
301.5 1 151
303.0 83 87
303.0 83 88
304.5 130 145
304.5 130 146
306.0 46 47
306.0 47 48
307.5 10 24
307.5 10 25
309.0 132 141
309.0 132 142
310.5 80 93
310.5 80 94
312.0 31 51
312.0 32 33
313.5 175 176
313.5 176 177
315.0 81 99
315.0 81 100
316.5 109 112
316.5 109 113
318.0 189 191
318.0 189 192
319.5 29 46
319.5 29 47
321.0 59 63
321.0 59 64
322.5 156 170
322.5 156 171
324.0 60 73
324.0 60 74
325.5 191 196
325.5 191 197
327.0 12 16
327.0 12 17
328.5 102 125
328.5 102 126
330.0 56 67
330.0 56 68
331.5 54 71
331.5 54 72
333.0 83 95
333.0 83 96
334.5 68 72
334.5 69 70
336.0 108 119
336.0 108 120
337.5 32 50
337.5 32 51
339.0 6 25
339.0 6 26
340.5 62 70
340.5 62 71
342.0 60 75
342.0 61 62
343.5 90 96
343.5 90 97
345.0 32 46
345.0 32 47
346.5 135 147
346.5 135 148
348.0 109 122
348.0 109 123
349.5 82 85
349.5 82 86
351.0 111 125
351.0 112 113
352.5 82 101
352.5 83 84
354.0 89 93
354.0 89 94
355.5 133 144
355.5 133 145
357.0 9 25
357.0 10 11
358.5 111 123
358.5 111 124
360.0 81 87
360.0 81 88
361.5 182 186
361.5 182 187
363.0 90 94
363.0 90 95
364.5 139 142
364.5 139 143
366.0 156 164
366.0 156 165
367.5 29 48
367.5 29 49
369.0 156 172
369.0 156 173
370.5 139 146
370.5 139 147
372.0 182 196
372.0 182 197
373.5 164 171
373.5 164 172
375.0 139 144
375.0 139 145
376.5 6 23
376.5 6 24
378.0 27 177
378.0 28 29
379.5 38 46
379.5 38 47
381.0 158 171
381.0 158 172
382.5 67 72
382.5 68 69
384.0 34 39
384.0 34 40
385.5 102 127
385.5 102 152
387.0 37 49
387.0 38 39
388.5 59 61
388.5 59 62
390.0 13 19
390.0 13 20
391.5 154 172
391.5 154 173
393.0 53 75
393.0 53 76
394.5 89 91
394.5 89 92
396.0 55 77
396.0 56 57
397.5 69 71
397.5 70 71
399.0 48 49
399.0 49 50
400.5 109 120
400.5 109 121
402.0 112 118
402.0 112 119
403.5 128 144
403.5 128 145
405.0 85 92
405.0 85 93
406.5 8 12
406.5 8 13
408.0 160 171
408.0 160 172
409.5 33 36
409.5 33 37
411.0 77 100
411.0 77 101
412.5 112 124
412.5 112 125
414.0 157 176
414.0 157 177
415.5 115 123
415.5 116 117
417.0 167 172
417.0 167 173
418.5 139 140
418.5 139 141
420.0 100 101
420.0 101 102
421.5 11 18
421.5 11 19
423.0 32 44
423.0 32 45
424.5 162 174
424.5 162 175
426.0 113 124
426.0 114 115
427.5 79 101
427.5 79 102
429.0 180 198
429.0 180 199
430.5 79 95
430.5 79 96
432.0 127 149
432.0 127 150
433.5 161 162
433.5 161 163
435.0 109 118
435.0 109 119
436.5 27 48
436.5 27 49
438.0 162 170
438.0 162 171
439.5 158 173
439.5 158 174
441.0 19 21
441.0 20 21
442.5 81 97
442.5 81 98
444.0 165 166
444.0 165 167
445.5 80 101
445.5 80 102
447.0 5 19
447.0 5 20
448.5 83 99
448.5 83 100
450.0 4 17
450.0 4 18
451.5 139 148
451.5 139 149
453.0 17 21
453.0 17 22
454.5 78 96
454.5 78 97
456.0 108 121
456.0 108 122
457.5 179 197
457.5 179 198
459.0 28 52
459.0 29 30
460.5 185 187
460.5 185 188
462.0 92 97
462.0 93 94
463.5 33 40
463.5 33 41
465.0 141 147
465.0 141 148
466.5 155 172
466.5 155 173
468.0 140 145
468.0 140 146
469.5 189 193
469.5 189 194
471.0 140 143
471.0 140 144
472.5 105 117
472.5 105 118
474.0 6 11
474.0 6 12
475.5 7 18
475.5 7 19
477.0 61 67
477.0 61 68
478.5 133 150
478.5 133 151
480.0 53 69
480.0 53 70
481.5 87 93
481.5 87 94
483.0 35 50
483.0 36 37
484.5 186 188
484.5 186 189
486.0 8 22
486.0 8 23
487.5 186 198
487.5 186 199
489.0 177 178
489.0 178 179
490.5 80 89
490.5 80 90
492.0 5 23
492.0 5 24
493.5 86 96
493.5 86 97
495.0 87 89
495.0 87 90
496.5 117 120
496.5 117 121
498.0 116 120
498.0 116 121
499.5 55 69
499.5 55 70
501.0 116 118
501.0 116 119
502.5 64 69
502.5 64 70
504.0 183 186
504.0 183 187
505.5 6 21
505.5 6 22
507.0 188 191
507.0 188 192
508.5 55 65
508.5 55 66
510.0 10 12
510.0 10 13
511.5 7 12
511.5 7 13
513.0 34 35
513.0 34 36
514.5 155 170
514.5 155 171
516.0 67 70
516.0 67 71
517.5 34 49
517.5 34 50
519.0 154 168
519.0 154 169
520.5 129 150
520.5 129 151
522.0 34 41
522.0 34 42
523.5 141 143
523.5 141 144
525.0 32 36
525.0 32 37
526.5 84 86
526.5 84 87
528.0 116 122
528.0 116 123
529.5 182 188
529.5 182 189
531.0 135 141
531.0 135 142
532.5 30 48
532.5 30 49
534.0 191 192
534.0 191 193
535.5 83 91
535.5 83 92
537.0 33 48
537.0 33 49
538.5 186 192
538.5 186 193
540.0 163 174
540.0 163 175
541.5 134 151
541.5 135 136
543.0 67 68
543.0 67 69
544.5 92 95
544.5 92 96
546.0 17 19
546.0 17 20
547.5 6 17
547.5 6 18
549.0 158 175
549.0 158 176
550.5 106 116
550.5 106 117
552.0 3 18
552.0 3 19
553.5 63 69
553.5 63 70
555.0 105 123
555.0 105 124
556.5 62 66
556.5 62 67
558.0 136 150
558.0 137 138
559.5 165 172
559.5 165 173
561.0 27 152
561.0 27 176
562.5 107 125
562.5 107 126
564.0 53 77
564.0 54 55
565.5 138 141
565.5 138 142
567.0 190 192
567.0 190 193
568.5 7 8
568.5 7 9
570.0 5 17
570.0 5 18
571.5 31 41
571.5 31 42
573.0 30 40
573.0 30 41
574.5 114 124
574.5 115 116
576.0 66 72
576.0 66 73
577.5 166 172
577.5 166 173
579.0 54 75
579.0 54 76
580.5 32 38
580.5 32 39
582.0 117 122
582.0 118 119
583.5 29 44
583.5 29 45
585.0 42 46
585.0 42 47
586.5 144 145
586.5 144 146
588.0 56 63
588.0 56 64
589.5 161 174
589.5 161 175
591.0 187 192
591.0 187 193
592.5 186 194
592.5 186 195
594.0 5 6
594.0 5 12
595.5 55 67
595.5 55 68
597.0 35 42
597.0 35 43
598.5 52 53
598.5 52 71
600.0 15 17
600.0 15 18
601.5 125 126
601.5 126 127
603.0 59 67
603.0 59 68
604.5 4 15
604.5 4 16
606.0 12 24
606.0 13 14
607.5 153 176
607.5 153 177
609.0 188 199
609.0 189 190
610.5 134 141
610.5 134 142
612.0 156 157
612.0 156 163
613.5 30 42
613.5 30 43
615.0 93 97
615.0 94 95
616.5 189 199
616.5 190 191
618.0 32 40
618.0 32 41
619.5 4 19
619.5 4 20
621.0 66 70
621.0 66 71
622.5 183 196
622.5 183 197
624.0 178 199
624.0 179 180
625.5 127 128
625.5 127 148
627.0 159 163
627.0 159 164
628.5 39 42
628.5 39 43
630.0 161 164
630.0 161 165
631.5 183 198
631.5 183 199
633.0 153 174
633.0 153 175
634.5 118 120
634.5 118 121
636.0 58 76
636.0 59 60
637.5 115 119
637.5 115 120
639.0 83 89
639.0 83 90
640.5 107 119
640.5 107 120
642.0 13 17
642.0 13 18
643.5 88 99
643.5 89 90
645.0 157 174
645.0 157 175
646.5 86 88
646.5 86 89
648.0 58 74
648.0 58 75
649.5 184 197
649.5 184 198
651.0 156 166
651.0 156 167
652.5 55 63
652.5 55 64
654.0 162 172
654.0 162 173
655.5 165 174
655.5 166 167
657.0 109 116
657.0 109 117
658.5 77 98
658.5 77 99
660.0 104 126
660.0 104 127
661.5 159 171
661.5 159 172
663.0 136 140
663.0 136 141
664.5 37 39
664.5 37 40
666.0 136 144
666.0 136 145
667.5 32 42
667.5 32 43
669.0 161 168
669.0 161 169
670.5 111 119
670.5 111 120
672.0 132 147
672.0 132 148
673.5 161 166
673.5 161 167
675.0 157 170
675.0 157 171
676.5 184 193
676.5 184 194
678.0 138 145
678.0 138 146
679.5 60 69
679.5 60 70
681.0 169 170
681.0 169 171
682.5 190 194
682.5 190 195
684.0 104 122
684.0 104 123
685.5 56 73
685.5 56 74
687.0 181 182
687.0 181 188
688.5 1 27
688.5 1 51
690.0 60 71
690.0 60 72
691.5 82 87
691.5 82 88
693.0 132 137
693.0 132 138
694.5 111 117
694.5 111 118
696.0 159 175
696.0 159 176
697.5 4 5
697.5 4 14
699.0 103 121
699.0 103 122
700.5 164 169
700.5 164 170
702.0 57 72
702.0 57 73
703.5 182 190
703.5 182 191
705.0 144 147
705.0 145 146
706.5 2 126
706.5 2 127
708.0 131 144
708.0 131 145
709.5 107 115
709.5 107 116
711.0 102 123
711.0 102 124
712.5 9 17
712.5 9 18
714.0 138 143
714.0 138 144
715.5 103 127
715.5 104 105
717.0 161 172
717.0 161 173
718.5 55 71
718.5 55 72
720.0 38 48
720.0 38 49
721.5 44 46
721.5 45 46
723.0 194 196
723.0 194 197
724.5 41 45
724.5 41 46
726.0 113 118
726.0 113 119
727.5 86 92
727.5 86 93
729.0 36 38
729.0 36 39
730.5 106 122
730.5 106 123
732.0 0 1
732.0 1 2
733.5 133 142
733.5 133 143
735.0 180 190
735.0 180 191
736.5 146 147
736.5 147 148
738.0 84 88
738.0 84 89
739.5 142 145
739.5 142 146
741.0 131 132
741.0 131 137
742.5 64 71
742.5 64 72
744.0 3 22
744.0 3 23
745.5 10 22
745.5 10 23
747.0 157 168
747.0 157 169
748.5 198 199
750.0 91 97
750.0 91 98
751.5 110 114
751.5 110 115
753.0 156 176
753.0 156 177
754.5 81 93
754.5 81 94
756.0 106 114
756.0 106 115
757.5 30 38
757.5 30 39
759.0 33 50
759.0 33 51
760.5 179 199
760.5 180 181
762.0 63 65
762.0 63 66
763.5 58 64
763.5 58 65
765.0 10 20
765.0 10 21
766.5 108 125
766.5 108 126
768.0 11 20
768.0 11 21
769.5 106 118
769.5 106 119
771.0 58 66
771.0 58 67
772.5 33 44
772.5 33 45
774.0 27 50
774.0 27 51
775.5 88 91
775.5 88 92
777.0 64 67
777.0 64 68
778.5 2 20
778.5 2 21
780.0 29 42
780.0 29 43
781.5 84 90
781.5 84 91
783.0 65 67
783.0 65 68
784.5 106 120
784.5 106 121
786.0 118 122
786.0 119 120
787.5 140 141
787.5 140 142
789.0 56 61
789.0 56 62
790.5 13 15
790.5 13 16
792.0 183 188
792.0 183 189
793.5 64 73
793.5 65 66
795.0 27 46
795.0 27 47
796.5 184 195
796.5 184 196
798.0 156 174
798.0 156 175
799.5 61 73
799.5 61 74
801.0 108 111
801.0 108 112
802.5 61 75
802.5 62 63
804.0 62 72
804.0 62 73
805.5 173 174
805.5 174 175
807.0 32 48
807.0 32 49
808.5 57 74
808.5 57 75
810.0 59 65
810.0 59 66
811.5 12 22
811.5 12 23
813.0 123 124
813.0 124 125
814.5 35 40
814.5 35 41
816.0 132 145
816.0 132 146
817.5 161 176
817.5 162 163
819.0 110 124
819.0 110 125
820.5 152 175
820.5 152 176
822.0 28 46
822.0 28 47
823.5 182 192
823.5 182 193
825.0 165 170
825.0 165 171
826.5 114 122
826.5 114 123
828.0 5 21
828.0 5 22
829.5 103 123
829.5 103 124
831.0 113 120
831.0 113 121
832.5 29 52
832.5 30 31
834.0 34 45
834.0 34 46
835.5 81 95
835.5 81 96
837.0 50 51
837.0 51 52
838.5 73 74
838.5 74 75
840.0 107 117
840.0 107 118
841.5 58 60
841.5 58 61
843.0 82 83
843.0 82 84
844.5 55 75
844.5 55 76
846.0 111 121
846.0 111 122
847.5 106 124
847.5 106 125
849.0 155 174
849.0 155 175
850.5 59 75
850.5 59 76
852.0 86 100
852.0 87 88
853.5 166 170
853.5 166 171
855.0 88 95
855.0 88 96
856.5 190 196
856.5 190 197
858.0 136 146
858.0 136 147
859.5 77 102
859.5 77 127
861.0 9 21
861.0 9 22
862.5 7 10
862.5 7 11
864.0 105 121
864.0 105 122
865.5 163 172
865.5 163 173
867.0 134 135
867.0 134 136
868.5 155 156
868.5 155 165
870.0 166 168
870.0 166 169
871.5 142 147
871.5 142 148
873.0 132 135
873.0 132 136
874.5 152 177
874.5 153 154
876.0 53 54
876.0 53 68
877.5 105 119
877.5 105 120
879.0 65 71
879.0 65 72
880.5 135 143
880.5 135 144
882.0 110 116
882.0 110 117
883.5 137 143
883.5 137 144
885.0 33 34
885.0 33 35
886.5 185 199
886.5 186 187
888.0 61 63
888.0 61 64
889.5 187 188
889.5 187 189
891.0 157 166
891.0 157 167
892.5 37 47
892.5 37 48
894.0 1 52
894.0 1 76
895.5 115 121
895.5 115 122
897.0 192 195
897.0 192 196
898.5 133 138
898.5 133 139
900.0 14 15
900.0 14 16
901.5 184 187
901.5 184 188
903.0 155 176
903.0 155 177
904.5 43 46
904.5 44 45
906.0 4 23
906.0 4 24
907.5 57 58
907.5 57 59
909.0 157 162
909.0 157 163
910.5 195 196
910.5 195 197
912.0 142 143
912.0 142 144
913.5 180 192
913.5 180 193
915.0 83 85
915.0 83 86
916.5 11 22
916.5 11 23
918.0 134 145
918.0 134 146
919.5 159 173
919.5 159 174
921.0 191 194
921.0 191 195
922.5 82 89
922.5 82 90
924.0 108 115
924.0 108 116
925.5 78 102
925.5 79 80
927.0 130 149
927.0 130 150
928.5 130 139
928.5 130 140
930.0 153 170
930.0 153 171
931.5 37 43
931.5 37 44
933.0 56 75
933.0 56 76
934.5 117 118
934.5 117 119
936.0 135 137
936.0 135 138
937.5 128 148
937.5 128 149
939.0 98 99
939.0 99 100
940.5 184 191
940.5 184 192
942.0 107 111
942.0 107 112
943.5 39 44
943.5 39 45
945.0 21 22
945.0 22 23
946.5 53 73
946.5 53 74
948.0 112 114
948.0 112 115
949.5 169 172
949.5 170 171
951.0 187 198
951.0 187 199
952.5 8 26
952.5 9 10
954.0 152 153
954.0 152 174
955.5 133 148
955.5 133 149
957.0 164 167
957.0 164 168
958.5 83 93
958.5 83 94
960.0 65 69
960.0 65 70
961.5 110 118
961.5 110 119
963.0 9 23
963.0 9 24
964.5 36 46
964.5 36 47
966.0 14 19
966.0 14 20
967.5 131 148
967.5 131 149
969.0 129 152
969.0 130 131
970.5 54 77
970.5 55 56
972.0 57 70
972.0 57 71
973.5 86 94
973.5 86 95
975.0 82 99
975.0 82 100
976.5 108 113
976.5 108 114
978.0 36 40
978.0 36 41
979.5 143 144
979.5 143 145
981.0 39 48
981.0 40 41
982.5 80 91
982.5 80 92
984.0 23 24
984.0 24 25
985.5 85 96
985.5 85 97
987.0 85 88
987.0 85 89
988.5 6 15
988.5 6 16
990.0 14 23
990.0 15 16
991.5 7 20
991.5 7 21
993.0 113 114
993.0 113 115
994.5 79 93
994.5 79 94
996.0 159 161
996.0 159 162
997.5 15 23
997.5 16 17
999.0 11 24
999.0 12 13
1000.5 58 70
1000.5 58 71
1002.0 127 151
1002.0 127 152
1003.5 83 101
1003.5 84 85
1005.0 9 13
1005.0 9 14
1006.5 183 184
1006.5 183 185
1008.0 134 137
1008.0 134 138
1009.5 91 95
1009.5 91 96
1011.0 156 168
1011.0 156 169
1012.5 54 69
1012.5 54 70
1014.0 183 194
1014.0 183 195
1015.5 62 68
1015.5 62 69
1017.0 131 146
1017.0 131 147
1018.5 162 168
1018.5 162 169
1020.0 88 97
1020.0 88 98
1021.5 40 42
1021.5 40 43
1023.0 107 123
1023.0 107 124
1024.5 34 43
1024.5 34 44
1026.0 182 198
1026.0 182 199
1027.5 196 197
1027.5 197 198
1029.0 6 13
1029.0 6 14
1030.5 89 99
1030.5 90 91
1032.0 162 166
1032.0 162 167
1033.5 39 40
1033.5 39 41
1035.0 130 141
1035.0 130 142
1036.5 107 113
1036.5 107 114
1038.0 33 42
1038.0 33 43
1039.5 60 65
1039.5 60 66
1041.0 31 32
1041.0 31 36
1042.5 104 116
1042.5 104 117
1044.0 85 98
1044.0 85 99
1045.5 143 146
1045.5 143 147
1047.0 135 145
1047.0 135 146
1048.5 33 46
1048.5 33 47
1050.0 57 66
1050.0 57 67
1051.5 163 168
1051.5 163 169
1053.0 114 116
1053.0 114 117
1054.5 32 34
1054.5 32 35
1056.0 179 193
1056.0 179 194
1057.5 82 93
1057.5 82 94
1059.0 3 26
1059.0 3 27
1060.5 40 48
1060.5 41 42
1062.0 11 16
1062.0 11 17
1063.5 137 145
1063.5 137 146
1065.0 3 24
1065.0 3 25
1066.5 141 145
1066.5 141 146
1068.0 108 109
1068.0 108 110
1069.5 57 60
1069.5 57 61
1071.0 183 190
1071.0 183 191
1072.5 129 148
1072.5 129 149
1074.0 60 61
1074.0 60 62
1075.5 10 16
1075.5 10 17
1077.0 40 44
1077.0 40 45
1078.5 138 139
1078.5 138 140
1080.0 34 47
1080.0 34 48
1081.5 134 149
1081.5 134 150
1083.0 138 147
1083.0 138 148
1084.5 163 166
1084.5 163 167
1086.0 54 67
1086.0 54 68
1087.5 81 89
1087.5 81 90
1089.0 140 147
1089.0 140 148
1090.5 92 93
1090.5 92 94
1092.0 2 22
1092.0 2 23
1093.5 37 45
1093.5 37 46
1095.0 84 100
1095.0 84 101
1096.5 154 170
1096.5 154 171
1098.0 102 177
1098.0 103 104
1099.5 12 20
1099.5 12 21
1101.0 35 36
1101.0 35 37
1102.5 36 48
1102.5 36 49
1104.0 185 191
1104.0 185 192
1105.5 11 12
1105.5 11 13
1107.0 7 24
1107.0 7 25
1108.5 130 151
1108.5 130 152
1110.0 56 71
1110.0 56 72
1111.5 112 120
1111.5 112 121
1113.0 7 22
1113.0 7 23
1114.5 137 139
1114.5 137 140
1116.0 80 95
1116.0 80 96
1117.5 162 164
1117.5 162 165
1119.0 181 195
1119.0 181 196
1120.5 150 151
1120.5 151 152
1122.0 27 28
1122.0 27 45
1123.5 188 193
1123.5 188 194
1125.0 191 198
1125.0 191 199
1126.5 28 44
1126.5 28 45
1128.0 154 155
1128.0 154 167
1129.5 134 139
1129.5 134 140
1131.0 86 98
1131.0 86 99
1132.5 15 19
1132.5 15 20
1134.0 136 138
1134.0 136 139
1135.5 105 106
1135.5 105 114
1137.0 2 76
1137.0 2 77
1138.5 111 113
1138.5 111 114
1140.0 57 64
1140.0 57 65
1141.5 79 99
1141.5 79 100
1143.0 88 89
1143.0 88 90
1144.5 187 194
1144.5 187 195
1146.0 110 126
1146.0 111 112
1147.5 104 118
1147.5 104 119
1149.0 135 139
1149.0 135 140
1150.5 27 52
1150.5 27 77
1152.0 71 72
1152.0 72 73
1153.5 2 24
1153.5 2 25
1155.0 155 168
1155.0 155 169
1156.5 155 166
1156.5 155 167
1158.0 29 50
1158.0 29 51
1159.5 84 96
1159.5 84 97
1161.0 6 19
1161.0 6 20
1162.5 163 170
1162.5 163 171
1164.0 186 196
1164.0 186 197
1165.5 109 110
1165.5 109 111
1167.0 189 197
1167.0 189 198
1168.5 179 195
1168.5 179 196
1170.0 157 172
1170.0 157 173
1171.5 59 73
1171.5 59 74
1173.0 132 149
1173.0 132 150
1174.5 185 197
1174.5 185 198
1176.0 137 147
1176.0 137 148
1177.5 63 67
1177.5 63 68
1179.0 80 97
1179.0 80 98
1180.5 15 21
1180.5 15 22
1182.0 189 195
1182.0 189 196
1183.5 131 142
1183.5 131 143
1185.0 87 95
1185.0 87 96
1186.5 84 94
1186.5 84 95
1188.0 81 91
1188.0 81 92
1189.5 127 177
1189.5 128 129
1191.0 104 124
1191.0 104 125
1192.5 180 196
1192.5 180 197
1194.0 13 21
1194.0 13 22
1195.5 131 152
1195.5 132 133
1197.0 2 51
1197.0 2 52
1198.5 110 122
1198.5 110 123
1200.0 2 26
1200.0 2 27
1201.5 36 44
1201.5 36 45
1203.0 31 43
1203.0 31 44
1204.5 128 150
1204.5 128 151
1206.0 158 177
1206.0 159 160
1207.5 181 193
1207.5 181 194
1209.0 134 143
1209.0 134 144
1210.5 185 189
1210.5 185 190
1212.0 158 161
1212.0 158 162
1213.5 63 71
1213.5 63 72
1215.0 129 144
1215.0 129 145
1216.5 108 123
1216.5 108 124
1218.0 161 170
1218.0 161 171
1219.5 9 19
1219.5 9 20
1221.0 54 65
1221.0 54 66
1222.5 4 25
1222.5 4 26
1224.0 109 126
1224.0 110 111
1225.5 56 65
1225.5 56 66
1227.0 16 18
1227.0 16 19
1228.5 134 147
1228.5 134 148
1230.0 153 172
1230.0 153 173
1231.5 188 189
1231.5 188 190
1233.0 131 138
1233.0 131 139
1234.5 35 38
1234.5 35 39
1236.0 81 101
1236.0 81 102
1237.5 180 194
1237.5 180 195
1239.0 38 40
1239.0 38 41
1240.5 79 91
1240.5 79 92
1242.0 82 97
1242.0 82 98
1243.5 83 97
1243.5 83 98
1245.0 87 99
1245.0 87 100
1246.5 140 149
1246.5 141 142
1248.0 14 17
1248.0 14 18
1249.5 168 171
1249.5 168 172
1251.0 85 86
1251.0 85 87
1252.5 93 95
1252.5 93 96
1254.0 132 151
1254.0 132 152
1255.5 30 50
1255.5 30 51
1257.0 148 149
1257.0 149 150
1258.5 158 163
1258.5 158 164
1260.0 18 21
1260.0 19 20
1261.5 30 46
1261.5 30 47
1263.0 130 147
1263.0 130 148
1264.5 57 76
1264.5 58 59
1266.0 58 62
1266.0 58 63
1267.5 66 68
1267.5 66 69
1269.0 61 71
1269.0 61 72
1270.5 94 96
1270.5 95 96
1272.0 111 115
1272.0 111 116
1273.5 1 177
1273.5 2 3
1275.0 96 97
1275.0 97 98
1276.5 86 90
1276.5 86 91
1278.0 77 152
1278.0 77 177
1279.5 129 146
1279.5 129 147
1281.0 9 11
1281.0 9 12
1282.5 12 18
1282.5 12 19
1284.0 88 93
1284.0 88 94
1285.5 105 127
1285.5 106 107
1287.0 84 98
1287.0 84 99
1288.5 4 21
1288.5 4 22
