0 72 88
0 72 89
0 72 90
0 72 91
0 72 92
0 73 74
0 73 75
0 73 76
0 73 77
0 73 78
0 73 79
0 73 80
0 73 81
0 73 82
0 73 83
0 73 84
0 73 85
0 73 86
0 73 87
0 73 88
0 73 89
0 73 90
0 73 91
0 74 75
0 74 76
0 74 77
0 74 78
0 74 79
0 74 80
0 74 81
0 74 82
301 16 17
301 17 18
301 17 37
301 17 38
301 17 39
301 17 40
301 17 41
301 17 42
301 17 67
301 17 92
301 17 117
301 17 142
301 17 143
301 17 167
301 17 168
301 17 192
301 17 193
301 18 19
301 18 33
301 18 34
301 18 35
301 18 36
301 18 37
301 18 38
301 18 39
301 18 40
301 18 41
301 18 42
301 19 20
301 19 31
301 19 32
602 156 161
602 156 162
602 156 163
602 156 164
602 157 158
602 157 159
602 157 160
602 157 161
602 157 162
602 157 163
602 158 159
602 158 160
602 158 161
602 158 162
602 158 163
602 159 160
602 159 161
602 159 162
602 160 161
602 160 162
602 161 162
602 162 163
602 163 164
602 164 165
602 165 166
602 166 167
602 167 168
602 168 169
602 168 187
602 168 188
602 168 189
903 58 61
903 58 62
903 59 60
903 59 61
903 60 61
903 61 62
903 62 63
903 63 64
903 64 65
903 65 66
903 66 67
903 67 68
903 67 88
903 67 89
903 67 90
903 67 91
903 67 92
903 67 117
903 67 142
903 67 167
903 67 168
903 67 192
903 67 193
903 68 69
903 68 84
903 68 85
903 68 86
903 68 87
903 68 88
903 68 89
903 68 90
1204 106 113
1204 107 108
1204 107 109
1204 107 110
1204 107 111
1204 107 112
1204 107 113
1204 108 109
1204 108 110
1204 108 111
1204 108 112
1204 109 110
1204 109 111
1204 109 112
1204 110 111
1204 111 112
1204 112 113
1204 113 114
1204 114 115
1204 115 116
1204 116 117
1204 117 118
1204 117 140
1204 117 141
1204 117 142
1204 117 167
1204 117 168
1204 117 192
1204 117 193
1204 118 119
1204 118 135
1505 124 129
1505 124 130
1505 124 131
1505 124 132
1505 124 133
1505 124 134
1505 124 135
1505 124 136
1505 124 137
1505 124 138
1505 124 139
1505 124 140
1505 124 141
1505 125 126
1505 125 127
1505 125 128
1505 125 129
1505 125 130
1505 125 131
1505 125 132
1505 125 133
1505 125 134
1505 125 135
1505 125 136
1505 125 137
1505 125 138
1505 125 139
1505 125 140
1505 125 141
1505 126 127
1505 126 128
1806 143 161
1806 143 162
1806 143 163
1806 143 164
1806 143 165
1806 143 166
1806 143 167
1806 143 168
1806 143 193
1806 144 145
1806 144 158
1806 144 159
1806 144 160
1806 144 161
1806 144 162
1806 144 163
1806 144 164
1806 144 165
1806 144 166
1806 144 167
1806 144 168
1806 145 146
1806 145 156
1806 145 157
1806 145 158
1806 145 159
1806 145 160
1806 145 161
1806 145 162
1806 145 163
1806 145 164
2107 95 114
2107 95 115
2107 95 116
2107 95 117
2107 96 97
2107 96 103
2107 96 104
2107 96 105
2107 96 106
2107 96 107
2107 96 108
2107 96 109
2107 96 110
2107 96 111
2107 96 112
2107 96 113
2107 96 114
2107 96 115
2107 96 116
2107 96 117
2107 97 98
2107 97 101
2107 97 102
2107 97 103
2107 97 104
2107 97 105
2107 97 106
2107 97 107
2107 97 108
2107 97 109
2107 97 110
2408 74 83
2408 74 84
2408 74 85
2408 74 86
2408 74 87
2408 74 88
2408 74 89
2408 74 90
2408 74 91
2408 75 76
2408 75 77
2408 75 78
2408 75 79
2408 75 80
2408 75 81
2408 75 82
2408 75 83
2408 75 84
2408 75 85
2408 75 86
2408 75 87
2408 75 88
2408 75 89
2408 75 90
2408 75 91
2408 76 77
2408 76 78
2408 76 79
2408 76 80
2408 76 81
2408 76 82
2709 131 137
2709 131 138
2709 131 139
2709 132 133
2709 132 134
2709 132 135
2709 132 136
2709 132 137
2709 132 138
2709 133 134
2709 133 135
2709 133 136
2709 133 137
2709 133 138
2709 134 135
2709 134 136
2709 134 137
2709 135 136
2709 135 137
2709 136 137
2709 137 138
2709 138 139
2709 139 140
2709 140 141
2709 141 142
2709 142 143
2709 142 167
2709 142 168
2709 142 192
2709 142 193
2709 143 144
3010 78 89
3010 78 90
3010 79 80
3010 79 81
3010 79 82
3010 79 83
3010 79 84
3010 79 85
3010 79 86
3010 79 87
3010 79 88
3010 79 89
3010 80 81
3010 80 82
3010 80 83
3010 80 84
3010 80 85
3010 80 86
3010 80 87
3010 80 88
3010 80 89
3010 81 82
3010 81 83
3010 81 84
3010 81 85
3010 81 86
3010 81 87
3010 81 88
3010 82 83
3010 82 84
3010 82 85
3311 122 135
3311 122 136
3311 122 137
3311 122 138
3311 122 139
3311 122 140
3311 122 141
3311 122 142
3311 123 124
3311 123 125
3311 123 126
3311 123 127
3311 123 128
3311 123 129
3311 123 130
3311 123 131
3311 123 132
3311 123 133
3311 123 134
3311 123 135
3311 123 136
3311 123 137
3311 123 138
3311 123 139
3311 123 140
3311 123 141
3311 123 142
3311 124 125
3311 124 126
3311 124 127
3311 124 128
3612 24 37
3612 24 38
3612 24 39
3612 24 40
3612 24 41
3612 25 26
3612 25 27
3612 25 28
3612 25 29
3612 25 30
3612 25 31
3612 25 32
3612 25 33
3612 25 34
3612 25 35
3612 25 36
3612 25 37
3612 25 38
3612 25 39
3612 25 40
3612 26 27
3612 26 28
3612 26 29
3612 26 30
3612 26 31
3612 26 32
3612 26 33
3612 26 34
3612 26 35
3612 26 36
3612 26 37
3913 22 41
3913 23 24
3913 23 25
3913 23 26
3913 23 27
3913 23 28
3913 23 29
3913 23 30
3913 23 31
3913 23 32
3913 23 33
3913 23 34
3913 23 35
3913 23 36
3913 23 37
3913 23 38
3913 23 39
3913 23 40
3913 23 41
3913 24 25
3913 24 26
3913 24 27
3913 24 28
3913 24 29
3913 24 30
3913 24 31
3913 24 32
3913 24 33
3913 24 34
3913 24 35
3913 24 36
4214 149 156
4214 149 157
4214 149 158
4214 149 159
4214 149 160
4214 149 161
4214 149 162
4214 149 163
4214 149 164
4214 149 165
4214 149 166
4214 149 167
4214 150 151
4214 150 152
4214 150 153
4214 150 154
4214 150 155
4214 150 156
4214 150 157
4214 150 158
4214 150 159
4214 150 160
4214 150 161
4214 150 162
4214 150 163
4214 150 164
4214 150 165
4214 150 166
4214 151 152
4214 151 153
4214 151 154
4515 5 7
4515 5 8
4515 5 9
4515 5 10
4515 5 11
4515 5 12
4515 5 13
4515 6 7
4515 6 8
4515 6 9
4515 6 10
4515 6 11
4515 6 12
4515 6 13
4515 7 8
4515 7 9
4515 7 10
4515 7 11
4515 7 12
4515 8 9
4515 8 10
4515 8 11
4515 8 12
4515 9 10
4515 9 11
4515 10 11
4515 11 12
4515 12 13
4515 13 14
4515 14 15
4515 15 16
4816 176 187
4816 176 188
4816 176 189
4816 176 190
4816 176 191
4816 177 178
4816 177 179
4816 177 180
4816 177 181
4816 177 182
4816 177 183
4816 177 184
4816 177 185
4816 177 186
4816 177 187
4816 177 188
4816 177 189
4816 177 190
4816 177 191
4816 178 179
4816 178 180
4816 178 181
4816 178 182
4816 178 183
4816 178 184
4816 178 185
4816 178 186
4816 178 187
4816 178 188
4816 178 189
4816 178 190
5117 151 155
5117 151 156
5117 151 157
5117 151 158
5117 151 159
5117 151 160
5117 151 161
5117 151 162
5117 151 163
5117 151 164
5117 151 165
5117 151 166
5117 152 153
5117 152 154
5117 152 155
5117 152 156
5117 152 157
5117 152 158
5117 152 159
5117 152 160
5117 152 161
5117 152 162
5117 152 163
5117 152 164
5117 152 165
5117 152 166
5117 153 154
5117 153 155
5117 153 156
5117 153 157
5117 153 158
5418 34 36
5418 35 36
5418 36 37
5418 37 38
5418 38 39
5418 39 40
5418 40 41
5418 41 42
5418 42 43
5418 42 62
5418 42 63
5418 42 64
5418 42 65
5418 42 66
5418 42 67
5418 42 92
5418 42 117
5418 42 142
5418 42 143
5418 42 167
5418 42 168
5418 42 192
5418 42 193
5418 43 44
5418 43 59
5418 43 60
5418 43 61
5418 43 62
5418 43 63
5418 43 64
5418 43 65
5719 128 134
5719 128 135
5719 128 136
5719 128 137
5719 128 138
5719 128 139
5719 128 140
5719 129 130
5719 129 131
5719 129 132
5719 129 133
5719 129 134
5719 129 135
5719 129 136
5719 129 137
5719 129 138
5719 129 139
5719 130 131
5719 130 132
5719 130 133
5719 130 134
5719 130 135
5719 130 136
5719 130 137
5719 130 138
5719 130 139
5719 131 132
5719 131 133
5719 131 134
5719 131 135
5719 131 136
6020 97 111
6020 97 112
6020 97 113
6020 97 114
6020 97 115
6020 97 116
6020 97 117
6020 98 99
6020 98 100
6020 98 101
6020 98 102
6020 98 103
6020 98 104
6020 98 105
6020 98 106
6020 98 107
6020 98 108
6020 98 109
6020 98 110
6020 98 111
6020 98 112
6020 98 113
6020 98 114
6020 98 115
6020 98 116
6020 98 117
6020 99 100
6020 99 101
6020 99 102
6020 99 103
6020 99 104
6321 68 91
6321 68 92
6321 68 192
6321 68 193
6321 69 70
6321 69 82
6321 69 83
6321 69 84
6321 69 85
6321 69 86
6321 69 87
6321 69 88
6321 69 89
6321 69 90
6321 69 91
6321 69 92
6321 70 71
6321 70 79
6321 70 80
6321 70 81
6321 70 82
6321 70 83
6321 70 84
6321 70 85
6321 70 86
6321 70 87
6321 70 88
6321 70 89
6321 70 90
6321 70 91
6321 70 92
6622 19 33
6622 19 34
6622 19 35
6622 19 36
6622 19 37
6622 19 38
6622 19 39
6622 19 40
6622 19 41
6622 19 42
6622 20 21
6622 20 28
6622 20 29
6622 20 30
6622 20 31
6622 20 32
6622 20 33
6622 20 34
6622 20 35
6622 20 36
6622 20 37
6622 20 38
6622 20 39
6622 20 40
6622 20 41
6622 20 42
6622 21 22
6622 21 26
6622 21 27
6622 21 28
6622 21 29
6923 2 5
6923 2 6
6923 2 7
6923 2 8
6923 2 9
6923 2 10
6923 2 11
6923 2 12
6923 2 13
6923 2 14
6923 3 4
6923 3 5
6923 3 6
6923 3 7
6923 3 8
6923 3 9
6923 3 10
6923 3 11
6923 3 12
6923 3 13
6923 3 14
6923 4 5
6923 4 6
6923 4 7
6923 4 8
6923 4 9
6923 4 10
6923 4 11
6923 4 12
6923 4 13
6923 5 6
7224 46 52
7224 46 53
7224 46 54
7224 46 55
7224 46 56
7224 46 57
7224 46 58
7224 46 59
7224 46 60
7224 46 61
7224 46 62
7224 46 63
7224 46 64
7224 46 65
7224 46 66
7224 46 67
7224 47 48
7224 47 50
7224 47 51
7224 47 52
7224 47 53
7224 47 54
7224 47 55
7224 47 56
7224 47 57
7224 47 58
7224 47 59
7224 47 60
7224 47 61
7224 47 62
7224 47 63
7525 173 175
7525 173 176
7525 173 177
7525 173 178
7525 173 179
7525 173 180
7525 173 181
7525 173 182
7525 173 183
7525 173 184
7525 173 185
7525 173 186
7525 173 187
7525 173 188
7525 173 189
7525 173 190
7525 173 191
7525 173 192
7525 174 175
7525 174 176
7525 174 177
7525 174 178
7525 174 179
7525 174 180
7525 174 181
7525 174 182
7525 174 183
7525 174 184
7525 174 185
7525 174 186
7525 174 187
7826 76 83
7826 76 84
7826 76 85
7826 76 86
7826 76 87
7826 76 88
7826 76 89
7826 76 90
7826 77 78
7826 77 79
7826 77 80
7826 77 81
7826 77 82
7826 77 83
7826 77 84
7826 77 85
7826 77 86
7826 77 87
7826 77 88
7826 77 89
7826 77 90
7826 78 79
7826 78 80
7826 78 81
7826 78 82
7826 78 83
7826 78 84
7826 78 85
7826 78 86
7826 78 87
7826 78 88
8127 103 110
8127 103 111
8127 103 112
8127 103 113
8127 103 114
8127 103 115
8127 104 105
8127 104 106
8127 104 107
8127 104 108
8127 104 109
8127 104 110
8127 104 111
8127 104 112
8127 104 113
8127 104 114
8127 105 106
8127 105 107
8127 105 108
8127 105 109
8127 105 110
8127 105 111
8127 105 112
8127 105 113
8127 105 114
8127 106 107
8127 106 108
8127 106 109
8127 106 110
8127 106 111
8127 106 112
8428 171 180
8428 171 181
8428 171 182
8428 171 183
8428 171 184
8428 171 185
8428 171 186
8428 171 187
8428 171 188
8428 171 189
8428 171 190
8428 171 191
8428 171 192
8428 172 173
8428 172 177
8428 172 178
8428 172 179
8428 172 180
8428 172 181
8428 172 182
8428 172 183
8428 172 184
8428 172 185
8428 172 186
8428 172 187
8428 172 188
8428 172 189
8428 172 190
8428 172 191
8428 172 192
8428 173 174
8729 71 72
8729 71 77
8729 71 78
8729 71 79
8729 71 80
8729 71 81
8729 71 82
8729 71 83
8729 71 84
8729 71 85
8729 71 86
8729 71 87
8729 71 88
8729 71 89
8729 71 90
8729 71 91
8729 71 92
8729 72 73
8729 72 75
8729 72 76
8729 72 77
8729 72 78
8729 72 79
8729 72 80
8729 72 81
8729 72 82
8729 72 83
8729 72 84
8729 72 85
8729 72 86
8729 72 87
9030 118 136
9030 118 137
9030 118 138
9030 118 139
9030 118 140
9030 118 141
9030 118 142
9030 118 167
9030 118 168
9030 118 192
9030 118 193
9030 119 120
9030 119 133
9030 119 134
9030 119 135
9030 119 136
9030 119 137
9030 119 138
9030 119 139
9030 119 140
9030 119 141
9030 119 142
9030 120 121
9030 120 130
9030 120 131
9030 120 132
9030 120 133
9030 120 134
9030 120 135
9030 120 136
9030 120 137
9331 21 30
9331 21 31
9331 21 32
9331 21 33
9331 21 34
9331 21 35
9331 21 36
9331 21 37
9331 21 38
9331 21 39
9331 21 40
9331 21 41
9331 21 42
9331 22 23
9331 22 24
9331 22 25
9331 22 26
9331 22 27
9331 22 28
9331 22 29
9331 22 30
9331 22 31
9331 22 32
9331 22 33
9331 22 34
9331 22 35
9331 22 36
9331 22 37
9331 22 38
9331 22 39
9331 22 40
9632 47 64
9632 47 65
9632 47 66
9632 48 49
9632 48 50
9632 48 51
9632 48 52
9632 48 53
9632 48 54
9632 48 55
9632 48 56
9632 48 57
9632 48 58
9632 48 59
9632 48 60
9632 48 61
9632 48 62
9632 48 63
9632 48 64
9632 48 65
9632 48 66
9632 49 50
9632 49 51
9632 49 52
9632 49 53
9632 49 54
9632 49 55
9632 49 56
9632 49 57
9632 49 58
9632 49 59
9933 49 60
9933 49 61
9933 49 62
9933 49 63
9933 49 64
9933 49 65
9933 49 66
9933 50 51
9933 50 52
9933 50 53
9933 50 54
9933 50 55
9933 50 56
9933 50 57
9933 50 58
9933 50 59
9933 50 60
9933 50 61
9933 50 62
9933 50 63
9933 50 64
9933 50 65
9933 50 66
9933 51 52
9933 51 53
9933 51 54
9933 51 55
9933 51 56
9933 51 57
9933 51 58
9933 51 59
10234 153 159
10234 153 160
10234 153 161
10234 153 162
10234 153 163
10234 153 164
10234 153 165
10234 154 155
10234 154 156
10234 154 157
10234 154 158
10234 154 159
10234 154 160
10234 154 161
10234 154 162
10234 154 163
10234 154 164
10234 154 165
10234 155 156
10234 155 157
10234 155 158
10234 155 159
10234 155 160
10234 155 161
10234 155 162
10234 155 163
10234 155 164
10234 156 157
10234 156 158
10234 156 159
10234 156 160
10535 120 138
10535 120 139
10535 120 140
10535 120 141
10535 120 142
10535 121 122
10535 121 128
10535 121 129
10535 121 130
10535 121 131
10535 121 132
10535 121 133
10535 121 134
10535 121 135
10535 121 136
10535 121 137
10535 121 138
10535 121 139
10535 121 140
10535 121 141
10535 121 142
10535 122 123
10535 122 126
10535 122 127
10535 122 128
10535 122 129
10535 122 130
10535 122 131
10535 122 132
10535 122 133
10535 122 134
10836 82 86
10836 82 87
10836 82 88
10836 83 84
10836 83 85
10836 83 86
10836 83 87
10836 84 85
10836 84 86
10836 84 87
10836 85 86
10836 86 87
10836 87 88
10836 88 89
10836 89 90
10836 90 91
10836 91 92
10836 92 93
10836 92 114
10836 92 115
10836 92 116
10836 92 117
10836 92 142
10836 92 167
10836 92 168
10836 92 192
10836 92 193
10836 93 94
10836 93 110
10836 93 111
10836 93 112
11137 43 66
11137 43 67
11137 44 45
11137 44 56
11137 44 57
11137 44 58
11137 44 59
11137 44 60
11137 44 61
11137 44 62
11137 44 63
11137 44 64
11137 44 65
11137 44 66
11137 44 67
11137 45 46
11137 45 54
11137 45 55
11137 45 56
11137 45 57
11137 45 58
11137 45 59
11137 45 60
11137 45 61
11137 45 62
11137 45 63
11137 45 64
11137 45 65
11137 45 66
11137 45 67
11137 46 47
11438 147 162
11438 147 163
11438 147 164
11438 147 165
11438 147 166
11438 147 167
11438 148 149
11438 148 150
11438 148 151
11438 148 152
11438 148 153
11438 148 154
11438 148 155
11438 148 156
11438 148 157
11438 148 158
11438 148 159
11438 148 160
11438 148 161
11438 148 162
11438 148 163
11438 148 164
11438 148 165
11438 148 166
11438 148 167
11438 149 150
11438 149 151
11438 149 152
11438 149 153
11438 149 154
11438 149 155
11739 54 56
11739 54 57
11739 54 58
11739 54 59
11739 54 60
11739 54 61
11739 54 62
11739 54 63
11739 54 64
11739 55 56
11739 55 57
11739 55 58
11739 55 59
11739 55 60
11739 55 61
11739 55 62
11739 55 63
11739 56 57
11739 56 58
11739 56 59
11739 56 60
11739 56 61
11739 56 62
11739 56 63
11739 57 58
11739 57 59
11739 57 60
11739 57 61
11739 57 62
11739 58 59
11739 58 60
12040 179 180
12040 179 181
12040 179 182
12040 179 183
12040 179 184
12040 179 185
12040 179 186
12040 179 187
12040 179 188
12040 179 189
12040 179 190
12040 180 181
12040 180 182
12040 180 183
12040 180 184
12040 180 185
12040 180 186
12040 180 187
12040 180 188
12040 180 189
12040 181 182
12040 181 183
12040 181 184
12040 181 185
12040 181 186
12040 181 187
12040 181 188
12040 181 189
12040 182 183
12040 182 184
12040 182 185
12341 145 165
12341 145 166
12341 145 167
12341 146 147
12341 146 153
12341 146 154
12341 146 155
12341 146 156
12341 146 157
12341 146 158
12341 146 159
12341 146 160
12341 146 161
12341 146 162
12341 146 163
12341 146 164
12341 146 165
12341 146 166
12341 146 167
12341 147 148
12341 147 151
12341 147 152
12341 147 153
12341 147 154
12341 147 155
12341 147 156
12341 147 157
12341 147 158
12341 147 159
12341 147 160
12341 147 161
12642 174 188
12642 174 189
12642 174 190
12642 174 191
12642 174 192
12642 175 176
12642 175 177
12642 175 178
12642 175 179
12642 175 180
12642 175 181
12642 175 182
12642 175 183
12642 175 184
12642 175 185
12642 175 186
12642 175 187
12642 175 188
12642 175 189
12642 175 190
12642 175 191
12642 176 177
12642 176 178
12642 176 179
12642 176 180
12642 176 181
12642 176 182
12642 176 183
12642 176 184
12642 176 185
12642 176 186
12943 182 186
12943 182 187
12943 182 188
12943 183 184
12943 183 185
12943 183 186
12943 183 187
12943 183 188
12943 184 185
12943 184 186
12943 184 187
12943 185 186
12943 185 187
12943 186 187
12943 187 188
12943 188 189
12943 189 190
12943 190 191
12943 191 192
12943 192 193
12943 193 194
12943 194 195
12943 195 196
12943 196 197
12943 197 198
12943 198 199
13244 26 38
13244 26 39
13244 26 40
13244 27 28
13244 27 29
13244 27 30
13244 27 31
13244 27 32
13244 27 33
13244 27 34
13244 27 35
13244 27 36
13244 27 37
13244 27 38
13244 27 39
13244 27 40
13244 28 29
13244 28 30
13244 28 31
13244 28 32
13244 28 33
13244 28 34
13244 28 35
13244 28 36
13244 28 37
13244 28 38
13244 28 39
13244 29 30
13244 29 31
13244 29 32
13244 29 33
13545 168 190
13545 168 191
13545 168 192
13545 168 193
13545 169 170
13545 169 184
13545 169 185
13545 169 186
13545 169 187
13545 169 188
13545 169 189
13545 169 190
13545 169 191
13545 169 192
13545 169 193
13545 170 171
13545 170 181
13545 170 182
13545 170 183
13545 170 184
13545 170 185
13545 170 186
13545 170 187
13545 170 188
13545 170 189
13545 170 190
13545 170 191
13545 170 192
13545 170 193
13545 171 172
13545 171 179
13846 101 105
13846 101 106
13846 101 107
13846 101 108
13846 101 109
13846 101 110
13846 101 111
13846 101 112
13846 101 113
13846 101 114
13846 101 115
13846 101 116
13846 102 103
13846 102 104
13846 102 105
13846 102 106
13846 102 107
13846 102 108
13846 102 109
13846 102 110
13846 102 111
13846 102 112
13846 102 113
13846 102 114
13846 102 115
13846 103 104
13846 103 105
13846 103 106
13846 103 107
13846 103 108
13846 103 109
14147 93 113
14147 93 114
14147 93 115
14147 93 116
14147 93 117
14147 93 167
14147 93 168
14147 93 192
14147 93 193
14147 94 95
14147 94 107
14147 94 108
14147 94 109
14147 94 110
14147 94 111
14147 94 112
14147 94 113
14147 94 114
14147 94 115
14147 94 116
14147 94 117
14147 95 96
14147 95 105
14147 95 106
14147 95 107
14147 95 108
14147 95 109
14147 95 110
14147 95 111
14147 95 112
14147 95 113
14448 99 105
14448 99 106
14448 99 107
14448 99 108
14448 99 109
14448 99 110
14448 99 111
14448 99 112
14448 99 113
14448 99 114
14448 99 115
14448 99 116
14448 100 101
14448 100 102
14448 100 103
14448 100 104
14448 100 105
14448 100 106
14448 100 107
14448 100 108
14448 100 109
14448 100 110
14448 100 111
14448 100 112
14448 100 113
14448 100 114
14448 100 115
14448 100 116
14448 101 102
14448 101 103
14448 101 104
14749 0 1
14749 0 2
14749 0 3
14749 0 4
14749 0 5
14749 0 6
14749 0 7
14749 0 8
14749 0 9
14749 0 10
14749 0 11
14749 0 12
14749 0 13
14749 0 14
14749 0 15
14749 1 2
14749 1 3
14749 1 4
14749 1 5
14749 1 6
14749 1 7
14749 1 8
14749 1 9
14749 1 10
14749 1 11
14749 1 12
14749 1 13
14749 1 14
14749 1 15
14749 2 3
14749 2 4
15050 51 60
15050 51 61
15050 51 62
15050 51 63
15050 51 64
15050 51 65
15050 52 53
15050 52 54
15050 52 55
15050 52 56
15050 52 57
15050 52 58
15050 52 59
15050 52 60
15050 52 61
15050 52 62
15050 52 63
15050 52 64
15050 52 65
15050 53 54
15050 53 55
15050 53 56
15050 53 57
15050 53 58
15050 53 59
15050 53 60
15050 53 61
15050 53 62
15050 53 63
15050 53 64
15050 54 55
15351 126 129
15351 126 130
15351 126 131
15351 126 132
15351 126 133
15351 126 134
15351 126 135
15351 126 136
15351 126 137
15351 126 138
15351 126 139
15351 126 140
15351 126 141
15351 127 128
15351 127 129
15351 127 130
15351 127 131
15351 127 132
15351 127 133
15351 127 134
15351 127 135
15351 127 136
15351 127 137
15351 127 138
15351 127 139
15351 127 140
15351 128 129
15351 128 130
15351 128 131
15351 128 132
15351 128 133
15652 29 34
15652 29 35
15652 29 36
15652 29 37
15652 29 38
15652 29 39
15652 30 31
15652 30 32
15652 30 33
15652 30 34
15652 30 35
15652 30 36
15652 30 37
15652 30 38
15652 31 32
15652 31 33
15652 31 34
15652 31 35
15652 31 36
15652 31 37
15652 31 38
15652 32 33
15652 32 34
15652 32 35
15652 32 36
15652 32 37
15652 33 34
15652 33 35
15652 33 36
15652 33 37
15652 34 35
