0 66 81
0 66 82
0.501 106 109
0.501 106 110
1.0019999999999998 94 95
1.0019999999999998 94 96
1.5029999999999997 103 107
1.5029999999999997 103 108
2.0039999999999996 153 170
2.0039999999999996 153 171
2.5049999999999994 85 91
2.5049999999999994 85 92
3.0059999999999993 120 124
3.0059999999999993 120 125
3.5069999999999992 151 172
3.5069999999999992 151 173
4.008 26 30
4.008 26 31
4.509 33 35
4.509 33 36
5.010000000000001 156 157
5.010000000000001 156 160
5.511000000000001 65 82
5.511000000000001 65 83
6.012000000000001 130 146
6.012000000000001 130 147
6.513000000000002 39 81
6.513000000000002 39 82
7.014000000000002 50 53
7.014000000000002 50 54
7.515000000000002 183 186
7.515000000000002 183 187
8.016000000000002 64 74
8.016000000000002 64 75
8.517000000000001 140 146
8.517000000000001 140 147
9.018 133 135
9.018 133 136
9.519 132 169
9.519 132 170
10.02 115 118
10.02 115 119
10.520999999999999 174 180
10.520999999999999 174 181
11.021999999999998 175 183
11.021999999999998 175 184
11.522999999999998 122 127
11.522999999999998 122 128
12.023999999999997 45 57
12.023999999999997 45 58
12.524999999999997 46 82
12.524999999999997 46 83
13.025999999999996 40 42
13.025999999999996 40 43
13.526999999999996 166 169
13.526999999999996 166 170
14.027999999999995 42 79
14.027999999999995 42 80
14.528999999999995 63 78
14.528999999999995 63 79
15.029999999999994 86 96
15.029999999999994 86 97
15.530999999999993 137 173
15.530999999999993 138 139
16.031999999999993 129 172
16.031999999999993 129 173
16.532999999999994 40 58
16.532999999999994 40 59
17.033999999999995 97 98
17.033999999999995 97 110
17.534999999999997 160 162
17.534999999999997 161 162
18.035999999999998 38 43
18.035999999999998 38 44
18.537 39 40
18.537 39 41
19.038 113 115
19.038 113 116
19.539 100 112
19.539 101 102
20.040000000000003 61 76
20.040000000000003 61 77
20.541000000000004 134 147
20.541000000000004 134 148
21.042000000000005 150 164
21.042000000000005 150 165
21.543000000000006 140 148
21.543000000000006 141 142
22.044000000000008 60 80
22.044000000000008 60 81
22.54500000000001 192 194
22.54500000000001 192 195
23.04600000000001 38 53
23.04600000000001 38 54
23.54700000000001 0 1
23.54700000000001 0 2
24.048000000000012 131 165
24.048000000000012 131 166
24.549000000000014 130 152
24.549000000000014 130 153
25.050000000000015 42 77
25.050000000000015 42 78
25.551000000000016 80 81
25.551000000000016 80 82
26.052000000000017 28 29
26.052000000000017 28 30
26.55300000000002 86 94
26.55300000000002 86 95
27.05400000000002 117 121
27.05400000000002 117 122
27.55500000000002 183 188
27.55500000000002 183 189
28.056000000000022 156 172
28.056000000000022 156 173
28.557000000000023 101 103
28.557000000000023 101 104
29.058000000000025 139 143
29.058000000000025 139 144
29.559000000000026 138 148
29.559000000000026 138 149
30.060000000000027 179 180
30.060000000000027 179 181
30.56100000000003 28 35
30.56100000000003 28 36
31.06200000000003 115 116
31.06200000000003 115 117
31.56300000000003 122 125
31.56300000000003 122 126
32.06400000000003 38 83
32.06400000000003 38 84
32.565000000000026 181 189
32.565000000000026 182 183
33.066000000000024 194 197
33.066000000000024 194 198
33.56700000000002 87 94
33.56700000000002 87 95
34.06800000000002 149 167
34.06800000000002 149 168
34.56900000000002 122 123
34.56900000000002 122 124
35.070000000000014 128 172
35.070000000000014 128 173
35.57100000000001 7 37
35.57100000000001 8 9
36.07200000000001 178 186
36.07200000000001 178 187
36.57300000000001 132 167
36.57300000000001 132 168
37.074000000000005 167 171
37.074000000000005 167 172
37.575 8 10
37.575 8 11
38.076 153 162
38.076 153 163
38.577 8 18
38.577 8 19
39.077999999999996 23 30
39.077999999999996 23 31
39.57899999999999 42 60
39.57899999999999 42 61
40.07999999999999 151 152
40.07999999999999 151 163
40.58099999999999 164 165
40.58099999999999 164 171
41.08199999999999 41 47
41.08199999999999 41 54
41.582999999999984 48 82
41.582999999999984 48 83
42.08399999999998 129 150
42.08399999999998 129 151
42.58499999999998 157 164
42.58499999999998 157 165
43.08599999999998 40 54
43.08599999999998 40 55
43.586999999999975 156 163
43.586999999999975 156 164
44.08799999999997 62 81
44.08799999999997 62 82
44.58899999999997 100 110
44.58899999999997 100 111
45.08999999999997 130 168
45.08999999999997 130 169
45.590999999999966 119 120
45.590999999999966 119 121
46.09199999999996 136 150
46.09199999999996 136 165
46.59299999999996 34 36
46.59299999999996 35 36
47.09399999999996 113 125
47.09399999999996 113 126
47.594999999999956 152 171
47.594999999999956 152 172
48.095999999999954 22 34
48.095999999999954 22 35
48.59699999999995 116 118
48.59699999999995 116 119
49.09799999999995 9 18
49.09799999999995 9 19
49.59899999999995 190 199
49.59899999999995 191 192
50.099999999999945 152 169
50.099999999999945 152 170
50.60099999999994 22 23
50.60099999999994 22 25
51.10199999999994 52 53
51.10199999999994 52 54
51.60299999999994 29 37
51.60299999999994 30 31
52.103999999999935 74 75
52.103999999999935 75 76
52.60499999999993 48 53
52.60499999999993 48 54
53.10599999999993 26 32
53.10599999999993 26 33
53.60699999999993 39 128
53.60699999999993 40 41
54.107999999999926 63 80
54.107999999999926 63 81
54.608999999999924 38 73
54.608999999999924 38 74
55.10999999999992 67 73
55.10999999999992 67 74
55.61099999999992 93 95
55.61099999999992 93 96
56.11199999999992 120 128
56.11199999999992 121 122
56.612999999999914 123 126
56.612999999999914 123 127
57.11399999999991 89 97
57.11399999999991 90 91
57.61499999999991 25 31
57.61499999999991 25 32
58.11599999999991 63 82
58.11599999999991 63 83
58.616999999999905 65 80
58.616999999999905 65 81
59.1179999999999 97 128
59.1179999999999 98 99
59.6189999999999 101 107
59.6189999999999 101 108
60.1199999999999 181 185
60.1199999999999 181 186
60.620999999999896 141 147
60.620999999999896 142 143
61.12199999999989 29 33
61.12199999999989 29 34
61.62299999999989 168 170
61.62299999999989 168 171
62.12399999999989 117 125
62.12399999999989 117 126
62.624999999999886 131 171
62.624999999999886 131 172
63.125999999999884 121 127
63.125999999999884 121 128
63.62699999999988 60 78
63.62699999999988 60 79
64.12799999999989 138 173
64.12799999999989 139 140
64.62899999999989 113 127
64.62899999999989 113 128
65.1299999999999 131 163
65.1299999999999 131 164
65.6309999999999 65 78
65.6309999999999 65 79
66.1319999999999 89 93
66.1319999999999 89 94
66.63299999999991 176 187
66.63299999999991 176 188
67.13399999999992 1 6
67.13399999999992 2 3
67.63499999999992 175 187
67.63499999999992 175 188
68.13599999999992 137 171
68.13599999999992 137 172
68.63699999999993 138 171
68.63699999999993 138 172
69.13799999999993 129 164
69.13799999999993 129 165
69.63899999999994 23 26
69.63899999999994 23 27
70.13999999999994 179 184
70.13999999999994 179 185
70.64099999999995 88 91
70.64099999999995 88 92
71.14199999999995 182 186
71.14199999999995 182 187
71.64299999999996 69 74
71.64299999999996 69 75
72.14399999999996 9 12
72.14399999999996 9 13
72.64499999999997 64 65
72.64499999999997 64 73
73.14599999999997 168 172
73.14599999999997 168 173
73.64699999999998 121 125
73.64699999999998 121 126
74.14799999999998 92 94
74.14799999999998 92 95
74.64899999999999 77 83
74.64899999999999 78 79
75.14999999999999 85 93
75.14999999999999 85 94
75.651 41 45
75.651 41 46
76.152 10 15
76.152 10 16
76.653 12 14
76.653 12 15
77.15400000000001 15 20
77.15400000000001 16 17
77.65500000000002 176 189
77.65500000000002 176 190
78.15600000000002 165 172
78.15600000000002 165 173
78.65700000000002 39 62
78.65700000000002 39 63
79.15800000000003 68 70
79.15800000000003 68 71
79.65900000000003 131 169
79.65900000000003 131 170
80.16000000000004 127 128
80.16000000000004 128 129
80.66100000000004 25 29
80.66100000000004 25 30
81.16200000000005 62 77
81.16200000000005 62 78
81.66300000000005 135 150
81.66300000000005 135 165
82.16400000000006 22 30
82.16400000000006 22 31
82.66500000000006 152 153
82.66500000000006 152 162
83.16600000000007 124 126
83.16600000000007 124 127
83.66700000000007 154 166
83.66700000000007 154 167
84.16800000000008 131 136
84.16800000000008 131 137
84.66900000000008 136 137
84.66900000000008 136 145
85.17000000000009 67 77
85.17000000000009 67 78
85.67100000000009 39 56
85.67100000000009 39 57
86.1720000000001 48 57
86.1720000000001 48 58
86.6730000000001 156 161
86.6730000000001 156 162
87.1740000000001 134 168
87.1740000000001 134 169
87.67500000000011 39 54
87.67500000000011 39 55
88.17600000000012 32 35
88.17600000000012 32 36
88.67700000000012 98 111
88.67700000000012 98 112
89.17800000000013 151 170
89.17800000000013 151 171
89.67900000000013 95 96
89.67900000000013 96 97
90.18000000000013 128 190
90.18000000000013 129 130
90.68100000000014 43 76
90.68100000000014 43 77
91.18200000000014 191 197
91.18200000000014 191 198
91.68300000000015 177 184
91.68300000000015 177 185
92.18400000000015 106 111
92.18400000000015 107 108
92.68500000000016 62 79
92.68500000000016 62 80
93.18600000000016 67 83
93.18600000000016 68 69
93.68700000000017 16 18
93.68700000000017 16 19
94.18800000000017 157 162
94.18800000000017 157 163
94.68900000000018 102 109
94.68900000000018 102 110
95.19000000000018 106 107
95.19000000000018 106 108
95.69100000000019 84 95
95.69100000000019 84 96
96.19200000000019 69 70
96.19200000000019 69 71
96.6930000000002 151 168
96.6930000000002 151 169
97.1940000000002 67 75
97.1940000000002 67 76
97.6950000000002 37 81
97.6950000000002 37 82
98.19600000000021 38 112
98.19600000000021 38 128
98.69700000000022 114 123
98.69700000000022 114 124
99.19800000000022 112 126
99.19800000000022 112 127
99.69900000000023 45 59
99.69900000000023 45 60
100.20000000000023 92 96
100.20000000000023 93 94
100.70100000000023 194 199
100.70100000000023 195 196
101.20200000000024 179 188
101.20200000000024 179 189
101.70300000000024 98 103
101.70300000000024 98 104
102.20400000000025 87 92
102.20400000000025 87 93
102.70500000000025 29 31
102.70500000000025 29 32
103.20600000000026 114 121
103.20600000000026 114 122
103.70700000000026 7 20
103.70700000000026 7 21
104.20800000000027 66 75
104.20800000000027 66 76
104.70900000000027 152 167
104.70900000000027 152 168
105.21000000000028 46 80
105.21000000000028 46 81
105.71100000000028 118 119
105.71100000000028 118 120
106.21200000000029 40 62
106.21200000000029 40 63
106.71300000000029 175 181
106.71300000000029 175 182
107.2140000000003 152 173
107.2140000000003 153 154
107.7150000000003 46 59
107.7150000000003 46 77
108.2160000000003 65 66
108.2160000000003 65 73
108.71700000000031 85 89
108.71700000000031 85 90
109.21800000000032 158 164
109.21800000000032 159 160
109.71900000000032 154 155
109.71900000000032 154 161
110.22000000000033 25 35
110.22000000000033 25 36
110.72100000000033 13 16
110.72100000000033 13 17
111.22200000000034 38 77
111.22200000000034 38 78
111.72300000000034 41 61
111.72300000000034 41 62
112.22400000000034 11 13
112.22400000000034 11 14
112.72500000000035 179 182
112.72500000000035 179 183
113.22600000000035 191 193
113.22600000000035 191 194
113.72700000000036 62 75
113.72700000000036 62 76
114.22800000000036 67 79
114.22800000000036 67 80
114.72900000000037 21 22
114.72900000000037 21 33
115.23000000000037 156 168
115.23000000000037 156 169
115.73100000000038 41 76
115.73100000000038 41 77
116.23200000000038 184 187
116.23200000000038 184 188
116.73300000000039 174 182
116.73300000000039 174 183
117.23400000000039 191 195
117.23400000000039 191 196
117.7350000000004 151 164
117.7350000000004 151 165
118.2360000000004 8 20
118.2360000000004 8 21
118.7370000000004 28 37
118.7370000000004 29 30
119.23800000000041 43 56
119.23800000000041 43 57
119.73900000000042 68 76
119.73900000000042 68 81
120.24000000000042 14 15
120.24000000000042 14 16
120.74100000000043 192 198
120.74100000000043 192 199
121.24200000000043 155 172
121.24200000000043 155 173
121.74300000000044 85 97
121.74300000000044 86 87
122.24400000000044 175 177
122.24400000000044 175 178
122.74500000000045 90 92
122.74500000000045 90 93
123.24600000000045 64 78
123.24600000000045 64 79
123.74700000000045 38 59
123.74700000000045 38 60
124.24800000000046 195 197
124.24800000000046 195 198
124.74900000000046 167 169
124.74900000000046 167 170
125.25000000000047 181 183
125.25000000000047 181 184
125.75100000000047 119 124
125.75100000000047 119 125
126.25200000000048 50 51
126.25200000000048 50 52
126.75300000000048 139 145
126.75300000000048 139 146
127.25400000000049 113 121
127.25400000000049 113 122
127.75500000000049 98 105
127.75500000000049 98 106
128.2560000000005 130 170
128.2560000000005 130 171
128.75700000000052 84 93
128.75700000000052 84 94
129.25800000000052 184 185
129.25800000000052 184 186
129.75900000000053 64 76
129.75900000000053 64 77
130.26000000000053 174 186
130.26000000000053 174 187
130.76100000000054 59 78
130.76100000000054 59 79
131.26200000000054 91 96
131.26200000000054 92 93
131.76300000000055 14 19
131.76300000000055 14 20
132.26400000000055 123 124
132.26400000000055 123 125
132.76500000000055 178 184
132.76500000000055 178 185
133.26600000000056 45 80
133.26600000000056 45 81
133.76700000000056 23 32
133.76700000000056 23 33
134.26800000000057 158 162
134.26800000000057 158 163
134.76900000000057 38 45
134.76900000000057 38 46
135.27000000000058 129 190
135.27000000000058 130 131
135.77100000000058 113 123
135.77100000000058 113 124
136.2720000000006 38 97
136.2720000000006 38 111
136.7730000000006 180 189
136.7730000000006 181 182
137.2740000000006 84 91
137.2740000000006 84 92
137.7750000000006 153 164
137.7750000000006 153 165
138.2760000000006 105 106
138.2760000000006 105 107
138.7770000000006 157 158
138.7770000000006 157 159
139.27800000000062 193 198
139.27800000000062 193 199
139.77900000000062 114 119
139.77900000000062 114 120
140.28000000000063 9 14
140.28000000000063 9 15
140.78100000000063 50 57
140.78100000000063 51 52
141.28200000000064 154 168
141.28200000000064 154 169
141.78300000000064 133 137
141.78300000000064 133 145
142.28400000000065 25 33
142.28400000000065 25 34
142.78500000000065 61 62
142.78500000000065 61 75
143.28600000000066 180 185
143.28600000000066 180 186
143.78700000000066 76 77
143.78700000000066 76 80
144.28800000000066 79 81
144.28800000000066 79 82
144.78900000000067 65 76
144.78900000000067 65 77
145.29000000000067 88 89
145.29000000000067 88 90
145.79100000000068 91 92
145.79100000000068 91 93
146.29200000000068 102 103
146.29200000000068 102 104
146.7930000000007 29 35
146.7930000000007 29 36
147.2940000000007 135 168
147.2940000000007 135 169
147.7950000000007 44 83
147.7950000000007 45 46
148.2960000000007 135 146
148.2960000000007 135 147
148.7970000000007 30 36
148.7970000000007 30 37
149.2980000000007 27 36
149.2980000000007 27 37
149.79900000000072 100 102
149.79900000000072 100 103
150.30000000000072 87 96
150.30000000000072 87 97
150.80100000000073 177 182
150.80100000000073 177 183
151.30200000000073 40 82
151.30200000000073 40 83
151.80300000000074 38 79
151.80300000000074 38 80
152.30400000000074 130 150
152.30400000000074 130 151
152.80500000000075 180 181
152.80500000000075 180 182
153.30600000000075 135 136
153.30600000000075 135 145
153.80700000000076 129 139
153.80700000000076 129 143
154.30800000000076 50 55
154.30800000000076 50 56
154.80900000000076 116 120
154.80900000000076 116 121
155.31000000000077 64 80
155.31000000000077 64 81
155.81100000000077 179 186
155.81100000000077 179 187
156.31200000000078 132 173
156.31200000000078 133 134
156.81300000000078 142 146
156.81300000000078 142 147
157.3140000000008 41 82
157.3140000000008 41 83
157.8150000000008 134 145
157.8150000000008 134 146
158.3160000000008 115 124
158.3160000000008 115 125
158.8170000000008 67 81
158.8170000000008 67 82
159.3180000000008 38 61
159.3180000000008 38 62
159.8190000000008 45 82
159.8190000000008 45 83
160.32000000000082 157 160
160.32000000000082 157 161
160.82100000000082 32 37
160.82100000000082 33 34
161.32200000000083 36 37
161.32200000000083 37 38
161.82300000000083 83 84
161.82300000000083 84 85
162.32400000000084 98 107
162.32400000000084 98 108
162.82500000000084 138 144
162.82500000000084 138 145
163.32600000000085 65 74
163.32600000000085 65 75
163.82700000000085 53 55
163.82700000000085 54 55
164.32800000000086 155 170
164.32800000000086 155 171
164.82900000000086 38 39
164.82900000000086 38 42
165.33000000000087 85 87
165.33000000000087 85 88
165.83100000000087 132 165
165.83100000000087 132 166
166.33200000000087 43 45
166.33200000000087 43 55
166.83300000000088 134 164
166.83300000000088 134 165
167.33400000000088 1 4
167.33400000000088 1 5
167.8350000000009 3 4
167.8350000000009 3 5
168.3360000000009 115 126
168.3360000000009 115 127
168.8370000000009 159 163
168.8370000000009 160 161
169.3380000000009 60 76
169.3380000000009 60 77
169.8390000000009 76 81
169.8390000000009 76 82
170.3400000000009 58 83
170.3400000000009 59 60
170.84100000000092 44 60
170.84100000000092 44 76
171.34200000000092 76 83
171.34200000000092 77 78
171.84300000000093 38 47
171.84300000000093 38 48
172.34400000000093 66 73
172.34400000000093 66 74
172.84500000000094 193 196
172.84500000000094 193 197
173.34600000000094 13 14
173.34600000000094 13 15
173.84700000000095 177 178
173.84700000000095 177 179
174.34800000000095 6 7
174.34800000000095 7 8
174.84900000000096 167 173
174.84900000000096 168 169
175.35000000000096 138 146
175.35000000000096 138 147
175.85100000000097 69 72
175.85100000000097 69 73
176.35200000000097 81 82
176.35200000000097 82 83
176.85300000000097 99 112
176.85300000000097 100 101
177.35400000000098 89 91
177.35400000000098 89 92
177.85500000000098 137 138
177.85500000000098 137 145
178.356000000001 132 134
178.356000000001 132 135
178.857000000001 47 81
178.857000000001 47 82
179.358000000001 28 31
179.358000000001 28 32
179.859000000001 118 121
179.859000000001 118 122
180.360000000001 100 106
180.360000000001 100 107
180.861000000001 119 126
180.861000000001 119 127
181.36200000000102 100 108
181.36200000000102 100 109
181.86300000000102 116 124
181.86300000000102 116 125
182.36400000000103 8 16
182.36400000000103 8 17
182.86500000000103 42 83
182.86500000000103 43 44
183.36600000000104 49 50
183.36600000000104 49 52
183.86700000000104 113 119
183.86700000000104 113 120
184.36800000000105 131 167
184.36800000000105 131 168
184.86900000000105 177 186
184.86900000000105 177 187
185.37000000000106 43 60
185.37000000000106 43 75
185.87100000000106 130 162
185.87100000000106 130 163
186.37200000000107 138 169
186.37200000000107 138 170
186.87300000000107 39 97
186.87300000000107 39 112
187.37400000000108 70 73
187.37400000000108 70 74
187.87500000000108 8 14
187.87500000000108 8 15
188.37600000000108 25 27
188.37600000000108 25 28
188.8770000000011 104 106
188.8770000000011 104 107
189.3780000000011 142 144
189.3780000000011 142 145
189.8790000000011 39 64
189.8790000000011 39 74
190.3800000000011 61 82
190.3800000000011 61 83
190.8810000000011 99 100
190.8810000000011 99 101
191.3820000000011 22 26
191.3820000000011 22 27
191.88300000000112 26 34
191.88300000000112 26 35
192.38400000000112 119 128
192.38400000000112 120 121
192.88500000000113 59 76
192.88500000000113 59 77
193.38600000000113 132 150
193.38600000000113 132 151
193.88700000000114 154 170
193.88700000000114 154 171
194.38800000000114 62 83
194.38800000000114 63 64
194.88900000000115 4 5
194.88900000000115 5 6
195.39000000000115 44 77
195.39000000000115 44 78
195.89100000000116 198 199
196.39200000000116 1 2
196.39200000000116 1 3
196.89300000000117 46 57
196.89300000000117 46 58
197.39400000000117 128 174
197.39400000000117 128 189
197.89500000000118 156 170
197.89500000000118 156 171
198.39600000000118 113 117
198.39600000000118 113 118
198.89700000000119 7 16
198.89700000000119 7 17
199.3980000000012 135 166
199.3980000000012 135 167
199.8990000000012 137 150
199.8990000000012 137 166
200.4000000000012 186 188
200.4000000000012 186 189
200.9010000000012 22 28
200.9010000000012 22 29
201.4020000000012 153 172
201.4020000000012 153 173
201.9030000000012 24 27
201.9030000000012 24 28
202.40400000000122 39 48
202.40400000000122 39 53
202.90500000000122 42 56
202.90500000000122 42 57
203.40600000000123 137 148
203.40600000000123 137 149
203.90700000000123 129 168
203.90700000000123 129 169
204.40800000000124 68 82
204.40800000000124 68 83
204.90900000000124 165 170
204.90900000000124 165 171
205.41000000000125 130 164
205.41000000000125 130 165
205.91100000000125 39 58
205.91100000000125 39 59
206.41200000000126 175 179
206.41200000000126 175 180
206.91300000000126 40 78
206.91300000000126 40 79
207.41400000000127 118 125
207.41400000000127 118 126
207.91500000000127 41 74
207.91500000000127 41 75
208.41600000000128 134 172
208.41600000000128 134 173
208.91700000000128 23 28
208.91700000000128 23 29
209.41800000000129 104 110
209.41800000000129 104 111
209.9190000000013 136 168
209.9190000000013 136 169
210.4200000000013 39 46
210.4200000000013 39 47
210.9210000000013 99 102
210.9210000000013 99 103
211.4220000000013 46 47
211.4220000000013 46 54
211.9230000000013 112 124
211.9230000000013 112 125
212.4240000000013 130 144
212.4240000000013 130 145
212.92500000000132 187 188
212.92500000000132 188 189
213.42600000000132 169 170
213.42600000000132 169 171
213.92700000000133 133 170
213.92700000000133 133 171
214.42800000000133 125 127
214.42800000000133 126 127
214.92900000000134 139 173
214.92900000000134 140 141
215.43000000000134 88 97
215.43000000000134 89 90
215.93100000000135 84 128
215.93100000000135 85 86
216.43200000000135 141 143
216.43200000000135 141 144
216.93300000000136 24 35
216.93300000000136 24 36
217.43400000000136 100 104
217.43400000000136 100 105
217.93500000000137 175 185
217.93500000000137 175 186
218.43600000000137 13 20
218.43600000000137 13 21
218.93700000000138 40 74
218.93700000000138 40 75
219.43800000000138 12 20
219.43800000000138 12 21
219.93900000000139 105 108
219.93900000000139 105 109
220.4400000000014 21 34
220.4400000000014 21 35
220.9410000000014 71 72
220.9410000000014 71 73
221.4420000000014 39 44
221.4420000000014 39 45
221.9430000000014 131 151
221.9430000000014 131 152
222.4440000000014 136 166
222.4440000000014 136 167
222.94500000000141 170 172
222.94500000000141 171 172
223.44600000000142 155 166
223.44600000000142 155 167
223.94700000000142 176 185
223.94700000000142 176 186
224.44800000000143 91 94
224.44800000000143 91 95
224.94900000000143 39 83
224.94900000000143 39 84
225.45000000000144 59 82
225.45000000000144 59 83
225.95100000000144 139 149
225.95100000000144 139 172
226.45200000000145 132 148
226.45200000000145 132 149
226.95300000000145 16 20
226.95300000000145 17 18
227.45400000000146 130 166
227.45400000000146 130 167
227.95500000000146 31 36
227.95500000000146 31 37
228.45600000000147 174 188
228.45600000000147 174 189
228.95700000000147 102 105
228.95700000000147 102 106
229.45800000000148 41 57
229.45800000000148 41 58
229.95900000000148 47 79
229.95900000000148 47 80
230.4600000000015 49 53
230.4600000000015 49 54
230.9610000000015 185 189
230.9610000000015 186 187
231.4620000000015 154 164
231.4620000000015 154 165
231.9630000000015 84 97
231.9630000000015 84 112
232.4640000000015 66 83
232.4640000000015 67 68
232.9650000000015 129 148
232.9650000000015 129 149
233.46600000000151 180 187
233.46600000000151 180 188
233.96700000000152 134 135
233.96700000000152 134 136
234.46800000000152 173 190
234.46800000000152 174 175
234.96900000000153 165 166
234.96900000000153 165 169
235.47000000000153 132 163
235.47000000000153 132 164
235.97100000000154 26 36
235.97100000000154 26 37
236.47200000000154 41 55
236.47200000000154 41 56
236.97300000000155 135 170
236.97300000000155 135 171
237.47400000000155 47 58
237.47400000000155 47 59
237.97500000000156 119 122
237.97500000000156 119 123
238.47600000000156 44 58
238.47600000000156 44 59
238.97700000000157 38 57
238.97700000000157 38 58
239.47800000000157 88 95
239.47800000000157 88 96
239.97900000000158 150 168
239.97900000000158 150 169
240.48000000000158 143 144
240.48000000000158 143 145
240.9810000000016 99 104
240.9810000000016 99 105
241.4820000000016 118 127
241.4820000000016 118 128
241.9830000000016 116 126
241.9830000000016 116 127
242.4840000000016 109 110
242.4840000000016 110 111
242.9850000000016 155 162
242.9850000000016 155 163
243.4860000000016 40 46
243.4860000000016 40 47
243.98700000000161 10 19
243.98700000000161 10 20
244.48800000000162 117 127
244.48800000000162 117 128
244.98900000000162 107 109
244.98900000000162 107 110
245.49000000000163 40 76
245.49000000000163 40 77
245.99100000000163 159 161
245.99100000000163 159 162
246.49200000000164 86 92
246.49200000000164 86 93
246.99300000000164 90 96
246.99300000000164 90 97
247.49400000000165 128 170
247.49400000000165 128 171
247.99500000000165 10 13
247.99500000000165 10 14
248.49600000000166 191 199
248.49600000000166 192 193
248.99700000000166 174 184
248.99700000000166 174 185
249.49800000000167 12 18
249.49800000000167 12 19
249.99900000000167 63 74
249.99900000000167 63 75
250.50000000000168 185 187
250.50000000000168 185 188
251.00100000000168 86 90
251.00100000000168 86 91
251.5020000000017 181 187
251.5020000000017 181 188
252.0030000000017 132 138
252.0030000000017 132 145
252.5040000000017 134 166
252.5040000000017 134 167
253.0050000000017 72 73
253.0050000000017 73 74
253.5060000000017 14 17
253.5060000000017 14 18
254.0070000000017 115 128
254.0070000000017 116 117
254.50800000000172 137 167
254.50800000000172 137 168
255.00900000000172 152 163
255.00900000000172 152 164
255.51000000000172 47 54
255.51000000000172 47 55
256.0110000000017 177 180
256.0110000000017 177 181
256.51200000000165 129 162
256.51200000000165 129 163
257.0130000000016 39 77
257.0130000000016 39 78
257.5140000000016 0 5
257.5140000000016 0 6
258.0150000000016 46 55
258.0150000000016 46 56
258.51600000000155 87 88
258.51600000000155 87 89
259.01700000000153 37 97
259.01700000000153 37 111
259.5180000000015 41 80
259.5180000000015 41 81
260.0190000000015 177 188
260.0190000000015 177 189
260.52000000000146 131 138
260.52000000000146 131 144
261.02100000000144 176 183
261.02100000000144 176 184
261.5220000000014 49 57
261.5220000000014 49 58
262.0230000000014 154 162
262.0230000000014 154 163
262.52400000000137 52 55
262.52400000000137 53 54
263.02500000000134 64 82
263.02500000000134 64 83
263.5260000000013 22 32
263.5260000000013 22 33
264.0270000000013 40 44
264.0270000000013 40 45
264.52800000000127 192 196
264.52800000000127 192 197
265.02900000000125 17 19
265.02900000000125 17 20
265.5300000000012 104 108
265.5300000000012 104 109
266.0310000000012 135 148
266.0310000000012 135 149
266.5320000000012 155 164
266.5320000000012 155 165
267.03300000000115 120 126
267.03300000000115 120 127
267.53400000000113 157 171
267.53400000000113 157 172
268.0350000000011 11 19
268.0350000000011 11 20
268.5360000000011 194 195
268.5360000000011 194 196
269.03700000000106 130 148
269.03700000000106 130 149
269.53800000000103 45 76
269.53800000000103 45 77
270.039000000001 38 75
270.039000000001 38 76
270.540000000001 32 33
270.540000000001 32 34
271.04100000000096 169 172
271.04100000000096 170 171
271.54200000000094 114 127
271.54200000000094 114 128
272.0430000000009 180 183
272.0430000000009 180 184
272.5440000000009 129 137
272.5440000000009 129 138
273.04500000000087 103 111
273.04500000000087 104 105
273.54600000000084 141 145
273.54600000000084 141 146
274.0470000000008 133 168
274.0470000000008 133 169
274.5480000000008 61 80
274.5480000000008 61 81
275.0490000000008 140 144
275.0490000000008 140 145
275.55000000000075 42 54
275.55000000000075 42 55
276.0510000000007 60 61
276.0510000000007 60 75
276.5520000000007 129 133
276.5520000000007 129 134
277.0530000000007 149 171
277.0530000000007 149 172
277.55400000000066 150 172
277.55400000000066 150 173
278.05500000000063 39 75
278.05500000000063 39 76
278.5560000000006 67 71
278.5560000000006 67 72
279.0570000000006 77 79
279.0570000000006 77 80
279.55800000000056 58 81
279.55800000000056 58 82
280.05900000000054 136 148
280.05900000000054 136 149
280.5600000000005 24 37
280.5600000000005 25 26
281.0610000000005 21 36
281.0610000000005 21 37
281.56200000000047 11 17
281.56200000000047 11 18
282.06300000000044 59 80
282.06300000000044 59 81
282.5640000000004 140 142
282.5640000000004 140 143
283.0650000000004 77 81
283.0650000000004 77 82
283.5660000000004 27 30
283.5660000000004 27 31
284.06700000000035 0 3
284.06700000000035 0 4
284.5680000000003 31 34
284.5680000000003 31 35
285.0690000000003 101 111
285.0690000000003 101 112
285.5700000000003 149 169
285.5700000000003 149 170
286.07100000000025 117 123
286.07100000000025 117 124
286.57200000000023 157 173
286.57200000000023 158 159
287.0730000000002 112 122
287.0730000000002 112 123
287.5740000000002 30 34
287.5740000000002 30 35
288.07500000000016 133 150
288.07500000000016 133 151
288.57600000000014 158 160
288.57600000000014 158 161
289.0770000000001 49 55
289.0770000000001 49 56
289.5780000000001 9 16
289.5780000000001 9 17
290.07900000000006 9 10
290.07900000000006 9 11
290.58000000000004 44 45
290.58000000000004 44 55
291.081 31 32
291.081 31 33
291.582 28 33
291.582 28 34
292.08299999999997 26 28
292.08299999999997 26 29
292.58399999999995 43 78
292.58399999999995 43 79
293.0849999999999 183 184
293.0849999999999 183 185
293.5859999999999 134 149
293.5859999999999 134 150
294.0869999999999 45 78
294.0869999999999 45 79
294.58799999999985 88 93
294.58799999999985 88 94
295.0889999999998 176 177
295.0889999999998 176 178
295.5899999999998 175 189
295.5899999999998 175 190
296.0909999999998 105 110
296.0909999999998 105 111
296.59199999999976 99 108
296.59199999999976 99 109
297.09299999999973 133 166
297.09299999999973 133 167
297.5939999999997 136 170
297.5939999999997 136 171
298.0949999999997 10 11
298.0949999999997 10 12
298.59599999999966 193 194
298.59599999999966 193 195
299.09699999999964 118 123
299.09699999999964 118 124
299.5979999999996 37 112
299.5979999999996 37 128
300.0989999999996 130 136
300.0989999999996 130 137
300.59999999999957 27 32
300.59999999999957 27 33
301.10099999999954 45 55
301.10099999999954 45 56
301.6019999999995 102 107
301.6019999999995 102 108
302.1029999999995 2 4
302.1029999999995 2 5
302.6039999999995 145 146
302.6039999999995 146 147
303.10499999999945 47 83
303.10499999999945 48 49
303.6059999999994 25 37
303.6059999999994 26 27
304.1069999999994 131 132
304.1069999999994 131 133
304.6079999999994 178 180
304.6079999999994 178 181
305.10899999999936 116 128
305.10899999999936 117 118
305.60999999999933 189 190
305.60999999999933 190 191
306.1109999999993 43 80
306.1109999999993 43 81
306.6119999999993 41 78
306.6119999999993 41 79
307.11299999999926 23 36
307.11299999999926 23 37
307.61399999999924 40 60
307.61399999999924 40 61
308.1149999999992 51 53
308.1149999999992 51 54
308.6159999999992 33 37
308.6159999999992 34 35
309.11699999999917 40 56
309.11699999999917 40 57
309.61799999999914 27 28
309.61799999999914 27 29
310.1189999999991 131 173
310.1189999999991 132 133
310.6199999999991 61 78
310.6199999999991 61 79
311.12099999999907 114 117
311.12099999999907 114 118
311.62199999999905 108 110
311.62199999999905 108 111
312.122999999999 101 109
312.122999999999 101 110
312.623999999999 129 152
312.623999999999 129 153
313.124999999999 12 16
313.124999999999 12 17
313.62599999999895 129 170
313.62599999999895 129 171
314.12699999999893 178 182
314.12699999999893 178 183
314.6279999999989 55 56
314.6279999999989 56 57
315.1289999999989 40 84
315.1289999999989 41 42
315.62999999999886 15 18
315.62999999999886 15 19
316.13099999999883 176 179
316.13099999999883 176 180
316.6319999999988 116 122
316.6319999999988 116 123
317.1329999999988 68 72
317.1329999999988 68 73
317.63399999999876 44 81
317.63399999999876 44 82
318.13499999999874 177 190
318.13499999999874 178 179
318.6359999999987 133 146
318.6359999999987 133 147
319.1369999999987 89 95
319.1369999999987 89 96
319.63799999999867 24 31
319.63799999999867 24 32
320.13899999999865 27 34
320.13899999999865 27 35
320.6399999999986 42 75
320.6399999999986 42 76
321.1409999999986 62 63
321.1409999999986 62 74
321.6419999999986 130 138
321.6419999999986 130 139
322.14299999999855 48 55
322.14299999999855 48 56
322.6439999999985 103 105
322.6439999999985 103 106
323.1449999999985 101 105
323.1449999999985 101 106
323.6459999999985 112 120
323.6459999999985 112 121
324.14699999999846 136 146
324.14699999999846 136 147
324.64799999999843 23 34
324.64799999999843 23 35
325.1489999999984 13 18
325.1489999999984 13 19
325.6499999999984 41 43
325.6499999999984 41 44
326.15099999999836 130 174
326.15099999999836 130 190
326.65199999999834 155 156
326.65199999999834 155 161
327.1529999999983 44 79
327.1529999999983 44 80
327.6539999999983 129 166
327.6539999999983 129 167
328.15499999999827 7 18
328.15499999999827 7 19
328.65599999999824 9 20
328.65599999999824 9 21
329.1569999999982 176 181
329.1569999999982 176 182
329.6579999999982 114 125
329.6579999999982 114 126
330.1589999999982 130 134
330.1589999999982 130 135
330.65999999999815 156 165
330.65999999999815 156 166
331.1609999999981 90 94
331.1609999999981 90 95
331.6619999999981 151 166
331.6619999999981 151 167
332.1629999999981 131 134
332.1629999999981 131 135
332.66399999999805 78 82
332.66399999999805 79 80
333.16499999999803 149 173
333.16499999999803 150 151
333.665999999998 143 146
333.665999999998 144 145
334.166999999998 87 90
334.166999999998 87 91
334.66799999999796 103 109
334.66799999999796 103 110
335.16899999999794 131 149
335.16899999999794 131 150
335.6699999999979 132 171
335.6699999999979 132 172
336.1709999999979 182 188
336.1709999999979 182 189
336.67199999999787 47 48
336.67199999999787 47 53
337.17299999999784 133 172
337.17299999999784 133 173
337.6739999999978 139 147
337.6739999999978 139 148
338.1749999999978 38 63
338.1749999999978 38 64
338.67599999999777 78 80
338.67599999999777 78 81
339.17699999999775 57 58
339.17699999999775 58 59
339.6779999999977 7 14
339.6779999999977 7 15
340.1789999999977 11 21
340.1789999999977 12 13
340.6799999999977 63 76
340.6799999999977 63 77
341.18099999999765 19 20
341.18099999999765 20 21
341.68199999999763 115 120
341.68199999999763 115 121
342.1829999999976 129 174
342.1829999999976 129 189
342.6839999999976 178 188
342.6839999999976 178 189
343.18499999999756 129 135
343.18499999999756 129 136
343.68599999999753 164 172
343.68599999999753 164 173
344.1869999999975 131 147
344.1869999999975 131 148
344.6879999999975 129 144
344.6879999999975 129 145
345.18899999999746 154 172
345.18899999999746 154 173
345.68999999999744 115 122
345.68999999999744 115 123
346.1909999999974 184 189
346.1909999999974 185 186
346.6919999999974 8 12
346.6919999999974 8 13
347.19299999999737 137 169
347.19299999999737 137 170
347.69399999999735 98 109
347.69399999999735 98 110
348.1949999999973 166 171
348.1949999999973 166 172
348.6959999999973 136 172
348.6959999999973 136 173
349.1969999999973 15 16
349.1969999999973 15 17
349.69799999999725 39 60
349.69799999999725 39 61
350.1989999999972 166 173
350.1989999999972 167 168
350.6999999999972 132 146
350.6999999999972 132 147
351.2009999999972 150 170
351.2009999999972 150 171
351.70199999999716 24 29
351.70199999999716 24 30
352.20299999999713 66 79
352.20299999999713 66 80
352.7039999999971 51 55
352.7039999999971 51 56
353.2049999999971 152 165
353.2049999999971 152 166
353.70599999999706 117 119
353.70599999999706 117 120
354.20699999999704 42 81
354.20699999999704 42 82
354.707999999997 123 128
354.707999999997 124 125
355.208999999997 114 115
355.208999999997 114 116
355.70999999999697 10 21
355.70999999999697 11 12
356.21099999999694 124 128
356.21099999999694 125 126
356.7119999999969 120 122
356.7119999999969 120 123
357.2129999999969 41 59
357.2129999999969 41 60
357.7139999999969 22 36
357.7139999999969 22 37
358.21499999999685 66 67
358.21499999999685 66 72
358.7159999999968 130 172
358.7159999999968 130 173
359.2169999999968 86 88
359.2169999999968 86 89
359.7179999999968 172 173
359.7179999999968 173 174
360.21899999999675 40 80
360.21899999999675 40 81
360.71999999999673 102 111
360.71999999999673 103 104
361.2209999999967 155 168
361.2209999999967 155 169
361.7219999999967 121 123
361.7219999999967 121 124
362.22299999999666 66 77
362.22299999999666 66 78
362.72399999999664 60 82
362.72399999999664 60 83
363.2249999999966 130 132
363.2249999999966 130 133
363.7259999999966 182 184
363.7259999999966 182 185
364.22699999999656 166 167
364.22699999999656 166 168
364.72799999999654 23 24
364.72799999999654 23 25
365.2289999999965 153 166
365.2289999999965 153 167
365.7299999999965 150 166
365.7299999999965 150 167
366.23099999999647 132 136
366.23099999999647 132 137
366.73199999999645 99 106
366.73199999999645 99 107
367.2329999999964 147 148
367.2329999999964 148 149
367.7339999999964 97 111
367.7339999999964 97 112
368.2349999999964 135 172
368.2349999999964 135 173
368.73599999999635 70 71
368.73599999999635 70 72
369.2369999999963 30 32
369.2369999999963 30 33
369.7379999999963 46 78
369.7379999999963 46 79
370.2389999999963 162 163
370.2389999999963 163 164
370.73999999999626 18 19
370.73999999999626 18 20
371.24099999999623 43 82
371.24099999999623 43 83
371.7419999999962 107 111
371.7419999999962 108 109
372.2429999999962 174 190
372.2429999999962 175 176
372.74399999999616 131 145
372.74399999999616 131 146
373.24499999999614 148 173
373.24499999999614 149 150
373.7459999999961 153 168
373.7459999999961 153 169
374.2469999999961 42 58
374.2469999999961 42 59
374.74799999999607 47 56
374.74799999999607 47 57
375.24899999999604 129 146
375.24899999999604 129 147
375.749999999996 44 56
375.749999999996 44 57
376.250999999996 43 58
376.250999999996 43 59
376.751999999996 133 164
376.751999999996 133 165
377.25299999999595 133 148
377.25299999999595 133 149
377.7539999999959 10 17
377.7539999999959 10 18
378.2549999999959 68 74
378.2549999999959 68 75
378.7559999999959 38 81
378.7559999999959 38 82
379.25699999999586 42 43
379.25699999999586 42 44
379.75799999999583 24 25
379.75799999999583 24 26
380.2589999999958 85 95
380.2589999999958 85 96
380.7599999999958 137 146
380.7599999999958 137 147
381.26099999999576 39 42
381.26099999999576 39 43
381.76199999999574 24 33
381.76199999999574 24 34
382.2629999999957 38 55
382.2629999999957 38 56
382.7639999999957 42 45
382.7639999999957 42 46
383.26499999999567 112 128
383.26499999999567 113 114
383.76599999999564 190 197
383.76599999999564 190 198
384.2669999999956 11 15
384.2669999999956 11 16
384.7679999999956 39 79
384.7679999999956 39 80
385.2689999999956 134 170
385.2689999999956 134 171
385.76999999999555 37 83
385.76999999999555 37 84
386.2709999999955 111 112
386.2709999999955 112 113
386.7719999999955 99 110
386.7719999999955 99 111
387.2729999999955 196 197
387.2729999999955 197 198
