0 26 27
0 26 33
0 26 34
0 26 35
0 26 36
0 26 37
0 26 38
0 26 39
0 26 40
0 26 41
0 26 42
0 26 43
0 26 44
0 26 45
0 26 46
0 26 47
0 27 28
0 27 31
0 27 32
0 27 33
0 27 34
0 27 35
0 27 36
0 27 37
0 27 38
0 27 39
0 27 40
0 27 41
0 27 42
0 27 43
0 27 44
301 33 44
301 33 45
301 34 35
301 34 36
301 34 37
301 34 38
301 34 39
301 34 40
301 34 41
301 34 42
301 34 43
301 34 44
301 35 36
301 35 37
301 35 38
301 35 39
301 35 40
301 35 41
301 35 42
301 35 43
301 35 44
301 36 37
301 36 38
301 36 39
301 36 40
301 36 41
301 36 42
301 36 43
301 37 38
301 37 39
301 37 40
602 1 22
602 2 3
602 2 5
602 2 6
602 2 7
602 2 8
602 2 9
602 2 10
602 2 11
602 2 12
602 2 13
602 2 14
602 2 15
602 2 16
602 2 17
602 2 18
602 2 19
602 2 20
602 2 21
602 2 22
602 3 4
602 3 5
602 3 6
602 3 7
602 3 8
602 3 9
602 3 10
602 3 11
602 3 12
602 3 13
602 3 14
903 177 194
903 177 195
903 177 196
903 177 197
903 177 198
903 178 179
903 178 181
903 178 182
903 178 183
903 178 184
903 178 185
903 178 186
903 178 187
903 178 188
903 178 189
903 178 190
903 178 191
903 178 192
903 178 193
903 178 194
903 178 195
903 178 196
903 178 197
903 178 198
903 179 180
903 179 181
903 179 182
903 179 183
903 179 184
903 179 185
903 179 186
1204 130 139
1204 130 140
1204 130 141
1204 130 142
1204 130 143
1204 130 144
1204 130 145
1204 130 146
1204 130 147
1204 131 132
1204 131 133
1204 131 134
1204 131 135
1204 131 136
1204 131 137
1204 131 138
1204 131 139
1204 131 140
1204 131 141
1204 131 142
1204 131 143
1204 131 144
1204 131 145
1204 131 146
1204 132 133
1204 132 134
1204 132 135
1204 132 136
1204 132 137
1204 132 138
1204 132 139
1505 157 171
1505 158 159
1505 158 160
1505 158 161
1505 158 162
1505 158 163
1505 158 164
1505 158 165
1505 158 166
1505 158 167
1505 158 168
1505 158 169
1505 158 170
1505 158 171
1505 159 160
1505 159 161
1505 159 162
1505 159 163
1505 159 164
1505 159 165
1505 159 166
1505 159 167
1505 159 168
1505 159 169
1505 159 170
1505 160 161
1505 160 162
1505 160 163
1505 160 164
1505 160 165
1505 160 166
1806 78 85
1806 78 86
1806 78 87
1806 78 88
1806 78 89
1806 78 90
1806 78 91
1806 78 92
1806 78 93
1806 78 94
1806 78 95
1806 78 96
1806 78 97
1806 79 80
1806 79 81
1806 79 82
1806 79 83
1806 79 84
1806 79 85
1806 79 86
1806 79 87
1806 79 88
1806 79 89
1806 79 90
1806 79 91
1806 79 92
1806 79 93
1806 79 94
1806 79 95
1806 79 96
1806 79 97
2107 74 90
2107 74 91
2107 74 92
2107 74 93
2107 74 94
2107 74 95
2107 74 96
2107 74 97
2107 74 98
2107 75 76
2107 75 86
2107 75 87
2107 75 88
2107 75 89
2107 75 90
2107 75 91
2107 75 92
2107 75 93
2107 75 94
2107 75 95
2107 75 96
2107 75 97
2107 76 77
2107 76 83
2107 76 84
2107 76 85
2107 76 86
2107 76 87
2107 76 88
2107 76 89
2107 76 90
2408 101 119
2408 101 120
2408 101 121
2408 101 122
2408 102 103
2408 102 107
2408 102 108
2408 102 109
2408 102 110
2408 102 111
2408 102 112
2408 102 113
2408 102 114
2408 102 115
2408 102 116
2408 102 117
2408 102 118
2408 102 119
2408 102 120
2408 102 121
2408 102 122
2408 103 104
2408 103 105
2408 103 106
2408 103 107
2408 103 108
2408 103 109
2408 103 110
2408 103 111
2408 103 112
2408 103 113
2709 175 195
2709 175 196
2709 175 197
2709 175 198
2709 176 177
2709 176 185
2709 176 186
2709 176 187
2709 176 188
2709 176 189
2709 176 190
2709 176 191
2709 176 192
2709 176 193
2709 176 194
2709 176 195
2709 176 196
2709 176 197
2709 176 198
2709 177 178
2709 177 183
2709 177 184
2709 177 185
2709 177 186
2709 177 187
2709 177 188
2709 177 189
2709 177 190
2709 177 191
2709 177 192
2709 177 193
3010 48 49
3010 48 65
3010 48 66
3010 48 67
3010 48 68
3010 48 69
3010 48 70
3010 48 71
3010 48 72
3010 48 97
3010 48 98
3010 48 122
3010 48 123
3010 48 147
3010 48 148
3010 48 172
3010 48 173
3010 48 197
3010 48 198
3010 49 50
3010 49 63
3010 49 64
3010 49 65
3010 49 66
3010 49 67
3010 49 68
3010 49 69
3010 49 70
3010 49 71
3010 49 72
3010 50 51
3311 181 185
3311 181 186
3311 181 187
3311 181 188
3311 181 189
3311 181 190
3311 181 191
3311 181 192
3311 181 193
3311 181 194
3311 181 195
3311 181 196
3311 181 197
3311 182 183
3311 182 184
3311 182 185
3311 182 186
3311 182 187
3311 182 188
3311 182 189
3311 182 190
3311 182 191
3311 182 192
3311 182 193
3311 182 194
3311 182 195
3311 182 196
3311 183 184
3311 183 185
3311 183 186
3311 183 187
3612 194 195
3612 195 196
3612 196 197
3612 197 198
3612 198 199
3913 155 170
3913 155 171
3913 155 172
3913 156 157
3913 156 158
3913 156 159
3913 156 160
3913 156 161
3913 156 162
3913 156 163
3913 156 164
3913 156 165
3913 156 166
3913 156 167
3913 156 168
3913 156 169
3913 156 170
3913 156 171
3913 157 158
3913 157 159
3913 157 160
3913 157 161
3913 157 162
3913 157 163
3913 157 164
3913 157 165
3913 157 166
3913 157 167
3913 157 168
3913 157 169
3913 157 170
4214 5 13
4214 5 14
4214 5 15
4214 5 16
4214 5 17
4214 5 18
4214 5 19
4214 5 20
4214 5 21
4214 6 7
4214 6 8
4214 6 9
4214 6 10
4214 6 11
4214 6 12
4214 6 13
4214 6 14
4214 6 15
4214 6 16
4214 6 17
4214 6 18
4214 6 19
4214 6 20
4214 7 8
4214 7 9
4214 7 10
4214 7 11
4214 7 12
4214 7 13
4214 7 14
4214 7 15
4515 53 69
4515 53 70
4515 53 71
4515 53 72
4515 54 55
4515 54 56
4515 54 57
4515 54 58
4515 54 59
4515 54 60
4515 54 61
4515 54 62
4515 54 63
4515 54 64
4515 54 65
4515 54 66
4515 54 67
4515 54 68
4515 54 69
4515 54 70
4515 54 71
4515 55 56
4515 55 57
4515 55 58
4515 55 59
4515 55 60
4515 55 61
4515 55 62
4515 55 63
4515 55 64
4515 55 65
4816 0 1
4816 0 9
4816 0 10
4816 0 11
4816 0 12
4816 0 13
4816 0 14
4816 0 15
4816 0 16
4816 0 17
4816 0 18
4816 0 19
4816 0 20
4816 0 21
4816 0 22
4816 1 2
4816 1 7
4816 1 8
4816 1 9
4816 1 10
4816 1 11
4816 1 12
4816 1 13
4816 1 14
4816 1 15
4816 1 16
4816 1 17
4816 1 18
4816 1 19
4816 1 20
4816 1 21
5117 103 114
5117 103 115
5117 103 116
5117 103 117
5117 103 118
5117 103 119
5117 103 120
5117 103 121
5117 103 122
5117 104 105
5117 104 106
5117 104 107
5117 104 108
5117 104 109
5117 104 110
5117 104 111
5117 104 112
5117 104 113
5117 104 114
5117 104 115
5117 104 116
5117 104 117
5117 104 118
5117 104 119
5117 104 120
5117 104 121
5117 104 122
5117 105 106
5117 105 107
5117 105 108
5117 105 109
5418 21 22
5418 22 23
5418 22 44
5418 22 45
5418 22 46
5418 22 47
5418 22 72
5418 22 97
5418 22 98
5418 22 122
5418 22 123
5418 22 147
5418 22 148
5418 22 172
5418 22 173
5418 22 197
5418 22 198
5418 23 24
5418 23 40
5418 23 41
5418 23 42
5418 23 43
5418 23 44
5418 23 45
5418 23 46
5418 23 47
5418 23 97
5418 23 98
5418 23 122
5418 23 123
5418 23 147
5719 29 39
5719 29 40
5719 29 41
5719 29 42
5719 29 43
5719 29 44
5719 29 45
5719 29 46
5719 30 31
5719 30 32
5719 30 33
5719 30 34
5719 30 35
5719 30 36
5719 30 37
5719 30 38
5719 30 39
5719 30 40
5719 30 41
5719 30 42
5719 30 43
5719 30 44
5719 30 45
5719 30 46
5719 31 32
5719 31 33
5719 31 34
5719 31 35
5719 31 36
5719 31 37
5719 31 38
6020 152 162
6020 152 163
6020 152 164
6020 152 165
6020 152 166
6020 152 167
6020 152 168
6020 152 169
6020 152 170
6020 152 171
6020 152 172
6020 152 173
6020 153 154
6020 153 156
6020 153 157
6020 153 158
6020 153 159
6020 153 160
6020 153 161
6020 153 162
6020 153 163
6020 153 164
6020 153 165
6020 153 166
6020 153 167
6020 153 168
6020 153 169
6020 153 170
6020 153 171
6020 153 172
6020 154 155
6321 88 91
6321 88 92
6321 88 93
6321 89 90
6321 89 91
6321 89 92
6321 90 91
6321 90 92
6321 91 92
6321 92 93
6321 93 94
6321 94 95
6321 95 96
6321 96 97
6321 97 98
6321 98 99
6321 98 117
6321 98 118
6321 98 119
6321 98 120
6321 98 121
6321 98 122
6321 98 123
6321 98 148
6321 98 173
6321 98 198
6321 99 100
6321 99 114
6321 99 115
6321 99 116
6321 99 117
6622 7 16
6622 7 17
6622 7 18
6622 7 19
6622 7 20
6622 8 9
6622 8 10
6622 8 11
6622 8 12
6622 8 13
6622 8 14
6622 8 15
6622 8 16
6622 8 17
6622 8 18
6622 8 19
6622 8 20
6622 9 10
6622 9 11
6622 9 12
6622 9 13
6622 9 14
6622 9 15
6622 9 16
6622 9 17
6622 9 18
6622 9 19
6622 10 11
6622 10 12
6622 10 13
6622 10 14
6923 139 142
6923 139 143
6923 140 141
6923 140 142
6923 141 142
6923 142 143
6923 143 144
6923 144 145
6923 145 146
6923 146 147
6923 147 148
6923 148 149
6923 148 168
6923 148 169
6923 148 170
6923 148 171
6923 148 172
6923 148 173
6923 148 198
6923 149 150
6923 149 165
6923 149 166
6923 149 167
6923 149 168
6923 149 169
6923 149 170
6923 149 171
6923 149 172
6923 149 173
6923 150 151
6923 150 162
7224 167 168
7224 168 169
7224 169 170
7224 170 171
7224 171 172
7224 172 173
7224 173 174
7224 173 194
7224 173 195
7224 173 196
7224 173 197
7224 173 198
7224 174 175
7224 174 190
7224 174 191
7224 174 192
7224 174 193
7224 174 194
7224 174 195
7224 174 196
7224 174 197
7224 174 198
7224 175 176
7224 175 187
7224 175 188
7224 175 189
7224 175 190
7224 175 191
7224 175 192
7224 175 193
7224 175 194
7525 128 143
7525 128 144
7525 128 145
7525 128 146
7525 128 147
7525 129 130
7525 129 131
7525 129 132
7525 129 133
7525 129 134
7525 129 135
7525 129 136
7525 129 137
7525 129 138
7525 129 139
7525 129 140
7525 129 141
7525 129 142
7525 129 143
7525 129 144
7525 129 145
7525 129 146
7525 129 147
7525 130 131
7525 130 132
7525 130 133
7525 130 134
7525 130 135
7525 130 136
7525 130 137
7525 130 138
7826 154 156
7826 154 157
7826 154 158
7826 154 159
7826 154 160
7826 154 161
7826 154 162
7826 154 163
7826 154 164
7826 154 165
7826 154 166
7826 154 167
7826 154 168
7826 154 169
7826 154 170
7826 154 171
7826 154 172
7826 155 156
7826 155 157
7826 155 158
7826 155 159
7826 155 160
7826 155 161
7826 155 162
7826 155 163
7826 155 164
7826 155 165
7826 155 166
7826 155 167
7826 155 168
7826 155 169
8127 23 148
8127 23 172
8127 23 173
8127 23 197
8127 23 198
8127 24 25
8127 24 37
8127 24 38
8127 24 39
8127 24 40
8127 24 41
8127 24 42
8127 24 43
8127 24 44
8127 24 45
8127 24 46
8127 24 47
8127 25 26
8127 25 35
8127 25 36
8127 25 37
8127 25 38
8127 25 39
8127 25 40
8127 25 41
8127 25 42
8127 25 43
8127 25 44
8127 25 45
8127 25 46
8127 25 47
8428 27 45
8428 27 46
8428 27 47
8428 28 29
8428 28 30
8428 28 31
8428 28 32
8428 28 33
8428 28 34
8428 28 35
8428 28 36
8428 28 37
8428 28 38
8428 28 39
8428 28 40
8428 28 41
8428 28 42
8428 28 43
8428 28 44
8428 28 45
8428 28 46
8428 28 47
8428 29 30
8428 29 31
8428 29 32
8428 29 33
8428 29 34
8428 29 35
8428 29 36
8428 29 37
8428 29 38
8729 84 90
8729 84 91
8729 84 92
8729 84 93
8729 84 94
8729 84 95
8729 85 86
8729 85 87
8729 85 88
8729 85 89
8729 85 90
8729 85 91
8729 85 92
8729 85 93
8729 85 94
8729 86 87
8729 86 88
8729 86 89
8729 86 90
8729 86 91
8729 86 92
8729 86 93
8729 86 94
8729 87 88
8729 87 89
8729 87 90
8729 87 91
8729 87 92
8729 87 93
8729 88 89
8729 88 90
9030 70 71
9030 71 72
9030 72 73
9030 72 97
9030 72 98
9030 72 122
9030 72 123
9030 72 147
9030 72 148
9030 72 172
9030 72 173
9030 72 197
9030 72 198
9030 73 74
9030 73 91
9030 73 92
9030 73 93
9030 73 94
9030 73 95
9030 73 96
9030 73 97
9030 73 98
9030 73 123
9030 73 148
9030 73 172
9030 73 173
9030 73 197
9030 73 198
9030 74 75
9030 74 88
9030 74 89
9331 60 67
9331 60 68
9331 60 69
9331 61 62
9331 61 63
9331 61 64
9331 61 65
9331 61 66
9331 61 67
9331 61 68
9331 61 69
9331 62 63
9331 62 64
9331 62 65
9331 62 66
9331 62 67
9331 62 68
9331 63 64
9331 63 65
9331 63 66
9331 63 67
9331 63 68
9331 64 65
9331 64 66
9331 64 67
9331 65 66
9331 65 67
9331 66 67
9331 67 68
9331 68 69
9331 69 70
9632 3 15
9632 3 16
9632 3 17
9632 3 18
9632 3 19
9632 3 20
9632 3 21
9632 4 5
9632 4 6
9632 4 7
9632 4 8
9632 4 9
9632 4 10
9632 4 11
9632 4 12
9632 4 13
9632 4 14
9632 4 15
9632 4 16
9632 4 17
9632 4 18
9632 4 19
9632 4 20
9632 4 21
9632 5 6
9632 5 7
9632 5 8
9632 5 9
9632 5 10
9632 5 11
9632 5 12
9933 160 167
9933 160 168
9933 160 169
9933 160 170
9933 161 162
9933 161 163
9933 161 164
9933 161 165
9933 161 166
9933 161 167
9933 161 168
9933 161 169
9933 162 163
9933 162 164
9933 162 165
9933 162 166
9933 162 167
9933 162 168
9933 162 169
9933 163 164
9933 163 165
9933 163 166
9933 163 167
9933 163 168
9933 164 165
9933 164 166
9933 164 167
9933 164 168
9933 165 166
9933 165 167
9933 166 167
10234 105 110
10234 105 111
10234 105 112
10234 105 113
10234 105 114
10234 105 115
10234 105 116
10234 105 117
10234 105 118
10234 105 119
10234 105 120
10234 105 121
10234 106 107
10234 106 108
10234 106 109
10234 106 110
10234 106 111
10234 106 112
10234 106 113
10234 106 114
10234 106 115
10234 106 116
10234 106 117
10234 106 118
10234 106 119
10234 106 120
10234 106 121
10234 107 108
10234 107 109
10234 107 110
10234 107 111
10535 135 137
10535 135 138
10535 135 139
10535 135 140
10535 135 141
10535 135 142
10535 135 143
10535 135 144
10535 135 145
10535 136 137
10535 136 138
10535 136 139
10535 136 140
10535 136 141
10535 136 142
10535 136 143
10535 136 144
10535 137 138
10535 137 139
10535 137 140
10535 137 141
10535 137 142
10535 137 143
10535 137 144
10535 138 139
10535 138 140
10535 138 141
10535 138 142
10535 138 143
10535 139 140
10535 139 141
10836 183 188
10836 183 189
10836 183 190
10836 183 191
10836 183 192
10836 183 193
10836 183 194
10836 183 195
10836 183 196
10836 184 185
10836 184 186
10836 184 187
10836 184 188
10836 184 189
10836 184 190
10836 184 191
10836 184 192
10836 184 193
10836 184 194
10836 184 195
10836 185 186
10836 185 187
10836 185 188
10836 185 189
10836 185 190
10836 185 191
10836 185 192
10836 185 193
10836 185 194
10836 185 195
10836 186 187
11137 107 112
11137 107 113
11137 107 114
11137 107 115
11137 107 116
11137 107 117
11137 107 118
11137 107 119
11137 107 120
11137 107 121
11137 108 109
11137 108 110
11137 108 111
11137 108 112
11137 108 113
11137 108 114
11137 108 115
11137 108 116
11137 108 117
11137 108 118
11137 108 119
11137 108 120
11137 109 110
11137 109 111
11137 109 112
11137 109 113
11137 109 114
11137 109 115
11137 109 116
11137 109 117
11137 109 118
11438 50 60
11438 50 61
11438 50 62
11438 50 63
11438 50 64
11438 50 65
11438 50 66
11438 50 67
11438 50 68
11438 50 69
11438 50 70
11438 50 71
11438 50 72
11438 51 52
11438 51 58
11438 51 59
11438 51 60
11438 51 61
11438 51 62
11438 51 63
11438 51 64
11438 51 65
11438 51 66
11438 51 67
11438 51 68
11438 51 69
11438 51 70
11438 51 71
11438 51 72
11438 52 53
11438 52 56
11739 10 15
11739 10 16
11739 10 17
11739 10 18
11739 10 19
11739 11 12
11739 11 13
11739 11 14
11739 11 15
11739 11 16
11739 11 17
11739 11 18
11739 12 13
11739 12 14
11739 12 15
11739 12 16
11739 12 17
11739 12 18
11739 13 14
11739 13 15
11739 13 16
11739 13 17
11739 14 15
11739 14 16
11739 14 17
11739 15 16
11739 16 17
11739 17 18
11739 18 19
11739 19 20
11739 20 21
12040 150 163
12040 150 164
12040 150 165
12040 150 166
12040 150 167
12040 150 168
12040 150 169
12040 150 170
12040 150 171
12040 150 172
12040 150 173
12040 151 152
12040 151 160
12040 151 161
12040 151 162
12040 151 163
12040 151 164
12040 151 165
12040 151 166
12040 151 167
12040 151 168
12040 151 169
12040 151 170
12040 151 171
12040 151 172
12040 151 173
12040 152 153
12040 152 158
12040 152 159
12040 152 160
12040 152 161
12341 114 116
12341 114 117
12341 115 116
12341 115 117
12341 116 117
12341 117 118
12341 118 119
12341 119 120
12341 120 121
12341 121 122
12341 122 123
12341 123 124
12341 123 142
12341 123 143
12341 123 144
12341 123 145
12341 123 146
12341 123 147
12341 123 148
12341 123 173
12341 123 198
12341 124 125
12341 124 139
12341 124 140
12341 124 141
12341 124 142
12341 124 143
12341 124 144
12341 124 145
12341 124 146
12341 124 147
12642 124 148
12642 125 126
12642 125 136
12642 125 137
12642 125 138
12642 125 139
12642 125 140
12642 125 141
12642 125 142
12642 125 143
12642 125 144
12642 125 145
12642 125 146
12642 125 147
12642 125 148
12642 126 127
12642 126 134
12642 126 135
12642 126 136
12642 126 137
12642 126 138
12642 126 139
12642 126 140
12642 126 141
12642 126 142
12642 126 143
12642 126 144
12642 126 145
12642 126 146
12642 126 147
12642 126 148
12943 132 140
12943 132 141
12943 132 142
12943 132 143
12943 132 144
12943 132 145
12943 132 146
12943 133 134
12943 133 135
12943 133 136
12943 133 137
12943 133 138
12943 133 139
12943 133 140
12943 133 141
12943 133 142
12943 133 143
12943 133 144
12943 133 145
12943 134 135
12943 134 136
12943 134 137
12943 134 138
12943 134 139
12943 134 140
12943 134 141
12943 134 142
12943 134 143
12943 134 144
12943 134 145
12943 135 136
13244 109 119
13244 109 120
13244 110 111
13244 110 112
13244 110 113
13244 110 114
13244 110 115
13244 110 116
13244 110 117
13244 110 118
13244 110 119
13244 111 112
13244 111 113
13244 111 114
13244 111 115
13244 111 116
13244 111 117
13244 111 118
13244 111 119
13244 112 113
13244 112 114
13244 112 115
13244 112 116
13244 112 117
13244 112 118
13244 113 114
13244 113 115
13244 113 116
13244 113 117
13244 113 118
13244 114 115
13545 99 118
13545 99 119
13545 99 120
13545 99 121
13545 99 122
13545 99 123
13545 100 101
13545 100 111
13545 100 112
13545 100 113
13545 100 114
13545 100 115
13545 100 116
13545 100 117
13545 100 118
13545 100 119
13545 100 120
13545 100 121
13545 100 122
13545 100 123
13545 101 102
13545 101 109
13545 101 110
13545 101 111
13545 101 112
13545 101 113
13545 101 114
13545 101 115
13545 101 116
13545 101 117
13545 101 118
13846 52 57
13846 52 58
13846 52 59
13846 52 60
13846 52 61
13846 52 62
13846 52 63
13846 52 64
13846 52 65
13846 52 66
13846 52 67
13846 52 68
13846 52 69
13846 52 70
13846 52 71
13846 52 72
13846 53 54
13846 53 55
13846 53 56
13846 53 57
13846 53 58
13846 53 59
13846 53 60
13846 53 61
13846 53 62
13846 53 63
13846 53 64
13846 53 65
13846 53 66
13846 53 67
13846 53 68
14147 80 81
14147 80 82
14147 80 83
14147 80 84
14147 80 85
14147 80 86
14147 80 87
14147 80 88
14147 80 89
14147 80 90
14147 80 91
14147 80 92
14147 80 93
14147 80 94
14147 80 95
14147 80 96
14147 81 82
14147 81 83
14147 81 84
14147 81 85
14147 81 86
14147 81 87
14147 81 88
14147 81 89
14147 81 90
14147 81 91
14147 81 92
14147 81 93
14147 81 94
14147 81 95
14147 81 96
14448 57 68
14448 57 69
14448 57 70
14448 58 59
14448 58 60
14448 58 61
14448 58 62
14448 58 63
14448 58 64
14448 58 65
14448 58 66
14448 58 67
14448 58 68
14448 58 69
14448 58 70
14448 59 60
14448 59 61
14448 59 62
14448 59 63
14448 59 64
14448 59 65
14448 59 66
14448 59 67
14448 59 68
14448 59 69
14448 60 61
14448 60 62
14448 60 63
14448 60 64
14448 60 65
14448 60 66
14749 127 128
14749 127 132
14749 127 133
14749 127 134
14749 127 135
14749 127 136
14749 127 137
14749 127 138
14749 127 139
14749 127 140
14749 127 141
14749 127 142
14749 127 143
14749 127 144
14749 127 145
14749 127 146
14749 127 147
14749 128 129
14749 128 130
14749 128 131
14749 128 132
14749 128 133
14749 128 134
14749 128 135
14749 128 136
14749 128 137
14749 128 138
14749 128 139
14749 128 140
14749 128 141
14749 128 142
15050 37 41
15050 37 42
15050 37 43
15050 38 39
15050 38 40
15050 38 41
15050 38 42
15050 39 40
15050 39 41
15050 39 42
15050 40 41
15050 41 42
15050 42 43
15050 43 44
15050 44 45
15050 45 46
15050 46 47
15050 47 48
15050 47 70
15050 47 71
15050 47 72
15050 47 97
15050 47 98
15050 47 122
15050 47 123
15050 47 147
15050 47 148
15050 47 172
15050 47 173
15050 47 197
15050 47 198
15351 76 91
15351 76 92
15351 76 93
15351 76 94
15351 76 95
15351 76 96
15351 76 97
15351 77 78
15351 77 81
15351 77 82
15351 77 83
15351 77 84
15351 77 85
15351 77 86
15351 77 87
15351 77 88
15351 77 89
15351 77 90
15351 77 91
15351 77 92
15351 77 93
15351 77 94
15351 77 95
15351 77 96
15351 77 97
15351 78 79
15351 78 80
15351 78 81
15351 78 82
15351 78 83
15351 78 84
15652 186 188
15652 186 189
15652 186 190
15652 186 191
15652 186 192
15652 186 193
15652 186 194
15652 186 195
15652 187 188
15652 187 189
15652 187 190
15652 187 191
15652 187 192
15652 187 193
15652 187 194
15652 188 189
15652 188 190
15652 188 191
15652 188 192
15652 188 193
15652 188 194
15652 189 190
15652 189 191
15652 189 192
15652 189 193
15652 190 191
15652 190 192
15652 190 193
15652 191 192
15652 192 193
15652 193 194
15953 55 66
15953 55 67
15953 55 68
15953 55 69
15953 55 70
15953 55 71
15953 56 57
15953 56 58
15953 56 59
15953 56 60
15953 56 61
15953 56 62
15953 56 63
15953 56 64
15953 56 65
15953 56 66
15953 56 67
15953 56 68
15953 56 69
15953 56 70
15953 56 71
15953 57 58
15953 57 59
15953 57 60
15953 57 61
15953 57 62
15953 57 63
15953 57 64
15953 57 65
15953 57 66
15953 57 67
16254 179 187
16254 179 188
16254 179 189
16254 179 190
16254 179 191
16254 179 192
16254 179 193
16254 179 194
16254 179 195
16254 179 196
16254 179 197
16254 180 181
16254 180 182
16254 180 183
16254 180 184
16254 180 185
16254 180 186
16254 180 187
16254 180 188
16254 180 189
16254 180 190
16254 180 191
16254 180 192
16254 180 193
16254 180 194
16254 180 195
16254 180 196
16254 180 197
16254 181 182
16254 181 183
16254 181 184
16555 31 39
16555 31 40
16555 31 41
16555 31 42
16555 31 43
16555 31 44
16555 31 45
16555 31 46
16555 32 33
16555 32 34
16555 32 35
16555 32 36
16555 32 37
16555 32 38
16555 32 39
16555 32 40
16555 32 41
16555 32 42
16555 32 43
16555 32 44
16555 32 45
16555 33 34
16555 33 35
16555 33 36
16555 33 37
16555 33 38
16555 33 39
16555 33 40
16555 33 41
16555 33 42
16555 33 43
16856 82 83
16856 82 84
16856 82 85
16856 82 86
16856 82 87
16856 82 88
16856 82 89
16856 82 90
16856 82 91
16856 82 92
16856 82 93
16856 82 94
16856 82 95
16856 82 96
16856 83 84
16856 83 85
16856 83 86
16856 83 87
16856 83 88
16856 83 89
16856 83 90
16856 83 91
16856 83 92
16856 83 93
16856 83 94
16856 83 95
16856 84 85
16856 84 86
16856 84 87
16856 84 88
16856 84 89
0 115 117
0 116 117
1.5 32 34
1.5 32 35
3.0 83 88
3.0 83 89
4.5 105 116
4.5 105 117
6.0 4 8
6.0 4 9
7.5 33 42
7.5 33 43
9.0 50 61
9.0 50 62
10.5 179 185
10.5 179 186
12.0 61 65
12.0 61 66
13.5 181 190
13.5 181 191
15.0 129 141
15.0 129 142
16.5 126 136
16.5 126 137
18.0 84 89
18.0 84 90
19.5 47 48
19.5 47 70
21.0 80 86
21.0 80 87
22.5 148 168
22.5 148 169
24.0 152 164
24.0 152 165
25.5 182 183
25.5 182 184
27.0 101 113
27.0 101 114
28.5 100 121
28.5 100 122
30.0 6 19
30.0 6 20
31.5 156 170
31.5 156 171
33.0 108 112
33.0 108 113
34.5 29 41
34.5 29 42
36.0 7 8
36.0 7 9
37.5 53 68
37.5 53 69
39.0 23 44
39.0 23 45
40.5 170 171
40.5 171 172
42.0 78 95
42.0 78 96
43.5 155 170
43.5 155 171
45.0 58 59
45.0 58 60
46.5 29 39
46.5 29 40
48.0 79 87
48.0 79 88
49.5 158 165
49.5 158 166
51.0 131 132
51.0 131 133
52.5 54 68
52.5 54 69
54.0 63 67
54.0 63 68
55.5 109 111
55.5 109 112
57.0 102 114
57.0 102 115
58.5 73 198
58.5 74 75
60.0 128 147
60.0 129 130
61.5 160 161
61.5 160 162
63.0 180 186
63.0 180 187
64.5 52 53
64.5 52 56
66.0 8 16
66.0 8 17
67.5 61 67
67.5 61 68
69.0 89 91
69.0 89 92
70.5 110 115
70.5 110 116
72.0 134 142
72.0 134 143
73.5 124 142
73.5 124 143
75.0 28 31
75.0 28 32
76.5 33 44
76.5 33 45
78.0 136 139
78.0 136 140
79.5 55 62
79.5 55 63
81.0 32 42
81.0 32 43
82.5 27 36
82.5 27 37
84.0 86 91
84.0 86 92
85.5 11 12
85.5 11 13
87.0 27 46
87.0 27 47
88.5 184 192
88.5 184 193
90.0 59 60
90.0 59 61
91.5 107 111
91.5 107 112
93.0 30 43
93.0 30 44
94.5 30 31
94.5 30 32
96.0 126 142
96.0 126 143
97.5 178 179
97.5 178 181
99.0 3 7
99.0 3 8
100.5 54 60
100.5 54 61
102.0 101 121
102.0 101 122
103.5 181 194
103.5 181 195
105.0 5 16
105.0 5 17
106.5 182 189
106.5 182 190
108.0 134 144
108.0 134 145
109.5 151 171
109.5 151 172
111.0 7 14
111.0 7 15
112.5 181 182
112.5 181 183
114.0 102 103
114.0 102 107
115.5 33 34
115.5 33 35
117.0 126 140
117.0 126 141
118.5 58 67
118.5 58 68
120.0 99 119
120.0 99 120
121.5 124 125
121.5 124 139
123.0 149 173
123.0 150 151
124.5 73 92
124.5 73 93
126.0 131 146
126.0 132 133
127.5 5 18
127.5 5 19
129.0 174 198
129.0 175 176
130.5 174 194
130.5 174 195
132.0 6 7
132.0 6 8
133.5 27 42
133.5 27 43
135.0 1 15
135.0 1 16
136.5 175 197
136.5 175 198
138.0 128 145
138.0 128 146
139.5 4 14
139.5 4 15
141.0 28 37
141.0 28 38
142.5 105 118
142.5 105 119
144.0 102 120
144.0 102 121
145.5 38 41
145.5 38 42
147.0 28 29
147.0 28 30
148.5 109 117
148.5 109 118
150.0 33 36
150.0 33 37
151.5 186 189
151.5 186 190
153.0 154 159
153.0 154 160
154.5 165 166
154.5 165 167
156.0 77 88
156.0 77 89
157.5 54 56
157.5 54 57
159.0 108 110
159.0 108 111
160.5 123 147
160.5 123 148
162.0 49 69
162.0 49 70
163.5 52 57
163.5 52 58
165.0 186 187
165.0 186 188
166.5 50 69
166.5 50 70
168.0 160 163
168.0 160 164
169.5 74 90
169.5 74 91
171.0 52 69
171.0 52 70
172.5 157 162
172.5 157 163
174.0 149 167
174.0 149 168
175.5 189 190
175.5 189 191
177.0 50 67
177.0 50 68
178.5 109 115
178.5 109 116
180.0 0 10
180.0 0 11
181.5 178 184
181.5 178 185
183.0 128 135
183.0 128 136
184.5 176 194
184.5 176 195
186.0 56 65
186.0 56 66
187.5 9 13
187.5 9 14
189.0 177 193
189.0 177 194
190.5 24 46
190.5 24 47
192.0 162 169
192.0 163 164
193.5 55 58
193.5 55 59
195.0 157 160
195.0 157 161
196.5 78 79
196.5 78 80
198.0 0 1
198.0 0 9
199.5 151 163
199.5 151 164
201.0 3 13
201.0 3 14
202.5 78 81
202.5 78 82
204.0 75 86
204.0 75 87
205.5 188 191
205.5 188 192
207.0 154 155
207.0 154 156
208.5 176 192
208.5 176 193
210.0 179 187
210.0 179 188
211.5 78 83
211.5 78 84
213.0 176 196
213.0 176 197
214.5 187 191
214.5 187 192
216.0 75 94
216.0 75 95
217.5 33 40
217.5 33 41
219.0 152 158
219.0 152 159
220.5 24 42
220.5 24 43
222.0 106 117
222.0 106 118
223.5 53 64
223.5 53 65
225.0 82 95
225.0 82 96
226.5 57 59
226.5 57 60
228.0 127 140
228.0 127 141
229.5 2 8
229.5 2 9
231.0 51 61
231.0 51 62
232.5 57 69
232.5 57 70
234.0 59 62
234.0 59 63
235.5 151 152
235.5 151 160
237.0 128 129
237.0 128 130
238.5 51 67
238.5 51 68
240.0 79 95
240.0 79 96
241.5 81 95
241.5 81 96
243.0 163 167
243.0 163 168
244.5 45 46
244.5 46 47
246.0 56 61
246.0 56 62
247.5 126 148
247.5 127 128
249.0 153 157
249.0 153 158
250.5 100 113
250.5 100 114
252.0 124 144
252.0 124 145
253.5 61 69
253.5 62 63
255.0 176 198
255.0 177 178
256.5 178 192
256.5 178 193
258.0 1 7
258.0 1 8
259.5 106 109
259.5 106 110
261.0 185 190
261.0 185 191
262.5 184 194
262.5 184 195
264.0 176 177
264.0 176 185
265.5 137 142
265.5 137 143
267.0 100 117
267.0 100 118
268.5 10 18
268.5 10 19
270.0 34 43
270.0 34 44
271.5 127 146
271.5 127 147
273.0 129 131
273.0 129 132
274.5 80 84
274.5 80 85
276.0 34 37
276.0 34 38
277.5 108 118
277.5 108 119
279.0 48 98
279.0 48 122
280.5 1 19
280.5 1 20
282.0 30 41
282.0 30 42
283.5 158 163
283.5 158 164
285.0 108 114
285.0 108 115
286.5 158 161
286.5 158 162
288.0 98 123
288.0 98 148
289.5 99 115
289.5 99 116
291.0 111 119
291.0 112 113
292.5 153 163
292.5 153 164
294.0 106 115
294.0 106 116
295.5 125 144
295.5 125 145
297.0 73 96
297.0 73 97
298.5 129 147
298.5 130 131
300.0 126 138
300.0 126 139
301.5 72 122
301.5 72 123
303.0 101 119
303.0 101 120
304.5 86 93
304.5 86 94
306.0 175 191
306.0 175 192
307.5 127 138
307.5 127 139
309.0 99 121
309.0 99 122
310.5 125 140
310.5 125 141
312.0 151 167
312.0 151 168
313.5 6 15
313.5 6 16
315.0 0 12
315.0 0 13
316.5 26 38
316.5 26 39
318.0 2 20
318.0 2 21
319.5 100 119
319.5 100 120
321.0 62 66
321.0 62 67
322.5 105 112
322.5 105 113
324.0 49 71
324.0 49 72
325.5 129 135
325.5 129 136
327.0 152 160
327.0 152 161
328.5 27 40
328.5 27 41
330.0 129 139
330.0 129 140
331.5 25 26
331.5 25 35
333.0 10 14
333.0 10 15
334.5 156 164
334.5 156 165
336.0 51 65
336.0 51 66
337.5 80 90
337.5 80 91
339.0 48 49
339.0 48 65
340.5 181 192
340.5 181 193
342.0 125 138
342.0 125 139
343.5 137 144
343.5 138 139
345.0 22 72
345.0 22 97
346.5 102 110
346.5 102 111
348.0 156 160
348.0 156 161
349.5 186 195
349.5 187 188
351.0 64 65
351.0 64 66
352.5 4 12
352.5 4 13
354.0 133 137
354.0 133 138
355.5 162 165
355.5 162 166
357.0 12 14
357.0 12 15
358.5 161 162
358.5 161 163
360.0 48 123
360.0 48 147
361.5 198 199
363.0 136 137
363.0 136 138
364.5 52 71
364.5 52 72
366.0 54 70
366.0 54 71
367.5 22 46
367.5 22 47
369.0 1 17
369.0 1 18
370.5 23 42
370.5 23 43
372.0 1 11
372.0 1 12
373.5 88 91
373.5 88 92
375.0 34 35
375.0 34 36
376.5 149 171
376.5 149 172
378.0 133 135
378.0 133 136
379.5 39 40
379.5 39 41
381.0 90 91
381.0 90 92
382.5 75 90
382.5 75 91
384.0 112 114
384.0 112 115
385.5 60 67
385.5 60 68
387.0 4 10
387.0 4 11
388.5 148 198
388.5 149 150
390.0 80 94
390.0 80 95
391.5 50 65
391.5 50 66
393.0 35 44
393.0 36 37
394.5 22 123
394.5 22 147
396.0 84 91
396.0 84 92
397.5 8 20
397.5 9 10
399.0 179 181
399.0 179 182
400.5 192 193
400.5 193 194
402.0 23 40
402.0 23 41
403.5 47 71
403.5 47 72
405.0 72 197
405.0 72 198
406.5 83 94
406.5 83 95
408.0 56 59
408.0 56 60
409.5 79 85
409.5 79 86
411.0 59 66
411.0 59 67
412.5 127 136
412.5 127 137
414.0 36 42
414.0 36 43
415.5 80 92
415.5 80 93
417.0 130 136
417.0 130 137
418.5 135 138
418.5 135 139
420.0 65 67
420.0 66 67
421.5 5 8
421.5 5 9
423.0 26 44
423.0 26 45
424.5 83 86
424.5 83 87
426.0 57 67
426.0 57 68
427.5 139 140
427.5 139 141
429.0 9 11
429.0 9 12
430.5 31 42
430.5 31 43
432.0 11 18
432.0 12 13
433.5 147 148
433.5 148 149
435.0 103 117
435.0 103 118
436.5 25 36
436.5 25 37
438.0 56 67
438.0 56 68
439.5 77 78
439.5 77 81
441.0 132 146
441.0 133 134
442.5 150 164
442.5 150 165
444.0 60 69
444.0 61 62
445.5 178 198
445.5 179 180
447.0 56 71
447.0 57 58
448.5 6 13
448.5 6 14
450.0 84 87
450.0 84 88
451.5 85 89
451.5 85 90
453.0 113 115
453.0 113 116
454.5 28 39
454.5 28 40
456.0 152 166
456.0 152 167
457.5 91 92
457.5 92 93
459.0 176 188
459.0 176 189
460.5 113 117
460.5 113 118
462.0 29 45
462.0 29 46
463.5 182 185
463.5 182 186
465.0 52 63
465.0 52 64
466.5 37 42
466.5 37 43
468.0 152 162
468.0 152 163
469.5 2 3
469.5 2 5
471.0 36 38
471.0 36 39
472.5 99 117
472.5 99 118
474.0 179 197
474.0 180 181
475.5 93 94
475.5 94 95
477.0 80 96
477.0 81 82
478.5 79 83
478.5 79 84
480.0 60 63
480.0 60 64
481.5 7 12
481.5 7 13
483.0 51 71
483.0 51 72
484.5 104 119
484.5 104 120
486.0 129 145
486.0 129 146
487.5 53 56
487.5 53 57
489.0 73 148
489.0 73 172
490.5 158 171
490.5 159 160
492.0 31 44
492.0 31 45
493.5 114 115
493.5 114 116
495.0 180 182
495.0 180 183
496.5 77 90
496.5 77 91
498.0 11 14
498.0 11 15
499.5 26 34
499.5 26 35
501.0 76 94
501.0 76 95
502.5 98 121
502.5 98 122
504.0 103 119
504.0 103 120
505.5 130 134
505.5 130 135
507.0 159 167
507.0 159 168
508.5 56 63
508.5 56 64
510.0 29 33
510.0 29 34
511.5 81 83
511.5 81 84
513.0 88 93
513.0 89 90
514.5 10 16
514.5 10 17
516.0 174 190
516.0 174 191
517.5 135 136
517.5 135 137
519.0 5 10
519.0 5 11
520.5 182 195
520.5 182 196
522.0 63 65
522.0 63 66
523.5 48 70
523.5 48 71
525.0 29 35
525.0 29 36
526.5 103 107
526.5 103 108
528.0 153 154
528.0 153 156
529.5 13 15
529.5 13 16
531.0 56 69
531.0 56 70
532.5 128 131
532.5 128 132
534.0 31 36
534.0 31 37
535.5 99 100
535.5 99 114
537.0 124 140
537.0 124 141
538.5 126 144
538.5 126 145
540.0 157 166
540.0 157 167
541.5 51 63
541.5 51 64
543.0 141 142
543.0 142 143
544.5 111 113
544.5 111 114
546.0 180 188
546.0 180 189
547.5 177 189
547.5 177 190
549.0 104 111
549.0 104 112
550.5 135 140
550.5 135 141
552.0 37 38
552.0 37 39
553.5 4 16
553.5 4 17
555.0 67 68
555.0 68 69
556.5 23 147
556.5 23 148
558.0 76 88
558.0 76 89
559.5 100 111
559.5 100 112
561.0 8 14
561.0 8 15
562.5 31 34
562.5 31 35
564.0 161 166
564.0 161 167
565.5 128 137
565.5 128 138
567.0 0 22
567.0 1 2
568.5 125 142
568.5 125 143
570.0 22 98
570.0 22 122
571.5 48 68
571.5 48 69
573.0 164 167
573.0 164 168
574.5 175 189
574.5 175 190
576.0 72 172
576.0 72 173
577.5 77 92
577.5 77 93
579.0 2 14
579.0 2 15
580.5 3 5
580.5 3 6
582.0 49 65
582.0 49 66
583.5 87 90
583.5 87 91
585.0 105 106
585.0 105 107
586.5 95 96
586.5 96 97
588.0 155 168
588.0 155 169
589.5 153 161
589.5 153 162
591.0 180 196
591.0 180 197
592.5 150 162
592.5 150 163
594.0 183 186
594.0 183 187
595.5 52 59
595.5 52 60
597.0 135 144
597.0 135 145
598.5 35 42
598.5 35 43
600.0 28 47
600.0 29 30
601.5 121 122
601.5 122 123
603.0 43 44
603.0 44 45
604.5 74 96
604.5 74 97
606.0 150 168
606.0 150 169
607.5 190 193
607.5 191 192
609.0 32 38
609.0 32 39
610.5 112 118
610.5 113 114
612.0 157 168
612.0 157 169
613.5 72 147
613.5 72 148
615.0 119 120
615.0 120 121
616.5 28 35
616.5 28 36
618.0 179 183
618.0 179 184
619.5 51 52
619.5 51 58
621.0 75 88
621.0 75 89
622.5 73 173
622.5 73 197
624.0 26 36
624.0 26 37
625.5 129 137
625.5 129 138
627.0 88 89
627.0 88 90
628.5 76 92
628.5 76 93
630.0 6 17
630.0 6 18
631.5 27 34
631.5 27 35
633.0 155 160
633.0 155 161
634.5 54 58
634.5 54 59
636.0 105 120
636.0 105 121
637.5 183 190
637.5 183 191
639.0 123 145
639.0 123 146
640.5 8 10
640.5 8 11
642.0 22 173
642.0 22 197
643.5 105 108
643.5 105 109
645.0 30 37
645.0 30 38
646.5 3 9
646.5 3 10
648.0 103 111
648.0 103 112
649.5 3 15
649.5 3 16
651.0 30 45
651.0 30 46
652.5 180 190
652.5 180 191
654.0 11 16
654.0 11 17
655.5 132 144
655.5 132 145
657.0 183 192
657.0 183 193
658.5 49 67
658.5 49 68
660.0 128 143
660.0 128 144
661.5 104 117
661.5 104 118
663.0 145 146
663.0 146 147
664.5 104 115
664.5 104 116
666.0 181 186
666.0 181 187
667.5 28 41
667.5 28 42
669.0 41 42
669.0 42 43
670.5 143 144
670.5 144 145
672.0 182 187
672.0 182 188
673.5 32 40
673.5 32 41
675.0 101 109
675.0 101 110
676.5 29 43
676.5 29 44
678.0 49 63
678.0 49 64
679.5 56 57
679.5 56 58
681.0 27 38
681.0 27 39
682.5 158 169
682.5 158 170
684.0 154 157
684.0 154 158
685.5 73 98
685.5 73 123
687.0 188 189
687.0 188 190
688.5 3 11
688.5 3 12
690.0 82 87
690.0 82 88
691.5 0 16
691.5 0 17
693.0 24 38
693.0 24 39
694.5 160 167
694.5 160 168
696.0 159 169
696.0 159 170
697.5 25 46
697.5 25 47
699.0 23 172
699.0 23 173
700.5 130 146
700.5 130 147
702.0 177 195
702.0 177 196
703.5 23 46
703.5 23 47
705.0 47 147
705.0 47 148
706.5 8 12
706.5 8 13
708.0 162 163
708.0 162 164
709.5 161 168
709.5 161 169
711.0 107 109
711.0 107 110
712.5 130 144
712.5 130 145
714.0 29 37
714.0 29 38
715.5 130 132
715.5 130 133
717.0 110 113
717.0 110 114
718.5 128 139
718.5 128 140
720.0 86 87
720.0 86 88
721.5 48 173
721.5 48 197
723.0 23 97
723.0 23 98
724.5 111 117
724.5 111 118
726.0 84 93
726.0 84 94
727.5 59 68
727.5 59 69
729.0 136 143
729.0 136 144
730.5 110 119
730.5 111 112
732.0 162 167
732.0 162 168
733.5 54 64
733.5 54 65
735.0 109 119
735.0 109 120
736.5 173 194
736.5 173 195
738.0 107 121
738.0 108 109
739.5 55 56
739.5 55 57
741.0 185 192
741.0 185 193
742.5 8 18
742.5 8 19
744.0 184 186
744.0 184 187
745.5 102 118
745.5 102 119
747.0 101 117
747.0 101 118
748.5 48 72
748.5 48 97
750.0 136 141
750.0 136 142
751.5 53 62
751.5 53 63
753.0 134 136
753.0 134 137
754.5 157 164
754.5 157 165
756.0 155 164
756.0 155 165
757.5 82 93
757.5 82 94
759.0 151 161
759.0 151 162
760.5 106 119
760.5 106 120
762.0 151 173
762.0 152 153
763.5 14 16
763.5 14 17
765.0 61 63
765.0 61 64
766.5 125 136
766.5 125 137
768.0 76 86
768.0 76 87
769.5 75 96
769.5 75 97
771.0 156 158
771.0 156 159
772.5 4 6
772.5 4 7
774.0 98 119
774.0 98 120
775.5 155 162
775.5 155 163
777.0 150 166
777.0 150 167
778.5 34 41
778.5 34 42
780.0 133 145
780.0 134 135
781.5 110 111
781.5 110 112
783.0 76 77
783.0 76 83
784.5 151 165
784.5 151 166
786.0 185 186
786.0 185 187
787.5 154 167
787.5 154 168
789.0 132 142
789.0 132 143
790.5 125 148
790.5 126 127
792.0 29 31
792.0 29 32
793.5 85 87
793.5 85 88
795.0 128 133
795.0 128 134
796.5 106 111
796.5 106 112
798.0 32 36
798.0 32 37
799.5 12 16
799.5 12 17
801.0 30 33
801.0 30 34
802.5 177 185
802.5 177 186
804.0 196 197
804.0 197 198
805.5 185 188
805.5 185 189
807.0 177 191
807.0 177 192
808.5 9 15
808.5 9 16
810.0 31 46
810.0 32 33
811.5 51 59
811.5 51 60
813.0 51 69
813.0 51 70
814.5 107 117
814.5 107 118
816.0 87 92
816.0 87 93
817.5 125 146
817.5 125 147
819.0 30 39
819.0 30 40
820.5 182 193
820.5 182 194
822.0 76 84
822.0 76 85
823.5 104 107
823.5 104 108
825.0 26 46
825.0 26 47
826.5 137 138
826.5 137 139
828.0 80 88
828.0 80 89
829.5 111 115
829.5 111 116
831.0 31 32
831.0 31 33
832.5 77 86
832.5 77 87
834.0 150 172
834.0 150 173
835.5 101 115
835.5 101 116
837.0 32 44
837.0 32 45
838.5 159 161
838.5 159 162
840.0 130 138
840.0 130 139
841.5 36 40
841.5 36 41
843.0 102 112
843.0 102 113
844.5 132 140
844.5 132 141
846.0 131 144
846.0 131 145
847.5 7 16
847.5 7 17
849.0 25 42
849.0 25 43
850.5 83 84
850.5 83 85
852.0 81 87
852.0 81 88
853.5 2 10
853.5 2 11
855.0 79 97
855.0 80 81
856.5 123 173
856.5 123 198
858.0 137 140
858.0 137 141
859.5 160 165
859.5 160 166
861.0 38 39
861.0 38 40
862.5 75 92
862.5 75 93
864.0 62 68
864.0 63 64
865.5 34 39
865.5 34 40
867.0 50 63
867.0 50 64
868.5 100 123
868.5 101 102
870.0 0 20
870.0 0 21
871.5 86 89
871.5 86 90
873.0 83 92
873.0 83 93
874.5 126 146
874.5 126 147
876.0 178 188
876.0 178 189
877.5 104 113
877.5 104 114
879.0 57 63
879.0 57 64
880.5 80 82
880.5 80 83
882.0 156 166
882.0 156 167
883.5 106 113
883.5 106 114
885.0 21 22
885.0 22 23
886.5 85 93
886.5 85 94
888.0 155 156
888.0 155 157
889.5 180 192
889.5 180 193
891.0 74 92
891.0 74 93
892.5 185 194
892.5 185 195
894.0 50 51
894.0 50 60
895.5 57 61
895.5 57 62
897.0 64 67
897.0 65 66
898.5 48 198
898.5 49 50
900.0 178 194
900.0 178 195
901.5 178 186
901.5 178 187
903.0 131 138
903.0 131 139
904.5 149 165
904.5 149 166
906.0 103 105
906.0 103 106
907.5 81 91
907.5 81 92
909.0 82 91
909.0 82 92
910.5 131 142
910.5 131 143
912.0 77 94
912.0 77 95
913.5 57 65
913.5 57 66
915.0 35 38
915.0 35 39
916.5 148 170
916.5 148 171
918.0 104 109
918.0 104 110
919.5 184 188
919.5 184 189
921.0 153 167
921.0 153 168
922.5 107 115
922.5 107 116
924.0 52 61
924.0 52 62
925.5 184 190
925.5 184 191
927.0 74 94
927.0 74 95
928.5 131 134
928.5 131 135
930.0 76 96
930.0 76 97
931.5 58 65
931.5 58 66
933.0 78 91
933.0 78 92
934.5 25 44
934.5 25 45
936.0 123 124
936.0 123 142
937.5 78 85
937.5 78 86
939.0 134 138
939.0 134 139
940.5 10 12
940.5 10 13
942.0 127 134
942.0 127 135
943.5 69 70
943.5 70 71
945.0 163 165
945.0 163 166
946.5 26 42
946.5 26 43
948.0 55 70
948.0 55 71
949.5 156 168
949.5 156 169
951.0 24 44
951.0 24 45
952.5 55 66
952.5 55 67
954.0 175 193
954.0 175 194
955.5 174 196
955.5 174 197
957.0 23 197
957.0 23 198
958.5 53 60
958.5 53 61
960.0 53 66
960.0 53 67
961.5 174 192
961.5 174 193
963.0 127 132
963.0 127 133
964.5 104 121
964.5 104 122
966.0 25 40
966.0 25 41
967.5 183 196
967.5 184 185
969.0 152 168
969.0 152 169
970.5 78 97
970.5 79 80
972.0 2 18
972.0 2 19
973.5 53 58
973.5 53 59
975.0 132 134
975.0 132 135
976.5 154 169
976.5 154 170
978.0 33 38
978.0 33 39
979.5 139 142
979.5 139 143
981.0 58 69
981.0 58 70
982.5 153 169
982.5 153 170
984.0 84 95
984.0 85 86
985.5 130 140
985.5 130 141
987.0 72 97
987.0 72 98
988.5 78 87
988.5 78 88
990.0 28 43
990.0 28 44
991.5 157 158
991.5 157 159
993.0 60 61
993.0 60 62
994.5 76 90
994.5 76 91
996.0 85 91
996.0 85 92
997.5 183 194
997.5 183 195
999.0 177 183
999.0 177 184
1000.5 53 72
1000.5 54 55
1002.0 187 189
1002.0 187 190
1003.5 77 82
1003.5 77 83
1005.0 180 184
1005.0 180 185
1006.5 179 191
1006.5 179 192
1008.0 156 162
1008.0 156 163
1009.5 110 117
1009.5 110 118
1011.0 15 16
1011.0 16 17
1012.5 179 195
1012.5 179 196
1014.0 104 105
1014.0 104 106
1015.5 178 182
1015.5 178 183
1017.0 53 70
1017.0 53 71
1018.5 128 141
1018.5 128 142
1020.0 102 108
1020.0 102 109
1021.5 17 18
1021.5 18 19
1023.0 151 169
1023.0 151 170
1024.5 77 84
1024.5 77 85
1026.0 153 165
1026.0 153 166
1027.5 13 17
1027.5 14 15
1029.0 179 193
1029.0 179 194
1030.5 166 167
1030.5 167 168
1032.0 2 16
1032.0 2 17
1033.5 28 45
1033.5 28 46
1035.0 103 109
1035.0 103 110
1036.5 154 171
1036.5 154 172
1038.0 114 117
1038.0 115 116
1039.5 131 136
1039.5 131 137
1041.0 155 166
1041.0 155 167
1042.5 189 192
1042.5 189 193
1044.0 97 98
1044.0 98 99
1045.5 159 163
1045.5 159 164
1047.0 39 42
1047.0 40 41
1048.5 173 196
1048.5 173 197
1050.0 2 22
1050.0 3 4
1051.5 47 97
1051.5 47 98
1053.0 78 93
1053.0 78 94
1054.5 159 165
1054.5 159 166
1056.0 58 63
1056.0 58 64
1057.5 82 83
1057.5 82 84
1059.0 154 161
1059.0 154 162
1060.5 79 81
1060.5 79 82
1062.0 177 187
1062.0 177 188
1063.5 98 117
1063.5 98 118
1065.0 134 140
1065.0 134 141
1066.5 152 172
1066.5 152 173
1068.0 181 184
1068.0 181 185
1069.5 117 118
1069.5 118 119
1071.0 52 67
1071.0 52 68
1072.5 26 27
1072.5 26 33
1074.0 1 13
1074.0 1 14
1075.5 164 165
1075.5 164 166
1077.0 81 93
1077.0 81 94
1078.5 2 12
1078.5 2 13
1080.0 79 93
1080.0 79 94
1081.5 105 114
1081.5 105 115
1083.0 152 170
1083.0 152 171
1084.5 153 159
1084.5 153 160
1086.0 35 36
1086.0 35 37
1087.5 47 197
1087.5 47 198
1089.0 109 113
1089.0 109 114
1090.5 5 6
1090.5 5 7
1092.0 5 14
1092.0 5 15
1093.5 5 12
1093.5 5 13
1095.0 148 172
1095.0 148 173
1096.5 138 140
1096.5 138 141
1098.0 23 122
1098.0 23 123
1099.5 1 9
1099.5 1 10
1101.0 168 169
1101.0 169 170
1102.5 155 172
1102.5 156 157
1104.0 9 19
1104.0 10 11
1105.5 55 68
1105.5 55 69
1107.0 157 170
1107.0 157 171
1108.5 108 120
1108.5 109 110
1110.0 133 141
1110.0 133 142
1111.5 186 193
1111.5 186 194
1113.0 47 122
1113.0 47 123
1114.5 7 20
1114.5 8 9
1116.0 100 115
1116.0 100 116
1117.5 54 66
1117.5 54 67
1119.0 135 142
1119.0 135 143
1120.5 27 32
1120.5 27 33
1122.0 154 163
1122.0 154 164
1123.5 55 60
1123.5 55 61
1125.0 130 142
1125.0 130 143
1126.5 190 191
1126.5 190 192
1128.0 182 191
1128.0 182 192
1129.5 106 107
1129.5 106 108
1131.0 6 9
1131.0 6 10
1132.5 0 18
1132.5 0 19
1134.0 53 54
1134.0 53 55
1135.5 158 159
1135.5 158 160
1137.0 188 193
1137.0 188 194
1138.5 3 19
1138.5 3 20
1140.0 140 141
1140.0 140 142
1141.5 1 21
1141.5 1 22
1143.0 74 98
1143.0 75 76
1144.5 123 143
1144.5 123 144
1146.0 31 38
1146.0 31 39
1147.5 124 148
1147.5 125 126
1149.0 81 85
1149.0 81 86
1150.5 127 144
1150.5 127 145
1152.0 131 140
1152.0 131 141
1153.5 126 134
1153.5 126 135
1155.0 133 139
1155.0 133 140
1156.5 155 158
1156.5 155 159
1158.0 22 44
1158.0 22 45
1159.5 98 173
1159.5 98 198
1161.0 138 142
1161.0 138 143
1162.5 150 170
1162.5 150 171
1164.0 176 190
1164.0 176 191
1165.5 82 85
1165.5 82 86
1167.0 22 198
1167.0 23 24
1168.5 183 188
1168.5 183 189
1170.0 127 142
1170.0 127 143
1171.5 59 64
1171.5 59 65
1173.0 187 193
1173.0 187 194
1174.5 6 11
1174.5 6 12
1176.0 103 113
1176.0 103 114
1177.5 175 195
1177.5 175 196
1179.0 103 115
1179.0 103 116
1180.5 3 21
1180.5 4 5
1182.0 154 165
1182.0 154 166
1183.5 107 119
1183.5 107 120
1185.0 30 35
1185.0 30 36
1186.5 82 89
1186.5 82 90
1188.0 186 191
1188.0 186 192
1189.5 108 116
1189.5 108 117
1191.0 179 189
1191.0 179 190
1192.5 26 40
1192.5 26 41
1194.0 175 187
1194.0 175 188
1195.5 60 65
1195.5 60 66
1197.0 180 194
1197.0 180 195
1198.5 5 20
1198.5 5 21
1200.0 48 66
1200.0 48 67
1201.5 103 121
1201.5 103 122
1203.0 31 40
1203.0 31 41
1204.5 99 123
1204.5 100 101
1206.0 79 89
1206.0 79 90
1207.5 47 172
1207.5 47 173
1209.0 71 72
1209.0 72 73
1210.5 0 14
1210.5 0 15
1212.0 9 17
1212.0 9 18
1213.5 58 61
1213.5 58 62
1215.0 19 20
1215.0 20 21
1216.5 24 40
1216.5 24 41
1218.0 107 113
1218.0 107 114
1219.5 83 90
1219.5 83 91
1221.0 133 143
1221.0 133 144
1222.5 194 195
1222.5 195 196
1224.0 4 20
1224.0 4 21
1225.5 28 33
1225.5 28 34
1227.0 153 171
1227.0 153 172
1228.5 106 121
1228.5 107 108
1230.0 50 71
1230.0 50 72
1231.5 12 18
1231.5 13 14
1233.0 73 74
1233.0 73 91
1234.5 54 62
1234.5 54 63
1236.0 35 40
1236.0 35 41
1237.5 73 94
1237.5 73 95
1239.0 161 164
1239.0 161 165
1240.5 37 40
1240.5 37 41
1242.0 181 188
1242.0 181 189
1243.5 27 28
1243.5 27 31
1245.0 87 88
1245.0 87 89
1246.5 62 64
1246.5 62 65
1248.0 158 167
1248.0 158 168
1249.5 178 196
1249.5 178 197
1251.0 24 25
1251.0 24 37
1252.5 78 89
1252.5 78 90
1254.0 177 197
1254.0 177 198
1255.5 25 38
1255.5 25 39
1257.0 112 116
1257.0 112 117
1258.5 2 6
1258.5 2 7
1260.0 102 122
1260.0 103 104
1261.5 129 143
1261.5 129 144
1263.0 178 190
1263.0 178 191
1264.5 7 18
1264.5 7 19
1266.0 160 169
1266.0 160 170
1267.5 132 136
1267.5 132 137
1269.0 74 88
1269.0 74 89
1270.5 181 196
1270.5 181 197
1272.0 79 91
1272.0 79 92
1273.5 27 44
1273.5 27 45
1275.0 101 111
1275.0 101 112
1276.5 22 148
1276.5 22 172
1278.0 149 169
1278.0 149 170
1279.5 48 148
1279.5 48 172
1281.0 84 85
1281.0 84 86
1282.5 4 18
1282.5 4 19
1284.0 55 64
1284.0 55 65
1285.5 176 186
1285.5 176 187
1287.0 172 173
1287.0 173 174
1288.5 7 10
1288.5 7 11
1290.0 173 198
1290.0 174 175
1291.5 52 65
1291.5 52 66
1293.0 129 133
1293.0 129 134
1294.5 77 96
1294.5 77 97
1296.0 102 116
1296.0 102 117
1297.5 81 89
1297.5 81 90
1299.0 183 184
1299.0 183 185
1300.5 132 138
1300.5 132 139
1302.0 105 110
1302.0 105 111
1303.5 124 146
1303.5 124 147
1305.0 3 17
1305.0 3 18
