0 183 188
0 183 189
0 183 190
0 183 191
0 183 192
0 183 193
0 183 194
0 183 195
0 183 196
0 184 185
0 184 186
0 184 187
0 184 188
0 184 189
0 184 190
0 184 191
0 184 192
0 184 193
0 184 194
0 184 195
0 185 186
0 185 187
0 185 188
0 185 189
0 185 190
0 185 191
0 185 192
0 185 193
0 185 194
0 185 195
0 186 187
301 21 22
301 22 23
301 22 44
301 22 45
301 22 46
301 22 47
301 22 72
301 22 97
301 22 98
301 22 122
301 22 123
301 22 147
301 22 148
301 22 172
301 22 173
301 22 197
301 22 198
301 23 24
301 23 40
301 23 41
301 23 42
301 23 43
301 23 44
301 23 45
301 23 46
301 23 47
301 23 97
301 23 98
301 23 122
301 23 123
301 23 147
602 1 22
602 2 3
602 2 5
602 2 6
602 2 7
602 2 8
602 2 9
602 2 10
602 2 11
602 2 12
602 2 13
602 2 14
602 2 15
602 2 16
602 2 17
602 2 18
602 2 19
602 2 20
602 2 21
602 2 22
602 3 4
602 3 5
602 3 6
602 3 7
602 3 8
602 3 9
602 3 10
602 3 11
602 3 12
602 3 13
602 3 14
903 3 15
903 3 16
903 3 17
903 3 18
903 3 19
903 3 20
903 3 21
903 4 5
903 4 6
903 4 7
903 4 8
903 4 9
903 4 10
903 4 11
903 4 12
903 4 13
903 4 14
903 4 15
903 4 16
903 4 17
903 4 18
903 4 19
903 4 20
903 4 21
903 5 6
903 5 7
903 5 8
903 5 9
903 5 10
903 5 11
903 5 12
1204 150 163
1204 150 164
1204 150 165
1204 150 166
1204 150 167
1204 150 168
1204 150 169
1204 150 170
1204 150 171
1204 150 172
1204 150 173
1204 151 152
1204 151 160
1204 151 161
1204 151 162
1204 151 163
1204 151 164
1204 151 165
1204 151 166
1204 151 167
1204 151 168
1204 151 169
1204 151 170
1204 151 171
1204 151 172
1204 151 173
1204 152 153
1204 152 158
1204 152 159
1204 152 160
1204 152 161
1505 160 167
1505 160 168
1505 160 169
1505 160 170
1505 161 162
1505 161 163
1505 161 164
1505 161 165
1505 161 166
1505 161 167
1505 161 168
1505 161 169
1505 162 163
1505 162 164
1505 162 165
1505 162 166
1505 162 167
1505 162 168
1505 162 169
1505 163 164
1505 163 165
1505 163 166
1505 163 167
1505 163 168
1505 164 165
1505 164 166
1505 164 167
1505 164 168
1505 165 166
1505 165 167
1505 166 167
1806 33 44
1806 33 45
1806 34 35
1806 34 36
1806 34 37
1806 34 38
1806 34 39
1806 34 40
1806 34 41
1806 34 42
1806 34 43
1806 34 44
1806 35 36
1806 35 37
1806 35 38
1806 35 39
1806 35 40
1806 35 41
1806 35 42
1806 35 43
1806 35 44
1806 36 37
1806 36 38
1806 36 39
1806 36 40
1806 36 41
1806 36 42
1806 36 43
1806 37 38
1806 37 39
1806 37 40
2107 186 188
2107 186 189
2107 186 190
2107 186 191
2107 186 192
2107 186 193
2107 186 194
2107 186 195
2107 187 188
2107 187 189
2107 187 190
2107 187 191
2107 187 192
2107 187 193
2107 187 194
2107 188 189
2107 188 190
2107 188 191
2107 188 192
2107 188 193
2107 188 194
2107 189 190
2107 189 191
2107 189 192
2107 189 193
2107 190 191
2107 190 192
2107 190 193
2107 191 192
2107 192 193
2107 193 194
2408 0 1
2408 0 9
2408 0 10
2408 0 11
2408 0 12
2408 0 13
2408 0 14
2408 0 15
2408 0 16
2408 0 17
2408 0 18
2408 0 19
2408 0 20
2408 0 21
2408 0 22
2408 1 2
2408 1 7
2408 1 8
2408 1 9
2408 1 10
2408 1 11
2408 1 12
2408 1 13
2408 1 14
2408 1 15
2408 1 16
2408 1 17
2408 1 18
2408 1 19
2408 1 20
2408 1 21
2709 7 16
2709 7 17
2709 7 18
2709 7 19
2709 7 20
2709 8 9
2709 8 10
2709 8 11
2709 8 12
2709 8 13
2709 8 14
2709 8 15
2709 8 16
2709 8 17
2709 8 18
2709 8 19
2709 8 20
2709 9 10
2709 9 11
2709 9 12
2709 9 13
2709 9 14
2709 9 15
2709 9 16
2709 9 17
2709 9 18
2709 9 19
2709 10 11
2709 10 12
2709 10 13
2709 10 14
3010 57 68
3010 57 69
3010 57 70
3010 58 59
3010 58 60
3010 58 61
3010 58 62
3010 58 63
3010 58 64
3010 58 65
3010 58 66
3010 58 67
3010 58 68
3010 58 69
3010 58 70
3010 59 60
3010 59 61
3010 59 62
3010 59 63
3010 59 64
3010 59 65
3010 59 66
3010 59 67
3010 59 68
3010 59 69
3010 60 61
3010 60 62
3010 60 63
3010 60 64
3010 60 65
3010 60 66
3311 152 162
3311 152 163
3311 152 164
3311 152 165
3311 152 166
3311 152 167
3311 152 168
3311 152 169
3311 152 170
3311 152 171
3311 152 172
3311 152 173
3311 153 154
3311 153 156
3311 153 157
3311 153 158
3311 153 159
3311 153 160
3311 153 161
3311 153 162
3311 153 163
3311 153 164
3311 153 165
3311 153 166
3311 153 167
3311 153 168
3311 153 169
3311 153 170
3311 153 171
3311 153 172
3311 154 155
3612 179 187
3612 179 188
3612 179 189
3612 179 190
3612 179 191
3612 179 192
3612 179 193
3612 179 194
3612 179 195
3612 179 196
3612 179 197
3612 180 181
3612 180 182
3612 180 183
3612 180 184
3612 180 185
3612 180 186
3612 180 187
3612 180 188
3612 180 189
3612 180 190
3612 180 191
3612 180 192
3612 180 193
3612 180 194
3612 180 195
3612 180 196
3612 180 197
3612 181 182
3612 181 183
3612 181 184
3913 10 15
3913 10 16
3913 10 17
3913 10 18
3913 10 19
3913 11 12
3913 11 13
3913 11 14
3913 11 15
3913 11 16
3913 11 17
3913 11 18
3913 12 13
3913 12 14
3913 12 15
3913 12 16
3913 12 17
3913 12 18
3913 13 14
3913 13 15
3913 13 16
3913 13 17
3913 14 15
3913 14 16
3913 14 17
3913 15 16
3913 16 17
3913 17 18
3913 18 19
3913 19 20
3913 20 21
4214 157 171
4214 158 159
4214 158 160
4214 158 161
4214 158 162
4214 158 163
4214 158 164
4214 158 165
4214 158 166
4214 158 167
4214 158 168
4214 158 169
4214 158 170
4214 158 171
4214 159 160
4214 159 161
4214 159 162
4214 159 163
4214 159 164
4214 159 165
4214 159 166
4214 159 167
4214 159 168
4214 159 169
4214 159 170
4214 160 161
4214 160 162
4214 160 163
4214 160 164
4214 160 165
4214 160 166
4515 60 67
4515 60 68
4515 60 69
4515 61 62
4515 61 63
4515 61 64
4515 61 65
4515 61 66
4515 61 67
4515 61 68
4515 61 69
4515 62 63
4515 62 64
4515 62 65
4515 62 66
4515 62 67
4515 62 68
4515 63 64
4515 63 65
4515 63 66
4515 63 67
4515 63 68
4515 64 65
4515 64 66
4515 64 67
4515 65 66
4515 65 67
4515 66 67
4515 67 68
4515 68 69
4515 69 70
4816 80 81
4816 80 82
4816 80 83
4816 80 84
4816 80 85
4816 80 86
4816 80 87
4816 80 88
4816 80 89
4816 80 90
4816 80 91
4816 80 92
4816 80 93
4816 80 94
4816 80 95
4816 80 96
4816 81 82
4816 81 83
4816 81 84
4816 81 85
4816 81 86
4816 81 87
4816 81 88
4816 81 89
4816 81 90
4816 81 91
4816 81 92
4816 81 93
4816 81 94
4816 81 95
4816 81 96
5117 128 143
5117 128 144
5117 128 145
5117 128 146
5117 128 147
5117 129 130
5117 129 131
5117 129 132
5117 129 133
5117 129 134
5117 129 135
5117 129 136
5117 129 137
5117 129 138
5117 129 139
5117 129 140
5117 129 141
5117 129 142
5117 129 143
5117 129 144
5117 129 145
5117 129 146
5117 129 147
5117 130 131
5117 130 132
5117 130 133
5117 130 134
5117 130 135
5117 130 136
5117 130 137
5117 130 138
5418 29 39
5418 29 40
5418 29 41
5418 29 42
5418 29 43
5418 29 44
5418 29 45
5418 29 46
5418 30 31
5418 30 32
5418 30 33
5418 30 34
5418 30 35
5418 30 36
5418 30 37
5418 30 38
5418 30 39
5418 30 40
5418 30 41
5418 30 42
5418 30 43
5418 30 44
5418 30 45
5418 30 46
5418 31 32
5418 31 33
5418 31 34
5418 31 35
5418 31 36
5418 31 37
5418 31 38
5719 181 185
5719 181 186
5719 181 187
5719 181 188
5719 181 189
5719 181 190
5719 181 191
5719 181 192
5719 181 193
5719 181 194
5719 181 195
5719 181 196
5719 181 197
5719 182 183
5719 182 184
5719 182 185
5719 182 186
5719 182 187
5719 182 188
5719 182 189
5719 182 190
5719 182 191
5719 182 192
5719 182 193
5719 182 194
5719 182 195
5719 182 196
5719 183 184
5719 183 185
5719 183 186
5719 183 187
6020 105 110
6020 105 111
6020 105 112
6020 105 113
6020 105 114
6020 105 115
6020 105 116
6020 105 117
6020 105 118
6020 105 119
6020 105 120
6020 105 121
6020 106 107
6020 106 108
6020 106 109
6020 106 110
6020 106 111
6020 106 112
6020 106 113
6020 106 114
6020 106 115
6020 106 116
6020 106 117
6020 106 118
6020 106 119
6020 106 120
6020 106 121
6020 107 108
6020 107 109
6020 107 110
6020 107 111
6321 88 91
6321 88 92
6321 88 93
6321 89 90
6321 89 91
6321 89 92
6321 90 91
6321 90 92
6321 91 92
6321 92 93
6321 93 94
6321 94 95
6321 95 96
6321 96 97
6321 97 98
6321 98 99
6321 98 117
6321 98 118
6321 98 119
6321 98 120
6321 98 121
6321 98 122
6321 98 123
6321 98 148
6321 98 173
6321 98 198
6321 99 100
6321 99 114
6321 99 115
6321 99 116
6321 99 117
6622 55 66
6622 55 67
6622 55 68
6622 55 69
6622 55 70
6622 55 71
6622 56 57
6622 56 58
6622 56 59
6622 56 60
6622 56 61
6622 56 62
6622 56 63
6622 56 64
6622 56 65
6622 56 66
6622 56 67
6622 56 68
6622 56 69
6622 56 70
6622 56 71
6622 57 58
6622 57 59
6622 57 60
6622 57 61
6622 57 62
6622 57 63
6622 57 64
6622 57 65
6622 57 66
6622 57 67
6923 124 148
6923 125 126
6923 125 136
6923 125 137
6923 125 138
6923 125 139
6923 125 140
6923 125 141
6923 125 142
6923 125 143
6923 125 144
6923 125 145
6923 125 146
6923 125 147
6923 125 148
6923 126 127
6923 126 134
6923 126 135
6923 126 136
6923 126 137
6923 126 138
6923 126 139
6923 126 140
6923 126 141
6923 126 142
6923 126 143
6923 126 144
6923 126 145
6923 126 146
6923 126 147
6923 126 148
7224 31 39
7224 31 40
7224 31 41
7224 31 42
7224 31 43
7224 31 44
7224 31 45
7224 31 46
7224 32 33
7224 32 34
7224 32 35
7224 32 36
7224 32 37
7224 32 38
7224 32 39
7224 32 40
7224 32 41
7224 32 42
7224 32 43
7224 32 44
7224 32 45
7224 33 34
7224 33 35
7224 33 36
7224 33 37
7224 33 38
7224 33 39
7224 33 40
7224 33 41
7224 33 42
7224 33 43
7525 132 140
7525 132 141
7525 132 142
7525 132 143
7525 132 144
7525 132 145
7525 132 146
7525 133 134
7525 133 135
7525 133 136
7525 133 137
7525 133 138
7525 133 139
7525 133 140
7525 133 141
7525 133 142
7525 133 143
7525 133 144
7525 133 145
7525 134 135
7525 134 136
7525 134 137
7525 134 138
7525 134 139
7525 134 140
7525 134 141
7525 134 142
7525 134 143
7525 134 144
7525 134 145
7525 135 136
7826 109 119
7826 109 120
7826 110 111
7826 110 112
7826 110 113
7826 110 114
7826 110 115
7826 110 116
7826 110 117
7826 110 118
7826 110 119
7826 111 112
7826 111 113
7826 111 114
7826 111 115
7826 111 116
7826 111 117
7826 111 118
7826 111 119
7826 112 113
7826 112 114
7826 112 115
7826 112 116
7826 112 117
7826 112 118
7826 113 114
7826 113 115
7826 113 116
7826 113 117
7826 113 118
7826 114 115
8127 23 148
8127 23 172
8127 23 173
8127 23 197
8127 23 198
8127 24 25
8127 24 37
8127 24 38
8127 24 39
8127 24 40
8127 24 41
8127 24 42
8127 24 43
8127 24 44
8127 24 45
8127 24 46
8127 24 47
8127 25 26
8127 25 35
8127 25 36
8127 25 37
8127 25 38
8127 25 39
8127 25 40
8127 25 41
8127 25 42
8127 25 43
8127 25 44
8127 25 45
8127 25 46
8127 25 47
8428 127 128
8428 127 132
8428 127 133
8428 127 134
8428 127 135
8428 127 136
8428 127 137
8428 127 138
8428 127 139
8428 127 140
8428 127 141
8428 127 142
8428 127 143
8428 127 144
8428 127 145
8428 127 146
8428 127 147
8428 128 129
8428 128 130
8428 128 131
8428 128 132
8428 128 133
8428 128 134
8428 128 135
8428 128 136
8428 128 137
8428 128 138
8428 128 139
8428 128 140
8428 128 141
8428 128 142
8729 27 45
8729 27 46
8729 27 47
8729 28 29
8729 28 30
8729 28 31
8729 28 32
8729 28 33
8729 28 34
8729 28 35
8729 28 36
8729 28 37
8729 28 38
8729 28 39
8729 28 40
8729 28 41
8729 28 42
8729 28 43
8729 28 44
8729 28 45
8729 28 46
8729 28 47
8729 29 30
8729 29 31
8729 29 32
8729 29 33
8729 29 34
8729 29 35
8729 29 36
8729 29 37
8729 29 38
9030 26 27
9030 26 33
9030 26 34
9030 26 35
9030 26 36
9030 26 37
9030 26 38
9030 26 39
9030 26 40
9030 26 41
9030 26 42
9030 26 43
9030 26 44
9030 26 45
9030 26 46
9030 26 47
9030 27 28
9030 27 31
9030 27 32
9030 27 33
9030 27 34
9030 27 35
9030 27 36
9030 27 37
9030 27 38
9030 27 39
9030 27 40
9030 27 41
9030 27 42
9030 27 43
9030 27 44
9331 53 69
9331 53 70
9331 53 71
9331 53 72
9331 54 55
9331 54 56
9331 54 57
9331 54 58
9331 54 59
9331 54 60
9331 54 61
9331 54 62
9331 54 63
9331 54 64
9331 54 65
9331 54 66
9331 54 67
9331 54 68
9331 54 69
9331 54 70
9331 54 71
9331 55 56
9331 55 57
9331 55 58
9331 55 59
9331 55 60
9331 55 61
9331 55 62
9331 55 63
9331 55 64
9331 55 65
9632 114 116
9632 114 117
9632 115 116
9632 115 117
9632 116 117
9632 117 118
9632 118 119
9632 119 120
9632 120 121
9632 121 122
9632 122 123
9632 123 124
9632 123 142
9632 123 143
9632 123 144
9632 123 145
9632 123 146
9632 123 147
9632 123 148
9632 123 173
9632 123 198
9632 124 125
9632 124 139
9632 124 140
9632 124 141
9632 124 142
9632 124 143
9632 124 144
9632 124 145
9632 124 146
9632 124 147
9933 101 119
9933 101 120
9933 101 121
9933 101 122
9933 102 103
9933 102 107
9933 102 108
9933 102 109
9933 102 110
9933 102 111
9933 102 112
9933 102 113
9933 102 114
9933 102 115
9933 102 116
9933 102 117
9933 102 118
9933 102 119
9933 102 120
9933 102 121
9933 102 122
9933 103 104
9933 103 105
9933 103 106
9933 103 107
9933 103 108
9933 103 109
9933 103 110
9933 103 111
9933 103 112
9933 103 113
10234 175 195
10234 175 196
10234 175 197
10234 175 198
10234 176 177
10234 176 185
10234 176 186
10234 176 187
10234 176 188
10234 176 189
10234 176 190
10234 176 191
10234 176 192
10234 176 193
10234 176 194
10234 176 195
10234 176 196
10234 176 197
10234 176 198
10234 177 178
10234 177 183
10234 177 184
10234 177 185
10234 177 186
10234 177 187
10234 177 188
10234 177 189
10234 177 190
10234 177 191
10234 177 192
10234 177 193
10535 167 168
10535 168 169
10535 169 170
10535 170 171
10535 171 172
10535 172 173
10535 173 174
10535 173 194
10535 173 195
10535 173 196
10535 173 197
10535 173 198
10535 174 175
10535 174 190
10535 174 191
10535 174 192
10535 174 193
10535 174 194
10535 174 195
10535 174 196
10535 174 197
10535 174 198
10535 175 176
10535 175 187
10535 175 188
10535 175 189
10535 175 190
10535 175 191
10535 175 192
10535 175 193
10535 175 194
10836 139 142
10836 139 143
10836 140 141
10836 140 142
10836 141 142
10836 142 143
10836 143 144
10836 144 145
10836 145 146
10836 146 147
10836 147 148
10836 148 149
10836 148 168
10836 148 169
10836 148 170
10836 148 171
10836 148 172
10836 148 173
10836 148 198
10836 149 150
10836 149 165
10836 149 166
10836 149 167
10836 149 168
10836 149 169
10836 149 170
10836 149 171
10836 149 172
10836 149 173
10836 150 151
10836 150 162
11137 5 13
11137 5 14
11137 5 15
11137 5 16
11137 5 17
11137 5 18
11137 5 19
11137 5 20
11137 5 21
11137 6 7
11137 6 8
11137 6 9
11137 6 10
11137 6 11
11137 6 12
11137 6 13
11137 6 14
11137 6 15
11137 6 16
11137 6 17
11137 6 18
11137 6 19
11137 6 20
11137 7 8
11137 7 9
11137 7 10
11137 7 11
11137 7 12
11137 7 13
11137 7 14
11137 7 15
11438 76 91
11438 76 92
11438 76 93
11438 76 94
11438 76 95
11438 76 96
11438 76 97
11438 77 78
11438 77 81
11438 77 82
11438 77 83
11438 77 84
11438 77 85
11438 77 86
11438 77 87
11438 77 88
11438 77 89
11438 77 90
11438 77 91
11438 77 92
11438 77 93
11438 77 94
11438 77 95
11438 77 96
11438 77 97
11438 78 79
11438 78 80
11438 78 81
11438 78 82
11438 78 83
11438 78 84
11739 84 90
11739 84 91
11739 84 92
11739 84 93
11739 84 94
11739 84 95
11739 85 86
11739 85 87
11739 85 88
11739 85 89
11739 85 90
11739 85 91
11739 85 92
11739 85 93
11739 85 94
11739 86 87
11739 86 88
11739 86 89
11739 86 90
11739 86 91
11739 86 92
11739 86 93
11739 86 94
11739 87 88
11739 87 89
11739 87 90
11739 87 91
11739 87 92
11739 87 93
11739 88 89
11739 88 90
12040 52 57
12040 52 58
12040 52 59
12040 52 60
12040 52 61
12040 52 62
12040 52 63
12040 52 64
12040 52 65
12040 52 66
12040 52 67
12040 52 68
12040 52 69
12040 52 70
12040 52 71
12040 52 72
12040 53 54
12040 53 55
12040 53 56
12040 53 57
12040 53 58
12040 53 59
12040 53 60
12040 53 61
12040 53 62
12040 53 63
12040 53 64
12040 53 65
12040 53 66
12040 53 67
12040 53 68
12341 194 195
12341 195 196
12341 196 197
12341 197 198
12341 198 199
12642 37 41
12642 37 42
12642 37 43
12642 38 39
12642 38 40
12642 38 41
12642 38 42
12642 39 40
12642 39 41
12642 39 42
12642 40 41
12642 41 42
12642 42 43
12642 43 44
12642 44 45
12642 45 46
12642 46 47
12642 47 48
12642 47 70
12642 47 71
12642 47 72
12642 47 97
12642 47 98
12642 47 122
12642 47 123
12642 47 147
12642 47 148
12642 47 172
12642 47 173
12642 47 197
12642 47 198
12943 82 83
12943 82 84
12943 82 85
12943 82 86
12943 82 87
12943 82 88
12943 82 89
12943 82 90
12943 82 91
12943 82 92
12943 82 93
12943 82 94
12943 82 95
12943 82 96
12943 83 84
12943 83 85
12943 83 86
12943 83 87
12943 83 88
12943 83 89
12943 83 90
12943 83 91
12943 83 92
12943 83 93
12943 83 94
12943 83 95
12943 84 85
12943 84 86
12943 84 87
12943 84 88
12943 84 89
13244 48 49
13244 48 65
13244 48 66
13244 48 67
13244 48 68
13244 48 69
13244 48 70
13244 48 71
13244 48 72
13244 48 97
13244 48 98
13244 48 122
13244 48 123
13244 48 147
13244 48 148
13244 48 172
13244 48 173
13244 48 197
13244 48 198
13244 49 50
13244 49 63
13244 49 64
13244 49 65
13244 49 66
13244 49 67
13244 49 68
13244 49 69
13244 49 70
13244 49 71
13244 49 72
13244 50 51
13545 99 118
13545 99 119
13545 99 120
13545 99 121
13545 99 122
13545 99 123
13545 100 101
13545 100 111
13545 100 112
13545 100 113
13545 100 114
13545 100 115
13545 100 116
13545 100 117
13545 100 118
13545 100 119
13545 100 120
13545 100 121
13545 100 122
13545 100 123
13545 101 102
13545 101 109
13545 101 110
13545 101 111
13545 101 112
13545 101 113
13545 101 114
13545 101 115
13545 101 116
13545 101 117
13545 101 118
13846 70 71
13846 71 72
13846 72 73
13846 72 97
13846 72 98
13846 72 122
13846 72 123
13846 72 147
13846 72 148
13846 72 172
13846 72 173
13846 72 197
13846 72 198
13846 73 74
13846 73 91
13846 73 92
13846 73 93
13846 73 94
13846 73 95
13846 73 96
13846 73 97
13846 73 98
13846 73 123
13846 73 148
13846 73 172
13846 73 173
13846 73 197
13846 73 198
13846 74 75
13846 74 88
13846 74 89
14147 74 90
14147 74 91
14147 74 92
14147 74 93
14147 74 94
14147 74 95
14147 74 96
14147 74 97
14147 74 98
14147 75 76
14147 75 86
14147 75 87
14147 75 88
14147 75 89
14147 75 90
14147 75 91
14147 75 92
14147 75 93
14147 75 94
14147 75 95
14147 75 96
14147 75 97
14147 76 77
14147 76 83
14147 76 84
14147 76 85
14147 76 86
14147 76 87
14147 76 88
14147 76 89
14147 76 90
14448 50 60
14448 50 61
14448 50 62
14448 50 63
14448 50 64
14448 50 65
14448 50 66
14448 50 67
14448 50 68
14448 50 69
14448 50 70
14448 50 71
14448 50 72
14448 51 52
14448 51 58
14448 51 59
14448 51 60
14448 51 61
14448 51 62
14448 51 63
14448 51 64
14448 51 65
14448 51 66
14448 51 67
14448 51 68
14448 51 69
14448 51 70
14448 51 71
14448 51 72
14448 52 53
14448 52 56
14749 155 170
14749 155 171
14749 155 172
14749 156 157
14749 156 158
14749 156 159
14749 156 160
14749 156 161
14749 156 162
14749 156 163
14749 156 164
14749 156 165
14749 156 166
14749 156 167
14749 156 168
14749 156 169
14749 156 170
14749 156 171
14749 157 158
14749 157 159
14749 157 160
14749 157 161
14749 157 162
14749 157 163
14749 157 164
14749 157 165
14749 157 166
14749 157 167
14749 157 168
14749 157 169
14749 157 170
15050 78 85
15050 78 86
15050 78 87
15050 78 88
15050 78 89
15050 78 90
15050 78 91
15050 78 92
15050 78 93
15050 78 94
15050 78 95
15050 78 96
15050 78 97
15050 79 80
15050 79 81
15050 79 82
15050 79 83
15050 79 84
15050 79 85
15050 79 86
15050 79 87
15050 79 88
15050 79 89
15050 79 90
15050 79 91
15050 79 92
15050 79 93
15050 79 94
15050 79 95
15050 79 96
15050 79 97
15351 107 112
15351 107 113
15351 107 114
15351 107 115
15351 107 116
15351 107 117
15351 107 118
15351 107 119
15351 107 120
15351 107 121
15351 108 109
15351 108 110
15351 108 111
15351 108 112
15351 108 113
15351 108 114
15351 108 115
15351 108 116
15351 108 117
15351 108 118
15351 108 119
15351 108 120
15351 109 110
15351 109 111
15351 109 112
15351 109 113
15351 109 114
15351 109 115
15351 109 116
15351 109 117
15351 109 118
15652 103 114
15652 103 115
15652 103 116
15652 103 117
15652 103 118
15652 103 119
15652 103 120
15652 103 121
15652 103 122
15652 104 105
15652 104 106
15652 104 107
15652 104 108
15652 104 109
15652 104 110
15652 104 111
15652 104 112
15652 104 113
15652 104 114
15652 104 115
15652 104 116
15652 104 117
15652 104 118
15652 104 119
15652 104 120
15652 104 121
15652 104 122
15652 105 106
15652 105 107
15652 105 108
15652 105 109
15953 135 137
15953 135 138
15953 135 139
15953 135 140
15953 135 141
15953 135 142
15953 135 143
15953 135 144
15953 135 145
15953 136 137
15953 136 138
15953 136 139
15953 136 140
15953 136 141
15953 136 142
15953 136 143
15953 136 144
15953 137 138
15953 137 139
15953 137 140
15953 137 141
15953 137 142
15953 137 143
15953 137 144
15953 138 139
15953 138 140
15953 138 141
15953 138 142
15953 138 143
15953 139 140
15953 139 141
16254 130 139
16254 130 140
16254 130 141
16254 130 142
16254 130 143
16254 130 144
16254 130 145
16254 130 146
16254 130 147
16254 131 132
16254 131 133
16254 131 134
16254 131 135
16254 131 136
16254 131 137
16254 131 138
16254 131 139
16254 131 140
16254 131 141
16254 131 142
16254 131 143
16254 131 144
16254 131 145
16254 131 146
16254 132 133
16254 132 134
16254 132 135
16254 132 136
16254 132 137
16254 132 138
16254 132 139
16555 154 156
16555 154 157
16555 154 158
16555 154 159
16555 154 160
16555 154 161
16555 154 162
16555 154 163
16555 154 164
16555 154 165
16555 154 166
16555 154 167
16555 154 168
16555 154 169
16555 154 170
16555 154 171
16555 154 172
16555 155 156
16555 155 157
16555 155 158
16555 155 159
16555 155 160
16555 155 161
16555 155 162
16555 155 163
16555 155 164
16555 155 165
16555 155 166
16555 155 167
16555 155 168
16555 155 169
16856 177 194
16856 177 195
16856 177 196
16856 177 197
16856 177 198
16856 178 179
16856 178 181
16856 178 182
16856 178 183
16856 178 184
16856 178 185
16856 178 186
16856 178 187
16856 178 188
16856 178 189
16856 178 190
16856 178 191
16856 178 192
16856 178 193
16856 178 194
16856 178 195
16856 178 196
16856 178 197
16856 178 198
16856 179 180
16856 179 181
16856 179 182
16856 179 183
16856 179 184
16856 179 185
16856 179 186
