0 150 163
0 150 164
0 150 165
0 150 166
0 150 167
0 150 168
0 150 169
0 150 170
0 150 171
0 150 172
0 150 173
0 151 152
0 151 160
0 151 161
0 151 162
0 151 163
0 151 164
0 151 165
0 151 166
0 151 167
0 151 168
0 151 169
0 151 170
0 151 171
0 151 172
0 151 173
0 152 153
0 152 158
0 152 159
0 152 160
0 152 161
301 114 116
301 114 117
301 115 116
301 115 117
301 116 117
301 117 118
301 118 119
301 119 120
301 120 121
301 121 122
301 122 123
301 123 124
301 123 142
301 123 143
301 123 144
301 123 145
301 123 146
301 123 147
301 123 148
301 123 173
301 123 198
301 124 125
301 124 139
301 124 140
301 124 141
301 124 142
301 124 143
301 124 144
301 124 145
301 124 146
301 124 147
602 70 71
602 71 72
602 72 73
602 72 97
602 72 98
602 72 122
602 72 123
602 72 147
602 72 148
602 72 172
602 72 173
602 72 197
602 72 198
602 73 74
602 73 91
602 73 92
602 73 93
602 73 94
602 73 95
602 73 96
602 73 97
602 73 98
602 73 123
602 73 148
602 73 172
602 73 173
602 73 197
602 73 198
602 74 75
602 74 88
602 74 89
903 105 110
903 105 111
903 105 112
903 105 113
903 105 114
903 105 115
903 105 116
903 105 117
903 105 118
903 105 119
903 105 120
903 105 121
903 106 107
903 106 108
903 106 109
903 106 110
903 106 111
903 106 112
903 106 113
903 106 114
903 106 115
903 106 116
903 106 117
903 106 118
903 106 119
903 106 120
903 106 121
903 107 108
903 107 109
903 107 110
903 107 111
1204 21 22
1204 22 23
1204 22 44
1204 22 45
1204 22 46
1204 22 47
1204 22 72
1204 22 97
1204 22 98
1204 22 122
1204 22 123
1204 22 147
1204 22 148
1204 22 172
1204 22 173
1204 22 197
1204 22 198
1204 23 24
1204 23 40
1204 23 41
1204 23 42
1204 23 43
1204 23 44
1204 23 45
1204 23 46
1204 23 47
1204 23 97
1204 23 98
1204 23 122
1204 23 123
1204 23 147
1505 181 185
1505 181 186
1505 181 187
1505 181 188
1505 181 189
1505 181 190
1505 181 191
1505 181 192
1505 181 193
1505 181 194
1505 181 195
1505 181 196
1505 181 197
1505 182 183
1505 182 184
1505 182 185
1505 182 186
1505 182 187
1505 182 188
1505 182 189
1505 182 190
1505 182 191
1505 182 192
1505 182 193
1505 182 194
1505 182 195
1505 182 196
1505 183 184
1505 183 185
1505 183 186
1505 183 187
1806 7 16
1806 7 17
1806 7 18
1806 7 19
1806 7 20
1806 8 9
1806 8 10
1806 8 11
1806 8 12
1806 8 13
1806 8 14
1806 8 15
1806 8 16
1806 8 17
1806 8 18
1806 8 19
1806 8 20
1806 9 10
1806 9 11
1806 9 12
1806 9 13
1806 9 14
1806 9 15
1806 9 16
1806 9 17
1806 9 18
1806 9 19
1806 10 11
1806 10 12
1806 10 13
1806 10 14
2107 88 91
2107 88 92
2107 88 93
2107 89 90
2107 89 91
2107 89 92
2107 90 91
2107 90 92
2107 91 92
2107 92 93
2107 93 94
2107 94 95
2107 95 96
2107 96 97
2107 97 98
2107 98 99
2107 98 117
2107 98 118
2107 98 119
2107 98 120
2107 98 121
2107 98 122
2107 98 123
2107 98 148
2107 98 173
2107 98 198
2107 99 100
2107 99 114
2107 99 115
2107 99 116
2107 99 117
2408 23 148
2408 23 172
2408 23 173
2408 23 197
2408 23 198
2408 24 25
2408 24 37
2408 24 38
2408 24 39
2408 24 40
2408 24 41
2408 24 42
2408 24 43
2408 24 44
2408 24 45
2408 24 46
2408 24 47
2408 25 26
2408 25 35
2408 25 36
2408 25 37
2408 25 38
2408 25 39
2408 25 40
2408 25 41
2408 25 42
2408 25 43
2408 25 44
2408 25 45
2408 25 46
2408 25 47
2709 37 41
2709 37 42
2709 37 43
2709 38 39
2709 38 40
2709 38 41
2709 38 42
2709 39 40
2709 39 41
2709 39 42
2709 40 41
2709 41 42
2709 42 43
2709 43 44
2709 44 45
2709 45 46
2709 46 47
2709 47 48
2709 47 70
2709 47 71
2709 47 72
2709 47 97
2709 47 98
2709 47 122
2709 47 123
2709 47 147
2709 47 148
2709 47 172
2709 47 173
2709 47 197
2709 47 198
3010 130 139
3010 130 140
3010 130 141
3010 130 142
3010 130 143
3010 130 144
3010 130 145
3010 130 146
3010 130 147
3010 131 132
3010 131 133
3010 131 134
3010 131 135
3010 131 136
3010 131 137
3010 131 138
3010 131 139
3010 131 140
3010 131 141
3010 131 142
3010 131 143
3010 131 144
3010 131 145
3010 131 146
3010 132 133
3010 132 134
3010 132 135
3010 132 136
3010 132 137
3010 132 138
3010 132 139
3311 194 195
3311 195 196
3311 196 197
3311 197 198
3311 198 199
3612 109 119
3612 109 120
3612 110 111
3612 110 112
3612 110 113
3612 110 114
3612 110 115
3612 110 116
3612 110 117
3612 110 118
3612 110 119
3612 111 112
3612 111 113
3612 111 114
3612 111 115
3612 111 116
3612 111 117
3612 111 118
3612 111 119
3612 112 113
3612 112 114
3612 112 115
3612 112 116
3612 112 117
3612 112 118
3612 113 114
3612 113 115
3612 113 116
3612 113 117
3612 113 118
3612 114 115
3913 48 49
3913 48 65
3913 48 66
3913 48 67
3913 48 68
3913 48 69
3913 48 70
3913 48 71
3913 48 72
3913 48 97
3913 48 98
3913 48 122
3913 48 123
3913 48 147
3913 48 148
3913 48 172
3913 48 173
3913 48 197
3913 48 198
3913 49 50
3913 49 63
3913 49 64
3913 49 65
3913 49 66
3913 49 67
3913 49 68
3913 49 69
3913 49 70
3913 49 71
3913 49 72
3913 50 51
4214 160 167
4214 160 168
4214 160 169
4214 160 170
4214 161 162
4214 161 163
4214 161 164
4214 161 165
4214 161 166
4214 161 167
4214 161 168
4214 161 169
4214 162 163
4214 162 164
4214 162 165
4214 162 166
4214 162 167
4214 162 168
4214 162 169
4214 163 164
4214 163 165
4214 163 166
4214 163 167
4214 163 168
4214 164 165
4214 164 166
4214 164 167
4214 164 168
4214 165 166
4214 165 167
4214 166 167
4515 157 171
4515 158 159
4515 158 160
4515 158 161
4515 158 162
4515 158 163
4515 158 164
4515 158 165
4515 158 166
4515 158 167
4515 158 168
4515 158 169
4515 158 170
4515 158 171
4515 159 160
4515 159 161
4515 159 162
4515 159 163
4515 159 164
4515 159 165
4515 159 166
4515 159 167
4515 159 168
4515 159 169
4515 159 170
4515 160 161
4515 160 162
4515 160 163
4515 160 164
4515 160 165
4515 160 166
4816 135 137
4816 135 138
4816 135 139
4816 135 140
4816 135 141
4816 135 142
4816 135 143
4816 135 144
4816 135 145
4816 136 137
4816 136 138
4816 136 139
4816 136 140
4816 136 141
4816 136 142
4816 136 143
4816 136 144
4816 137 138
4816 137 139
4816 137 140
4816 137 141
4816 137 142
4816 137 143
4816 137 144
4816 138 139
4816 138 140
4816 138 141
4816 138 142
4816 138 143
4816 139 140
4816 139 141
5117 29 39
5117 29 40
5117 29 41
5117 29 42
5117 29 43
5117 29 44
5117 29 45
5117 29 46
5117 30 31
5117 30 32
5117 30 33
5117 30 34
5117 30 35
5117 30 36
5117 30 37
5117 30 38
5117 30 39
5117 30 40
5117 30 41
5117 30 42
5117 30 43
5117 30 44
5117 30 45
5117 30 46
5117 31 32
5117 31 33
5117 31 34
5117 31 35
5117 31 36
5117 31 37
5117 31 38
5418 177 194
5418 177 195
5418 177 196
5418 177 197
5418 177 198
5418 178 179
5418 178 181
5418 178 182
5418 178 183
5418 178 184
5418 178 185
5418 178 186
5418 178 187
5418 178 188
5418 178 189
5418 178 190
5418 178 191
5418 178 192
5418 178 193
5418 178 194
5418 178 195
5418 178 196
5418 178 197
5418 178 198
5418 179 180
5418 179 181
5418 179 182
5418 179 183
5418 179 184
5418 179 185
5418 179 186
5719 76 91
5719 76 92
5719 76 93
5719 76 94
5719 76 95
5719 76 96
5719 76 97
5719 77 78
5719 77 81
5719 77 82
5719 77 83
5719 77 84
5719 77 85
5719 77 86
5719 77 87
5719 77 88
5719 77 89
5719 77 90
5719 77 91
5719 77 92
5719 77 93
5719 77 94
5719 77 95
5719 77 96
5719 77 97
5719 78 79
5719 78 80
5719 78 81
5719 78 82
5719 78 83
5719 78 84
6020 124 148
6020 125 126
6020 125 136
6020 125 137
6020 125 138
6020 125 139
6020 125 140
6020 125 141
6020 125 142
6020 125 143
6020 125 144
6020 125 145
6020 125 146
6020 125 147
6020 125 148
6020 126 127
6020 126 134
6020 126 135
6020 126 136
6020 126 137
6020 126 138
6020 126 139
6020 126 140
6020 126 141
6020 126 142
6020 126 143
6020 126 144
6020 126 145
6020 126 146
6020 126 147
6020 126 148
6321 5 13
6321 5 14
6321 5 15
6321 5 16
6321 5 17
6321 5 18
6321 5 19
6321 5 20
6321 5 21
6321 6 7
6321 6 8
6321 6 9
6321 6 10
6321 6 11
6321 6 12
6321 6 13
6321 6 14
6321 6 15
6321 6 16
6321 6 17
6321 6 18
6321 6 19
6321 6 20
6321 7 8
6321 7 9
6321 7 10
6321 7 11
6321 7 12
6321 7 13
6321 7 14
6321 7 15
6622 175 195
6622 175 196
6622 175 197
6622 175 198
6622 176 177
6622 176 185
6622 176 186
6622 176 187
6622 176 188
6622 176 189
6622 176 190
6622 176 191
6622 176 192
6622 176 193
6622 176 194
6622 176 195
6622 176 196
6622 176 197
6622 176 198
6622 177 178
6622 177 183
6622 177 184
6622 177 185
6622 177 186
6622 177 187
6622 177 188
6622 177 189
6622 177 190
6622 177 191
6622 177 192
6622 177 193
6923 0 1
6923 0 9
6923 0 10
6923 0 11
6923 0 12
6923 0 13
6923 0 14
6923 0 15
6923 0 16
6923 0 17
6923 0 18
6923 0 19
6923 0 20
6923 0 21
6923 0 22
6923 1 2
6923 1 7
6923 1 8
6923 1 9
6923 1 10
6923 1 11
6923 1 12
6923 1 13
6923 1 14
6923 1 15
6923 1 16
6923 1 17
6923 1 18
6923 1 19
6923 1 20
6923 1 21
7224 26 27
7224 26 33
7224 26 34
7224 26 35
7224 26 36
7224 26 37
7224 26 38
7224 26 39
7224 26 40
7224 26 41
7224 26 42
7224 26 43
7224 26 44
7224 26 45
7224 26 46
7224 26 47
7224 27 28
7224 27 31
7224 27 32
7224 27 33
7224 27 34
7224 27 35
7224 27 36
7224 27 37
7224 27 38
7224 27 39
7224 27 40
7224 27 41
7224 27 42
7224 27 43
7224 27 44
7525 78 85
7525 78 86
7525 78 87
7525 78 88
7525 78 89
7525 78 90
7525 78 91
7525 78 92
7525 78 93
7525 78 94
7525 78 95
7525 78 96
7525 78 97
7525 79 80
7525 79 81
7525 79 82
7525 79 83
7525 79 84
7525 79 85
7525 79 86
7525 79 87
7525 79 88
7525 79 89
7525 79 90
7525 79 91
7525 79 92
7525 79 93
7525 79 94
7525 79 95
7525 79 96
7525 79 97
7826 74 90
7826 74 91
7826 74 92
7826 74 93
7826 74 94
7826 74 95
7826 74 96
7826 74 97
7826 74 98
7826 75 76
7826 75 86
7826 75 87
7826 75 88
7826 75 89
7826 75 90
7826 75 91
7826 75 92
7826 75 93
7826 75 94
7826 75 95
7826 75 96
7826 75 97
7826 76 77
7826 76 83
7826 76 84
7826 76 85
7826 76 86
7826 76 87
7826 76 88
7826 76 89
7826 76 90
8127 186 188
8127 186 189
8127 186 190
8127 186 191
8127 186 192
8127 186 193
8127 186 194
8127 186 195
8127 187 188
8127 187 189
8127 187 190
8127 187 191
8127 187 192
8127 187 193
8127 187 194
8127 188 189
8127 188 190
8127 188 191
8127 188 192
8127 188 193
8127 188 194
8127 189 190
8127 189 191
8127 189 192
8127 189 193
8127 190 191
8127 190 192
8127 190 193
8127 191 192
8127 192 193
8127 193 194
8428 27 45
8428 27 46
8428 27 47
8428 28 29
8428 28 30
8428 28 31
8428 28 32
8428 28 33
8428 28 34
8428 28 35
8428 28 36
8428 28 37
8428 28 38
8428 28 39
8428 28 40
8428 28 41
8428 28 42
8428 28 43
8428 28 44
8428 28 45
8428 28 46
8428 28 47
8428 29 30
8428 29 31
8428 29 32
8428 29 33
8428 29 34
8428 29 35
8428 29 36
8428 29 37
8428 29 38
8729 152 162
8729 152 163
8729 152 164
8729 152 165
8729 152 166
8729 152 167
8729 152 168
8729 152 169
8729 152 170
8729 152 171
8729 152 172
8729 152 173
8729 153 154
8729 153 156
8729 153 157
8729 153 158
8729 153 159
8729 153 160
8729 153 161
8729 153 162
8729 153 163
8729 153 164
8729 153 165
8729 153 166
8729 153 167
8729 153 168
8729 153 169
8729 153 170
8729 153 171
8729 153 172
8729 154 155
9030 1 22
9030 2 3
9030 2 5
9030 2 6
9030 2 7
9030 2 8
9030 2 9
9030 2 10
9030 2 11
9030 2 12
9030 2 13
9030 2 14
9030 2 15
9030 2 16
9030 2 17
9030 2 18
9030 2 19
9030 2 20
9030 2 21
9030 2 22
9030 3 4
9030 3 5
9030 3 6
9030 3 7
9030 3 8
9030 3 9
9030 3 10
9030 3 11
9030 3 12
9030 3 13
9030 3 14
9331 128 143
9331 128 144
9331 128 145
9331 128 146
9331 128 147
9331 129 130
9331 129 131
9331 129 132
9331 129 133
9331 129 134
9331 129 135
9331 129 136
9331 129 137
9331 129 138
9331 129 139
9331 129 140
9331 129 141
9331 129 142
9331 129 143
9331 129 144
9331 129 145
9331 129 146
9331 129 147
9331 130 131
9331 130 132
9331 130 133
9331 130 134
9331 130 135
9331 130 136
9331 130 137
9331 130 138
9632 84 90
9632 84 91
9632 84 92
9632 84 93
9632 84 94
9632 84 95
9632 85 86
9632 85 87
9632 85 88
9632 85 89
9632 85 90
9632 85 91
9632 85 92
9632 85 93
9632 85 94
9632 86 87
9632 86 88
9632 86 89
9632 86 90
9632 86 91
9632 86 92
9632 86 93
9632 86 94
9632 87 88
9632 87 89
9632 87 90
9632 87 91
9632 87 92
9632 87 93
9632 88 89
9632 88 90
9933 127 128
9933 127 132
9933 127 133
9933 127 134
9933 127 135
9933 127 136
9933 127 137
9933 127 138
9933 127 139
9933 127 140
9933 127 141
9933 127 142
9933 127 143
9933 127 144
9933 127 145
9933 127 146
9933 127 147
9933 128 129
9933 128 130
9933 128 131
9933 128 132
9933 128 133
9933 128 134
9933 128 135
9933 128 136
9933 128 137
9933 128 138
9933 128 139
9933 128 140
9933 128 141
9933 128 142
10234 107 112
10234 107 113
10234 107 114
10234 107 115
10234 107 116
10234 107 117
10234 107 118
10234 107 119
10234 107 120
10234 107 121
10234 108 109
10234 108 110
10234 108 111
10234 108 112
10234 108 113
10234 108 114
10234 108 115
10234 108 116
10234 108 117
10234 108 118
10234 108 119
10234 108 120
10234 109 110
10234 109 111
10234 109 112
10234 109 113
10234 109 114
10234 109 115
10234 109 116
10234 109 117
10234 109 118
10535 50 60
10535 50 61
10535 50 62
10535 50 63
10535 50 64
10535 50 65
10535 50 66
10535 50 67
10535 50 68
10535 50 69
10535 50 70
10535 50 71
10535 50 72
10535 51 52
10535 51 58
10535 51 59
10535 51 60
10535 51 61
10535 51 62
10535 51 63
10535 51 64
10535 51 65
10535 51 66
10535 51 67
10535 51 68
10535 51 69
10535 51 70
10535 51 71
10535 51 72
10535 52 53
10535 52 56
10836 10 15
10836 10 16
10836 10 17
10836 10 18
10836 10 19
10836 11 12
10836 11 13
10836 11 14
10836 11 15
10836 11 16
10836 11 17
10836 11 18
10836 12 13
10836 12 14
10836 12 15
10836 12 16
10836 12 17
10836 12 18
10836 13 14
10836 13 15
10836 13 16
10836 13 17
10836 14 15
10836 14 16
10836 14 17
10836 15 16
10836 16 17
10836 17 18
10836 18 19
10836 19 20
10836 20 21
11137 99 118
11137 99 119
11137 99 120
11137 99 121
11137 99 122
11137 99 123
11137 100 101
11137 100 111
11137 100 112
11137 100 113
11137 100 114
11137 100 115
11137 100 116
11137 100 117
11137 100 118
11137 100 119
11137 100 120
11137 100 121
11137 100 122
11137 100 123
11137 101 102
11137 101 109
11137 101 110
11137 101 111
11137 101 112
11137 101 113
11137 101 114
11137 101 115
11137 101 116
11137 101 117
11137 101 118
11438 103 114
11438 103 115
11438 103 116
11438 103 117
11438 103 118
11438 103 119
11438 103 120
11438 103 121
11438 103 122
11438 104 105
11438 104 106
11438 104 107
11438 104 108
11438 104 109
11438 104 110
11438 104 111
11438 104 112
11438 104 113
11438 104 114
11438 104 115
11438 104 116
11438 104 117
11438 104 118
11438 104 119
11438 104 120
11438 104 121
11438 104 122
11438 105 106
11438 105 107
11438 105 108
11438 105 109
11739 183 188
11739 183 189
11739 183 190
11739 183 191
11739 183 192
11739 183 193
11739 183 194
11739 183 195
11739 183 196
11739 184 185
11739 184 186
11739 184 187
11739 184 188
11739 184 189
11739 184 190
11739 184 191
11739 184 192
11739 184 193
11739 184 194
11739 184 195
11739 185 186
11739 185 187
11739 185 188
11739 185 189
11739 185 190
11739 185 191
11739 185 192
11739 185 193
11739 185 194
11739 185 195
11739 186 187
12040 31 39
12040 31 40
12040 31 41
12040 31 42
12040 31 43
12040 31 44
12040 31 45
12040 31 46
12040 32 33
12040 32 34
12040 32 35
12040 32 36
12040 32 37
12040 32 38
12040 32 39
12040 32 40
12040 32 41
12040 32 42
12040 32 43
12040 32 44
12040 32 45
12040 33 34
12040 33 35
12040 33 36
12040 33 37
12040 33 38
12040 33 39
12040 33 40
12040 33 41
12040 33 42
12040 33 43
12341 167 168
12341 168 169
12341 169 170
12341 170 171
12341 171 172
12341 172 173
12341 173 174
12341 173 194
12341 173 195
12341 173 196
12341 173 197
12341 173 198
12341 174 175
12341 174 190
12341 174 191
12341 174 192
12341 174 193
12341 174 194
12341 174 195
12341 174 196
12341 174 197
12341 174 198
12341 175 176
12341 175 187
12341 175 188
12341 175 189
12341 175 190
12341 175 191
12341 175 192
12341 175 193
12341 175 194
12642 33 44
12642 33 45
12642 34 35
12642 34 36
12642 34 37
12642 34 38
12642 34 39
12642 34 40
12642 34 41
12642 34 42
12642 34 43
12642 34 44
12642 35 36
12642 35 37
12642 35 38
12642 35 39
12642 35 40
12642 35 41
12642 35 42
12642 35 43
12642 35 44
12642 36 37
12642 36 38
12642 36 39
12642 36 40
12642 36 41
12642 36 42
12642 36 43
12642 37 38
12642 37 39
12642 37 40
12943 179 187
12943 179 188
12943 179 189
12943 179 190
12943 179 191
12943 179 192
12943 179 193
12943 179 194
12943 179 195
12943 179 196
12943 179 197
12943 180 181
12943 180 182
12943 180 183
12943 180 184
12943 180 185
12943 180 186
12943 180 187
12943 180 188
12943 180 189
12943 180 190
12943 180 191
12943 180 192
12943 180 193
12943 180 194
12943 180 195
12943 180 196
12943 180 197
12943 181 182
12943 181 183
12943 181 184
13244 155 170
13244 155 171
13244 155 172
13244 156 157
13244 156 158
13244 156 159
13244 156 160
13244 156 161
13244 156 162
13244 156 163
13244 156 164
13244 156 165
13244 156 166
13244 156 167
13244 156 168
13244 156 169
13244 156 170
13244 156 171
13244 157 158
13244 157 159
13244 157 160
13244 157 161
13244 157 162
13244 157 163
13244 157 164
13244 157 165
13244 157 166
13244 157 167
13244 157 168
13244 157 169
13244 157 170
13545 55 66
13545 55 67
13545 55 68
13545 55 69
13545 55 70
13545 55 71
13545 56 57
13545 56 58
13545 56 59
13545 56 60
13545 56 61
13545 56 62
13545 56 63
13545 56 64
13545 56 65
13545 56 66
13545 56 67
13545 56 68
13545 56 69
13545 56 70
13545 56 71
13545 57 58
13545 57 59
13545 57 60
13545 57 61
13545 57 62
13545 57 63
13545 57 64
13545 57 65
13545 57 66
13545 57 67
13846 52 57
13846 52 58
13846 52 59
13846 52 60
13846 52 61
13846 52 62
13846 52 63
13846 52 64
13846 52 65
13846 52 66
13846 52 67
13846 52 68
13846 52 69
13846 52 70
13846 52 71
13846 52 72
13846 53 54
13846 53 55
13846 53 56
13846 53 57
13846 53 58
13846 53 59
13846 53 60
13846 53 61
13846 53 62
13846 53 63
13846 53 64
13846 53 65
13846 53 66
13846 53 67
13846 53 68
14147 57 68
14147 57 69
14147 57 70
14147 58 59
14147 58 60
14147 58 61
14147 58 62
14147 58 63
14147 58 64
14147 58 65
14147 58 66
14147 58 67
14147 58 68
14147 58 69
14147 58 70
14147 59 60
14147 59 61
14147 59 62
14147 59 63
14147 59 64
14147 59 65
14147 59 66
14147 59 67
14147 59 68
14147 59 69
14147 60 61
14147 60 62
14147 60 63
14147 60 64
14147 60 65
14147 60 66
14448 154 156
14448 154 157
14448 154 158
14448 154 159
14448 154 160
14448 154 161
14448 154 162
14448 154 163
14448 154 164
14448 154 165
14448 154 166
14448 154 167
14448 154 168
14448 154 169
14448 154 170
14448 154 171
14448 154 172
14448 155 156
14448 155 157
14448 155 158
14448 155 159
14448 155 160
14448 155 161
14448 155 162
14448 155 163
14448 155 164
14448 155 165
14448 155 166
14448 155 167
14448 155 168
14448 155 169
14749 80 81
14749 80 82
14749 80 83
14749 80 84
14749 80 85
14749 80 86
14749 80 87
14749 80 88
14749 80 89
14749 80 90
14749 80 91
14749 80 92
14749 80 93
14749 80 94
14749 80 95
14749 80 96
14749 81 82
14749 81 83
14749 81 84
14749 81 85
14749 81 86
14749 81 87
14749 81 88
14749 81 89
14749 81 90
14749 81 91
14749 81 92
14749 81 93
14749 81 94
14749 81 95
14749 81 96
15050 60 67
15050 60 68
15050 60 69
15050 61 62
15050 61 63
15050 61 64
15050 61 65
15050 61 66
15050 61 67
15050 61 68
15050 61 69
15050 62 63
15050 62 64
15050 62 65
15050 62 66
15050 62 67
15050 62 68
15050 63 64
15050 63 65
15050 63 66
15050 63 67
15050 63 68
15050 64 65
15050 64 66
15050 64 67
15050 65 66
15050 65 67
15050 66 67
15050 67 68
15050 68 69
15050 69 70
15351 132 140
15351 132 141
15351 132 142
15351 132 143
15351 132 144
15351 132 145
15351 132 146
15351 133 134
15351 133 135
15351 133 136
15351 133 137
15351 133 138
15351 133 139
15351 133 140
15351 133 141
15351 133 142
15351 133 143
15351 133 144
15351 133 145
15351 134 135
15351 134 136
15351 134 137
15351 134 138
15351 134 139
15351 134 140
15351 134 141
15351 134 142
15351 134 143
15351 134 144
15351 134 145
15351 135 136
15652 139 142
15652 139 143
15652 140 141
15652 140 142
15652 141 142
15652 142 143
15652 143 144
15652 144 145
15652 145 146
15652 146 147
15652 147 148
15652 148 149
15652 148 168
15652 148 169
15652 148 170
15652 148 171
15652 148 172
15652 148 173
15652 148 198
15652 149 150
15652 149 165
15652 149 166
15652 149 167
15652 149 168
15652 149 169
15652 149 170
15652 149 171
15652 149 172
15652 149 173
15652 150 151
15652 150 162
15953 3 15
15953 3 16
15953 3 17
15953 3 18
15953 3 19
15953 3 20
15953 3 21
15953 4 5
15953 4 6
15953 4 7
15953 4 8
15953 4 9
15953 4 10
15953 4 11
15953 4 12
15953 4 13
15953 4 14
15953 4 15
15953 4 16
15953 4 17
15953 4 18
15953 4 19
15953 4 20
15953 4 21
15953 5 6
15953 5 7
15953 5 8
15953 5 9
15953 5 10
15953 5 11
15953 5 12
16254 82 83
16254 82 84
16254 82 85
16254 82 86
16254 82 87
16254 82 88
16254 82 89
16254 82 90
16254 82 91
16254 82 92
16254 82 93
16254 82 94
16254 82 95
16254 82 96
16254 83 84
16254 83 85
16254 83 86
16254 83 87
16254 83 88
16254 83 89
16254 83 90
16254 83 91
16254 83 92
16254 83 93
16254 83 94
16254 83 95
16254 84 85
16254 84 86
16254 84 87
16254 84 88
16254 84 89
16555 101 119
16555 101 120
16555 101 121
16555 101 122
16555 102 103
16555 102 107
16555 102 108
16555 102 109
16555 102 110
16555 102 111
16555 102 112
16555 102 113
16555 102 114
16555 102 115
16555 102 116
16555 102 117
16555 102 118
16555 102 119
16555 102 120
16555 102 121
16555 102 122
16555 103 104
16555 103 105
16555 103 106
16555 103 107
16555 103 108
16555 103 109
16555 103 110
16555 103 111
16555 103 112
16555 103 113
16856 53 69
16856 53 70
16856 53 71
16856 53 72
16856 54 55
16856 54 56
16856 54 57
16856 54 58
16856 54 59
16856 54 60
16856 54 61
16856 54 62
16856 54 63
16856 54 64
16856 54 65
16856 54 66
16856 54 67
16856 54 68
16856 54 69
16856 54 70
16856 54 71
16856 55 56
16856 55 57
16856 55 58
16856 55 59
16856 55 60
16856 55 61
16856 55 62
16856 55 63
16856 55 64
16856 55 65
0 155 170
0 155 171
1.5 131 136
1.5 131 137
3.0 55 58
3.0 55 59
4.5 15 16
4.5 16 17
6.0 64 65
6.0 64 66
7.5 47 71
7.5 47 72
9.0 61 69
9.0 62 63
10.5 72 97
10.5 72 98
12.0 37 42
12.0 37 43
13.5 128 131
13.5 128 132
15.0 105 106
15.0 105 107
16.5 102 118
16.5 102 119
18.0 109 111
18.0 109 112
19.5 179 181
19.5 179 182
21.0 76 88
21.0 76 89
22.5 1 9
22.5 1 10
24.0 53 54
24.0 53 55
25.5 5 16
25.5 5 17
27.0 74 92
27.0 74 93
28.5 101 119
28.5 101 120
30.0 0 18
30.0 0 19
31.5 134 140
31.5 134 141
33.0 125 148
33.0 126 127
34.5 129 145
34.5 129 146
36.0 128 137
36.0 128 138
37.5 11 12
37.5 11 13
39.0 187 191
39.0 187 192
40.5 176 198
40.5 177 178
42.0 131 132
42.0 131 133
43.5 51 52
43.5 51 58
45.0 53 66
45.0 53 67
46.5 26 27
46.5 26 33
48.0 151 169
48.0 151 170
49.5 60 63
49.5 60 64
51.0 127 142
51.0 127 143
52.5 158 159
52.5 158 160
54.0 39 42
54.0 40 41
55.5 123 147
55.5 123 148
57.0 27 40
57.0 27 41
58.5 0 14
58.5 0 15
60.0 24 25
60.0 24 37
61.5 186 195
61.5 187 188
63.0 28 29
63.0 28 30
64.5 177 197
64.5 177 198
66.0 188 193
66.0 188 194
67.5 1 7
67.5 1 8
69.0 149 173
69.0 150 151
70.5 152 172
70.5 152 173
72.0 152 158
72.0 152 159
73.5 12 16
73.5 12 17
75.0 148 168
75.0 148 169
76.5 119 120
76.5 120 121
78.0 178 192
78.0 178 193
79.5 48 68
79.5 48 69
81.0 153 169
81.0 153 170
82.5 151 163
82.5 151 164
84.0 21 22
84.0 22 23
85.5 13 15
85.5 13 16
87.0 127 140
87.0 127 141
88.5 174 190
88.5 174 191
90.0 32 36
90.0 32 37
91.5 49 65
91.5 49 66
93.0 137 144
93.0 138 139
94.5 73 148
94.5 73 172
96.0 80 94
96.0 80 95
97.5 181 188
97.5 181 189
99.0 50 63
99.0 50 64
100.5 102 110
100.5 102 111
102.0 23 42
102.0 23 43
103.5 4 10
103.5 4 11
105.0 52 53
105.0 52 56
106.5 105 110
106.5 105 111
108.0 152 162
108.0 152 163
109.5 172 173
109.5 173 174
111.0 131 140
111.0 131 141
112.5 126 134
112.5 126 135
114.0 4 16
114.0 4 17
115.5 163 165
115.5 163 166
117.0 0 1
117.0 0 9
118.5 102 112
118.5 102 113
120.0 181 182
120.0 181 183
121.5 179 193
121.5 179 194
123.0 78 97
123.0 79 80
124.5 194 195
124.5 195 196
126.0 86 89
126.0 86 90
127.5 150 172
127.5 150 173
129.0 159 161
129.0 159 162
130.5 7 8
130.5 7 9
132.0 48 173
132.0 48 197
133.5 101 113
133.5 101 114
135.0 86 87
135.0 86 88
136.5 30 37
136.5 30 38
138.0 180 194
138.0 180 195
139.5 175 187
139.5 175 188
141.0 81 85
141.0 81 86
142.5 67 68
142.5 68 69
144.0 75 94
144.0 75 95
145.5 23 44
145.5 23 45
147.0 125 144
147.0 125 145
148.5 186 193
148.5 186 194
150.0 106 113
150.0 106 114
151.5 7 16
151.5 7 17
153.0 106 109
153.0 106 110
154.5 151 152
154.5 151 160
156.0 77 96
156.0 77 97
157.5 56 65
157.5 56 66
159.0 81 83
159.0 81 84
160.5 107 113
160.5 107 114
162.0 0 22
162.0 1 2
163.5 48 70
163.5 48 71
165.0 82 93
165.0 82 94
166.5 6 19
166.5 6 20
168.0 6 13
168.0 6 14
169.5 78 89
169.5 78 90
171.0 22 123
171.0 22 147
172.5 50 61
172.5 50 62
174.0 9 13
174.0 9 14
175.5 156 160
175.5 156 161
177.0 83 94
177.0 83 95
178.5 149 167
178.5 149 168
180.0 26 34
180.0 26 35
181.5 27 44
181.5 27 45
183.0 111 119
183.0 112 113
184.5 56 69
184.5 56 70
186.0 150 164
186.0 150 165
187.5 82 83
187.5 82 84
189.0 11 16
189.0 11 17
190.5 55 66
190.5 55 67
192.0 95 96
192.0 96 97
193.5 35 40
193.5 35 41
195.0 152 170
195.0 152 171
196.5 71 72
196.5 72 73
198.0 114 117
198.0 115 116
199.5 104 115
199.5 104 116
201.0 62 66
201.0 62 67
202.5 36 40
202.5 36 41
204.0 5 8
204.0 5 9
205.5 51 67
205.5 51 68
207.0 28 41
207.0 28 42
208.5 184 190
208.5 184 191
210.0 74 98
210.0 75 76
211.5 162 165
211.5 162 166
213.0 56 57
213.0 56 58
214.5 101 117
214.5 101 118
216.0 61 63
216.0 61 64
217.5 149 171
217.5 149 172
219.0 30 39
219.0 30 40
220.5 148 198
220.5 149 150
222.0 8 18
222.0 8 19
223.5 78 85
223.5 78 86
225.0 132 140
225.0 132 141
226.5 56 71
226.5 57 58
228.0 155 162
228.0 155 163
229.5 163 167
229.5 163 168
231.0 79 97
231.0 80 81
232.5 76 96
232.5 76 97
234.0 182 193
234.0 182 194
235.5 7 18
235.5 7 19
237.0 8 12
237.0 8 13
238.5 180 188
238.5 180 189
240.0 127 146
240.0 127 147
241.5 97 98
241.5 98 99
243.0 154 165
243.0 154 166
244.5 104 117
244.5 104 118
246.0 24 40
246.0 24 41
247.5 51 69
247.5 51 70
249.0 190 191
249.0 190 192
250.5 52 57
250.5 52 58
252.0 182 195
252.0 182 196
253.5 10 18
253.5 10 19
255.0 6 11
255.0 6 12
256.5 3 19
256.5 3 20
258.0 39 40
258.0 39 41
259.5 182 183
259.5 182 184
261.0 81 87
261.0 81 88
262.5 8 20
262.5 9 10
264.0 6 17
264.0 6 18
265.5 61 67
265.5 61 68
267.0 81 89
267.0 81 90
268.5 124 146
268.5 124 147
270.0 132 144
270.0 132 145
271.5 108 116
271.5 108 117
273.0 24 44
273.0 24 45
274.5 115 117
274.5 116 117
276.0 77 84
276.0 77 85
277.5 130 140
277.5 130 141
279.0 19 20
279.0 20 21
280.5 183 192
280.5 183 193
282.0 53 68
282.0 53 69
283.5 60 67
283.5 60 68
285.0 22 98
285.0 22 122
286.5 114 115
286.5 114 116
288.0 76 92
288.0 76 93
289.5 113 117
289.5 113 118
291.0 50 67
291.0 50 68
292.5 152 168
292.5 152 169
294.0 178 190
294.0 178 191
295.5 176 177
295.5 176 185
297.0 178 198
297.0 179 180
298.5 125 142
298.5 125 143
300.0 109 117
300.0 109 118
301.5 99 100
301.5 99 114
303.0 31 40
303.0 31 41
304.5 54 60
304.5 54 61
306.0 198 199
307.5 53 70
307.5 53 71
309.0 125 136
309.0 125 137
310.5 153 157
310.5 153 158
312.0 168 169
312.0 169 170
313.5 176 196
313.5 176 197
315.0 85 93
315.0 85 94
316.5 126 146
316.5 126 147
318.0 1 15
318.0 1 16
319.5 55 70
319.5 55 71
321.0 63 67
321.0 63 68
322.5 152 164
322.5 152 165
324.0 72 122
324.0 72 123
325.5 76 86
325.5 76 87
327.0 135 138
327.0 135 139
328.5 50 71
328.5 50 72
330.0 183 194
330.0 183 195
331.5 75 86
331.5 75 87
333.0 154 161
333.0 154 162
334.5 7 14
334.5 7 15
336.0 196 197
336.0 197 198
337.5 110 115
337.5 110 116
339.0 31 32
339.0 31 33
340.5 11 14
340.5 11 15
342.0 100 117
342.0 100 118
343.5 73 98
343.5 73 123
345.0 88 93
345.0 89 90
346.5 53 72
346.5 54 55
348.0 161 168
348.0 161 169
349.5 103 117
349.5 103 118
351.0 8 16
351.0 8 17
352.5 32 38
352.5 32 39
354.0 58 67
354.0 58 68
355.5 178 179
355.5 178 181
357.0 62 68
357.0 63 64
358.5 187 189
358.5 187 190
360.0 103 113
360.0 103 114
361.5 177 185
361.5 177 186
363.0 86 91
363.0 86 92
364.5 106 119
364.5 106 120
366.0 182 191
366.0 182 192
367.5 128 135
367.5 128 136
369.0 157 170
369.0 157 171
370.5 23 172
370.5 23 173
372.0 27 32
372.0 27 33
373.5 52 61
373.5 52 62
375.0 102 114
375.0 102 115
376.5 1 19
376.5 1 20
378.0 31 42
378.0 31 43
379.5 107 121
379.5 108 109
381.0 32 40
381.0 32 41
382.5 101 109
382.5 101 110
384.0 82 85
384.0 82 86
385.5 185 186
385.5 185 187
387.0 57 65
387.0 57 66
388.5 78 95
388.5 78 96
390.0 127 132
390.0 127 133
391.5 76 77
391.5 76 83
393.0 5 18
393.0 5 19
394.5 176 190
394.5 176 191
396.0 23 40
396.0 23 41
397.5 32 44
397.5 32 45
399.0 27 42
399.0 27 43
400.5 105 108
400.5 105 109
402.0 159 167
402.0 159 168
403.5 143 144
403.5 144 145
405.0 157 160
405.0 157 161
406.5 178 188
406.5 178 189
408.0 52 67
408.0 52 68
409.5 160 163
409.5 160 164
411.0 125 146
411.0 125 147
412.5 102 122
412.5 103 104
414.0 85 91
414.0 85 92
415.5 132 138
415.5 132 139
417.0 55 56
417.0 55 57
418.5 31 36
418.5 31 37
420.0 159 165
420.0 159 166
421.5 174 196
421.5 174 197
423.0 24 38
423.0 24 39
424.5 189 192
424.5 189 193
426.0 36 38
426.0 36 39
427.5 160 167
427.5 160 168
429.0 130 134
429.0 130 135
430.5 107 119
430.5 107 120
432.0 31 44
432.0 31 45
433.5 153 165
433.5 153 166
435.0 28 33
435.0 28 34
436.5 109 113
436.5 109 114
438.0 150 170
438.0 150 171
439.5 30 33
439.5 30 34
441.0 99 123
441.0 100 101
442.5 184 194
442.5 184 195
444.0 32 42
444.0 32 43
445.5 130 142
445.5 130 143
447.0 80 88
447.0 80 89
448.5 79 85
448.5 79 86
450.0 101 115
450.0 101 116
451.5 129 131
451.5 129 132
453.0 183 190
453.0 183 191
454.5 1 11
454.5 1 12
456.0 175 197
456.0 175 198
457.5 45 46
457.5 46 47
459.0 174 194
459.0 174 195
460.5 180 190
460.5 180 191
462.0 62 64
462.0 62 65
463.5 153 159
463.5 153 160
465.0 134 142
465.0 134 143
466.5 133 137
466.5 133 138
468.0 27 38
468.0 27 39
469.5 2 22
469.5 3 4
471.0 110 111
471.0 110 112
472.5 108 110
472.5 108 111
474.0 134 136
474.0 134 137
475.5 35 44
475.5 36 37
477.0 38 39
477.0 38 40
478.5 124 125
478.5 124 139
480.0 59 62
480.0 59 63
481.5 124 142
481.5 124 143
483.0 137 140
483.0 137 141
484.5 34 41
484.5 34 42
486.0 61 65
486.0 61 66
487.5 22 44
487.5 22 45
489.0 10 14
489.0 10 15
490.5 30 35
490.5 30 36
492.0 152 160
492.0 152 161
493.5 76 84
493.5 76 85
495.0 104 121
495.0 104 122
496.5 176 192
496.5 176 193
498.0 84 95
498.0 85 86
499.5 113 115
499.5 113 116
501.0 93 94
501.0 94 95
502.5 79 89
502.5 79 90
504.0 127 138
504.0 127 139
505.5 173 196
505.5 173 197
507.0 51 59
507.0 51 60
508.5 161 162
508.5 161 163
510.0 186 187
510.0 186 188
511.5 103 109
511.5 103 110
513.0 31 34
513.0 31 35
514.5 134 138
514.5 134 139
516.0 60 61
516.0 60 62
517.5 103 107
517.5 103 108
519.0 154 163
519.0 154 164
520.5 157 164
520.5 157 165
522.0 127 134
522.0 127 135
523.5 25 26
523.5 25 35
525.0 23 97
525.0 23 98
526.5 158 171
526.5 159 160
528.0 102 116
528.0 102 117
529.5 131 144
529.5 131 145
531.0 34 35
531.0 34 36
532.5 170 171
532.5 171 172
534.0 123 145
534.0 123 146
535.5 99 121
535.5 99 122
537.0 103 121
537.0 103 122
538.5 148 170
538.5 148 171
540.0 48 66
540.0 48 67
541.5 54 70
541.5 54 71
543.0 47 48
543.0 47 70
544.5 78 93
544.5 78 94
546.0 124 144
546.0 124 145
547.5 161 164
547.5 161 165
549.0 99 117
549.0 99 118
550.5 162 169
550.5 163 164
552.0 132 136
552.0 132 137
553.5 87 88
553.5 87 89
555.0 29 41
555.0 29 42
556.5 47 172
556.5 47 173
558.0 139 142
558.0 139 143
559.5 185 194
559.5 185 195
561.0 80 86
561.0 80 87
562.5 105 114
562.5 105 115
564.0 84 87
564.0 84 88
565.5 156 168
565.5 156 169
567.0 30 31
567.0 30 32
568.5 177 189
568.5 177 190
570.0 156 162
570.0 156 163
571.5 48 98
571.5 48 122
573.0 131 138
573.0 131 139
574.5 27 34
574.5 27 35
576.0 63 65
576.0 63 66
577.5 33 34
577.5 33 35
579.0 173 198
579.0 174 175
580.5 102 120
580.5 102 121
582.0 50 51
582.0 50 60
583.5 79 95
583.5 79 96
585.0 153 171
585.0 153 172
586.5 34 43
586.5 34 44
588.0 160 165
588.0 160 166
589.5 56 61
589.5 56 62
591.0 91 92
591.0 92 93
592.5 48 72
592.5 48 97
594.0 56 63
594.0 56 64
595.5 178 184
595.5 178 185
597.0 136 141
597.0 136 142
598.5 157 166
598.5 157 167
600.0 104 105
600.0 104 106
601.5 129 133
601.5 129 134
603.0 57 61
603.0 57 62
604.5 74 96
604.5 74 97
606.0 60 69
606.0 61 62
607.5 153 163
607.5 153 164
609.0 178 182
609.0 178 183
610.5 128 143
610.5 128 144
612.0 43 44
612.0 44 45
613.5 158 167
613.5 158 168
615.0 178 196
615.0 178 197
616.5 73 92
616.5 73 93
618.0 181 192
618.0 181 193
619.5 133 135
619.5 133 136
621.0 136 143
621.0 136 144
622.5 100 111
622.5 100 112
624.0 153 167
624.0 153 168
625.5 106 117
625.5 106 118
627.0 105 116
627.0 105 117
628.5 82 89
628.5 82 90
630.0 47 147
630.0 47 148
631.5 69 70
631.5 70 71
633.0 52 63
633.0 52 64
634.5 30 45
634.5 30 46
636.0 54 58
636.0 54 59
637.5 180 192
637.5 180 193
639.0 26 42
639.0 26 43
640.5 47 97
640.5 47 98
642.0 154 171
642.0 154 172
643.5 22 72
643.5 22 97
645.0 183 188
645.0 183 189
646.5 59 66
646.5 59 67
648.0 177 195
648.0 177 196
649.5 126 136
649.5 126 137
651.0 52 65
651.0 52 66
652.5 176 194
652.5 176 195
654.0 186 191
654.0 186 192
655.5 22 46
655.5 22 47
657.0 6 15
657.0 6 16
658.5 151 167
658.5 151 168
660.0 29 43
660.0 29 44
661.5 156 166
661.5 156 167
663.0 33 38
663.0 33 39
664.5 25 42
664.5 25 43
666.0 102 103
666.0 102 107
667.5 129 141
667.5 129 142
669.0 176 188
669.0 176 189
670.5 106 121
670.5 107 108
672.0 123 173
672.0 123 198
673.5 181 194
673.5 181 195
675.0 128 145
675.0 128 146
676.5 110 119
676.5 111 112
678.0 29 39
678.0 29 40
679.5 34 37
679.5 34 38
681.0 28 47
681.0 29 30
682.5 87 92
682.5 87 93
684.0 36 42
684.0 36 43
685.5 181 186
685.5 181 187
687.0 106 111
687.0 106 112
688.5 157 162
688.5 157 163
690.0 25 40
690.0 25 41
691.5 100 123
691.5 101 102
693.0 22 173
693.0 22 197
694.5 47 197
694.5 47 198
696.0 177 193
696.0 177 194
697.5 58 61
697.5 58 62
699.0 73 94
699.0 73 95
700.5 12 14
700.5 12 15
702.0 190 193
702.0 191 192
703.5 28 31
703.5 28 32
705.0 81 95
705.0 81 96
706.5 30 41
706.5 30 42
708.0 34 39
708.0 34 40
709.5 132 146
709.5 133 134
711.0 24 46
711.0 24 47
712.5 129 143
712.5 129 144
714.0 58 69
714.0 58 70
715.5 155 160
715.5 155 161
717.0 55 62
717.0 55 63
718.5 47 122
718.5 47 123
720.0 56 67
720.0 56 68
721.5 29 35
721.5 29 36
723.0 133 143
723.0 133 144
724.5 6 9
724.5 6 10
726.0 52 71
726.0 52 72
727.5 4 18
727.5 4 19
729.0 24 42
729.0 24 43
730.5 181 190
730.5 181 191
732.0 98 123
732.0 98 148
733.5 86 93
733.5 86 94
735.0 155 164
735.0 155 165
736.5 133 145
736.5 134 135
738.0 1 21
738.0 1 22
739.5 103 105
739.5 103 106
741.0 182 189
741.0 182 190
742.5 78 87
742.5 78 88
744.0 145 146
744.0 146 147
745.5 177 191
745.5 177 192
747.0 130 136
747.0 130 137
748.5 29 31
748.5 29 32
750.0 158 169
750.0 158 170
751.5 9 15
751.5 9 16
753.0 157 168
753.0 157 169
754.5 26 44
754.5 26 45
756.0 130 144
756.0 130 145
757.5 180 186
757.5 180 187
759.0 5 14
759.0 5 15
760.5 23 197
760.5 23 198
762.0 129 137
762.0 129 138
763.5 82 95
763.5 82 96
765.0 127 136
765.0 127 137
766.5 29 45
766.5 29 46
768.0 75 96
768.0 75 97
769.5 10 12
769.5 10 13
771.0 87 90
771.0 87 91
772.5 73 173
772.5 73 197
774.0 108 112
774.0 108 113
775.5 166 167
775.5 167 168
777.0 60 65
777.0 60 66
778.5 123 124
778.5 123 142
780.0 112 116
780.0 112 117
781.5 192 193
781.5 193 194
783.0 159 169
783.0 159 170
784.5 125 140
784.5 125 141
786.0 128 133
786.0 128 134
787.5 49 63
787.5 49 64
789.0 76 90
789.0 76 91
790.5 2 20
790.5 2 21
792.0 110 113
792.0 110 114
793.5 104 119
793.5 104 120
795.0 75 88
795.0 75 89
796.5 25 46
796.5 25 47
798.0 186 189
798.0 186 190
799.5 151 173
799.5 152 153
801.0 54 64
801.0 54 65
802.5 164 165
802.5 164 166
804.0 162 167
804.0 162 168
805.5 22 198
805.5 23 24
807.0 151 165
807.0 151 166
808.5 104 107
808.5 104 108
810.0 123 143
810.0 123 144
811.5 0 16
811.5 0 17
813.0 75 90
813.0 75 91
814.5 106 107
814.5 106 108
816.0 33 36
816.0 33 37
817.5 106 115
817.5 106 116
819.0 10 16
819.0 10 17
820.5 48 49
820.5 48 65
822.0 109 115
822.0 109 116
823.5 48 198
823.5 49 50
825.0 155 158
825.0 155 159
826.5 185 192
826.5 185 193
828.0 53 64
828.0 53 65
829.5 81 91
829.5 81 92
831.0 108 114
831.0 108 115
832.5 84 89
832.5 84 90
834.0 26 36
834.0 26 37
835.5 58 63
835.5 58 64
837.0 124 140
837.0 124 141
838.5 72 197
838.5 72 198
840.0 178 194
840.0 178 195
841.5 55 64
841.5 55 65
843.0 126 142
843.0 126 143
844.5 4 6
844.5 4 7
846.0 14 16
846.0 14 17
847.5 17 18
847.5 18 19
849.0 104 109
849.0 104 110
850.5 3 17
850.5 3 18
852.0 152 166
852.0 152 167
853.5 154 155
853.5 154 156
855.0 50 65
855.0 50 66
856.5 149 165
856.5 149 166
858.0 33 42
858.0 33 43
859.5 77 78
859.5 77 81
861.0 178 186
861.0 178 187
862.5 56 59
862.5 56 60
864.0 73 74
864.0 73 91
865.5 57 67
865.5 57 68
867.0 188 189
867.0 188 190
868.5 89 91
868.5 89 92
870.0 2 10
870.0 2 11
871.5 187 193
871.5 187 194
873.0 99 119
873.0 99 120
874.5 183 184
874.5 183 185
876.0 33 44
876.0 33 45
877.5 177 183
877.5 177 184
879.0 103 115
879.0 103 116
880.5 175 191
880.5 175 192
882.0 54 56
882.0 54 57
883.5 130 146
883.5 130 147
885.0 79 81
885.0 79 82
886.5 65 67
886.5 66 67
888.0 151 171
888.0 151 172
889.5 155 156
889.5 155 157
891.0 155 166
891.0 155 167
892.5 83 86
892.5 83 87
894.0 59 68
894.0 59 69
895.5 79 93
895.5 79 94
897.0 154 169
897.0 154 170
898.5 6 7
898.5 6 8
900.0 76 94
900.0 76 95
901.5 79 87
901.5 79 88
903.0 83 90
903.0 83 91
904.5 83 88
904.5 83 89
906.0 48 123
906.0 48 147
907.5 55 60
907.5 55 61
909.0 184 192
909.0 184 193
910.5 9 17
910.5 9 18
912.0 100 119
912.0 100 120
913.5 80 90
913.5 80 91
915.0 58 65
915.0 58 66
916.5 77 86
916.5 77 87
918.0 25 44
918.0 25 45
919.5 158 161
919.5 158 162
921.0 49 69
921.0 49 70
922.5 23 147
922.5 23 148
924.0 180 196
924.0 180 197
925.5 83 84
925.5 83 85
927.0 3 7
927.0 3 8
928.5 57 59
928.5 57 60
930.0 164 167
930.0 164 168
931.5 135 142
931.5 135 143
933.0 5 6
933.0 5 7
934.5 100 113
934.5 100 114
936.0 79 91
936.0 79 92
937.5 78 81
937.5 78 82
939.0 51 61
939.0 51 62
940.5 7 12
940.5 7 13
942.0 132 134
942.0 132 135
943.5 135 144
943.5 135 145
945.0 82 91
945.0 82 92
946.5 183 196
946.5 184 185
948.0 107 115
948.0 107 116
949.5 140 141
949.5 140 142
951.0 37 40
951.0 37 41
952.5 80 82
952.5 80 83
954.0 28 35
954.0 28 36
955.5 1 17
955.5 1 18
957.0 101 111
957.0 101 112
958.5 147 148
958.5 148 149
960.0 3 11
960.0 3 12
961.5 129 139
961.5 129 140
963.0 13 17
963.0 14 15
964.5 26 40
964.5 26 41
966.0 3 5
966.0 3 6
967.5 4 8
967.5 4 9
969.0 112 114
969.0 112 115
970.5 126 138
970.5 126 139
972.0 31 46
972.0 32 33
973.5 48 148
973.5 48 172
975.0 156 164
975.0 156 165
976.5 104 113
976.5 104 114
978.0 158 163
978.0 158 164
979.5 131 142
979.5 131 143
981.0 98 119
981.0 98 120
982.5 0 10
982.5 0 11
984.0 35 38
984.0 35 39
985.5 49 71
985.5 49 72
987.0 137 138
987.0 137 139
988.5 156 170
988.5 156 171
990.0 179 195
990.0 179 196
991.5 127 144
991.5 127 145
993.0 82 87
993.0 82 88
994.5 52 69
994.5 52 70
996.0 179 183
996.0 179 184
997.5 174 198
997.5 175 176
999.0 153 161
999.0 153 162
1000.5 27 28
1000.5 27 31
1002.0 181 184
1002.0 181 185
1003.5 28 39
1003.5 28 40
1005.0 128 139
1005.0 128 140
1006.5 103 119
1006.5 103 120
1008.0 2 6
1008.0 2 7
1009.5 2 8
1009.5 2 9
1011.0 157 158
1011.0 157 159
1012.5 23 122
1012.5 23 123
1014.0 98 173
1014.0 98 198
1015.5 55 68
1015.5 55 69
1017.0 103 111
1017.0 103 112
1018.5 175 193
1018.5 175 194
1020.0 26 38
1020.0 26 39
1021.5 35 36
1021.5 35 37
1023.0 85 89
1023.0 85 90
1024.5 131 146
1024.5 132 133
1026.0 5 20
1026.0 5 21
1027.5 11 18
1027.5 12 13
1029.0 111 117
1029.0 111 118
1030.5 84 91
1030.5 84 92
1032.0 8 10
1032.0 8 11
1033.5 105 118
1033.5 105 119
1035.0 179 189
1035.0 179 190
1036.5 51 63
1036.5 51 64
1038.0 9 11
1038.0 9 12
1039.5 128 129
1039.5 128 130
1041.0 98 117
1041.0 98 118
1042.5 108 118
1042.5 108 119
1044.0 130 138
1044.0 130 139
1045.5 133 141
1045.5 133 142
1047.0 38 41
1047.0 38 42
1048.5 107 109
1048.5 107 110
1050.0 74 88
1050.0 74 89
1051.5 53 62
1051.5 53 63
1053.0 182 187
1053.0 182 188
1054.5 3 15
1054.5 3 16
1056.0 185 190
1056.0 185 191
1057.5 53 60
1057.5 53 61
1059.0 102 108
1059.0 102 109
1060.5 85 87
1060.5 85 88
1062.0 58 59
1062.0 58 60
1063.5 126 144
1063.5 126 145
1065.0 78 79
1065.0 78 80
1066.5 25 36
1066.5 25 37
1068.0 74 94
1068.0 74 95
1069.5 59 64
1069.5 59 65
1071.0 78 83
1071.0 78 84
1072.5 26 46
1072.5 26 47
1074.0 74 90
1074.0 74 91
1075.5 81 93
1075.5 81 94
1077.0 84 93
1077.0 84 94
1078.5 28 43
1078.5 28 44
1080.0 132 142
1080.0 132 143
1081.5 188 191
1081.5 188 192
1083.0 1 13
1083.0 1 14
1084.5 100 121
1084.5 100 122
1086.0 50 69
1086.0 50 70
1087.5 107 117
1087.5 107 118
1089.0 4 12
1089.0 4 13
1090.5 73 198
1090.5 74 75
1092.0 28 37
1092.0 28 38
1093.5 88 89
1093.5 88 90
1095.0 154 157
1095.0 154 158
1096.5 107 111
1096.5 107 112
1098.0 137 142
1098.0 137 143
1099.5 84 85
1099.5 84 86
1101.0 57 63
1101.0 57 64
1102.5 133 139
1102.5 133 140
1104.0 126 148
1104.0 127 128
1105.5 179 187
1105.5 179 188
1107.0 77 90
1107.0 77 91
1108.5 4 20
1108.5 4 21
1110.0 25 38
1110.0 25 39
1111.5 73 96
1111.5 73 97
1113.0 54 62
1113.0 54 63
1114.5 22 148
1114.5 22 172
1116.0 23 46
1116.0 23 47
1117.5 90 91
1117.5 90 92
1119.0 159 163
1119.0 159 164
1120.5 180 182
1120.5 180 183
1122.0 150 166
1122.0 150 167
1123.5 150 168
1123.5 150 169
1125.0 162 163
1125.0 162 164
1126.5 80 96
1126.5 81 82
1128.0 148 172
1128.0 148 173
1129.5 141 142
1129.5 142 143
1131.0 3 13
1131.0 3 14
1132.5 29 37
1132.5 29 38
1134.0 124 148
1134.0 125 126
1135.5 3 21
1135.5 4 5
1137.0 155 168
1137.0 155 169
1138.5 105 112
1138.5 105 113
1140.0 99 115
1140.0 99 116
1141.5 28 45
1141.5 28 46
1143.0 173 194
1143.0 173 195
1144.5 52 59
1144.5 52 60
1146.0 149 169
1146.0 149 170
1147.5 175 195
1147.5 175 196
1149.0 5 10
1149.0 5 11
1150.5 156 158
1150.5 156 159
1152.0 131 134
1152.0 131 135
1153.5 35 42
1153.5 35 43
1155.0 2 16
1155.0 2 17
1156.5 158 165
1156.5 158 166
1158.0 59 60
1158.0 59 61
1159.5 135 136
1159.5 135 137
1161.0 130 132
1161.0 130 133
1162.5 179 191
1162.5 179 192
1164.0 4 14
1164.0 4 15
1165.5 126 140
1165.5 126 141
1167.0 179 197
1167.0 180 181
1168.5 7 10
1168.5 7 11
1170.0 3 9
1170.0 3 10
1171.5 88 91
1171.5 88 92
1173.0 179 185
1173.0 179 186
1174.5 128 147
1174.5 129 130
1176.0 112 118
1176.0 113 114
1177.5 181 196
1177.5 181 197
1179.0 111 113
1179.0 111 114
1180.5 125 138
1180.5 125 139
1182.0 177 187
1182.0 177 188
1183.5 154 159
1183.5 154 160
1185.0 150 162
1185.0 150 163
1186.5 128 141
1186.5 128 142
1188.0 151 161
1188.0 151 162
1189.5 57 69
1189.5 57 70
1191.0 100 115
1191.0 100 116
1192.5 12 18
1192.5 13 14
1194.0 136 139
1194.0 136 140
1195.5 160 169
1195.5 160 170
1197.0 41 42
1197.0 42 43
1198.5 111 115
1198.5 111 116
1200.0 53 56
1200.0 53 57
1201.5 77 94
1201.5 77 95
1203.0 54 66
1203.0 54 67
1204.5 30 43
1204.5 30 44
1206.0 155 172
1206.0 156 157
1207.5 33 40
1207.5 33 41
1209.0 135 140
1209.0 135 141
1210.5 138 142
1210.5 138 143
1212.0 79 83
1212.0 79 84
1213.5 53 58
1213.5 53 59
1215.0 75 92
1215.0 75 93
1216.5 117 118
1216.5 118 119
1218.0 8 14
1218.0 8 15
1219.5 189 190
1219.5 189 191
1221.0 2 14
1221.0 2 15
1222.5 0 12
1222.5 0 13
1224.0 154 167
1224.0 154 168
1225.5 54 68
1225.5 54 69
1227.0 139 140
1227.0 139 141
1228.5 7 20
1228.5 8 9
1230.0 77 88
1230.0 77 89
1231.5 185 188
1231.5 185 189
1233.0 108 120
1233.0 109 110
1234.5 0 20
1234.5 0 21
1236.0 80 92
1236.0 80 93
1237.5 49 67
1237.5 49 68
1239.0 78 91
1239.0 78 92
1240.5 98 121
1240.5 98 122
1242.0 101 121
1242.0 101 122
1243.5 183 186
1243.5 183 187
1245.0 174 192
1245.0 174 193
1246.5 161 166
1246.5 161 167
1248.0 51 71
1248.0 51 72
1249.5 134 144
1249.5 134 145
1251.0 80 84
1251.0 80 85
1252.5 31 38
1252.5 31 39
1254.0 182 185
1254.0 182 186
1255.5 9 19
1255.5 10 11
1257.0 51 65
1257.0 51 66
1258.5 72 172
1258.5 72 173
1260.0 176 186
1260.0 176 187
1261.5 2 3
1261.5 2 5
1263.0 121 122
1263.0 122 123
1264.5 136 137
1264.5 136 138
1266.0 160 161
1266.0 160 162
1267.5 104 111
1267.5 104 112
1269.0 27 36
1269.0 27 37
1270.5 2 18
1270.5 2 19
1272.0 153 154
1272.0 153 156
1273.5 27 46
1273.5 27 47
1275.0 175 189
1275.0 175 190
1276.5 180 184
1276.5 180 185
1278.0 2 12
1278.0 2 13
1279.5 77 92
1279.5 77 93
1281.0 129 147
1281.0 130 131
1282.5 37 38
1282.5 37 39
1284.0 129 135
1284.0 129 136
1285.5 165 166
1285.5 165 167
1287.0 5 12
1287.0 5 13
1288.5 110 117
1288.5 110 118
1290.0 77 82
1290.0 77 83
1291.5 64 67
1291.5 65 66
1293.0 138 140
1293.0 138 141
1294.5 109 119
1294.5 109 120
1296.0 105 120
1296.0 105 121
1297.5 32 34
1297.5 32 35
1299.0 83 92
1299.0 83 93
1300.5 184 186
1300.5 184 187
1302.0 72 147
1302.0 72 148
1303.5 29 33
1303.5 29 34
1305.0 184 188
1305.0 184 189
