0 139 156
0 140 141
1.5 13 29
1.5 13 30
3.0 167 176
3.0 167 177
4.5 62 69
4.5 62 70
6.0 91 99
6.0 91 100
7.5 45 46
7.5 45 47
9.0 63 67
9.0 63 68
10.5 38 49
10.5 38 50
12.0 60 71
12.0 60 72
13.5 58 81
13.5 58 82
15.0 169 173
15.0 169 174
16.5 139 154
16.5 139 155
18.0 167 174
18.0 167 175
19.5 39 52
19.5 39 53
21.0 96 100
21.0 96 101
22.5 101 102
22.5 102 103
24.0 40 49
24.0 40 50
25.5 143 150
25.5 143 151
27.0 31 131
27.0 31 132
28.5 124 125
28.5 124 126
30.0 83 101
30.0 83 102
31.5 185 199
31.5 186 187
33.0 33 53
33.0 33 54
34.5 11 16
34.5 11 17
36.0 136 144
36.0 136 145
37.5 41 47
37.5 41 48
39.0 147 152
39.0 148 149
40.5 40 45
40.5 40 46
42.0 142 152
42.0 142 153
43.5 9 10
43.5 9 19
45.0 37 39
45.0 37 40
46.5 43 52
46.5 43 53
48.0 87 98
48.0 87 99
49.5 43 54
49.5 44 45
51.0 161 167
51.0 161 168
52.5 12 15
52.5 12 16
54.0 44 52
54.0 44 53
55.5 195 197
55.5 195 198
57.0 67 74
57.0 67 75
58.5 91 95
58.5 91 96
60.0 95 99
60.0 95 100
61.5 112 126
61.5 112 127
63.0 34 44
63.0 34 45
64.5 35 48
64.5 35 49
66.0 120 121
66.0 120 122
67.5 117 130
67.5 118 119
69.0 37 47
69.0 37 48
70.5 114 123
70.5 114 124
72.0 82 157
72.0 82 182
73.5 88 104
73.5 88 105
75.0 32 57
75.0 32 81
76.5 16 18
76.5 16 19
78.0 91 97
78.0 91 98
79.5 162 170
79.5 162 171
81.0 86 99
81.0 86 100
82.5 110 124
82.5 110 125
84.0 112 118
84.0 112 119
85.5 169 177
85.5 169 178
87.0 11 20
87.0 11 21
88.5 65 71
88.5 65 72
90.0 164 180
90.0 164 181
91.5 93 95
91.5 93 96
93.0 59 71
93.0 59 72
94.5 47 48
94.5 47 49
96.0 116 129
96.0 116 130
97.5 143 144
97.5 143 145
99.0 6 81
99.0 6 82
100.5 31 56
100.5 31 57
102.0 136 148
102.0 136 149
103.5 190 199
103.5 191 192
105.0 145 147
105.0 145 148
106.5 135 155
106.5 135 156
108.0 48 50
108.0 48 51
109.5 179 180
109.5 180 181
111.0 97 102
111.0 98 99
112.5 92 98
112.5 92 99
114.0 134 146
114.0 134 147
115.5 112 114
115.5 112 115
117.0 166 179
117.0 166 180
118.5 70 77
118.5 70 78
120.0 10 11
120.0 10 17
121.5 114 117
121.5 114 118
123.0 117 120
123.0 117 121
124.5 68 71
124.5 68 72
126.0 158 179
126.0 158 180
127.5 89 95
127.5 89 96
129.0 72 75
129.0 72 76
130.5 167 170
130.5 167 171
132.0 57 81
132.0 57 82
133.5 38 41
133.5 38 42
135.0 64 68
135.0 64 69
136.5 9 26
136.5 9 27
138.0 59 75
138.0 59 76
139.5 113 118
139.5 113 119
141.0 139 140
141.0 139 141
142.5 63 65
142.5 63 66
144.0 68 77
144.0 68 78
145.5 183 184
145.5 184 185
147.0 98 102
147.0 99 100
148.5 185 197
148.5 185 198
150.0 68 73
150.0 68 74
151.5 13 21
151.5 13 22
153.0 60 79
153.0 60 80
154.5 19 24
154.5 19 25
156.0 90 91
156.0 90 92
157.5 186 199
157.5 187 188
159.0 33 49
159.0 33 50
160.5 40 47
160.5 40 48
162.0 17 20
162.0 17 21
163.5 87 92
163.5 87 93
165.0 133 155
165.0 133 156
166.5 162 176
166.5 162 177
168.0 114 121
168.0 114 122
169.5 109 124
169.5 109 125
171.0 159 160
171.0 159 172
172.5 36 50
172.5 36 51
174.0 37 51
174.0 37 52
175.5 39 50
175.5 39 51
177.0 163 173
177.0 163 174
178.5 65 73
178.5 65 74
180.0 187 191
180.0 187 192
181.5 163 177
181.5 163 178
183.0 165 166
183.0 165 167
184.5 186 193
184.5 186 194
186.0 160 170
186.0 160 171
187.5 7 81
187.5 7 82
189.0 90 101
189.0 90 102
190.5 118 120
190.5 118 121
192.0 57 157
192.0 57 182
193.5 133 151
193.5 133 152
195.0 86 101
195.0 86 102
196.5 140 156
196.5 141 142
198.0 159 175
198.0 159 176
199.5 168 176
199.5 168 177
201.0 166 169
201.0 166 170
202.5 62 63
202.5 62 64
204.0 125 126
204.0 126 127
205.5 88 106
205.5 89 90
207.0 139 142
207.0 139 143
208.5 40 43
208.5 40 44
210.0 17 24
210.0 17 25
211.5 118 122
211.5 118 123
213.0 12 25
213.0 12 26
214.5 89 97
214.5 89 98
216.0 86 95
216.0 86 96
217.5 116 119
217.5 116 120
219.0 165 174
219.0 165 175
220.5 114 129
220.5 114 130
222.0 137 155
222.0 137 156
223.5 136 156
223.5 136 157
225.0 142 144
225.0 142 145
226.5 33 57
226.5 34 35
228.0 85 107
228.0 86 87
229.5 143 146
229.5 143 147
231.0 23 26
231.0 24 25
232.5 64 66
232.5 64 67
234.0 35 46
234.0 35 47
235.5 90 105
235.5 91 92
237.0 133 153
237.0 133 154
238.5 135 149
238.5 135 150
240.0 172 178
240.0 173 174
241.5 38 39
241.5 38 40
243.0 62 71
243.0 62 72
244.5 120 123
244.5 120 124
246.0 64 78
246.0 64 79
247.5 10 26
247.5 10 27
249.0 39 54
249.0 39 55
250.5 42 51
250.5 42 52
252.0 39 46
252.0 39 47
253.5 114 119
253.5 114 120
255.0 18 25
255.0 18 26
256.5 165 168
256.5 165 169
258.0 15 22
258.0 15 23
259.5 7 25
259.5 7 26
261.0 15 30
261.0 16 17
262.5 65 69
262.5 65 70
264.0 64 76
264.0 64 77
265.5 138 149
265.5 138 150
267.0 35 56
267.0 36 37
268.5 140 142
268.5 140 143
270.0 116 121
270.0 116 122
271.5 144 150
271.5 144 151
273.0 137 153
273.0 137 154
274.5 54 55
274.5 55 56
276.0 10 18
276.0 10 19
277.5 40 41
277.5 40 42
279.0 50 51
279.0 51 52
280.5 73 75
280.5 73 76
282.0 111 124
282.0 111 125
283.5 79 80
283.5 80 81
285.0 139 152
285.0 139 153
286.5 37 49
286.5 37 50
288.0 9 24
288.0 9 25
289.5 138 139
289.5 138 140
291.0 108 127
291.0 108 128
292.5 15 18
292.5 15 19
294.0 32 82
294.0 32 106
295.5 16 22
295.5 16 23
297.0 132 182
297.0 133 134
298.5 190 197
298.5 190 198
300.0 62 75
300.0 62 76
301.5 60 75
301.5 60 76
303.0 64 70
303.0 64 71
304.5 135 157
304.5 136 137
306.0 94 97
306.0 94 98
307.5 164 178
307.5 164 179
309.0 165 170
309.0 165 171
310.5 37 55
310.5 37 56
312.0 192 194
312.0 192 195
313.5 155 156
313.5 156 157
315.0 161 177
315.0 161 178
316.5 66 73
316.5 66 74
318.0 162 180
318.0 162 181
319.5 8 22
319.5 8 23
321.0 36 46
321.0 36 47
322.5 136 142
322.5 136 143
324.0 57 77
324.0 57 78
325.5 142 148
325.5 142 149
327.0 110 132
327.0 111 112
328.5 139 148
328.5 139 149
330.0 31 32
330.0 31 55
331.5 159 173
331.5 159 174
333.0 115 129
333.0 115 130
334.5 69 75
334.5 69 76
336.0 6 106
336.0 6 107
337.5 163 165
337.5 163 166
339.0 147 148
339.0 147 149
340.5 111 128
340.5 111 129
342.0 38 45
342.0 38 46
343.5 114 127
343.5 114 128
345.0 2 3
345.0 3 4
346.5 158 159
346.5 158 174
348.0 38 53
348.0 38 54
349.5 135 145
349.5 135 146
351.0 19 20
351.0 19 21
352.5 111 126
352.5 111 127
354.0 89 101
354.0 89 102
355.5 64 80
355.5 65 66
357.0 138 155
357.0 138 156
358.5 12 23
358.5 12 24
360.0 65 75
360.0 65 76
361.5 194 195
361.5 194 196
363.0 97 100
363.0 97 101
364.5 66 69
364.5 66 70
366.0 9 30
366.0 9 31
367.5 31 181
367.5 31 182
369.0 137 141
369.0 137 142
370.5 12 31
370.5 13 14
372.0 67 68
372.0 67 69
373.5 151 152
373.5 152 153
375.0 167 168
375.0 167 169
376.5 144 146
376.5 144 147
378.0 169 179
378.0 170 171
379.5 119 128
379.5 119 129
381.0 132 156
381.0 132 157
382.5 109 128
382.5 109 129
384.0 132 152
384.0 132 153
385.5 60 73
385.5 60 74
387.0 94 101
387.0 94 102
388.5 7 181
388.5 7 182
390.0 44 48
390.0 44 49
391.5 61 76
391.5 61 77
393.0 111 122
393.0 111 123
394.5 11 24
394.5 11 25
396.0 63 81
396.0 64 65
397.5 189 194
397.5 189 195
399.0 90 95
399.0 90 96
400.5 88 92
400.5 88 93
402.0 161 171
402.0 161 172
403.5 93 99
403.5 93 100
405.0 37 43
405.0 37 44
406.5 164 170
406.5 164 171
408.0 84 95
408.0 84 96
409.5 115 125
409.5 115 126
411.0 87 88
411.0 87 89
412.5 88 100
412.5 88 101
414.0 115 123
414.0 115 124
415.5 23 24
415.5 23 25
417.0 8 26
417.0 8 27
418.5 133 149
418.5 133 150
420.0 13 23
420.0 13 24
421.5 141 147
421.5 141 148
423.0 14 29
423.0 14 30
424.5 181 182
424.5 182 183
426.0 62 67
426.0 62 68
427.5 61 78
427.5 61 79
429.0 86 93
429.0 86 94
430.5 137 151
430.5 137 152
432.0 41 45
432.0 41 46
433.5 90 97
433.5 90 98
435.0 14 15
435.0 14 16
436.5 164 166
436.5 164 167
438.0 18 19
438.0 18 20
439.5 107 132
439.5 107 157
441.0 109 122
441.0 109 123
442.5 197 198
442.5 197 199
444.0 17 28
444.0 17 29
445.5 61 80
445.5 61 81
447.0 45 48
447.0 45 49
448.5 140 154
448.5 140 155
450.0 65 79
450.0 65 80
451.5 35 44
451.5 35 45
453.0 98 100
453.0 98 101
454.5 71 72
454.5 71 73
456.0 110 126
456.0 110 127
457.5 162 163
457.5 162 165
459.0 21 22
459.0 21 23
460.5 85 97
460.5 85 98
462.0 8 9
462.0 8 21
463.5 37 45
463.5 37 46
465.0 160 161
465.0 160 169
466.5 14 21
466.5 14 22
468.0 138 151
468.0 138 152
469.5 164 168
469.5 164 169
471.0 19 26
471.0 19 27
472.5 158 177
472.5 158 178
474.0 113 116
474.0 113 117
475.5 188 194
475.5 188 195
477.0 17 18
477.0 17 19
478.5 87 100
478.5 87 101
480.0 46 49
480.0 46 50
481.5 60 69
481.5 60 70
483.0 86 103
483.0 86 104
484.5 163 179
484.5 163 180
486.0 114 115
486.0 114 116
487.5 92 100
487.5 92 101
489.0 85 103
489.0 85 104
490.5 167 178
490.5 167 179
492.0 136 152
492.0 136 153
493.5 99 101
493.5 100 101
495.0 82 105
495.0 82 106
496.5 84 101
496.5 84 102
498.0 40 53
498.0 40 54
499.5 139 146
499.5 139 147
501.0 189 192
501.0 189 193
502.5 113 120
502.5 113 121
504.0 59 81
504.0 59 82
505.5 32 107
505.5 32 131
507.0 163 167
507.0 163 168
508.5 62 79
508.5 62 80
510.0 47 50
510.0 47 51
511.5 52 53
511.5 53 54
513.0 20 26
513.0 20 27
514.5 162 166
514.5 162 167
516.0 196 198
516.0 196 199
517.5 168 180
517.5 169 170
519.0 56 57
519.0 57 58
520.5 188 196
520.5 188 197
522.0 64 72
522.0 64 73
523.5 137 149
523.5 137 150
525.0 111 120
525.0 111 121
526.5 186 197
526.5 186 198
528.0 120 125
528.0 120 126
529.5 46 51
529.5 46 52
531.0 20 22
531.0 20 23
532.5 59 73
532.5 59 74
534.0 14 17
534.0 14 18
535.5 92 104
535.5 93 94
537.0 95 101
537.0 95 102
538.5 134 156
538.5 134 157
540.0 120 127
540.0 120 128
541.5 70 75
541.5 70 76
543.0 33 55
543.0 33 56
544.5 89 105
544.5 89 106
546.0 173 175
546.0 173 176
547.5 170 176
547.5 170 177
549.0 92 96
549.0 92 97
550.5 141 151
550.5 141 152
552.0 191 195
552.0 191 196
553.5 27 28
553.5 28 29
555.0 135 153
555.0 135 154
556.5 35 50
556.5 35 51
558.0 134 154
558.0 134 155
559.5 16 24
559.5 16 25
561.0 189 190
561.0 189 191
562.5 138 153
562.5 138 154
564.0 32 182
564.0 33 34
565.5 11 30
565.5 11 31
567.0 137 145
567.0 137 146
568.5 22 25
568.5 22 26
570.0 87 94
570.0 87 95
571.5 34 52
571.5 34 53
573.0 188 198
573.0 188 199
574.5 118 124
574.5 118 125
576.0 57 79
576.0 57 80
577.5 58 59
577.5 58 72
579.0 133 157
579.0 134 135
580.5 18 21
580.5 18 22
582.0 43 48
582.0 43 49
583.5 35 52
583.5 35 53
585.0 36 56
585.0 37 38
586.5 140 144
586.5 140 145
588.0 168 178
588.0 168 179
589.5 15 28
589.5 15 29
591.0 112 130
591.0 112 131
592.5 189 196
592.5 189 197
594.0 107 130
594.0 107 131
595.5 13 15
595.5 13 16
597.0 34 50
597.0 34 51
598.5 122 124
598.5 122 125
600.0 89 91
600.0 89 92
601.5 141 153
601.5 141 154
603.0 163 169
603.0 163 170
604.5 58 79
604.5 58 80
606.0 12 29
606.0 12 30
607.5 112 124
607.5 112 125
609.0 6 7
609.0 6 29
610.5 160 174
610.5 160 175
612.0 191 197
612.0 191 198
613.5 191 193
613.5 191 194
615.0 87 106
615.0 88 89
616.5 36 52
616.5 36 53
618.0 143 152
618.0 143 153
619.5 141 155
619.5 142 143
621.0 33 51
621.0 33 52
622.5 29 30
622.5 30 31
624.0 36 48
624.0 36 49
625.5 42 49
625.5 42 50
627.0 140 148
627.0 140 149
628.5 7 8
628.5 7 24
630.0 135 136
630.0 135 144
631.5 61 66
631.5 61 67
633.0 161 173
633.0 161 174
634.5 9 20
634.5 9 21
636.0 32 53
636.0 32 54
637.5 62 73
637.5 62 74
639.0 67 72
639.0 67 73
640.5 6 181
640.5 6 182
642.0 15 24
642.0 15 25
643.5 90 103
643.5 90 104
645.0 171 176
645.0 171 177
646.5 94 103
646.5 95 96
648.0 38 43
648.0 38 44
649.5 65 77
649.5 65 78
651.0 168 170
651.0 168 171
652.5 20 24
652.5 20 25
654.0 165 172
654.0 165 173
655.5 95 103
655.5 96 97
657.0 96 102
657.0 96 103
658.5 161 169
658.5 161 170
660.0 160 176
660.0 160 177
661.5 96 98
661.5 96 99
663.0 123 126
663.0 123 127
664.5 21 24
664.5 21 25
666.0 134 150
666.0 134 151
667.5 7 29
667.5 7 30
669.0 43 46
669.0 43 47
670.5 166 173
670.5 166 174
672.0 69 71
672.0 69 72
673.5 36 44
673.5 36 45
675.0 193 196
675.0 193 197
676.5 8 30
676.5 8 31
678.0 115 121
678.0 115 122
679.5 162 182
679.5 163 164
681.0 38 55
681.0 38 56
682.5 111 130
682.5 111 131
684.0 18 23
684.0 18 24
685.5 168 172
685.5 168 173
687.0 110 120
687.0 110 121
688.5 8 28
688.5 8 29
690.0 119 124
690.0 119 125
691.5 9 22
691.5 9 23
693.0 107 128
693.0 107 129
694.5 87 104
694.5 87 105
696.0 45 50
696.0 45 51
697.5 68 79
697.5 69 70
699.0 112 120
699.0 112 121
700.5 11 28
700.5 11 29
702.0 159 181
702.0 159 182
703.5 95 97
703.5 95 98
705.0 10 24
705.0 10 25
706.5 71 74
706.5 71 75
708.0 146 150
708.0 146 151
709.5 172 176
709.5 172 177
711.0 58 77
711.0 58 78
712.5 173 177
712.5 174 175
714.0 129 130
714.0 130 131
715.5 139 150
715.5 139 151
717.0 187 193
717.0 187 194
718.5 148 150
718.5 148 151
720.0 75 76
720.0 76 77
721.5 137 147
721.5 137 148
723.0 66 75
723.0 66 76
724.5 36 42
724.5 36 43
726.0 10 22
726.0 10 23
727.5 13 25
727.5 13 26
729.0 41 51
729.0 41 52
730.5 164 172
730.5 164 173
732.0 162 178
732.0 162 179
733.5 45 52
733.5 45 53
735.0 83 99
735.0 83 100
736.5 111 118
736.5 111 119
738.0 32 55
738.0 32 56
739.5 63 75
739.5 63 76
741.0 93 103
741.0 93 104
742.5 34 54
742.5 34 55
744.0 142 146
744.0 142 147
745.5 110 130
745.5 110 131
747.0 65 67
747.0 65 68
748.5 170 174
748.5 170 175
750.0 37 53
750.0 37 54
751.5 46 47
751.5 46 48
753.0 113 126
753.0 113 127
754.5 34 56
754.5 35 36
756.0 42 53
756.0 42 54
757.5 108 129
757.5 108 130
759.0 18 27
759.0 18 28
760.5 194 197
760.5 194 198
762.0 63 71
762.0 63 72
763.5 162 174
763.5 162 175
765.0 184 197
765.0 184 198
766.5 14 27
766.5 14 28
768.0 70 73
768.0 70 74
769.5 111 132
769.5 112 113
771.0 187 195
771.0 187 196
772.5 8 24
772.5 8 25
774.0 136 154
774.0 136 155
775.5 22 23
775.5 22 24
777.0 158 175
777.0 158 176
778.5 66 67
778.5 66 68
780.0 185 195
780.0 185 196
781.5 198 199
783.0 138 141
783.0 138 142
784.5 195 199
784.5 196 197
786.0 85 93
786.0 85 94
787.5 177 178
787.5 178 179
789.0 166 167
789.0 166 168
790.5 161 175
790.5 161 176
792.0 13 19
792.0 13 20
793.5 115 119
793.5 115 120
795.0 162 168
795.0 162 169
796.5 44 46
796.5 44 47
798.0 163 181
798.0 164 165
799.5 108 123
799.5 108 124
801.0 12 27
801.0 12 28
802.5 4 5
802.5 5 6
804.0 42 45
804.0 42 46
805.5 110 128
805.5 110 129
807.0 132 154
807.0 132 155
808.5 88 90
808.5 88 91
810.0 113 128
810.0 113 129
811.5 62 65
811.5 62 66
813.0 82 103
813.0 82 104
814.5 19 28
814.5 20 21
816.0 118 128
816.0 118 129
817.5 141 149
817.5 141 150
819.0 40 51
819.0 40 52
820.5 7 106
820.5 7 107
822.0 174 176
822.0 174 177
823.5 187 197
823.5 187 198
825.0 62 77
825.0 62 78
826.5 83 84
826.5 83 98
828.0 192 198
828.0 192 199
829.5 186 195
829.5 186 196
831.0 117 122
831.0 117 123
832.5 84 97
832.5 84 98
834.0 39 44
834.0 39 45
835.5 42 43
835.5 42 44
837.0 36 54
837.0 36 55
838.5 135 147
838.5 135 148
840.0 167 172
840.0 167 173
841.5 61 72
841.5 61 73
843.0 142 154
843.0 142 155
844.5 63 73
844.5 63 74
846.0 144 148
846.0 144 149
847.5 59 60
847.5 59 70
849.0 114 125
849.0 114 126
850.5 10 20
850.5 10 21
852.0 88 96
852.0 88 97
853.5 64 74
853.5 64 75
855.0 7 156
855.0 7 157
856.5 66 71
856.5 66 72
858.0 121 126
858.0 121 127
859.5 61 68
859.5 61 69
861.0 21 26
861.0 21 27
862.5 134 152
862.5 134 153
864.0 63 79
864.0 63 80
865.5 166 175
865.5 166 176
867.0 39 48
867.0 39 49
868.5 58 75
868.5 58 76
870.0 6 56
870.0 6 57
871.5 131 132
871.5 132 133
873.0 165 180
873.0 165 181
874.5 34 48
874.5 34 49
876.0 109 132
876.0 110 111
877.5 41 49
877.5 41 50
879.0 164 176
879.0 164 177
880.5 167 180
880.5 168 169
882.0 88 102
882.0 88 103
883.5 67 70
883.5 67 71
885.0 93 101
885.0 93 102
886.5 141 145
886.5 141 146
888.0 117 124
888.0 117 125
889.5 84 103
889.5 84 104
891.0 149 151
891.0 150 151
892.5 170 178
892.5 170 179
894.0 32 33
894.0 32 50
895.5 127 128
895.5 128 129
897.0 146 148
897.0 146 149
898.5 162 172
898.5 162 173
900.0 66 79
900.0 66 80
901.5 92 94
901.5 92 95
903.0 70 71
903.0 70 72
904.5 121 124
904.5 121 125
906.0 89 99
906.0 89 100
907.5 110 122
907.5 110 123
909.0 85 99
909.0 85 100
910.5 139 144
910.5 139 145
912.0 161 179
912.0 161 180
913.5 11 12
913.5 11 15
915.0 87 102
915.0 87 103
916.5 25 26
916.5 26 27
918.0 112 122
918.0 112 123
919.5 61 74
919.5 61 75
921.0 68 75
921.0 68 76
922.5 140 150
922.5 140 151
924.0 0 1
924.0 1 2
925.5 6 156
925.5 6 157
927.0 12 21
927.0 12 22
928.5 145 151
928.5 145 152
930.0 169 175
930.0 169 176
931.5 107 108
931.5 107 127
933.0 137 138
933.0 137 140
934.5 172 174
934.5 172 175
936.0 67 76
936.0 67 77
937.5 87 96
937.5 87 97
939.0 122 126
939.0 122 127
940.5 193 198
940.5 193 199
942.0 94 95
942.0 94 96
943.5 7 131
943.5 7 132
945.0 157 181
945.0 157 182
946.5 188 190
946.5 188 191
948.0 39 42
948.0 39 43
949.5 16 20
949.5 16 21
951.0 146 152
951.0 146 153
952.5 113 124
952.5 113 125
954.0 11 22
954.0 11 23
955.5 37 41
955.5 37 42
957.0 164 174
957.0 164 175
958.5 44 50
958.5 44 51
960.0 94 99
960.0 94 100
961.5 159 179
961.5 159 180
963.0 192 196
963.0 192 197
964.5 159 177
964.5 159 178
966.0 160 172
966.0 160 173
967.5 60 61
967.5 60 68
969.0 33 47
969.0 33 48
970.5 69 77
970.5 69 78
972.0 86 97
972.0 86 98
973.5 105 106
973.5 106 107
975.0 36 40
975.0 36 41
976.5 38 47
976.5 38 48
978.0 115 127
978.0 115 128
979.5 9 28
979.5 9 29
981.0 35 42
981.0 35 43
982.5 60 77
982.5 60 78
984.0 19 22
984.0 19 23
985.5 82 101
985.5 82 102
987.0 121 122
987.0 121 123
988.5 118 126
988.5 118 127
990.0 82 107
990.0 82 132
991.5 115 117
991.5 115 118
993.0 187 199
993.0 188 189
994.5 43 44
994.5 43 45
996.0 109 110
996.0 109 121
997.5 41 53
997.5 41 54
999.0 148 152
999.0 149 150
1000.5 194 199
1000.5 195 196
1002.0 119 120
1002.0 119 121
1003.5 59 77
1003.5 59 78
1005.0 90 99
1005.0 90 100
1006.5 69 73
1006.5 69 74
1008.0 143 154
1008.0 144 145
1009.5 135 151
1009.5 135 152
1011.0 81 82
1011.0 82 83
1012.5 92 102
1012.5 92 103
1014.0 161 181
1014.0 161 182
1015.5 193 194
1015.5 193 195
1017.0 138 145
1017.0 138 146
1018.5 91 103
1018.5 91 104
1020.0 109 130
1020.0 109 131
1021.5 140 152
1021.5 140 153
1023.0 107 182
1023.0 108 109
1024.5 86 91
1024.5 86 92
1026.0 11 26
1026.0 11 27
1027.5 189 198
1027.5 189 199
1029.0 113 130
1029.0 113 131
1030.5 136 146
1030.5 136 147
1032.0 166 171
1032.0 166 172
1033.5 15 26
1033.5 15 27
1035.0 83 103
1035.0 83 104
1036.5 17 26
1036.5 17 27
1038.0 97 98
1038.0 97 99
1039.5 13 27
1039.5 13 28
1041.0 138 147
1041.0 138 148
1042.5 117 126
1042.5 117 127
1044.0 91 105
1044.0 92 93
1045.5 86 105
1045.5 86 106
1047.0 41 43
1047.0 41 44
1048.5 83 107
1048.5 84 85
1050.0 157 179
1050.0 157 180
1051.5 32 51
1051.5 32 52
1053.0 34 46
1053.0 34 47
1054.5 89 93
1054.5 89 94
1056.0 42 47
1056.0 42 48
1057.5 63 69
1057.5 63 70
1059.0 113 114
1059.0 113 115
1060.5 61 70
1060.5 61 71
1062.0 16 28
1062.0 16 29
1063.5 10 30
1063.5 10 31
1065.0 171 178
1065.0 172 173
1066.5 71 76
1066.5 71 77
1068.0 91 93
1068.0 91 94
1069.5 49 50
1069.5 49 51
1071.0 85 95
1071.0 85 96
1072.5 12 17
1072.5 12 18
1074.0 160 180
1074.0 160 181
1075.5 57 107
1075.5 57 132
1077.0 15 20
1077.0 15 21
1078.5 12 13
1078.5 12 14
1080.0 116 123
1080.0 116 124
1081.5 166 177
1081.5 166 178
1083.0 72 73
1083.0 72 74
1084.5 72 77
1084.5 73 74
1086.0 114 131
1086.0 115 116
1087.5 117 128
1087.5 117 129
1089.0 142 150
1089.0 142 151
1090.5 158 181
1090.5 158 182
1092.0 163 171
1092.0 163 172
1093.5 123 124
1093.5 123 125
1095.0 66 77
1095.0 66 78
1096.5 121 128
1096.5 122 123
1098.0 47 52
1098.0 48 49
1099.5 168 174
1099.5 168 175
1101.0 136 150
1101.0 136 151
1102.5 39 40
1102.5 39 41
1104.0 191 199
1104.0 192 193
1105.5 13 17
1105.5 13 18
1107.0 111 116
1107.0 111 117
1108.5 165 176
1108.5 165 177
1110.0 140 146
1110.0 140 147
1111.5 116 117
1111.5 116 118
1113.0 147 150
1113.0 147 151
1114.5 137 143
1114.5 137 144
1116.0 58 73
1116.0 58 74
1117.5 32 132
1117.5 32 156
1119.0 145 149
1119.0 145 150
1120.5 108 125
1120.5 108 126
1122.0 84 99
1122.0 84 100
1123.5 63 77
1123.5 63 78
1125.0 38 51
1125.0 38 52
1126.5 84 107
1126.5 85 86
1128.0 171 172
1128.0 171 173
1129.5 171 174
1129.5 171 175
1131.0 6 30
1131.0 6 31
1132.5 143 148
1132.5 143 149
1134.0 11 18
1134.0 11 19
1135.5 110 118
1135.5 110 119
1137.0 109 126
1137.0 109 127
1138.5 163 175
1138.5 163 176
1140.0 32 157
1140.0 32 181
1141.5 93 97
1141.5 93 98
1143.0 145 153
1143.0 146 147
1144.5 175 176
1144.5 176 177
1146.0 190 191
1146.0 190 192
1147.5 14 19
1147.5 14 20
1149.0 141 143
1149.0 141 144
1150.5 108 131
1150.5 108 132
1152.0 184 199
1152.0 185 186
1153.5 7 31
1153.5 7 57
1155.0 88 94
1155.0 88 95
1156.5 43 50
1156.5 43 51
1158.0 14 25
1158.0 14 26
1159.5 153 154
1159.5 154 155
1161.0 190 195
1161.0 190 196
1162.5 170 172
1162.5 170 173
1164.0 138 143
1164.0 138 144
1165.5 89 103
1165.5 89 104
1167.0 188 192
1167.0 188 193
1168.5 17 22
1168.5 17 23
1170.0 117 118
1170.0 117 119
1171.5 62 81
1171.5 63 64
1173.0 119 122
1173.0 119 123
1174.5 68 69
1174.5 68 70
1176.0 144 152
1176.0 144 153
1177.5 16 26
1177.5 16 27
1179.0 157 158
1179.0 157 178
1180.5 74 75
1180.5 74 76
1182.0 144 154
1182.0 145 146
1183.5 87 90
1183.5 87 91
1185.0 90 93
1185.0 90 94
1186.5 169 171
1186.5 169 172
1188.0 7 27
1188.0 7 28
1189.5 103 104
1189.5 104 105
1191.0 15 16
1191.0 15 17
1192.5 190 193
1192.5 190 194
1194.0 160 182
1194.0 161 162
1195.5 160 178
1195.5 160 179
1197.0 40 55
1197.0 41 42
1198.5 119 126
1198.5 119 127
1200.0 134 148
1200.0 134 149
1201.5 31 81
1201.5 31 82
1203.0 84 105
1203.0 84 106
1204.5 77 78
1204.5 78 79
1206.0 12 19
1206.0 12 20
1207.5 88 98
1207.5 88 99
1209.0 57 75
1209.0 57 76
1210.5 83 105
1210.5 83 106
1212.0 116 127
1212.0 116 128
1213.5 85 105
1213.5 85 106
1215.0 91 101
1215.0 91 102
1216.5 113 122
1216.5 113 123
1218.0 10 28
1218.0 10 29
1219.5 112 116
1219.5 112 117
1221.0 59 79
1221.0 59 80
1222.5 14 23
1222.5 14 24
1224.0 6 131
1224.0 6 132
1225.5 112 128
1225.5 112 129
1227.0 165 178
1227.0 165 179
1228.5 35 54
1228.5 35 55
1230.0 31 106
1230.0 31 107
1231.5 85 101
1231.5 85 102
1233.0 67 78
1233.0 67 79
1234.5 116 125
1234.5 116 126
1236.0 31 156
1236.0 31 157
1237.5 60 81
1237.5 61 62
