0 87 98
0 87 99
1.5 159 179
1.5 159 180
3.0 136 148
3.0 136 149
4.5 137 141
4.5 137 142
6.0 87 96
6.0 87 97
7.5 161 169
7.5 161 170
9.0 31 32
9.0 31 55
10.5 170 178
10.5 170 179
12.0 120 121
12.0 120 122
13.5 186 193
13.5 186 194
15.0 19 26
15.0 19 27
16.5 59 79
16.5 59 80
18.0 38 41
18.0 38 42
19.5 162 176
19.5 162 177
21.0 32 33
21.0 32 50
22.5 119 126
22.5 119 127
24.0 35 56
24.0 36 37
25.5 143 154
25.5 144 145
27.0 7 27
27.0 7 28
28.5 93 97
28.5 93 98
30.0 62 69
30.0 62 70
31.5 134 152
31.5 134 153
33.0 69 75
33.0 69 76
34.5 89 91
34.5 89 92
36.0 19 24
36.0 19 25
37.5 164 176
37.5 164 177
39.0 141 143
39.0 141 144
40.5 159 160
40.5 159 172
42.0 172 178
42.0 173 174
43.5 36 40
43.5 36 41
45.0 135 136
45.0 135 144
46.5 131 132
46.5 132 133
48.0 65 67
48.0 65 68
49.5 10 22
49.5 10 23
51.0 110 122
51.0 110 123
52.5 31 156
52.5 31 157
54.0 84 105
54.0 84 106
55.5 155 156
55.5 156 157
57.0 173 175
57.0 173 176
58.5 8 22
58.5 8 23
60.0 163 169
60.0 163 170
61.5 168 176
61.5 168 177
63.0 36 54
63.0 36 55
64.5 68 79
64.5 69 70
66.0 64 80
66.0 65 66
67.5 191 193
67.5 191 194
69.0 137 153
69.0 137 154
70.5 7 31
70.5 7 57
72.0 139 156
72.0 140 141
73.5 141 151
73.5 141 152
75.0 40 43
75.0 40 44
76.5 164 172
76.5 164 173
78.0 18 27
78.0 18 28
79.5 187 197
79.5 187 198
81.0 123 126
81.0 123 127
82.5 164 168
82.5 164 169
84.0 115 119
84.0 115 120
85.5 89 103
85.5 89 104
87.0 33 53
87.0 33 54
88.5 96 98
88.5 96 99
90.0 11 30
90.0 11 31
91.5 62 75
91.5 62 76
93.0 84 99
93.0 84 100
94.5 11 20
94.5 11 21
96.0 118 124
96.0 118 125
97.5 37 51
97.5 37 52
99.0 90 97
99.0 90 98
100.5 82 105
100.5 82 106
102.0 42 53
102.0 42 54
103.5 103 104
103.5 104 105
105.0 148 152
105.0 149 150
106.5 113 114
106.5 113 115
108.0 11 24
108.0 11 25
109.5 117 128
109.5 117 129
111.0 168 174
111.0 168 175
112.5 157 181
112.5 157 182
114.0 144 154
114.0 145 146
115.5 95 97
115.5 95 98
117.0 92 96
117.0 92 97
118.5 113 122
118.5 113 123
120.0 61 80
120.0 61 81
121.5 117 120
121.5 117 121
123.0 167 178
123.0 167 179
124.5 111 124
124.5 111 125
126.0 58 79
126.0 58 80
127.5 111 128
127.5 111 129
129.0 135 151
129.0 135 152
130.5 12 25
130.5 12 26
132.0 42 47
132.0 42 48
133.5 33 47
133.5 33 48
135.0 41 43
135.0 41 44
136.5 92 98
136.5 92 99
138.0 90 101
138.0 90 102
139.5 39 42
139.5 39 43
141.0 62 67
141.0 62 68
142.5 196 198
142.5 196 199
144.0 12 13
144.0 12 14
145.5 118 122
145.5 118 123
147.0 160 176
147.0 160 177
148.5 121 128
148.5 122 123
150.0 40 47
150.0 40 48
151.5 13 19
151.5 13 20
153.0 97 102
153.0 98 99
154.5 165 178
154.5 165 179
156.0 15 26
156.0 15 27
157.5 117 118
157.5 117 119
159.0 166 179
159.0 166 180
160.5 58 59
160.5 58 72
162.0 16 22
162.0 16 23
163.5 97 100
163.5 97 101
165.0 39 44
165.0 39 45
166.5 188 196
166.5 188 197
168.0 61 68
168.0 61 69
169.5 109 122
169.5 109 123
171.0 16 18
171.0 16 19
172.5 62 77
172.5 62 78
174.0 84 97
174.0 84 98
175.5 118 120
175.5 118 121
177.0 86 91
177.0 86 92
178.5 43 50
178.5 43 51
180.0 116 119
180.0 116 120
181.5 171 172
181.5 171 173
183.0 17 20
183.0 17 21
184.5 164 174
184.5 164 175
186.0 159 177
186.0 159 178
187.5 115 123
187.5 115 124
189.0 36 48
189.0 36 49
190.5 162 170
190.5 162 171
192.0 40 55
192.0 41 42
193.5 18 19
193.5 18 20
195.0 87 104
195.0 87 105
196.5 63 79
196.5 63 80
198.0 64 72
198.0 64 73
199.5 167 170
199.5 167 171
201.0 161 167
201.0 161 168
202.5 90 91
202.5 90 92
204.0 173 177
204.0 174 175
205.5 111 122
205.5 111 123
207.0 116 117
207.0 116 118
208.5 132 156
208.5 132 157
210.0 16 24
210.0 16 25
211.5 8 24
211.5 8 25
213.0 65 69
213.0 65 70
214.5 15 24
214.5 15 25
216.0 165 166
216.0 165 167
217.5 148 150
217.5 148 151
219.0 115 127
219.0 115 128
220.5 136 144
220.5 136 145
222.0 31 131
222.0 31 132
223.5 35 48
223.5 35 49
225.0 71 74
225.0 71 75
226.5 13 15
226.5 13 16
228.0 33 49
228.0 33 50
229.5 39 48
229.5 39 49
231.0 113 124
231.0 113 125
232.5 44 48
232.5 44 49
234.0 167 180
234.0 168 169
235.5 187 191
235.5 187 192
237.0 90 95
237.0 90 96
238.5 191 197
238.5 191 198
240.0 59 60
240.0 59 70
241.5 48 50
241.5 48 51
243.0 168 170
243.0 168 171
244.5 65 75
244.5 65 76
246.0 141 145
246.0 141 146
247.5 124 125
247.5 124 126
249.0 188 192
249.0 188 193
250.5 107 182
250.5 108 109
252.0 61 70
252.0 61 71
253.5 41 51
253.5 41 52
255.0 134 146
255.0 134 147
256.5 59 77
256.5 59 78
258.0 142 144
258.0 142 145
259.5 32 82
259.5 32 106
261.0 113 120
261.0 113 121
262.5 184 199
262.5 185 186
264.0 168 178
264.0 168 179
265.5 177 178
265.5 178 179
267.0 110 126
267.0 110 127
268.5 169 171
268.5 169 172
270.0 134 150
270.0 134 151
271.5 140 156
271.5 141 142
273.0 37 41
273.0 37 42
274.5 9 26
274.5 9 27
276.0 117 124
276.0 117 125
277.5 63 65
277.5 63 66
279.0 140 142
279.0 140 143
280.5 92 102
280.5 92 103
282.0 109 110
282.0 109 121
283.5 49 50
283.5 49 51
285.0 88 90
285.0 88 91
286.5 66 69
286.5 66 70
288.0 151 152
288.0 152 153
289.5 112 122
289.5 112 123
291.0 142 148
291.0 142 149
292.5 18 23
292.5 18 24
294.0 94 95
294.0 94 96
295.5 140 148
295.5 140 149
297.0 64 66
297.0 64 67
298.5 137 143
298.5 137 144
300.0 60 81
300.0 61 62
301.5 85 99
301.5 85 100
303.0 115 129
303.0 115 130
304.5 107 108
304.5 107 127
306.0 25 26
306.0 26 27
307.5 91 105
307.5 92 93
309.0 122 126
309.0 122 127
310.5 43 52
310.5 43 53
312.0 62 65
312.0 62 66
313.5 12 15
313.5 12 16
315.0 43 54
315.0 44 45
316.5 169 177
316.5 169 178
318.0 162 178
318.0 162 179
319.5 8 28
319.5 8 29
321.0 143 150
321.0 143 151
322.5 135 155
322.5 135 156
324.0 12 27
324.0 12 28
325.5 112 120
325.5 112 121
327.0 82 101
327.0 82 102
328.5 37 47
328.5 37 48
330.0 166 171
330.0 166 172
331.5 140 154
331.5 140 155
333.0 166 175
333.0 166 176
334.5 79 80
334.5 80 81
336.0 145 147
336.0 145 148
337.5 34 56
337.5 35 36
339.0 40 53
339.0 40 54
340.5 60 75
340.5 60 76
342.0 17 24
342.0 17 25
343.5 122 124
343.5 122 125
345.0 189 190
345.0 189 191
346.5 120 123
346.5 120 124
348.0 66 77
348.0 66 78
349.5 6 81
349.5 6 82
351.0 91 101
351.0 91 102
352.5 185 199
352.5 186 187
354.0 94 101
354.0 94 102
355.5 91 99
355.5 91 100
357.0 160 172
357.0 160 173
358.5 4 5
358.5 5 6
360.0 117 126
360.0 117 127
361.5 168 180
361.5 169 170
363.0 119 124
363.0 119 125
364.5 85 95
364.5 85 96
366.0 185 195
366.0 185 196
367.5 174 176
367.5 174 177
369.0 12 19
369.0 12 20
370.5 167 174
370.5 167 175
372.0 169 179
372.0 170 171
373.5 6 56
373.5 6 57
375.0 172 176
375.0 172 177
376.5 83 107
376.5 84 85
378.0 15 20
378.0 15 21
379.5 160 161
379.5 160 169
381.0 37 43
381.0 37 44
382.5 107 128
382.5 107 129
384.0 12 17
384.0 12 18
385.5 33 51
385.5 33 52
387.0 86 105
387.0 86 106
388.5 185 197
388.5 185 198
390.0 37 49
390.0 37 50
391.5 171 174
391.5 171 175
393.0 84 103
393.0 84 104
394.5 160 180
394.5 160 181
396.0 39 52
396.0 39 53
397.5 147 152
397.5 148 149
399.0 46 51
399.0 46 52
400.5 67 70
400.5 67 71
402.0 41 47
402.0 41 48
403.5 88 102
403.5 88 103
405.0 7 25
405.0 7 26
406.5 52 53
406.5 53 54
408.0 14 19
408.0 14 20
409.5 162 172
409.5 162 173
411.0 160 182
411.0 161 162
412.5 138 139
412.5 138 140
414.0 136 146
414.0 136 147
415.5 13 29
415.5 13 30
417.0 158 181
417.0 158 182
418.5 32 157
418.5 32 181
420.0 86 95
420.0 86 96
421.5 133 151
421.5 133 152
423.0 69 71
423.0 69 72
424.5 160 170
424.5 160 171
426.0 112 130
426.0 112 131
427.5 141 155
427.5 142 143
429.0 45 50
429.0 45 51
430.5 165 170
430.5 165 171
432.0 175 176
432.0 176 177
433.5 162 182
433.5 163 164
435.0 34 52
435.0 34 53
436.5 161 181
436.5 161 182
438.0 139 140
438.0 139 141
439.5 189 194
439.5 189 195
441.0 194 195
441.0 194 196
442.5 86 103
442.5 86 104
444.0 93 101
444.0 93 102
445.5 58 77
445.5 58 78
447.0 22 25
447.0 22 26
448.5 16 26
448.5 16 27
450.0 14 17
450.0 14 18
451.5 65 79
451.5 65 80
453.0 169 175
453.0 169 176
454.5 71 76
454.5 71 77
456.0 8 26
456.0 8 27
457.5 141 153
457.5 141 154
459.0 14 23
459.0 14 24
460.5 70 75
460.5 70 76
462.0 7 8
462.0 7 24
463.5 96 100
463.5 96 101
465.0 134 156
465.0 134 157
466.5 83 105
466.5 83 106
468.0 11 12
468.0 11 15
469.5 110 120
469.5 110 121
471.0 169 173
471.0 169 174
472.5 121 122
472.5 121 123
474.0 166 173
474.0 166 174
475.5 19 28
475.5 20 21
477.0 195 199
477.0 196 197
478.5 34 44
478.5 34 45
480.0 57 77
480.0 57 78
481.5 57 107
481.5 57 132
483.0 125 126
483.0 126 127
484.5 59 81
484.5 59 82
486.0 36 46
486.0 36 47
487.5 10 11
487.5 10 17
489.0 134 154
489.0 134 155
490.5 112 116
490.5 112 117
492.0 111 116
492.0 111 117
493.5 20 22
493.5 20 23
495.0 144 150
495.0 144 151
496.5 68 75
496.5 68 76
498.0 189 198
498.0 189 199
499.5 137 151
499.5 137 152
501.0 134 148
501.0 134 149
502.5 139 154
502.5 139 155
504.0 66 75
504.0 66 76
505.5 59 73
505.5 59 74
507.0 67 78
507.0 67 79
508.5 42 45
508.5 42 46
510.0 112 126
510.0 112 127
511.5 6 7
511.5 6 29
513.0 90 103
513.0 90 104
514.5 164 170
514.5 164 171
516.0 64 70
516.0 64 71
517.5 39 54
517.5 39 55
519.0 113 116
519.0 113 117
520.5 18 25
520.5 18 26
522.0 35 44
522.0 35 45
523.5 44 46
523.5 44 47
525.0 87 92
525.0 87 93
526.5 38 51
526.5 38 52
528.0 163 181
528.0 164 165
529.5 72 77
529.5 73 74
531.0 110 128
531.0 110 129
532.5 111 118
532.5 111 119
534.0 115 117
534.0 115 118
535.5 162 174
535.5 162 175
537.0 190 193
537.0 190 194
538.5 166 169
538.5 166 170
540.0 184 197
540.0 184 198
541.5 68 71
541.5 68 72
543.0 10 20
543.0 10 21
544.5 159 181
544.5 159 182
546.0 162 163
546.0 162 165
547.5 145 151
547.5 145 152
549.0 133 153
549.0 133 154
550.5 69 73
550.5 69 74
552.0 159 175
552.0 159 176
553.5 163 165
553.5 163 166
555.0 17 28
555.0 17 29
556.5 190 199
556.5 191 192
558.0 187 193
558.0 187 194
559.5 86 97
559.5 86 98
561.0 161 175
561.0 161 176
562.5 144 148
562.5 144 149
564.0 165 172
564.0 165 173
565.5 85 97
565.5 85 98
567.0 192 194
567.0 192 195
568.5 96 102
568.5 96 103
570.0 57 79
570.0 57 80
571.5 109 124
571.5 109 125
573.0 84 101
573.0 84 102
574.5 32 51
574.5 32 52
576.0 140 152
576.0 140 153
577.5 6 106
577.5 6 107
579.0 60 61
579.0 60 68
580.5 136 154
580.5 136 155
582.0 191 195
582.0 191 196
583.5 60 69
583.5 60 70
585.0 31 56
585.0 31 57
586.5 142 152
586.5 142 153
588.0 64 74
588.0 64 75
589.5 10 26
589.5 10 27
591.0 98 102
591.0 99 100
592.5 133 155
592.5 133 156
594.0 57 157
594.0 57 182
595.5 87 100
595.5 87 101
597.0 65 73
597.0 65 74
598.5 114 127
598.5 114 128
600.0 194 197
600.0 194 198
601.5 10 18
601.5 10 19
603.0 15 22
603.0 15 23
604.5 70 73
604.5 70 74
606.0 68 69
606.0 68 70
607.5 32 55
607.5 32 56
609.0 6 181
609.0 6 182
610.5 132 152
610.5 132 153
612.0 110 132
612.0 111 112
613.5 11 16
613.5 11 17
615.0 136 152
615.0 136 153
616.5 101 102
616.5 102 103
618.0 137 147
618.0 137 148
619.5 170 172
619.5 170 173
621.0 110 118
621.0 110 119
622.5 32 107
622.5 32 131
624.0 56 57
624.0 57 58
625.5 88 98
625.5 88 99
627.0 16 20
627.0 16 21
628.5 189 196
628.5 189 197
630.0 164 178
630.0 164 179
631.5 146 152
631.5 146 153
633.0 119 120
633.0 119 121
634.5 186 195
634.5 186 196
636.0 149 151
636.0 150 151
637.5 87 106
637.5 88 89
639.0 164 180
639.0 164 181
640.5 145 153
640.5 146 147
642.0 138 141
642.0 138 142
643.5 165 176
643.5 165 177
645.0 109 126
645.0 109 127
646.5 183 184
646.5 184 185
648.0 43 44
648.0 43 45
649.5 163 171
649.5 163 172
651.0 143 146
651.0 143 147
652.5 58 81
652.5 58 82
654.0 7 81
654.0 7 82
655.5 9 22
655.5 9 23
657.0 165 180
657.0 165 181
658.5 67 72
658.5 67 73
660.0 99 101
660.0 100 101
661.5 138 153
661.5 138 154
663.0 166 167
663.0 166 168
664.5 13 23
664.5 13 24
666.0 62 71
666.0 62 72
667.5 192 198
667.5 192 199
669.0 88 104
669.0 88 105
670.5 93 103
670.5 93 104
672.0 45 52
672.0 45 53
673.5 46 49
673.5 46 50
675.0 141 147
675.0 141 148
676.5 190 191
676.5 190 192
678.0 135 147
678.0 135 148
679.5 60 79
679.5 60 80
681.0 12 23
681.0 12 24
682.5 191 199
682.5 192 193
684.0 181 182
684.0 182 183
685.5 36 44
685.5 36 45
687.0 35 50
687.0 35 51
688.5 33 57
688.5 34 35
690.0 114 115
690.0 114 116
691.5 163 173
691.5 163 174
693.0 158 175
693.0 158 176
694.5 112 118
694.5 112 119
696.0 109 130
696.0 109 131
697.5 16 28
697.5 16 29
699.0 17 18
699.0 17 19
700.5 15 18
700.5 15 19
702.0 21 24
702.0 21 25
703.5 31 106
703.5 31 107
705.0 143 152
705.0 143 153
706.5 42 51
706.5 42 52
708.0 110 124
708.0 110 125
709.5 47 48
709.5 47 49
711.0 11 26
711.0 11 27
712.5 195 197
712.5 195 198
714.0 67 76
714.0 67 77
715.5 67 74
715.5 67 75
717.0 64 76
717.0 64 77
718.5 109 132
718.5 110 111
720.0 112 128
720.0 112 129
721.5 167 168
721.5 167 169
723.0 73 75
723.0 73 76
724.5 114 125
724.5 114 126
726.0 88 100
726.0 88 101
727.5 67 68
727.5 67 69
729.0 14 15
729.0 14 16
730.5 135 149
730.5 135 150
732.0 13 21
732.0 13 22
733.5 144 146
733.5 144 147
735.0 144 152
735.0 144 153
736.5 145 149
736.5 145 150
738.0 87 102
738.0 87 103
739.5 69 77
739.5 69 78
741.0 9 20
741.0 9 21
742.5 132 182
742.5 133 134
744.0 33 55
744.0 33 56
745.5 9 24
745.5 9 25
747.0 61 74
747.0 61 75
748.5 89 93
748.5 89 94
750.0 60 71
750.0 60 72
751.5 89 101
751.5 89 102
753.0 31 81
753.0 31 82
754.5 6 30
754.5 6 31
756.0 13 27
756.0 13 28
757.5 136 142
757.5 136 143
759.0 186 199
759.0 187 188
760.5 9 30
760.5 9 31
762.0 113 128
762.0 113 129
763.5 166 177
763.5 166 178
765.0 170 176
765.0 170 177
766.5 63 69
766.5 63 70
768.0 35 52
768.0 35 53
769.5 123 124
769.5 123 125
771.0 138 143
771.0 138 144
772.5 88 96
772.5 88 97
774.0 179 180
774.0 180 181
775.5 86 93
775.5 86 94
777.0 8 9
777.0 8 21
778.5 116 127
778.5 116 128
780.0 171 176
780.0 171 177
781.5 83 99
781.5 83 100
783.0 108 127
783.0 108 128
784.5 17 22
784.5 17 23
786.0 88 92
786.0 88 93
787.5 9 10
787.5 9 19
789.0 168 172
789.0 168 173
790.5 13 17
790.5 13 18
792.0 72 75
792.0 72 76
793.5 17 26
793.5 17 27
795.0 162 168
795.0 162 169
796.5 63 75
796.5 63 76
798.0 141 149
798.0 141 150
799.5 85 107
799.5 86 87
801.0 32 132
801.0 32 156
802.5 129 130
802.5 130 131
804.0 115 121
804.0 115 122
805.5 111 130
805.5 111 131
807.0 161 171
807.0 161 172
808.5 161 173
808.5 161 174
810.0 40 41
810.0 40 42
811.5 89 105
811.5 89 106
813.0 190 195
813.0 190 196
814.5 118 126
814.5 118 127
816.0 171 178
816.0 172 173
817.5 98 100
817.5 98 101
819.0 83 84
819.0 83 98
820.5 0 1
820.5 1 2
822.0 108 131
822.0 108 132
823.5 37 53
823.5 37 54
825.0 59 71
825.0 59 72
826.5 186 197
826.5 186 198
828.0 39 50
828.0 39 51
829.5 163 175
829.5 163 176
831.0 119 128
831.0 119 129
832.5 7 181
832.5 7 182
834.0 188 198
834.0 188 199
835.5 19 22
835.5 19 23
837.0 70 77
837.0 70 78
838.5 40 51
838.5 40 52
840.0 167 172
840.0 167 173
841.5 41 45
841.5 41 46
843.0 116 125
843.0 116 126
844.5 43 48
844.5 43 49
846.0 85 105
846.0 85 106
847.5 160 178
847.5 160 179
849.0 11 22
849.0 11 23
850.5 63 73
850.5 63 74
852.0 161 177
852.0 161 178
853.5 85 101
853.5 85 102
855.0 72 73
855.0 72 74
856.5 95 99
856.5 95 100
858.0 21 26
858.0 21 27
859.5 94 99
859.5 94 100
861.0 19 20
861.0 19 21
862.5 35 42
862.5 35 43
864.0 34 54
864.0 34 55
865.5 172 174
865.5 172 175
867.0 87 90
867.0 87 91
868.5 114 129
868.5 114 130
870.0 63 71
870.0 63 72
871.5 62 63
871.5 62 64
873.0 139 146
873.0 139 147
874.5 29 30
874.5 30 31
876.0 111 132
876.0 112 113
877.5 12 21
877.5 12 22
879.0 38 43
879.0 38 44
880.5 139 148
880.5 139 149
882.0 54 55
882.0 55 56
883.5 188 190
883.5 188 191
885.0 87 94
885.0 87 95
886.5 64 68
886.5 64 69
888.0 21 22
888.0 21 23
889.5 193 198
889.5 193 199
891.0 43 46
891.0 43 47
892.5 7 29
892.5 7 30
894.0 135 153
894.0 135 154
895.5 114 121
895.5 114 122
897.0 138 155
897.0 138 156
898.5 139 152
898.5 139 153
900.0 137 145
900.0 137 146
901.5 110 130
901.5 110 131
903.0 8 30
903.0 8 31
904.5 91 97
904.5 91 98
906.0 140 150
906.0 140 151
907.5 70 71
907.5 70 72
909.0 44 52
909.0 44 53
910.5 61 76
910.5 61 77
912.0 111 126
912.0 111 127
913.5 192 196
913.5 192 197
915.0 74 75
915.0 74 76
916.5 20 24
916.5 20 25
918.0 135 145
918.0 135 146
919.5 105 106
919.5 106 107
921.0 90 99
921.0 90 100
922.5 77 78
922.5 78 79
924.0 163 167
924.0 163 168
925.5 85 93
925.5 85 94
927.0 89 97
927.0 89 98
928.5 9 28
928.5 9 29
930.0 60 77
930.0 60 78
931.5 138 151
931.5 138 152
933.0 91 93
933.0 91 94
934.5 137 149
934.5 137 150
936.0 83 101
936.0 83 102
937.5 189 192
937.5 189 193
939.0 86 99
939.0 86 100
940.5 20 26
940.5 20 27
942.0 137 155
942.0 137 156
943.5 75 76
943.5 76 77
945.0 159 173
945.0 159 174
946.5 89 95
946.5 89 96
948.0 58 75
948.0 58 76
949.5 12 31
949.5 13 14
951.0 11 18
951.0 11 19
952.5 65 77
952.5 65 78
954.0 94 97
954.0 94 98
955.5 136 156
955.5 136 157
957.0 116 129
957.0 116 130
958.5 40 45
958.5 40 46
960.0 140 144
960.0 140 145
961.5 39 46
961.5 39 47
963.0 86 101
963.0 86 102
964.5 38 49
964.5 38 50
966.0 11 28
966.0 11 29
967.5 68 73
967.5 68 74
969.0 158 177
969.0 158 178
970.5 114 117
970.5 114 118
972.0 143 148
972.0 143 149
973.5 108 123
973.5 108 124
975.0 42 49
975.0 42 50
976.5 14 21
976.5 14 22
978.0 37 39
978.0 37 40
979.5 142 154
979.5 142 155
981.0 140 146
981.0 140 147
982.5 38 39
982.5 38 40
984.0 153 154
984.0 154 155
985.5 62 79
985.5 62 80
987.0 6 131
987.0 6 132
988.5 45 48
988.5 45 49
990.0 81 82
990.0 82 83
991.5 139 144
991.5 139 145
993.0 34 50
993.0 34 51
994.5 162 166
994.5 162 167
996.0 88 106
996.0 89 90
997.5 118 128
997.5 118 129
999.0 82 107
999.0 82 132
1000.5 112 124
1000.5 112 125
1002.0 15 28
1002.0 15 29
1003.5 108 125
1003.5 108 126
1005.0 158 159
1005.0 158 174
1006.5 41 53
1006.5 41 54
1008.0 114 119
1008.0 114 120
1009.5 85 103
1009.5 85 104
1011.0 41 49
1011.0 41 50
1012.5 113 130
1012.5 113 131
1014.0 193 194
1014.0 193 195
1015.5 132 154
1015.5 132 155
1017.0 63 67
1017.0 63 68
1018.5 63 81
1018.5 64 65
1020.0 197 198
1020.0 197 199
1021.5 94 103
1021.5 95 96
1023.0 32 53
1023.0 32 54
1024.5 61 66
1024.5 61 67
1026.0 142 150
1026.0 142 151
1027.5 36 42
1027.5 36 43
1029.0 187 195
1029.0 187 196
1030.5 114 123
1030.5 114 124
1032.0 7 106
1032.0 7 107
1033.5 114 131
1033.5 115 116
1035.0 135 157
1035.0 136 137
1036.5 92 104
1036.5 93 94
1038.0 66 71
1038.0 66 72
1039.5 38 53
1039.5 38 54
1041.0 133 149
1041.0 133 150
1042.5 10 24
1042.5 10 25
1044.0 12 29
1044.0 12 30
1045.5 47 50
1045.5 47 51
1047.0 147 150
1047.0 147 151
1048.5 15 16
1048.5 15 17
1050.0 66 73
1050.0 66 74
1051.5 35 54
1051.5 35 55
1053.0 115 125
1053.0 115 126
1054.5 65 71
1054.5 65 72
1056.0 143 144
1056.0 143 145
1057.5 157 158
1057.5 157 178
1059.0 60 73
1059.0 60 74
1060.5 138 147
1060.5 138 148
1062.0 92 100
1062.0 92 101
1063.5 47 52
1063.5 48 49
1065.0 2 3
1065.0 3 4
1066.5 36 56
1066.5 37 38
1068.0 127 128
1068.0 128 129
1069.5 82 157
1069.5 82 182
1071.0 64 78
1071.0 64 79
1072.5 117 130
1072.5 118 119
1074.0 22 23
1074.0 22 24
1075.5 31 181
1075.5 31 182
1077.0 147 148
1077.0 147 149
1078.5 90 105
1078.5 91 92
1080.0 165 174
1080.0 165 175
1081.5 116 123
1081.5 116 124
1083.0 161 179
1083.0 161 180
1084.5 108 129
1084.5 108 130
1086.0 38 45
1086.0 38 46
1087.5 121 126
1087.5 121 127
1089.0 138 149
1089.0 138 150
1090.5 13 25
1090.5 13 26
1092.0 139 150
1092.0 139 151
1093.5 23 24
1093.5 23 25
1095.0 95 103
1095.0 96 97
1096.5 109 128
1096.5 109 129
1098.0 93 95
1098.0 93 96
1099.5 7 131
1099.5 7 132
1101.0 146 148
1101.0 146 149
1102.5 36 50
1102.5 36 51
1104.0 36 52
1104.0 36 53
1105.5 188 194
1105.5 188 195
1107.0 18 21
1107.0 18 22
1108.5 34 46
1108.5 34 47
1110.0 111 120
1110.0 111 121
1111.5 194 199
1111.5 195 196
1113.0 34 48
1113.0 34 49
1114.5 38 55
1114.5 38 56
1116.0 57 75
1116.0 57 76
1117.5 83 103
1117.5 83 104
1119.0 14 27
1119.0 14 28
1120.5 42 43
1120.5 42 44
1122.0 57 81
1122.0 57 82
1123.5 116 121
1123.5 116 122
1125.0 117 122
1125.0 117 123
1126.5 120 127
1126.5 120 128
1128.0 142 146
1128.0 142 147
1129.5 163 179
1129.5 163 180
1131.0 15 30
1131.0 16 17
1132.5 46 47
1132.5 46 48
1134.0 62 73
1134.0 62 74
1135.5 137 138
1135.5 137 140
1137.0 84 95
1137.0 84 96
1138.5 113 118
1138.5 113 119
1140.0 14 25
1140.0 14 26
1141.5 133 157
1141.5 134 135
1143.0 160 174
1143.0 160 175
1144.5 32 57
1144.5 32 81
1146.0 162 180
1146.0 162 181
1147.5 66 79
1147.5 66 80
1149.0 113 126
1149.0 113 127
1150.5 87 88
1150.5 87 89
1152.0 35 46
1152.0 35 47
1153.5 37 55
1153.5 37 56
1155.0 68 77
1155.0 68 78
1156.5 59 75
1156.5 59 76
1158.0 190 197
1158.0 190 198
1159.5 66 67
1159.5 66 68
1161.0 14 29
1161.0 14 30
1162.5 61 78
1162.5 61 79
1164.0 198 199
1165.5 187 199
1165.5 188 189
1167.0 120 125
1167.0 120 126
1168.5 82 103
1168.5 82 104
1170.0 136 150
1170.0 136 151
1171.5 167 176
1171.5 167 177
1173.0 157 179
1173.0 157 180
1174.5 61 72
1174.5 61 73
1176.0 91 103
1176.0 91 104
1177.5 23 26
1177.5 24 25
1179.0 10 30
1179.0 10 31
1180.5 107 130
1180.5 107 131
1182.0 6 156
1182.0 6 157
1183.5 10 28
1183.5 10 29
1185.0 170 174
1185.0 170 175
1186.5 112 114
1186.5 112 115
1188.0 121 124
1188.0 121 125
1189.5 27 28
1189.5 28 29
1191.0 139 142
1191.0 139 143
1192.5 32 182
1192.5 33 34
1194.0 71 72
1194.0 71 73
1195.5 91 95
1195.5 91 96
1197.0 93 99
1197.0 93 100
1198.5 165 168
1198.5 165 169
1200.0 63 77
1200.0 63 78
1201.5 62 81
1201.5 63 64
1203.0 92 94
1203.0 92 95
1204.5 158 179
1204.5 158 180
1206.0 89 99
1206.0 89 100
1207.5 88 94
1207.5 88 95
1209.0 44 50
1209.0 44 51
1210.5 146 150
1210.5 146 151
1212.0 37 45
1212.0 37 46
1213.5 84 107
1213.5 85 86
1215.0 38 47
1215.0 38 48
1216.5 50 51
1216.5 51 52
1218.0 40 49
1218.0 40 50
1219.5 7 156
1219.5 7 157
1221.0 163 177
1221.0 163 178
1222.5 164 166
1222.5 164 167
1224.0 97 98
1224.0 97 99
1225.5 107 132
1225.5 107 157
1227.0 39 40
1227.0 39 41
1228.5 58 73
1228.5 58 74
1230.0 119 122
1230.0 119 123
1231.5 138 145
1231.5 138 146
1233.0 90 93
1233.0 90 94
1234.5 45 46
1234.5 45 47
1236.0 193 196
1236.0 193 197
1237.5 95 101
1237.5 95 102
