0 108 116
0 108 117
1.5 85 96
1.5 85 97
3.0 92 96
3.0 92 97
4.5 120 143
4.5 121 122
6.0 146 147
6.0 146 148
7.5 178 188
7.5 179 180
9.0 176 181
9.0 176 182
10.5 74 78
10.5 74 79
12.0 99 105
12.0 99 106
13.5 7 9
13.5 7 10
15.0 104 117
15.0 104 118
16.5 146 151
16.5 146 152
18.0 98 138
18.0 98 139
19.5 101 122
19.5 101 134
21.0 145 148
21.0 145 149
22.5 152 153
22.5 152 154
24.0 189 195
24.0 189 196
25.5 146 153
25.5 146 154
27.0 93 94
27.0 93 95
28.5 83 85
28.5 83 86
30.0 85 86
30.0 85 87
31.5 4 10
31.5 4 11
33.0 32 49
33.0 32 50
34.5 6 8
34.5 6 9
36.0 136 142
36.0 136 143
37.5 49 51
37.5 50 51
39.0 53 97
39.0 54 55
40.5 163 166
40.5 163 167
42.0 100 115
42.0 100 116
43.5 36 46
43.5 36 47
45.0 119 139
45.0 119 140
46.5 177 186
46.5 177 187
48.0 105 106
48.0 105 115
49.5 161 162
49.5 161 163
51.0 128 135
51.0 128 136
52.5 68 73
52.5 68 74
54.0 100 135
54.0 100 136
55.5 99 138
55.5 99 139
57.0 83 91
57.0 83 92
58.5 16 23
58.5 16 24
60.0 17 18
60.0 17 22
61.5 83 87
61.5 83 88
63.0 29 53
63.0 30 31
64.5 119 143
64.5 120 121
66.0 162 168
66.0 162 169
67.5 57 65
67.5 57 66
69.0 136 140
69.0 136 141
70.5 101 106
70.5 101 107
72.0 129 133
72.0 129 134
73.5 145 154
73.5 145 155
75.0 73 81
75.0 74 75
76.5 67 79
76.5 67 80
78.0 166 170
78.0 166 171
79.5 0 50
79.5 0 51
81.0 122 142
81.0 122 143
82.5 16 27
82.5 16 28
84.0 147 157
84.0 148 149
85.5 102 104
85.5 102 105
87.0 1 49
87.0 1 50
88.5 157 170
88.5 157 171
90.0 153 154
90.0 153 155
91.5 160 165
91.5 160 166
93.0 172 173
93.0 172 180
94.5 72 81
94.5 73 74
96.0 166 168
96.0 166 169
97.5 28 29
97.5 28 46
99.0 149 150
99.0 149 151
100.5 37 46
100.5 37 49
102.0 175 181
102.0 175 182
103.5 28 47
103.5 28 48
105.0 111 114
105.0 111 115
106.5 189 197
106.5 189 198
108.0 107 140
108.0 107 141
109.5 99 134
109.5 99 135
111.0 17 23
111.0 17 24
112.5 15 47
112.5 15 48
114.0 53 67
114.0 53 81
115.5 58 63
115.5 58 64
117.0 89 92
117.0 89 93
118.5 170 171
118.5 171 172
120.0 60 66
120.0 61 62
121.5 37 44
121.5 37 45
123.0 55 59
123.0 55 60
124.5 2 10
124.5 2 11
126.0 160 163
126.0 160 164
127.5 163 170
127.5 163 171
129.0 86 87
129.0 86 88
130.5 65 66
130.5 66 67
132.0 62 63
132.0 62 64
133.5 71 80
133.5 71 81
135.0 45 46
135.0 45 50
136.5 95 96
136.5 96 97
138.0 1 47
138.0 1 48
139.5 111 112
139.5 111 113
141.0 160 171
141.0 160 172
142.5 34 46
142.5 34 47
144.0 60 62
144.0 60 63
145.5 101 104
145.5 101 105
147.0 16 50
147.0 16 51
148.5 55 67
148.5 56 57
150.0 180 185
150.0 180 186
151.5 97 142
151.5 97 143
153.0 63 65
153.0 64 65
154.5 45 51
154.5 45 52
156.0 1 9
156.0 1 10
157.5 97 144
157.5 97 157
159.0 125 135
159.0 125 136
160.5 33 47
160.5 33 48
162.0 20 24
162.0 20 25
163.5 173 174
163.5 173 175
165.0 105 120
165.0 105 136
166.5 158 170
166.5 158 171
168.0 126 132
168.0 126 133
169.5 29 51
169.5 29 52
171.0 173 184
171.0 173 185
172.5 37 50
172.5 37 51
174.0 175 185
174.0 175 186
175.5 149 152
175.5 149 153
177.0 56 60
177.0 56 61
178.5 71 76
178.5 71 77
180.0 137 138
180.0 137 139
181.5 1 2
181.5 1 8
183.0 89 94
183.0 89 95
184.5 86 97
184.5 87 88
186.0 189 199
186.0 190 191
187.5 121 143
187.5 122 123
189.0 35 36
189.0 35 42
190.5 183 185
190.5 183 186
192.0 34 44
192.0 34 45
193.5 62 65
193.5 63 64
195.0 148 154
195.0 148 155
196.5 174 184
196.5 174 185
198.0 173 182
198.0 173 183
199.5 2 52
199.5 2 53
201.0 57 59
201.0 57 60
202.5 168 171
202.5 169 170
204.0 98 120
204.0 98 121
205.5 180 181
205.5 180 182
207.0 30 52
207.0 30 53
208.5 133 134
208.5 134 135
210.0 17 25
210.0 17 26
211.5 105 141
211.5 105 142
213.0 108 114
213.0 108 115
214.5 102 119
214.5 102 120
216.0 101 143
216.0 102 103
217.5 90 95
217.5 90 96
219.0 177 178
219.0 177 179
220.5 24 25
220.5 25 26
222.0 30 46
222.0 30 47
223.5 151 155
223.5 151 156
225.0 144 145
225.0 144 151
226.5 129 131
226.5 129 132
228.0 103 143
228.0 104 105
229.5 16 25
229.5 16 26
231.0 99 172
231.0 99 188
232.5 87 91
232.5 87 92
234.0 110 116
234.0 110 117
235.5 101 114
235.5 101 115
237.0 81 97
237.0 82 83
238.5 18 22
238.5 18 23
240.0 118 142
240.0 118 143
241.5 150 153
241.5 150 154
243.0 3 4
243.0 3 7
244.5 191 196
244.5 191 197
246.0 14 50
246.0 14 51
247.5 138 139
247.5 138 140
249.0 33 51
249.0 33 52
250.5 124 135
250.5 124 136
252.0 113 114
252.0 113 115
253.5 32 45
253.5 32 46
255.0 68 75
255.0 68 76
256.5 99 144
256.5 99 157
258.0 191 194
258.0 191 195
259.5 31 53
259.5 32 33
261.0 2 12
261.0 2 13
262.5 67 68
262.5 67 74
264.0 1 51
264.0 1 52
265.5 83 93
265.5 83 94
267.0 54 59
267.0 54 60
268.5 74 76
268.5 74 77
270.0 15 53
270.0 16 17
271.5 101 135
271.5 101 136
273.0 149 154
273.0 149 155
274.5 0 12
274.5 0 13
276.0 35 47
276.0 35 48
277.5 15 27
277.5 15 28
279.0 60 64
279.0 60 65
280.5 80 81
280.5 81 82
282.0 68 77
282.0 68 78
283.5 99 101
283.5 99 102
285.0 69 77
285.0 69 78
286.5 111 116
286.5 112 113
288.0 72 79
288.0 72 80
289.5 127 138
289.5 127 139
291.0 83 95
291.0 83 96
292.5 142 143
292.5 143 144
294.0 106 114
294.0 106 115
295.5 89 96
295.5 89 97
297.0 26 27
297.0 27 28
298.5 92 94
298.5 92 95
300.0 20 22
300.0 20 23
301.5 98 124
301.5 98 133
303.0 84 90
303.0 84 91
304.5 28 51
304.5 28 52
306.0 105 118
306.0 105 119
307.5 193 197
307.5 194 195
309.0 33 49
309.0 33 50
310.5 178 180
310.5 178 181
312.0 21 25
312.0 22 23
313.5 126 142
313.5 126 143
315.0 182 186
315.0 182 187
316.5 90 93
316.5 90 94
318.0 75 79
318.0 75 80
319.5 87 95
319.5 87 96
321.0 14 25
321.0 14 26
322.5 105 116
322.5 105 117
324.0 94 95
324.0 94 96
325.5 69 73
325.5 69 74
327.0 98 118
327.0 98 119
328.5 135 136
328.5 136 137
330.0 27 52
330.0 27 53
331.5 174 180
331.5 174 181
333.0 161 168
333.0 161 169
334.5 159 163
334.5 159 164
336.0 84 92
336.0 84 93
337.5 19 20
337.5 19 21
339.0 0 48
339.0 0 49
340.5 101 141
340.5 101 142
342.0 36 52
342.0 37 38
343.5 181 188
343.5 182 183
345.0 32 47
345.0 32 48
346.5 120 141
346.5 120 142
348.0 173 188
348.0 174 175
349.5 15 29
349.5 15 46
351.0 152 155
351.0 152 156
352.5 179 185
352.5 179 186
354.0 131 133
354.0 132 133
355.5 72 75
355.5 72 76
357.0 35 43
357.0 35 44
358.5 180 183
358.5 180 184
360.0 98 114
360.0 98 115
361.5 192 198
361.5 193 194
363.0 121 141
363.0 121 142
364.5 71 74
364.5 71 75
366.0 70 78
366.0 70 79
367.5 91 95
367.5 91 96
369.0 159 169
369.0 159 170
370.5 68 71
370.5 68 72
372.0 178 182
372.0 178 183
373.5 19 26
373.5 20 21
375.0 101 120
375.0 101 121
376.5 100 141
376.5 100 142
378.0 106 143
378.0 107 108
379.5 98 102
379.5 98 103
381.0 162 170
381.0 162 171
382.5 127 136
382.5 127 137
384.0 0 10
384.0 0 11
385.5 174 186
385.5 174 187
387.0 84 96
387.0 84 97
388.5 84 86
388.5 84 87
390.0 159 161
390.0 159 162
391.5 15 16
391.5 15 24
393.0 165 169
393.0 165 170
394.5 90 91
394.5 90 92
396.0 1 13
396.0 1 46
397.5 147 153
397.5 147 154
399.0 47 50
399.0 47 51
400.5 192 196
400.5 192 197
402.0 126 136
402.0 126 137
403.5 144 154
403.5 144 155
405.0 30 50
405.0 30 51
406.5 128 133
406.5 128 134
408.0 13 28
408.0 13 29
409.5 18 26
409.5 18 27
411.0 59 64
411.0 59 65
412.5 31 49
412.5 31 50
414.0 106 116
414.0 106 117
415.5 107 113
415.5 107 114
417.0 34 42
417.0 34 43
418.5 163 168
418.5 163 169
420.0 90 97
420.0 91 92
421.5 122 136
421.5 122 137
423.0 192 194
423.0 192 195
424.5 82 95
424.5 82 96
426.0 54 67
426.0 55 56
427.5 13 53
427.5 14 15
429.0 85 90
429.0 85 91
430.5 127 134
430.5 127 135
432.0 106 118
432.0 106 119
433.5 158 159
433.5 158 163
435.0 83 89
435.0 83 90
436.5 28 49
436.5 28 50
438.0 107 117
438.0 107 118
439.5 73 77
439.5 73 78
441.0 47 48
441.0 47 49
442.5 164 171
442.5 165 166
444.0 103 137
444.0 103 138
445.5 121 135
445.5 121 136
447.0 0 46
447.0 0 47
448.5 137 142
448.5 137 143
450.0 61 65
450.0 61 66
451.5 102 142
451.5 102 143
453.0 102 117
453.0 102 118
454.5 167 168
454.5 167 169
456.0 38 40
456.0 38 41
457.5 69 79
457.5 69 80
459.0 82 93
459.0 82 94
460.5 158 168
460.5 158 169
462.0 194 196
462.0 195 196
463.5 34 50
463.5 34 51
465.0 31 32
465.0 31 44
466.5 160 169
466.5 160 170
468.0 151 153
468.0 151 154
469.5 99 103
469.5 99 104
471.0 168 169
471.0 168 170
472.5 98 144
472.5 98 157
474.0 124 143
474.0 125 126
475.5 139 142
475.5 140 141
477.0 98 140
477.0 98 141
478.5 100 119
478.5 100 120
480.0 182 188
480.0 183 184
481.5 73 79
481.5 73 80
483.0 72 77
483.0 72 78
484.5 97 188
484.5 98 99
486.0 198 199
487.5 19 22
487.5 19 23
489.0 128 129
489.0 128 130
490.5 146 157
490.5 147 148
492.0 138 141
492.0 138 142
493.5 176 185
493.5 176 186
495.0 38 42
495.0 38 43
496.5 67 81
496.5 67 97
498.0 70 76
498.0 70 77
499.5 147 155
499.5 147 156
501.0 109 112
501.0 109 113
502.5 40 42
502.5 40 43
504.0 67 75
504.0 67 76
505.5 13 51
505.5 13 52
507.0 164 165
507.0 164 166
508.5 82 85
508.5 82 86
510.0 123 137
510.0 123 138
511.5 53 54
511.5 53 62
513.0 156 157
513.0 157 158
514.5 160 167
514.5 160 168
516.0 22 24
516.0 23 24
517.5 114 115
517.5 115 116
519.0 68 81
519.0 69 70
520.5 125 133
520.5 125 134
522.0 68 79
522.0 68 80
523.5 32 51
523.5 32 52
525.0 33 53
525.0 34 35
526.5 107 115
526.5 107 116
528.0 1 53
528.0 2 3
529.5 5 7
529.5 5 8
531.0 35 45
531.0 35 46
532.5 33 45
532.5 33 46
534.0 34 52
534.0 34 53
535.5 35 51
535.5 35 52
537.0 185 186
537.0 185 187
538.5 47 52
538.5 48 49
540.0 98 108
540.0 98 113
541.5 97 98
541.5 97 141
543.0 36 48
543.0 36 49
544.5 160 161
544.5 160 162
546.0 102 136
546.0 102 137
547.5 84 88
547.5 84 89
549.0 55 57
549.0 55 58
550.5 0 52
550.5 0 53
552.0 87 97
552.0 88 89
553.5 13 47
553.5 13 48
555.0 103 135
555.0 103 136
556.5 145 156
556.5 145 157
558.0 123 124
558.0 123 134
559.5 69 75
559.5 69 76
561.0 100 101
561.0 100 102
562.5 147 149
562.5 147 150
564.0 103 141
564.0 103 142
565.5 150 155
565.5 150 156
567.0 100 107
567.0 100 114
568.5 82 89
568.5 82 90
570.0 55 61
570.0 55 62
571.5 172 185
571.5 172 186
573.0 36 44
573.0 36 45
574.5 172 181
574.5 172 182
576.0 76 77
576.0 76 78
577.5 15 51
577.5 15 52
579.0 98 106
579.0 98 107
580.5 181 182
580.5 181 183
582.0 87 89
582.0 87 90
583.5 190 196
583.5 190 197
585.0 88 94
585.0 88 95
586.5 71 78
586.5 71 79
588.0 104 138
588.0 104 139
589.5 3 12
589.5 4 5
591.0 51 52
591.0 52 53
592.5 98 116
592.5 98 117
594.0 76 79
594.0 76 80
595.5 103 115
595.5 103 116
597.0 39 44
597.0 40 41
598.5 175 183
598.5 175 184
600.0 108 118
600.0 108 142
601.5 84 94
601.5 84 95
603.0 77 80
603.0 78 79
604.5 86 91
604.5 86 92
606.0 104 119
606.0 104 120
607.5 6 10
607.5 7 8
609.0 2 8
609.0 2 9
610.5 1 11
610.5 1 12
612.0 36 37
612.0 36 41
613.5 189 193
613.5 189 194
615.0 93 96
615.0 93 97
616.5 159 165
616.5 159 166
618.0 100 121
618.0 100 122
619.5 108 109
619.5 108 113
621.0 124 139
621.0 124 140
622.5 100 137
622.5 100 138
624.0 29 45
624.0 29 46
625.5 101 118
625.5 101 119
627.0 59 62
627.0 59 63
628.5 74 80
628.5 75 76
630.0 89 90
630.0 89 91
631.5 13 49
631.5 13 50
633.0 177 184
633.0 177 185
634.5 148 156
634.5 148 157
636.0 149 156
636.0 149 157
637.5 176 177
637.5 176 178
639.0 81 95
639.0 81 96
640.5 14 46
640.5 14 47
642.0 180 187
642.0 180 188
643.5 122 138
643.5 122 139
645.0 175 177
645.0 175 178
646.5 193 195
646.5 193 196
648.0 123 143
648.0 124 125
649.5 123 141
649.5 123 142
651.0 103 119
651.0 103 120
652.5 159 167
652.5 159 168
654.0 147 151
654.0 147 152
655.5 110 114
655.5 110 115
657.0 101 137
657.0 101 138
658.5 124 137
658.5 124 138
660.0 178 184
660.0 178 185
661.5 87 93
661.5 87 94
663.0 144 172
663.0 144 188
664.5 101 116
664.5 101 117
666.0 56 62
666.0 56 63
667.5 145 150
667.5 145 151
669.0 103 139
669.0 103 140
670.5 86 93
670.5 86 94
672.0 173 178
672.0 173 179
673.5 102 138
673.5 102 139
675.0 120 139
675.0 120 140
676.5 57 61
676.5 57 62
678.0 10 11
678.0 11 12
679.5 61 63
679.5 61 64
681.0 150 151
681.0 150 152
682.5 99 119
682.5 99 120
684.0 105 139
684.0 105 140
685.5 164 167
685.5 164 168
687.0 144 156
687.0 144 157
688.5 116 117
688.5 117 118
690.0 98 122
690.0 98 123
691.5 14 27
691.5 14 28
693.0 70 80
693.0 70 81
694.5 123 139
694.5 123 140
696.0 103 117
696.0 103 118
697.5 32 53
697.5 33 34
699.0 101 102
699.0 101 103
700.5 59 66
700.5 60 61
702.0 70 72
702.0 70 73
703.5 55 65
703.5 55 66
705.0 112 114
705.0 112 115
706.5 48 50
706.5 48 51
708.0 70 74
708.0 70 75
709.5 174 178
709.5 174 179
711.0 101 139
711.0 101 140
712.5 14 29
712.5 14 45
714.0 161 170
714.0 161 171
715.5 146 149
715.5 146 150
717.0 72 73
717.0 72 74
718.5 54 61
718.5 54 62
720.0 34 48
720.0 34 49
721.5 177 180
721.5 177 181
723.0 53 63
723.0 53 64
724.5 172 183
724.5 172 184
726.0 182 184
726.0 182 185
727.5 97 171
727.5 97 172
729.0 17 52
729.0 17 53
730.5 17 50
730.5 17 51
732.0 46 47
732.0 46 48
733.5 165 171
733.5 166 167
735.0 88 96
735.0 88 97
736.5 18 24
736.5 18 25
738.0 121 139
738.0 121 140
739.5 129 135
739.5 130 131
741.0 41 42
741.0 42 43
742.5 184 185
742.5 184 186
744.0 86 89
744.0 86 90
745.5 125 139
745.5 125 140
747.0 99 136
747.0 99 137
748.5 102 121
748.5 102 135
750.0 88 92
750.0 88 93
751.5 105 137
751.5 105 138
753.0 127 132
753.0 127 133
754.5 179 181
754.5 179 182
756.0 100 105
756.0 100 106
757.5 162 166
757.5 162 167
759.0 177 188
759.0 178 179
760.5 73 75
760.5 73 76
762.0 184 187
762.0 184 188
763.5 104 140
763.5 104 141
765.0 53 65
765.0 53 66
766.5 108 143
766.5 109 110
768.0 181 184
768.0 181 185
769.5 120 135
769.5 120 136
771.0 100 123
771.0 100 134
772.5 43 44
772.5 44 45
774.0 190 198
774.0 190 199
775.5 104 136
775.5 104 137
777.0 77 78
777.0 77 79
778.5 124 133
778.5 124 134
780.0 105 143
780.0 106 107
781.5 5 11
781.5 6 7
783.0 174 176
783.0 174 177
784.5 104 142
784.5 104 143
786.0 153 156
786.0 154 155
787.5 13 26
787.5 13 27
789.0 68 69
789.0 68 70
790.5 175 179
790.5 175 180
792.0 177 182
792.0 177 183
793.5 158 166
793.5 158 167
795.0 106 137
795.0 106 138
796.5 124 141
796.5 124 142
798.0 183 187
798.0 183 188
799.5 148 150
799.5 148 151
801.0 0 27
801.0 0 28
802.5 81 93
802.5 81 94
804.0 167 170
804.0 167 171
805.5 88 90
805.5 88 91
807.0 128 141
807.0 128 142
808.5 98 104
808.5 98 105
810.0 15 49
810.0 15 50
811.5 190 194
811.5 190 195
813.0 98 134
813.0 98 135
814.5 4 6
814.5 4 7
816.0 102 115
816.0 102 116
817.5 158 164
817.5 158 165
819.0 67 77
819.0 67 78
820.5 17 27
820.5 17 28
822.0 126 140
822.0 126 141
823.5 179 187
823.5 179 188
825.0 83 97
825.0 84 85
826.5 8 9
826.5 9 10
828.0 46 51
828.0 46 52
829.5 14 52
829.5 14 53
831.0 85 88
831.0 85 89
832.5 31 51
832.5 31 52
834.0 190 192
834.0 190 193
835.5 99 121
835.5 99 122
837.0 55 63
837.0 55 64
838.5 71 72
838.5 71 73
840.0 139 140
840.0 139 141
841.5 118 119
841.5 118 141
843.0 75 77
843.0 75 78
844.5 21 23
844.5 21 24
846.0 172 187
846.0 172 188
847.5 126 134
847.5 126 135
849.0 20 26
849.0 21 22
850.5 109 114
850.5 109 115
852.0 4 12
852.0 5 6
853.5 144 152
853.5 144 153
855.0 30 48
855.0 30 49
856.5 86 95
856.5 86 96
858.0 181 186
858.0 181 187
859.5 140 142
859.5 141 142
861.0 173 176
861.0 173 177
862.5 54 65
862.5 54 66
864.0 82 97
864.0 83 84
865.5 85 94
865.5 85 95
867.0 4 8
867.0 4 9
868.5 15 25
868.5 15 26
870.0 148 152
870.0 148 153
871.5 188 189
871.5 189 190
873.0 178 186
873.0 178 187
874.5 145 152
874.5 145 153
876.0 99 142
876.0 99 143
877.5 130 134
877.5 131 132
879.0 110 112
879.0 110 113
880.5 122 134
880.5 122 135
882.0 36 42
882.0 36 43
883.5 36 50
883.5 36 51
885.0 145 146
885.0 145 147
886.5 146 155
886.5 146 156
888.0 46 49
888.0 46 50
889.5 120 137
889.5 120 138
891.0 125 137
891.0 125 138
892.5 85 92
892.5 85 93
894.0 119 141
894.0 119 142
895.5 98 188
895.5 99 100
897.0 29 49
897.0 29 50
898.5 18 19
898.5 18 21
900.0 100 117
900.0 100 118
901.5 0 1
901.5 0 9
903.0 99 113
903.0 99 114
904.5 127 128
904.5 127 131
906.0 106 141
906.0 106 142
907.5 176 187
907.5 176 188
909.0 19 24
909.0 19 25
910.5 125 143
910.5 126 127
912.0 82 87
912.0 82 88
913.5 128 131
913.5 128 132
915.0 191 198
915.0 192 193
916.5 13 45
916.5 13 46
918.0 28 53
918.0 29 30
919.5 48 52
919.5 49 50
921.0 176 179
921.0 176 180
922.5 161 164
922.5 161 165
924.0 161 172
924.0 162 163
925.5 176 183
925.5 176 184
927.0 126 138
927.0 126 139
928.5 78 80
928.5 79 80
930.0 162 164
930.0 162 165
931.5 196 197
931.5 197 198
933.0 173 180
933.0 173 181
934.5 100 103
934.5 100 104
936.0 5 9
936.0 5 10
937.5 119 120
937.5 119 136
939.0 128 143
939.0 129 130
940.5 100 143
940.5 100 144
942.0 106 139
942.0 106 140
943.5 32 43
943.5 32 44
945.0 31 45
945.0 31 46
946.5 37 52
946.5 38 39
948.0 99 115
948.0 99 116
949.5 37 40
949.5 37 41
951.0 39 42
951.0 39 43
952.5 121 137
952.5 121 138
954.0 0 29
954.0 0 45
955.5 58 59
955.5 58 60
957.0 39 40
957.0 39 41
958.5 69 81
958.5 70 71
960.0 38 44
960.0 38 45
961.5 150 157
961.5 151 152
963.0 99 117
963.0 99 118
964.5 119 137
964.5 119 138
966.0 174 188
966.0 175 176
967.5 56 66
967.5 57 58
969.0 102 106
969.0 102 114
970.5 69 71
970.5 69 72
972.0 14 48
972.0 14 49
973.5 137 140
973.5 137 141
975.0 109 116
975.0 109 117
976.5 174 182
976.5 174 183
978.0 98 142
978.0 98 143
979.5 154 156
979.5 155 156
981.0 186 187
981.0 187 188
982.5 91 97
982.5 92 93
984.0 158 172
984.0 159 160
985.5 59 60
985.5 59 61
987.0 35 49
987.0 35 50
988.5 173 186
988.5 173 187
990.0 82 91
990.0 82 92
991.5 33 43
991.5 33 44
993.0 99 140
993.0 99 141
994.5 91 93
994.5 91 94
996.0 54 57
996.0 54 58
997.5 58 61
997.5 58 62
999.0 164 169
999.0 164 170
1000.5 125 141
1000.5 125 142
1002.0 107 119
1002.0 107 139
1003.5 175 187
1003.5 175 188
1005.0 161 166
1005.0 161 167
1006.5 123 135
1006.5 123 136
1008.0 3 8
1008.0 3 9
1009.5 16 48
1009.5 16 49
1011.0 107 142
1011.0 107 143
1012.5 37 42
1012.5 37 43
1014.0 12 13
1014.0 13 14
1015.5 165 167
1015.5 165 168
1017.0 98 171
1017.0 98 172
1018.5 122 140
1018.5 122 141
1020.0 2 50
1020.0 2 51
1021.5 179 183
1021.5 179 184
1023.0 16 52
1023.0 16 53
1024.5 31 47
1024.5 31 48
1026.0 100 139
1026.0 100 140
1027.5 99 107
1027.5 99 108
1029.0 57 63
1029.0 57 64
1030.5 191 192
1030.5 191 193
1032.0 130 132
1032.0 130 133
1033.5 104 115
1033.5 104 116
1035.0 30 44
1035.0 30 45
1036.5 157 172
1036.5 157 188
1038.0 102 140
1038.0 102 141
1039.5 127 140
1039.5 127 141
1041.0 103 104
1041.0 103 105
1042.5 99 123
1042.5 99 124
1044.0 127 142
1044.0 127 143
1045.5 163 164
1045.5 163 165
1047.0 58 65
1047.0 58 66
1048.5 29 47
1048.5 29 48
1050.0 159 171
1050.0 159 172
1051.5 56 58
1051.5 56 59
1053.0 109 118
1053.0 110 111
1054.5 98 136
1054.5 98 137
1056.0 56 64
1056.0 56 65
1057.5 54 63
1057.5 54 64
1059.0 3 10
1059.0 3 11
