0 99 138
0 99 139
0.501 162 168
0.501 162 169
1.0019999999999998 179 187
1.0019999999999998 179 188
1.5029999999999997 105 139
1.5029999999999997 105 140
2.0039999999999996 16 52
2.0039999999999996 16 53
2.5049999999999994 1 49
2.5049999999999994 1 50
3.0059999999999993 185 186
3.0059999999999993 185 187
3.5069999999999992 29 49
3.5069999999999992 29 50
4.008 31 32
4.008 31 44
4.509 116 117
4.509 117 118
5.010000000000001 26 27
5.010000000000001 27 28
5.511000000000001 88 94
5.511000000000001 88 95
6.012000000000001 122 134
6.012000000000001 122 135
6.513000000000002 78 80
6.513000000000002 79 80
7.014000000000002 108 143
7.014000000000002 109 110
7.515000000000002 54 65
7.515000000000002 54 66
8.016000000000002 192 198
8.016000000000002 193 194
8.517000000000001 68 69
8.517000000000001 68 70
9.018 186 187
9.018 187 188
9.519 4 10
9.519 4 11
10.02 158 170
10.02 158 171
10.520999999999999 190 194
10.520999999999999 190 195
11.021999999999998 31 49
11.021999999999998 31 50
11.522999999999998 8 9
11.522999999999998 9 10
12.023999999999997 67 79
12.023999999999997 67 80
12.524999999999997 97 142
12.524999999999997 97 143
13.025999999999996 20 24
13.025999999999996 20 25
13.526999999999996 65 66
13.526999999999996 66 67
14.027999999999995 101 118
14.027999999999995 101 119
14.528999999999995 85 94
14.528999999999995 85 95
15.029999999999994 101 114
15.029999999999994 101 115
15.530999999999993 21 25
15.530999999999993 22 23
16.031999999999993 54 57
16.031999999999993 54 58
16.532999999999994 34 52
16.532999999999994 34 53
17.033999999999995 37 50
17.033999999999995 37 51
17.534999999999997 106 114
17.534999999999997 106 115
18.035999999999998 18 22
18.035999999999998 18 23
18.537 14 48
18.537 14 49
19.038 76 79
19.038 76 80
19.539 113 114
19.539 113 115
20.040000000000003 55 63
20.040000000000003 55 64
20.541000000000004 82 89
20.541000000000004 82 90
21.042000000000005 5 7
21.042000000000005 5 8
21.543000000000006 13 53
21.543000000000006 14 15
22.044000000000008 2 50
22.044000000000008 2 51
22.54500000000001 104 117
22.54500000000001 104 118
23.04600000000001 163 170
23.04600000000001 163 171
23.54700000000001 18 19
23.54700000000001 18 21
24.048000000000012 181 186
24.048000000000012 181 187
24.549000000000014 99 101
24.549000000000014 99 102
25.050000000000015 101 104
25.050000000000015 101 105
25.551000000000016 82 95
25.551000000000016 82 96
26.052000000000017 183 185
26.052000000000017 183 186
26.55300000000002 31 51
26.55300000000002 31 52
27.05400000000002 124 143
27.05400000000002 125 126
27.55500000000002 108 116
27.55500000000002 108 117
28.056000000000022 77 80
28.056000000000022 78 79
28.557000000000023 72 77
28.557000000000023 72 78
29.058000000000025 99 123
29.058000000000025 99 124
29.559000000000026 15 29
29.559000000000026 15 46
30.060000000000027 174 188
30.060000000000027 175 176
30.56100000000003 146 147
30.56100000000003 146 148
31.06200000000003 1 53
31.06200000000003 2 3
31.56300000000003 168 171
31.56300000000003 169 170
32.06400000000003 159 161
32.06400000000003 159 162
32.565000000000026 98 122
32.565000000000026 98 123
33.066000000000024 0 46
33.066000000000024 0 47
33.56700000000002 110 116
33.56700000000002 110 117
34.06800000000002 109 112
34.06800000000002 109 113
34.56900000000002 158 159
34.56900000000002 158 163
35.070000000000014 124 137
35.070000000000014 124 138
35.57100000000001 97 188
35.57100000000001 98 99
36.07200000000001 164 171
36.07200000000001 165 166
36.57300000000001 165 167
36.57300000000001 165 168
37.074000000000005 126 138
37.074000000000005 126 139
37.575 93 94
37.575 93 95
38.076 160 171
38.076 160 172
38.577 82 87
38.577 82 88
39.077999999999996 90 91
39.077999999999996 90 92
39.57899999999999 13 26
39.57899999999999 13 27
40.07999999999999 19 26
40.07999999999999 20 21
40.58099999999999 85 88
40.58099999999999 85 89
41.08199999999999 104 140
41.08199999999999 104 141
41.582999999999984 99 113
41.582999999999984 99 114
42.08399999999998 144 145
42.08399999999998 144 151
42.58499999999998 100 141
42.58499999999998 100 142
43.08599999999998 87 93
43.08599999999998 87 94
43.586999999999975 101 143
43.586999999999975 102 103
44.08799999999997 179 185
44.08799999999997 179 186
44.58899999999997 99 117
44.58899999999997 99 118
45.08999999999997 120 135
45.08999999999997 120 136
45.590999999999966 104 142
45.590999999999966 104 143
46.09199999999996 98 116
46.09199999999996 98 117
46.59299999999996 48 52
46.59299999999996 49 50
47.09399999999996 36 48
47.09399999999996 36 49
47.594999999999956 2 52
47.594999999999956 2 53
48.095999999999954 28 29
48.095999999999954 28 46
48.59699999999995 94 95
48.59699999999995 94 96
49.09799999999995 120 143
49.09799999999995 121 122
49.59899999999995 98 142
49.59899999999995 98 143
50.099999999999945 159 169
50.099999999999945 159 170
50.60099999999994 20 22
50.60099999999994 20 23
51.10199999999994 0 48
51.10199999999994 0 49
51.60299999999994 4 6
51.60299999999994 4 7
52.103999999999935 30 48
52.103999999999935 30 49
52.60499999999993 53 65
52.60499999999993 53 66
53.10599999999993 125 135
53.10599999999993 125 136
53.60699999999993 98 120
53.60699999999993 98 121
54.107999999999926 91 97
54.107999999999926 92 93
54.608999999999924 127 138
54.608999999999924 127 139
55.10999999999992 36 46
55.10999999999992 36 47
55.61099999999992 59 62
55.61099999999992 59 63
56.11199999999992 17 18
56.11199999999992 17 22
56.612999999999914 147 153
56.612999999999914 147 154
57.11399999999991 58 63
57.11399999999991 58 64
57.61499999999991 127 140
57.61499999999991 127 141
58.11599999999991 161 162
58.11599999999991 161 163
58.616999999999905 118 119
58.616999999999905 118 141
59.1179999999999 182 186
59.1179999999999 182 187
59.6189999999999 17 25
59.6189999999999 17 26
60.1199999999999 126 132
60.1199999999999 126 133
60.620999999999896 104 119
60.620999999999896 104 120
61.12199999999989 55 67
61.12199999999989 56 57
61.62299999999989 166 170
61.62299999999989 166 171
62.12399999999989 128 143
62.12399999999989 129 130
62.624999999999886 37 42
62.624999999999886 37 43
63.125999999999884 38 40
63.125999999999884 38 41
63.62699999999988 20 26
63.62699999999988 21 22
64.12799999999989 16 50
64.12799999999989 16 51
64.62899999999989 101 141
64.62899999999989 101 142
65.1299999999999 53 67
65.1299999999999 53 81
65.6309999999999 85 90
65.6309999999999 85 91
66.1319999999999 53 54
66.1319999999999 53 62
66.63299999999991 97 144
66.63299999999991 97 157
67.13399999999992 36 37
67.13399999999992 36 41
67.63499999999992 92 96
67.63499999999992 92 97
68.13599999999992 40 42
68.13599999999992 40 43
68.63699999999993 189 197
68.63699999999993 189 198
69.13799999999993 104 115
69.13799999999993 104 116
69.63899999999994 99 107
69.63899999999994 99 108
70.13999999999994 156 157
70.13999999999994 157 158
70.64099999999995 135 136
70.64099999999995 136 137
71.14199999999995 179 183
71.14199999999995 179 184
71.64299999999996 107 115
71.64299999999996 107 116
72.14399999999996 16 23
72.14399999999996 16 24
72.64499999999997 100 139
72.64499999999997 100 140
73.14599999999997 173 178
73.14599999999997 173 179
73.64699999999998 102 140
73.64699999999998 102 141
74.14799999999998 148 152
74.14799999999998 148 153
74.64899999999999 110 114
74.64899999999999 110 115
75.14999999999999 3 10
75.14999999999999 3 11
75.651 3 8
75.651 3 9
76.152 176 185
76.152 176 186
76.653 17 52
76.653 17 53
77.15400000000001 6 10
77.15400000000001 7 8
77.65500000000002 72 75
77.65500000000002 72 76
78.15600000000002 73 75
78.15600000000002 73 76
78.65700000000002 146 155
78.65700000000002 146 156
79.15800000000003 46 49
79.15800000000003 46 50
79.65900000000003 74 80
79.65900000000003 75 76
80.16000000000004 5 9
80.16000000000004 5 10
80.66100000000004 175 181
80.66100000000004 175 182
81.16200000000005 33 49
81.16200000000005 33 50
81.66300000000005 106 116
81.66300000000005 106 117
82.16400000000006 122 136
82.16400000000006 122 137
82.66500000000006 121 139
82.66500000000006 121 140
83.16600000000007 182 184
83.16600000000007 182 185
83.66700000000007 105 116
83.66700000000007 105 117
84.16800000000008 1 11
84.16800000000008 1 12
84.66900000000008 81 95
84.66900000000008 81 96
85.17000000000009 28 47
85.17000000000009 28 48
85.67100000000009 72 79
85.67100000000009 72 80
86.1720000000001 176 177
86.1720000000001 176 178
86.6730000000001 102 117
86.6730000000001 102 118
87.1740000000001 37 46
87.1740000000001 37 49
87.67500000000011 46 47
87.67500000000011 46 48
88.17600000000012 29 45
88.17600000000012 29 46
88.67700000000012 145 150
88.67700000000012 145 151
89.17800000000013 82 93
89.17800000000013 82 94
89.67900000000013 34 48
89.67900000000013 34 49
90.18000000000013 104 138
90.18000000000013 104 139
90.68100000000014 69 81
90.68100000000014 70 71
91.18200000000014 150 153
91.18200000000014 150 154
91.68300000000015 108 114
91.68300000000015 108 115
92.18400000000015 104 136
92.18400000000015 104 137
92.68500000000016 13 51
92.68500000000016 13 52
93.18600000000016 100 143
93.18600000000016 100 144
93.68700000000017 126 134
93.68700000000017 126 135
94.18800000000017 106 143
94.18800000000017 107 108
94.68900000000018 71 78
94.68900000000018 71 79
95.19000000000018 178 186
95.19000000000018 178 187
95.69100000000019 15 25
95.69100000000019 15 26
96.19200000000019 123 124
96.19200000000019 123 134
96.6930000000002 182 188
96.6930000000002 183 184
97.1940000000002 139 142
97.1940000000002 140 141
97.6950000000002 99 105
97.6950000000002 99 106
98.19600000000021 177 180
98.19600000000021 177 181
98.69700000000022 55 57
98.69700000000022 55 58
99.19800000000022 119 139
99.19800000000022 119 140
99.69900000000023 41 42
99.69900000000023 42 43
100.20000000000023 111 112
100.20000000000023 111 113
100.70100000000023 60 64
100.70100000000023 60 65
101.20200000000024 99 103
101.20200000000024 99 104
101.70300000000024 190 192
101.70300000000024 190 193
102.20400000000025 125 137
102.20400000000025 125 138
102.70500000000025 161 168
102.70500000000025 161 169
103.20600000000026 100 103
103.20600000000026 100 104
103.70700000000026 175 187
103.70700000000026 175 188
104.20800000000027 176 183
104.20800000000027 176 184
104.70900000000027 74 78
104.70900000000027 74 79
105.21000000000028 74 76
105.21000000000028 74 77
105.71100000000028 159 167
105.71100000000028 159 168
106.21200000000029 15 49
106.21200000000029 15 50
106.71300000000029 1 13
106.71300000000029 1 46
107.2140000000003 33 53
107.2140000000003 34 35
107.7150000000003 24 25
107.7150000000003 25 26
108.2160000000003 160 161
108.2160000000003 160 162
108.71700000000031 18 26
108.71700000000031 18 27
109.21800000000032 56 66
109.21800000000032 57 58
109.71900000000032 105 118
109.71900000000032 105 119
110.22000000000033 147 151
110.22000000000033 147 152
110.72100000000033 106 137
110.72100000000033 106 138
111.22200000000034 57 65
111.22200000000034 57 66
111.72300000000034 127 134
111.72300000000034 127 135
112.22400000000034 33 47
112.22400000000034 33 48
112.72500000000035 161 170
112.72500000000035 161 171
113.22600000000035 58 61
113.22600000000035 58 62
113.72700000000036 35 51
113.72700000000036 35 52
114.22800000000036 98 114
114.22800000000036 98 115
114.72900000000037 58 65
114.72900000000037 58 66
115.23000000000037 98 104
115.23000000000037 98 105
115.73100000000038 14 25
115.73100000000038 14 26
116.23200000000038 67 75
116.23200000000038 67 76
116.73300000000039 56 60
116.73300000000039 56 61
117.23400000000039 67 81
117.23400000000039 67 97
117.7350000000004 140 142
117.7350000000004 141 142
118.2360000000004 178 184
118.2360000000004 178 185
118.7370000000004 32 43
118.7370000000004 32 44
119.23800000000041 28 49
119.23800000000041 28 50
119.73900000000042 68 77
119.73900000000042 68 78
120.24000000000042 153 156
120.24000000000042 154 155
120.74100000000043 68 81
120.74100000000043 69 70
121.24200000000043 61 63
121.24200000000043 61 64
121.74300000000044 70 74
121.74300000000044 70 75
122.24400000000044 152 155
122.24400000000044 152 156
122.74500000000045 175 183
122.74500000000045 175 184
123.24600000000045 173 184
123.24600000000045 173 185
123.74700000000045 123 137
123.74700000000045 123 138
124.24800000000046 184 187
124.24800000000046 184 188
124.74900000000046 121 141
124.74900000000046 121 142
125.25000000000047 142 143
125.25000000000047 143 144
125.75100000000047 121 143
125.75100000000047 122 123
126.25200000000048 31 45
126.25200000000048 31 46
126.75300000000048 0 1
126.75300000000048 0 9
127.25400000000049 109 116
127.25400000000049 109 117
127.75500000000049 125 143
127.75500000000049 126 127
128.2560000000005 68 75
128.2560000000005 68 76
128.75700000000052 103 135
128.75700000000052 103 136
129.25800000000052 98 138
129.25800000000052 98 139
129.75900000000053 59 60
129.75900000000053 59 61
130.26000000000053 29 51
130.26000000000053 29 52
130.76100000000054 163 166
130.76100000000054 163 167
131.26200000000054 80 81
131.26200000000054 81 82
131.76300000000055 83 97
131.76300000000055 84 85
132.26400000000055 3 4
132.26400000000055 3 7
132.76500000000055 100 123
132.76500000000055 100 134
133.26600000000056 85 86
133.26600000000056 85 87
133.76700000000056 128 135
133.76700000000056 128 136
134.26800000000057 35 43
134.26800000000057 35 44
134.76900000000057 159 171
134.76900000000057 159 172
135.27000000000058 129 131
135.27000000000058 129 132
135.77100000000058 71 76
135.77100000000058 71 77
136.2720000000006 100 119
136.2720000000006 100 120
136.7730000000006 138 139
136.7730000000006 138 140
137.2740000000006 68 71
137.2740000000006 68 72
137.7750000000006 127 142
137.7750000000006 127 143
138.2760000000006 87 91
138.2760000000006 87 92
138.7770000000006 107 113
138.7770000000006 107 114
139.27800000000062 107 117
139.27800000000062 107 118
139.77900000000062 68 73
139.77900000000062 68 74
140.28000000000063 71 72
140.28000000000063 71 73
140.78100000000063 98 106
140.78100000000063 98 107
141.28200000000064 103 115
141.28200000000064 103 116
141.78300000000064 0 12
141.78300000000064 0 13
142.28400000000065 152 153
142.28400000000065 152 154
142.78500000000065 47 48
142.78500000000065 47 49
143.28600000000066 175 185
143.28600000000066 175 186
143.78700000000066 57 59
143.78700000000066 57 60
144.28800000000066 158 166
144.28800000000066 158 167
144.78900000000067 172 187
144.78900000000067 172 188
145.29000000000067 84 96
145.29000000000067 84 97
145.79100000000068 178 182
145.79100000000068 178 183
146.29200000000068 159 163
146.29200000000068 159 164
146.7930000000007 98 124
146.7930000000007 98 133
147.2940000000007 75 77
147.2940000000007 75 78
147.7950000000007 175 177
147.7950000000007 175 178
148.2960000000007 189 195
148.2960000000007 189 196
148.7970000000007 87 89
148.7970000000007 87 90
149.2980000000007 100 107
149.2980000000007 100 114
149.79900000000072 128 131
149.79900000000072 128 132
150.30000000000072 108 109
150.30000000000072 108 113
150.80100000000073 126 136
150.80100000000073 126 137
151.30200000000073 128 133
151.30200000000073 128 134
151.80300000000074 83 93
151.80300000000074 83 94
152.30400000000074 36 42
152.30400000000074 36 43
152.80500000000075 119 141
152.80500000000075 119 142
153.30600000000075 15 16
153.30600000000075 15 24
153.80700000000076 124 139
153.80700000000076 124 140
154.30800000000076 111 116
154.30800000000076 112 113
154.80900000000076 97 171
154.80900000000076 97 172
155.31000000000077 124 135
155.31000000000077 124 136
155.81100000000077 89 92
155.81100000000077 89 93
156.31200000000078 89 96
156.31200000000078 89 97
156.81300000000078 45 46
156.81300000000078 45 50
157.3140000000008 172 185
157.3140000000008 172 186
157.8150000000008 5 11
157.8150000000008 6 7
158.3160000000008 161 166
158.3160000000008 161 167
158.8170000000008 56 62
158.8170000000008 56 63
159.3180000000008 161 172
159.3180000000008 162 163
159.8190000000008 131 133
159.8190000000008 132 133
160.32000000000082 73 79
160.32000000000082 73 80
160.82100000000082 158 168
160.82100000000082 158 169
161.32200000000083 149 150
161.32200000000083 149 151
161.82300000000083 99 136
161.82300000000083 99 137
162.32400000000084 127 128
162.32400000000084 127 131
162.82500000000084 59 64
162.82500000000084 59 65
163.32600000000085 149 154
163.32600000000085 149 155
163.82700000000085 99 134
163.82700000000085 99 135
164.32800000000086 21 23
164.32800000000086 21 24
164.82900000000086 174 176
164.82900000000086 174 177
165.33000000000087 170 171
165.33000000000087 171 172
165.83100000000087 67 77
165.83100000000087 67 78
166.33200000000087 125 141
166.33200000000087 125 142
166.83300000000088 101 122
166.83300000000088 101 134
167.33400000000088 57 63
167.33400000000088 57 64
167.8350000000009 160 165
167.8350000000009 160 166
168.3360000000009 144 154
168.3360000000009 144 155
168.8370000000009 100 101
168.8370000000009 100 102
169.3380000000009 53 63
169.3380000000009 53 64
169.8390000000009 105 120
169.8390000000009 105 136
170.3400000000009 98 171
170.3400000000009 98 172
170.84100000000092 1 2
170.84100000000092 1 8
171.34200000000092 108 118
171.34200000000092 108 142
171.84300000000093 103 143
171.84300000000093 104 105
172.34400000000093 90 95
172.34400000000093 90 96
172.84500000000094 15 53
172.84500000000094 16 17
173.34600000000094 73 77
173.34600000000094 73 78
173.84700000000095 160 169
173.84700000000095 160 170
174.34800000000095 164 169
174.34800000000095 164 170
174.84900000000096 3 12
174.84900000000096 4 5
175.35000000000096 100 117
175.35000000000096 100 118
175.85100000000097 1 47
175.85100000000097 1 48
176.35200000000097 119 137
176.35200000000097 119 138
176.85300000000097 32 45
176.85300000000097 32 46
177.35400000000098 0 50
177.35400000000098 0 51
177.85500000000098 162 166
177.85500000000098 162 167
178.356000000001 103 104
178.356000000001 103 105
178.857000000001 56 64
178.857000000001 56 65
179.358000000001 147 149
179.358000000001 147 150
179.859000000001 174 184
179.859000000001 174 185
180.360000000001 0 52
180.360000000001 0 53
180.861000000001 98 140
180.861000000001 98 141
181.36200000000102 99 172
181.36200000000102 99 188
181.86300000000102 32 49
181.86300000000102 32 50
182.36400000000103 18 24
182.36400000000103 18 25
182.86500000000103 123 141
182.86500000000103 123 142
183.36600000000104 157 172
183.36600000000104 157 188
183.86700000000104 90 93
183.86700000000104 90 94
184.36800000000105 46 51
184.36800000000105 46 52
184.86900000000105 62 63
184.86900000000105 62 64
185.37000000000106 180 185
185.37000000000106 180 186
185.87100000000106 99 140
185.87100000000106 99 141
186.37200000000107 130 134
186.37200000000107 131 132
186.87300000000107 19 24
186.87300000000107 19 25
187.37400000000108 77 78
187.37400000000108 77 79
187.87500000000108 13 49
187.87500000000108 13 50
188.37600000000108 32 47
188.37600000000108 32 48
188.8770000000011 84 92
188.8770000000011 84 93
189.3780000000011 99 142
189.3780000000011 99 143
189.8790000000011 38 44
189.8790000000011 38 45
190.3800000000011 105 137
190.3800000000011 105 138
190.8810000000011 173 176
190.8810000000011 173 177
191.3820000000011 121 135
191.3820000000011 121 136
191.88300000000112 192 196
191.88300000000112 192 197
192.38400000000112 10 11
192.38400000000112 11 12
192.88500000000113 87 97
192.88500000000113 88 89
193.38600000000113 103 117
193.38600000000113 103 118
193.88700000000114 144 156
193.88700000000114 144 157
194.38800000000114 83 85
194.38800000000114 83 86
194.88900000000115 181 184
194.88900000000115 181 185
195.39000000000115 173 180
195.39000000000115 173 181
195.89100000000116 55 59
195.89100000000116 55 60
196.39200000000116 150 151
196.39200000000116 150 152
196.89300000000117 102 115
196.89300000000117 102 116
197.39400000000117 55 61
197.39400000000117 55 62
197.89500000000118 174 180
197.89500000000118 174 181
198.39600000000118 72 73
198.39600000000118 72 74
198.89700000000119 68 79
198.89700000000119 68 80
199.3980000000012 160 167
199.3980000000012 160 168
199.8990000000012 99 115
199.8990000000012 99 116
200.4000000000012 122 142
200.4000000000012 122 143
200.9010000000012 106 141
200.9010000000012 106 142
201.4020000000012 163 168
201.4020000000012 163 169
201.9030000000012 173 174
201.9030000000012 173 175
202.40400000000122 159 165
202.40400000000122 159 166
202.90500000000122 35 36
202.90500000000122 35 42
203.40600000000123 162 170
203.40600000000123 162 171
203.90700000000123 189 199
203.90700000000123 190 191
204.40800000000124 193 197
204.40800000000124 194 195
204.90900000000124 144 172
204.90900000000124 144 188
205.41000000000125 178 180
205.41000000000125 178 181
205.91100000000125 103 141
205.91100000000125 103 142
206.41200000000126 33 45
206.41200000000126 33 46
206.91300000000126 33 43
206.91300000000126 33 44
207.41400000000127 14 27
207.41400000000127 14 28
207.91500000000127 136 140
207.91500000000127 136 141
208.41600000000128 37 40
208.41600000000128 37 41
208.91700000000128 176 179
208.91700000000128 176 180
209.41800000000129 153 154
209.41800000000129 153 155
209.9190000000013 191 196
209.9190000000013 191 197
210.4200000000013 196 197
210.4200000000013 197 198
210.9210000000013 151 153
210.9210000000013 151 154
211.4220000000013 129 133
211.4220000000013 129 134
211.9230000000013 83 89
211.9230000000013 83 90
212.4240000000013 84 86
212.4240000000013 84 87
212.92500000000132 7 9
212.92500000000132 7 10
213.42600000000132 98 134
213.42600000000132 98 135
213.92700000000133 85 92
213.92700000000133 85 93
214.42800000000133 48 50
214.42800000000133 48 51
214.92900000000134 119 143
214.92900000000134 120 121
215.43000000000134 145 156
215.43000000000134 145 157
215.93100000000135 81 97
215.93100000000135 82 83
216.43200000000135 172 181
216.43200000000135 172 182
216.93300000000136 181 182
216.93300000000136 181 183
217.43400000000136 76 77
217.43400000000136 76 78
217.93500000000137 188 189
217.93500000000137 189 190
218.43600000000137 125 133
218.43600000000137 125 134
218.93700000000138 172 173
218.93700000000138 172 180
219.43800000000138 98 118
219.43800000000138 98 119
219.93900000000139 2 10
219.93900000000139 2 11
220.4400000000014 92 94
220.4400000000014 92 95
220.9410000000014 60 66
220.9410000000014 61 62
221.4420000000014 198 199
221.9430000000014 120 141
221.9430000000014 120 142
222.4440000000014 58 59
222.4440000000014 58 60
222.94500000000141 109 118
222.94500000000141 110 111
223.44600000000142 123 135
223.44600000000142 123 136
223.94700000000142 114 115
223.94700000000142 115 116
224.44800000000143 174 178
224.44800000000143 174 179
224.94900000000143 146 149
224.94900000000143 146 150
225.45000000000144 81 93
225.45000000000144 81 94
225.95100000000144 4 8
225.95100000000144 4 9
226.45200000000145 47 50
226.45200000000145 47 51
226.95300000000145 101 139
226.95300000000145 101 140
227.45400000000146 149 152
227.45400000000146 149 153
227.95500000000146 70 72
227.95500000000146 70 73
228.45600000000147 2 8
228.45600000000147 2 9
228.95700000000147 54 67
228.95700000000147 55 56
229.45800000000148 173 186
229.45800000000148 173 187
229.95900000000148 147 157
229.95900000000148 148 149
230.4600000000015 148 156
230.4600000000015 148 157
230.9610000000015 30 46
230.9610000000015 30 47
231.4620000000015 163 164
231.4620000000015 163 165
231.9630000000015 111 114
231.9630000000015 111 115
232.4640000000015 83 87
232.4640000000015 83 88
232.9650000000015 14 52
232.9650000000015 14 53
233.46600000000151 0 29
233.46600000000151 0 45
233.96700000000152 55 65
233.96700000000152 55 66
234.46800000000152 6 8
234.46800000000152 6 9
234.96900000000153 91 93
234.96900000000153 91 94
235.47000000000153 191 194
235.47000000000153 191 195
235.97100000000154 194 196
235.97100000000154 195 196
236.47200000000154 98 108
236.47200000000154 98 113
236.97300000000155 162 164
236.97300000000155 162 165
237.47400000000155 128 129
237.47400000000155 128 130
237.97500000000156 105 106
237.97500000000156 105 115
238.47600000000156 137 142
238.47600000000156 137 143
238.97700000000157 102 136
238.97700000000157 102 137
239.47800000000157 91 95
239.47800000000157 91 96
239.97900000000158 160 163
239.97900000000158 160 164
240.48000000000158 15 27
240.48000000000158 15 28
240.9810000000016 107 142
240.9810000000016 107 143
241.4820000000016 83 95
241.4820000000016 83 96
241.9830000000016 120 137
241.9830000000016 120 138
242.4840000000016 124 133
242.4840000000016 124 134
242.9850000000016 125 139
242.9850000000016 125 140
243.4860000000016 47 52
243.4860000000016 48 49
243.98700000000161 174 186
243.98700000000161 174 187
244.48800000000162 38 42
244.48800000000162 38 43
244.98900000000162 103 139
244.98900000000162 103 140
245.49000000000163 16 27
245.49000000000163 16 28
245.99100000000163 49 51
245.99100000000163 50 51
246.49200000000164 150 157
246.49200000000164 151 152
246.99300000000164 72 81
246.99300000000164 73 74
247.49400000000165 109 114
247.49400000000165 109 115
247.99500000000165 29 53
247.99500000000165 30 31
248.49600000000166 177 178
248.49600000000166 177 179
248.99700000000166 82 97
248.99700000000166 83 84
249.49800000000167 30 50
249.49800000000167 30 51
249.99900000000167 178 188
249.99900000000167 179 180
250.50000000000168 62 65
250.50000000000168 63 64
251.00100000000168 70 80
251.00100000000168 70 81
251.5020000000017 180 187
251.5020000000017 180 188
252.0030000000017 86 87
252.0030000000017 86 88
252.5040000000017 34 46
252.5040000000017 34 47
253.0050000000017 146 153
253.0050000000017 146 154
253.5060000000017 100 135
253.5060000000017 100 136
254.0070000000017 147 155
254.0070000000017 147 156
254.50800000000172 137 140
254.50800000000172 137 141
255.00900000000172 128 141
255.00900000000172 128 142
255.51000000000172 82 91
255.51000000000172 82 92
256.0110000000017 27 52
256.0110000000017 27 53
256.51200000000165 102 119
256.51200000000165 102 120
257.0130000000016 34 44
257.0130000000016 34 45
257.5140000000016 45 51
257.5140000000016 45 52
258.0150000000016 184 185
258.0150000000016 184 186
258.51600000000155 17 27
258.51600000000155 17 28
259.01700000000153 36 44
259.01700000000153 36 45
259.5180000000015 167 168
259.5180000000015 167 169
260.0190000000015 190 198
260.0190000000015 190 199
260.52000000000146 13 45
260.52000000000146 13 46
261.02100000000144 28 53
261.02100000000144 29 30
261.5220000000014 103 119
261.5220000000014 103 120
262.0230000000014 126 140
262.0230000000014 126 141
262.52400000000137 35 45
262.52400000000137 35 46
263.02500000000134 12 13
263.02500000000134 13 14
263.5260000000013 75 79
263.5260000000013 75 80
264.0270000000013 100 115
264.0270000000013 100 116
264.52800000000127 101 135
264.52800000000127 101 136
265.02900000000125 136 142
265.02900000000125 136 143
265.5300000000012 39 44
265.5300000000012 40 41
266.0310000000012 161 164
266.0310000000012 161 165
266.5320000000012 166 168
266.5320000000012 166 169
267.03300000000115 32 51
267.03300000000115 32 52
267.53400000000113 83 91
267.53400000000113 83 92
268.0350000000011 101 116
268.0350000000011 101 117
268.5360000000011 31 47
268.5360000000011 31 48
269.03700000000106 176 181
269.03700000000106 176 182
269.53800000000103 84 94
269.53800000000103 84 95
270.039000000001 149 156
270.039000000001 149 157
270.540000000001 100 137
270.540000000001 100 138
271.04100000000096 35 47
271.04100000000096 35 48
271.54200000000094 19 20
271.54200000000094 19 21
272.0430000000009 28 51
272.0430000000009 28 52
272.5440000000009 158 164
272.5440000000009 158 165
273.04500000000087 67 68
273.04500000000087 67 74
273.54600000000084 145 152
273.54600000000084 145 153
274.0470000000008 183 187
274.0470000000008 183 188
274.5480000000008 86 97
274.5480000000008 87 88
275.0490000000008 51 52
275.0490000000008 52 53
275.55000000000075 32 53
275.55000000000075 33 34
276.0510000000007 177 184
276.0510000000007 177 185
276.5520000000007 105 141
276.5520000000007 105 142
277.0530000000007 106 118
277.0530000000007 106 119
277.55400000000066 175 179
277.55400000000066 175 180
278.05500000000063 99 121
278.05500000000063 99 122
278.5560000000006 154 156
278.5560000000006 155 156
279.0570000000006 176 187
279.0570000000006 176 188
279.55800000000056 36 52
279.55800000000056 37 38
280.05900000000054 144 152
280.05900000000054 144 153
280.5600000000005 19 22
280.5600000000005 19 23
281.0610000000005 13 28
281.0610000000005 13 29
281.56200000000047 106 139
281.56200000000047 106 140
282.06300000000044 107 140
282.06300000000044 107 141
282.5640000000004 99 144
282.5640000000004 99 157
283.0650000000004 70 76
283.0650000000004 70 77
283.5660000000004 124 141
283.5660000000004 124 142
284.06700000000035 192 194
284.06700000000035 192 195
284.5680000000003 102 106
284.5680000000003 102 114
285.0690000000003 60 62
285.0690000000003 60 63
285.5700000000003 157 170
285.5700000000003 157 171
286.07100000000025 126 142
286.07100000000025 126 143
286.57200000000023 61 65
286.57200000000023 61 66
287.0730000000002 88 92
287.0730000000002 88 93
287.5740000000002 2 12
287.5740000000002 2 13
288.07500000000016 174 182
288.07500000000016 174 183
288.57600000000014 145 146
288.57600000000014 145 147
289.0770000000001 107 119
289.0770000000001 107 139
289.5780000000001 15 51
289.5780000000001 15 52
290.07900000000006 148 150
290.07900000000006 148 151
290.58000000000004 63 65
290.58000000000004 64 65
291.081 105 143
291.081 106 107
291.582 145 154
291.582 145 155
292.08299999999997 102 142
292.08299999999997 102 143
292.58399999999995 89 94
292.58399999999995 89 95
293.0849999999999 71 80
293.0849999999999 71 81
293.5859999999999 145 148
293.5859999999999 145 149
294.0869999999999 54 63
294.0869999999999 54 64
294.58799999999985 30 44
294.58799999999985 30 45
295.0889999999998 177 186
295.0889999999998 177 187
295.5899999999998 54 61
295.5899999999998 54 62
296.0909999999998 173 188
296.0909999999998 174 175
296.59199999999976 29 47
296.59199999999976 29 48
297.09299999999973 36 50
297.09299999999973 36 51
297.5939999999997 37 52
297.5939999999997 38 39
298.0949999999997 98 102
298.0949999999997 98 103
298.59599999999966 173 182
298.59599999999966 173 183
299.09699999999964 57 61
299.09699999999964 57 62
299.5979999999996 139 140
299.5979999999996 139 141
300.0989999999996 101 106
300.0989999999996 101 107
300.59999999999957 14 29
300.59999999999957 14 45
301.10099999999954 97 98
301.10099999999954 97 141
301.6019999999995 1 9
301.6019999999995 1 10
302.1029999999995 4 12
302.1029999999995 5 6
302.6039999999995 165 171
302.6039999999995 166 167
303.10499999999945 191 198
303.10499999999945 192 193
303.6059999999994 84 90
303.6059999999994 84 91
304.1069999999994 86 93
304.1069999999994 86 94
304.6079999999994 127 132
304.6079999999994 127 133
305.10899999999936 130 132
305.10899999999936 130 133
305.60999999999933 191 192
305.60999999999933 191 193
306.1109999999993 88 96
306.1109999999993 88 97
306.6119999999993 164 167
306.6119999999993 164 168
307.11299999999926 101 120
307.11299999999926 101 121
307.61399999999924 101 102
307.61399999999924 101 103
308.1149999999992 120 139
308.1149999999992 120 140
308.6159999999992 86 89
308.6159999999992 86 90
309.11699999999917 54 59
309.11699999999917 54 60
309.61799999999914 180 181
309.61799999999914 180 182
310.1189999999991 189 193
310.1189999999991 189 194
310.6199999999991 89 90
310.6199999999991 89 91
311.12099999999907 98 136
311.12099999999907 98 137
311.62199999999905 43 44
311.62199999999905 44 45
312.122999999999 14 46
312.122999999999 14 47
312.623999999999 82 85
312.623999999999 82 86
313.124999999999 100 105
313.124999999999 100 106
313.62599999999895 129 135
313.62599999999895 130 131
314.12699999999893 95 96
314.12699999999893 96 97
314.6279999999989 158 172
314.6279999999989 159 160
315.1289999999989 39 42
315.1289999999989 39 43
315.62999999999886 123 143
315.62999999999886 124 125
316.13099999999883 13 47
316.13099999999883 13 48
316.6319999999988 73 81
316.6319999999988 74 75
317.1329999999988 102 104
317.1329999999988 102 105
317.63399999999876 14 50
317.63399999999876 14 51
318.13499999999874 180 183
318.13499999999874 180 184
318.6359999999987 150 155
318.6359999999987 150 156
319.1369999999987 34 50
319.1369999999987 34 51
319.63799999999867 93 96
319.63799999999867 93 97
320.13899999999865 86 95
320.13899999999865 86 96
320.6399999999986 99 119
320.6399999999986 99 120
321.1409999999986 53 97
321.1409999999986 54 55
321.6419999999986 102 138
321.6419999999986 102 139
322.14299999999855 88 90
322.14299999999855 88 91
322.6439999999985 69 71
322.6439999999985 69 72
323.1449999999985 122 140
323.1449999999985 122 141
323.6459999999985 138 141
323.6459999999985 138 142
324.14699999999846 98 144
324.14699999999846 98 157
324.64799999999843 37 44
324.64799999999843 37 45
325.1489999999984 148 154
325.1489999999984 148 155
325.6499999999984 56 58
325.6499999999984 56 59
326.15099999999836 31 53
326.15099999999836 32 33
326.65199999999834 69 73
326.65199999999834 69 74
327.1529999999983 193 195
327.1529999999983 193 196
327.6539999999983 98 188
327.6539999999983 99 100
328.15499999999827 0 10
328.15499999999827 0 11
328.65599999999824 69 77
328.65599999999824 69 78
329.1569999999982 34 42
329.1569999999982 34 43
329.6579999999982 84 88
329.6579999999982 84 89
330.1589999999982 177 188
330.1589999999982 178 179
330.65999999999815 30 52
330.65999999999815 30 53
331.1609999999981 179 181
331.1609999999981 179 182
331.6619999999981 59 66
331.6619999999981 60 61
332.1629999999981 33 51
332.1629999999981 33 52
332.66399999999805 123 139
332.66399999999805 123 140
333.16499999999803 102 121
333.16499999999803 102 135
333.665999999998 71 74
333.665999999998 71 75
334.166999999998 16 48
334.166999999998 16 49
334.66799999999796 165 169
334.66799999999796 165 170
335.16899999999794 121 137
335.16899999999794 121 138
335.6699999999979 146 157
335.6699999999979 147 148
336.1709999999979 122 138
336.1709999999979 122 139
336.67199999999787 119 120
336.67199999999787 119 136
337.17299999999784 127 136
337.17299999999784 127 137
337.6739999999978 167 170
337.6739999999978 167 171
338.1749999999978 69 79
338.1749999999978 69 80
338.67599999999777 87 95
338.67599999999777 87 96
339.17699999999775 22 24
339.17699999999775 23 24
339.6779999999977 137 138
339.6779999999977 137 139
340.1789999999977 190 196
340.1789999999977 190 197
340.6799999999977 172 183
340.6799999999977 172 184
341.18099999999765 17 50
341.18099999999765 17 51
341.68199999999763 69 75
341.68199999999763 69 76
342.1829999999976 0 27
342.1829999999976 0 28
342.6839999999976 168 169
342.6839999999976 168 170
343.18499999999756 103 137
343.18499999999756 103 138
343.68599999999753 146 151
343.68599999999753 146 152
344.1869999999975 100 121
344.1869999999975 100 122
344.6879999999975 90 97
344.6879999999975 91 92
345.18899999999746 35 49
345.18899999999746 35 50
345.68999999999744 85 96
345.68999999999744 85 97
346.1909999999974 15 47
346.1909999999974 15 48
346.6919999999974 112 114
346.6919999999974 112 115
347.19299999999737 133 134
347.19299999999737 134 135
347.69399999999735 86 91
347.69399999999735 86 92
348.1949999999973 151 155
348.1949999999973 151 156
348.6959999999973 118 142
348.6959999999973 118 143
349.1969999999973 110 112
349.1969999999973 110 113
349.69799999999725 181 188
349.69799999999725 182 183
350.1989999999972 101 137
350.1989999999972 101 138
350.6999999999972 39 40
350.6999999999972 39 41
351.2009999999972 70 78
351.2009999999972 70 79
351.70199999999716 16 25
351.70199999999716 16 26
352.20299999999713 177 182
352.20299999999713 177 183
352.7039999999971 17 23
352.7039999999971 17 24
353.2049999999971 1 51
353.2049999999971 1 52
353.70599999999706 164 165
353.70599999999706 164 166
